1500
0 97223 1 2409 1 10 1 0.8
0 163042 2 4284 1 10 0 0.8
0 92002 3 2054 1 1 1 0.8
0 128705 5 2838 1 10 0 0.8
0 99898 5 2742 1 1 0 0.8
0 158850 11 3482 1 10 0 0.8
0 115222 11 3219 1 1 1 0.8
0 155091 13 3840 1 10 1 0.8
0 162593 13 4655 1 1 0 0.8
0 172785 17 5108 1 10 1 0.8
0 94547 17 2169 1 50 0 0.8
0 140815 24 3217 1 10 0 0.8
0 129361 26 2696 1 1 1 0.8
0 131569 31 2863 1 1 1 0.8
0 116715 38 3238 1 50 0 0.8
0 142347 44 3948 1 1 0 0.8
0 70377 57 2061 1 50 1 0.8
0 83428 59 2225 1 10 0 0.8
0 60271 62 1449 1 1 0 0.8
0 133108 62 3416 1 1 0 0.8
0 87838 66 1862 1 1 0 0.8
0 98321 67 2721 1 1 0 0.8
0 115384 68 3047 1 1 1 0.8
0 79996 71 2393 1 10 0 0.8
0 178824 80 4367 1 1 0 0.8
0 145092 86 3023 1 50 0 0.8
0 100466 87 2534 1 10 0 0.8
0 115132 87 3092 1 1 1 0.8
0 138193 89 3501 1 50 0 0.8
0 126438 92 3134 1 1 1 0.8
0 61699 93 1560 1 1 1 0.8
0 171853 93 3798 1 50 1 0.8
0 94310 95 2252 1 1 1 0.8
0 75247 96 1858 1 10 1 0.8
0 124988 99 3642 1 1 1 0.8
0 70711 100 1586 1 10 1 0.8
0 77961 101 2190 1 1 0 0.8
0 63981 101 1830 1 1 0 0.8
0 125322 104 3266 1 10 0 0.8
0 106778 105 2528 1 50 0 0.8
0 108167 107 2295 1 1 1 0.8
0 164009 112 4354 1 1 0 0.8
0 149948 115 3847 1 10 1 0.8
0 62920 116 1861 1 10 1 0.8
0 90468 122 2083 1 1 0 0.8
0 144473 122 3515 1 1 1 0.8
0 105184 126 2422 1 1 0 0.8
0 82631 130 2208 1 1 0 0.8
0 148566 131 3551 1 10 0 0.8
0 95501 134 2643 1 1 0 0.8
0 102655 135 2543 1 1 1 0.8
0 174705 144 4592 1 1 0 0.8
0 79799 147 1724 1 1 1 0.8
0 81359 147 2383 1 1 0 0.8
0 89086 147 1838 1 1 0 0.8
0 178929 150 5238 1 1 1 0.8
0 61408 152 1637 1 1 0 0.8
0 178544 154 3852 1 1 0 0.8
0 89899 156 1883 1 10 0 0.8
0 73366 157 1857 1 10 0 0.8
0 64881 164 1404 1 1 0 0.8
0 176601 170 5128 1 1 0 0.8
0 75344 171 2046 1 1 0 0.8
0 88937 179 2530 1 50 0 0.8
0 63389 180 1879 1 1 0 0.8
0 141680 180 3954 1 1 1 0.8
0 123431 181 3210 1 1 1 0.8
0 146374 181 3833 1 1 0 0.8
0 83147 186 1792 1 1 1 0.8
0 171945 187 4965 1 50 1 0.8
0 81990 188 2016 1 10 0 0.8
0 139738 189 2886 1 1 1 0.8
0 170663 192 3747 1 1 0 0.8
0 120103 193 3281 1 1 1 0.8
0 127125 194 2789 1 50 1 0.8
0 179487 200 5040 1 1 0 0.8
0 71330 201 1821 1 10 1 0.8
0 93563 203 2382 1 10 0 0.8
0 168549 203 4281 1 1 0 0.8
0 124743 204 2533 1 1 0 0.8
0 89495 206 2644 1 10 1 0.8
0 139796 207 3018 1 50 0 0.8
0 167190 210 3425 1 10 0 0.8
0 111396 210 2580 1 10 1 0.8
0 126360 210 3440 1 50 1 0.8
0 74334 211 2191 1 1 1 0.8
0 152727 212 3090 1 10 1 0.8
0 61339 218 1493 1 1 0 0.8
0 104405 219 2240 1 1 1 0.8
0 166544 220 4911 1 1 0 0.8
0 150119 225 4440 1 1 0 0.8
0 71451 225 1447 1 1 0 0.8
0 162807 227 3831 1 1 1 0.8
0 147695 231 4092 1 1 1 0.8
0 124101 232 3304 1 1 0 0.8
0 112529 233 2337 1 1 1 0.8
0 161378 236 3655 1 10 0 0.8
0 179922 238 3805 1 1 0 0.8
0 74432 239 2125 1 1 1 0.8
0 79743 239 2341 1 10 1 0.8
0 167544 240 4243 1 1 1 0.8
0 136190 245 2747 1 1 0 0.8
0 147352 249 4302 1 10 0 0.8
0 139854 250 3359 1 1 0 0.8
0 167204 253 4948 1 10 1 0.8
0 66546 260 1861 1 1 1 0.8
0 172683 260 4076 1 10 1 0.8
0 60996 261 1514 1 10 0 0.8
0 176937 262 4769 1 10 1 0.8
0 166060 264 3660 1 10 0 0.8
0 81398 265 1769 1 10 0 0.8
0 84595 266 2166 1 1 1 0.8
0 158801 267 4376 1 1 1 0.8
0 101011 267 2686 1 1 1 0.8
0 67758 268 1569 1 1 1 0.8
0 133496 268 3748 1 50 0 0.8
0 106438 285 2363 1 1 0 0.8
0 125585 287 2890 1 10 1 0.8
0 111810 288 3298 1 50 0 0.8
0 170941 291 4682 1 1 0 0.8
0 100903 292 2549 1 10 0 0.8
0 159510 293 3929 1 1 0 0.8
0 95174 293 2002 1 1 1 0.8
0 102948 294 2991 1 10 0 0.8
0 123367 295 3107 1 1 0 0.8
0 152872 296 3899 1 1 0 0.8
0 152555 296 3725 1 1 1 0.8
0 76265 297 2279 1 10 0 0.8
0 112474 297 2790 1 10 1 0.8
0 69012 298 1792 1 1 0 0.8
0 83649 299 1954 1 1 0 0.8
0 68382 302 1712 1 10 1 0.8
0 89577 303 2581 1 50 1 0.8
0 128620 305 2625 1 1 1 0.8
0 93189 309 2632 1 10 0 0.8
0 93598 309 2353 1 1 1 0.8
0 154496 314 3573 1 10 0 0.8
0 86191 314 2424 1 1 1 0.8
0 125341 315 2614 1 1 1 0.8
0 150976 316 4391 1 1 1 0.8
0 137649 316 3241 1 1 1 0.8
0 125218 318 3398 1 10 1 0.8
0 167029 319 4017 1 10 1 0.8
0 107234 319 2165 1 1 0 0.8
0 178622 321 3886 1 1 0 0.8
0 109516 326 3022 1 1 0 0.8
0 105452 327 2349 1 10 0 0.8
0 94246 330 2587 1 10 0 0.8
0 171010 330 3923 1 10 0 0.8
0 101274 330 2299 1 1 0 0.8
0 163273 332 3418 1 1 1 0.8
0 171183 332 5056 1 1 1 0.8
0 148815 340 3401 1 50 0 0.8
0 91449 341 2106 1 50 0 0.8
0 134161 342 3856 1 1 0 0.8
0 68404 345 1919 1 50 1 0.8
0 174147 351 4094 1 10 0 0.8
0 171740 351 4602 1 1 1 0.8
0 102580 351 2940 1 1 0 0.8
0 131114 353 2894 1 1 1 0.8
0 124423 354 3219 1 1 0 0.8
0 95958 359 2804 1 1 1 0.8
0 173074 359 5008 1 10 1 0.8
0 102467 360 2420 1 1 1 0.8
0 117337 363 2785 1 10 0 0.8
0 86412 363 1996 1 1 1 0.8
0 179311 363 3617 1 1 1 0.8
0 107719 375 2499 1 10 1 0.8
0 97208 379 2717 1 1 1 0.8
0 112734 381 3161 1 1 1 0.8
0 76057 390 1798 1 1 0 0.8
0 80161 393 1898 1 1 1 0.8
0 83538 394 2189 1 50 1 0.8
0 161130 396 3913 1 1 0 0.8
0 78069 397 1731 1 10 0 0.8
0 176050 404 5157 1 1 0 0.8
0 119826 410 3461 1 1 1 0.8
0 119432 412 2790 1 1 1 0.8
0 78092 414 2084 1 1 1 0.8
0 74788 414 1915 1 1 0 0.8
0 83181 415 2157 1 1 1 0.8
0 110854 417 2533 1 1 0 0.8
0 127664 418 2714 1 1 0 0.8
0 113117 421 2419 1 1 1 0.8
0 111125 423 3236 1 1 1 0.8
0 91525 424 2399 1 10 0 0.8
0 140309 424 3575 1 10 1 0.8
0 97646 426 2727 1 10 0 0.8
0 65939 434 1620 1 1 1 0.8
0 99562 436 2116 1 1 1 0.8
0 111953 440 2500 1 1 1 0.8
0 97115 446 2096 1 1 0 0.8
0 161384 447 4718 1 1 0 0.8
0 77617 448 1570 1 1 0 0.8
0 116922 449 3183 1 10 1 0.8
0 155905 456 4233 1 1 0 0.8
0 125084 459 2999 1 1 1 0.8
0 85634 460 1713 1 1 0 0.8
0 166847 462 3587 1 1 1 0.8
0 109488 470 2938 1 1 1 0.8
0 114043 470 3224 1 1 0 0.8
0 81939 472 1999 1 1 0 0.8
0 110767 473 2903 1 1 0 0.8
0 94200 475 2148 1 50 1 0.8
0 173770 478 4706 1 1 1 0.8
0 144443 479 4109 1 1 0 0.8
0 73075 484 1830 1 1 0 0.8
0 92954 486 2263 1 10 0 0.8
0 81584 494 2340 1 10 1 0.8
0 83258 498 2206 1 50 1 0.8
0 72484 504 2117 1 1 1 0.8
0 89738 507 2602 1 1 1 0.8
0 146042 507 3466 1 1 0 0.8
0 116738 516 3406 1 10 1 0.8
0 66750 517 1353 1 1 0 0.8
0 93692 517 2408 1 1 0 0.8
0 177562 520 5126 1 1 0 0.8
0 124843 523 2551 1 1 0 0.8
0 147721 527 3609 1 1 0 0.8
0 70196 529 1961 1 1 0 0.8
0 158698 531 4418 1 1 1 0.8
0 63857 532 1423 1 10 0 0.8
0 169122 537 3758 1 1 0 0.8
0 89737 539 2304 1 10 0 0.8
0 171975 542 3794 1 1 0 0.8
0 150712 544 3759 1 10 1 0.8
0 60833 546 1620 1 1 0 0.8
0 170064 548 3686 1 10 0 0.8
0 71313 550 1547 1 1 1 0.8
0 170976 552 3977 1 1 1 0.8
0 112270 556 2996 1 1 1 0.8
0 95208 560 2570 1 1 1 0.8
0 62994 578 1538 1 10 0 0.8
0 134501 581 3400 1 1 0 0.8
0 64851 583 1378 1 1 0 0.8
0 137490 584 2976 1 50 1 0.8
0 116010 584 3036 1 1 0 0.8
0 156220 585 3525 1 1 0 0.8
0 123451 587 3025 1 1 1 0.8
0 107311 587 2410 1 1 1 0.8
0 170169 590 4217 1 1 0 0.8
0 61780 592 1499 1 10 1 0.8
0 91476 593 2371 1 10 0 0.8
0 73470 594 1655 1 10 0 0.8
0 63419 595 1877 1 1 1 0.8
0 167627 595 3716 1 1 0 0.8
0 76604 596 1535 1 1 1 0.8
0 151308 598 4043 1 10 0 0.8
0 149101 599 2985 1 1 0 0.8
0 94840 601 2094 1 1 0 0.8
0 95058 603 2818 1 10 0 0.8
0 148784 604 4041 1 10 1 0.8
0 177118 605 5264 1 1 0 0.8
0 168958 616 4315 1 1 1 0.8
0 127466 617 3510 1 10 1 0.8
0 179408 625 5066 1 50 1 0.8
0 111144 627 3184 1 10 1 0.8
0 166963 630 3412 1 1 0 0.8
0 93297 631 1992 1 1 0 0.8
0 151454 642 3703 1 10 1 0.8
0 123539 647 3595 1 10 0 0.8
0 129376 652 3598 1 10 1 0.8
0 152873 659 4344 1 1 0 0.8
0 87440 663 1984 1 1 1 0.8
0 129856 667 2774 1 1 1 0.8
0 97298 669 2752 1 1 1 0.8
0 73144 671 1879 1 10 1 0.8
0 156002 672 3600 1 50 0 0.8
0 112221 673 2958 1 1 0 0.8
0 128165 674 3507 1 1 1 0.8
0 105059 674 2338 1 1 0 0.8
0 121577 677 2886 1 1 0 0.8
0 76809 677 2084 1 10 1 0.8
0 97605 683 2188 1 10 1 0.8
0 87143 684 2067 1 1 1 0.8
0 163709 686 4075 1 1 1 0.8
0 166972 688 4875 1 1 0 0.8
0 137533 690 2877 1 1 1 0.8
0 162639 691 3293 1 1 0 0.8
0 81649 691 1887 1 10 0 0.8
0 109812 700 2499 1 50 0 0.8
0 170079 703 4270 1 1 0 0.8
0 168430 710 4161 1 1 1 0.8
0 88551 710 1862 1 10 1 0.8
0 137696 711 2798 1 10 1 0.8
0 129362 713 3024 1 50 1 0.8
0 65726 714 1375 1 1 1 0.8
0 76233 716 2160 1 1 0 0.8
0 60431 717 1241 1 1 0 0.8
0 140467 719 3317 1 10 0 0.8
0 112953 725 2535 1 1 1 0.8
0 159432 727 3820 1 10 0 0.8
0 104171 733 2426 1 1 0 0.8
0 123909 740 3043 1 1 0 0.8
0 129060 741 3120 1 10 1 0.8
0 119501 742 3404 1 10 1 0.8
0 165833 743 4296 1 50 1 0.8
0 110212 744 2238 1 1 1 0.8
0 126655 746 2770 1 10 1 0.8
0 89158 750 1880 1 1 0 0.8
0 158712 751 4120 1 1 1 0.8
0 93748 751 2361 1 1 1 0.8
0 90661 752 2469 1 1 0 0.8
0 113862 753 2395 1 1 1 0.8
0 133302 758 3940 1 10 1 0.8
0 179884 762 4014 1 1 0 0.8
0 171458 764 4099 1 1 1 0.8
0 131218 768 3072 1 50 0 0.8
0 91183 770 1933 1 10 1 0.8
0 83245 784 2136 1 10 1 0.8
0 132439 785 3716 1 1 0 0.8
0 106370 787 2360 1 10 1 0.8
0 81707 789 1771 1 1 1 0.8
0 102207 790 2601 1 1 0 0.8
0 165497 792 3773 1 10 1 0.8
0 138732 801 2911 1 10 1 0.8
0 63875 803 1799 1 10 0 0.8
0 115157 805 2698 1 1 0 0.8
0 100284 807 2446 1 10 0 0.8
0 159503 807 3982 1 10 0 0.8
0 89181 808 1945 1 1 1 0.8
0 136863 811 2814 1 1 0 0.8
0 175217 815 3914 1 10 1 0.8
0 155414 815 3491 1 10 1 0.8
0 120814 817 3558 1 50 1 0.8
0 74717 819 2020 1 50 1 0.8
0 157537 822 3194 1 1 0 0.8
0 93799 823 2471 1 10 1 0.8
0 167512 825 3886 1 10 0 0.8
0 73445 828 1744 1 1 0 0.8
0 127867 831 3107 1 1 0 0.8
0 156946 831 3505 1 10 0 0.8
0 115540 831 3080 1 1 0 0.8
0 63444 832 1291 1 1 0 0.8
0 121486 834 3181 1 1 0 0.8
0 104977 839 2263 1 10 1 0.8
0 72533 843 1829 1 50 1 0.8
0 168619 847 4345 1 10 1 0.8
0 89567 848 2347 1 1 0 0.8
0 97286 848 2252 1 10 1 0.8
0 137558 852 2751 1 10 1 0.8
0 132335 852 3721 1 10 1 0.8
0 90344 854 2429 1 1 1 0.8
0 130388 854 3799 1 1 1 0.8
0 64085 855 1585 1 10 0 0.8
0 92555 856 2477 1 1 0 0.8
0 165621 857 4493 1 1 1 0.8
0 87341 857 2018 1 1 0 0.8
0 179332 857 3867 1 10 1 0.8
0 124263 857 3341 1 1 1 0.8
0 104157 859 2084 1 10 0 0.8
0 105387 863 2659 1 10 0 0.8
0 161361 867 3553 1 10 1 0.8
0 172993 868 4113 1 1 0 0.8
0 100024 874 2199 1 1 1 0.8
0 64548 875 1618 1 1 1 0.8
0 163371 876 3823 1 1 1 0.8
0 83243 876 2205 1 1 0 0.8
0 115344 880 2492 1 10 0 0.8
0 155396 880 3959 1 1 1 0.8
0 68686 885 1543 1 1 0 0.8
0 126395 889 2870 1 1 1 0.8
0 120692 890 2417 1 10 1 0.8
0 94629 891 2350 1 10 1 0.8
0 134246 898 3998 1 10 0 0.8
0 97089 899 2704 1 10 1 0.8
0 97594 899 2813 1 10 1 0.8
0 143714 900 3262 1 10 1 0.8
0 175219 901 4489 1 10 0 0.8
0 144288 902 2893 1 1 0 0.8
0 90214 903 2114 1 10 0 0.8
0 73949 905 1663 1 1 0 0.8
0 149074 910 4441 1 1 1 0.8
0 166749 911 4702 1 1 1 0.8
0 102690 915 2219 1 10 0 0.8
0 125296 915 3454 1 1 1 0.8
0 156912 917 4127 1 1 1 0.8
0 64291 918 1573 1 1 0 0.8
0 151271 921 4117 1 1 1 0.8
0 157652 932 4274 1 10 0 0.8
0 98209 936 2452 1 1 0 0.8
0 146711 936 4177 1 50 0 0.8
0 125300 937 3462 1 1 0 0.8
0 141714 941 3813 1 1 1 0.8
0 131550 942 3806 1 1 1 0.8
0 171842 962 4123 1 1 1 0.8
0 101530 962 2840 1 1 0 0.8
0 97359 967 2281 1 1 1 0.8
0 67078 967 1908 1 10 0 0.8
0 67576 970 1685 1 10 1 0.8
0 76210 972 1922 1 50 0 0.8
0 90723 974 1827 1 1 1 0.8
0 68084 984 1386 1 1 1 0.8
0 169882 986 4025 1 1 0 0.8
0 151902 987 3845 1 1 1 0.8
0 95938 989 2771 1 10 0 0.8
0 86019 995 1819 1 1 0 0.8
0 135664 996 3122 1 1 0 0.8
0 147850 999 4035 1 50 1 0.8
0 108826 1000 2695 1 1 0 0.8
0 60352 1003 1536 1 1 0 0.8
0 69523 1007 1748 1 1 0 0.8
0 153984 1009 4274 1 10 0 0.8
0 115609 1011 3120 1 50 0 0.8
0 77679 1015 1974 1 10 0 0.8
0 95903 1017 2283 1 1 1 0.8
0 121215 1018 2571 1 10 0 0.8
0 97111 1019 2475 1 1 1 0.8
0 61029 1019 1695 1 1 1 0.8
0 80676 1019 1614 1 10 0 0.8
0 144324 1021 3763 1 1 0 0.8
0 156667 1027 3757 1 10 1 0.8
0 103937 1029 2620 1 1 0 0.8
0 72391 1030 1663 1 10 1 0.8
0 88424 1032 2332 1 50 1 0.8
0 132833 1033 3143 1 1 0 0.8
0 141136 1035 2854 1 1 1 0.8
0 86204 1037 2067 1 1 1 0.8
0 65673 1037 1892 1 1 0 0.8
0 116040 1042 3250 1 1 1 0.8
0 157885 1043 3659 1 10 0 0.8
0 157855 1049 3847 1 10 0 0.8
0 69877 1051 1838 1 10 1 0.8
0 158725 1062 3324 1 10 0 0.8
0 126950 1065 3275 1 50 1 0.8
0 147452 1067 3197 1 10 1 0.8
0 171643 1068 3655 1 1 1 0.8
0 103046 1072 2919 1 1 1 0.8
0 150076 1073 3372 1 1 1 0.8
0 115182 1074 2950 1 1 1 0.8
0 97784 1076 2745 1 10 0 0.8
0 148603 1077 4250 1 10 0 0.8
0 79521 1081 2307 1 1 0 0.8
0 121677 1081 3536 1 10 1 0.8
0 137417 1083 2988 1 1 1 0.8
0 100555 1083 2911 1 10 0 0.8
0 143563 1088 4133 1 10 1 0.8
0 136300 1089 3532 1 1 0 0.8
0 97036 1093 2282 1 1 1 0.8
0 101592 1095 2537 1 50 0 0.8
0 143119 1095 4125 1 10 1 0.8
0 117957 1096 2564 1 50 1 0.8
0 101868 1097 2565 1 10 1 0.8
0 115753 1101 2439 1 1 0 0.8
0 92843 1102 2401 1 1 1 0.8
0 98782 1104 2187 1 1 1 0.8
0 111577 1106 2898 1 50 0 0.8
0 161309 1107 4243 1 1 1 0.8
0 115706 1116 3009 1 1 1 0.8
0 120206 1118 2549 1 50 1 0.8
0 154019 1119 4272 1 1 0 0.8
0 141727 1121 2981 1 1 1 0.8
0 150996 1122 3291 1 1 1 0.8
0 62885 1122 1360 1 1 0 0.8
0 126926 1130 2777 1 1 1 0.8
0 166078 1134 4870 1 10 1 0.8
0 102015 1144 2723 1 1 1 0.8
0 66241 1145 1680 1 1 0 0.8
0 95457 1148 2688 1 1 1 0.8
0 81971 1149 1980 1 1 0 0.8
0 74627 1160 1790 1 50 0 0.8
0 86040 1164 2254 1 1 1 0.8
0 115473 1166 3260 1 10 1 0.8
0 154996 1172 3259 1 1 1 0.8
0 160349 1183 4363 1 1 1 0.8
0 73075 1183 1724 1 10 1 0.8
0 118594 1184 3213 1 50 1 0.8
0 109868 1187 2981 1 10 1 0.8
0 68203 1187 1483 1 1 1 0.8
0 91312 1190 1864 1 10 1 0.8
0 128852 1191 2906 1 1 0 0.8
0 100518 1197 2733 1 1 1 0.8
0 90531 1203 2263 1 10 1 0.8
0 138714 1204 4108 1 10 1 0.8
0 98043 1208 2689 1 1 0 0.8
0 147288 1208 4026 1 10 1 0.8
0 126873 1211 3000 1 10 0 0.8
0 169569 1214 4370 1 1 1 0.8
0 105943 1214 2752 1 50 0 0.8
0 68548 1216 1933 1 10 0 0.8
0 159489 1218 4491 1 1 0 0.8
0 101667 1220 2230 1 1 0 0.8
0 108566 1222 2408 1 1 1 0.8
0 160655 1223 4112 1 10 0 0.8
0 173129 1231 3882 1 1 0 0.8
0 147289 1233 4128 1 1 1 0.8
0 93050 1235 2617 1 1 0 0.8
0 173785 1236 4214 1 1 1 0.8
0 92253 1237 2134 1 1 1 0.8
0 149634 1237 3822 1 1 1 0.8
0 105325 1241 2333 1 10 0 0.8
0 167710 1243 4027 1 1 1 0.8
0 124815 1252 3562 1 1 0 0.8
0 158242 1253 3845 1 50 0 0.8
0 108960 1254 3029 1 1 1 0.8
0 118911 1256 2993 1 1 0 0.8
0 115100 1260 2523 1 10 1 0.8
0 133040 1264 2740 1 1 1 0.8
0 168076 1265 4500 1 1 1 0.8
0 109880 1269 3146 1 1 1 0.8
0 115651 1274 2733 1 10 0 0.8
0 95032 1275 2459 1 1 1 0.8
0 171348 1278 4738 1 1 1 0.8
0 140796 1280 3940 1 10 0 0.8
0 76875 1280 1734 1 1 0 0.8
0 155052 1282 3248 1 1 0 0.8
0 143224 1283 3184 1 1 0 0.8
0 141585 1285 3188 1 10 1 0.8
0 157834 1287 3629 1 50 0 0.8
0 91340 1290 2079 1 10 0 0.8
0 106659 1290 3072 1 1 1 0.8
0 136734 1291 3693 1 1 0 0.8
0 148859 1293 4224 1 1 1 0.8
0 172060 1294 3466 1 1 1 0.8
0 103863 1297 2983 1 1 0 0.8
0 148480 1299 3507 1 1 0 0.8
0 123778 1300 2536 1 50 0 0.8
0 98011 1301 2586 1 1 0 0.8
0 62057 1304 1339 1 10 1 0.8
0 173064 1304 4862 1 50 1 0.8
0 106433 1305 2338 1 50 1 0.8
0 83417 1305 2089 1 1 0 0.8
0 64379 1305 1305 1 10 1 0.8
0 89565 1305 2673 1 1 0 0.8
0 127587 1306 2564 1 1 1 0.8
0 85905 1307 2060 1 10 0 0.8
0 124966 1309 3500 1 1 0 0.8
0 151819 1310 3523 1 1 1 0.8
0 89607 1313 2195 1 10 1 0.8
0 101928 1314 2507 1 1 1 0.8
0 79675 1315 1869 1 1 0 0.8
0 61993 1318 1790 1 1 1 0.8
0 100992 1320 2535 1 1 0 0.8
0 127548 1323 2572 1 10 0 0.8
0 131000 1324 3713 1 10 0 0.8
0 123845 1328 3697 1 1 1 0.8
0 121897 1330 3084 1 10 0 0.8
0 70391 1336 1697 1 1 1 0.8
0 154926 1336 4373 1 1 1 0.8
0 101611 1337 2205 1 50 0 0.8
0 104093 1346 2662 1 10 0 0.8
0 143762 1348 2963 1 50 1 0.8
0 121014 1354 3284 1 10 0 0.8
0 115077 1356 2752 1 10 0 0.8
0 111270 1356 2353 1 1 0 0.8
0 153653 1359 4082 1 10 0 0.8
0 83187 1360 1911 1 10 0 0.8
0 163539 1362 4753 1 1 0 0.8
0 151839 1364 3393 1 10 0 0.8
0 162825 1368 3922 1 1 1 0.8
0 63813 1369 1802 1 10 1 0.8
0 169001 1370 3602 1 10 0 0.8
0 124494 1371 2609 1 1 1 0.8
0 108269 1372 2742 1 50 0 0.8
0 114623 1374 3164 1 10 0 0.8
0 137542 1378 3174 1 1 0 0.8
0 115186 1378 3181 1 50 1 0.8
0 66471 1387 1924 1 10 1 0.8
0 172942 1388 3538 1 10 1 0.8
0 77064 1388 1782 1 1 0 0.8
0 151486 1388 4111 1 10 0 0.8
0 172802 1390 3872 1 1 1 0.8
0 153203 1390 4171 1 1 1 0.8
0 156042 1393 4354 1 10 0 0.8
0 145605 1396 4143 1 1 1 0.8
0 176515 1397 4809 1 1 1 0.8
0 148941 1403 3826 1 10 1 0.8
0 67196 1405 1550 1 10 1 0.8
0 157008 1405 4593 1 50 1 0.8
0 70960 1407 1635 1 10 1 0.8
0 81565 1409 2350 1 1 1 0.8
0 139359 1411 3016 1 1 1 0.8
0 141615 1412 3038 1 1 1 0.8
0 132204 1415 3870 1 10 0 0.8
0 154150 1416 3183 1 10 1 0.8
0 125779 1416 2760 1 1 1 0.8
0 119822 1418 2933 1 10 0 0.8
0 72903 1420 1755 1 1 1 0.8
0 159217 1427 4672 1 1 1 0.8
0 168718 1434 3724 1 10 1 0.8
0 89621 1435 2619 1 10 0 0.8
0 87893 1438 2189 1 10 1 0.8
0 140150 1439 3002 1 1 1 0.8
0 134104 1444 3084 1 1 1 0.8
0 66368 1446 1770 1 1 1 0.8
0 161956 1446 3808 1 1 1 0.8
0 77328 1446 2184 1 1 1 0.8
0 162497 1448 3714 1 10 0 0.8
0 140590 1450 3007 1 1 1 0.8
0 162677 1469 4248 1 10 1 0.8
0 64583 1471 1751 1 1 0 0.8
0 99550 1471 2949 1 1 1 0.8
0 81708 1471 2298 1 1 0 0.8
0 138121 1474 3226 1 10 1 0.8
0 137286 1477 2990 1 10 0 0.8
0 109750 1480 2537 1 1 0 0.8
0 70553 1483 1673 1 1 0 0.8
0 85797 1486 1873 1 10 0 0.8
0 138774 1486 3307 1 1 1 0.8
0 176950 1486 4677 1 1 1 0.8
0 134855 1491 2958 1 1 1 0.8
0 149582 1494 3196 1 1 1 0.8
0 135929 1494 4072 1 10 1 0.8
0 72915 1496 1502 1 1 0 0.8
0 118646 1496 2424 1 1 1 0.8
0 69740 1496 1953 1 10 1 0.8
0 76674 1498 1629 1 10 1 0.8
0 134738 1499 3310 1 10 0 0.8
0 80725 1503 1957 1 10 0 0.8
0 89338 1504 1861 1 50 1 0.8
0 79142 1504 1653 1 1 0 0.8
0 84836 1504 2511 1 10 0 0.8
0 136717 1504 3623 1 10 1 0.8
0 165823 1505 4666 1 10 1 0.8
0 64433 1506 1788 1 1 1 0.8
0 84418 1509 2313 1 50 1 0.8
0 139296 1513 3824 1 1 0 0.8
0 143971 1514 3322 1 1 0 0.8
0 94601 1515 2097 1 1 0 0.8
0 173721 1516 5041 1 1 1 0.8
0 113493 1516 2951 1 10 0 0.8
0 138053 1517 3677 1 10 1 0.8
0 108257 1520 2591 1 1 0 0.8
0 96114 1531 1965 1 10 1 0.8
0 109266 1534 2534 1 10 1 0.8
0 122361 1535 2501 1 1 0 0.8
0 158613 1535 4698 1 10 1 0.8
0 164189 1536 3569 1 10 0 0.8
0 140460 1537 4025 1 1 1 0.8
0 172283 1538 4191 1 1 1 0.8
0 119871 1538 3218 1 50 0 0.8
0 126343 1539 3354 1 10 0 0.8
0 88204 1550 2176 1 1 0 0.8
0 134218 1554 2723 1 10 0 0.8
0 106940 1559 2821 1 1 0 0.8
0 144458 1563 3506 1 10 1 0.8
0 94151 1563 2294 1 10 1 0.8
0 150069 1565 3509 1 10 1 0.8
0 124086 1566 3374 1 1 1 0.8
0 61820 1570 1242 1 10 1 0.8
0 177187 1576 5023 1 1 0 0.8
0 118112 1578 2587 1 10 0 0.8
0 90136 1580 2158 1 1 0 0.8
0 89037 1581 1981 1 1 1 0.8
0 100460 1585 3001 1 10 0 0.8
0 150236 1589 3849 1 50 1 0.8
0 137294 1593 2837 1 1 0 0.8
0 100407 1595 2492 1 1 0 0.8
0 129235 1597 2681 1 1 1 0.8
0 171507 1599 4919 1 1 1 0.8
0 139812 1603 3643 1 1 1 0.8
0 77345 1604 2020 1 1 0 0.8
0 115130 1604 3028 1 10 1 0.8
0 177395 1605 4560 1 10 0 0.8
0 143668 1606 3365 1 1 0 0.8
0 163591 1608 3594 1 1 0 0.8
0 98484 1608 2502 1 1 1 0.8
0 162833 1608 4037 1 1 1 0.8
0 75810 1616 1572 1 1 0 0.8
0 141902 1616 3929 1 1 0 0.8
0 101419 1621 2561 1 1 0 0.8
0 77061 1622 2170 1 10 1 0.8
0 137020 1623 3499 1 10 1 0.8
0 68997 1629 1663 1 1 1 0.8
0 155416 1632 3636 1 1 0 0.8
0 63744 1634 1280 1 50 0 0.8
0 106031 1640 2502 1 10 0 0.8
0 174357 1642 4950 1 1 1 0.8
0 126255 1643 2942 1 1 0 0.8
0 64315 1647 1685 1 1 0 0.8
0 66061 1647 1678 1 1 1 0.8
0 76658 1648 1670 1 1 0 0.8
0 111668 1652 2942 1 10 0 0.8
0 160886 1654 4795 1 1 1 0.8
0 82720 1655 1884 1 10 0 0.8
0 106300 1657 2578 1 1 1 0.8
0 89784 1657 2121 1 10 1 0.8
0 137224 1658 3615 1 1 0 0.8
0 167613 1659 3431 1 10 1 0.8
0 73307 1660 1474 1 1 1 0.8
0 92020 1662 2640 1 10 1 0.8
0 111059 1664 2240 1 1 0 0.8
0 113967 1665 2951 1 1 0 0.8
0 159449 1668 4466 1 10 1 0.8
0 142921 1672 3485 1 1 1 0.8
0 84625 1674 1715 1 50 0 0.8
0 68663 1680 1442 1 10 0 0.8
0 140668 1680 4059 1 50 1 0.8
0 116682 1682 2677 1 10 1 0.8
0 101681 1685 2824 1 1 1 0.8
0 142023 1688 3043 1 1 0 0.8
0 172649 1695 4433 1 1 1 0.8
0 104688 1695 2194 1 1 0 0.8
0 115646 1697 3041 1 50 1 0.8
0 121231 1700 2425 1 1 1 0.8
0 66571 1703 1908 1 10 0 0.8
0 68180 1704 1800 1 10 0 0.8
0 112619 1706 2998 1 1 0 0.8
0 127240 1710 3509 1 1 0 0.8
0 170437 1712 3614 1 1 0 0.8
0 94262 1712 2164 1 1 0 0.8
0 172834 1716 3893 1 1 1 0.8
0 133113 1719 3843 1 1 0 0.8
0 153145 1720 3366 1 50 0 0.8
0 72767 1722 1802 1 1 1 0.8
0 161985 1723 3394 1 10 1 0.8
0 78086 1723 1987 1 10 0 0.8
0 105274 1726 2292 1 10 0 0.8
0 149031 1726 3928 1 1 1 0.8
0 76468 1730 1562 1 1 0 0.8
0 128110 1731 2586 1 50 0 0.8
0 64552 1731 1453 1 1 1 0.8
0 98407 1732 2573 1 1 0 0.8
0 105617 1732 2684 1 1 0 0.8
0 60048 1734 1734 1 1 0 0.8
0 132886 1738 3432 1 1 1 0.8
0 144308 1746 3371 1 1 1 0.8
0 95790 1746 2085 1 1 1 0.8
0 152352 1749 4344 1 50 1 0.8
0 80181 1755 1650 1 10 0 0.8
0 172182 1759 4191 1 1 0 0.8
0 171811 1760 4489 1 1 1 0.8
0 165896 1760 3465 1 10 0 0.8
0 152139 1761 4036 1 1 0 0.8
0 125449 1766 2913 1 10 0 0.8
0 107148 1767 2766 1 10 0 0.8
0 124663 1773 3282 1 1 1 0.8
0 90921 1774 2634 1 50 0 0.8
0 173327 1775 5185 1 1 1 0.8
0 127473 1777 3363 1 1 0 0.8
0 96587 1781 2545 1 10 1 0.8
0 169909 1782 4566 1 1 0 0.8
0 75186 1783 1625 1 1 1 0.8
0 134391 1784 3142 1 1 0 0.8
0 159570 1787 3862 1 1 0 0.8
0 102399 1787 2761 1 1 1 0.8
0 175446 1790 4123 1 1 1 0.8
0 137558 1790 3052 1 10 1 0.8
0 63636 1791 1870 1 1 1 0.8
0 135493 1794 3144 1 1 1 0.8
0 132415 1796 2712 1 1 1 0.8
0 156430 1796 3279 1 1 0 0.8
0 139889 1797 3906 1 1 1 0.8
0 100246 1797 2383 1 10 1 0.8
0 75052 1797 1648 1 1 0 0.8
0 105925 1803 2124 1 1 0 0.8
0 123540 1806 3215 1 1 1 0.8
0 91556 1807 2637 1 10 0 0.8
0 153480 1807 3481 1 1 1 0.8
0 176366 1809 3904 1 1 0 0.8
0 155431 1810 3563 1 10 1 0.8
0 116204 1810 3342 1 1 1 0.8
0 92782 1811 1955 1 50 1 0.8
0 70141 1813 1406 1 1 1 0.8
0 103494 1816 2683 1 1 1 0.8
0 84219 1820 2320 1 1 1 0.8
0 70789 1826 1730 1 10 0 0.8
0 102797 1829 3075 1 1 0 0.8
0 86752 1831 2340 1 10 0 0.8
0 160944 1832 4563 1 10 0 0.8
0 166684 1835 3803 1 1 0 0.8
0 105905 1836 3125 1 10 1 0.8
0 89922 1838 2250 1 1 0 0.8
0 74993 1839 2098 1 10 0 0.8
0 155184 1840 3954 1 10 1 0.8
0 149243 1843 3352 1 1 1 0.8
0 102319 1849 2516 1 1 1 0.8
0 168383 1851 4090 1 1 0 0.8
0 86195 1851 2190 1 10 1 0.8
0 159901 1855 4484 1 50 0 0.8
0 127809 1859 2666 1 50 0 0.8
0 106502 1860 2689 1 10 0 0.8
0 159682 1860 3654 1 10 0 0.8
0 157964 1863 3885 1 50 1 0.8
0 155201 1869 4021 1 10 1 0.8
0 114963 1869 2399 1 10 1 0.8
0 106640 1877 2355 1 1 1 0.8
0 173659 1878 4747 1 10 1 0.8
0 93665 1882 2400 1 10 1 0.8
0 135650 1883 3799 1 50 1 0.8
0 87620 1885 1878 1 10 0 0.8
0 61300 1888 1504 1 1 0 0.8
0 88876 1890 2162 1 1 0 0.8
0 136743 1894 2744 1 1 1 0.8
0 166886 1894 4054 1 1 1 0.8
0 68764 1896 1590 1 50 0 0.8
0 138283 1898 3799 1 1 0 0.8
0 93183 1899 2680 1 1 0 0.8
0 106624 1900 2153 1 50 1 0.8
0 125055 1905 3238 1 10 0 0.8
0 81842 1905 1891 1 50 1 0.8
0 90914 1905 2649 1 10 1 0.8
0 167315 1907 3868 1 1 0 0.8
0 113856 1908 2326 1 1 1 0.8
0 122938 1919 2750 1 1 0 0.8
0 85576 1919 1990 1 10 0 0.8
0 146332 1920 3522 1 1 1 0.8
0 134668 1921 2864 1 1 0 0.8
0 155824 1926 3643 1 10 1 0.8
0 102937 1927 2804 1 10 0 0.8
0 96862 1929 2085 1 10 0 0.8
0 149078 1931 3217 1 10 0 0.8
0 128112 1938 2809 1 1 1 0.8
0 120799 1938 3530 1 50 0 0.8
0 110728 1940 2310 1 10 1 0.8
0 109761 1946 2732 1 1 0 0.8
0 133317 1946 2739 1 1 1 0.8
0 85779 1951 1897 1 1 0 0.8
0 111961 1951 2628 1 10 1 0.8
0 148562 1953 3411 1 1 1 0.8
0 93925 1959 2209 1 10 0 0.8
0 88692 1963 2164 1 10 0 0.8
0 80903 1972 2052 1 50 1 0.8
0 61874 1972 1653 1 1 0 0.8
0 92687 1975 2362 1 50 1 0.8
0 147852 1986 3342 1 1 0 0.8
0 66710 1989 1940 1 1 0 0.8
0 173379 1989 3926 1 10 1 0.8
0 174414 1990 4313 1 10 1 0.8
0 179073 1990 4382 1 1 0 0.8
0 148953 1991 3496 1 1 0 0.8
0 172121 1993 4074 1 1 1 0.8
0 69480 1993 1878 1 1 0 0.8
0 76005 1994 1761 1 1 1 0.8
0 99082 1995 2102 1 10 0 0.8
0 88325 1998 2340 1 1 0 0.8
0 89001 2001 2190 1 50 0 0.8
0 105107 2002 2910 1 1 1 0.8
0 155314 2002 4270 1 1 1 0.8
0 68679 2005 1780 1 1 0 0.8
0 145090 2005 3778 1 50 0 0.8
0 62946 2006 1680 1 1 0 0.8
0 108502 2013 3222 1 1 0 0.8
0 175414 2015 4089 1 10 1 0.8
0 109561 2016 2309 1 1 0 0.8
0 174737 2017 4232 1 10 0 0.8
0 144387 2022 4156 1 1 1 0.8
0 69976 2023 1799 1 1 1 0.8
0 115587 2024 2332 1 10 1 0.8
0 163734 2025 4162 1 10 0 0.8
0 161867 2026 4692 1 50 1 0.8
0 169422 2034 3961 1 1 0 0.8
0 99744 2035 2576 1 10 1 0.8
0 148169 2036 4335 1 10 0 0.8
0 100433 2042 2573 1 1 1 0.8
0 144585 2042 2901 1 1 0 0.8
0 146104 2046 3854 1 1 1 0.8
0 146894 2051 3756 1 10 0 0.8
0 160942 2054 4041 1 10 0 0.8
0 114454 2055 2792 1 10 1 0.8
0 78847 2055 1874 1 10 1 0.8
0 85261 2056 2320 1 10 0 0.8
0 155118 2057 4526 1 10 1 0.8
0 80127 2058 2368 1 1 0 0.8
0 95694 2058 2204 1 1 0 0.8
0 133753 2060 3187 1 10 1 0.8
0 73652 2066 2185 1 10 0 0.8
0 124129 2076 3634 1 10 1 0.8
0 120615 2079 2680 1 1 0 0.8
0 64894 2079 1626 1 10 0 0.8
0 159621 2081 3841 1 1 1 0.8
0 90397 2089 2156 1 1 1 0.8
0 72146 2091 1472 1 10 1 0.8
0 126051 2091 2765 1 1 1 0.8
0 62206 2092 1591 1 1 1 0.8
0 179520 2092 4165 1 1 1 0.8
0 85505 2095 2201 1 1 1 0.8
0 108386 2095 2628 1 10 1 0.8
0 134300 2100 2909 1 1 1 0.8
0 80756 2103 1642 1 1 1 0.8
0 139515 2103 3206 1 10 0 0.8
0 176755 2103 5022 1 1 1 0.8
0 67969 2111 1956 1 1 1 0.8
0 65383 2115 1374 1 1 1 0.8
0 84962 2118 2151 1 1 1 0.8
0 146818 2119 4185 1 1 0 0.8
0 101300 2126 2132 1 50 1 0.8
0 113784 2129 3005 1 1 0 0.8
0 85006 2130 2050 1 10 0 0.8
0 125016 2134 2756 1 1 1 0.8
0 65702 2135 1407 1 1 0 0.8
0 164401 2138 3916 1 50 0 0.8
0 92892 2140 2760 1 1 1 0.8
0 103186 2143 2957 1 1 1 0.8
0 88907 2144 2028 1 10 0 0.8
0 157986 2151 3897 1 1 0 0.8
0 171334 2155 3803 1 10 1 0.8
0 74654 2155 1973 1 1 0 0.8
0 70243 2155 2067 1 10 0 0.8
0 178917 2155 4291 1 10 0 0.8
0 131549 2156 3521 1 1 1 0.8
0 154044 2157 3901 1 1 1 0.8
0 60843 2159 1297 1 10 0 0.8
0 159349 2165 3473 1 1 0 0.8
0 63122 2165 1498 1 1 1 0.8
0 110187 2165 3006 1 1 0 0.8
0 141719 2168 3943 1 1 1 0.8
0 164461 2168 4206 1 10 1 0.8
0 82482 2171 2200 1 10 1 0.8
0 92139 2172 2442 1 1 1 0.8
0 123579 2173 2760 1 1 1 0.8
0 103691 2174 2635 1 10 0 0.8
0 119645 2174 3209 1 1 1 0.8
0 66933 2174 1836 1 50 0 0.8
0 102615 2175 2344 1 1 0 0.8
0 80642 2176 1661 1 10 1 0.8
0 123873 2178 2805 1 50 0 0.8
0 98864 2179 2489 1 1 1 0.8
0 136792 2180 3934 1 10 1 0.8
0 68157 2180 1410 1 10 1 0.8
0 71277 2184 1751 1 1 1 0.8
0 168850 2184 4520 1 1 0 0.8
0 118007 2186 3031 1 10 1 0.8
0 155410 2188 3170 1 1 1 0.8
0 171689 2194 4383 1 10 0 0.8
0 128561 2196 2931 1 10 1 0.8
0 92456 2196 2051 1 1 0 0.8
0 129023 2198 3039 1 10 1 0.8
0 102925 2200 2980 1 1 0 0.8
0 98140 2201 1979 1 1 0 0.8
0 84289 2205 2423 1 10 0 0.8
0 84418 2206 1727 1 1 1 0.8
0 139462 2208 3618 1 1 0 0.8
0 79582 2216 2186 1 1 1 0.8
0 99290 2216 2196 1 1 1 0.8
0 162812 2218 3809 1 1 1 0.8
0 101176 2222 2702 1 50 0 0.8
0 170919 2222 3475 1 1 1 0.8
0 90296 2224 2006 1 1 1 0.8
0 79302 2226 1956 1 1 0 0.8
0 145763 2227 3744 1 1 1 0.8
0 140499 2229 4088 1 1 1 0.8
0 125838 2232 2862 1 1 1 0.8
0 153804 2233 3143 1 1 0 0.8
0 174105 2235 4980 1 10 1 0.8
0 92060 2242 2279 1 50 0 0.8
0 171221 2246 4989 1 10 1 0.8
0 116421 2246 2437 1 1 1 0.8
0 131382 2246 3787 1 1 1 0.8
0 102823 2246 2363 1 1 1 0.8
0 140765 2252 3557 1 1 1 0.8
0 93544 2254 2269 1 1 0 0.8
0 69031 2255 1948 1 1 1 0.8
0 66392 2259 1835 1 50 1 0.8
0 111400 2265 2685 1 10 1 0.8
0 122210 2265 3145 1 50 1 0.8
0 104386 2269 2947 1 1 0 0.8
0 111539 2270 2974 1 1 0 0.8
0 140104 2270 3660 1 1 1 0.8
0 101074 2270 2316 1 10 0 0.8
0 62733 2271 1364 1 1 1 0.8
0 68734 2274 2026 1 10 0 0.8
0 139463 2275 3914 1 1 0 0.8
0 173587 2279 4844 1 50 0 0.8
0 142848 2280 3936 1 1 1 0.8
0 100013 2282 2212 1 1 0 0.8
0 70057 2286 2027 1 10 1 0.8
0 148713 2286 2983 1 10 1 0.8
0 103630 2288 2438 1 1 1 0.8
0 147089 2289 4030 1 50 1 0.8
0 169060 2295 4162 1 50 1 0.8
0 68304 2297 2020 1 1 1 0.8
0 164705 2302 3359 1 1 1 0.8
0 152991 2303 3841 1 1 1 0.8
0 64157 2305 1330 1 10 1 0.8
0 69263 2306 1581 1 10 1 0.8
0 164300 2311 4486 1 1 0 0.8
0 161447 2311 3496 1 10 0 0.8
0 97950 2317 2324 1 1 0 0.8
0 140234 2318 3624 1 50 1 0.8
0 88631 2322 2071 1 10 0 0.8
0 99266 2324 2701 1 10 1 0.8
0 143844 2325 4039 1 1 1 0.8
0 112521 2328 3082 1 1 0 0.8
0 77217 2330 1687 1 1 1 0.8
0 88736 2334 2429 1 50 0 0.8
0 140602 2334 3833 1 10 1 0.8
0 95867 2340 2081 1 1 0 0.8
0 94352 2340 2601 1 10 1 0.8
0 114103 2345 2948 1 10 1 0.8
0 93241 2346 2196 1 1 1 0.8
0 170429 2347 3918 1 1 0 0.8
0 167376 2349 3831 1 1 0 0.8
0 176504 2350 5270 1 1 1 0.8
0 117427 2351 2348 1 1 1 0.8
0 78491 2353 2269 1 1 0 0.8
0 178894 2355 5140 1 50 1 0.8
0 89000 2355 2194 1 1 1 0.8
0 148888 2356 3335 1 1 0 0.8
0 158272 2357 3242 1 1 1 0.8
0 161219 2360 3499 1 1 1 0.8
0 92056 2362 2684 1 1 0 0.8
0 123271 2364 3025 1 1 0 0.8
0 119021 2368 3185 1 10 1 0.8
0 66087 2370 1917 1 1 0 0.8
0 79034 2371 2324 1 1 0 0.8
0 126784 2371 3656 1 1 0 0.8
0 137524 2372 3275 1 10 0 0.8
0 75617 2372 2216 1 10 0 0.8
0 164106 2372 4095 1 1 1 0.8
0 155422 2380 4190 1 50 1 0.8
0 164284 2380 3439 1 50 1 0.8
0 127543 2386 3612 1 1 0 0.8
0 121339 2387 2668 1 1 0 0.8
0 94977 2391 2628 1 10 1 0.8
0 143879 2398 3502 1 10 1 0.8
0 165061 2399 3801 1 10 0 0.8
0 155884 2401 3849 1 10 1 0.8
0 166999 2402 3561 1 10 1 0.8
0 110916 2403 2575 1 1 1 0.8
0 134480 2406 3637 1 10 0 0.8
0 178047 2406 5082 1 1 1 0.8
0 172703 2410 4307 1 1 1 0.8
0 154928 2411 3287 1 1 0 0.8
0 64865 2415 1787 1 1 0 0.8
0 151369 2415 4328 1 1 0 0.8
0 154003 2418 3873 1 1 1 0.8
0 131175 2419 2712 1 50 1 0.8
0 87779 2420 2502 1 10 1 0.8
0 173126 2421 5092 1 1 0 0.8
0 156078 2421 3231 1 1 0 0.8
0 99485 2435 2906 1 10 0 0.8
0 103880 2442 2401 1 10 0 0.8
0 119213 2445 2965 1 10 1 0.8
0 132045 2445 3875 1 1 0 0.8
0 139170 2447 3664 1 1 1 0.8
0 114405 2447 3218 1 1 1 0.8
0 141859 2455 3030 1 10 1 0.8
0 175647 2460 4497 1 50 1 0.8
0 123446 2461 3031 1 10 1 0.8
0 83462 2461 2488 1 10 1 0.8
0 143015 2464 3391 1 10 0 0.8
0 155374 2464 3978 1 1 0 0.8
0 118402 2467 2666 1 1 1 0.8
0 83320 2475 2251 1 1 1 0.8
0 169870 2479 3904 1 1 0 0.8
0 175816 2483 4417 1 10 1 0.8
0 139179 2486 3650 1 10 0 0.8
0 75820 2487 2018 1 1 1 0.8
0 120510 2489 2928 1 1 1 0.8
0 168568 2493 3982 1 1 0 0.8
0 173869 2494 3815 1 10 1 0.8
0 166044 2497 4633 1 10 0 0.8
0 134390 2499 2904 1 1 0 0.8
0 104339 2500 2444 1 1 1 0.8
0 84175 2503 2114 1 1 1 0.8
0 168643 2504 3505 1 1 0 0.8
0 61315 2513 1580 1 1 1 0.8
0 145207 2520 2918 1 1 1 0.8
0 141086 2521 3370 1 10 1 0.8
0 62082 2522 1485 1 10 1 0.8
0 86476 2525 2128 1 1 1 0.8
0 162357 2529 4077 1 10 0 0.8
0 106114 2534 3168 1 1 0 0.8
0 169559 2538 4163 1 1 0 0.8
0 172741 2539 4997 1 1 0 0.8
0 133949 2541 3164 1 10 1 0.8
0 101667 2543 2699 1 10 0 0.8
0 129045 2549 3332 1 1 0 0.8
0 107034 2550 3012 1 1 0 0.8
0 171236 2550 4339 1 1 1 0.8
0 106815 2556 2384 1 10 0 0.8
0 155947 2557 3601 1 1 0 0.8
0 119546 2560 2823 1 1 0 0.8
0 64850 2564 1833 1 10 0 0.8
0 131258 2564 3704 1 1 1 0.8
0 69238 2565 1799 1 1 0 0.8
0 72557 2570 1913 1 1 1 0.8
0 117514 2572 2567 1 1 1 0.8
0 101211 2575 2065 1 10 0 0.8
0 139006 2576 3892 1 10 0 0.8
0 82920 2585 2089 1 50 1 0.8
0 86653 2590 2495 1 1 0 0.8
0 160045 2591 3250 1 10 0 0.8
0 60074 2595 1534 1 1 0 0.8
0 68303 2595 1546 1 1 0 0.8
0 131168 2595 3869 1 10 0 0.8
0 142583 2601 2960 1 1 1 0.8
0 107450 2602 3182 1 1 0 0.8
0 87351 2612 2522 1 1 0 0.8
0 159961 2614 3824 1 1 0 0.8
0 167709 2622 4063 1 1 0 0.8
0 81237 2624 2251 1 1 1 0.8
0 105569 2625 2323 1 1 1 0.8
0 151198 2626 3197 1 1 1 0.8
0 125788 2627 3662 1 1 0 0.8
0 149931 2634 3975 1 10 0 0.8
0 91245 2634 2252 1 50 0 0.8
0 162536 2635 4558 1 50 1 0.8
0 116752 2636 2370 1 50 0 0.8
0 150503 2644 3222 1 1 0 0.8
0 153004 2654 4569 1 1 0 0.8
0 87329 2655 2041 1 10 0 0.8
0 141201 2658 3986 1 1 0 0.8
0 150564 2664 4107 1 10 0 0.8
0 163312 2664 3478 1 10 1 0.8
0 169708 2665 3449 1 1 1 0.8
0 99665 2668 2163 1 50 0 0.8
0 107862 2669 2425 1 1 0 0.8
0 65741 2673 1346 1 1 0 0.8
0 77997 2675 1826 1 1 1 0.8
0 158476 2682 3404 1 10 0 0.8
0 96614 2682 2820 1 1 0 0.8
0 97481 2690 2004 1 1 0 0.8
0 74251 2690 1871 1 10 0 0.8
0 141123 2693 3610 1 10 1 0.8
0 104250 2694 3009 1 1 0 0.8
0 135357 2696 3130 1 10 0 0.8
0 138403 2699 2910 1 10 1 0.8
0 87027 2700 2502 1 10 1 0.8
0 120547 2702 3244 1 10 1 0.8
0 126361 2706 3512 1 1 0 0.8
0 98439 2706 2895 1 1 1 0.8
0 122584 2709 2517 1 1 0 0.8
0 117844 2711 2394 1 1 1 0.8
0 60718 2711 1295 1 10 1 0.8
0 121328 2713 2704 1 50 0 0.8
0 72599 2714 1732 1 1 0 0.8
0 127101 2714 2720 1 50 0 0.8
0 128054 2717 3611 1 10 1 0.8
0 91252 2719 2683 1 50 0 0.8
0 109775 2719 2913 1 10 1 0.8
0 136083 2720 3833 1 1 1 0.8
0 173185 2726 4673 1 1 0 0.8
0 91367 2730 2609 1 1 0 0.8
0 153518 2731 3896 1 50 1 0.8
0 106739 2732 2153 1 10 1 0.8
0 109009 2738 2974 1 1 0 0.8
0 116250 2743 3483 1 10 1 0.8
0 174003 2745 4221 1 1 0 0.8
0 77099 2745 1938 1 50 0 0.8
0 161345 2749 4534 1 10 0 0.8
0 170266 2751 4183 1 1 1 0.8
0 144097 2755 3230 1 10 0 0.8
0 164384 2758 3986 1 50 0 0.8
0 60047 2759 1617 1 1 1 0.8
0 171458 2759 4869 1 1 0 0.8
0 132476 2760 3690 1 1 0 0.8
0 145355 2764 3061 1 1 1 0.8
0 159207 2765 3400 1 10 0 0.8
0 149563 2765 4037 1 1 0 0.8
0 158951 2767 3755 1 1 0 0.8
0 120721 2769 2933 1 50 1 0.8
0 117492 2769 2708 1 50 0 0.8
0 149056 2770 4030 1 50 0 0.8
0 61905 2771 1407 1 1 1 0.8
0 160509 2771 3740 1 10 1 0.8
0 167195 2772 4831 1 10 1 0.8
0 141825 2773 3661 1 1 0 0.8
0 99128 2775 2541 1 10 1 0.8
0 111726 2777 3241 1 1 1 0.8
0 103432 2777 2477 1 1 1 0.8
0 164439 2777 4867 1 1 0 0.8
0 174689 2778 3825 1 1 1 0.8
0 179141 2779 4455 1 1 1 0.8
0 146741 2780 3126 1 1 1 0.8
0 107320 2783 2303 1 1 0 0.8
0 151822 2784 4294 1 1 0 0.8
0 91458 2785 2383 1 10 1 0.8
0 114449 2788 3059 1 10 1 0.8
0 74840 2788 1589 1 10 1 0.8
0 91050 2790 1963 1 1 1 0.8
0 71348 2793 1633 1 1 1 0.8
0 136245 2795 3712 1 10 1 0.8
0 133132 2796 3074 1 1 0 0.8
0 89260 2796 2144 1 10 0 0.8
0 176752 2797 3973 1 1 0 0.8
0 111117 2799 2330 1 10 1 0.8
0 157923 2802 4181 1 1 1 0.8
0 133877 2803 3894 1 1 0 0.8
0 168208 2806 3496 1 50 0 0.8
0 86071 2806 2074 1 1 1 0.8
0 165031 2807 4202 1 10 0 0.8
0 90267 2809 1982 1 1 1 0.8
0 172070 2809 4169 1 1 0 0.8
0 138194 2813 3042 1 1 0 0.8
0 177751 2814 4474 1 10 1 0.8
0 150503 2818 3528 1 10 0 0.8
0 88499 2821 2534 1 10 1 0.8
0 160224 2821 4042 1 10 1 0.8
0 135779 2822 3709 1 1 1 0.8
0 160311 2823 4508 1 10 1 0.8
0 98325 2823 2798 1 1 1 0.8
0 86403 2826 1889 1 1 0 0.8
0 85860 2839 2194 1 10 1 0.8
0 76486 2841 1938 1 10 0 0.8
0 62961 2844 1481 1 10 1 0.8
0 90634 2844 2386 1 1 1 0.8
0 148613 2845 4361 1 10 1 0.8
0 174947 2847 3702 1 1 1 0.8
0 125446 2848 2649 1 1 0 0.8
0 107618 2849 2976 1 1 0 0.8
0 94864 2850 2386 1 10 0 0.8
0 81629 2850 2402 1 1 0 0.8
0 97814 2850 2808 1 10 0 0.8
0 130952 2851 2640 1 10 1 0.8
0 64070 2853 1429 1 1 0 0.8
0 169889 2853 3468 1 10 1 0.8
0 100111 2854 2353 1 50 0 0.8
0 179249 2862 3640 1 1 1 0.8
0 70603 2868 2093 1 1 1 0.8
0 141270 2871 3022 1 1 1 0.8
0 177495 2875 4372 1 10 0 0.8
0 83971 2875 2141 1 1 0 0.8
0 84924 2878 2072 1 1 1 0.8
0 101227 2883 2286 1 1 1 0.8
0 106245 2885 2190 1 1 0 0.8
0 118749 2889 3115 1 1 1 0.8
0 152528 2891 4279 1 1 0 0.8
0 157388 2896 3588 1 10 1 0.8
0 124351 2899 2723 1 1 0 0.8
0 101342 2901 2743 1 1 1 0.8
0 163405 2919 4793 1 50 1 0.8
0 151474 2920 3746 1 50 1 0.8
0 155217 2921 3492 1 1 1 0.8
0 128149 2922 3583 1 10 0 0.8
0 80957 2923 2281 1 10 1 0.8
0 103008 2923 2777 1 1 1 0.8
0 130574 2925 3423 1 1 1 0.8
0 113340 2929 2284 1 10 1 0.8
0 156452 2931 4331 1 1 1 0.8
0 78214 2936 1761 1 1 1 0.8
0 141483 2937 4237 1 1 1 0.8
0 62434 2939 1739 1 1 0 0.8
0 70695 2940 1486 1 1 0 0.8
0 167792 2943 3370 1 1 0 0.8
0 140341 2944 3392 1 1 0 0.8
0 119004 2946 2758 1 10 1 0.8
0 60527 2947 1415 1 1 0 0.8
0 163571 2950 4076 1 1 1 0.8
0 132827 2953 3913 1 50 0 0.8
0 158979 2957 3335 1 10 0 0.8
0 98322 2965 2246 1 10 0 0.8
0 157662 2966 4047 1 1 0 0.8
0 138984 2967 3395 1 1 0 0.8
0 160995 2971 3896 1 10 1 0.8
0 136628 2971 3932 1 1 0 0.8
0 156176 2973 3564 1 10 0 0.8
0 101086 2974 2816 1 1 0 0.8
0 167281 2977 3932 1 1 1 0.8
0 86215 2978 2360 1 10 0 0.8
0 78595 2978 2042 1 1 0 0.8
0 86911 2981 1839 1 1 1 0.8
0 143832 2982 3251 1 1 1 0.8
0 166141 2982 4817 1 1 1 0.8
0 61889 2986 1471 1 1 0 0.8
0 170093 2987 4218 1 1 1 0.8
0 97518 2990 2671 1 1 1 0.8
0 117683 2991 2519 1 1 0 0.8
0 62287 2992 1599 1 1 0 0.8
0 149529 2994 3231 1 1 1 0.8
0 160520 2996 3951 1 10 0 0.8
0 128161 3000 2827 1 10 1 0.8
0 127203 3003 3588 1 10 0 0.8
0 146509 3008 3386 1 10 1 0.8
0 98772 3009 2409 1 10 0 0.8
0 109178 3011 3093 1 1 0 0.8
0 72293 3012 1948 1 1 1 0.8
0 129836 3015 3046 1 1 1 0.8
0 120760 3015 2498 1 1 1 0.8
0 117456 3017 2562 1 1 0 0.8
0 100476 3025 2754 1 10 0 0.8
0 163751 3025 3557 1 10 0 0.8
0 127806 3026 2847 1 1 0 0.8
0 112157 3027 2721 1 10 1 0.8
0 165921 3032 4272 1 1 0 0.8
0 110596 3036 2926 1 50 0 0.8
0 98483 3037 2008 1 1 1 0.8
0 75283 3040 1599 1 10 0 0.8
0 166586 3046 4686 1 1 0 0.8
0 90995 3047 2484 1 1 0 0.8
0 97534 3051 1974 1 10 0 0.8
0 68944 3053 2043 1 1 1 0.8
0 132730 3054 3625 1 10 1 0.8
0 116335 3055 3346 1 1 0 0.8
0 63772 3055 1832 1 1 1 0.8
0 169978 3056 4217 1 1 1 0.8
0 155869 3056 3241 1 50 0 0.8
0 61150 3058 1667 1 50 1 0.8
0 103144 3062 2105 1 10 0 0.8
0 177681 3062 3597 1 10 0 0.8
0 101755 3062 2153 1 10 0 0.8
0 115980 3066 3138 1 50 1 0.8
0 121586 3066 2432 1 10 1 0.8
0 119996 3072 3046 1 1 0 0.8
0 146287 3075 4283 1 1 1 0.8
0 94993 3077 2628 1 1 0 0.8
0 121008 3087 3607 1 1 0 0.8
0 134444 3088 2734 1 10 0 0.8
0 115845 3089 2525 1 1 0 0.8
0 106676 3089 2335 1 50 0 0.8
0 164478 3091 4490 1 10 1 0.8
0 172807 3095 4011 1 10 1 0.8
0 88426 3097 1905 1 1 0 0.8
0 63307 3098 1511 1 1 1 0.8
0 151112 3106 3209 1 50 0 0.8
0 102526 3107 2226 1 1 1 0.8
0 164043 3107 3534 1 1 0 0.8
0 142219 3108 4175 1 1 1 0.8
0 152908 3108 3604 1 10 1 0.8
0 176189 3109 5268 1 1 1 0.8
0 71085 3109 1937 1 10 1 0.8
0 177385 3119 5140 1 1 0 0.8
0 153276 3121 3788 1 10 1 0.8
0 65969 3122 1378 1 1 0 0.8
0 168117 3128 3412 1 1 1 0.8
0 103660 3128 2790 1 1 0 0.8
0 118867 3129 2399 1 10 1 0.8
0 113564 3130 2677 1 10 1 0.8
0 154138 3137 3786 1 10 0 0.8
0 95309 3146 1977 1 1 0 0.8
0 124745 3152 3009 1 10 1 0.8
0 101279 3153 2969 1 1 0 0.8
0 62229 3154 1366 1 50 0 0.8
0 175821 3157 4549 1 1 0 0.8
0 170201 3157 4188 1 1 1 0.8
0 91467 3158 2632 1 1 0 0.8
0 67109 3158 1620 1 10 1 0.8
0 95880 3162 2414 1 1 0 0.8
0 68996 3164 1875 1 1 0 0.8
0 94478 3166 2217 1 1 1 0.8
0 155731 3167 4504 1 1 0 0.8
0 113950 3172 3134 1 1 0 0.8
0 175025 3176 4510 1 1 0 0.8
0 76007 3178 1719 1 1 0 0.8
0 113986 3178 2328 1 10 1 0.8
0 123848 3178 3425 1 1 1 0.8
0 85610 3184 2045 1 1 1 0.8
0 135475 3185 3706 1 1 0 0.8
0 98593 3185 2223 1 10 0 0.8
0 142978 3186 3160 1 1 1 0.8
0 130898 3190 2743 1 1 0 0.8
0 138794 3192 3135 1 1 1 0.8
0 171973 3194 4584 1 1 1 0.8
0 68063 3200 1763 1 10 1 0.8
0 78787 3206 1811 1 10 0 0.8
0 74260 3211 1797 1 50 0 0.8
0 110142 3211 3086 1 10 1 0.8
0 60671 3211 1807 1 10 0 0.8
0 107583 3217 2817 1 10 0 0.8
0 156044 3217 3993 1 1 0 0.8
0 72854 3221 1875 1 1 0 0.8
0 124405 3222 3018 1 10 0 0.8
0 87707 3223 2226 1 10 0 0.8
0 109262 3226 2360 1 50 1 0.8
0 124255 3227 2904 1 1 1 0.8
0 110413 3228 2805 1 50 1 0.8
0 66485 3230 1683 1 1 1 0.8
0 171715 3235 4242 1 10 1 0.8
0 73508 3236 1530 1 10 1 0.8
0 121190 3239 2537 1 1 1 0.8
0 79389 3240 1947 1 1 1 0.8
0 114410 3240 3023 1 1 1 0.8
0 158015 3241 4669 1 10 0 0.8
0 113436 3241 3363 1 50 1 0.8
0 110823 3244 3146 1 1 1 0.8
0 176960 3244 4313 1 1 0 0.8
0 129796 3250 2936 1 1 0 0.8
0 127564 3252 2565 1 10 1 0.8
0 115849 3257 2578 1 1 0 0.8
0 105361 3257 3010 1 1 0 0.8
0 79405 3268 2032 1 1 0 0.8
0 138961 3271 3852 1 10 0 0.8
0 110019 3274 2243 1 1 0 0.8
0 149244 3279 3821 1 1 1 0.8
0 153199 3283 4515 1 10 0 0.8
0 177809 3286 5050 1 1 0 0.8
0 69120 3292 1628 1 1 0 0.8
0 147608 3293 4427 1 1 1 0.8
0 77148 3293 1903 1 1 1 0.8
0 60772 3299 1522 1 10 0 0.8
0 98928 3299 2632 1 1 0 0.8
0 124337 3300 2598 1 1 0 0.8
0 177413 3301 3701 1 10 0 0.8
0 75223 3302 1700 1 10 1 0.8
0 142674 3302 3526 1 1 1 0.8
0 120959 3310 3466 1 50 0 0.8
0 130598 3317 3915 1 1 1 0.8
0 71702 3321 1436 1 1 1 0.8
0 122338 3323 3055 1 1 1 0.8
0 156919 3324 3881 1 1 1 0.8
0 108570 3326 2565 1 1 1 0.8
0 107122 3327 2575 1 10 0 0.8
0 98558 3327 2758 1 50 1 0.8
0 118592 3328 2501 1 1 1 0.8
0 177025 3333 4881 1 10 0 0.8
0 107496 3334 2169 1 1 0 0.8
0 99429 3335 2547 1 50 0 0.8
0 116661 3336 3054 1 1 0 0.8
0 128309 3337 3807 1 1 1 0.8
0 109029 3340 2491 1 10 0 0.8
0 153774 3342 4550 1 50 1 0.8
0 108561 3345 2773 1 1 1 0.8
0 84718 3346 2065 1 50 0 0.8
0 176932 3348 4065 1 10 0 0.8
0 93834 3349 2334 1 1 1 0.8
0 146006 3349 4152 1 1 0 0.8
0 178084 3351 4874 1 1 0 0.8
0 115628 3352 2469 1 10 0 0.8
0 77221 3352 2057 1 1 1 0.8
0 78873 3355 1640 1 1 0 0.8
0 138242 3355 3269 1 1 1 0.8
0 111712 3356 2936 1 1 0 0.8
0 178189 3359 3989 1 10 0 0.8
0 147576 3360 4210 1 50 0 0.8
0 95628 3363 2594 1 50 0 0.8
0 94066 3363 2589 1 1 0 0.8
0 93684 3364 1879 1 1 0 0.8
0 168765 3365 4959 1 10 1 0.8
0 165329 3365 4770 1 10 0 0.8
0 149011 3366 3254 1 1 1 0.8
0 149361 3368 3485 1 10 1 0.8
0 135958 3373 2903 1 1 1 0.8
0 164878 3375 4762 1 1 1 0.8
0 132633 3377 3018 1 10 1 0.8
0 73798 3381 1777 1 1 1 0.8
0 148314 3382 4208 1 10 0 0.8
0 158881 3386 3838 1 1 0 0.8
0 125746 3388 2590 1 10 0 0.8
0 101316 3390 2792 1 1 1 0.8
0 97645 3392 2063 1 1 0 0.8
0 164725 3397 4230 1 1 1 0.8
0 162496 3399 3261 1 1 1 0.8
0 61054 3403 1750 1 10 1 0.8
0 89239 3406 2558 1 10 1 0.8
0 145783 3407 4326 1 10 1 0.8
0 166098 3413 4268 1 10 1 0.8
0 122946 3417 2716 1 1 1 0.8
0 102862 3418 2902 1 10 1 0.8
0 175014 3418 4449 1 1 1 0.8
0 109700 3419 2552 1 1 1 0.8
0 148326 3420 3035 1 1 1 0.8
0 179500 3426 3725 1 1 1 0.8
0 61495 3427 1439 1 1 1 0.8
0 86255 3430 1940 1 10 0 0.8
0 108655 3433 2796 1 1 0 0.8
0 124883 3439 2799 1 1 0 0.8
0 131239 3440 2699 1 50 1 0.8
0 125329 3443 2877 1 10 0 0.8
0 147372 3445 3202 1 10 1 0.8
0 70362 3446 1538 1 10 1 0.8
0 156842 3446 4617 1 1 1 0.8
0 162396 3449 4071 1 10 0 0.8
0 72986 3455 1850 1 1 0 0.8
0 150203 3455 3159 1 1 0 0.8
0 99294 3457 2423 1 1 1 0.8
0 128055 3457 3795 1 1 0 0.8
0 83601 3471 2248 1 1 1 0.8
0 114468 3475 3395 1 1 0 0.8
0 90018 3478 2454 1 1 1 0.8
0 121845 3480 2905 1 1 0 0.8
0 117242 3489 3218 1 10 1 0.8
0 143301 3492 3661 1 10 0 0.8
0 122557 3492 2597 1 10 0 0.8
0 160717 3497 3708 1 1 1 0.8
0 115522 3498 3179 1 1 0 0.8
0 114101 3501 2988 1 50 1 0.8
0 140742 3504 3293 1 1 0 0.8
0 107169 3509 2224 1 1 0 0.8
0 99676 3510 2450 1 10 0 0.8
0 165287 3511 4190 1 1 1 0.8
0 87593 3515 2227 1 10 0 0.8
0 124162 3516 2959 1 1 0 0.8
0 126454 3516 3055 1 1 1 0.8
0 143646 3516 3426 1 10 1 0.8
0 178337 3516 3622 1 1 0 0.8
0 100653 3519 2154 1 1 0 0.8
0 98153 3520 2790 1 50 0 0.8
0 166515 3521 4080 1 10 0 0.8
0 100245 3522 2498 1 10 1 0.8
0 112253 3524 2542 1 10 0 0.8
0 133507 3525 2875 1 10 0 0.8
0 106720 3525 2720 1 10 1 0.8
0 96859 3532 2650 1 10 0 0.8
0 175655 3539 4895 1 1 0 0.8
0 71940 3539 1983 1 1 1 0.8
0 133574 3542 3837 1 1 0 0.8
0 62837 3546 1673 1 50 0 0.8
0 108537 3547 2530 1 1 0 0.8
0 170986 3549 4058 1 1 1 0.8
0 104776 3549 2163 1 10 0 0.8
0 108955 3553 2638 1 10 1 0.8
0 87827 3554 1876 1 50 0 0.8
0 104284 3556 2467 1 10 0 0.8
0 169645 3558 4488 1 50 1 0.8
0 122348 3559 3644 1 1 1 0.8
0 86428 3561 1917 1 1 1 0.8
0 91947 3569 2409 1 1 0 0.8
0 145156 3576 3907 1 10 1 0.8
0 177415 3581 4813 1 1 0 0.8
0 77345 3582 1686 1 1 0 0.8
0 90307 3588 2436 1 10 0 0.8
0 143324 3590 3292 1 1 0 0.8
0 111978 3592 2796 1 1 1 0.8
0 127043 3594 2849 1 10 0 0.8
0 135646 3595 3138 1 10 1 0.8
0 87605 3599 1857 1 1 1 0.8
0 67660 3599 1535 1 1 0 0.8
0 61130 3599 1409 1 50 1 0.8
0 136703 3599 2881 1 1 1 0.8
