0 0.0 0.0 0 0 0.0 7530.0000000000055 1451.0 0.0
1 0.05 1190.0 0 0 59.5 7530.400000000005 1452.0 428.0
2 0.1 1190.0 0 0 119.0 7530.400000000005 1452.0 428.0
3 0.15000000000000002 1190.0 0 0 178.50000000000003 7530.400000000005 1452.0 428.0
4 0.2 1190.0 0 0 238.0 7530.400000000005 1452.0 428.0
5 0.25 1190.0 0 0 297.5 7530.400000000005 1452.0 428.0
6 0.3 1190.0 0 0 357.0 7530.400000000005 1452.0 428.0
7 0.35 1190.0 0 0 416.5 7530.400000000005 1452.0 428.0
8 0.39999999999999997 1190.0 0 0 475.99999999999994 7530.400000000005 1452.0 428.0
9 0.44999999999999996 1190.0 0 0 535.5 7530.400000000005 1452.0 428.0
10 0.49999999999999994 1190.0 0 0 594.9999999999999 7530.400000000005 1452.0 428.0
11 0.5499999999999999 1190.0 0 0 654.4999999999999 7530.400000000005 1452.0 428.0
12 0.6 1190.0 0 0 714.0 7530.400000000005 1452.0 428.0
13 0.65 1190.0 0 0 773.5 7530.400000000005 1452.0 428.0
14 0.7000000000000001 1190.0 0 0 833.0000000000001 7530.400000000005 1452.0 428.0
15 0.7500000000000001 1190.0 0 0 892.5000000000001 7530.400000000005 1452.0 428.0
16 0.8000000000000002 1190.0 0 0 952.0000000000002 7530.400000000005 1452.0 428.0
17 0.8500000000000002 1190.0 0 0 1011.5000000000002 7530.400000000005 1452.0 428.0
18 0.9000000000000002 1190.0 0 0 1071.0000000000002 7530.400000000005 1452.0 428.0
19 0.9500000000000003 1190.0 0 0 1130.5000000000005 7530.400000000005 1452.0 428.0
20 1.0000000000000002 1190.0 0 0 1190.0000000000002 7530.400000000005 1452.0 428.0
21 1.0500000000000003 1190.0 0 0 1249.5000000000002 7530.400000000005 1452.0 428.0
22 1.1000000000000003 1190.0 0 0 1309.0000000000005 7530.400000000005 1452.0 428.0
23 1.1500000000000004 1190.0 0 0 1368.5000000000005 7530.400000000005 1452.0 428.0
24 1.2000000000000004 1190.0 0 0 1428.0000000000005 7530.400000000005 1452.0 428.0
25 1.2500000000000004 1190.0 0 0 1487.5000000000005 7530.400000000005 1452.0 428.0
26 1.3000000000000005 1190.0 0 0 1547.0000000000007 7530.400000000005 1452.0 428.0
27 1.3500000000000005 1190.0 0 0 1606.5000000000007 7530.400000000005 1452.0 428.0
28 1.4000000000000006 1190.0 0 0 1666.0000000000007 7530.400000000005 1452.0 428.0
29 1.4500000000000006 1190.0 0 0 1725.5000000000007 7530.400000000005 1452.0 428.0
30 1.5000000000000007 1190.0 0 0 1785.0000000000007 7530.400000000005 1452.0 428.0
31 1.5500000000000007 1190.0 0 0 1844.500000000001 7530.400000000005 1452.0 428.0
32 1.6000000000000008 1190.0 0 0 1904.000000000001 7530.400000000005 1452.0 428.0
33 1.6500000000000008 1190.0 0 0 1963.500000000001 7530.400000000005 1452.0 428.0
34 1.7000000000000008 1190.0 0 0 2023.000000000001 7530.400000000005 1452.0 428.0
35 1.7500000000000009 1190.0 0 0 2082.500000000001 7530.400000000005 1452.0 428.0
36 1.800000000000001 1190.0 0 0 2142.000000000001 7530.400000000005 1452.0 428.0
37 1.850000000000001 1190.0 0 0 2201.5000000000014 7530.400000000005 1452.0 428.0
38 1.900000000000001 1190.0 0 0 2261.0000000000014 7530.400000000005 1452.0 428.0
39 1.950000000000001 1190.0 0 0 2320.5000000000014 7530.400000000005 1452.0 428.0
40 2.000000000000001 1190.0 0 0 2380.000000000001 7530.400000000005 1452.0 428.0
41 2.0500000000000007 1190.0 0 0 2439.500000000001 7530.400000000005 1452.0 428.0
42 2.1000000000000005 1190.0 0 0 2499.0000000000005 7530.400000000005 1452.0 428.0
43 2.1500000000000004 1190.0 0 0 2558.5000000000005 7530.400000000005 1452.0 428.0
44 2.2 1190.0 0 0 2618.0 7530.400000000005 1452.0 428.0
45 2.25 1190.0 0 0 2677.5 7530.400000000005 1452.0 428.0
46 2.3 1190.0 0 0 2737.0 7530.400000000005 1452.0 428.0
47 2.3499999999999996 1190.0 0 0 2796.4999999999995 7530.400000000005 1452.0 428.0
48 2.3999999999999995 1190.0 0 0 2855.9999999999995 7530.400000000005 1452.0 428.0
49 2.4499999999999993 1190.0 0 0 2915.499999999999 7530.400000000005 1452.0 428.0
50 2.499999999999999 1190.0 0 0 2974.999999999999 7530.400000000005 1452.0 428.0
51 2.549999999999999 1190.0 0 0 3034.4999999999986 7530.400000000005 1452.0 428.0
52 2.5999999999999988 1190.0 0 0 3093.9999999999986 7530.400000000005 1452.0 428.0
53 2.6499999999999986 1190.0 0 0 3153.499999999998 7530.400000000005 1452.0 428.0
54 2.6999999999999984 1190.0 0 0 3212.999999999998 7530.400000000005 1452.0 428.0
55 2.7499999999999982 1190.0 0 0 3272.4999999999977 7530.400000000005 1452.0 428.0
56 2.799999999999998 1190.0 0 0 3331.9999999999977 7530.400000000005 1452.0 428.0
57 2.849999999999998 1195.0 0 0 3405.7499999999973 7544.400000000005 1457.0 1466.0
58 2.8999999999999977 1195.0 0 0 3465.4999999999973 7544.400000000005 1457.0 1466.0
59 2.9499999999999975 1195.0 0 0 3525.249999999997 7544.400000000005 1457.0 1466.0
60 2.9999999999999973 1195.0 0 0 3584.999999999997 7544.400000000005 1457.0 1466.0
61 3.049999999999997 1195.0 0 0 3644.749999999997 7544.400000000005 1457.0 1466.0
62 3.099999999999997 1195.0 0 0 3704.4999999999964 7544.400000000005 1457.0 1466.0
63 3.149999999999997 1195.0 0 0 3764.2499999999964 7544.400000000005 1457.0 1466.0
64 3.1999999999999966 1195.0 0 0 3823.999999999996 7544.400000000005 1457.0 1466.0
65 3.2499999999999964 1195.0 0 0 3883.749999999996 7544.400000000005 1457.0 1466.0
66 3.2999999999999963 1195.0 0 0 3943.4999999999955 7544.400000000005 1457.0 1466.0
67 3.349999999999996 1195.0 0 0 4003.2499999999955 7544.400000000005 1457.0 1466.0
68 3.399999999999996 1195.0 0 0 4062.999999999995 7544.400000000005 1457.0 1466.0
69 3.4499999999999957 1195.0 0 0 4122.7499999999945 7544.400000000005 1457.0 1466.0
70 3.4999999999999956 1195.0 0 0 4182.4999999999945 7544.400000000005 1457.0 1466.0
71 3.5499999999999954 1195.0 0 0 4242.2499999999945 7544.400000000005 1457.0 1466.0
72 3.599999999999995 1195.0 0 0 4301.9999999999945 7544.400000000005 1457.0 1466.0
73 3.649999999999995 1195.0 0 0 4361.749999999994 7544.400000000005 1457.0 1466.0
74 3.699999999999995 1195.0 0 0 4421.499999999994 7544.400000000005 1457.0 1466.0
75 3.7499999999999947 1209.0 0 0 4533.749999999994 7596.400000000007 1464.0 2601.0
76 3.7999999999999945 1209.0 0 0 4594.199999999993 7596.400000000007 1464.0 2601.0
77 3.8499999999999943 1209.0 0 0 4654.649999999993 7596.400000000007 1464.0 2601.0
78 3.899999999999994 1209.0 0 0 4715.099999999993 7596.400000000007 1464.0 2601.0
79 3.949999999999994 1209.0 0 0 4775.549999999993 7596.400000000007 1464.0 2601.0
80 3.999999999999994 1209.0 0 0 4835.999999999993 7596.400000000007 1464.0 2601.0
81 4.049999999999994 1209.0 0 0 4896.4499999999925 7596.400000000007 1464.0 2601.0
82 4.099999999999993 1209.0 0 0 4956.899999999992 7596.400000000007 1464.0 2601.0
83 4.149999999999993 1209.0 0 0 5017.349999999992 7596.400000000007 1464.0 2601.0
84 4.199999999999993 1209.0 0 0 5077.799999999992 7596.400000000007 1464.0 2601.0
85 4.249999999999993 1221.0 0 0 5189.249999999991 7647.200000000007 1475.0 4584.0
86 4.299999999999993 1221.0 0 0 5250.299999999991 7647.200000000007 1475.0 4584.0
87 4.3499999999999925 1221.0 0 0 5311.349999999991 7647.200000000007 1475.0 4584.0
88 4.399999999999992 1221.0 0 0 5372.3999999999905 7647.200000000007 1475.0 4584.0
89 4.449999999999992 1221.0 0 0 5433.449999999991 7647.200000000007 1475.0 4584.0
90 4.499999999999992 1245.0 0 0 5602.49999999999 7754.400000000008 1488.0 6793.0
91 4.549999999999992 1245.0 0 0 5664.74999999999 7754.400000000008 1488.0 6793.0
92 4.599999999999992 1245.0 0 0 5726.99999999999 7754.400000000008 1488.0 6793.0
93 4.6499999999999915 1245.0 0 0 5789.249999999989 7754.400000000008 1488.0 6793.0
94 4.699999999999991 1245.0 0 0 5851.499999999989 7754.400000000008 1488.0 6793.0
95 4.749999999999991 1245.0 0 0 5913.749999999989 7754.400000000008 1488.0 6793.0
96 4.799999999999991 1245.0 0 0 5975.999999999989 7754.400000000008 1488.0 6793.0
97 4.849999999999991 1245.0 0 0 6038.249999999988 7754.400000000008 1488.0 6793.0
98 4.899999999999991 1245.0 0 0 6100.499999999988 7754.400000000008 1488.0 6793.0
99 4.94999999999999 1245.0 0 0 6162.749999999988 7754.400000000008 1488.0 6793.0
