0 0.0 0.0 0 0 0.0 21174.0 2437.0 0.0
1 0.05 1312.0 0 0 65.60000000000001 21184.0 2447.0 0.0
2 0.1 1738.0 0 0 173.8 21212.0 2475.0 0.0
3 0.15000000000000002 1898.0 0 0 284.70000000000005 21231.0 2494.0 0.0
4 0.2 1971.0 0 0 394.20000000000005 21244.0 2507.0 0.0
5 0.25 2047.0 0 0 511.75 21260.0 2523.0 0.0
6 0.3 2074.0 0 0 622.1999999999999 21267.0 2530.0 0.0
7 0.35 2114.0 0 0 739.9 21280.0 2543.0 0.0
8 0.39999999999999997 2152.0 0 0 860.8 21294.0 2557.0 0.0
9 0.44999999999999996 2171.0 0 0 976.9499999999999 21302.0 2565.0 0.0
10 0.49999999999999994 2242.0 0 0 1120.9999999999998 21335.0 2598.0 0.0
11 0.5499999999999999 2242.0 0 0 1233.1 21335.0 2598.0 0.0
12 0.6 2242.0 0 0 1345.2 21335.0 2598.0 0.0
13 0.65 2261.0 0 0 1469.65 21347.0 2610.0 0.0
14 0.7000000000000001 2315.0 0 0 1620.5000000000002 21383.0 2646.0 0.0
15 0.7500000000000001 2343.0 0 0 1757.2500000000002 21403.0 2666.0 0.0
16 0.8000000000000002 2343.0 0 0 1874.4000000000003 21403.0 2666.0 0.0
17 0.8500000000000002 2343.0 0 0 1991.5500000000004 21403.0 2666.0 0.0
18 0.9000000000000002 2343.0 0 0 2108.7000000000007 21403.0 2666.0 0.0
19 0.9500000000000003 2376.0 0 0 2257.2000000000007 21433.0 2696.0 0.0
20 1.0000000000000002 2376.0 0 0 2376.0000000000005 21433.0 2696.0 0.0
21 1.0500000000000003 2381.0 0 0 2500.0500000000006 21438.0 2701.0 0.0
22 1.1000000000000003 2415.0 0 0 2656.500000000001 21475.0 2738.0 0.0
23 1.1500000000000004 2415.0 0 0 2777.250000000001 21475.0 2738.0 0.0
24 1.2000000000000004 2522.0 0 0 3026.400000000001 21600.0 2863.0 0.0
25 1.2500000000000004 2551.0 0 0 3188.750000000001 21635.0 2898.0 0.0
26 1.3000000000000005 2551.0 0 0 3316.300000000001 21635.0 2898.0 0.0
27 1.3500000000000005 2551.0 0 0 3443.8500000000013 21635.0 2898.0 0.0
28 1.4000000000000006 2643.0 0 0 3700.2000000000016 21763.0 3026.0 0.0
29 1.4500000000000006 2844.0 0 0 4123.800000000002 22051.0 3314.0 0.0
30 1.5000000000000007 3059.0 0 0 4588.500000000002 22370.0 3633.0 0.0
31 1.5500000000000007 3162.0 0 0 4901.100000000002 22527.0 3790.0 0.0
32 1.6000000000000008 3438.0 0 0 5500.800000000003 22962.0 4225.0 0.0
33 1.6500000000000008 3438.0 0 0 5672.700000000003 22962.0 4225.0 0.0
34 1.7000000000000008 3438.0 0 0 5844.600000000003 22962.0 4225.0 0.0
35 1.7500000000000009 3438.0 0 0 6016.500000000003 22962.0 4225.0 0.0
36 1.800000000000001 3438.0 0 0 6188.400000000003 22962.0 4225.0 0.0
37 1.850000000000001 3438.0 0 0 6360.300000000003 22962.0 4225.0 0.0
38 1.900000000000001 3438.0 0 0 6532.2000000000035 22962.0 4225.0 0.0
39 1.950000000000001 3438.0 0 0 6704.100000000004 22962.0 4225.0 0.0
40 2.000000000000001 3438.0 0 0 6876.000000000003 22962.0 4225.0 0.0
41 2.0500000000000007 3438.0 0 0 7047.900000000002 22962.0 4225.0 0.0
42 2.1000000000000005 3463.0 0 0 7272.300000000002 23014.0 4277.0 0.0
43 2.1500000000000004 3473.0 0 0 7466.950000000002 23035.0 4298.0 0.0
44 2.2 3473.0 0 0 7640.6 23035.0 4298.0 0.0
45 2.25 3473.0 0 0 7814.25 23035.0 4298.0 0.0
46 2.3 3473.0 0 0 7987.9 23035.0 4298.0 0.0
47 2.3499999999999996 3473.0 0 0 8161.549999999998 23035.0 4298.0 0.0
48 2.3999999999999995 3473.0 0 0 8335.199999999999 23035.0 4298.0 0.0
49 2.4499999999999993 3473.0 0 0 8508.849999999997 23035.0 4298.0 0.0
50 2.499999999999999 3473.0 0 0 8682.499999999996 23035.0 4298.0 0.0
51 2.549999999999999 3473.0 0 0 8856.149999999996 23035.0 4298.0 0.0
52 2.5999999999999988 3473.0 0 0 9029.799999999996 23035.0 4298.0 0.0
53 2.6499999999999986 3473.0 0 0 9203.449999999995 23035.0 4298.0 0.0
54 2.6999999999999984 3881.0 0 0 10478.699999999993 24127.0 5390.0 0.0
55 2.7499999999999982 4464.0 0 0 12275.999999999993 25725.0 6988.0 124.0
56 2.799999999999998 4877.0 0 0 13655.599999999991 26868.0 8131.0 1162.0
57 2.849999999999998 6007.0 0 0 17119.949999999986 30079.0 11342.0 1966.0
58 2.8999999999999977 7170.0 0 0 20792.99999999998 33430.0 14693.0 3519.0
59 2.9499999999999975 7170.0 0 0 21151.49999999998 33430.0 14693.0 3519.0
60 2.9999999999999973 9910.0 0 0 29729.999999999975 41579.0 22842.0 1397755.0
61 3.049999999999997 12890.0 0 0 39314.49999999996 50580.0 31843.0 3133268.0
62 3.099999999999997 13354.0 0 0 41397.39999999996 52000.0 33263.0 3572257.0
63 3.149999999999997 13354.0 0 0 42065.099999999955 52000.0 33263.0 3572257.0
64 3.1999999999999966 13354.0 0 0 42732.79999999995 52000.0 33263.0 3572257.0
65 3.2499999999999964 13368.0 0 0 43445.99999999995 52045.0 33308.0 3596828.0
66 3.2999999999999963 13368.0 0 0 44114.39999999995 52045.0 33308.0 3596828.0
67 3.349999999999996 13389.0 0 0 44853.14999999995 52115.0 33369.0 3629719.0
68 3.399999999999996 13389.0 0 0 45522.59999999995 52115.0 33369.0 3629719.0
69 3.4499999999999957 13490.0 0 0 46540.49999999994 52460.0 33714.0 3837996.0
70 3.4999999999999956 13587.0 0 0 47554.49999999994 52796.0 34050.0 4050652.0
71 3.5499999999999954 13587.0 0 0 48233.84999999994 52796.0 34050.0 4050652.0
72 3.599999999999995 13587.0 0 0 48913.19999999993 52796.0 34050.0 4050652.0
73 3.649999999999995 13587.0 0 0 49592.54999999993 52796.0 34050.0 4050652.0
74 3.699999999999995 13587.0 0 0 50271.89999999993 52796.0 34050.0 4050652.0
75 3.7499999999999947 13612.0 0 0 51044.99999999993 52889.0 34143.0 4121671.0
76 3.7999999999999945 13657.0 0 0 51896.599999999926 53058.0 34285.0 4232539.0
77 3.8499999999999943 13657.0 0 0 52579.449999999924 53058.0 34285.0 4232539.0
78 3.899999999999994 13708.0 0 0 53461.19999999992 53256.0 34456.0 4342045.0
79 3.949999999999994 13708.0 0 0 54146.59999999992 53256.0 34456.0 4342045.0
80 3.999999999999994 13756.0 0 0 55023.99999999991 53447.0 34620.0 4460827.0
81 4.049999999999994 13835.0 0 0 56031.74999999991 53765.0 34911.0 4650614.0
82 4.099999999999993 13851.0 0 0 56789.09999999991 53830.0 34967.0 4685279.0
83 4.149999999999993 13887.0 0 0 57631.04999999991 53978.0 35088.0 4756576.0
84 4.199999999999993 13887.0 0 0 58325.39999999991 53978.0 35088.0 4756576.0
85 4.249999999999993 13887.0 0 0 59019.7499999999 53978.0 35088.0 4756576.0
86 4.299999999999993 13895.0 0 0 59748.4999999999 54012.0 35104.0 4770785.0
87 4.3499999999999925 13895.0 0 0 60443.2499999999 54012.0 35104.0 4770785.0
88 4.399999999999992 13933.0 0 0 61305.199999999895 54179.0 35244.0 4860522.0
89 4.449999999999992 13933.0 0 0 62001.84999999989 54179.0 35244.0 4860522.0
90 4.499999999999992 13950.0 0 0 62774.99999999989 54255.0 35320.0 4903540.0
91 4.549999999999992 13950.0 0 0 63472.49999999988 54255.0 35320.0 4903540.0
92 4.599999999999992 13950.0 0 0 64169.99999999988 54255.0 35320.0 4903540.0
93 4.6499999999999915 13950.0 0 0 64867.49999999988 54255.0 35320.0 4903540.0
94 4.699999999999991 13950.0 0 0 65564.99999999988 54255.0 35320.0 4903540.0
95 4.749999999999991 13950.0 0 0 66262.49999999987 54255.0 35320.0 4903540.0
96 4.799999999999991 13950.0 0 0 66959.99999999987 54255.0 35320.0 4903540.0
97 4.849999999999991 13950.0 0 0 67657.49999999987 54255.0 35320.0 4903540.0
98 4.899999999999991 14085.0 0 0 69016.49999999987 54916.0 35576.0 5071249.0
99 4.94999999999999 14174.0 0 0 70161.29999999986 55354.0 35861.0 5278170.0
