0 0.0 0.0 0 0 0.0 31140.400000000005 4369.0 0.0
1 0.05 5059.0 0 0 252.95000000000002 31140.400000000005 4369.0 0.0
2 0.1 5078.0 0 0 507.8 31141.800000000007 4371.0 1195.0
3 0.15000000000000002 5078.0 0 0 761.7000000000002 31141.800000000007 4371.0 1195.0
4 0.2 5093.0 0 0 1018.6 31144.400000000005 4374.0 1195.0
5 0.25 5102.0 0 0 1275.5 31146.400000000005 4376.0 1302.0
6 0.3 5102.0 0 0 1530.6 31146.400000000005 4376.0 1302.0
7 0.35 5102.0 0 0 1785.6999999999998 31146.400000000005 4376.0 1302.0
8 0.39999999999999997 5120.0 0 0 2047.9999999999998 31152.800000000007 4383.0 4305.0
9 0.44999999999999996 5125.0 0 0 2306.2499999999995 31154.800000000007 4385.0 4355.0
10 0.49999999999999994 5132.0 0 0 2565.9999999999995 31158.000000000004 4389.0 4355.0
11 0.5499999999999999 5132.0 0 0 2822.5999999999995 31158.000000000004 4389.0 4355.0
12 0.6 5132.0 0 0 3079.2 31158.000000000004 4389.0 4355.0
13 0.65 5132.0 0 0 3335.8 31158.000000000004 4389.0 4355.0
14 0.7000000000000001 5138.0 0 0 3596.6000000000004 31162.000000000004 4390.0 5052.0
15 0.7500000000000001 5138.0 0 0 3853.5000000000005 31162.000000000004 4390.0 5052.0
16 0.8000000000000002 5138.0 0 0 4110.400000000001 31162.000000000004 4390.0 5052.0
17 0.8500000000000002 5140.0 0 0 4369.000000000001 31163.600000000002 4392.0 5534.0
18 0.9000000000000002 5140.0 0 0 4626.000000000001 31163.600000000002 4392.0 5534.0
19 0.9500000000000003 5140.0 0 0 4883.000000000002 31163.600000000002 4392.0 5534.0
20 1.0000000000000002 5140.0 0 0 5140.000000000001 31163.600000000002 4392.0 5534.0
21 1.0500000000000003 5140.0 0 0 5397.000000000002 31163.600000000002 4392.0 5534.0
22 1.1000000000000003 5140.0 0 0 5654.000000000002 31163.600000000002 4392.0 5534.0
23 1.1500000000000004 5140.0 0 0 5911.000000000002 31163.600000000002 4392.0 5534.0
24 1.2000000000000004 5140.0 0 0 6168.000000000002 31163.600000000002 4392.0 5534.0
25 1.2500000000000004 5140.0 0 0 6425.000000000003 31163.600000000002 4392.0 5534.0
26 1.3000000000000005 5140.0 0 0 6682.000000000003 31163.600000000002 4392.0 5534.0
27 1.3500000000000005 5158.0 0 0 6963.300000000003 31187.600000000002 4398.0 6747.0
28 1.4000000000000006 5158.0 0 0 7221.200000000003 31187.600000000002 4398.0 6747.0
29 1.4500000000000006 5158.0 0 0 7479.100000000003 31187.600000000002 4398.0 6747.0
30 1.5000000000000007 5164.0 0 0 7746.000000000004 31196.400000000005 4400.0 6747.0
31 1.5500000000000007 5171.0 0 0 8015.050000000004 31207.200000000008 4409.0 11811.0
32 1.6000000000000008 5171.0 0 0 8273.600000000004 31207.200000000008 4409.0 11811.0
33 1.6500000000000008 5171.0 0 0 8532.150000000003 31207.200000000008 4409.0 11811.0
34 1.7000000000000008 5171.0 0 0 8790.700000000004 31207.200000000008 4409.0 11811.0
35 1.7500000000000009 5171.0 0 0 9049.250000000005 31207.200000000008 4409.0 11811.0
36 1.800000000000001 5171.0 0 0 9307.800000000005 31207.200000000008 4409.0 11811.0
37 1.850000000000001 5171.0 0 0 9566.350000000006 31207.200000000008 4409.0 11811.0
38 1.900000000000001 5171.0 0 0 9824.900000000005 31207.200000000008 4409.0 11811.0
39 1.950000000000001 5171.0 0 0 10083.450000000006 31207.200000000008 4409.0 11811.0
40 2.000000000000001 5171.0 0 0 10342.000000000005 31207.200000000008 4409.0 11811.0
41 2.0500000000000007 5189.0 0 0 10637.450000000004 31243.200000000008 4418.0 14565.0
42 2.1000000000000005 5189.0 0 0 10896.900000000003 31243.200000000008 4418.0 14565.0
43 2.1500000000000004 5189.0 0 0 11156.350000000002 31243.200000000008 4418.0 14565.0
44 2.2 5189.0 0 0 11415.800000000001 31243.200000000008 4418.0 14565.0
45 2.25 5189.0 0 0 11675.25 31243.200000000008 4418.0 14565.0
46 2.3 5189.0 0 0 11934.699999999999 31243.200000000008 4418.0 14565.0
47 2.3499999999999996 5189.0 0 0 12194.149999999998 31243.200000000008 4418.0 14565.0
48 2.3999999999999995 5189.0 0 0 12453.599999999997 31243.200000000008 4418.0 14565.0
49 2.4499999999999993 5189.0 0 0 12713.049999999996 31243.200000000008 4418.0 14565.0
50 2.499999999999999 5189.0 0 0 12972.499999999995 31243.200000000008 4418.0 14565.0
51 2.549999999999999 5189.0 0 0 13231.949999999995 31243.200000000008 4418.0 14565.0
52 2.5999999999999988 5189.0 0 0 13491.399999999994 31243.200000000008 4418.0 14565.0
53 2.6499999999999986 5189.0 0 0 13750.849999999993 31243.200000000008 4418.0 14565.0
54 2.6999999999999984 5189.0 0 0 14010.299999999992 31243.200000000008 4418.0 14565.0
55 2.7499999999999982 5189.0 0 0 14269.74999999999 31243.200000000008 4418.0 14565.0
56 2.799999999999998 5189.0 0 0 14529.19999999999 31243.200000000008 4418.0 14565.0
57 2.849999999999998 5189.0 0 0 14788.649999999989 31243.200000000008 4418.0 14565.0
58 2.8999999999999977 5189.0 0 0 15048.099999999988 31243.200000000008 4418.0 14565.0
59 2.9499999999999975 5195.0 0 0 15325.249999999987 31260.800000000007 4422.0 14565.0
60 2.9999999999999973 5195.0 0 0 15584.999999999985 31260.800000000007 4422.0 14565.0
61 3.049999999999997 5199.0 0 0 15856.949999999984 31272.800000000007 4425.0 15881.0
62 3.099999999999997 5199.0 0 0 16116.899999999985 31272.800000000007 4425.0 15881.0
63 3.149999999999997 5199.0 0 0 16376.849999999984 31272.800000000007 4425.0 15881.0
64 3.1999999999999966 5199.0 0 0 16636.79999999998 31272.800000000007 4425.0 15881.0
65 3.2499999999999964 5199.0 0 0 16896.74999999998 31272.800000000007 4425.0 15881.0
66 3.2999999999999963 5199.0 0 0 17156.69999999998 31272.800000000007 4425.0 15881.0
67 3.349999999999996 5199.0 0 0 17416.64999999998 31272.800000000007 4425.0 15881.0
68 3.399999999999996 5199.0 0 0 17676.59999999998 31272.800000000007 4425.0 15881.0
69 3.4499999999999957 5199.0 0 0 17936.549999999977 31272.800000000007 4425.0 15881.0
70 3.4999999999999956 5199.0 0 0 18196.499999999978 31272.800000000007 4425.0 15881.0
71 3.5499999999999954 5199.0 0 0 18456.449999999975 31272.800000000007 4425.0 15881.0
72 3.599999999999995 5199.0 0 0 18716.399999999976 31272.800000000007 4425.0 15881.0
73 3.649999999999995 5199.0 0 0 18976.349999999973 31272.800000000007 4425.0 15881.0
74 3.699999999999995 5199.0 0 0 19236.299999999974 31272.800000000007 4425.0 15881.0
75 3.7499999999999947 5199.0 0 0 19496.24999999997 31272.800000000007 4425.0 15881.0
76 3.7999999999999945 5199.0 0 0 19756.19999999997 31272.800000000007 4425.0 15881.0
77 3.8499999999999943 5199.0 0 0 20016.14999999997 31272.800000000007 4425.0 15881.0
78 3.899999999999994 5199.0 0 0 20276.09999999997 31272.800000000007 4425.0 15881.0
79 3.949999999999994 5199.0 0 0 20536.04999999997 31272.800000000007 4425.0 15881.0
80 3.999999999999994 5202.0 0 0 20807.999999999967 31284.800000000007 4437.0 21196.0
81 4.049999999999994 5208.0 0 0 21092.399999999965 31308.800000000007 4443.0 21196.0
82 4.099999999999993 5208.0 0 0 21352.799999999967 31308.800000000007 4443.0 21196.0
83 4.149999999999993 5208.0 0 0 21613.199999999964 31308.800000000007 4443.0 21196.0
84 4.199999999999993 5212.0 0 0 21890.399999999965 31325.600000000002 4446.0 21196.0
85 4.249999999999993 5212.0 0 0 22150.999999999964 31325.600000000002 4446.0 21196.0
86 4.299999999999993 5212.0 0 0 22411.599999999962 31325.600000000002 4446.0 21196.0
87 4.3499999999999925 5212.0 0 0 22672.19999999996 31325.600000000002 4446.0 21196.0
88 4.399999999999992 5212.0 0 0 22932.79999999996 31325.600000000002 4446.0 21196.0
89 4.449999999999992 5212.0 0 0 23193.399999999958 31325.600000000002 4446.0 21196.0
90 4.499999999999992 5212.0 0 0 23453.99999999996 31325.600000000002 4446.0 21196.0
91 4.549999999999992 5212.0 0 0 23714.59999999996 31325.600000000002 4446.0 21196.0
92 4.599999999999992 5212.0 0 0 23975.199999999957 31325.600000000002 4446.0 21196.0
93 4.6499999999999915 5212.0 0 0 24235.799999999956 31325.600000000002 4446.0 21196.0
94 4.699999999999991 5212.0 0 0 24496.399999999954 31325.600000000002 4446.0 21196.0
95 4.749999999999991 5218.0 0 0 24785.499999999953 31354.000000000004 4450.0 22586.0
96 4.799999999999991 5218.0 0 0 25046.399999999954 31354.000000000004 4450.0 22586.0
97 4.849999999999991 5218.0 0 0 25307.299999999952 31354.000000000004 4450.0 22586.0
98 4.899999999999991 5218.0 0 0 25568.19999999995 31354.000000000004 4450.0 22586.0
99 4.94999999999999 5218.0 0 0 25829.09999999995 31354.000000000004 4450.0 22586.0
