0 0.0 0.0 0 0 0.0 8685.599999999988 1398.0 0.0
1 0.05 1233.0 0 0 61.650000000000006 8685.599999999988 1398.0 0.0
2 0.1 1242.0 0 0 124.2 8686.399999999987 1399.0 248.0
3 0.15000000000000002 1242.0 0 0 186.30000000000004 8686.399999999987 1399.0 248.0
4 0.2 1247.0 0 0 249.4 8687.199999999988 1400.0 727.0
5 0.25 1247.0 0 0 311.75 8687.199999999988 1400.0 727.0
6 0.3 1247.0 0 0 374.09999999999997 8687.199999999988 1400.0 727.0
7 0.35 1247.0 0 0 436.45 8687.199999999988 1400.0 727.0
8 0.39999999999999997 1247.0 0 0 498.79999999999995 8687.199999999988 1400.0 727.0
9 0.44999999999999996 1247.0 0 0 561.15 8687.199999999988 1400.0 727.0
10 0.49999999999999994 1247.0 0 0 623.4999999999999 8687.199999999988 1400.0 727.0
11 0.5499999999999999 1247.0 0 0 685.8499999999999 8687.199999999988 1400.0 727.0
12 0.6 1247.0 0 0 748.1999999999999 8687.199999999988 1400.0 727.0
13 0.65 1247.0 0 0 810.5500000000001 8687.199999999988 1400.0 727.0
14 0.7000000000000001 1247.0 0 0 872.9000000000001 8687.199999999988 1400.0 727.0
15 0.7500000000000001 1247.0 0 0 935.2500000000001 8687.199999999988 1400.0 727.0
16 0.8000000000000002 1247.0 0 0 997.6000000000003 8687.199999999988 1400.0 727.0
17 0.8500000000000002 1260.0 0 0 1071.0000000000002 8697.599999999988 1404.0 2260.0
18 0.9000000000000002 1260.0 0 0 1134.0000000000002 8697.599999999988 1404.0 2260.0
19 0.9500000000000003 1260.0 0 0 1197.0000000000005 8697.599999999988 1404.0 2260.0
20 1.0000000000000002 1260.0 0 0 1260.0000000000002 8697.599999999988 1404.0 2260.0
21 1.0500000000000003 1260.0 0 0 1323.0000000000002 8697.599999999988 1404.0 2260.0
22 1.1000000000000003 1260.0 0 0 1386.0000000000005 8697.599999999988 1404.0 2260.0
23 1.1500000000000004 1260.0 0 0 1449.0000000000005 8697.599999999988 1404.0 2260.0
24 1.2000000000000004 1260.0 0 0 1512.0000000000005 8697.599999999988 1404.0 2260.0
25 1.2500000000000004 1260.0 0 0 1575.0000000000005 8697.599999999988 1404.0 2260.0
26 1.3000000000000005 1260.0 0 0 1638.0000000000007 8697.599999999988 1404.0 2260.0
27 1.3500000000000005 1260.0 0 0 1701.0000000000007 8697.599999999988 1404.0 2260.0
28 1.4000000000000006 1260.0 0 0 1764.0000000000007 8697.599999999988 1404.0 2260.0
29 1.4500000000000006 1260.0 0 0 1827.0000000000007 8697.599999999988 1404.0 2260.0
30 1.5000000000000007 1267.0 0 0 1900.500000000001 8707.999999999989 1408.0 4514.0
31 1.5500000000000007 1267.0 0 0 1963.8500000000008 8707.999999999989 1408.0 4514.0
32 1.6000000000000008 1267.0 0 0 2027.200000000001 8707.999999999989 1408.0 4514.0
33 1.6500000000000008 1267.0 0 0 2090.550000000001 8707.999999999989 1408.0 4514.0
34 1.7000000000000008 1285.0 0 0 2184.500000000001 8738.399999999987 1419.0 6391.0
35 1.7500000000000009 1285.0 0 0 2248.7500000000014 8738.399999999987 1419.0 6391.0
36 1.800000000000001 1285.0 0 0 2313.0000000000014 8738.399999999987 1419.0 6391.0
37 1.850000000000001 1285.0 0 0 2377.2500000000014 8738.399999999987 1419.0 6391.0
38 1.900000000000001 1285.0 0 0 2441.5000000000014 8738.399999999987 1419.0 6391.0
39 1.950000000000001 1285.0 0 0 2505.7500000000014 8738.399999999987 1419.0 6391.0
40 2.000000000000001 1285.0 0 0 2570.0000000000014 8738.399999999987 1419.0 6391.0
41 2.0500000000000007 1285.0 0 0 2634.250000000001 8738.399999999987 1419.0 6391.0
42 2.1000000000000005 1285.0 0 0 2698.500000000001 8738.399999999987 1419.0 6391.0
43 2.1500000000000004 1285.0 0 0 2762.7500000000005 8738.399999999987 1419.0 6391.0
44 2.2 1285.0 0 0 2827.0000000000005 8738.399999999987 1419.0 6391.0
45 2.25 1285.0 0 0 2891.25 8738.399999999987 1419.0 6391.0
46 2.3 1285.0 0 0 2955.4999999999995 8738.399999999987 1419.0 6391.0
47 2.3499999999999996 1285.0 0 0 3019.7499999999995 8738.399999999987 1419.0 6391.0
48 2.3999999999999995 1285.0 0 0 3083.999999999999 8738.399999999987 1419.0 6391.0
49 2.4499999999999993 1290.0 0 0 3160.499999999999 8750.399999999989 1425.0 8908.0
50 2.499999999999999 1290.0 0 0 3224.9999999999986 8750.399999999989 1425.0 8908.0
51 2.549999999999999 1290.0 0 0 3289.4999999999986 8750.399999999989 1425.0 8908.0
52 2.5999999999999988 1290.0 0 0 3353.999999999998 8750.399999999989 1425.0 8908.0
53 2.6499999999999986 1290.0 0 0 3418.499999999998 8750.399999999989 1425.0 8908.0
54 2.6999999999999984 1290.0 0 0 3482.9999999999977 8750.399999999989 1425.0 8908.0
55 2.7499999999999982 1290.0 0 0 3547.4999999999977 8750.399999999989 1425.0 8908.0
56 2.799999999999998 1290.0 0 0 3611.9999999999973 8750.399999999989 1425.0 8908.0
57 2.849999999999998 1290.0 0 0 3676.4999999999973 8750.399999999989 1425.0 8908.0
58 2.8999999999999977 1290.0 0 0 3740.999999999997 8750.399999999989 1425.0 8908.0
59 2.9499999999999975 1296.0 0 0 3823.1999999999966 8767.999999999989 1429.0 9636.0
60 2.9999999999999973 1296.0 0 0 3887.9999999999964 8767.999999999989 1429.0 9636.0
61 3.049999999999997 1296.0 0 0 3952.7999999999965 8767.999999999989 1429.0 9636.0
62 3.099999999999997 1296.0 0 0 4017.5999999999963 8767.999999999989 1429.0 9636.0
63 3.149999999999997 1296.0 0 0 4082.399999999996 8767.999999999989 1429.0 9636.0
64 3.1999999999999966 1296.0 0 0 4147.199999999995 8767.999999999989 1429.0 9636.0
65 3.2499999999999964 1296.0 0 0 4211.999999999995 8767.999999999989 1429.0 9636.0
66 3.2999999999999963 1296.0 0 0 4276.799999999995 8767.999999999989 1429.0 9636.0
67 3.349999999999996 1296.0 0 0 4341.599999999995 8767.999999999989 1429.0 9636.0
68 3.399999999999996 1296.0 0 0 4406.399999999995 8767.999999999989 1429.0 9636.0
69 3.4499999999999957 1296.0 0 0 4471.199999999994 8767.999999999989 1429.0 9636.0
70 3.4999999999999956 1296.0 0 0 4535.9999999999945 8767.999999999989 1429.0 9636.0
71 3.5499999999999954 1296.0 0 0 4600.799999999994 8767.999999999989 1429.0 9636.0
72 3.599999999999995 1296.0 0 0 4665.599999999994 8767.999999999989 1429.0 9636.0
73 3.649999999999995 1296.0 0 0 4730.399999999993 8767.999999999989 1429.0 9636.0
74 3.699999999999995 1296.0 0 0 4795.199999999993 8767.999999999989 1429.0 9636.0
75 3.7499999999999947 1296.0 0 0 4859.999999999993 8767.999999999989 1429.0 9636.0
76 3.7999999999999945 1296.0 0 0 4924.799999999993 8767.999999999989 1429.0 9636.0
77 3.8499999999999943 1296.0 0 0 4989.599999999993 8767.999999999989 1429.0 9636.0
78 3.899999999999994 1296.0 0 0 5054.399999999992 8767.999999999989 1429.0 9636.0
79 3.949999999999994 1296.0 0 0 5119.1999999999925 8767.999999999989 1429.0 9636.0
80 3.999999999999994 1296.0 0 0 5183.999999999992 8767.999999999989 1429.0 9636.0
81 4.049999999999994 1296.0 0 0 5248.799999999992 8767.999999999989 1429.0 9636.0
82 4.099999999999993 1296.0 0 0 5313.599999999991 8767.999999999989 1429.0 9636.0
83 4.149999999999993 1296.0 0 0 5378.399999999991 8767.999999999989 1429.0 9636.0
84 4.199999999999993 1296.0 0 0 5443.199999999991 8767.999999999989 1429.0 9636.0
85 4.249999999999993 1296.0 0 0 5507.999999999991 8767.999999999989 1429.0 9636.0
86 4.299999999999993 1296.0 0 0 5572.79999999999 8767.999999999989 1429.0 9636.0
87 4.3499999999999925 1296.0 0 0 5637.59999999999 8767.999999999989 1429.0 9636.0
88 4.399999999999992 1296.0 0 0 5702.3999999999905 8767.999999999989 1429.0 9636.0
89 4.449999999999992 1296.0 0 0 5767.19999999999 8767.999999999989 1429.0 9636.0
90 4.499999999999992 1296.0 0 0 5831.99999999999 8767.999999999989 1429.0 9636.0
91 4.549999999999992 1296.0 0 0 5896.799999999989 8767.999999999989 1429.0 9636.0
92 4.599999999999992 1296.0 0 0 5961.599999999989 8767.999999999989 1429.0 9636.0
93 4.6499999999999915 1296.0 0 0 6026.399999999989 8767.999999999989 1429.0 9636.0
94 4.699999999999991 1296.0 0 0 6091.199999999989 8767.999999999989 1429.0 9636.0
95 4.749999999999991 1296.0 0 0 6155.999999999988 8767.999999999989 1429.0 9636.0
96 4.799999999999991 1296.0 0 0 6220.799999999988 8767.999999999989 1429.0 9636.0
97 4.849999999999991 1296.0 0 0 6285.599999999988 8767.999999999989 1429.0 9636.0
98 4.899999999999991 1296.0 0 0 6350.399999999988 8767.999999999989 1429.0 9636.0
99 4.94999999999999 1296.0 0 0 6415.199999999988 8767.999999999989 1429.0 9636.0
