0 0.0 0.0 0 0 0.0 15806.399999999987 2279.0 0.0
1 0.05 1631.0 0 0 81.55000000000001 15807.199999999988 2280.0 0.0
2 0.1 1641.0 0 0 164.10000000000002 15807.999999999987 2281.0 0.0
3 0.15000000000000002 1647.0 0 0 247.05000000000004 15808.799999999987 2282.0 0.0
4 0.2 1656.0 0 0 331.20000000000005 15810.399999999987 2284.0 0.0
5 0.25 1656.0 0 0 414.0 15810.399999999987 2284.0 0.0
6 0.3 1656.0 0 0 496.79999999999995 15810.399999999987 2284.0 0.0
7 0.35 1695.0 0 0 593.25 15822.399999999987 2290.0 0.0
8 0.39999999999999997 1695.0 0 0 678.0 15822.399999999987 2290.0 0.0
9 0.44999999999999996 1695.0 0 0 762.7499999999999 15822.399999999987 2290.0 0.0
10 0.49999999999999994 1695.0 0 0 847.4999999999999 15822.399999999987 2290.0 0.0
11 0.5499999999999999 1695.0 0 0 932.2499999999999 15822.399999999987 2290.0 0.0
12 0.6 1695.0 0 0 1017.0 15822.399999999987 2290.0 0.0
13 0.65 1695.0 0 0 1101.75 15822.399999999987 2290.0 0.0
14 0.7000000000000001 1695.0 0 0 1186.5 15822.399999999987 2290.0 0.0
15 0.7500000000000001 1695.0 0 0 1271.2500000000002 15822.399999999987 2290.0 0.0
16 0.8000000000000002 1695.0 0 0 1356.0000000000002 15822.399999999987 2290.0 0.0
17 0.8500000000000002 1695.0 0 0 1440.7500000000002 15822.399999999987 2290.0 0.0
18 0.9000000000000002 1695.0 0 0 1525.5000000000005 15822.399999999987 2290.0 0.0
19 0.9500000000000003 1695.0 0 0 1610.2500000000005 15822.399999999987 2290.0 0.0
20 1.0000000000000002 1695.0 0 0 1695.0000000000005 15822.399999999987 2290.0 0.0
21 1.0500000000000003 1803.0 0 0 1893.1500000000005 15933.59999999999 2308.0 0.0
22 1.1000000000000003 1803.0 0 0 1983.3000000000006 15933.59999999999 2308.0 0.0
23 1.1500000000000004 1895.0 0 0 2179.2500000000005 16035.199999999992 2319.0 0.0
24 1.2000000000000004 1895.0 0 0 2274.000000000001 16035.199999999992 2319.0 0.0
25 1.2500000000000004 1895.0 0 0 2368.750000000001 16035.199999999992 2319.0 0.0
26 1.3000000000000005 1895.0 0 0 2463.500000000001 16035.199999999992 2319.0 0.0
27 1.3500000000000005 1895.0 0 0 2558.250000000001 16035.199999999992 2319.0 0.0
28 1.4000000000000006 1895.0 0 0 2653.000000000001 16035.199999999992 2319.0 0.0
29 1.4500000000000006 1964.0 0 0 2847.800000000001 16132.79999999999 2325.0 0.0
30 1.5000000000000007 1964.0 0 0 2946.0000000000014 16132.79999999999 2325.0 0.0
31 1.5500000000000007 1964.0 0 0 3044.200000000001 16132.79999999999 2325.0 0.0
32 1.6000000000000008 1964.0 0 0 3142.4000000000015 16132.79999999999 2325.0 0.0
33 1.6500000000000008 1964.0 0 0 3240.6000000000017 16132.79999999999 2325.0 0.0
34 1.7000000000000008 1964.0 0 0 3338.8000000000015 16132.79999999999 2325.0 0.0
35 1.7500000000000009 1964.0 0 0 3437.000000000002 16132.79999999999 2325.0 0.0
36 1.800000000000001 1964.0 0 0 3535.2000000000016 16132.79999999999 2325.0 0.0
37 1.850000000000001 1964.0 0 0 3633.400000000002 16132.79999999999 2325.0 0.0
38 1.900000000000001 2015.0 0 0 3828.5000000000023 16229.59999999999 2343.0 0.0
39 1.950000000000001 2015.0 0 0 3929.2500000000023 16229.59999999999 2343.0 0.0
40 2.000000000000001 2015.0 0 0 4030.000000000002 16229.59999999999 2343.0 0.0
41 2.0500000000000007 2015.0 0 0 4130.750000000002 16229.59999999999 2343.0 0.0
42 2.1000000000000005 2015.0 0 0 4231.500000000001 16229.59999999999 2343.0 0.0
43 2.1500000000000004 2015.0 0 0 4332.250000000001 16229.59999999999 2343.0 0.0
44 2.2 2015.0 0 0 4433.0 16229.59999999999 2343.0 0.0
45 2.25 2015.0 0 0 4533.75 16229.59999999999 2343.0 0.0
46 2.3 2015.0 0 0 4634.5 16229.59999999999 2343.0 0.0
47 2.3499999999999996 2057.0 0 0 4833.949999999999 16327.199999999988 2375.0 0.0
48 2.3999999999999995 2057.0 0 0 4936.799999999999 16327.199999999988 2375.0 0.0
49 2.4499999999999993 2057.0 0 0 5039.649999999999 16327.199999999988 2375.0 0.0
50 2.499999999999999 2057.0 0 0 5142.499999999998 16327.199999999988 2375.0 0.0
51 2.549999999999999 2057.0 0 0 5245.349999999998 16327.199999999988 2375.0 0.0
52 2.5999999999999988 2057.0 0 0 5348.199999999997 16327.199999999988 2375.0 0.0
53 2.6499999999999986 2061.0 0 0 5461.649999999997 16337.59999999999 2379.0 0.0
54 2.6999999999999984 2061.0 0 0 5564.699999999997 16337.59999999999 2379.0 0.0
55 2.7499999999999982 2061.0 0 0 5667.749999999996 16337.59999999999 2379.0 0.0
56 2.799999999999998 2082.0 0 0 5829.599999999996 16395.999999999993 2385.0 0.0
57 2.849999999999998 2082.0 0 0 5933.699999999995 16395.999999999993 2385.0 0.0
58 2.8999999999999977 2082.0 0 0 6037.799999999996 16395.999999999993 2385.0 0.0
59 2.9499999999999975 2115.0 0 0 6239.2499999999945 16492.799999999992 2403.0 0.0
60 2.9999999999999973 2115.0 0 0 6344.9999999999945 16492.799999999992 2403.0 0.0
61 3.049999999999997 2115.0 0 0 6450.749999999994 16492.799999999992 2403.0 0.0
62 3.099999999999997 2115.0 0 0 6556.499999999994 16492.799999999992 2403.0 0.0
63 3.149999999999997 2115.0 0 0 6662.249999999994 16492.799999999992 2403.0 0.0
64 3.1999999999999966 2133.0 0 0 6825.599999999993 16550.39999999999 2408.0 0.0
65 3.2499999999999964 2136.0 0 0 6941.999999999993 16559.999999999993 2411.0 0.0
66 3.2999999999999963 2136.0 0 0 7048.799999999992 16559.999999999993 2411.0 0.0
67 3.349999999999996 2136.0 0 0 7155.599999999991 16559.999999999993 2411.0 0.0
68 3.399999999999996 2136.0 0 0 7262.399999999991 16559.999999999993 2411.0 0.0
69 3.4499999999999957 2136.0 0 0 7369.199999999991 16559.999999999993 2411.0 0.0
70 3.4999999999999956 2139.0 0 0 7486.499999999991 16570.399999999994 2415.0 0.0
71 3.5499999999999954 2139.0 0 0 7593.44999999999 16570.399999999994 2415.0 0.0
72 3.599999999999995 2139.0 0 0 7700.39999999999 16570.399999999994 2415.0 0.0
73 3.649999999999995 2139.0 0 0 7807.349999999989 16570.399999999994 2415.0 0.0
74 3.699999999999995 2139.0 0 0 7914.299999999989 16570.399999999994 2415.0 0.0
75 3.7499999999999947 2139.0 0 0 8021.249999999988 16570.399999999994 2415.0 0.0
76 3.7999999999999945 2139.0 0 0 8128.199999999988 16570.399999999994 2415.0 0.0
77 3.8499999999999943 2139.0 0 0 8235.149999999989 16570.399999999994 2415.0 0.0
78 3.899999999999994 2139.0 0 0 8342.099999999988 16570.399999999994 2415.0 0.0
79 3.949999999999994 2165.0 0 0 8551.749999999987 16671.999999999996 2430.0 0.0
80 3.999999999999994 2165.0 0 0 8659.999999999987 16671.999999999996 2430.0 0.0
81 4.049999999999994 2165.0 0 0 8768.249999999985 16671.999999999996 2430.0 0.0
82 4.099999999999993 2165.0 0 0 8876.499999999985 16671.999999999996 2430.0 0.0
83 4.149999999999993 2165.0 0 0 8984.749999999985 16671.999999999996 2430.0 0.0
84 4.199999999999993 2165.0 0 0 9092.999999999985 16671.999999999996 2430.0 0.0
85 4.249999999999993 2165.0 0 0 9201.249999999985 16671.999999999996 2430.0 0.0
86 4.299999999999993 2165.0 0 0 9309.499999999984 16671.999999999996 2430.0 0.0
87 4.3499999999999925 2165.0 0 0 9417.749999999984 16671.999999999996 2430.0 0.0
88 4.399999999999992 2188.0 0 0 9627.199999999983 16772.799999999996 2440.0 0.0
89 4.449999999999992 2188.0 0 0 9736.599999999982 16772.799999999996 2440.0 0.0
90 4.499999999999992 2188.0 0 0 9845.999999999982 16772.799999999996 2440.0 0.0
91 4.549999999999992 2188.0 0 0 9955.399999999981 16772.799999999996 2440.0 0.0
92 4.599999999999992 2188.0 0 0 10064.799999999981 16772.799999999996 2440.0 0.0
93 4.6499999999999915 2188.0 0 0 10174.19999999998 16772.799999999996 2440.0 0.0
94 4.699999999999991 2188.0 0 0 10283.59999999998 16772.799999999996 2440.0 0.0
95 4.749999999999991 2188.0 0 0 10392.99999999998 16772.799999999996 2440.0 0.0
96 4.799999999999991 2188.0 0 0 10502.39999999998 16772.799999999996 2440.0 0.0
97 4.849999999999991 2188.0 0 0 10611.79999999998 16772.799999999996 2440.0 0.0
98 4.899999999999991 2188.0 0 0 10721.199999999979 16772.799999999996 2440.0 0.0
99 4.94999999999999 2188.0 0 0 10830.599999999979 16772.799999999996 2440.0 0.0
