0 0.0 0.0 0 0 0.0 12283.799999999981 2317.0 0.0
1 0.05 1587.0 0 0 79.35000000000001 12283.799999999981 2317.0 0.0
2 0.1 1587.0 0 0 158.70000000000002 12283.799999999981 2317.0 0.0
3 0.15000000000000002 1587.0 0 0 238.05000000000004 12283.799999999981 2317.0 0.0
4 0.2 1587.0 0 0 317.40000000000003 12283.799999999981 2317.0 0.0
5 0.25 1587.0 0 0 396.75 12283.799999999981 2317.0 0.0
6 0.3 1587.0 0 0 476.09999999999997 12283.799999999981 2317.0 0.0
7 0.35 1587.0 0 0 555.4499999999999 12283.799999999981 2317.0 0.0
8 0.39999999999999997 1587.0 0 0 634.8 12283.799999999981 2317.0 0.0
9 0.44999999999999996 1587.0 0 0 714.15 12283.799999999981 2317.0 0.0
10 0.49999999999999994 1587.0 0 0 793.4999999999999 12283.799999999981 2317.0 0.0
11 0.5499999999999999 1587.0 0 0 872.8499999999999 12283.799999999981 2317.0 0.0
12 0.6 1587.0 0 0 952.1999999999999 12283.799999999981 2317.0 0.0
13 0.65 1587.0 0 0 1031.55 12283.799999999981 2317.0 0.0
14 0.7000000000000001 1587.0 0 0 1110.9 12283.799999999981 2317.0 0.0
15 0.7500000000000001 1587.0 0 0 1190.2500000000002 12283.799999999981 2317.0 0.0
16 0.8000000000000002 1587.0 0 0 1269.6000000000001 12283.799999999981 2317.0 0.0
17 0.8500000000000002 1587.0 0 0 1348.9500000000003 12283.799999999981 2317.0 0.0
18 0.9000000000000002 1587.0 0 0 1428.3000000000004 12283.799999999981 2317.0 0.0
19 0.9500000000000003 1672.0 0 0 1588.4000000000005 12363.799999999981 2321.0 0.0
20 1.0000000000000002 1672.0 0 0 1672.0000000000005 12363.799999999981 2321.0 0.0
21 1.0500000000000003 1672.0 0 0 1755.6000000000004 12363.799999999981 2321.0 0.0
22 1.1000000000000003 1672.0 0 0 1839.2000000000005 12363.799999999981 2321.0 0.0
23 1.1500000000000004 1672.0 0 0 1922.8000000000006 12363.799999999981 2321.0 0.0
24 1.2000000000000004 1672.0 0 0 2006.4000000000008 12363.799999999981 2321.0 0.0
25 1.2500000000000004 1672.0 0 0 2090.000000000001 12363.799999999981 2321.0 0.0
26 1.3000000000000005 1672.0 0 0 2173.600000000001 12363.799999999981 2321.0 0.0
27 1.3500000000000005 1672.0 0 0 2257.2000000000007 12363.799999999981 2321.0 0.0
28 1.4000000000000006 1672.0 0 0 2340.800000000001 12363.799999999981 2321.0 0.0
29 1.4500000000000006 1672.0 0 0 2424.400000000001 12363.799999999981 2321.0 0.0
30 1.5000000000000007 1672.0 0 0 2508.000000000001 12363.799999999981 2321.0 0.0
31 1.5500000000000007 1672.0 0 0 2591.6000000000013 12363.799999999981 2321.0 0.0
32 1.6000000000000008 1672.0 0 0 2675.200000000001 12363.799999999981 2321.0 0.0
33 1.6500000000000008 1672.0 0 0 2758.8000000000015 12363.799999999981 2321.0 0.0
34 1.7000000000000008 1672.0 0 0 2842.4000000000015 12363.799999999981 2321.0 0.0
35 1.7500000000000009 1672.0 0 0 2926.0000000000014 12363.799999999981 2321.0 0.0
36 1.800000000000001 1672.0 0 0 3009.6000000000017 12363.799999999981 2321.0 0.0
37 1.850000000000001 1672.0 0 0 3093.2000000000016 12363.799999999981 2321.0 0.0
38 1.900000000000001 1672.0 0 0 3176.8000000000015 12363.799999999981 2321.0 0.0
39 1.950000000000001 1672.0 0 0 3260.400000000002 12363.799999999981 2321.0 0.0
40 2.000000000000001 1672.0 0 0 3344.0000000000014 12363.799999999981 2321.0 0.0
41 2.0500000000000007 1672.0 0 0 3427.6000000000013 12363.799999999981 2321.0 0.0
42 2.1000000000000005 1672.0 0 0 3511.2000000000007 12363.799999999981 2321.0 0.0
43 2.1500000000000004 1672.0 0 0 3594.8000000000006 12363.799999999981 2321.0 0.0
44 2.2 1672.0 0 0 3678.4 12363.799999999981 2321.0 0.0
45 2.25 1672.0 0 0 3762.0 12363.799999999981 2321.0 0.0
46 2.3 1672.0 0 0 3845.6 12363.799999999981 2321.0 0.0
47 2.3499999999999996 1672.0 0 0 3929.1999999999994 12363.799999999981 2321.0 0.0
48 2.3999999999999995 1689.0 0 0 4053.599999999999 12403.799999999981 2322.0 0.0
49 2.4499999999999993 1689.0 0 0 4138.049999999998 12403.799999999981 2322.0 0.0
50 2.499999999999999 1689.0 0 0 4222.499999999998 12403.799999999981 2322.0 0.0
51 2.549999999999999 1799.0 0 0 4587.449999999998 12683.799999999981 2329.0 0.0
52 2.5999999999999988 1799.0 0 0 4677.399999999998 12683.799999999981 2329.0 0.0
53 2.6499999999999986 1799.0 0 0 4767.349999999998 12683.799999999981 2329.0 0.0
54 2.6999999999999984 1814.0 0 0 4897.799999999997 12723.799999999981 2331.0 0.0
55 2.7499999999999982 1814.0 0 0 4988.499999999996 12723.799999999981 2331.0 0.0
56 2.799999999999998 1814.0 0 0 5079.199999999996 12723.799999999981 2331.0 0.0
57 2.849999999999998 1814.0 0 0 5169.899999999996 12723.799999999981 2331.0 0.0
58 2.8999999999999977 1814.0 0 0 5260.599999999996 12723.799999999981 2331.0 0.0
59 2.9499999999999975 1814.0 0 0 5351.299999999996 12723.799999999981 2331.0 0.0
60 2.9999999999999973 1814.0 0 0 5441.999999999995 12723.799999999981 2331.0 0.0
61 3.049999999999997 1814.0 0 0 5532.699999999995 12723.799999999981 2331.0 0.0
62 3.099999999999997 1827.0 0 0 5663.699999999994 12763.799999999981 2332.0 0.0
63 3.149999999999997 1827.0 0 0 5755.049999999994 12763.799999999981 2332.0 0.0
64 3.1999999999999966 1827.0 0 0 5846.399999999994 12763.799999999981 2332.0 0.0
65 3.2499999999999964 1827.0 0 0 5937.749999999994 12763.799999999981 2332.0 0.0
66 3.2999999999999963 1827.0 0 0 6029.099999999993 12763.799999999981 2332.0 0.0
67 3.349999999999996 1827.0 0 0 6120.4499999999925 12763.799999999981 2332.0 0.0
68 3.399999999999996 1827.0 0 0 6211.799999999993 12763.799999999981 2332.0 0.0
69 3.4499999999999957 1827.0 0 0 6303.149999999992 12763.799999999981 2332.0 0.0
70 3.4999999999999956 1827.0 0 0 6394.499999999992 12763.799999999981 2332.0 0.0
71 3.5499999999999954 1827.0 0 0 6485.849999999991 12763.799999999981 2332.0 0.0
72 3.599999999999995 1827.0 0 0 6577.199999999992 12763.799999999981 2332.0 0.0
73 3.649999999999995 1827.0 0 0 6668.549999999991 12763.799999999981 2332.0 0.0
74 3.699999999999995 1827.0 0 0 6759.8999999999905 12763.799999999981 2332.0 0.0
75 3.7499999999999947 1827.0 0 0 6851.24999999999 12763.799999999981 2332.0 0.0
76 3.7999999999999945 1827.0 0 0 6942.59999999999 12763.799999999981 2332.0 0.0
77 3.8499999999999943 1827.0 0 0 7033.94999999999 12763.799999999981 2332.0 0.0
78 3.899999999999994 1827.0 0 0 7125.299999999989 12763.799999999981 2332.0 0.0
79 3.949999999999994 1827.0 0 0 7216.649999999989 12763.799999999981 2332.0 0.0
80 3.999999999999994 1827.0 0 0 7307.999999999989 12763.799999999981 2332.0 0.0
81 4.049999999999994 1827.0 0 0 7399.3499999999885 12763.799999999981 2332.0 0.0
82 4.099999999999993 1827.0 0 0 7490.699999999988 12763.799999999981 2332.0 0.0
83 4.149999999999993 1827.0 0 0 7582.049999999987 12763.799999999981 2332.0 0.0
84 4.199999999999993 1827.0 0 0 7673.399999999987 12763.799999999981 2332.0 0.0
85 4.249999999999993 1827.0 0 0 7764.749999999987 12763.799999999981 2332.0 0.0
86 4.299999999999993 1827.0 0 0 7856.099999999987 12763.799999999981 2332.0 0.0
87 4.3499999999999925 1827.0 0 0 7947.449999999986 12763.799999999981 2332.0 0.0
88 4.399999999999992 1827.0 0 0 8038.799999999986 12763.799999999981 2332.0 0.0
89 4.449999999999992 1827.0 0 0 8130.149999999986 12763.799999999981 2332.0 0.0
90 4.499999999999992 1827.0 0 0 8221.499999999985 12763.799999999981 2332.0 0.0
91 4.549999999999992 1827.0 0 0 8312.849999999986 12763.799999999981 2332.0 0.0
92 4.599999999999992 1827.0 0 0 8404.199999999984 12763.799999999981 2332.0 0.0
93 4.6499999999999915 1827.0 0 0 8495.549999999985 12763.799999999981 2332.0 0.0
94 4.699999999999991 1827.0 0 0 8586.899999999983 12763.799999999981 2332.0 0.0
95 4.749999999999991 1827.0 0 0 8678.249999999984 12763.799999999981 2332.0 0.0
96 4.799999999999991 1827.0 0 0 8769.599999999984 12763.799999999981 2332.0 0.0
97 4.849999999999991 1827.0 0 0 8860.949999999983 12763.799999999981 2332.0 0.0
98 4.899999999999991 1896.0 0 0 9290.399999999981 13099.799999999988 2342.0 0.0
99 4.94999999999999 1896.0 0 0 9385.199999999983 13099.799999999988 2342.0 0.0
