0 0.0 0.0 0 0 0.0 77434.40000000004 11169.0 0.0
1 0.05 8374.0 0 0 418.70000000000005 77435.20000000003 11171.0 108.0
2 0.1 8450.0 0 0 845.0 77440.40000000004 11174.0 390.0
3 0.15000000000000002 8474.0 0 0 1271.1000000000001 77443.40000000004 11177.0 718.0
4 0.2 8497.0 0 0 1699.4 77447.40000000004 11184.0 1349.0
5 0.25 8501.0 0 0 2125.25 77448.20000000004 11185.0 1448.0
6 0.3 8509.0 0 0 2552.7 77450.20000000004 11187.0 1511.0
7 0.35 8550.0 0 0 2992.5 77463.40000000004 11199.0 3987.0
8 0.39999999999999997 8550.0 0 0 3419.9999999999995 77463.40000000004 11199.0 3987.0
9 0.44999999999999996 8550.0 0 0 3847.4999999999995 77463.40000000004 11199.0 3987.0
10 0.49999999999999994 8550.0 0 0 4274.999999999999 77463.40000000004 11199.0 3987.0
11 0.5499999999999999 8550.0 0 0 4702.499999999999 77463.40000000004 11199.0 3987.0
12 0.6 8550.0 0 0 5130.0 77463.40000000004 11199.0 3987.0
13 0.65 8550.0 0 0 5557.5 77463.40000000004 11199.0 3987.0
14 0.7000000000000001 8550.0 0 0 5985.000000000001 77463.40000000004 11199.0 3987.0
15 0.7500000000000001 8645.0 0 0 6483.750000000001 77532.20000000004 11209.0 5597.0
16 0.8000000000000002 8645.0 0 0 6916.000000000001 77532.20000000004 11209.0 5597.0
17 0.8500000000000002 8661.0 0 0 7361.850000000002 77545.20000000004 11213.0 6381.0
18 0.9000000000000002 8661.0 0 0 7794.900000000002 77545.20000000004 11213.0 6381.0
19 0.9500000000000003 8661.0 0 0 8227.950000000003 77545.20000000004 11213.0 6381.0
20 1.0000000000000002 8661.0 0 0 8661.000000000002 77545.20000000004 11213.0 6381.0
21 1.0500000000000003 8671.0 0 0 9104.550000000003 77555.60000000003 11221.0 6912.0
22 1.1000000000000003 8671.0 0 0 9538.100000000002 77555.60000000003 11221.0 6912.0
23 1.1500000000000004 8682.0 0 0 9984.300000000003 77568.00000000003 11224.0 7113.0
24 1.2000000000000004 8682.0 0 0 10418.400000000003 77568.00000000003 11224.0 7113.0
25 1.2500000000000004 8695.0 0 0 10868.750000000004 77584.00000000003 11231.0 9185.0
26 1.3000000000000005 8695.0 0 0 11303.500000000004 77584.00000000003 11231.0 9185.0
27 1.3500000000000005 8716.0 0 0 11766.600000000004 77612.00000000003 11239.0 11100.0
28 1.4000000000000006 8716.0 0 0 12202.400000000005 77612.00000000003 11239.0 11100.0
29 1.4500000000000006 8737.0 0 0 12668.650000000005 77641.60000000003 11249.0 13657.0
30 1.5000000000000007 8737.0 0 0 13105.500000000005 77641.60000000003 11249.0 13657.0
31 1.5500000000000007 8737.0 0 0 13542.350000000006 77641.60000000003 11249.0 13657.0
32 1.6000000000000008 8737.0 0 0 13979.200000000006 77641.60000000003 11249.0 13657.0
33 1.6500000000000008 8737.0 0 0 14416.050000000007 77641.60000000003 11249.0 13657.0
34 1.7000000000000008 8737.0 0 0 14852.900000000007 77641.60000000003 11249.0 13657.0
35 1.7500000000000009 8743.0 0 0 15300.250000000007 77652.00000000004 11253.0 14231.0
36 1.800000000000001 8743.0 0 0 15737.400000000009 77652.00000000004 11253.0 14231.0
37 1.850000000000001 8748.0 0 0 16183.800000000008 77661.20000000004 11258.0 15379.0
38 1.900000000000001 8748.0 0 0 16621.200000000008 77661.20000000004 11258.0 15379.0
39 1.950000000000001 8758.0 0 0 17078.10000000001 77680.40000000005 11264.0 16665.0
40 2.000000000000001 8758.0 0 0 17516.000000000007 77680.40000000005 11264.0 16665.0
41 2.0500000000000007 8767.0 0 0 17972.350000000006 77698.40000000005 11266.0 17214.0
42 2.1000000000000005 8767.0 0 0 18410.700000000004 77698.40000000005 11266.0 17214.0
43 2.1500000000000004 8767.0 0 0 18849.050000000003 77698.40000000005 11266.0 17214.0
44 2.2 8767.0 0 0 19287.4 77698.40000000005 11266.0 17214.0
45 2.25 8767.0 0 0 19725.75 77698.40000000005 11266.0 17214.0
46 2.3 8767.0 0 0 20164.1 77698.40000000005 11266.0 17214.0
47 2.3499999999999996 8767.0 0 0 20602.449999999997 77698.40000000005 11266.0 17214.0
48 2.3999999999999995 8767.0 0 0 21040.799999999996 77698.40000000005 11266.0 17214.0
49 2.4499999999999993 8767.0 0 0 21479.149999999994 77698.40000000005 11266.0 17214.0
50 2.499999999999999 8767.0 0 0 21917.499999999993 77698.40000000005 11266.0 17214.0
51 2.549999999999999 8767.0 0 0 22355.84999999999 77698.40000000005 11266.0 17214.0
52 2.5999999999999988 8767.0 0 0 22794.19999999999 77698.40000000005 11266.0 17214.0
53 2.6499999999999986 8767.0 0 0 23232.54999999999 77698.40000000005 11266.0 17214.0
54 2.6999999999999984 8767.0 0 0 23670.899999999987 77698.40000000005 11266.0 17214.0
55 2.7499999999999982 8767.0 0 0 24109.249999999985 77698.40000000005 11266.0 17214.0
56 2.799999999999998 8771.0 0 0 24558.79999999998 77709.40000000005 11268.0 17327.0
57 2.849999999999998 8793.0 0 0 25060.04999999998 77771.40000000005 11289.0 20893.0
58 2.8999999999999977 8793.0 0 0 25499.69999999998 77771.40000000005 11289.0 20893.0
59 2.9499999999999975 8793.0 0 0 25939.349999999977 77771.40000000005 11289.0 20893.0
60 2.9999999999999973 8793.0 0 0 26378.999999999978 77771.40000000005 11289.0 20893.0
61 3.049999999999997 8801.0 0 0 26843.049999999974 77795.40000000005 11292.0 21992.0
62 3.099999999999997 8801.0 0 0 27283.099999999973 77795.40000000005 11292.0 21992.0
63 3.149999999999997 8801.0 0 0 27723.149999999972 77795.40000000005 11292.0 21992.0
64 3.1999999999999966 8801.0 0 0 28163.19999999997 77795.40000000005 11292.0 21992.0
65 3.2499999999999964 8801.0 0 0 28603.249999999967 77795.40000000005 11292.0 21992.0
66 3.2999999999999963 8801.0 0 0 29043.299999999967 77795.40000000005 11292.0 21992.0
67 3.349999999999996 8804.0 0 0 29493.399999999965 77805.40000000005 11293.0 21992.0
68 3.399999999999996 8804.0 0 0 29933.599999999966 77805.40000000005 11293.0 21992.0
69 3.4499999999999957 8804.0 0 0 30373.799999999963 77805.40000000005 11293.0 21992.0
70 3.4999999999999956 8804.0 0 0 30813.99999999996 77805.40000000005 11293.0 21992.0
71 3.5499999999999954 8804.0 0 0 31254.19999999996 77805.40000000005 11293.0 21992.0
72 3.599999999999995 8804.0 0 0 31694.399999999958 77805.40000000005 11293.0 21992.0
73 3.649999999999995 8804.0 0 0 32134.599999999955 77805.40000000005 11293.0 21992.0
74 3.699999999999995 8818.0 0 0 32626.599999999955 77856.60000000005 11299.0 23289.0
75 3.7499999999999947 8818.0 0 0 33067.499999999956 77856.60000000005 11299.0 23289.0
76 3.7999999999999945 8839.0 0 0 33588.19999999995 77935.40000000005 11326.0 41818.0
77 3.8499999999999943 8874.0 0 0 34164.89999999995 78069.80000000005 11342.0 44438.0
78 3.899999999999994 8874.0 0 0 34608.59999999995 78069.80000000005 11342.0 44438.0
79 3.949999999999994 8874.0 0 0 35052.299999999945 78069.80000000005 11342.0 44438.0
80 3.999999999999994 8874.0 0 0 35495.99999999994 78069.80000000005 11342.0 44438.0
81 4.049999999999994 8874.0 0 0 35939.699999999946 78069.80000000005 11342.0 44438.0
82 4.099999999999993 8884.0 0 0 36424.39999999994 78110.60000000005 11344.0 44942.0
83 4.149999999999993 8884.0 0 0 36868.59999999994 78110.60000000005 11344.0 44942.0
84 4.199999999999993 8884.0 0 0 37312.79999999994 78110.60000000005 11344.0 44942.0
85 4.249999999999993 8884.0 0 0 37756.999999999935 78110.60000000005 11344.0 44942.0
86 4.299999999999993 8884.0 0 0 38201.19999999994 78110.60000000005 11344.0 44942.0
87 4.3499999999999925 8884.0 0 0 38645.399999999936 78110.60000000005 11344.0 44942.0
88 4.399999999999992 8891.0 0 0 39120.39999999993 78141.40000000005 11354.0 49415.0
89 4.449999999999992 8891.0 0 0 39564.94999999993 78141.40000000005 11354.0 49415.0
90 4.499999999999992 8891.0 0 0 40009.49999999993 78141.40000000005 11354.0 49415.0
91 4.549999999999992 8891.0 0 0 40454.04999999993 78141.40000000005 11354.0 49415.0
92 4.599999999999992 8891.0 0 0 40898.599999999926 78141.40000000005 11354.0 49415.0
93 4.6499999999999915 8902.0 0 0 41394.29999999992 78192.40000000005 11356.0 49456.0
94 4.699999999999991 8902.0 0 0 41839.39999999992 78192.40000000005 11356.0 49456.0
95 4.749999999999991 8906.0 0 0 42303.49999999992 78211.20000000006 11376.0 57824.0
96 4.799999999999991 8915.0 0 0 42791.99999999992 78254.20000000006 11383.0 60653.0
97 4.849999999999991 8915.0 0 0 43237.74999999992 78254.20000000006 11383.0 60653.0
98 4.899999999999991 8915.0 0 0 43683.49999999991 78254.20000000006 11383.0 60653.0
99 4.94999999999999 8915.0 0 0 44129.24999999991 78254.20000000006 11383.0 60653.0
