0 0.0 0.0 0 0 0.0 17856.999999999985 2465.0 0.0
1 0.05 2006.0 0 0 100.30000000000001 17857.399999999987 2466.0 8.0
2 0.1 2006.0 0 0 200.60000000000002 17857.399999999987 2466.0 8.0
3 0.15000000000000002 2006.0 0 0 300.90000000000003 17857.399999999987 2466.0 8.0
4 0.2 2006.0 0 0 401.20000000000005 17857.399999999987 2466.0 8.0
5 0.25 2011.0 0 0 502.75 17858.399999999987 2467.0 103.0
6 0.3 2018.0 0 0 605.4 17860.399999999987 2469.0 426.0
7 0.35 2025.0 0 0 708.75 17862.799999999985 2472.0 452.0
8 0.39999999999999997 2025.0 0 0 809.9999999999999 17862.799999999985 2472.0 452.0
9 0.44999999999999996 2039.0 0 0 917.55 17868.799999999985 2478.0 1460.0
10 0.49999999999999994 2039.0 0 0 1019.4999999999999 17868.799999999985 2478.0 1460.0
11 0.5499999999999999 2039.0 0 0 1121.4499999999998 17868.799999999985 2478.0 1460.0
12 0.6 2039.0 0 0 1223.3999999999999 17868.799999999985 2478.0 1460.0
13 0.65 2055.0 0 0 1335.75 17878.799999999985 2479.0 1515.0
14 0.7000000000000001 2055.0 0 0 1438.5000000000002 17878.799999999985 2479.0 1515.0
15 0.7500000000000001 2055.0 0 0 1541.2500000000002 17878.799999999985 2479.0 1515.0
16 0.8000000000000002 2055.0 0 0 1644.0000000000002 17878.799999999985 2479.0 1515.0
17 0.8500000000000002 2055.0 0 0 1746.7500000000005 17878.799999999985 2479.0 1515.0
18 0.9000000000000002 2055.0 0 0 1849.5000000000005 17878.799999999985 2479.0 1515.0
19 0.9500000000000003 2055.0 0 0 1952.2500000000007 17878.799999999985 2479.0 1515.0
20 1.0000000000000002 2055.0 0 0 2055.0000000000005 17878.799999999985 2479.0 1515.0
21 1.0500000000000003 2055.0 0 0 2157.7500000000005 17878.799999999985 2479.0 1515.0
22 1.1000000000000003 2055.0 0 0 2260.5000000000005 17878.799999999985 2479.0 1515.0
23 1.1500000000000004 2055.0 0 0 2363.250000000001 17878.799999999985 2479.0 1515.0
24 1.2000000000000004 2068.0 0 0 2481.600000000001 17893.799999999985 2485.0 2826.0
25 1.2500000000000004 2068.0 0 0 2585.000000000001 17893.799999999985 2485.0 2826.0
26 1.3000000000000005 2068.0 0 0 2688.400000000001 17893.799999999985 2485.0 2826.0
27 1.3500000000000005 2068.0 0 0 2791.800000000001 17893.799999999985 2485.0 2826.0
28 1.4000000000000006 2068.0 0 0 2895.200000000001 17893.799999999985 2485.0 2826.0
29 1.4500000000000006 2068.0 0 0 2998.6000000000013 17893.799999999985 2485.0 2826.0
30 1.5000000000000007 2068.0 0 0 3102.0000000000014 17893.799999999985 2485.0 2826.0
31 1.5500000000000007 2068.0 0 0 3205.4000000000015 17893.799999999985 2485.0 2826.0
32 1.6000000000000008 2068.0 0 0 3308.8000000000015 17893.799999999985 2485.0 2826.0
33 1.6500000000000008 2068.0 0 0 3412.2000000000016 17893.799999999985 2485.0 2826.0
34 1.7000000000000008 2068.0 0 0 3515.6000000000017 17893.799999999985 2485.0 2826.0
35 1.7500000000000009 2126.0 0 0 3720.500000000002 17994.799999999985 2501.0 5767.0
36 1.800000000000001 2126.0 0 0 3826.800000000002 17994.799999999985 2501.0 5767.0
37 1.850000000000001 2126.0 0 0 3933.100000000002 17994.799999999985 2501.0 5767.0
38 1.900000000000001 2126.0 0 0 4039.4000000000024 17994.799999999985 2501.0 5767.0
39 1.950000000000001 2126.0 0 0 4145.700000000003 17994.799999999985 2501.0 5767.0
40 2.000000000000001 2147.0 0 0 4294.000000000002 18035.799999999985 2515.0 11613.0
41 2.0500000000000007 2147.0 0 0 4401.350000000001 18035.799999999985 2515.0 11613.0
42 2.1000000000000005 2147.0 0 0 4508.700000000001 18035.799999999985 2515.0 11613.0
43 2.1500000000000004 2147.0 0 0 4616.050000000001 18035.799999999985 2515.0 11613.0
44 2.2 2147.0 0 0 4723.400000000001 18035.799999999985 2515.0 11613.0
45 2.25 2147.0 0 0 4830.75 18035.799999999985 2515.0 11613.0
46 2.3 2147.0 0 0 4938.099999999999 18035.799999999985 2515.0 11613.0
47 2.3499999999999996 2147.0 0 0 5045.449999999999 18035.799999999985 2515.0 11613.0
48 2.3999999999999995 2147.0 0 0 5152.799999999999 18035.799999999985 2515.0 11613.0
49 2.4499999999999993 2152.0 0 0 5272.399999999999 18047.799999999985 2518.0 12414.0
50 2.499999999999999 2152.0 0 0 5379.999999999998 18047.799999999985 2518.0 12414.0
51 2.549999999999999 2152.0 0 0 5487.599999999998 18047.799999999985 2518.0 12414.0
52 2.5999999999999988 2152.0 0 0 5595.199999999997 18047.799999999985 2518.0 12414.0
53 2.6499999999999986 2152.0 0 0 5702.7999999999965 18047.799999999985 2518.0 12414.0
54 2.6999999999999984 2152.0 0 0 5810.399999999997 18047.799999999985 2518.0 12414.0
55 2.7499999999999982 2152.0 0 0 5917.999999999996 18047.799999999985 2518.0 12414.0
56 2.799999999999998 2152.0 0 0 6025.599999999996 18047.799999999985 2518.0 12414.0
57 2.849999999999998 2152.0 0 0 6133.199999999995 18047.799999999985 2518.0 12414.0
58 2.8999999999999977 2152.0 0 0 6240.799999999995 18047.799999999985 2518.0 12414.0
59 2.9499999999999975 2152.0 0 0 6348.399999999995 18047.799999999985 2518.0 12414.0
60 2.9999999999999973 2152.0 0 0 6455.9999999999945 18047.799999999985 2518.0 12414.0
61 3.049999999999997 2152.0 0 0 6563.599999999994 18047.799999999985 2518.0 12414.0
62 3.099999999999997 2152.0 0 0 6671.199999999993 18047.799999999985 2518.0 12414.0
63 3.149999999999997 2152.0 0 0 6778.799999999993 18047.799999999985 2518.0 12414.0
64 3.1999999999999966 2152.0 0 0 6886.399999999992 18047.799999999985 2518.0 12414.0
65 3.2499999999999964 2164.0 0 0 7032.999999999993 18086.599999999984 2530.0 12414.0
66 3.2999999999999963 2164.0 0 0 7141.199999999992 18086.599999999984 2530.0 12414.0
67 3.349999999999996 2164.0 0 0 7249.399999999991 18086.599999999984 2530.0 12414.0
68 3.399999999999996 2164.0 0 0 7357.599999999991 18086.599999999984 2530.0 12414.0
69 3.4499999999999957 2168.0 0 0 7479.59999999999 18100.199999999986 2537.0 12414.0
70 3.4999999999999956 2168.0 0 0 7587.99999999999 18100.199999999986 2537.0 12414.0
71 3.5499999999999954 2168.0 0 0 7696.39999999999 18100.199999999986 2537.0 12414.0
72 3.599999999999995 2168.0 0 0 7804.799999999989 18100.199999999986 2537.0 12414.0
73 3.649999999999995 2168.0 0 0 7913.199999999989 18100.199999999986 2537.0 12414.0
74 3.699999999999995 2168.0 0 0 8021.5999999999885 18100.199999999986 2537.0 12414.0
75 3.7499999999999947 2168.0 0 0 8129.999999999988 18100.199999999986 2537.0 12414.0
76 3.7999999999999945 2168.0 0 0 8238.399999999989 18100.199999999986 2537.0 12414.0
77 3.8499999999999943 2197.0 0 0 8458.449999999988 18211.599999999988 2575.0 29274.0
78 3.899999999999994 2197.0 0 0 8568.299999999987 18211.599999999988 2575.0 29274.0
79 3.949999999999994 2197.0 0 0 8678.149999999987 18211.599999999988 2575.0 29274.0
80 3.999999999999994 2197.0 0 0 8787.999999999985 18211.599999999988 2575.0 29274.0
81 4.049999999999994 2197.0 0 0 8897.849999999986 18211.599999999988 2575.0 29274.0
82 4.099999999999993 2197.0 0 0 9007.699999999986 18211.599999999988 2575.0 29274.0
83 4.149999999999993 2197.0 0 0 9117.549999999985 18211.599999999988 2575.0 29274.0
84 4.199999999999993 2197.0 0 0 9227.399999999985 18211.599999999988 2575.0 29274.0
85 4.249999999999993 2197.0 0 0 9337.249999999984 18211.599999999988 2575.0 29274.0
86 4.299999999999993 2197.0 0 0 9447.099999999984 18211.599999999988 2575.0 29274.0
87 4.3499999999999925 2197.0 0 0 9556.949999999984 18211.599999999988 2575.0 29274.0
88 4.399999999999992 2197.0 0 0 9666.799999999983 18211.599999999988 2575.0 29274.0
89 4.449999999999992 2197.0 0 0 9776.649999999983 18211.599999999988 2575.0 29274.0
90 4.499999999999992 2197.0 0 0 9886.499999999982 18211.599999999988 2575.0 29274.0
91 4.549999999999992 2197.0 0 0 9996.349999999982 18211.599999999988 2575.0 29274.0
92 4.599999999999992 2197.0 0 0 10106.199999999983 18211.599999999988 2575.0 29274.0
93 4.6499999999999915 2197.0 0 0 10216.049999999981 18211.599999999988 2575.0 29274.0
94 4.699999999999991 2197.0 0 0 10325.899999999981 18211.599999999988 2575.0 29274.0
95 4.749999999999991 2204.0 0 0 10468.99999999998 18244.599999999988 2581.0 31167.0
96 4.799999999999991 2204.0 0 0 10579.19999999998 18244.599999999988 2581.0 31167.0
97 4.849999999999991 2204.0 0 0 10689.39999999998 18244.599999999988 2581.0 31167.0
98 4.899999999999991 2204.0 0 0 10799.599999999979 18244.599999999988 2581.0 31167.0
99 4.94999999999999 2204.0 0 0 10909.79999999998 18244.599999999988 2581.0 31167.0
