0 0.0 0.0 0 0 0.0 17856.999999999985 2465.0 0.0
1 0.05 1569.0 0 0 78.45 17856.999999999985 2465.0 0.0
2 0.1 1569.0 0 0 156.9 17856.999999999985 2465.0 0.0
3 0.15000000000000002 1569.0 0 0 235.35000000000002 17856.999999999985 2465.0 0.0
4 0.2 1574.0 0 0 314.8 17857.799999999985 2466.0 0.0
5 0.25 1574.0 0 0 393.5 17857.799999999985 2466.0 0.0
6 0.3 1578.0 0 0 473.4 17858.799999999985 2467.0 0.0
7 0.35 1578.0 0 0 552.3 17858.799999999985 2467.0 0.0
8 0.39999999999999997 1578.0 0 0 631.1999999999999 17858.799999999985 2467.0 0.0
9 0.44999999999999996 1578.0 0 0 710.0999999999999 17858.799999999985 2467.0 0.0
10 0.49999999999999994 1578.0 0 0 788.9999999999999 17858.799999999985 2467.0 0.0
11 0.5499999999999999 1578.0 0 0 867.8999999999999 17858.799999999985 2467.0 0.0
12 0.6 1578.0 0 0 946.8 17858.799999999985 2467.0 0.0
13 0.65 1578.0 0 0 1025.7 17858.799999999985 2467.0 0.0
14 0.7000000000000001 1578.0 0 0 1104.6000000000001 17858.799999999985 2467.0 0.0
15 0.7500000000000001 1578.0 0 0 1183.5000000000002 17858.799999999985 2467.0 0.0
16 0.8000000000000002 1578.0 0 0 1262.4000000000003 17858.799999999985 2467.0 0.0
17 0.8500000000000002 1578.0 0 0 1341.3000000000004 17858.799999999985 2467.0 0.0
18 0.9000000000000002 1578.0 0 0 1420.2000000000003 17858.799999999985 2467.0 0.0
19 0.9500000000000003 1578.0 0 0 1499.1000000000004 17858.799999999985 2467.0 0.0
20 1.0000000000000002 1578.0 0 0 1578.0000000000005 17858.799999999985 2467.0 0.0
21 1.0500000000000003 1578.0 0 0 1656.9000000000003 17858.799999999985 2467.0 0.0
22 1.1000000000000003 1578.0 0 0 1735.8000000000004 17858.799999999985 2467.0 0.0
23 1.1500000000000004 1578.0 0 0 1814.7000000000005 17858.799999999985 2467.0 0.0
24 1.2000000000000004 1591.0 0 0 1909.2000000000007 17873.799999999985 2473.0 0.0
25 1.2500000000000004 1591.0 0 0 1988.7500000000007 17873.799999999985 2473.0 0.0
26 1.3000000000000005 1666.0 0 0 2165.8000000000006 17968.999999999985 2492.0 0.0
27 1.3500000000000005 1672.0 0 0 2257.2000000000007 17976.999999999985 2493.0 0.0
28 1.4000000000000006 1672.0 0 0 2340.800000000001 17976.999999999985 2493.0 0.0
29 1.4500000000000006 1816.0 0 0 2633.200000000001 18184.999999999985 2525.0 0.0
30 1.5000000000000007 1816.0 0 0 2724.0000000000014 18184.999999999985 2525.0 0.0
31 1.5500000000000007 1816.0 0 0 2814.800000000001 18184.999999999985 2525.0 0.0
32 1.6000000000000008 1816.0 0 0 2905.6000000000013 18184.999999999985 2525.0 0.0
33 1.6500000000000008 1816.0 0 0 2996.4000000000015 18184.999999999985 2525.0 0.0
34 1.7000000000000008 1816.0 0 0 3087.2000000000016 18184.999999999985 2525.0 0.0
35 1.7500000000000009 1816.0 0 0 3178.000000000002 18184.999999999985 2525.0 0.0
36 1.800000000000001 1816.0 0 0 3268.8000000000015 18184.999999999985 2525.0 0.0
37 1.850000000000001 1816.0 0 0 3359.6000000000017 18184.999999999985 2525.0 0.0
38 1.900000000000001 1830.0 0 0 3477.000000000002 18211.399999999983 2537.0 0.0
39 1.950000000000001 1830.0 0 0 3568.500000000002 18211.399999999983 2537.0 0.0
40 2.000000000000001 1830.0 0 0 3660.000000000002 18211.399999999983 2537.0 0.0
41 2.0500000000000007 1830.0 0 0 3751.5000000000014 18211.399999999983 2537.0 0.0
42 2.1000000000000005 1830.0 0 0 3843.000000000001 18211.399999999983 2537.0 0.0
43 2.1500000000000004 1830.0 0 0 3934.5000000000005 18211.399999999983 2537.0 0.0
44 2.2 1830.0 0 0 4026.0000000000005 18211.399999999983 2537.0 0.0
45 2.25 1830.0 0 0 4117.5 18211.399999999983 2537.0 0.0
46 2.3 1830.0 0 0 4209.0 18211.399999999983 2537.0 0.0
47 2.3499999999999996 1830.0 0 0 4300.499999999999 18211.399999999983 2537.0 0.0
48 2.3999999999999995 1830.0 0 0 4391.999999999999 18211.399999999983 2537.0 0.0
49 2.4499999999999993 1830.0 0 0 4483.499999999999 18211.399999999983 2537.0 0.0
50 2.499999999999999 1830.0 0 0 4574.999999999998 18211.399999999983 2537.0 0.0
51 2.549999999999999 1830.0 0 0 4666.499999999998 18211.399999999983 2537.0 0.0
52 2.5999999999999988 1830.0 0 0 4757.999999999997 18211.399999999983 2537.0 0.0
53 2.6499999999999986 1830.0 0 0 4849.499999999997 18211.399999999983 2537.0 0.0
54 2.6999999999999984 1830.0 0 0 4940.999999999997 18211.399999999983 2537.0 0.0
55 2.7499999999999982 1830.0 0 0 5032.499999999996 18211.399999999983 2537.0 0.0
56 2.799999999999998 1830.0 0 0 5123.999999999996 18211.399999999983 2537.0 0.0
57 2.849999999999998 1830.0 0 0 5215.499999999996 18211.399999999983 2537.0 0.0
58 2.8999999999999977 1830.0 0 0 5306.999999999995 18211.399999999983 2537.0 0.0
59 2.9499999999999975 1830.0 0 0 5398.499999999995 18211.399999999983 2537.0 0.0
60 2.9999999999999973 1830.0 0 0 5489.999999999995 18211.399999999983 2537.0 0.0
61 3.049999999999997 1830.0 0 0 5581.4999999999945 18211.399999999983 2537.0 0.0
62 3.099999999999997 1856.0 0 0 5753.599999999994 18291.399999999987 2554.0 0.0
63 3.149999999999997 1856.0 0 0 5846.399999999994 18291.399999999987 2554.0 0.0
64 3.1999999999999966 2029.0 0 0 6492.799999999993 18842.399999999987 2622.0 0.0
65 3.2499999999999964 2029.0 0 0 6594.249999999993 18842.399999999987 2622.0 0.0
66 3.2999999999999963 2029.0 0 0 6695.6999999999925 18842.399999999987 2622.0 0.0
67 3.349999999999996 2048.0 0 0 6860.799999999992 18905.599999999988 2637.0 0.0
68 3.399999999999996 2048.0 0 0 6963.199999999992 18905.599999999988 2637.0 0.0
69 3.4499999999999957 2048.0 0 0 7065.599999999991 18905.599999999988 2637.0 0.0
70 3.4999999999999956 2048.0 0 0 7167.999999999991 18905.599999999988 2637.0 0.0
71 3.5499999999999954 2048.0 0 0 7270.3999999999905 18905.599999999988 2637.0 0.0
72 3.599999999999995 2048.0 0 0 7372.79999999999 18905.599999999988 2637.0 0.0
73 3.649999999999995 2048.0 0 0 7475.19999999999 18905.599999999988 2637.0 0.0
74 3.699999999999995 2175.0 0 0 8047.499999999989 19374.399999999994 2772.0 0.0
75 3.7499999999999947 2175.0 0 0 8156.249999999988 19374.399999999994 2772.0 0.0
76 3.7999999999999945 2175.0 0 0 8264.999999999987 19374.399999999994 2772.0 0.0
77 3.8499999999999943 2200.0 0 0 8469.999999999987 19469.599999999995 2784.0 0.0
78 3.899999999999994 2248.0 0 0 8767.199999999986 19655.999999999996 2811.0 0.0
79 3.949999999999994 2248.0 0 0 8879.599999999986 19655.999999999996 2811.0 0.0
80 3.999999999999994 2248.0 0 0 8991.999999999985 19655.999999999996 2811.0 0.0
81 4.049999999999994 2248.0 0 0 9104.399999999985 19655.999999999996 2811.0 0.0
82 4.099999999999993 2248.0 0 0 9216.799999999985 19655.999999999996 2811.0 0.0
83 4.149999999999993 2248.0 0 0 9329.199999999984 19655.999999999996 2811.0 0.0
84 4.199999999999993 2248.0 0 0 9441.599999999984 19655.999999999996 2811.0 0.0
85 4.249999999999993 2248.0 0 0 9553.999999999984 19655.999999999996 2811.0 0.0
86 4.299999999999993 2248.0 0 0 9666.399999999983 19655.999999999996 2811.0 0.0
87 4.3499999999999925 2251.0 0 0 9791.849999999984 19668.999999999996 2815.0 0.0
88 4.399999999999992 2251.0 0 0 9904.399999999983 19668.999999999996 2815.0 0.0
89 4.449999999999992 2251.0 0 0 10016.949999999983 19668.999999999996 2815.0 0.0
90 4.499999999999992 2251.0 0 0 10129.499999999982 19668.999999999996 2815.0 0.0
91 4.549999999999992 2251.0 0 0 10242.049999999981 19668.999999999996 2815.0 0.0
92 4.599999999999992 2251.0 0 0 10354.59999999998 19668.999999999996 2815.0 0.0
93 4.6499999999999915 2251.0 0 0 10467.149999999981 19668.999999999996 2815.0 0.0
94 4.699999999999991 2251.0 0 0 10579.69999999998 19668.999999999996 2815.0 0.0
95 4.749999999999991 2251.0 0 0 10692.24999999998 19668.999999999996 2815.0 0.0
96 4.799999999999991 2251.0 0 0 10804.79999999998 19668.999999999996 2815.0 0.0
97 4.849999999999991 2251.0 0 0 10917.349999999979 19668.999999999996 2815.0 0.0
98 4.899999999999991 2251.0 0 0 11029.89999999998 19668.999999999996 2815.0 0.0
99 4.94999999999999 2251.0 0 0 11142.449999999979 19668.999999999996 2815.0 0.0
