0 0.0 0.0 0 0 0.0 11397.40000000001 1597.0 0.0
1 0.05 545.0 0 0 27.25 11397.40000000001 1597.0 0.0
2 0.1 550.0 0 0 55.0 11397.800000000012 1598.0 0.0
3 0.15000000000000002 550.0 0 0 82.50000000000001 11397.800000000012 1598.0 0.0
4 0.2 665.0 0 0 133.0 11417.600000000011 1609.0 0.0
5 0.25 690.0 0 0 172.5 11422.800000000012 1613.0 0.0
6 0.3 865.0 0 0 259.5 11472.000000000011 1627.0 0.0
7 0.35 883.0 0 0 309.04999999999995 11478.000000000011 1636.0 0.0
8 0.39999999999999997 883.0 0 0 353.2 11478.000000000011 1636.0 0.0
9 0.44999999999999996 883.0 0 0 397.34999999999997 11478.000000000011 1636.0 0.0
10 0.49999999999999994 883.0 0 0 441.49999999999994 11478.000000000011 1636.0 0.0
11 0.5499999999999999 883.0 0 0 485.6499999999999 11478.000000000011 1636.0 0.0
12 0.6 883.0 0 0 529.8 11478.000000000011 1636.0 0.0
13 0.65 883.0 0 0 573.95 11478.000000000011 1636.0 0.0
14 0.7000000000000001 886.0 0 0 620.2 11480.000000000011 1638.0 0.0
15 0.7500000000000001 886.0 0 0 664.5000000000001 11480.000000000011 1638.0 0.0
16 0.8000000000000002 1011.0 0 0 808.8000000000002 11576.000000000011 1651.0 0.0
17 0.8500000000000002 1011.0 0 0 859.3500000000003 11576.000000000011 1651.0 0.0
18 0.9000000000000002 1082.0 0 0 973.8000000000003 11639.000000000011 1656.0 0.0
19 0.9500000000000003 1082.0 0 0 1027.9000000000003 11639.000000000011 1656.0 0.0
20 1.0000000000000002 1082.0 0 0 1082.0000000000002 11639.000000000011 1656.0 0.0
21 1.0500000000000003 1115.0 0 0 1170.7500000000002 11672.400000000012 1665.0 0.0
22 1.1000000000000003 1126.0 0 0 1238.6000000000004 11684.400000000012 1668.0 0.0
23 1.1500000000000004 1191.0 0 0 1369.6500000000003 11756.000000000015 1680.0 0.0
24 1.2000000000000004 1322.0 0 0 1586.4000000000005 11911.000000000015 1696.0 0.0
25 1.2500000000000004 1322.0 0 0 1652.5000000000007 11911.000000000015 1696.0 0.0
26 1.3000000000000005 1322.0 0 0 1718.6000000000006 11911.000000000015 1696.0 0.0
27 1.3500000000000005 1332.0 0 0 1798.2000000000007 11924.000000000015 1700.0 0.0
28 1.4000000000000006 1332.0 0 0 1864.8000000000009 11924.000000000015 1700.0 0.0
29 1.4500000000000006 1332.0 0 0 1931.4000000000008 11924.000000000015 1700.0 0.0
30 1.5000000000000007 1344.0 0 0 2016.000000000001 11941.600000000015 1704.0 0.0
31 1.5500000000000007 1344.0 0 0 2083.2000000000007 11941.600000000015 1704.0 0.0
32 1.6000000000000008 1344.0 0 0 2150.400000000001 11941.600000000015 1704.0 0.0
33 1.6500000000000008 1344.0 0 0 2217.6000000000013 11941.600000000015 1704.0 0.0
34 1.7000000000000008 1344.0 0 0 2284.800000000001 11941.600000000015 1704.0 0.0
35 1.7500000000000009 1344.0 0 0 2352.0000000000014 11941.600000000015 1704.0 0.0
36 1.800000000000001 1344.0 0 0 2419.200000000001 11941.600000000015 1704.0 0.0
37 1.850000000000001 1344.0 0 0 2486.4000000000015 11941.600000000015 1704.0 0.0
38 1.900000000000001 1344.0 0 0 2553.6000000000013 11941.600000000015 1704.0 0.0
39 1.950000000000001 1344.0 0 0 2620.8000000000015 11941.600000000015 1704.0 0.0
40 2.000000000000001 1344.0 0 0 2688.0000000000014 11941.600000000015 1704.0 0.0
41 2.0500000000000007 1344.0 0 0 2755.2000000000007 11941.600000000015 1704.0 0.0
42 2.1000000000000005 1501.0 0 0 3152.100000000001 12264.800000000014 1742.0 0.0
43 2.1500000000000004 1501.0 0 0 3227.1500000000005 12264.800000000014 1742.0 0.0
44 2.2 1501.0 0 0 3302.2000000000003 12264.800000000014 1742.0 0.0
45 2.25 1501.0 0 0 3377.25 12264.800000000014 1742.0 0.0
46 2.3 1501.0 0 0 3452.2999999999997 12264.800000000014 1742.0 0.0
47 2.3499999999999996 1507.0 0 0 3541.4499999999994 12278.800000000014 1747.0 0.0
48 2.3999999999999995 1507.0 0 0 3616.7999999999993 12278.800000000014 1747.0 0.0
49 2.4499999999999993 1507.0 0 0 3692.1499999999987 12278.800000000014 1747.0 0.0
50 2.499999999999999 1507.0 0 0 3767.4999999999986 12278.800000000014 1747.0 0.0
51 2.549999999999999 1507.0 0 0 3842.8499999999985 12278.800000000014 1747.0 0.0
52 2.5999999999999988 1507.0 0 0 3918.199999999998 12278.800000000014 1747.0 0.0
53 2.6499999999999986 1560.0 0 0 4133.999999999998 12417.800000000014 1761.0 0.0
54 2.6999999999999984 1560.0 0 0 4211.999999999997 12417.800000000014 1761.0 0.0
55 2.7499999999999982 1560.0 0 0 4289.999999999997 12417.800000000014 1761.0 0.0
56 2.799999999999998 1560.0 0 0 4367.999999999997 12417.800000000014 1761.0 0.0
57 2.849999999999998 1560.0 0 0 4445.999999999996 12417.800000000014 1761.0 0.0
58 2.8999999999999977 1560.0 0 0 4523.999999999996 12417.800000000014 1761.0 0.0
59 2.9499999999999975 1560.0 0 0 4601.999999999996 12417.800000000014 1761.0 0.0
60 2.9999999999999973 1560.0 0 0 4679.999999999995 12417.800000000014 1761.0 0.0
61 3.049999999999997 1560.0 0 0 4757.999999999995 12417.800000000014 1761.0 0.0
62 3.099999999999997 1560.0 0 0 4835.999999999995 12417.800000000014 1761.0 0.0
63 3.149999999999997 1560.0 0 0 4913.999999999995 12417.800000000014 1761.0 0.0
64 3.1999999999999966 1560.0 0 0 4991.9999999999945 12417.800000000014 1761.0 0.0
65 3.2499999999999964 1560.0 0 0 5069.9999999999945 12417.800000000014 1761.0 0.0
66 3.2999999999999963 1560.0 0 0 5147.9999999999945 12417.800000000014 1761.0 0.0
67 3.349999999999996 1560.0 0 0 5225.999999999994 12417.800000000014 1761.0 0.0
68 3.399999999999996 1560.0 0 0 5303.999999999994 12417.800000000014 1761.0 0.0
69 3.4499999999999957 1560.0 0 0 5381.999999999994 12417.800000000014 1761.0 0.0
70 3.4999999999999956 1604.0 0 0 5613.999999999993 12569.800000000016 1790.0 0.0
71 3.5499999999999954 1604.0 0 0 5694.1999999999925 12569.800000000016 1790.0 0.0
72 3.599999999999995 1604.0 0 0 5774.399999999992 12569.800000000016 1790.0 0.0
73 3.649999999999995 1604.0 0 0 5854.599999999992 12569.800000000016 1790.0 0.0
74 3.699999999999995 1611.0 0 0 5960.699999999992 12595.400000000016 1795.0 0.0
75 3.7499999999999947 1611.0 0 0 6041.249999999992 12595.400000000016 1795.0 0.0
76 3.7999999999999945 1611.0 0 0 6121.799999999991 12595.400000000016 1795.0 0.0
77 3.8499999999999943 1611.0 0 0 6202.349999999991 12595.400000000016 1795.0 0.0
78 3.899999999999994 1611.0 0 0 6282.8999999999905 12595.400000000016 1795.0 0.0
79 3.949999999999994 1611.0 0 0 6363.449999999991 12595.400000000016 1795.0 0.0
80 3.999999999999994 1611.0 0 0 6443.99999999999 12595.400000000016 1795.0 0.0
81 4.049999999999994 1611.0 0 0 6524.549999999989 12595.400000000016 1795.0 0.0
82 4.099999999999993 1611.0 0 0 6605.099999999989 12595.400000000016 1795.0 0.0
83 4.149999999999993 1611.0 0 0 6685.649999999989 12595.400000000016 1795.0 0.0
84 4.199999999999993 1611.0 0 0 6766.199999999989 12595.400000000016 1795.0 0.0
85 4.249999999999993 1611.0 0 0 6846.749999999988 12595.400000000016 1795.0 0.0
86 4.299999999999993 1611.0 0 0 6927.299999999988 12595.400000000016 1795.0 0.0
87 4.3499999999999925 1611.0 0 0 7007.849999999988 12595.400000000016 1795.0 0.0
88 4.399999999999992 1611.0 0 0 7088.399999999988 12595.400000000016 1795.0 0.0
89 4.449999999999992 1611.0 0 0 7168.949999999987 12595.400000000016 1795.0 0.0
90 4.499999999999992 1611.0 0 0 7249.499999999987 12595.400000000016 1795.0 0.0
91 4.549999999999992 1611.0 0 0 7330.0499999999865 12595.400000000016 1795.0 0.0
92 4.599999999999992 1611.0 0 0 7410.599999999987 12595.400000000016 1795.0 0.0
93 4.6499999999999915 1611.0 0 0 7491.149999999986 12595.400000000016 1795.0 0.0
94 4.699999999999991 1611.0 0 0 7571.699999999986 12595.400000000016 1795.0 0.0
95 4.749999999999991 1611.0 0 0 7652.249999999985 12595.400000000016 1795.0 0.0
96 4.799999999999991 1611.0 0 0 7732.799999999986 12595.400000000016 1795.0 0.0
97 4.849999999999991 1611.0 0 0 7813.349999999985 12595.400000000016 1795.0 0.0
98 4.899999999999991 1611.0 0 0 7893.899999999985 12595.400000000016 1795.0 0.0
99 4.94999999999999 1662.0 0 0 8226.899999999983 12847.400000000016 1819.0 0.0
