0 0.0 0.0 0 0 0.0 36267.0 4264.0 0.0
1 0.05 5058.0 0 0 252.9 36268.0 4265.0 0.0
2 0.1 5186.0 0 0 518.6 36275.0 4272.0 0.0
3 0.15000000000000002 5322.0 0 0 798.3000000000001 36291.0 4288.0 0.0
4 0.2 5351.0 0 0 1070.2 36296.0 4293.0 0.0
5 0.25 5437.0 0 0 1359.25 36315.0 4312.0 0.0
6 0.3 5519.0 0 0 1655.7 36338.0 4335.0 0.0
7 0.35 5537.0 0 0 1937.9499999999998 36344.0 4341.0 0.0
8 0.39999999999999997 5561.0 0 0 2224.3999999999996 36353.0 4350.0 0.0
9 0.44999999999999996 5580.0 0 0 2510.9999999999995 36361.0 4358.0 0.0
10 0.49999999999999994 5580.0 0 0 2789.9999999999995 36361.0 4358.0 0.0
11 0.5499999999999999 5592.0 0 0 3075.5999999999995 36367.0 4364.0 0.0
12 0.6 5619.0 0 0 3371.4 36382.0 4379.0 0.0
13 0.65 5624.0 0 0 3655.6 36385.0 4382.0 0.0
14 0.7000000000000001 5639.0 0 0 3947.3 36395.0 4392.0 0.0
15 0.7500000000000001 5649.0 0 0 4236.750000000001 36402.0 4399.0 0.0
16 0.8000000000000002 5661.0 0 0 4528.800000000001 36411.0 4408.0 0.0
17 0.8500000000000002 5695.0 0 0 4840.750000000001 36439.0 4436.0 0.0
18 0.9000000000000002 5723.0 0 0 5150.700000000002 36463.0 4460.0 0.0
19 0.9500000000000003 5755.0 0 0 5467.250000000002 36493.0 4490.0 0.0
20 1.0000000000000002 5755.0 0 0 5755.000000000001 36493.0 4490.0 0.0
21 1.0500000000000003 5812.0 0 0 6102.600000000001 36552.0 4549.0 0.0
22 1.1000000000000003 5812.0 0 0 6393.200000000002 36552.0 4549.0 0.0
23 1.1500000000000004 5842.0 0 0 6718.300000000002 36586.0 4583.0 0.0
24 1.2000000000000004 5842.0 0 0 7010.400000000002 36586.0 4583.0 0.0
25 1.2500000000000004 5842.0 0 0 7302.500000000003 36586.0 4583.0 0.0
26 1.3000000000000005 5876.0 0 0 7638.800000000003 36629.0 4626.0 0.0
27 1.3500000000000005 5882.0 0 0 7940.7000000000035 36637.0 4634.0 0.0
28 1.4000000000000006 6000.0 0 0 8400.000000000004 36798.0 4795.0 0.0
29 1.4500000000000006 6016.0 0 0 8723.200000000004 36821.0 4818.0 0.0
30 1.5000000000000007 6104.0 0 0 9156.000000000004 36951.0 4948.0 0.0
31 1.5500000000000007 6211.0 0 0 9627.050000000005 37112.0 5109.0 0.0
32 1.6000000000000008 6211.0 0 0 9937.600000000004 37112.0 5109.0 0.0
33 1.6500000000000008 6211.0 0 0 10248.150000000005 37112.0 5109.0 0.0
34 1.7000000000000008 6423.0 0 0 10919.100000000006 37467.0 5464.0 0.0
35 1.7500000000000009 6423.0 0 0 11240.250000000005 37467.0 5464.0 0.0
36 1.800000000000001 6441.0 0 0 11593.800000000007 37499.0 5496.0 0.0
37 1.850000000000001 6486.0 0 0 11999.100000000006 37581.0 5578.0 0.0
38 1.900000000000001 6496.0 0 0 12342.400000000007 37600.0 5597.0 0.0
39 1.950000000000001 6772.0 0 0 13205.400000000007 38133.0 6130.0 0.0
40 2.000000000000001 6783.0 0 0 13566.000000000005 38155.0 6152.0 0.0
41 2.0500000000000007 6931.0 0 0 14208.550000000005 38453.0 6450.0 0.0
42 2.1000000000000005 7032.0 0 0 14767.200000000004 38661.0 6658.0 0.0
43 2.1500000000000004 7567.0 0 0 16269.050000000003 39803.0 7800.0 118.0
44 2.2 8266.0 0 0 18185.2 41328.0 9325.0 655.0
45 2.25 8803.0 0 0 19806.75 42523.0 10520.0 1158.0
46 2.3 9206.0 0 0 21173.8 43435.0 11432.0 1329.0
47 2.3499999999999996 9624.0 0 0 22616.399999999998 44402.0 12399.0 2985.0
48 2.3999999999999995 9899.0 0 0 23757.599999999995 45054.0 13051.0 3342.0
49 2.4499999999999993 9927.0 0 0 24321.149999999994 45122.0 13119.0 3342.0
50 2.499999999999999 9927.0 0 0 24817.499999999993 45122.0 13119.0 3342.0
51 2.549999999999999 9979.0 0 0 25446.44999999999 45253.0 13250.0 3342.0
52 2.5999999999999988 9979.0 0 0 25945.399999999987 45253.0 13250.0 3342.0
53 2.6499999999999986 9979.0 0 0 26444.349999999988 45253.0 13250.0 3342.0
54 2.6999999999999984 10208.0 0 0 27561.599999999984 45864.0 13861.0 3342.0
55 2.7499999999999982 10415.0 0 0 28641.24999999998 46432.0 14429.0 3342.0
56 2.799999999999998 11169.0 0 0 31273.19999999998 48526.0 16523.0 3342.0
57 2.849999999999998 12134.0 0 0 34581.89999999997 51244.0 19241.0 4546.0
58 2.8999999999999977 12514.0 0 0 36290.59999999997 52329.0 20326.0 5766.0
59 2.9499999999999975 14242.0 0 0 42013.899999999965 57390.0 25387.0 18956.0
60 2.9999999999999973 20076.0 0 0 60227.99999999995 74702.0 42672.0 3544905.0
61 3.049999999999997 22236.0 0 0 67819.79999999993 81226.0 49187.0 4997936.0
62 3.099999999999997 22824.0 0 0 70754.39999999994 83020.0 50981.0 5326490.0
63 3.149999999999997 22897.0 0 0 72125.54999999993 83248.0 51209.0 5464702.0
64 3.1999999999999966 22897.0 0 0 73270.39999999992 83248.0 51209.0 5464702.0
65 3.2499999999999964 23095.0 0 0 75058.74999999991 83887.0 51848.0 5877957.0
66 3.2999999999999963 23299.0 0 0 76886.69999999991 84559.0 52430.0 6041656.0
67 3.349999999999996 23759.0 0 0 79592.6499999999 86090.0 53754.0 6493685.0
68 3.399999999999996 23853.0 0 0 81100.19999999991 86405.0 54069.0 6675577.0
69 3.4499999999999957 23887.0 0 0 82410.14999999989 86521.0 54185.0 6743657.0
70 3.4999999999999956 23955.0 0 0 83842.4999999999 86756.0 54402.0 6905877.0
71 3.5499999999999954 24401.0 0 0 86623.54999999989 88326.0 55684.0 7281906.0
72 3.599999999999995 24796.0 0 0 89265.59999999987 89746.0 56789.0 7589027.0
73 3.649999999999995 24796.0 0 0 90505.39999999988 89746.0 56789.0 7589027.0
74 3.699999999999995 24796.0 0 0 91745.19999999987 89746.0 56789.0 7589027.0
75 3.7499999999999947 24796.0 0 0 92984.99999999987 89746.0 56789.0 7589027.0
76 3.7999999999999945 24796.0 0 0 94224.79999999986 89746.0 56789.0 7589027.0
77 3.8499999999999943 24838.0 0 0 95626.29999999986 89906.0 56949.0 7591964.0
78 3.899999999999994 25020.0 0 0 97577.99999999985 90608.0 57453.0 7723680.0
79 3.949999999999994 25217.0 0 0 99607.14999999985 91377.0 58006.0 7874692.0
80 3.999999999999994 25217.0 0 0 100867.99999999984 91377.0 58006.0 7874692.0
81 4.049999999999994 25612.0 0 0 103728.59999999983 92968.0 59336.0 8166115.0
82 4.099999999999993 25682.0 0 0 105296.19999999984 93253.0 59621.0 8258399.0
83 4.149999999999993 25866.0 0 0 107343.89999999982 94011.0 60379.0 8439742.0
84 4.199999999999993 26052.0 0 0 109418.39999999982 94785.0 60919.0 8600828.0
85 4.249999999999993 26310.0 0 0 111817.49999999981 95876.0 61983.0 8950220.0
86 4.299999999999993 26310.0 0 0 113132.99999999981 95876.0 61983.0 8950220.0
87 4.3499999999999925 26445.0 0 0 115035.7499999998 96461.0 62514.0 9177363.0
88 4.399999999999992 26642.0 0 0 117224.7999999998 97319.0 63075.0 9342394.0
89 4.449999999999992 26666.0 0 0 118663.6999999998 97425.0 63154.0 9388865.0
90 4.499999999999992 26739.0 0 0 120325.49999999978 97750.0 63191.0 9390436.0
91 4.549999999999992 26739.0 0 0 121662.44999999978 97750.0 63191.0 9390436.0
92 4.599999999999992 26739.0 0 0 122999.39999999978 97750.0 63191.0 9390436.0
93 4.6499999999999915 26739.0 0 0 124336.34999999977 97750.0 63191.0 9390436.0
94 4.699999999999991 26745.0 0 0 125701.49999999977 97778.0 63210.0 9401378.0
95 4.749999999999991 26763.0 0 0 127124.24999999977 97863.0 63259.0 9438417.0
96 4.799999999999991 26776.0 0 0 128524.79999999976 97925.0 63303.0 9464428.0
97 4.849999999999991 26822.0 0 0 130086.69999999975 98147.0 63471.0 9590028.0
98 4.899999999999991 26822.0 0 0 131427.79999999976 98147.0 63471.0 9590028.0
99 4.94999999999999 26850.0 0 0 132907.49999999974 98285.0 63537.0 9640404.0
