0 0.0 0.0 0 0 0.0 21174.0 2437.0 0.0
1 0.05 977.0 0 0 48.85 21174.0 2437.0 0.0
2 0.1 977.0 0 0 97.7 21174.0 2437.0 0.0
3 0.15000000000000002 984.0 0 0 147.60000000000002 21175.0 2438.0 0.0
4 0.2 1067.0 0 0 213.4 21188.0 2442.0 0.0
5 0.25 1090.0 0 0 272.5 21193.0 2447.0 0.0
6 0.3 1090.0 0 0 327.0 21193.0 2447.0 0.0
7 0.35 1090.0 0 0 381.5 21193.0 2447.0 0.0
8 0.39999999999999997 1133.0 0 0 453.2 21209.0 2454.0 0.0
9 0.44999999999999996 1133.0 0 0 509.84999999999997 21209.0 2454.0 0.0
10 0.49999999999999994 1133.0 0 0 566.4999999999999 21209.0 2454.0 0.0
11 0.5499999999999999 1133.0 0 0 623.15 21209.0 2454.0 0.0
12 0.6 1133.0 0 0 679.8 21209.0 2454.0 0.0
13 0.65 1133.0 0 0 736.45 21209.0 2454.0 0.0
14 0.7000000000000001 1170.0 0 0 819.0000000000001 21234.0 2461.0 0.0
15 0.7500000000000001 1280.0 0 0 960.0000000000001 21311.0 2471.0 0.0
16 0.8000000000000002 1346.0 0 0 1076.8000000000002 21363.0 2474.0 0.0
17 0.8500000000000002 1346.0 0 0 1144.1000000000004 21363.0 2474.0 0.0
18 0.9000000000000002 1346.0 0 0 1211.4000000000003 21363.0 2474.0 0.0
19 0.9500000000000003 1358.0 0 0 1290.1000000000004 21374.0 2476.0 0.0
20 1.0000000000000002 1358.0 0 0 1358.0000000000002 21374.0 2476.0 0.0
21 1.0500000000000003 1358.0 0 0 1425.9000000000003 21374.0 2476.0 0.0
22 1.1000000000000003 1358.0 0 0 1493.8000000000004 21374.0 2476.0 0.0
23 1.1500000000000004 1457.0 0 0 1675.5500000000004 21486.0 2494.0 0.0
24 1.2000000000000004 1457.0 0 0 1748.4000000000005 21486.0 2494.0 0.0
25 1.2500000000000004 1457.0 0 0 1821.2500000000007 21486.0 2494.0 0.0
26 1.3000000000000005 1457.0 0 0 1894.1000000000008 21486.0 2494.0 0.0
27 1.3500000000000005 1457.0 0 0 1966.9500000000007 21486.0 2494.0 0.0
28 1.4000000000000006 1548.0 0 0 2167.2000000000007 21611.0 2516.0 0.0
29 1.4500000000000006 1548.0 0 0 2244.600000000001 21611.0 2516.0 0.0
30 1.5000000000000007 1677.0 0 0 2515.500000000001 21801.0 2536.0 0.0
31 1.5500000000000007 1781.0 0 0 2760.550000000001 21960.0 2552.0 0.0
32 1.6000000000000008 1781.0 0 0 2849.6000000000013 21960.0 2552.0 0.0
33 1.6500000000000008 1781.0 0 0 2938.6500000000015 21960.0 2552.0 0.0
34 1.7000000000000008 1781.0 0 0 3027.7000000000016 21960.0 2552.0 0.0
35 1.7500000000000009 1781.0 0 0 3116.7500000000014 21960.0 2552.0 0.0
36 1.800000000000001 1781.0 0 0 3205.8000000000015 21960.0 2552.0 0.0
37 1.850000000000001 1787.0 0 0 3305.9500000000016 21971.0 2554.0 0.0
38 1.900000000000001 1787.0 0 0 3395.300000000002 21971.0 2554.0 0.0
39 1.950000000000001 1787.0 0 0 3484.650000000002 21971.0 2554.0 0.0
40 2.000000000000001 1787.0 0 0 3574.0000000000014 21971.0 2554.0 0.0
41 2.0500000000000007 1927.0 0 0 3950.3500000000013 22254.0 2586.0 0.0
42 2.1000000000000005 1962.0 0 0 4120.200000000001 22326.0 2604.0 0.0
43 2.1500000000000004 1962.0 0 0 4218.300000000001 22326.0 2604.0 0.0
44 2.2 1962.0 0 0 4316.400000000001 22326.0 2604.0 0.0
45 2.25 1986.0 0 0 4468.5 22379.0 2612.0 0.0
46 2.3 1986.0 0 0 4567.799999999999 22379.0 2612.0 0.0
47 2.3499999999999996 1986.0 0 0 4667.099999999999 22379.0 2612.0 0.0
48 2.3999999999999995 1986.0 0 0 4766.399999999999 22379.0 2612.0 0.0
49 2.4499999999999993 1986.0 0 0 4865.699999999999 22379.0 2612.0 0.0
50 2.499999999999999 1986.0 0 0 4964.999999999998 22379.0 2612.0 0.0
51 2.549999999999999 2007.0 0 0 5117.849999999998 22432.0 2620.0 0.0
52 2.5999999999999988 2007.0 0 0 5218.199999999997 22432.0 2620.0 0.0
53 2.6499999999999986 2007.0 0 0 5318.549999999997 22432.0 2620.0 0.0
54 2.6999999999999984 2007.0 0 0 5418.899999999997 22432.0 2620.0 0.0
55 2.7499999999999982 2007.0 0 0 5519.249999999996 22432.0 2620.0 0.0
56 2.799999999999998 2007.0 0 0 5619.599999999996 22432.0 2620.0 0.0
57 2.849999999999998 2007.0 0 0 5719.949999999995 22432.0 2620.0 0.0
58 2.8999999999999977 2007.0 0 0 5820.299999999996 22432.0 2620.0 0.0
59 2.9499999999999975 2007.0 0 0 5920.649999999995 22432.0 2620.0 0.0
60 2.9999999999999973 2007.0 0 0 6020.9999999999945 22432.0 2620.0 0.0
61 3.049999999999997 2033.0 0 0 6200.649999999994 22511.0 2632.0 0.0
62 3.099999999999997 2033.0 0 0 6302.299999999994 22511.0 2632.0 0.0
63 3.149999999999997 2033.0 0 0 6403.949999999993 22511.0 2632.0 0.0
64 3.1999999999999966 2033.0 0 0 6505.599999999993 22511.0 2632.0 0.0
65 3.2499999999999964 2033.0 0 0 6607.249999999993 22511.0 2632.0 0.0
66 3.2999999999999963 2033.0 0 0 6708.899999999992 22511.0 2632.0 0.0
67 3.349999999999996 2048.0 0 0 6860.799999999992 22561.0 2646.0 0.0
68 3.399999999999996 2048.0 0 0 6963.199999999992 22561.0 2646.0 0.0
69 3.4499999999999957 2048.0 0 0 7065.599999999991 22561.0 2646.0 0.0
70 3.4999999999999956 2048.0 0 0 7167.999999999991 22561.0 2646.0 0.0
71 3.5499999999999954 2048.0 0 0 7270.3999999999905 22561.0 2646.0 0.0
72 3.599999999999995 2048.0 0 0 7372.79999999999 22561.0 2646.0 0.0
73 3.649999999999995 2048.0 0 0 7475.19999999999 22561.0 2646.0 0.0
74 3.699999999999995 2048.0 0 0 7577.599999999989 22561.0 2646.0 0.0
75 3.7499999999999947 2048.0 0 0 7679.999999999989 22561.0 2646.0 0.0
76 3.7999999999999945 2048.0 0 0 7782.399999999989 22561.0 2646.0 0.0
77 3.8499999999999943 2048.0 0 0 7884.799999999988 22561.0 2646.0 0.0
78 3.899999999999994 2048.0 0 0 7987.199999999988 22561.0 2646.0 0.0
79 3.949999999999994 2048.0 0 0 8089.599999999988 22561.0 2646.0 0.0
80 3.999999999999994 2048.0 0 0 8191.999999999987 22561.0 2646.0 0.0
81 4.049999999999994 2077.0 0 0 8411.849999999986 22678.0 2656.0 0.0
82 4.099999999999993 2077.0 0 0 8515.699999999986 22678.0 2656.0 0.0
83 4.149999999999993 2129.0 0 0 8835.349999999986 22893.0 2670.0 0.0
84 4.199999999999993 2129.0 0 0 8941.799999999985 22893.0 2670.0 0.0
85 4.249999999999993 2129.0 0 0 9048.249999999985 22893.0 2670.0 0.0
86 4.299999999999993 2129.0 0 0 9154.699999999984 22893.0 2670.0 0.0
87 4.3499999999999925 2129.0 0 0 9261.149999999983 22893.0 2670.0 0.0
88 4.399999999999992 2129.0 0 0 9367.599999999984 22893.0 2670.0 0.0
89 4.449999999999992 2129.0 0 0 9474.049999999983 22893.0 2670.0 0.0
90 4.499999999999992 2129.0 0 0 9580.499999999984 22893.0 2670.0 0.0
91 4.549999999999992 2129.0 0 0 9686.949999999983 22893.0 2670.0 0.0
92 4.599999999999992 2129.0 0 0 9793.399999999981 22893.0 2670.0 0.0
93 4.6499999999999915 2129.0 0 0 9899.849999999982 22893.0 2670.0 0.0
94 4.699999999999991 2129.0 0 0 10006.299999999981 22893.0 2670.0 0.0
95 4.749999999999991 2129.0 0 0 10112.749999999982 22893.0 2670.0 0.0
96 4.799999999999991 2129.0 0 0 10219.19999999998 22893.0 2670.0 0.0
97 4.849999999999991 2140.0 0 0 10378.99999999998 22946.0 2674.0 0.0
98 4.899999999999991 2140.0 0 0 10485.99999999998 22946.0 2674.0 0.0
99 4.94999999999999 2140.0 0 0 10592.99999999998 22946.0 2674.0 0.0
