0 0.0 0.0 0 0 0.0 11397.40000000001 1597.0 0.0
1 0.05 1388.0 0 0 69.4 11397.40000000001 1597.0 0.0
2 0.1 1388.0 0 0 138.8 11397.40000000001 1597.0 0.0
3 0.15000000000000002 1388.0 0 0 208.20000000000002 11397.40000000001 1597.0 0.0
4 0.2 1388.0 0 0 277.6 11397.40000000001 1597.0 0.0
5 0.25 1388.0 0 0 347.0 11397.40000000001 1597.0 0.0
6 0.3 1388.0 0 0 416.4 11397.40000000001 1597.0 0.0
7 0.35 1388.0 0 0 485.79999999999995 11397.40000000001 1597.0 0.0
8 0.39999999999999997 1388.0 0 0 555.1999999999999 11397.40000000001 1597.0 0.0
9 0.44999999999999996 1388.0 0 0 624.5999999999999 11397.40000000001 1597.0 0.0
10 0.49999999999999994 1398.0 0 0 698.9999999999999 11402.200000000012 1600.0 484.0
11 0.5499999999999999 1418.0 0 0 779.8999999999999 11413.000000000011 1609.0 1050.0
12 0.6 1490.0 0 0 894.0 11455.400000000012 1617.0 1050.0
13 0.65 1490.0 0 0 968.5 11455.400000000012 1617.0 1050.0
14 0.7000000000000001 1490.0 0 0 1043.0 11455.400000000012 1617.0 1050.0
15 0.7500000000000001 1568.0 0 0 1176.0000000000002 11512.400000000012 1625.0 1050.0
16 0.8000000000000002 1568.0 0 0 1254.4000000000003 11512.400000000012 1625.0 1050.0
17 0.8500000000000002 1568.0 0 0 1332.8000000000004 11512.400000000012 1625.0 1050.0
18 0.9000000000000002 1568.0 0 0 1411.2000000000003 11512.400000000012 1625.0 1050.0
19 0.9500000000000003 1568.0 0 0 1489.6000000000004 11512.400000000012 1625.0 1050.0
20 1.0000000000000002 1568.0 0 0 1568.0000000000005 11512.400000000012 1625.0 1050.0
21 1.0500000000000003 1570.0 0 0 1648.5000000000005 11514.400000000012 1627.0 1198.0
22 1.1000000000000003 1570.0 0 0 1727.0000000000005 11514.400000000012 1627.0 1198.0
23 1.1500000000000004 1570.0 0 0 1805.5000000000005 11514.400000000012 1627.0 1198.0
24 1.2000000000000004 1570.0 0 0 1884.0000000000007 11514.400000000012 1627.0 1198.0
25 1.2500000000000004 1570.0 0 0 1962.5000000000007 11514.400000000012 1627.0 1198.0
26 1.3000000000000005 1570.0 0 0 2041.0000000000007 11514.400000000012 1627.0 1198.0
27 1.3500000000000005 1570.0 0 0 2119.500000000001 11514.400000000012 1627.0 1198.0
28 1.4000000000000006 1570.0 0 0 2198.000000000001 11514.400000000012 1627.0 1198.0
29 1.4500000000000006 1570.0 0 0 2276.500000000001 11514.400000000012 1627.0 1198.0
30 1.5000000000000007 1570.0 0 0 2355.000000000001 11514.400000000012 1627.0 1198.0
31 1.5500000000000007 1570.0 0 0 2433.500000000001 11514.400000000012 1627.0 1198.0
32 1.6000000000000008 1584.0 0 0 2534.400000000001 11536.400000000012 1637.0 2466.0
33 1.6500000000000008 1584.0 0 0 2613.6000000000013 11536.400000000012 1637.0 2466.0
34 1.7000000000000008 1596.0 0 0 2713.200000000001 11556.400000000012 1639.0 2491.0
35 1.7500000000000009 1596.0 0 0 2793.0000000000014 11556.400000000012 1639.0 2491.0
36 1.800000000000001 1596.0 0 0 2872.8000000000015 11556.400000000012 1639.0 2491.0
37 1.850000000000001 1596.0 0 0 2952.6000000000017 11556.400000000012 1639.0 2491.0
38 1.900000000000001 1604.0 0 0 3047.6000000000017 11571.400000000012 1645.0 2491.0
39 1.950000000000001 1604.0 0 0 3127.8000000000015 11571.400000000012 1645.0 2491.0
40 2.000000000000001 1604.0 0 0 3208.0000000000014 11571.400000000012 1645.0 2491.0
41 2.0500000000000007 1604.0 0 0 3288.200000000001 11571.400000000012 1645.0 2491.0
42 2.1000000000000005 1604.0 0 0 3368.400000000001 11571.400000000012 1645.0 2491.0
43 2.1500000000000004 1604.0 0 0 3448.6000000000004 11571.400000000012 1645.0 2491.0
44 2.2 1604.0 0 0 3528.8 11571.400000000012 1645.0 2491.0
45 2.25 1604.0 0 0 3609.0 11571.400000000012 1645.0 2491.0
46 2.3 1604.0 0 0 3689.2 11571.400000000012 1645.0 2491.0
47 2.3499999999999996 1604.0 0 0 3769.3999999999996 11571.400000000012 1645.0 2491.0
48 2.3999999999999995 1604.0 0 0 3849.599999999999 11571.400000000012 1645.0 2491.0
49 2.4499999999999993 1604.0 0 0 3929.799999999999 11571.400000000012 1645.0 2491.0
50 2.499999999999999 1604.0 0 0 4009.9999999999986 11571.400000000012 1645.0 2491.0
51 2.549999999999999 1604.0 0 0 4090.1999999999985 11571.400000000012 1645.0 2491.0
52 2.5999999999999988 1604.0 0 0 4170.399999999998 11571.400000000012 1645.0 2491.0
53 2.6499999999999986 1604.0 0 0 4250.599999999998 11571.400000000012 1645.0 2491.0
54 2.6999999999999984 1604.0 0 0 4330.799999999997 11571.400000000012 1645.0 2491.0
55 2.7499999999999982 1650.0 0 0 4537.499999999997 11697.800000000014 1673.0 2491.0
56 2.799999999999998 1650.0 0 0 4619.999999999996 11697.800000000014 1673.0 2491.0
57 2.849999999999998 1650.0 0 0 4702.499999999996 11697.800000000014 1673.0 2491.0
58 2.8999999999999977 1657.0 0 0 4805.2999999999965 11717.800000000014 1675.0 2491.0
59 2.9499999999999975 1657.0 0 0 4888.149999999996 11717.800000000014 1675.0 2491.0
60 2.9999999999999973 1657.0 0 0 4970.999999999995 11717.800000000014 1675.0 2491.0
61 3.049999999999997 1663.0 0 0 5072.149999999995 11735.800000000014 1684.0 2491.0
62 3.099999999999997 1663.0 0 0 5155.299999999995 11735.800000000014 1684.0 2491.0
63 3.149999999999997 1663.0 0 0 5238.449999999994 11735.800000000014 1684.0 2491.0
64 3.1999999999999966 1663.0 0 0 5321.599999999994 11735.800000000014 1684.0 2491.0
65 3.2499999999999964 1663.0 0 0 5404.7499999999945 11735.800000000014 1684.0 2491.0
66 3.2999999999999963 1663.0 0 0 5487.899999999994 11735.800000000014 1684.0 2491.0
67 3.349999999999996 1663.0 0 0 5571.049999999994 11735.800000000014 1684.0 2491.0
68 3.399999999999996 1663.0 0 0 5654.199999999993 11735.800000000014 1684.0 2491.0
69 3.4499999999999957 1663.0 0 0 5737.349999999993 11735.800000000014 1684.0 2491.0
70 3.4999999999999956 1663.0 0 0 5820.499999999993 11735.800000000014 1684.0 2491.0
71 3.5499999999999954 1668.0 0 0 5921.399999999992 11753.400000000012 1688.0 2491.0
72 3.599999999999995 1668.0 0 0 6004.799999999992 11753.400000000012 1688.0 2491.0
73 3.649999999999995 1668.0 0 0 6088.199999999992 11753.400000000012 1688.0 2491.0
74 3.699999999999995 1668.0 0 0 6171.599999999991 11753.400000000012 1688.0 2491.0
75 3.7499999999999947 1668.0 0 0 6254.999999999991 11753.400000000012 1688.0 2491.0
76 3.7999999999999945 1668.0 0 0 6338.3999999999905 11753.400000000012 1688.0 2491.0
77 3.8499999999999943 1668.0 0 0 6421.79999999999 11753.400000000012 1688.0 2491.0
78 3.899999999999994 1668.0 0 0 6505.19999999999 11753.400000000012 1688.0 2491.0
79 3.949999999999994 1679.0 0 0 6632.04999999999 11796.400000000012 1695.0 2491.0
80 3.999999999999994 1679.0 0 0 6715.99999999999 11796.400000000012 1695.0 2491.0
81 4.049999999999994 1679.0 0 0 6799.949999999989 11796.400000000012 1695.0 2491.0
82 4.099999999999993 1679.0 0 0 6883.899999999989 11796.400000000012 1695.0 2491.0
83 4.149999999999993 1679.0 0 0 6967.8499999999885 11796.400000000012 1695.0 2491.0
84 4.199999999999993 1679.0 0 0 7051.799999999988 11796.400000000012 1695.0 2491.0
85 4.249999999999993 1679.0 0 0 7135.749999999988 11796.400000000012 1695.0 2491.0
86 4.299999999999993 1679.0 0 0 7219.699999999988 11796.400000000012 1695.0 2491.0
87 4.3499999999999925 1679.0 0 0 7303.649999999988 11796.400000000012 1695.0 2491.0
88 4.399999999999992 1679.0 0 0 7387.599999999987 11796.400000000012 1695.0 2491.0
89 4.449999999999992 1679.0 0 0 7471.5499999999865 11796.400000000012 1695.0 2491.0
90 4.499999999999992 1684.0 0 0 7577.999999999986 11818.800000000012 1702.0 3964.0
91 4.549999999999992 1684.0 0 0 7662.199999999986 11818.800000000012 1702.0 3964.0
92 4.599999999999992 1684.0 0 0 7746.399999999986 11818.800000000012 1702.0 3964.0
93 4.6499999999999915 1684.0 0 0 7830.599999999986 11818.800000000012 1702.0 3964.0
94 4.699999999999991 1684.0 0 0 7914.799999999986 11818.800000000012 1702.0 3964.0
95 4.749999999999991 1684.0 0 0 7998.999999999985 11818.800000000012 1702.0 3964.0
96 4.799999999999991 1684.0 0 0 8083.199999999984 11818.800000000012 1702.0 3964.0
97 4.849999999999991 1684.0 0 0 8167.399999999984 11818.800000000012 1702.0 3964.0
98 4.899999999999991 1696.0 0 0 8310.399999999983 11877.200000000012 1721.0 4152.0
99 4.94999999999999 1696.0 0 0 8395.199999999984 11877.200000000012 1721.0 4152.0
