0 0.0 0.0 0 0 0.0 14903.599999999973 2437.0 0.0
1 0.05 2321.0 0 0 116.05000000000001 14903.599999999973 2437.0 0.0
2 0.1 2321.0 0 0 232.10000000000002 14903.599999999973 2437.0 0.0
3 0.15000000000000002 2321.0 0 0 348.15000000000003 14903.599999999973 2437.0 0.0
4 0.2 2321.0 0 0 464.20000000000005 14903.599999999973 2437.0 0.0
5 0.25 2331.0 0 0 582.75 14905.999999999975 2440.0 180.0
6 0.3 2331.0 0 0 699.3 14905.999999999975 2440.0 180.0
7 0.35 2348.0 0 0 821.8 14911.199999999975 2444.0 180.0
8 0.39999999999999997 2348.0 0 0 939.1999999999999 14911.199999999975 2444.0 180.0
9 0.44999999999999996 2348.0 0 0 1056.6 14911.199999999975 2444.0 180.0
10 0.49999999999999994 2348.0 0 0 1173.9999999999998 14911.199999999975 2444.0 180.0
11 0.5499999999999999 2348.0 0 0 1291.3999999999999 14911.199999999975 2444.0 180.0
12 0.6 2348.0 0 0 1408.8 14911.199999999975 2444.0 180.0
13 0.65 2348.0 0 0 1526.2 14911.199999999975 2444.0 180.0
14 0.7000000000000001 2371.0 0 0 1659.7 14926.799999999977 2456.0 4724.0
15 0.7500000000000001 2371.0 0 0 1778.2500000000002 14926.799999999977 2456.0 4724.0
16 0.8000000000000002 2371.0 0 0 1896.8000000000004 14926.799999999977 2456.0 4724.0
17 0.8500000000000002 2371.0 0 0 2015.3500000000004 14926.799999999977 2456.0 4724.0
18 0.9000000000000002 2371.0 0 0 2133.9000000000005 14926.799999999977 2456.0 4724.0
19 0.9500000000000003 2371.0 0 0 2252.4500000000007 14926.799999999977 2456.0 4724.0
20 1.0000000000000002 2371.0 0 0 2371.0000000000005 14926.799999999977 2456.0 4724.0
21 1.0500000000000003 2371.0 0 0 2489.5500000000006 14926.799999999977 2456.0 4724.0
22 1.1000000000000003 2383.0 0 0 2621.3000000000006 14939.999999999976 2462.0 6672.0
23 1.1500000000000004 2391.0 0 0 2749.650000000001 14948.799999999976 2464.0 6996.0
24 1.2000000000000004 2391.0 0 0 2869.200000000001 14948.799999999976 2464.0 6996.0
25 1.2500000000000004 2404.0 0 0 3005.000000000001 14964.599999999975 2469.0 7333.0
26 1.3000000000000005 2404.0 0 0 3125.200000000001 14964.599999999975 2469.0 7333.0
27 1.3500000000000005 2404.0 0 0 3245.4000000000015 14964.599999999975 2469.0 7333.0
28 1.4000000000000006 2404.0 0 0 3365.6000000000013 14964.599999999975 2469.0 7333.0
29 1.4500000000000006 2404.0 0 0 3485.8000000000015 14964.599999999975 2469.0 7333.0
30 1.5000000000000007 2404.0 0 0 3606.000000000002 14964.599999999975 2469.0 7333.0
31 1.5500000000000007 2404.0 0 0 3726.2000000000016 14964.599999999975 2469.0 7333.0
32 1.6000000000000008 2404.0 0 0 3846.400000000002 14964.599999999975 2469.0 7333.0
33 1.6500000000000008 2404.0 0 0 3966.6000000000017 14964.599999999975 2469.0 7333.0
34 1.7000000000000008 2404.0 0 0 4086.800000000002 14964.599999999975 2469.0 7333.0
35 1.7500000000000009 2404.0 0 0 4207.000000000002 14964.599999999975 2469.0 7333.0
36 1.800000000000001 2404.0 0 0 4327.200000000003 14964.599999999975 2469.0 7333.0
37 1.850000000000001 2404.0 0 0 4447.400000000002 14964.599999999975 2469.0 7333.0
38 1.900000000000001 2404.0 0 0 4567.600000000002 14964.599999999975 2469.0 7333.0
39 1.950000000000001 2404.0 0 0 4687.800000000003 14964.599999999975 2469.0 7333.0
40 2.000000000000001 2411.0 0 0 4822.000000000002 14978.599999999975 2477.0 14951.0
41 2.0500000000000007 2411.0 0 0 4942.550000000002 14978.599999999975 2477.0 14951.0
42 2.1000000000000005 2411.0 0 0 5063.100000000001 14978.599999999975 2477.0 14951.0
43 2.1500000000000004 2411.0 0 0 5183.650000000001 14978.599999999975 2477.0 14951.0
44 2.2 2411.0 0 0 5304.200000000001 14978.599999999975 2477.0 14951.0
45 2.25 2411.0 0 0 5424.75 14978.599999999975 2477.0 14951.0
46 2.3 2411.0 0 0 5545.299999999999 14978.599999999975 2477.0 14951.0
47 2.3499999999999996 2411.0 0 0 5665.849999999999 14978.599999999975 2477.0 14951.0
48 2.3999999999999995 2411.0 0 0 5786.399999999999 14978.599999999975 2477.0 14951.0
49 2.4499999999999993 2411.0 0 0 5906.949999999998 14978.599999999975 2477.0 14951.0
50 2.499999999999999 2411.0 0 0 6027.499999999998 14978.599999999975 2477.0 14951.0
51 2.549999999999999 2411.0 0 0 6148.049999999997 14978.599999999975 2477.0 14951.0
52 2.5999999999999988 2411.0 0 0 6268.599999999997 14978.599999999975 2477.0 14951.0
53 2.6499999999999986 2411.0 0 0 6389.149999999997 14978.599999999975 2477.0 14951.0
54 2.6999999999999984 2414.0 0 0 6517.7999999999965 14986.599999999975 2478.0 14991.0
55 2.7499999999999982 2414.0 0 0 6638.499999999995 14986.599999999975 2478.0 14991.0
56 2.799999999999998 2414.0 0 0 6759.199999999995 14986.599999999975 2478.0 14991.0
57 2.849999999999998 2414.0 0 0 6879.899999999995 14986.599999999975 2478.0 14991.0
58 2.8999999999999977 2414.0 0 0 7000.599999999994 14986.599999999975 2478.0 14991.0
59 2.9499999999999975 2414.0 0 0 7121.299999999994 14986.599999999975 2478.0 14991.0
60 2.9999999999999973 2414.0 0 0 7241.999999999994 14986.599999999975 2478.0 14991.0
61 3.049999999999997 2414.0 0 0 7362.699999999993 14986.599999999975 2478.0 14991.0
62 3.099999999999997 2414.0 0 0 7483.399999999992 14986.599999999975 2478.0 14991.0
63 3.149999999999997 2414.0 0 0 7604.099999999992 14986.599999999975 2478.0 14991.0
64 3.1999999999999966 2414.0 0 0 7724.799999999992 14986.599999999975 2478.0 14991.0
65 3.2499999999999964 2416.0 0 0 7851.999999999992 14992.999999999973 2485.0 16806.0
66 3.2999999999999963 2416.0 0 0 7972.799999999991 14992.999999999973 2485.0 16806.0
67 3.349999999999996 2416.0 0 0 8093.59999999999 14992.999999999973 2485.0 16806.0
68 3.399999999999996 2416.0 0 0 8214.39999999999 14992.999999999973 2485.0 16806.0
69 3.4499999999999957 2416.0 0 0 8335.19999999999 14992.999999999973 2485.0 16806.0
70 3.4999999999999956 2416.0 0 0 8455.999999999989 14992.999999999973 2485.0 16806.0
71 3.5499999999999954 2416.0 0 0 8576.799999999988 14992.999999999973 2485.0 16806.0
72 3.599999999999995 2416.0 0 0 8697.599999999988 14992.999999999973 2485.0 16806.0
73 3.649999999999995 2416.0 0 0 8818.399999999989 14992.999999999973 2485.0 16806.0
74 3.699999999999995 2416.0 0 0 8939.199999999988 14992.999999999973 2485.0 16806.0
75 3.7499999999999947 2416.0 0 0 9059.999999999987 14992.999999999973 2485.0 16806.0
76 3.7999999999999945 2416.0 0 0 9180.799999999987 14992.999999999973 2485.0 16806.0
77 3.8499999999999943 2416.0 0 0 9301.599999999986 14992.999999999973 2485.0 16806.0
78 3.899999999999994 2416.0 0 0 9422.399999999985 14992.999999999973 2485.0 16806.0
79 3.949999999999994 2430.0 0 0 9598.499999999985 15048.199999999973 2507.0 25865.0
80 3.999999999999994 2430.0 0 0 9719.999999999985 15048.199999999973 2507.0 25865.0
81 4.049999999999994 2430.0 0 0 9841.499999999984 15048.199999999973 2507.0 25865.0
82 4.099999999999993 2430.0 0 0 9962.999999999984 15048.199999999973 2507.0 25865.0
83 4.149999999999993 2430.0 0 0 10084.499999999984 15048.199999999973 2507.0 25865.0
84 4.199999999999993 2430.0 0 0 10205.999999999984 15048.199999999973 2507.0 25865.0
85 4.249999999999993 2451.0 0 0 10416.749999999982 15136.999999999976 2537.0 31503.0
86 4.299999999999993 2451.0 0 0 10539.299999999983 15136.999999999976 2537.0 31503.0
87 4.3499999999999925 2451.0 0 0 10661.849999999982 15136.999999999976 2537.0 31503.0
88 4.399999999999992 2451.0 0 0 10784.399999999981 15136.999999999976 2537.0 31503.0
89 4.449999999999992 2451.0 0 0 10906.94999999998 15136.999999999976 2537.0 31503.0
90 4.499999999999992 2451.0 0 0 11029.49999999998 15136.999999999976 2537.0 31503.0
91 4.549999999999992 2451.0 0 0 11152.04999999998 15136.999999999976 2537.0 31503.0
92 4.599999999999992 2451.0 0 0 11274.59999999998 15136.999999999976 2537.0 31503.0
93 4.6499999999999915 2455.0 0 0 11415.749999999978 15155.399999999974 2547.0 35293.0
94 4.699999999999991 2455.0 0 0 11538.499999999978 15155.399999999974 2547.0 35293.0
95 4.749999999999991 2455.0 0 0 11661.249999999978 15155.399999999974 2547.0 35293.0
96 4.799999999999991 2455.0 0 0 11783.999999999978 15155.399999999974 2547.0 35293.0
97 4.849999999999991 2455.0 0 0 11906.749999999978 15155.399999999974 2547.0 35293.0
98 4.899999999999991 2455.0 0 0 12029.499999999976 15155.399999999974 2547.0 35293.0
99 4.94999999999999 2455.0 0 0 12152.249999999976 15155.399999999974 2547.0 35293.0
