0 0.0 0.0 0 0 0.0 21174.0 2437.0 0.0
1 0.05 2194.0 0 0 109.7 21174.0 2437.0 0.0
2 0.1 2209.0 0 0 220.9 21175.0 2438.0 33.0
3 0.15000000000000002 2209.0 0 0 331.35 21175.0 2438.0 33.0
4 0.2 2209.0 0 0 441.8 21175.0 2438.0 33.0
5 0.25 2209.0 0 0 552.25 21175.0 2438.0 33.0
6 0.3 2213.0 0 0 663.9 21176.0 2439.0 39.0
7 0.35 2213.0 0 0 774.55 21176.0 2439.0 39.0
8 0.39999999999999997 2213.0 0 0 885.1999999999999 21176.0 2439.0 39.0
9 0.44999999999999996 2213.0 0 0 995.8499999999999 21176.0 2439.0 39.0
10 0.49999999999999994 2213.0 0 0 1106.4999999999998 21176.0 2439.0 39.0
11 0.5499999999999999 2219.0 0 0 1220.4499999999998 21179.0 2442.0 241.0
12 0.6 2219.0 0 0 1331.3999999999999 21179.0 2442.0 241.0
13 0.65 2224.0 0 0 1445.6000000000001 21182.0 2445.0 241.0
14 0.7000000000000001 2224.0 0 0 1556.8000000000002 21182.0 2445.0 241.0
15 0.7500000000000001 2224.0 0 0 1668.0000000000002 21182.0 2445.0 241.0
16 0.8000000000000002 2228.0 0 0 1782.4000000000003 21185.0 2448.0 1984.0
17 0.8500000000000002 2228.0 0 0 1893.8000000000004 21185.0 2448.0 1984.0
18 0.9000000000000002 2228.0 0 0 2005.2000000000005 21185.0 2448.0 1984.0
19 0.9500000000000003 2228.0 0 0 2116.600000000001 21185.0 2448.0 1984.0
20 1.0000000000000002 2228.0 0 0 2228.0000000000005 21185.0 2448.0 1984.0
21 1.0500000000000003 2228.0 0 0 2339.4000000000005 21185.0 2448.0 1984.0
22 1.1000000000000003 2228.0 0 0 2450.8000000000006 21185.0 2448.0 1984.0
23 1.1500000000000004 2228.0 0 0 2562.2000000000007 21185.0 2448.0 1984.0
24 1.2000000000000004 2228.0 0 0 2673.600000000001 21185.0 2448.0 1984.0
25 1.2500000000000004 2228.0 0 0 2785.000000000001 21185.0 2448.0 1984.0
26 1.3000000000000005 2236.0 0 0 2906.800000000001 21195.0 2449.0 1999.0
27 1.3500000000000005 2236.0 0 0 3018.6000000000013 21195.0 2449.0 1999.0
28 1.4000000000000006 2236.0 0 0 3130.4000000000015 21195.0 2449.0 1999.0
29 1.4500000000000006 2236.0 0 0 3242.200000000001 21195.0 2449.0 1999.0
30 1.5000000000000007 2236.0 0 0 3354.0000000000014 21195.0 2449.0 1999.0
31 1.5500000000000007 2236.0 0 0 3465.8000000000015 21195.0 2449.0 1999.0
32 1.6000000000000008 2236.0 0 0 3577.6000000000017 21195.0 2449.0 1999.0
33 1.6500000000000008 2236.0 0 0 3689.400000000002 21195.0 2449.0 1999.0
34 1.7000000000000008 2242.0 0 0 3811.400000000002 21205.0 2450.0 1999.0
35 1.7500000000000009 2242.0 0 0 3923.500000000002 21205.0 2450.0 1999.0
36 1.800000000000001 2242.0 0 0 4035.600000000002 21205.0 2450.0 1999.0
37 1.850000000000001 2242.0 0 0 4147.700000000003 21205.0 2450.0 1999.0
38 1.900000000000001 2242.0 0 0 4259.800000000002 21205.0 2450.0 1999.0
39 1.950000000000001 2242.0 0 0 4371.900000000002 21205.0 2450.0 1999.0
40 2.000000000000001 2242.0 0 0 4484.000000000002 21205.0 2450.0 1999.0
41 2.0500000000000007 2242.0 0 0 4596.100000000001 21205.0 2450.0 1999.0
42 2.1000000000000005 2242.0 0 0 4708.200000000002 21205.0 2450.0 1999.0
43 2.1500000000000004 2242.0 0 0 4820.300000000001 21205.0 2450.0 1999.0
44 2.2 2242.0 0 0 4932.400000000001 21205.0 2450.0 1999.0
45 2.25 2242.0 0 0 5044.5 21205.0 2450.0 1999.0
46 2.3 2242.0 0 0 5156.599999999999 21205.0 2450.0 1999.0
47 2.3499999999999996 2242.0 0 0 5268.699999999999 21205.0 2450.0 1999.0
48 2.3999999999999995 2242.0 0 0 5380.799999999998 21205.0 2450.0 1999.0
49 2.4499999999999993 2242.0 0 0 5492.899999999999 21205.0 2450.0 1999.0
50 2.499999999999999 2242.0 0 0 5604.999999999998 21205.0 2450.0 1999.0
51 2.549999999999999 2242.0 0 0 5717.099999999998 21205.0 2450.0 1999.0
52 2.5999999999999988 2242.0 0 0 5829.199999999997 21205.0 2450.0 1999.0
53 2.6499999999999986 2242.0 0 0 5941.2999999999965 21205.0 2450.0 1999.0
54 2.6999999999999984 2242.0 0 0 6053.399999999996 21205.0 2450.0 1999.0
55 2.7499999999999982 2242.0 0 0 6165.499999999996 21205.0 2450.0 1999.0
56 2.799999999999998 2242.0 0 0 6277.599999999996 21205.0 2450.0 1999.0
57 2.849999999999998 2242.0 0 0 6389.699999999995 21205.0 2450.0 1999.0
58 2.8999999999999977 2249.0 0 0 6522.099999999995 21225.0 2452.0 1999.0
59 2.9499999999999975 2249.0 0 0 6634.549999999995 21225.0 2452.0 1999.0
60 2.9999999999999973 2249.0 0 0 6746.999999999994 21225.0 2452.0 1999.0
61 3.049999999999997 2249.0 0 0 6859.449999999993 21225.0 2452.0 1999.0
62 3.099999999999997 2249.0 0 0 6971.899999999993 21225.0 2452.0 1999.0
63 3.149999999999997 2249.0 0 0 7084.349999999993 21225.0 2452.0 1999.0
64 3.1999999999999966 2249.0 0 0 7196.799999999992 21225.0 2452.0 1999.0
65 3.2499999999999964 2249.0 0 0 7309.249999999992 21225.0 2452.0 1999.0
66 3.2999999999999963 2249.0 0 0 7421.699999999992 21225.0 2452.0 1999.0
67 3.349999999999996 2249.0 0 0 7534.149999999991 21225.0 2452.0 1999.0
68 3.399999999999996 2249.0 0 0 7646.59999999999 21225.0 2452.0 1999.0
69 3.4499999999999957 2249.0 0 0 7759.04999999999 21225.0 2452.0 1999.0
70 3.4999999999999956 2249.0 0 0 7871.49999999999 21225.0 2452.0 1999.0
71 3.5499999999999954 2249.0 0 0 7983.94999999999 21225.0 2452.0 1999.0
72 3.599999999999995 2249.0 0 0 8096.39999999999 21225.0 2452.0 1999.0
73 3.649999999999995 2249.0 0 0 8208.84999999999 21225.0 2452.0 1999.0
74 3.699999999999995 2249.0 0 0 8321.299999999988 21225.0 2452.0 1999.0
75 3.7499999999999947 2249.0 0 0 8433.749999999987 21225.0 2452.0 1999.0
76 3.7999999999999945 2249.0 0 0 8546.199999999988 21225.0 2452.0 1999.0
77 3.8499999999999943 2249.0 0 0 8658.649999999987 21225.0 2452.0 1999.0
78 3.899999999999994 2249.0 0 0 8771.099999999988 21225.0 2452.0 1999.0
79 3.949999999999994 2263.0 0 0 8938.849999999986 21280.0 2462.0 1999.0
80 3.999999999999994 2263.0 0 0 9051.999999999985 21280.0 2462.0 1999.0
81 4.049999999999994 2263.0 0 0 9165.149999999985 21280.0 2462.0 1999.0
82 4.099999999999993 2263.0 0 0 9278.299999999985 21280.0 2462.0 1999.0
83 4.149999999999993 2263.0 0 0 9391.449999999984 21280.0 2462.0 1999.0
84 4.199999999999993 2263.0 0 0 9504.599999999984 21280.0 2462.0 1999.0
85 4.249999999999993 2277.0 0 0 9677.249999999984 21339.0 2476.0 5109.0
86 4.299999999999993 2277.0 0 0 9791.099999999984 21339.0 2476.0 5109.0
87 4.3499999999999925 2277.0 0 0 9904.949999999983 21339.0 2476.0 5109.0
88 4.399999999999992 2277.0 0 0 10018.799999999983 21339.0 2476.0 5109.0
89 4.449999999999992 2277.0 0 0 10132.649999999981 21339.0 2476.0 5109.0
90 4.499999999999992 2277.0 0 0 10246.499999999982 21339.0 2476.0 5109.0
91 4.549999999999992 2277.0 0 0 10360.349999999982 21339.0 2476.0 5109.0
92 4.599999999999992 2277.0 0 0 10474.19999999998 21339.0 2476.0 5109.0
93 4.6499999999999915 2277.0 0 0 10588.049999999981 21339.0 2476.0 5109.0
94 4.699999999999991 2277.0 0 0 10701.89999999998 21339.0 2476.0 5109.0
95 4.749999999999991 2277.0 0 0 10815.74999999998 21339.0 2476.0 5109.0
96 4.799999999999991 2277.0 0 0 10929.599999999979 21339.0 2476.0 5109.0
97 4.849999999999991 2277.0 0 0 11043.449999999979 21339.0 2476.0 5109.0
98 4.899999999999991 2277.0 0 0 11157.29999999998 21339.0 2476.0 5109.0
99 4.94999999999999 2277.0 0 0 11271.149999999978 21339.0 2476.0 5109.0
