0 0.0 0.0 0 0 0.0 17209.99999999998 2483.0 0.0
1 0.05 1881.0 0 0 94.05000000000001 17220.59999999998 2499.0 0.0
2 0.1 2178.0 0 0 217.8 17243.59999999998 2522.0 0.0
3 0.15000000000000002 2290.0 0 0 343.50000000000006 17258.99999999998 2541.0 0.0
4 0.2 2367.0 0 0 473.40000000000003 17272.19999999998 2558.0 0.0
5 0.25 2381.0 0 0 595.25 17275.19999999998 2561.0 0.0
6 0.3 2497.0 0 0 749.1 17307.39999999998 2596.0 0.0
7 0.35 2514.0 0 0 879.9 17312.59999999998 2609.0 0.0
8 0.39999999999999997 2556.0 0 0 1022.3999999999999 17328.19999999998 2626.0 0.0
9 0.44999999999999996 2601.0 0 0 1170.4499999999998 17347.39999999998 2650.0 0.0
10 0.49999999999999994 2601.0 0 0 1300.4999999999998 17347.39999999998 2650.0 0.0
11 0.5499999999999999 2613.0 0 0 1437.1499999999999 17353.39999999998 2662.0 0.0
12 0.6 2613.0 0 0 1567.8 17353.39999999998 2662.0 0.0
13 0.65 2850.0 0 0 1852.5 17502.79999999998 3017.0 0.0
14 0.7000000000000001 2850.0 0 0 1995.0000000000002 17502.79999999998 3017.0 0.0
15 0.7500000000000001 2850.0 0 0 2137.5000000000005 17502.79999999998 3017.0 0.0
16 0.8000000000000002 2884.0 0 0 2307.2000000000003 17529.59999999998 3084.0 0.0
17 0.8500000000000002 2940.0 0 0 2499.0000000000005 17576.39999999998 3136.0 0.0
18 0.9000000000000002 2940.0 0 0 2646.000000000001 17576.39999999998 3136.0 0.0
19 0.9500000000000003 2940.0 0 0 2793.000000000001 17576.39999999998 3136.0 0.0
20 1.0000000000000002 2940.0 0 0 2940.0000000000005 17576.39999999998 3136.0 0.0
21 1.0500000000000003 2948.0 0 0 3095.400000000001 17584.39999999998 3144.0 0.0
22 1.1000000000000003 2948.0 0 0 3242.800000000001 17584.39999999998 3144.0 0.0
23 1.1500000000000004 3616.0 0 0 4158.4000000000015 18333.999999999978 4879.0 407.0
24 1.2000000000000004 3909.0 0 0 4690.800000000002 18677.599999999966 5576.0 655.0
25 1.2500000000000004 5294.0 0 0 6617.500000000003 20368.200000000023 9429.0 699772.0
26 1.3000000000000005 5343.0 0 0 6945.900000000002 20431.000000000036 9575.0 788643.0
27 1.3500000000000005 5439.0 0 0 7342.650000000003 20560.200000000066 9898.0 997582.0
28 1.4000000000000006 5633.0 0 0 7886.2000000000035 20825.000000000062 10199.0 997582.0
29 1.4500000000000006 5696.0 0 0 8259.200000000004 20913.20000000008 10409.0 1133009.0
30 1.5000000000000007 5696.0 0 0 8544.000000000004 20913.20000000008 10409.0 1133009.0
31 1.5500000000000007 5912.0 0 0 9163.600000000004 21242.00000000008 10777.0 1133009.0
32 1.6000000000000008 5912.0 0 0 9459.200000000004 21242.00000000008 10777.0 1133009.0
33 1.6500000000000008 5912.0 0 0 9754.800000000005 21242.00000000008 10777.0 1133009.0
34 1.7000000000000008 5912.0 0 0 10050.400000000005 21242.00000000008 10777.0 1133009.0
35 1.7500000000000009 5912.0 0 0 10346.000000000005 21242.00000000008 10777.0 1133009.0
36 1.800000000000001 5912.0 0 0 10641.600000000006 21242.00000000008 10777.0 1133009.0
37 1.850000000000001 5912.0 0 0 10937.200000000006 21242.00000000008 10777.0 1133009.0
38 1.900000000000001 5912.0 0 0 11232.800000000007 21242.00000000008 10777.0 1133009.0
39 1.950000000000001 5929.0 0 0 11561.550000000007 21274.800000000083 10818.0 1133009.0
40 2.000000000000001 5929.0 0 0 11858.000000000005 21274.800000000083 10818.0 1133009.0
41 2.0500000000000007 5929.0 0 0 12154.450000000004 21274.800000000083 10818.0 1133009.0
42 2.1000000000000005 5940.0 0 0 12474.000000000004 21297.800000000083 10841.0 1133009.0
43 2.1500000000000004 5940.0 0 0 12771.000000000002 21297.800000000083 10841.0 1133009.0
44 2.2 6747.0 0 0 14843.400000000001 23054.600000000068 13037.0 1134504.0
45 2.25 7011.0 0 0 15774.75 23643.40000000007 13616.0 1140779.0
46 2.3 7195.0 0 0 16548.5 24057.800000000057 14134.0 1141642.0
47 2.3499999999999996 7195.0 0 0 16908.249999999996 24057.800000000057 14134.0 1141642.0
48 2.3999999999999995 9322.0 0 0 22372.799999999996 29121.800000000167 20464.0 2075934.0
49 2.4499999999999993 9917.0 0 0 24296.649999999994 30558.60000000023 22260.0 2460184.0
50 2.499999999999999 9917.0 0 0 24792.499999999993 30558.60000000023 22260.0 2460184.0
51 2.549999999999999 9950.0 0 0 25372.49999999999 30642.000000000244 22358.0 2497528.0
52 2.5999999999999988 10164.0 0 0 26426.399999999987 31193.200000000266 22931.0 2554881.0
53 2.6499999999999986 10164.0 0 0 26934.599999999984 31193.200000000266 22931.0 2554881.0
54 2.6999999999999984 10227.0 0 0 27612.899999999983 31362.800000000305 23143.0 2686697.0
55 2.7499999999999982 10270.0 0 0 28242.49999999998 31479.600000000333 23289.0 2757461.0
56 2.799999999999998 10270.0 0 0 28755.999999999978 31479.600000000333 23289.0 2757461.0
57 2.849999999999998 10270.0 0 0 29269.499999999978 31479.600000000333 23289.0 2757461.0
58 2.8999999999999977 11079.0 0 0 32129.099999999973 33799.80000000036 25636.0 2849329.0
59 2.9499999999999975 11273.0 0 0 33255.34999999997 34367.80000000036 26204.0 2849715.0
60 2.9999999999999973 13399.0 0 0 40196.99999999996 40697.80000000035 32534.0 3734869.0
61 3.049999999999997 13399.0 0 0 40866.94999999996 40697.80000000035 32534.0 3734869.0
62 3.099999999999997 14188.0 0 0 43982.79999999996 43126.80000000035 34828.0 4375329.0
63 3.149999999999997 14188.0 0 0 44692.19999999995 43126.80000000035 34828.0 4375329.0
64 3.1999999999999966 14188.0 0 0 45401.599999999955 43126.80000000035 34828.0 4375329.0
65 3.2499999999999964 14264.0 0 0 46357.99999999995 43371.600000000355 35071.0 4550480.0
66 3.2999999999999963 14290.0 0 0 47156.99999999995 43456.40000000038 35177.0 4597968.0
67 3.349999999999996 14290.0 0 0 47871.49999999994 43456.40000000038 35177.0 4597968.0
68 3.399999999999996 14348.0 0 0 48783.19999999994 43653.40000000038 35374.0 4738568.0
69 3.4499999999999957 14348.0 0 0 49500.59999999994 43653.40000000038 35374.0 4738568.0
70 3.4999999999999956 14348.0 0 0 50217.999999999935 43653.40000000038 35374.0 4738568.0
71 3.5499999999999954 14348.0 0 0 50935.399999999936 43653.40000000038 35374.0 4738568.0
72 3.599999999999995 14348.0 0 0 51652.79999999993 43653.40000000038 35374.0 4738568.0
73 3.649999999999995 14348.0 0 0 52370.19999999993 43653.40000000038 35374.0 4738568.0
74 3.699999999999995 14348.0 0 0 53087.599999999926 43653.40000000038 35374.0 4738568.0
75 3.7499999999999947 14348.0 0 0 53804.99999999992 43653.40000000038 35374.0 4738568.0
76 3.7999999999999945 14348.0 0 0 54522.39999999992 43653.40000000038 35374.0 4738568.0
77 3.8499999999999943 14354.0 0 0 55262.89999999992 43676.40000000038 35397.0 4748245.0
78 3.899999999999994 14354.0 0 0 55980.59999999992 43676.40000000038 35397.0 4748245.0
79 3.949999999999994 14354.0 0 0 56698.299999999916 43676.40000000038 35397.0 4748245.0
80 3.999999999999994 14396.0 0 0 57583.99999999991 43843.40000000038 35537.0 4812899.0
81 4.049999999999994 14401.0 0 0 58324.04999999991 43863.40000000038 35562.0 4826177.0
82 4.099999999999993 14401.0 0 0 59044.099999999904 43863.40000000038 35562.0 4826177.0
83 4.149999999999993 14401.0 0 0 59764.1499999999 43863.40000000038 35562.0 4826177.0
84 4.199999999999993 14401.0 0 0 60484.1999999999 43863.40000000038 35562.0 4826177.0
85 4.249999999999993 14401.0 0 0 61204.2499999999 43863.40000000038 35562.0 4826177.0
86 4.299999999999993 14632.0 0 0 62917.5999999999 44848.60000000038 35973.0 5043305.0
87 4.3499999999999925 14648.0 0 0 63718.799999999894 44917.40000000039 36032.0 5074897.0
88 4.399999999999992 14648.0 0 0 64451.19999999989 44917.40000000039 36032.0 5074897.0
89 4.449999999999992 14648.0 0 0 65183.59999999988 44917.40000000039 36032.0 5074897.0
90 4.499999999999992 14648.0 0 0 65915.99999999988 44917.40000000039 36032.0 5074897.0
91 4.549999999999992 14659.0 0 0 66698.44999999988 44967.00000000039 36067.0 5102755.0
92 4.599999999999992 14784.0 0 0 68006.39999999988 45535.800000000425 36292.0 5234282.0
93 4.6499999999999915 14821.0 0 0 68917.64999999988 45707.80000000045 36417.0 5321053.0
94 4.699999999999991 14821.0 0 0 69658.69999999987 45707.80000000045 36417.0 5321053.0
95 4.749999999999991 14821.0 0 0 70399.74999999987 45707.80000000045 36417.0 5321053.0
96 4.799999999999991 14821.0 0 0 71140.79999999987 45707.80000000045 36417.0 5321053.0
97 4.849999999999991 14821.0 0 0 71881.84999999986 45707.80000000045 36417.0 5321053.0
98 4.899999999999991 14821.0 0 0 72622.89999999986 45707.80000000045 36417.0 5321053.0
99 4.94999999999999 14821.0 0 0 73363.94999999985 45707.80000000045 36417.0 5321053.0
