0 0.01 1608.0 0 0 16.080000000000002 12283.799999999981 2317.0 0.0
1 0.060000000000000005 1669.0 0 0 100.14000000000001 12285.399999999981 2320.0 0.0
2 0.11000000000000001 1775.0 0 0 195.25000000000003 12296.999999999982 2326.0 0.0
3 0.16000000000000003 1786.0 0 0 285.76000000000005 12298.59999999998 2328.0 0.0
4 0.21000000000000002 1786.0 0 0 375.06000000000006 12298.59999999998 2328.0 0.0
5 0.26 1786.0 0 0 464.36 12298.59999999998 2328.0 0.0
6 0.31 1860.0 0 0 576.6 12320.99999999998 2335.0 0.0
7 0.36 1860.0 0 0 669.6 12320.99999999998 2335.0 0.0
8 0.41 1860.0 0 0 762.5999999999999 12320.99999999998 2335.0 0.0
9 0.45999999999999996 1860.0 0 0 855.5999999999999 12320.99999999998 2335.0 0.0
10 0.51 1860.0 0 0 948.6 12320.99999999998 2335.0 0.0
11 0.56 1860.0 0 0 1041.6000000000001 12320.99999999998 2335.0 0.0
12 0.6100000000000001 1860.0 0 0 1134.6000000000001 12320.99999999998 2335.0 0.0
13 0.6600000000000001 1860.0 0 0 1227.6000000000004 12320.99999999998 2335.0 0.0
14 0.7100000000000002 1860.0 0 0 1320.6000000000004 12320.99999999998 2335.0 0.0
15 0.7600000000000002 1894.0 0 0 1439.4400000000005 12345.79999999998 2339.0 0.0
16 0.8100000000000003 1894.0 0 0 1534.1400000000006 12345.79999999998 2339.0 0.0
17 0.8600000000000003 1894.0 0 0 1628.8400000000006 12345.79999999998 2339.0 0.0
18 0.9100000000000004 1894.0 0 0 1723.5400000000006 12345.79999999998 2339.0 0.0
19 0.9600000000000004 1894.0 0 0 1818.2400000000007 12345.79999999998 2339.0 0.0
20 1.0100000000000005 1894.0 0 0 1912.940000000001 12345.79999999998 2339.0 0.0
21 1.0600000000000005 1894.0 0 0 2007.640000000001 12345.79999999998 2339.0 0.0
22 1.1100000000000005 1894.0 0 0 2102.340000000001 12345.79999999998 2339.0 0.0
23 1.1600000000000006 1894.0 0 0 2197.0400000000013 12345.79999999998 2339.0 0.0
24 1.2100000000000006 1894.0 0 0 2291.740000000001 12345.79999999998 2339.0 0.0
25 1.2600000000000007 1894.0 0 0 2386.4400000000014 12345.79999999998 2339.0 0.0
26 1.3100000000000007 1894.0 0 0 2481.1400000000012 12345.79999999998 2339.0 0.0
27 1.3600000000000008 1964.0 0 0 2671.0400000000013 12438.59999999998 2348.0 0.0
28 1.4100000000000008 1964.0 0 0 2769.2400000000016 12438.59999999998 2348.0 0.0
29 1.4600000000000009 1964.0 0 0 2867.440000000002 12438.59999999998 2348.0 0.0
30 1.510000000000001 1964.0 0 0 2965.6400000000017 12438.59999999998 2348.0 0.0
31 1.560000000000001 1964.0 0 0 3063.840000000002 12438.59999999998 2348.0 0.0
32 1.610000000000001 1966.0 0 0 3165.260000000002 12441.799999999981 2352.0 0.0
33 1.660000000000001 1966.0 0 0 3263.560000000002 12441.799999999981 2352.0 0.0
34 1.710000000000001 1966.0 0 0 3361.860000000002 12441.799999999981 2352.0 0.0
35 1.7600000000000011 1966.0 0 0 3460.160000000002 12441.799999999981 2352.0 0.0
36 1.8100000000000012 1966.0 0 0 3558.4600000000023 12441.799999999981 2352.0 0.0
37 1.8600000000000012 1966.0 0 0 3656.7600000000025 12441.799999999981 2352.0 0.0
38 1.9100000000000013 1974.0 0 0 3770.3400000000024 12456.799999999981 2358.0 0.0
39 1.9600000000000013 1974.0 0 0 3869.0400000000027 12456.799999999981 2358.0 0.0
40 2.010000000000001 1974.0 0 0 3967.740000000002 12456.799999999981 2358.0 0.0
41 2.060000000000001 1997.0 0 0 4113.8200000000015 12503.599999999982 2381.0 0.0
42 2.1100000000000008 1997.0 0 0 4213.670000000002 12503.599999999982 2381.0 0.0
43 2.1600000000000006 1997.0 0 0 4313.520000000001 12503.599999999982 2381.0 0.0
44 2.2100000000000004 1997.0 0 0 4413.370000000001 12503.599999999982 2381.0 0.0
45 2.2600000000000002 1997.0 0 0 4513.22 12503.599999999982 2381.0 0.0
46 2.31 1997.0 0 0 4613.07 12503.599999999982 2381.0 0.0
47 2.36 2026.0 0 0 4781.36 12571.599999999982 2390.0 0.0
48 2.4099999999999997 2026.0 0 0 4882.659999999999 12571.599999999982 2390.0 0.0
49 2.4599999999999995 2026.0 0 0 4983.959999999999 12571.599999999982 2390.0 0.0
50 2.5099999999999993 2026.0 0 0 5085.259999999998 12571.599999999982 2390.0 0.0
51 2.559999999999999 2026.0 0 0 5186.559999999999 12571.599999999982 2390.0 0.0
52 2.609999999999999 2026.0 0 0 5287.859999999998 12571.599999999982 2390.0 0.0
53 2.659999999999999 2026.0 0 0 5389.159999999998 12571.599999999982 2390.0 0.0
54 2.7099999999999986 2026.0 0 0 5490.459999999997 12571.599999999982 2390.0 0.0
55 2.7599999999999985 2026.0 0 0 5591.759999999997 12571.599999999982 2390.0 0.0
56 2.8099999999999983 2026.0 0 0 5693.059999999997 12571.599999999982 2390.0 0.0
57 2.859999999999998 2026.0 0 0 5794.359999999996 12571.599999999982 2390.0 0.0
58 2.909999999999998 2026.0 0 0 5895.659999999996 12571.599999999982 2390.0 0.0
59 2.9599999999999977 2026.0 0 0 5996.9599999999955 12571.599999999982 2390.0 0.0
60 3.0099999999999976 2026.0 0 0 6098.259999999995 12571.599999999982 2390.0 0.0
61 3.0599999999999974 2026.0 0 0 6199.559999999995 12571.599999999982 2390.0 0.0
62 3.109999999999997 2026.0 0 0 6300.859999999994 12571.599999999982 2390.0 0.0
63 3.159999999999997 2026.0 0 0 6402.159999999994 12571.599999999982 2390.0 0.0
64 3.209999999999997 2026.0 0 0 6503.459999999994 12571.599999999982 2390.0 0.0
65 3.2599999999999967 2026.0 0 0 6604.759999999993 12571.599999999982 2390.0 0.0
66 3.3099999999999965 2034.0 0 0 6732.539999999993 12597.999999999982 2396.0 0.0
67 3.3599999999999963 2034.0 0 0 6834.2399999999925 12597.999999999982 2396.0 0.0
68 3.409999999999996 2034.0 0 0 6935.939999999992 12597.999999999982 2396.0 0.0
69 3.459999999999996 2034.0 0 0 7037.639999999992 12597.999999999982 2396.0 0.0
70 3.509999999999996 2068.0 0 0 7258.679999999991 12716.399999999981 2424.0 0.0
71 3.5599999999999956 2068.0 0 0 7362.079999999991 12716.399999999981 2424.0 0.0
72 3.6099999999999954 2068.0 0 0 7465.4799999999905 12716.399999999981 2424.0 0.0
73 3.6599999999999953 2083.0 0 0 7623.77999999999 12771.199999999983 2449.0 0.0
74 3.709999999999995 2083.0 0 0 7727.929999999989 12771.199999999983 2449.0 0.0
75 3.759999999999995 2083.0 0 0 7832.079999999989 12771.199999999983 2449.0 0.0
76 3.8099999999999947 2083.0 0 0 7936.229999999989 12771.199999999983 2449.0 0.0
77 3.8599999999999945 2083.0 0 0 8040.379999999988 12771.199999999983 2449.0 0.0
78 3.9099999999999944 2083.0 0 0 8144.529999999988 12771.199999999983 2449.0 0.0
79 3.959999999999994 2083.0 0 0 8248.679999999988 12771.199999999983 2449.0 0.0
80 4.0099999999999945 2095.0 0 0 8400.949999999988 12819.199999999983 2466.0 0.0
81 4.059999999999994 2095.0 0 0 8505.699999999988 12819.199999999983 2466.0 0.0
82 4.109999999999994 2095.0 0 0 8610.449999999988 12819.199999999983 2466.0 0.0
83 4.159999999999994 2120.0 0 0 8819.199999999988 12921.999999999984 2508.0 0.0
84 4.209999999999994 2120.0 0 0 8925.199999999986 12921.999999999984 2508.0 0.0
85 4.259999999999994 2120.0 0 0 9031.199999999986 12921.999999999984 2508.0 0.0
86 4.309999999999993 2120.0 0 0 9137.199999999986 12921.999999999984 2508.0 0.0
87 4.359999999999993 2120.0 0 0 9243.199999999986 12921.999999999984 2508.0 0.0
88 4.409999999999993 2120.0 0 0 9349.199999999984 12921.999999999984 2508.0 0.0
89 4.459999999999993 2141.0 0 0 9548.859999999984 13015.599999999982 2545.0 0.0
90 4.509999999999993 2141.0 0 0 9655.909999999983 13015.599999999982 2545.0 0.0
91 4.5599999999999925 2141.0 0 0 9762.959999999985 13015.599999999982 2545.0 0.0
92 4.609999999999992 2141.0 0 0 9870.009999999984 13015.599999999982 2545.0 0.0
93 4.659999999999992 2141.0 0 0 9977.059999999983 13015.599999999982 2545.0 0.0
94 4.709999999999992 2158.0 0 0 10164.179999999982 13095.599999999984 2575.0 0.0
95 4.759999999999992 2158.0 0 0 10272.079999999982 13095.599999999984 2575.0 0.0
96 4.809999999999992 2158.0 0 0 10379.979999999981 13095.599999999984 2575.0 0.0
97 4.859999999999991 2158.0 0 0 10487.879999999981 13095.599999999984 2575.0 0.0
98 4.909999999999991 2158.0 0 0 10595.77999999998 13095.599999999984 2575.0 0.0
99 4.959999999999991 2158.0 0 0 10703.67999999998 13095.599999999984 2575.0 0.0
