0 0.0 0.0 0 0 0.0 77434.40000000004 11169.0 0.0
1 0.05 7396.0 0 0 369.8 77466.00000000006 11217.0 0.0
2 0.1 8211.0 0 0 821.1 77529.20000000004 11290.0 0.0
3 0.15000000000000002 8473.0 0 0 1270.9500000000003 77562.00000000003 11323.0 0.0
4 0.2 8478.0 0 0 1695.6000000000001 77562.80000000003 11324.0 0.0
5 0.25 8543.0 0 0 2135.75 77577.20000000006 11348.0 0.0
6 0.3 8644.0 0 0 2593.2 77604.80000000003 11382.0 0.0
7 0.35 8766.0 0 0 3068.1 77643.80000000005 11425.0 0.0
8 0.39999999999999997 8817.0 0 0 3526.7999999999997 77663.00000000006 11454.0 0.0
9 0.44999999999999996 8867.0 0 0 3990.1499999999996 77683.80000000006 11500.0 0.0
10 0.49999999999999994 8898.0 0 0 4448.999999999999 77698.00000000006 11528.0 0.0
11 0.5499999999999999 8927.0 0 0 4909.849999999999 77713.20000000006 11557.0 0.0
12 0.6 8956.0 0 0 5373.599999999999 77730.40000000005 11576.0 0.0
13 0.65 9082.0 0 0 5903.3 77808.40000000007 11690.0 0.0
14 0.7000000000000001 9391.0 0 0 6573.700000000001 78019.60000000006 12206.0 0.0
15 0.7500000000000001 9620.0 0 0 7215.000000000001 78187.00000000006 12542.0 0.0
16 0.8000000000000002 9885.0 0 0 7908.000000000002 78390.20000000006 13029.0 0.0
17 0.8500000000000002 10098.0 0 0 8583.300000000003 78567.80000000005 13379.0 0.0
18 0.9000000000000002 10098.0 0 0 9088.200000000003 78567.80000000005 13379.0 0.0
19 0.9500000000000003 10203.0 0 0 9692.850000000002 78664.00000000006 13491.0 0.0
20 1.0000000000000002 10203.0 0 0 10203.000000000002 78664.00000000006 13491.0 0.0
21 1.0500000000000003 10224.0 0 0 10735.200000000003 78685.20000000006 13529.0 0.0
22 1.1000000000000003 11025.0 0 0 12127.500000000004 79552.80000000008 15654.0 0.0
23 1.1500000000000004 12562.0 0 0 14446.300000000005 81294.40000000001 19991.0 436.0
24 1.2000000000000004 17132.0 0 0 20558.400000000005 86683.60000000054 32978.0 2030564.0
25 1.2500000000000004 20374.0 0 0 25467.500000000007 90603.6000000012 42182.0 4346822.0
26 1.3000000000000005 20475.0 0 0 26617.50000000001 90731.20000000123 42501.0 4589850.0
27 1.3500000000000005 20591.0 0 0 27797.85000000001 90883.60000000124 42771.0 4724587.0
28 1.4000000000000006 20633.0 0 0 28886.20000000001 90941.20000000125 42861.0 4782249.0
29 1.4500000000000006 20741.0 0 0 30074.45000000001 91096.80000000125 43053.0 4782249.0
30 1.5000000000000007 20854.0 0 0 31281.000000000015 91263.80000000125 43220.0 4782249.0
31 1.5500000000000007 21467.0 0 0 33273.85000000001 92194.40000000127 44325.0 4782249.0
32 1.6000000000000008 21729.0 0 0 34766.400000000016 92606.60000000127 44827.0 4782249.0
33 1.6500000000000008 21729.0 0 0 35852.85000000002 92606.60000000127 44827.0 4782249.0
34 1.7000000000000008 22007.0 0 0 37411.900000000016 93072.60000000127 45346.0 4782249.0
35 1.7500000000000009 22126.0 0 0 38720.50000000002 93278.20000000128 45555.0 4782249.0
36 1.800000000000001 22277.0 0 0 40098.60000000002 93543.00000000127 45886.0 4782249.0
37 1.850000000000001 22566.0 0 0 41747.10000000002 94071.0000000013 46489.0 4889040.0
38 1.900000000000001 22619.0 0 0 42976.10000000002 94171.0000000013 46649.0 4991289.0
39 1.950000000000001 22994.0 0 0 44838.300000000025 94886.0000000013 47364.0 4991289.0
40 2.000000000000001 23078.0 0 0 46156.00000000002 95050.0000000013 47528.0 4991289.0
41 2.0500000000000007 23098.0 0 0 47350.900000000016 95090.0000000013 47568.0 4991289.0
42 2.1000000000000005 23335.0 0 0 49003.500000000015 95577.6000000013 48180.0 5046200.0
43 2.1500000000000004 24096.0 0 0 51806.40000000001 97188.4000000013 50122.0 5046200.0
44 2.2 25298.0 0 0 55655.600000000006 99807.60000000127 53390.0 5046200.0
45 2.25 27073.0 0 0 60914.25 103766.00000000118 58328.0 5047564.0
46 2.3 27435.0 0 0 63100.49999999999 104581.20000000116 59347.0 5048164.0
47 2.3499999999999996 30255.0 0 0 71099.24999999999 111123.600000001 67458.0 5071367.0
48 2.3999999999999995 40605.0 0 0 97451.99999999999 135718.6000000049 98197.0 1.1720793E7
49 2.4499999999999993 42190.0 0 0 103365.49999999997 139559.80000000572 102978.0 1.2974137E7
50 2.499999999999999 42363.0 0 0 105907.49999999996 139991.00000000582 103517.0 1.3344649E7
51 2.549999999999999 42387.0 0 0 108086.84999999995 140051.00000000582 103577.0 1.3344649E7
52 2.5999999999999988 42449.0 0 0 110367.39999999995 140210.60000000586 103765.0 1.345811E7
53 2.6499999999999986 42739.0 0 0 113258.34999999993 140972.6000000059 104584.0 1.3669791E7
54 2.6999999999999984 43035.0 0 0 116194.49999999993 141762.40000000596 105418.0 1.3851228E7
55 2.7499999999999982 43401.0 0 0 119352.74999999993 142761.40000000596 106417.0 1.3851228E7
56 2.799999999999998 44041.0 0 0 123314.79999999992 144544.00000000597 108215.0 1.392354E7
57 2.849999999999998 45568.0 0 0 129868.7999999999 148874.20000000598 112580.0 1.4049205E7
58 2.8999999999999977 47102.0 0 0 136595.7999999999 153282.20000000598 116988.0 1.4050557E7
59 2.9499999999999975 52142.0 0 0 153818.89999999988 168032.40000000602 131743.0 1.5963361E7
60 2.9999999999999973 60282.0 0 0 180845.99999999983 192273.400000006 155948.0 2.1172576E7
61 3.049999999999997 60347.0 0 0 184058.34999999983 192470.200000006 156151.0 2.1315007E7
62 3.099999999999997 61389.0 0 0 190305.89999999982 195685.60000000603 159298.0 2.2081544E7
63 3.149999999999997 61600.0 0 0 194039.9999999998 196344.00000000608 159956.0 2.2552492E7
64 3.1999999999999966 61600.0 0 0 197119.9999999998 196344.00000000608 159956.0 2.2552492E7
65 3.2499999999999964 61626.0 0 0 200284.49999999977 196428.00000000608 160040.0 2.2612857E7
66 3.2999999999999963 61703.0 0 0 203619.89999999976 196679.00000000608 160291.0 2.2782895E7
67 3.349999999999996 61769.0 0 0 206926.14999999976 196898.0000000061 160512.0 2.2965981E7
68 3.399999999999996 61868.0 0 0 210351.19999999975 197233.60000000612 160833.0 2.3188327E7
69 3.4499999999999957 61934.0 0 0 213672.29999999973 197460.60000000612 161042.0 2.3347983E7
70 3.4999999999999956 62064.0 0 0 217223.99999999974 197911.00000000614 161435.0 2.3613922E7
71 3.5499999999999954 62064.0 0 0 220327.19999999972 197911.00000000614 161435.0 2.3613922E7
72 3.599999999999995 62064.0 0 0 223430.3999999997 197911.00000000614 161435.0 2.3613922E7
73 3.649999999999995 62105.0 0 0 226683.24999999968 198060.00000000614 161557.0 2.3715947E7
74 3.699999999999995 62105.0 0 0 229788.49999999968 198060.00000000614 161557.0 2.3715947E7
75 3.7499999999999947 62105.0 0 0 232893.74999999968 198060.00000000614 161557.0 2.3715947E7
76 3.7999999999999945 62119.0 0 0 236052.19999999966 198113.00000000614 161610.0 2.375781E7
77 3.8499999999999943 62119.0 0 0 239158.14999999964 198113.00000000614 161610.0 2.375781E7
78 3.899999999999994 62146.0 0 0 242369.39999999964 198217.00000000614 161714.0 2.3845482E7
79 3.949999999999994 62146.0 0 0 245476.69999999963 198217.00000000614 161714.0 2.3845482E7
80 3.999999999999994 62146.0 0 0 248583.99999999962 198217.00000000614 161714.0 2.3845482E7
81 4.049999999999994 62208.0 0 0 251942.39999999962 198467.00000000617 161896.0 2.3965289E7
82 4.099999999999993 62219.0 0 0 255097.8999999996 198512.00000000617 161941.0 2.3990834E7
83 4.149999999999993 62260.0 0 0 258378.9999999996 198681.60000000618 162099.0 2.4114044E7
84 4.199999999999993 62308.0 0 0 261693.59999999957 198882.60000000618 162246.0 2.4231754E7
85 4.249999999999993 62394.0 0 0 265174.49999999953 199244.60000000618 162350.0 2.4242461E7
86 4.299999999999993 62425.0 0 0 268427.49999999953 199377.60000000618 162417.0 2.4286316E7
87 4.3499999999999925 62425.0 0 0 271548.74999999953 199377.60000000618 162417.0 2.4286316E7
88 4.399999999999992 62425.0 0 0 274669.99999999953 199377.60000000618 162417.0 2.4286316E7
89 4.449999999999992 62425.0 0 0 277791.24999999953 199377.60000000618 162417.0 2.4286316E7
90 4.499999999999992 62436.0 0 0 280961.9999999995 199426.60000000618 162448.0 2.4309898E7
91 4.549999999999992 62453.0 0 0 284161.1499999995 199503.60000000618 162498.0 2.4344398E7
92 4.599999999999992 62485.0 0 0 287430.9999999995 199649.60000000618 162635.0 2.4432643E7
93 4.6499999999999915 62492.0 0 0 290587.79999999946 199682.00000000617 162644.0 2.4435103E7
94 4.699999999999991 62492.0 0 0 293712.39999999944 199682.00000000617 162644.0 2.4435103E7
95 4.749999999999991 62492.0 0 0 296836.9999999994 199682.00000000617 162644.0 2.4435103E7
96 4.799999999999991 62492.0 0 0 299961.59999999945 199682.00000000617 162644.0 2.4435103E7
97 4.849999999999991 62530.0 0 0 303270.4999999994 199865.4000000062 162759.0 2.4505982E7
98 4.899999999999991 62530.0 0 0 306396.9999999994 199865.4000000062 162759.0 2.4505982E7
99 4.94999999999999 62537.0 0 0 309558.1499999994 199899.80000000622 162793.0 2.4536057E7
