0 0.01 973.0 0 0 9.73 21174.0 2437.0 0.0
1 0.060000000000000005 1192.0 0 0 71.52000000000001 21178.0 2441.0 0.0
2 0.11000000000000001 1264.0 0 0 139.04000000000002 21183.0 2446.0 0.0
3 0.16000000000000003 1382.0 0 0 221.12000000000003 21200.0 2454.0 0.0
4 0.21000000000000002 1382.0 0 0 290.22 21200.0 2454.0 0.0
5 0.26 1382.0 0 0 359.32 21200.0 2454.0 0.0
6 0.31 1500.0 0 0 465.0 21235.0 2462.0 0.0
7 0.36 1602.0 0 0 576.72 21270.0 2470.0 0.0
8 0.41 1632.0 0 0 669.12 21281.0 2472.0 0.0
9 0.45999999999999996 1632.0 0 0 750.7199999999999 21281.0 2472.0 0.0
10 0.51 1632.0 0 0 832.32 21281.0 2472.0 0.0
11 0.56 1632.0 0 0 913.9200000000001 21281.0 2472.0 0.0
12 0.6100000000000001 1632.0 0 0 995.5200000000002 21281.0 2472.0 0.0
13 0.6600000000000001 1632.0 0 0 1077.1200000000003 21281.0 2472.0 0.0
14 0.7100000000000002 1632.0 0 0 1158.7200000000003 21281.0 2472.0 0.0
15 0.7600000000000002 1750.0 0 0 1330.0000000000005 21367.0 2482.0 0.0
16 0.8100000000000003 1750.0 0 0 1417.5000000000005 21367.0 2482.0 0.0
17 0.8600000000000003 1859.0 0 0 1598.7400000000007 21460.0 2490.0 0.0
18 0.9100000000000004 1870.0 0 0 1701.7000000000007 21470.0 2491.0 0.0
19 0.9600000000000004 1883.0 0 0 1807.6800000000007 21482.0 2494.0 0.0
20 1.0100000000000005 1919.0 0 0 1938.190000000001 21518.0 2503.0 0.0
21 1.0600000000000005 1919.0 0 0 2034.140000000001 21518.0 2503.0 0.0
22 1.1100000000000005 1972.0 0 0 2188.920000000001 21575.0 2515.0 0.0
23 1.1600000000000006 1972.0 0 0 2287.5200000000013 21575.0 2515.0 0.0
24 1.2100000000000006 2001.0 0 0 2421.2100000000014 21610.0 2523.0 0.0
25 1.2600000000000007 2001.0 0 0 2521.260000000001 21610.0 2523.0 0.0
26 1.3100000000000007 2001.0 0 0 2621.3100000000013 21610.0 2523.0 0.0
27 1.3600000000000008 2004.0 0 0 2725.4400000000014 21614.0 2527.0 0.0
28 1.4100000000000008 2004.0 0 0 2825.6400000000017 21614.0 2527.0 0.0
29 1.4600000000000009 2004.0 0 0 2925.8400000000015 21614.0 2527.0 0.0
30 1.510000000000001 2019.0 0 0 3048.690000000002 21636.0 2531.0 0.0
31 1.560000000000001 2019.0 0 0 3149.6400000000017 21636.0 2531.0 0.0
32 1.610000000000001 2019.0 0 0 3250.590000000002 21636.0 2531.0 0.0
33 1.660000000000001 2019.0 0 0 3351.5400000000022 21636.0 2531.0 0.0
34 1.710000000000001 2025.0 0 0 3462.7500000000023 21646.0 2532.0 0.0
35 1.7600000000000011 2025.0 0 0 3564.0000000000023 21646.0 2532.0 0.0
36 1.8100000000000012 2091.0 0 0 3784.7100000000023 21764.0 2547.0 0.0
37 1.8600000000000012 2091.0 0 0 3889.2600000000025 21764.0 2547.0 0.0
38 1.9100000000000013 2091.0 0 0 3993.8100000000027 21764.0 2547.0 0.0
39 1.9600000000000013 2091.0 0 0 4098.360000000002 21764.0 2547.0 0.0
40 2.010000000000001 2091.0 0 0 4202.910000000003 21764.0 2547.0 0.0
41 2.060000000000001 2091.0 0 0 4307.460000000002 21764.0 2547.0 0.0
42 2.1100000000000008 2091.0 0 0 4412.010000000002 21764.0 2547.0 0.0
43 2.1600000000000006 2091.0 0 0 4516.560000000001 21764.0 2547.0 0.0
44 2.2100000000000004 2091.0 0 0 4621.110000000001 21764.0 2547.0 0.0
45 2.2600000000000002 2091.0 0 0 4725.660000000001 21764.0 2547.0 0.0
46 2.31 2091.0 0 0 4830.21 21764.0 2547.0 0.0
47 2.36 2091.0 0 0 4934.759999999999 21764.0 2547.0 0.0
48 2.4099999999999997 2091.0 0 0 5039.3099999999995 21764.0 2547.0 0.0
49 2.4599999999999995 2091.0 0 0 5143.859999999999 21764.0 2547.0 0.0
50 2.5099999999999993 2091.0 0 0 5248.409999999999 21764.0 2547.0 0.0
51 2.559999999999999 2091.0 0 0 5352.959999999998 21764.0 2547.0 0.0
52 2.609999999999999 2091.0 0 0 5457.5099999999975 21764.0 2547.0 0.0
53 2.659999999999999 2091.0 0 0 5562.059999999998 21764.0 2547.0 0.0
54 2.7099999999999986 2129.0 0 0 5769.589999999997 21866.0 2551.0 0.0
55 2.7599999999999985 2129.0 0 0 5876.039999999996 21866.0 2551.0 0.0
56 2.8099999999999983 2129.0 0 0 5982.489999999996 21866.0 2551.0 0.0
57 2.859999999999998 2129.0 0 0 6088.939999999996 21866.0 2551.0 0.0
58 2.909999999999998 2166.0 0 0 6303.059999999996 21972.0 2559.0 0.0
59 2.9599999999999977 2166.0 0 0 6411.359999999995 21972.0 2559.0 0.0
60 3.0099999999999976 2166.0 0 0 6519.659999999994 21972.0 2559.0 0.0
61 3.0599999999999974 2166.0 0 0 6627.959999999995 21972.0 2559.0 0.0
62 3.109999999999997 2166.0 0 0 6736.259999999994 21972.0 2559.0 0.0
63 3.159999999999997 2190.0 0 0 6920.399999999993 22047.0 2567.0 0.0
64 3.209999999999997 2190.0 0 0 7029.899999999993 22047.0 2567.0 0.0
65 3.2599999999999967 2190.0 0 0 7139.399999999992 22047.0 2567.0 0.0
66 3.3099999999999965 2190.0 0 0 7248.899999999992 22047.0 2567.0 0.0
67 3.3599999999999963 2190.0 0 0 7358.399999999992 22047.0 2567.0 0.0
68 3.409999999999996 2190.0 0 0 7467.899999999991 22047.0 2567.0 0.0
69 3.459999999999996 2190.0 0 0 7577.399999999991 22047.0 2567.0 0.0
70 3.509999999999996 2190.0 0 0 7686.8999999999905 22047.0 2567.0 0.0
71 3.5599999999999956 2224.0 0 0 7917.4399999999905 22168.0 2585.0 0.0
72 3.6099999999999954 2224.0 0 0 8028.639999999989 22168.0 2585.0 0.0
73 3.6599999999999953 2224.0 0 0 8139.839999999989 22168.0 2585.0 0.0
74 3.709999999999995 2224.0 0 0 8251.03999999999 22168.0 2585.0 0.0
75 3.759999999999995 2224.0 0 0 8362.239999999989 22168.0 2585.0 0.0
76 3.8099999999999947 2224.0 0 0 8473.439999999988 22168.0 2585.0 0.0
77 3.8599999999999945 2224.0 0 0 8584.639999999989 22168.0 2585.0 0.0
78 3.9099999999999944 2224.0 0 0 8695.839999999987 22168.0 2585.0 0.0
79 3.959999999999994 2224.0 0 0 8807.039999999986 22168.0 2585.0 0.0
80 4.0099999999999945 2224.0 0 0 8918.239999999987 22168.0 2585.0 0.0
81 4.059999999999994 2224.0 0 0 9029.439999999988 22168.0 2585.0 0.0
82 4.109999999999994 2224.0 0 0 9140.639999999987 22168.0 2585.0 0.0
83 4.159999999999994 2224.0 0 0 9251.839999999986 22168.0 2585.0 0.0
84 4.209999999999994 2224.0 0 0 9363.039999999986 22168.0 2585.0 0.0
85 4.259999999999994 2224.0 0 0 9474.239999999985 22168.0 2585.0 0.0
86 4.309999999999993 2224.0 0 0 9585.439999999986 22168.0 2585.0 0.0
87 4.359999999999993 2241.0 0 0 9770.759999999986 22242.0 2592.0 0.0
88 4.409999999999993 2241.0 0 0 9882.809999999985 22242.0 2592.0 0.0
89 4.459999999999993 2266.0 0 0 10106.359999999984 22353.0 2609.0 0.0
90 4.509999999999993 2266.0 0 0 10219.659999999983 22353.0 2609.0 0.0
91 4.5599999999999925 2266.0 0 0 10332.959999999983 22353.0 2609.0 0.0
92 4.609999999999992 2266.0 0 0 10446.259999999982 22353.0 2609.0 0.0
93 4.659999999999992 2266.0 0 0 10559.559999999981 22353.0 2609.0 0.0
94 4.709999999999992 2266.0 0 0 10672.859999999982 22353.0 2609.0 0.0
95 4.759999999999992 2266.0 0 0 10786.159999999982 22353.0 2609.0 0.0
96 4.809999999999992 2266.0 0 0 10899.459999999981 22353.0 2609.0 0.0
97 4.859999999999991 2266.0 0 0 11012.75999999998 22353.0 2609.0 0.0
98 4.909999999999991 2296.0 0 0 11273.35999999998 22500.0 2631.0 0.0
99 4.959999999999991 2296.0 0 0 11388.15999999998 22500.0 2631.0 0.0
