0 0.0 0.0 0 0 0.0 8685.599999999988 1398.0 0.0
1 0.05 1329.0 0 0 66.45 8685.599999999988 1398.0 0.0
2 0.1 1339.0 0 0 133.9 8686.399999999989 1399.0 0.0
3 0.15000000000000002 1339.0 0 0 200.85000000000002 8686.399999999989 1399.0 0.0
4 0.2 1379.0 0 0 275.8 8692.799999999988 1407.0 0.0
5 0.25 1379.0 0 0 344.75 8692.799999999988 1407.0 0.0
6 0.3 1393.0 0 0 417.9 8696.799999999988 1412.0 0.0
7 0.35 1393.0 0 0 487.54999999999995 8696.799999999988 1412.0 0.0
8 0.39999999999999997 1404.0 0 0 561.5999999999999 8700.799999999988 1417.0 0.0
9 0.44999999999999996 1404.0 0 0 631.8 8700.799999999988 1417.0 0.0
10 0.49999999999999994 1404.0 0 0 701.9999999999999 8700.799999999988 1417.0 0.0
11 0.5499999999999999 1404.0 0 0 772.1999999999999 8700.799999999988 1417.0 0.0
12 0.6 1404.0 0 0 842.4 8700.799999999988 1417.0 0.0
13 0.65 1420.0 0 0 923.0 8710.399999999987 1429.0 0.0
14 0.7000000000000001 1420.0 0 0 994.0000000000001 8710.399999999987 1429.0 0.0
15 0.7500000000000001 1420.0 0 0 1065.0000000000002 8710.399999999987 1429.0 0.0
16 0.8000000000000002 1420.0 0 0 1136.0000000000002 8710.399999999987 1429.0 0.0
17 0.8500000000000002 1420.0 0 0 1207.0000000000002 8710.399999999987 1429.0 0.0
18 0.9000000000000002 1420.0 0 0 1278.0000000000005 8710.399999999987 1429.0 0.0
19 0.9500000000000003 1427.0 0 0 1355.6500000000003 8716.799999999988 1437.0 0.0
20 1.0000000000000002 1427.0 0 0 1427.0000000000002 8716.799999999988 1437.0 0.0
21 1.0500000000000003 1443.0 0 0 1515.1500000000003 8732.799999999988 1457.0 0.0
22 1.1000000000000003 1443.0 0 0 1587.3000000000004 8732.799999999988 1457.0 0.0
23 1.1500000000000004 1443.0 0 0 1659.4500000000005 8732.799999999988 1457.0 0.0
24 1.2000000000000004 1443.0 0 0 1731.6000000000006 8732.799999999988 1457.0 0.0
25 1.2500000000000004 1443.0 0 0 1803.7500000000007 8732.799999999988 1457.0 0.0
26 1.3000000000000005 1443.0 0 0 1875.9000000000008 8732.799999999988 1457.0 0.0
27 1.3500000000000005 1553.0 0 0 2096.5500000000006 8876.799999999988 1637.0 0.0
28 1.4000000000000006 1681.0 0 0 2353.400000000001 9054.39999999999 1859.0 0.0
29 1.4500000000000006 1796.0 0 0 2604.200000000001 9219.99999999999 2066.0 0.0
30 1.5000000000000007 1929.0 0 0 2893.5000000000014 9413.599999999993 2308.0 0.0
31 1.5500000000000007 1929.0 0 0 2989.950000000001 9413.599999999993 2308.0 0.0
32 1.6000000000000008 1929.0 0 0 3086.4000000000015 9413.599999999993 2308.0 0.0
33 1.6500000000000008 1929.0 0 0 3182.8500000000017 9413.599999999993 2308.0 0.0
34 1.7000000000000008 1929.0 0 0 3279.3000000000015 9413.599999999993 2308.0 0.0
35 1.7500000000000009 1929.0 0 0 3375.750000000002 9413.599999999993 2308.0 0.0
36 1.800000000000001 1929.0 0 0 3472.2000000000016 9413.599999999993 2308.0 0.0
37 1.850000000000001 2065.0 0 0 3820.250000000002 9663.999999999995 2621.0 196.0
38 1.900000000000001 2065.0 0 0 3923.5000000000023 9663.999999999995 2621.0 196.0
39 1.950000000000001 2065.0 0 0 4026.7500000000023 9663.999999999995 2621.0 196.0
40 2.000000000000001 2065.0 0 0 4130.000000000002 9663.999999999995 2621.0 196.0
41 2.0500000000000007 2065.0 0 0 4233.250000000002 9663.999999999995 2621.0 196.0
42 2.1000000000000005 2065.0 0 0 4336.500000000001 9663.999999999995 2621.0 196.0
43 2.1500000000000004 2065.0 0 0 4439.750000000001 9663.999999999995 2621.0 196.0
44 2.2 2065.0 0 0 4543.0 9663.999999999995 2621.0 196.0
45 2.25 2481.0 0 0 5582.25 10597.600000000006 3788.0 196.0
46 2.3 3070.0 0 0 7060.999999999999 11938.400000000003 5464.0 196.0
47 2.3499999999999996 3070.0 0 0 7214.499999999999 11938.400000000003 5464.0 196.0
48 2.3999999999999995 7744.0 0 0 18585.599999999995 23095.200000001176 19410.0 2515403.0
49 2.4499999999999993 7744.0 0 0 18972.799999999996 23095.200000001176 19410.0 2515403.0
50 2.499999999999999 7744.0 0 0 19359.999999999993 23095.200000001176 19410.0 2515403.0
51 2.549999999999999 7744.0 0 0 19747.199999999993 23095.200000001176 19410.0 2515403.0
52 2.5999999999999988 7744.0 0 0 20134.39999999999 23095.200000001176 19410.0 2515403.0
53 2.6499999999999986 7744.0 0 0 20521.599999999988 23095.200000001176 19410.0 2515403.0
54 2.6999999999999984 7803.0 0 0 21068.099999999988 23254.40000000121 19609.0 2664391.0
55 2.7499999999999982 7832.0 0 0 21537.999999999985 23333.60000000123 19708.0 2729232.0
56 2.799999999999998 7832.0 0 0 21929.599999999984 23333.60000000123 19708.0 2729232.0
57 2.849999999999998 7832.0 0 0 22321.199999999983 23333.60000000123 19708.0 2729232.0
58 2.8999999999999977 7837.0 0 0 22727.29999999998 23348.000000001233 19726.0 2738509.0
59 2.9499999999999975 7837.0 0 0 23119.14999999998 23348.000000001233 19726.0 2738509.0
60 2.9999999999999973 7908.0 0 0 23723.999999999978 23560.000000001273 19991.0 2894378.0
61 3.049999999999997 7971.0 0 0 24311.549999999977 23750.40000000132 20220.0 3028172.0
62 3.099999999999997 7971.0 0 0 24710.099999999977 23750.40000000132 20220.0 3028172.0
63 3.149999999999997 7971.0 0 0 25108.649999999976 23750.40000000132 20220.0 3028172.0
64 3.1999999999999966 7971.0 0 0 25507.19999999997 23750.40000000132 20220.0 3028172.0
65 3.2499999999999964 7971.0 0 0 25905.74999999997 23750.40000000132 20220.0 3028172.0
66 3.2999999999999963 7971.0 0 0 26304.29999999997 23750.40000000132 20220.0 3028172.0
67 3.349999999999996 7971.0 0 0 26702.84999999997 23750.40000000132 20220.0 3028172.0
68 3.399999999999996 8021.0 0 0 27271.39999999997 23919.200000001314 20431.0 3058063.0
69 3.4499999999999957 8021.0 0 0 27672.449999999964 23919.200000001314 20431.0 3058063.0
70 3.4999999999999956 8021.0 0 0 28073.499999999964 23919.200000001314 20431.0 3058063.0
71 3.5499999999999954 8021.0 0 0 28474.549999999963 23919.200000001314 20431.0 3058063.0
72 3.599999999999995 8043.0 0 0 28954.799999999963 23997.600000001315 20529.0 3085219.0
73 3.649999999999995 8043.0 0 0 29356.94999999996 23997.600000001315 20529.0 3085219.0
74 3.699999999999995 8043.0 0 0 29759.09999999996 23997.600000001315 20529.0 3085219.0
75 3.7499999999999947 8062.0 0 0 30232.499999999956 24068.00000000131 20617.0 3126766.0
76 3.7999999999999945 8073.0 0 0 30677.399999999954 24109.60000000131 20651.0 3157614.0
77 3.8499999999999943 8073.0 0 0 31081.049999999956 24109.60000000131 20651.0 3157614.0
78 3.899999999999994 8073.0 0 0 31484.699999999953 24109.60000000131 20651.0 3157614.0
79 3.949999999999994 8073.0 0 0 31888.34999999995 24109.60000000131 20651.0 3157614.0
80 3.999999999999994 8073.0 0 0 32291.99999999995 24109.60000000131 20651.0 3157614.0
81 4.049999999999994 8078.0 0 0 32715.899999999947 24129.60000000131 20658.0 3162746.0
82 4.099999999999993 8078.0 0 0 33119.799999999945 24129.60000000131 20658.0 3162746.0
83 4.149999999999993 8127.0 0 0 33727.049999999945 24332.00000000134 20803.0 3273027.0
84 4.199999999999993 8127.0 0 0 34133.39999999994 24332.00000000134 20803.0 3273027.0
85 4.249999999999993 8209.0 0 0 34888.24999999994 24680.00000000133 20887.0 3306686.0
86 4.299999999999993 8209.0 0 0 35298.69999999994 24680.00000000133 20887.0 3306686.0
87 4.3499999999999925 8209.0 0 0 35709.149999999936 24680.00000000133 20887.0 3306686.0
88 4.399999999999992 8209.0 0 0 36119.59999999994 24680.00000000133 20887.0 3306686.0
89 4.449999999999992 8209.0 0 0 36530.04999999994 24680.00000000133 20887.0 3306686.0
90 4.499999999999992 8209.0 0 0 36940.499999999935 24680.00000000133 20887.0 3306686.0
91 4.549999999999992 8209.0 0 0 37350.94999999993 24680.00000000133 20887.0 3306686.0
92 4.599999999999992 8209.0 0 0 37761.39999999993 24680.00000000133 20887.0 3306686.0
93 4.6499999999999915 8209.0 0 0 38171.84999999993 24680.00000000133 20887.0 3306686.0
94 4.699999999999991 8209.0 0 0 38582.29999999993 24680.00000000133 20887.0 3306686.0
95 4.749999999999991 8240.0 0 0 39139.99999999993 24827.200000001347 20990.0 3399500.0
96 4.799999999999991 8240.0 0 0 39551.99999999993 24827.200000001347 20990.0 3399500.0
97 4.849999999999991 8240.0 0 0 39963.99999999993 24827.200000001347 20990.0 3399500.0
98 4.899999999999991 8240.0 0 0 40375.99999999992 24827.200000001347 20990.0 3399500.0
99 4.94999999999999 8240.0 0 0 40787.99999999992 24827.200000001347 20990.0 3399500.0
