0 0.0 0.0 0 0 0.0 61790.80000000003 9094.0 0.0
1 0.05 7713.0 0 0 385.65000000000003 61791.20000000003 9095.0 146.0
2 0.1 7718.0 0 0 771.8000000000001 61791.60000000003 9096.0 394.0
3 0.15000000000000002 7724.0 0 0 1158.6000000000001 61792.40000000003 9097.0 436.0
4 0.2 7724.0 0 0 1544.8000000000002 61792.40000000003 9097.0 436.0
5 0.25 7732.0 0 0 1933.0 61794.00000000003 9099.0 533.0
6 0.3 7744.0 0 0 2323.2 61797.00000000003 9102.0 694.0
7 0.35 7764.0 0 0 2717.3999999999996 61803.40000000002 9106.0 2025.0
8 0.39999999999999997 7766.0 0 0 3106.3999999999996 61804.200000000026 9107.0 2029.0
9 0.44999999999999996 7766.0 0 0 3494.7 61804.200000000026 9107.0 2029.0
10 0.49999999999999994 7784.0 0 0 3891.9999999999995 61813.00000000003 9109.0 2136.0
11 0.5499999999999999 7784.0 0 0 4281.2 61813.00000000003 9109.0 2136.0
12 0.6 7792.0 0 0 4675.2 61817.40000000003 9111.0 2495.0
13 0.65 7792.0 0 0 5064.8 61817.40000000003 9111.0 2495.0
14 0.7000000000000001 7792.0 0 0 5454.400000000001 61817.40000000003 9111.0 2495.0
15 0.7500000000000001 7792.0 0 0 5844.000000000001 61817.40000000003 9111.0 2495.0
16 0.8000000000000002 7792.0 0 0 6233.600000000001 61817.40000000003 9111.0 2495.0
17 0.8500000000000002 7814.0 0 0 6641.9000000000015 61835.00000000003 9117.0 3280.0
18 0.9000000000000002 7814.0 0 0 7032.600000000002 61835.00000000003 9117.0 3280.0
19 0.9500000000000003 7814.0 0 0 7423.300000000002 61835.00000000003 9117.0 3280.0
20 1.0000000000000002 7814.0 0 0 7814.000000000002 61835.00000000003 9117.0 3280.0
21 1.0500000000000003 7814.0 0 0 8204.700000000003 61835.00000000003 9117.0 3280.0
22 1.1000000000000003 7814.0 0 0 8595.400000000003 61835.00000000003 9117.0 3280.0
23 1.1500000000000004 7814.0 0 0 8986.100000000002 61835.00000000003 9117.0 3280.0
24 1.2000000000000004 7814.0 0 0 9376.800000000003 61835.00000000003 9117.0 3280.0
25 1.2500000000000004 7814.0 0 0 9767.500000000004 61835.00000000003 9117.0 3280.0
26 1.3000000000000005 7821.0 0 0 10167.300000000005 61843.80000000002 9119.0 3280.0
27 1.3500000000000005 7844.0 0 0 10589.400000000003 61874.00000000002 9127.0 7281.0
28 1.4000000000000006 7849.0 0 0 10988.600000000004 61880.800000000025 9135.0 13763.0
29 1.4500000000000006 7855.0 0 0 11389.750000000005 61889.20000000003 9138.0 14087.0
30 1.5000000000000007 7855.0 0 0 11782.500000000005 61889.20000000003 9138.0 14087.0
31 1.5500000000000007 7855.0 0 0 12175.250000000005 61889.20000000003 9138.0 14087.0
32 1.6000000000000008 7855.0 0 0 12568.000000000005 61889.20000000003 9138.0 14087.0
33 1.6500000000000008 7855.0 0 0 12960.750000000005 61889.20000000003 9138.0 14087.0
34 1.7000000000000008 7861.0 0 0 13363.700000000006 61899.20000000003 9139.0 14322.0
35 1.7500000000000009 7861.0 0 0 13756.750000000007 61899.20000000003 9139.0 14322.0
36 1.800000000000001 7861.0 0 0 14149.800000000007 61899.20000000003 9139.0 14322.0
37 1.850000000000001 7861.0 0 0 14542.850000000008 61899.20000000003 9139.0 14322.0
38 1.900000000000001 7861.0 0 0 14935.900000000009 61899.20000000003 9139.0 14322.0
39 1.950000000000001 7861.0 0 0 15328.950000000008 61899.20000000003 9139.0 14322.0
40 2.000000000000001 7861.0 0 0 15722.000000000007 61899.20000000003 9139.0 14322.0
41 2.0500000000000007 7861.0 0 0 16115.050000000005 61899.20000000003 9139.0 14322.0
42 2.1000000000000005 7861.0 0 0 16508.100000000006 61899.20000000003 9139.0 14322.0
43 2.1500000000000004 7861.0 0 0 16901.15 61899.20000000003 9139.0 14322.0
44 2.2 7861.0 0 0 17294.2 61899.20000000003 9139.0 14322.0
45 2.25 7861.0 0 0 17687.25 61899.20000000003 9139.0 14322.0
46 2.3 7861.0 0 0 18080.3 61899.20000000003 9139.0 14322.0
47 2.3499999999999996 7861.0 0 0 18473.35 61899.20000000003 9139.0 14322.0
48 2.3999999999999995 7861.0 0 0 18866.399999999994 61899.20000000003 9139.0 14322.0
49 2.4499999999999993 7868.0 0 0 19276.599999999995 61916.20000000003 9147.0 17787.0
50 2.499999999999999 7868.0 0 0 19669.999999999993 61916.20000000003 9147.0 17787.0
51 2.549999999999999 7868.0 0 0 20063.39999999999 61916.20000000003 9147.0 17787.0
52 2.5999999999999988 7868.0 0 0 20456.799999999992 61916.20000000003 9147.0 17787.0
53 2.6499999999999986 7868.0 0 0 20850.19999999999 61916.20000000003 9147.0 17787.0
54 2.6999999999999984 7868.0 0 0 21243.599999999988 61916.20000000003 9147.0 17787.0
55 2.7499999999999982 7876.0 0 0 21658.999999999985 61937.800000000025 9156.0 21691.0
56 2.799999999999998 7884.0 0 0 22075.199999999986 61959.800000000025 9160.0 22701.0
57 2.849999999999998 7908.0 0 0 22537.799999999985 62027.60000000003 9165.0 22724.0
58 2.8999999999999977 7908.0 0 0 22933.199999999983 62027.60000000003 9165.0 22724.0
59 2.9499999999999975 7908.0 0 0 23328.59999999998 62027.60000000003 9165.0 22724.0
60 2.9999999999999973 7918.0 0 0 23753.999999999978 62057.200000000026 9172.0 23491.0
61 3.049999999999997 7918.0 0 0 24149.899999999976 62057.200000000026 9172.0 23491.0
62 3.099999999999997 7918.0 0 0 24545.799999999977 62057.200000000026 9172.0 23491.0
63 3.149999999999997 7918.0 0 0 24941.699999999975 62057.200000000026 9172.0 23491.0
64 3.1999999999999966 7918.0 0 0 25337.599999999973 62057.200000000026 9172.0 23491.0
65 3.2499999999999964 7918.0 0 0 25733.49999999997 62057.200000000026 9172.0 23491.0
66 3.2999999999999963 7918.0 0 0 26129.39999999997 62057.200000000026 9172.0 23491.0
67 3.349999999999996 7918.0 0 0 26525.29999999997 62057.200000000026 9172.0 23491.0
68 3.399999999999996 7918.0 0 0 26921.199999999968 62057.200000000026 9172.0 23491.0
69 3.4499999999999957 7918.0 0 0 27317.099999999966 62057.200000000026 9172.0 23491.0
70 3.4999999999999956 7918.0 0 0 27712.999999999964 62057.200000000026 9172.0 23491.0
71 3.5499999999999954 7937.0 0 0 28176.349999999962 62124.200000000026 9181.0 25607.0
72 3.599999999999995 7937.0 0 0 28573.19999999996 62124.200000000026 9181.0 25607.0
73 3.649999999999995 7937.0 0 0 28970.04999999996 62124.200000000026 9181.0 25607.0
74 3.699999999999995 7940.0 0 0 29377.99999999996 62135.200000000026 9183.0 25809.0
75 3.7499999999999947 7982.0 0 0 29932.499999999956 62291.200000000026 9204.0 30937.0
76 3.7999999999999945 7982.0 0 0 30331.599999999955 62291.200000000026 9204.0 30937.0
77 3.8499999999999943 7987.0 0 0 30749.949999999953 62310.40000000003 9210.0 32969.0
78 3.899999999999994 7987.0 0 0 31149.299999999952 62310.40000000003 9210.0 32969.0
79 3.949999999999994 7987.0 0 0 31548.64999999995 62310.40000000003 9210.0 32969.0
80 3.999999999999994 7987.0 0 0 31947.99999999995 62310.40000000003 9210.0 32969.0
81 4.049999999999994 7987.0 0 0 32347.349999999948 62310.40000000003 9210.0 32969.0
82 4.099999999999993 7987.0 0 0 32746.699999999946 62310.40000000003 9210.0 32969.0
83 4.149999999999993 7987.0 0 0 33146.049999999945 62310.40000000003 9210.0 32969.0
84 4.199999999999993 7987.0 0 0 33545.39999999994 62310.40000000003 9210.0 32969.0
85 4.249999999999993 7987.0 0 0 33944.74999999994 62310.40000000003 9210.0 32969.0
86 4.299999999999993 7987.0 0 0 34344.09999999994 62310.40000000003 9210.0 32969.0
87 4.3499999999999925 7987.0 0 0 34743.44999999994 62310.40000000003 9210.0 32969.0
88 4.399999999999992 7987.0 0 0 35142.79999999994 62310.40000000003 9210.0 32969.0
89 4.449999999999992 8001.0 0 0 35604.44999999994 62372.00000000003 9220.0 32969.0
90 4.499999999999992 8001.0 0 0 36004.499999999935 62372.00000000003 9220.0 32969.0
91 4.549999999999992 8007.0 0 0 36431.84999999993 62399.00000000003 9229.0 34511.0
92 4.599999999999992 8007.0 0 0 36832.19999999993 62399.00000000003 9229.0 34511.0
93 4.6499999999999915 8007.0 0 0 37232.54999999993 62399.00000000003 9229.0 34511.0
94 4.699999999999991 8007.0 0 0 37632.89999999993 62399.00000000003 9229.0 34511.0
95 4.749999999999991 8007.0 0 0 38033.24999999993 62399.00000000003 9229.0 34511.0
96 4.799999999999991 8007.0 0 0 38433.599999999926 62399.00000000003 9229.0 34511.0
97 4.849999999999991 8007.0 0 0 38833.949999999924 62399.00000000003 9229.0 34511.0
98 4.899999999999991 8007.0 0 0 39234.29999999992 62399.00000000003 9229.0 34511.0
99 4.94999999999999 8007.0 0 0 39634.64999999992 62399.00000000003 9229.0 34511.0
