0 0.0 0.0 0 0 0.0 17856.999999999985 2465.0 0.0
1 0.05 1784.0 0 0 89.2 17861.399999999987 2473.0 0.0
2 0.1 1982.0 0 0 198.20000000000002 17875.599999999988 2490.0 0.0
3 0.15000000000000002 2028.0 0 0 304.20000000000005 17881.599999999988 2496.0 0.0
4 0.2 2113.0 0 0 422.6 17898.199999999986 2515.0 0.0
5 0.25 2224.0 0 0 556.0 17923.399999999983 2563.0 0.0
6 0.3 2262.0 0 0 678.6 17933.799999999985 2576.0 0.0
7 0.35 2273.0 0 0 795.55 17937.399999999987 2582.0 0.0
8 0.39999999999999997 2273.0 0 0 909.1999999999999 17937.399999999987 2582.0 0.0
9 0.44999999999999996 2283.0 0 0 1027.35 17941.399999999987 2586.0 0.0
10 0.49999999999999994 2283.0 0 0 1141.4999999999998 17941.399999999987 2586.0 0.0
11 0.5499999999999999 2386.0 0 0 1312.3 17997.399999999987 2723.0 0.0
12 0.6 2395.0 0 0 1437.0 18002.399999999987 2728.0 0.0
13 0.65 2538.0 0 0 1649.7 18088.799999999985 2935.0 0.0
14 0.7000000000000001 2550.0 0 0 1785.0000000000002 18096.799999999985 2943.0 0.0
15 0.7500000000000001 2550.0 0 0 1912.5000000000002 18096.799999999985 2943.0 0.0
16 0.8000000000000002 2550.0 0 0 2040.0000000000005 18096.799999999985 2943.0 0.0
17 0.8500000000000002 2561.0 0 0 2176.8500000000004 18105.599999999984 2965.0 0.0
18 0.9000000000000002 2561.0 0 0 2304.9000000000005 18105.599999999984 2965.0 0.0
19 0.9500000000000003 2561.0 0 0 2432.9500000000007 18105.599999999984 2965.0 0.0
20 1.0000000000000002 2578.0 0 0 2578.0000000000005 18122.399999999987 2986.0 0.0
21 1.0500000000000003 2578.0 0 0 2706.9000000000005 18122.399999999987 2986.0 0.0
22 1.1000000000000003 2578.0 0 0 2835.8000000000006 18122.399999999987 2986.0 0.0
23 1.1500000000000004 3322.0 0 0 3820.300000000001 18963.599999999984 4849.0 1082.0
24 1.2000000000000004 3598.0 0 0 4317.600000000001 19284.599999999973 5475.0 1131.0
25 1.2500000000000004 4816.0 0 0 6020.000000000002 20763.800000000025 9104.0 681137.0
26 1.3000000000000005 4816.0 0 0 6260.800000000002 20763.800000000025 9104.0 681137.0
27 1.3500000000000005 4998.0 0 0 6747.300000000003 21004.40000000005 9506.0 853040.0
28 1.4000000000000006 5176.0 0 0 7246.400000000003 21251.200000000048 9784.0 853040.0
29 1.4500000000000006 5268.0 0 0 7638.600000000003 21381.200000000048 9914.0 853040.0
30 1.5000000000000007 5315.0 0 0 7972.500000000004 21449.600000000064 10076.0 958776.0
31 1.5500000000000007 5333.0 0 0 8266.150000000003 21477.20000000007 10136.0 997931.0
32 1.6000000000000008 5333.0 0 0 8532.800000000005 21477.20000000007 10136.0 997931.0
33 1.6500000000000008 5443.0 0 0 8980.950000000004 21654.20000000007 10313.0 997931.0
34 1.7000000000000008 5452.0 0 0 9268.400000000005 21669.40000000007 10351.0 1029288.0
35 1.7500000000000009 5452.0 0 0 9541.000000000005 21669.40000000007 10351.0 1029288.0
36 1.800000000000001 5556.0 0 0 10000.800000000005 21854.40000000007 10536.0 1029288.0
37 1.850000000000001 5556.0 0 0 10278.600000000006 21854.40000000007 10536.0 1029288.0
38 1.900000000000001 5556.0 0 0 10556.400000000005 21854.40000000007 10536.0 1029288.0
39 1.950000000000001 5566.0 0 0 10853.700000000006 21873.60000000007 10560.0 1029288.0
40 2.000000000000001 5566.0 0 0 11132.000000000005 21873.60000000007 10560.0 1029288.0
41 2.0500000000000007 5566.0 0 0 11410.300000000005 21873.60000000007 10560.0 1029288.0
42 2.1000000000000005 5764.0 0 0 12104.400000000003 22287.200000000073 11077.0 1029288.0
43 2.1500000000000004 5764.0 0 0 12392.600000000002 22287.200000000073 11077.0 1029288.0
44 2.2 5764.0 0 0 12680.800000000001 22287.200000000073 11077.0 1029288.0
45 2.25 5795.0 0 0 13038.75 22356.40000000008 11151.0 1081191.0
46 2.3 6001.0 0 0 13802.3 22822.000000000065 11733.0 1081790.0
47 2.3499999999999996 6380.0 0 0 14992.999999999998 23694.00000000005 12823.0 1082380.0
48 2.3999999999999995 6968.0 0 0 16723.199999999997 25089.200000000106 14567.0 1404307.0
49 2.4499999999999993 6968.0 0 0 17071.599999999995 25089.200000000106 14567.0 1404307.0
50 2.499999999999999 7588.0 0 0 18969.999999999993 26615.200000000186 16460.0 1887916.0
51 2.549999999999999 7588.0 0 0 19349.39999999999 26615.200000000186 16460.0 1887916.0
52 2.5999999999999988 7588.0 0 0 19728.799999999992 26615.200000000186 16460.0 1887916.0
53 2.6499999999999986 8019.0 0 0 21250.349999999988 27742.200000000186 17587.0 1887916.0
54 2.6999999999999984 8019.0 0 0 21651.29999999999 27742.200000000186 17587.0 1887916.0
55 2.7499999999999982 8321.0 0 0 22882.749999999985 28566.600000000246 18484.0 2107128.0
56 2.799999999999998 8768.0 0 0 24550.399999999983 29805.600000000246 19723.0 2107128.0
57 2.849999999999998 9112.0 0 0 25969.19999999998 30778.600000000246 20696.0 2107534.0
58 2.8999999999999977 9304.0 0 0 26981.599999999977 31332.600000000246 21250.0 2107598.0
59 2.9499999999999975 9698.0 0 0 28609.099999999977 32484.600000000246 22402.0 2109805.0
60 2.9999999999999973 10084.0 0 0 30251.999999999975 33638.600000000246 23556.0 2110903.0
61 3.049999999999997 12388.0 0 0 37783.399999999965 40607.60000000025 30489.0 3472675.0
62 3.099999999999997 13647.0 0 0 42305.69999999996 44473.60000000025 34346.0 4305655.0
63 3.149999999999997 13694.0 0 0 43136.099999999955 44621.60000000025 34503.0 4397174.0
64 3.1999999999999966 13787.0 0 0 44118.39999999995 44916.00000000026 34636.0 4454366.0
65 3.2499999999999964 13876.0 0 0 45096.99999999995 45202.00000000026 34922.0 4630280.0
66 3.2999999999999963 13876.0 0 0 45790.799999999945 45202.00000000026 34922.0 4630280.0
67 3.349999999999996 13882.0 0 0 46504.699999999946 45222.00000000026 34942.0 4640845.0
68 3.399999999999996 13882.0 0 0 47198.799999999945 45222.00000000026 34942.0 4640845.0
69 3.4499999999999957 13882.0 0 0 47892.89999999994 45222.00000000026 34942.0 4640845.0
70 3.4999999999999956 13882.0 0 0 48586.99999999994 45222.00000000026 34942.0 4640845.0
71 3.5499999999999954 14131.0 0 0 50165.04999999994 46101.800000000265 35623.0 5024323.0
72 3.599999999999995 14131.0 0 0 50871.59999999993 46101.800000000265 35623.0 5024323.0
73 3.649999999999995 14131.0 0 0 51578.14999999993 46101.800000000265 35623.0 5024323.0
74 3.699999999999995 14131.0 0 0 52284.699999999924 46101.800000000265 35623.0 5024323.0
75 3.7499999999999947 14131.0 0 0 52991.24999999993 46101.800000000265 35623.0 5024323.0
76 3.7999999999999945 14169.0 0 0 53842.199999999924 46244.800000000265 35766.0 5107452.0
77 3.8499999999999943 14169.0 0 0 54550.64999999992 46244.800000000265 35766.0 5107452.0
78 3.899999999999994 14169.0 0 0 55259.09999999992 46244.800000000265 35766.0 5107452.0
79 3.949999999999994 14169.0 0 0 55967.549999999916 46244.800000000265 35766.0 5107452.0
80 3.999999999999994 14169.0 0 0 56675.99999999991 46244.800000000265 35766.0 5107452.0
81 4.049999999999994 14169.0 0 0 57384.44999999991 46244.800000000265 35766.0 5107452.0
82 4.099999999999993 14169.0 0 0 58092.89999999991 46244.800000000265 35766.0 5107452.0
83 4.149999999999993 14169.0 0 0 58801.349999999904 46244.800000000265 35766.0 5107452.0
84 4.199999999999993 14169.0 0 0 59509.7999999999 46244.800000000265 35766.0 5107452.0
85 4.249999999999993 14169.0 0 0 60218.2499999999 46244.800000000265 35766.0 5107452.0
86 4.299999999999993 14169.0 0 0 60926.699999999895 46244.800000000265 35766.0 5107452.0
87 4.3499999999999925 14172.0 0 0 61648.199999999895 46257.800000000265 35779.0 5123076.0
88 4.399999999999992 14172.0 0 0 62356.799999999894 46257.800000000265 35779.0 5123076.0
89 4.449999999999992 14172.0 0 0 63065.39999999989 46257.800000000265 35779.0 5123076.0
90 4.499999999999992 14172.0 0 0 63773.99999999988 46257.800000000265 35779.0 5123076.0
91 4.549999999999992 14180.0 0 0 64518.99999999988 46293.800000000265 35788.0 5125097.0
92 4.599999999999992 14180.0 0 0 65227.99999999988 46293.800000000265 35788.0 5125097.0
93 4.6499999999999915 14231.0 0 0 66174.14999999988 46530.20000000029 35957.0 5246039.0
94 4.699999999999991 14256.0 0 0 67003.19999999988 46647.20000000029 36029.0 5304359.0
95 4.749999999999991 14256.0 0 0 67715.99999999987 46647.20000000029 36029.0 5304359.0
96 4.799999999999991 14256.0 0 0 68428.79999999987 46647.20000000029 36029.0 5304359.0
97 4.849999999999991 14256.0 0 0 69141.59999999987 46647.20000000029 36029.0 5304359.0
98 4.899999999999991 14306.0 0 0 70099.39999999986 46891.20000000029 36210.0 5429780.0
99 4.94999999999999 14306.0 0 0 70814.69999999987 46891.20000000029 36210.0 5429780.0
