0 0.01 2039.0 0 0 20.39 18619.60000000001 2753.0 0.0
1 0.060000000000000005 2153.0 0 0 129.18 18622.400000000012 2756.0 0.0
2 0.11000000000000001 2159.0 0 0 237.49000000000004 18622.800000000007 2757.0 0.0
3 0.16000000000000003 2159.0 0 0 345.44000000000005 18622.800000000007 2757.0 0.0
4 0.21000000000000002 2170.0 0 0 455.70000000000005 18624.60000000001 2759.0 0.0
5 0.26 2259.0 0 0 587.34 18646.60000000001 2763.0 0.0
6 0.31 2259.0 0 0 700.29 18646.60000000001 2763.0 0.0
7 0.36 2259.0 0 0 813.24 18646.60000000001 2763.0 0.0
8 0.41 2259.0 0 0 926.1899999999999 18646.60000000001 2763.0 0.0
9 0.45999999999999996 2359.0 0 0 1085.1399999999999 18690.60000000001 2771.0 0.0
10 0.51 2359.0 0 0 1203.09 18690.60000000001 2771.0 0.0
11 0.56 2359.0 0 0 1321.0400000000002 18690.60000000001 2771.0 0.0
12 0.6100000000000001 2359.0 0 0 1438.9900000000002 18690.60000000001 2771.0 0.0
13 0.6600000000000001 2502.0 0 0 1651.3200000000004 18784.60000000001 2787.0 0.0
14 0.7100000000000002 2502.0 0 0 1776.4200000000005 18784.60000000001 2787.0 0.0
15 0.7600000000000002 2502.0 0 0 1901.5200000000007 18784.60000000001 2787.0 0.0
16 0.8100000000000003 2502.0 0 0 2026.6200000000008 18784.60000000001 2787.0 0.0
17 0.8600000000000003 2818.0 0 0 2423.480000000001 19045.400000000016 2814.0 0.0
18 0.9100000000000004 2818.0 0 0 2564.380000000001 19045.400000000016 2814.0 0.0
19 0.9600000000000004 2818.0 0 0 2705.280000000001 19045.400000000016 2814.0 0.0
20 1.0100000000000005 2818.0 0 0 2846.180000000001 19045.400000000016 2814.0 0.0
21 1.0600000000000005 2818.0 0 0 2987.0800000000013 19045.400000000016 2814.0 0.0
22 1.1100000000000005 2818.0 0 0 3127.9800000000014 19045.400000000016 2814.0 0.0
23 1.1600000000000006 2818.0 0 0 3268.8800000000015 19045.400000000016 2814.0 0.0
24 1.2100000000000006 2825.0 0 0 3418.250000000002 19053.800000000017 2817.0 0.0
25 1.2600000000000007 2833.0 0 0 3569.5800000000017 19063.800000000017 2818.0 0.0
26 1.3100000000000007 2843.0 0 0 3724.330000000002 19076.800000000017 2822.0 0.0
27 1.3600000000000008 2886.0 0 0 3924.9600000000023 19133.60000000002 2826.0 0.0
28 1.4100000000000008 2886.0 0 0 4069.2600000000025 19133.60000000002 2826.0 0.0
29 1.4600000000000009 2886.0 0 0 4213.560000000002 19133.60000000002 2826.0 0.0
30 1.510000000000001 2886.0 0 0 4357.860000000002 19133.60000000002 2826.0 0.0
31 1.560000000000001 2886.0 0 0 4502.160000000003 19133.60000000002 2826.0 0.0
32 1.610000000000001 2886.0 0 0 4646.460000000003 19133.60000000002 2826.0 0.0
33 1.660000000000001 2886.0 0 0 4790.760000000003 19133.60000000002 2826.0 0.0
34 1.710000000000001 2886.0 0 0 4935.060000000003 19133.60000000002 2826.0 0.0
35 1.7600000000000011 2886.0 0 0 5079.360000000003 19133.60000000002 2826.0 0.0
36 1.8100000000000012 2886.0 0 0 5223.6600000000035 19133.60000000002 2826.0 0.0
37 1.8600000000000012 2886.0 0 0 5367.960000000004 19133.60000000002 2826.0 0.0
38 1.9100000000000013 2886.0 0 0 5512.260000000004 19133.60000000002 2826.0 0.0
39 1.9600000000000013 2886.0 0 0 5656.560000000004 19133.60000000002 2826.0 0.0
40 2.010000000000001 2888.0 0 0 5804.880000000003 19137.60000000002 2830.0 0.0
41 2.060000000000001 2888.0 0 0 5949.2800000000025 19137.60000000002 2830.0 0.0
42 2.1100000000000008 2888.0 0 0 6093.680000000002 19137.60000000002 2830.0 0.0
43 2.1600000000000006 2915.0 0 0 6296.4000000000015 19195.20000000002 2840.0 0.0
44 2.2100000000000004 2915.0 0 0 6442.1500000000015 19195.20000000002 2840.0 0.0
45 2.2600000000000002 2915.0 0 0 6587.900000000001 19195.20000000002 2840.0 0.0
46 2.31 2915.0 0 0 6733.650000000001 19195.20000000002 2840.0 0.0
47 2.36 2915.0 0 0 6879.4 19195.20000000002 2840.0 0.0
48 2.4099999999999997 2915.0 0 0 7025.149999999999 19195.20000000002 2840.0 0.0
49 2.4599999999999995 2915.0 0 0 7170.899999999999 19195.20000000002 2840.0 0.0
50 2.5099999999999993 2915.0 0 0 7316.649999999998 19195.20000000002 2840.0 0.0
51 2.559999999999999 2915.0 0 0 7462.399999999998 19195.20000000002 2840.0 0.0
52 2.609999999999999 2943.0 0 0 7681.229999999997 19267.20000000002 2845.0 0.0
53 2.659999999999999 2943.0 0 0 7828.3799999999965 19267.20000000002 2845.0 0.0
54 2.7099999999999986 2943.0 0 0 7975.529999999996 19267.20000000002 2845.0 0.0
55 2.7599999999999985 2943.0 0 0 8122.679999999996 19267.20000000002 2845.0 0.0
56 2.8099999999999983 2943.0 0 0 8269.829999999994 19267.20000000002 2845.0 0.0
57 2.859999999999998 2943.0 0 0 8416.979999999994 19267.20000000002 2845.0 0.0
58 2.909999999999998 2943.0 0 0 8564.129999999994 19267.20000000002 2845.0 0.0
59 2.9599999999999977 2943.0 0 0 8711.279999999993 19267.20000000002 2845.0 0.0
60 3.0099999999999976 2943.0 0 0 8858.429999999993 19267.20000000002 2845.0 0.0
61 3.0599999999999974 2943.0 0 0 9005.579999999993 19267.20000000002 2845.0 0.0
62 3.109999999999997 2943.0 0 0 9152.729999999992 19267.20000000002 2845.0 0.0
63 3.159999999999997 2943.0 0 0 9299.879999999992 19267.20000000002 2845.0 0.0
64 3.209999999999997 2943.0 0 0 9447.029999999992 19267.20000000002 2845.0 0.0
65 3.2599999999999967 3000.0 0 0 9779.99999999999 19451.60000000002 2895.0 0.0
66 3.3099999999999965 3000.0 0 0 9929.999999999989 19451.60000000002 2895.0 0.0
67 3.3599999999999963 3000.0 0 0 10079.999999999989 19451.60000000002 2895.0 0.0
68 3.409999999999996 3012.0 0 0 10270.91999999999 19492.40000000002 2897.0 0.0
69 3.459999999999996 3012.0 0 0 10421.519999999988 19492.40000000002 2897.0 0.0
70 3.509999999999996 3018.0 0 0 10593.179999999988 19513.40000000002 2900.0 0.0
71 3.5599999999999956 3018.0 0 0 10744.079999999987 19513.40000000002 2900.0 0.0
72 3.6099999999999954 3018.0 0 0 10894.979999999987 19513.40000000002 2900.0 0.0
73 3.6599999999999953 3018.0 0 0 11045.879999999986 19513.40000000002 2900.0 0.0
74 3.709999999999995 3018.0 0 0 11196.779999999984 19513.40000000002 2900.0 0.0
75 3.759999999999995 3018.0 0 0 11347.679999999984 19513.40000000002 2900.0 0.0
76 3.8099999999999947 3018.0 0 0 11498.579999999984 19513.40000000002 2900.0 0.0
77 3.8599999999999945 3018.0 0 0 11649.479999999983 19513.40000000002 2900.0 0.0
78 3.9099999999999944 3018.0 0 0 11800.379999999983 19513.40000000002 2900.0 0.0
79 3.959999999999994 3018.0 0 0 11951.279999999982 19513.40000000002 2900.0 0.0
80 4.0099999999999945 3018.0 0 0 12102.179999999984 19513.40000000002 2900.0 0.0
81 4.059999999999994 3018.0 0 0 12253.079999999984 19513.40000000002 2900.0 0.0
82 4.109999999999994 3018.0 0 0 12403.979999999981 19513.40000000002 2900.0 0.0
83 4.159999999999994 3018.0 0 0 12554.879999999981 19513.40000000002 2900.0 0.0
84 4.209999999999994 3018.0 0 0 12705.77999999998 19513.40000000002 2900.0 0.0
85 4.259999999999994 3018.0 0 0 12856.67999999998 19513.40000000002 2900.0 0.0
86 4.309999999999993 3018.0 0 0 13007.57999999998 19513.40000000002 2900.0 0.0
87 4.359999999999993 3018.0 0 0 13158.47999999998 19513.40000000002 2900.0 0.0
88 4.409999999999993 3022.0 0 0 13327.019999999979 19531.00000000002 2904.0 0.0
89 4.459999999999993 3022.0 0 0 13478.119999999979 19531.00000000002 2904.0 0.0
90 4.509999999999993 3022.0 0 0 13629.219999999978 19531.00000000002 2904.0 0.0
91 4.5599999999999925 3022.0 0 0 13780.319999999978 19531.00000000002 2904.0 0.0
92 4.609999999999992 3022.0 0 0 13931.419999999976 19531.00000000002 2904.0 0.0
93 4.659999999999992 3022.0 0 0 14082.519999999977 19531.00000000002 2904.0 0.0
94 4.709999999999992 3022.0 0 0 14233.619999999975 19531.00000000002 2904.0 0.0
95 4.759999999999992 3022.0 0 0 14384.719999999976 19531.00000000002 2904.0 0.0
96 4.809999999999992 3022.0 0 0 14535.819999999974 19531.00000000002 2904.0 0.0
97 4.859999999999991 3022.0 0 0 14686.919999999975 19531.00000000002 2904.0 0.0
98 4.909999999999991 3022.0 0 0 14838.019999999973 19531.00000000002 2904.0 0.0
99 4.959999999999991 3022.0 0 0 14989.119999999974 19531.00000000002 2904.0 0.0
