0 0.0 0.0 0 0 0.0 17856.999999999985 2465.0 0.0
1 0.05 2081.0 0 0 104.05000000000001 17857.399999999987 2466.0 248.0
2 0.1 2081.0 0 0 208.10000000000002 17857.399999999987 2466.0 248.0
3 0.15000000000000002 2081.0 0 0 312.15000000000003 17857.399999999987 2466.0 248.0
4 0.2 2081.0 0 0 416.20000000000005 17857.399999999987 2466.0 248.0
5 0.25 2081.0 0 0 520.25 17857.399999999987 2466.0 248.0
6 0.3 2081.0 0 0 624.3 17857.399999999987 2466.0 248.0
7 0.35 2081.0 0 0 728.3499999999999 17857.399999999987 2466.0 248.0
8 0.39999999999999997 2081.0 0 0 832.4 17857.399999999987 2466.0 248.0
9 0.44999999999999996 2081.0 0 0 936.4499999999999 17857.399999999987 2466.0 248.0
10 0.49999999999999994 2081.0 0 0 1040.4999999999998 17857.399999999987 2466.0 248.0
11 0.5499999999999999 2081.0 0 0 1144.55 17857.399999999987 2466.0 248.0
12 0.6 2081.0 0 0 1248.6 17857.399999999987 2466.0 248.0
13 0.65 2081.0 0 0 1352.65 17857.399999999987 2466.0 248.0
14 0.7000000000000001 2081.0 0 0 1456.7 17857.399999999987 2466.0 248.0
15 0.7500000000000001 2081.0 0 0 1560.7500000000002 17857.399999999987 2466.0 248.0
16 0.8000000000000002 2081.0 0 0 1664.8000000000004 17857.399999999987 2466.0 248.0
17 0.8500000000000002 2081.0 0 0 1768.8500000000004 17857.399999999987 2466.0 248.0
18 0.9000000000000002 2081.0 0 0 1872.9000000000005 17857.399999999987 2466.0 248.0
19 0.9500000000000003 2081.0 0 0 1976.9500000000005 17857.399999999987 2466.0 248.0
20 1.0000000000000002 2081.0 0 0 2081.0000000000005 17857.399999999987 2466.0 248.0
21 1.0500000000000003 2081.0 0 0 2185.0500000000006 17857.399999999987 2466.0 248.0
22 1.1000000000000003 2081.0 0 0 2289.100000000001 17857.399999999987 2466.0 248.0
23 1.1500000000000004 2081.0 0 0 2393.1500000000005 17857.399999999987 2466.0 248.0
24 1.2000000000000004 2081.0 0 0 2497.2000000000007 17857.399999999987 2466.0 248.0
25 1.2500000000000004 2081.0 0 0 2601.250000000001 17857.399999999987 2466.0 248.0
26 1.3000000000000005 2132.0 0 0 2771.600000000001 17922.199999999986 2475.0 1383.0
27 1.3500000000000005 2132.0 0 0 2878.200000000001 17922.199999999986 2475.0 1383.0
28 1.4000000000000006 2132.0 0 0 2984.800000000001 17922.199999999986 2475.0 1383.0
29 1.4500000000000006 2132.0 0 0 3091.4000000000015 17922.199999999986 2475.0 1383.0
30 1.5000000000000007 2132.0 0 0 3198.0000000000014 17922.199999999986 2475.0 1383.0
31 1.5500000000000007 2132.0 0 0 3304.6000000000017 17922.199999999986 2475.0 1383.0
32 1.6000000000000008 2132.0 0 0 3411.2000000000016 17922.199999999986 2475.0 1383.0
33 1.6500000000000008 2143.0 0 0 3535.9500000000016 17939.799999999985 2483.0 2742.0
34 1.7000000000000008 2154.0 0 0 3661.800000000002 17958.199999999986 2488.0 2742.0
35 1.7500000000000009 2161.0 0 0 3781.750000000002 17970.199999999986 2491.0 3793.0
36 1.800000000000001 2161.0 0 0 3889.800000000002 17970.199999999986 2491.0 3793.0
37 1.850000000000001 2167.0 0 0 4008.950000000002 17981.199999999986 2493.0 4143.0
38 1.900000000000001 2167.0 0 0 4117.300000000002 17981.199999999986 2493.0 4143.0
39 1.950000000000001 2167.0 0 0 4225.650000000002 17981.199999999986 2493.0 4143.0
40 2.000000000000001 2167.0 0 0 4334.000000000002 17981.199999999986 2493.0 4143.0
41 2.0500000000000007 2167.0 0 0 4442.350000000001 17981.199999999986 2493.0 4143.0
42 2.1000000000000005 2167.0 0 0 4550.700000000001 17981.199999999986 2493.0 4143.0
43 2.1500000000000004 2167.0 0 0 4659.050000000001 17981.199999999986 2493.0 4143.0
44 2.2 2167.0 0 0 4767.400000000001 17981.199999999986 2493.0 4143.0
45 2.25 2167.0 0 0 4875.75 17981.199999999986 2493.0 4143.0
46 2.3 2167.0 0 0 4984.099999999999 17981.199999999986 2493.0 4143.0
47 2.3499999999999996 2167.0 0 0 5092.449999999999 17981.199999999986 2493.0 4143.0
48 2.3999999999999995 2167.0 0 0 5200.799999999999 17981.199999999986 2493.0 4143.0
49 2.4499999999999993 2185.0 0 0 5353.249999999998 18025.199999999986 2501.0 8327.0
50 2.499999999999999 2185.0 0 0 5462.499999999998 18025.199999999986 2501.0 8327.0
51 2.549999999999999 2199.0 0 0 5607.449999999998 18060.199999999986 2509.0 10318.0
52 2.5999999999999988 2199.0 0 0 5717.399999999997 18060.199999999986 2509.0 10318.0
53 2.6499999999999986 2199.0 0 0 5827.349999999997 18060.199999999986 2509.0 10318.0
54 2.6999999999999984 2199.0 0 0 5937.2999999999965 18060.199999999986 2509.0 10318.0
55 2.7499999999999982 2199.0 0 0 6047.249999999996 18060.199999999986 2509.0 10318.0
56 2.799999999999998 2199.0 0 0 6157.199999999995 18060.199999999986 2509.0 10318.0
57 2.849999999999998 2199.0 0 0 6267.149999999995 18060.199999999986 2509.0 10318.0
58 2.8999999999999977 2199.0 0 0 6377.099999999995 18060.199999999986 2509.0 10318.0
59 2.9499999999999975 2199.0 0 0 6487.049999999995 18060.199999999986 2509.0 10318.0
60 2.9999999999999973 2199.0 0 0 6596.9999999999945 18060.199999999986 2509.0 10318.0
61 3.049999999999997 2199.0 0 0 6706.949999999993 18060.199999999986 2509.0 10318.0
62 3.099999999999997 2199.0 0 0 6816.899999999993 18060.199999999986 2509.0 10318.0
63 3.149999999999997 2199.0 0 0 6926.849999999993 18060.199999999986 2509.0 10318.0
64 3.1999999999999966 2199.0 0 0 7036.799999999993 18060.199999999986 2509.0 10318.0
65 3.2499999999999964 2199.0 0 0 7146.749999999992 18060.199999999986 2509.0 10318.0
66 3.2999999999999963 2199.0 0 0 7256.699999999992 18060.199999999986 2509.0 10318.0
67 3.349999999999996 2199.0 0 0 7366.649999999991 18060.199999999986 2509.0 10318.0
68 3.399999999999996 2199.0 0 0 7476.599999999991 18060.199999999986 2509.0 10318.0
69 3.4499999999999957 2199.0 0 0 7586.54999999999 18060.199999999986 2509.0 10318.0
70 3.4999999999999956 2199.0 0 0 7696.49999999999 18060.199999999986 2509.0 10318.0
71 3.5499999999999954 2199.0 0 0 7806.44999999999 18060.199999999986 2509.0 10318.0
72 3.599999999999995 2199.0 0 0 7916.39999999999 18060.199999999986 2509.0 10318.0
73 3.649999999999995 2199.0 0 0 8026.349999999989 18060.199999999986 2509.0 10318.0
74 3.699999999999995 2199.0 0 0 8136.299999999988 18060.199999999986 2509.0 10318.0
75 3.7499999999999947 2199.0 0 0 8246.249999999989 18060.199999999986 2509.0 10318.0
76 3.7999999999999945 2199.0 0 0 8356.199999999988 18060.199999999986 2509.0 10318.0
77 3.8499999999999943 2199.0 0 0 8466.149999999987 18060.199999999986 2509.0 10318.0
78 3.899999999999994 2199.0 0 0 8576.099999999988 18060.199999999986 2509.0 10318.0
79 3.949999999999994 2199.0 0 0 8686.049999999987 18060.199999999986 2509.0 10318.0
80 3.999999999999994 2199.0 0 0 8795.999999999985 18060.199999999986 2509.0 10318.0
81 4.049999999999994 2216.0 0 0 8974.799999999987 18128.599999999988 2528.0 10318.0
82 4.099999999999993 2216.0 0 0 9085.599999999986 18128.599999999988 2528.0 10318.0
83 4.149999999999993 2216.0 0 0 9196.399999999985 18128.599999999988 2528.0 10318.0
84 4.199999999999993 2216.0 0 0 9307.199999999984 18128.599999999988 2528.0 10318.0
85 4.249999999999993 2216.0 0 0 9417.999999999984 18128.599999999988 2528.0 10318.0
86 4.299999999999993 2216.0 0 0 9528.799999999985 18128.599999999988 2528.0 10318.0
87 4.3499999999999925 2216.0 0 0 9639.599999999984 18128.599999999988 2528.0 10318.0
88 4.399999999999992 2216.0 0 0 9750.399999999983 18128.599999999988 2528.0 10318.0
89 4.449999999999992 2216.0 0 0 9861.199999999983 18128.599999999988 2528.0 10318.0
90 4.499999999999992 2216.0 0 0 9971.999999999982 18128.599999999988 2528.0 10318.0
91 4.549999999999992 2216.0 0 0 10082.799999999981 18128.599999999988 2528.0 10318.0
92 4.599999999999992 2216.0 0 0 10193.599999999982 18128.599999999988 2528.0 10318.0
93 4.6499999999999915 2216.0 0 0 10304.399999999981 18128.599999999988 2528.0 10318.0
94 4.699999999999991 2216.0 0 0 10415.19999999998 18128.599999999988 2528.0 10318.0
95 4.749999999999991 2216.0 0 0 10525.99999999998 18128.599999999988 2528.0 10318.0
96 4.799999999999991 2216.0 0 0 10636.79999999998 18128.599999999988 2528.0 10318.0
97 4.849999999999991 2220.0 0 0 10766.99999999998 18147.79999999999 2534.0 10344.0
98 4.899999999999991 2220.0 0 0 10877.99999999998 18147.79999999999 2534.0 10344.0
99 4.94999999999999 2220.0 0 0 10988.999999999978 18147.79999999999 2534.0 10344.0
