0 0.0 0.0 0 0 0.0 15806.399999999987 2279.0 0.0
1 0.05 1648.0 0 0 82.4 15807.199999999988 2280.0 0.0
2 0.1 1648.0 0 0 164.8 15807.199999999988 2280.0 0.0
3 0.15000000000000002 1654.0 0 0 248.10000000000002 15807.999999999987 2281.0 0.0
4 0.2 1673.0 0 0 334.6 15811.199999999988 2285.0 0.0
5 0.25 1673.0 0 0 418.25 15811.199999999988 2285.0 0.0
6 0.3 1673.0 0 0 501.9 15811.199999999988 2285.0 0.0
7 0.35 1680.0 0 0 588.0 15813.599999999988 2288.0 0.0
8 0.39999999999999997 1680.0 0 0 672.0 15813.599999999988 2288.0 0.0
9 0.44999999999999996 1684.0 0 0 757.8 15815.199999999986 2290.0 0.0
10 0.49999999999999994 1684.0 0 0 841.9999999999999 15815.199999999986 2290.0 0.0
11 0.5499999999999999 1684.0 0 0 926.1999999999999 15815.199999999986 2290.0 0.0
12 0.6 1699.0 0 0 1019.4 15823.999999999985 2292.0 0.0
13 0.65 1699.0 0 0 1104.3500000000001 15823.999999999985 2292.0 0.0
14 0.7000000000000001 1699.0 0 0 1189.3000000000002 15823.999999999985 2292.0 0.0
15 0.7500000000000001 1699.0 0 0 1274.2500000000002 15823.999999999985 2292.0 0.0
16 0.8000000000000002 1699.0 0 0 1359.2000000000003 15823.999999999985 2292.0 0.0
17 0.8500000000000002 1786.0 0 0 1518.1000000000004 15894.399999999987 2304.0 0.0
18 0.9000000000000002 1857.0 0 0 1671.3000000000004 15955.999999999989 2314.0 0.0
19 0.9500000000000003 1857.0 0 0 1764.1500000000005 15955.999999999989 2314.0 0.0
20 1.0000000000000002 1857.0 0 0 1857.0000000000005 15955.999999999989 2314.0 0.0
21 1.0500000000000003 1857.0 0 0 1949.8500000000006 15955.999999999989 2314.0 0.0
22 1.1000000000000003 1857.0 0 0 2042.7000000000005 15955.999999999989 2314.0 0.0
23 1.1500000000000004 1857.0 0 0 2135.5500000000006 15955.999999999989 2314.0 0.0
24 1.2000000000000004 1857.0 0 0 2228.4000000000005 15955.999999999989 2314.0 0.0
25 1.2500000000000004 1857.0 0 0 2321.250000000001 15955.999999999989 2314.0 0.0
26 1.3000000000000005 1857.0 0 0 2414.100000000001 15955.999999999989 2314.0 0.0
27 1.3500000000000005 1857.0 0 0 2506.950000000001 15955.999999999989 2314.0 0.0
28 1.4000000000000006 1857.0 0 0 2599.800000000001 15955.999999999989 2314.0 0.0
29 1.4500000000000006 1938.0 0 0 2810.1000000000013 16072.799999999992 2326.0 0.0
30 1.5000000000000007 1938.0 0 0 2907.0000000000014 16072.799999999992 2326.0 0.0
31 1.5500000000000007 1938.0 0 0 3003.9000000000015 16072.799999999992 2326.0 0.0
32 1.6000000000000008 1943.0 0 0 3108.8000000000015 16080.799999999992 2327.0 0.0
33 1.6500000000000008 1943.0 0 0 3205.9500000000016 16080.799999999992 2327.0 0.0
34 1.7000000000000008 1943.0 0 0 3303.1000000000017 16080.799999999992 2327.0 0.0
35 1.7500000000000009 1982.0 0 0 3468.500000000002 16147.19999999999 2334.0 0.0
36 1.800000000000001 1982.0 0 0 3567.6000000000017 16147.19999999999 2334.0 0.0
37 1.850000000000001 1982.0 0 0 3666.700000000002 16147.19999999999 2334.0 0.0
38 1.900000000000001 1982.0 0 0 3765.800000000002 16147.19999999999 2334.0 0.0
39 1.950000000000001 1987.0 0 0 3874.650000000002 16156.799999999992 2337.0 0.0
40 2.000000000000001 1987.0 0 0 3974.000000000002 16156.799999999992 2337.0 0.0
41 2.0500000000000007 1987.0 0 0 4073.3500000000013 16156.799999999992 2337.0 0.0
42 2.1000000000000005 1987.0 0 0 4172.700000000001 16156.799999999992 2337.0 0.0
43 2.1500000000000004 1987.0 0 0 4272.050000000001 16156.799999999992 2337.0 0.0
44 2.2 1987.0 0 0 4371.400000000001 16156.799999999992 2337.0 0.0
45 2.25 1987.0 0 0 4470.75 16156.799999999992 2337.0 0.0
46 2.3 1987.0 0 0 4570.099999999999 16156.799999999992 2337.0 0.0
47 2.3499999999999996 1998.0 0 0 4695.299999999999 16182.39999999999 2342.0 0.0
48 2.3999999999999995 1998.0 0 0 4795.199999999999 16182.39999999999 2342.0 0.0
49 2.4499999999999993 1998.0 0 0 4895.0999999999985 16182.39999999999 2342.0 0.0
50 2.499999999999999 2035.0 0 0 5087.499999999998 16274.39999999999 2354.0 0.0
51 2.549999999999999 2035.0 0 0 5189.249999999998 16274.39999999999 2354.0 0.0
52 2.5999999999999988 2035.0 0 0 5290.999999999997 16274.39999999999 2354.0 0.0
53 2.6499999999999986 2035.0 0 0 5392.749999999997 16274.39999999999 2354.0 0.0
54 2.6999999999999984 2035.0 0 0 5494.499999999996 16274.39999999999 2354.0 0.0
55 2.7499999999999982 2035.0 0 0 5596.249999999996 16274.39999999999 2354.0 0.0
56 2.799999999999998 2047.0 0 0 5731.599999999996 16307.999999999989 2360.0 0.0
57 2.849999999999998 2047.0 0 0 5833.949999999995 16307.999999999989 2360.0 0.0
58 2.8999999999999977 2047.0 0 0 5936.299999999996 16307.999999999989 2360.0 0.0
59 2.9499999999999975 2059.0 0 0 6074.049999999995 16343.19999999999 2368.0 0.0
60 2.9999999999999973 2059.0 0 0 6176.9999999999945 16343.19999999999 2368.0 0.0
61 3.049999999999997 2074.0 0 0 6325.699999999994 16388.799999999992 2380.0 0.0
62 3.099999999999997 2074.0 0 0 6429.399999999994 16388.799999999992 2380.0 0.0
63 3.149999999999997 2074.0 0 0 6533.099999999993 16388.799999999992 2380.0 0.0
64 3.1999999999999966 2074.0 0 0 6636.799999999993 16388.799999999992 2380.0 0.0
65 3.2499999999999964 2074.0 0 0 6740.499999999993 16388.799999999992 2380.0 0.0
66 3.2999999999999963 2074.0 0 0 6844.1999999999925 16388.799999999992 2380.0 0.0
67 3.349999999999996 2074.0 0 0 6947.899999999991 16388.799999999992 2380.0 0.0
68 3.399999999999996 2074.0 0 0 7051.599999999991 16388.799999999992 2380.0 0.0
69 3.4499999999999957 2099.0 0 0 7241.549999999991 16474.399999999994 2389.0 0.0
70 3.4999999999999956 2099.0 0 0 7346.499999999991 16474.399999999994 2389.0 0.0
71 3.5499999999999954 2099.0 0 0 7451.449999999991 16474.399999999994 2389.0 0.0
72 3.599999999999995 2099.0 0 0 7556.39999999999 16474.399999999994 2389.0 0.0
73 3.649999999999995 2099.0 0 0 7661.349999999989 16474.399999999994 2389.0 0.0
74 3.699999999999995 2145.0 0 0 7936.499999999989 16642.399999999994 2407.0 0.0
75 3.7499999999999947 2145.0 0 0 8043.749999999988 16642.399999999994 2407.0 0.0
76 3.7999999999999945 2145.0 0 0 8150.999999999988 16642.399999999994 2407.0 0.0
77 3.8499999999999943 2145.0 0 0 8258.249999999987 16642.399999999994 2407.0 0.0
78 3.899999999999994 2145.0 0 0 8365.499999999987 16642.399999999994 2407.0 0.0
79 3.949999999999994 2156.0 0 0 8516.199999999986 16685.599999999995 2425.0 0.0
80 3.999999999999994 2156.0 0 0 8623.999999999987 16685.599999999995 2425.0 0.0
81 4.049999999999994 2160.0 0 0 8747.999999999985 16701.599999999995 2436.0 0.0
82 4.099999999999993 2160.0 0 0 8855.999999999985 16701.599999999995 2436.0 0.0
83 4.149999999999993 2160.0 0 0 8963.999999999985 16701.599999999995 2436.0 0.0
84 4.199999999999993 2160.0 0 0 9071.999999999985 16701.599999999995 2436.0 0.0
85 4.249999999999993 2160.0 0 0 9179.999999999985 16701.599999999995 2436.0 0.0
86 4.299999999999993 2160.0 0 0 9287.999999999984 16701.599999999995 2436.0 0.0
87 4.3499999999999925 2160.0 0 0 9395.999999999984 16701.599999999995 2436.0 0.0
88 4.399999999999992 2182.0 0 0 9600.799999999983 16798.399999999994 2454.0 0.0
89 4.449999999999992 2182.0 0 0 9709.899999999983 16798.399999999994 2454.0 0.0
90 4.499999999999992 2182.0 0 0 9818.999999999982 16798.399999999994 2454.0 0.0
91 4.549999999999992 2182.0 0 0 9928.099999999982 16798.399999999994 2454.0 0.0
92 4.599999999999992 2182.0 0 0 10037.199999999983 16798.399999999994 2454.0 0.0
93 4.6499999999999915 2182.0 0 0 10146.299999999981 16798.399999999994 2454.0 0.0
94 4.699999999999991 2182.0 0 0 10255.399999999981 16798.399999999994 2454.0 0.0
95 4.749999999999991 2182.0 0 0 10364.49999999998 16798.399999999994 2454.0 0.0
96 4.799999999999991 2182.0 0 0 10473.59999999998 16798.399999999994 2454.0 0.0
97 4.849999999999991 2182.0 0 0 10582.69999999998 16798.399999999994 2454.0 0.0
98 4.899999999999991 2182.0 0 0 10691.79999999998 16798.399999999994 2454.0 0.0
99 4.94999999999999 2182.0 0 0 10800.89999999998 16798.399999999994 2454.0 0.0
