0 0.0 0.0 0 0 0.0 21174.0 2437.0 0.0
1 0.05 965.0 0 0 48.25 21174.0 2437.0 0.0
2 0.1 965.0 0 0 96.5 21174.0 2437.0 0.0
3 0.15000000000000002 980.0 0 0 147.00000000000003 21176.0 2439.0 0.0
4 0.2 1157.0 0 0 231.4 21205.0 2450.0 0.0
5 0.25 1157.0 0 0 289.25 21205.0 2450.0 0.0
6 0.3 1169.0 0 0 350.7 21208.0 2453.0 0.0
7 0.35 1175.0 0 0 411.25 21210.0 2455.0 0.0
8 0.39999999999999997 1175.0 0 0 469.99999999999994 21210.0 2455.0 0.0
9 0.44999999999999996 1175.0 0 0 528.75 21210.0 2455.0 0.0
10 0.49999999999999994 1175.0 0 0 587.4999999999999 21210.0 2455.0 0.0
11 0.5499999999999999 1175.0 0 0 646.2499999999999 21210.0 2455.0 0.0
12 0.6 1175.0 0 0 705.0 21210.0 2455.0 0.0
13 0.65 1175.0 0 0 763.75 21210.0 2455.0 0.0
14 0.7000000000000001 1175.0 0 0 822.5000000000001 21210.0 2455.0 0.0
15 0.7500000000000001 1175.0 0 0 881.2500000000001 21210.0 2455.0 0.0
16 0.8000000000000002 1175.0 0 0 940.0000000000002 21210.0 2455.0 0.0
17 0.8500000000000002 1175.0 0 0 998.7500000000002 21210.0 2455.0 0.0
18 0.9000000000000002 1276.0 0 0 1148.4000000000003 21296.0 2465.0 0.0
19 0.9500000000000003 1276.0 0 0 1212.2000000000003 21296.0 2465.0 0.0
20 1.0000000000000002 1276.0 0 0 1276.0000000000002 21296.0 2465.0 0.0
21 1.0500000000000003 1277.0 0 0 1340.8500000000004 21297.0 2466.0 0.0
22 1.1000000000000003 1371.0 0 0 1508.1000000000004 21396.0 2484.0 0.0
23 1.1500000000000004 1485.0 0 0 1707.7500000000005 21524.0 2505.0 0.0
24 1.2000000000000004 1503.0 0 0 1803.6000000000006 21545.0 2508.0 0.0
25 1.2500000000000004 1808.0 0 0 2260.000000000001 21917.0 2562.0 0.0
26 1.3000000000000005 1836.0 0 0 2386.800000000001 21952.0 2570.0 0.0
27 1.3500000000000005 1852.0 0 0 2500.200000000001 21973.0 2573.0 0.0
28 1.4000000000000006 1852.0 0 0 2592.800000000001 21973.0 2573.0 0.0
29 1.4500000000000006 1852.0 0 0 2685.400000000001 21973.0 2573.0 0.0
30 1.5000000000000007 1852.0 0 0 2778.0000000000014 21973.0 2573.0 0.0
31 1.5500000000000007 1852.0 0 0 2870.6000000000013 21973.0 2573.0 0.0
32 1.6000000000000008 1852.0 0 0 2963.200000000001 21973.0 2573.0 0.0
33 1.6500000000000008 1852.0 0 0 3055.8000000000015 21973.0 2573.0 0.0
34 1.7000000000000008 1852.0 0 0 3148.4000000000015 21973.0 2573.0 0.0
35 1.7500000000000009 1852.0 0 0 3241.000000000002 21973.0 2573.0 0.0
36 1.800000000000001 1852.0 0 0 3333.6000000000017 21973.0 2573.0 0.0
37 1.850000000000001 1852.0 0 0 3426.2000000000016 21973.0 2573.0 0.0
38 1.900000000000001 1852.0 0 0 3518.800000000002 21973.0 2573.0 0.0
39 1.950000000000001 1852.0 0 0 3611.400000000002 21973.0 2573.0 0.0
40 2.000000000000001 1852.0 0 0 3704.000000000002 21973.0 2573.0 0.0
41 2.0500000000000007 1858.0 0 0 3808.9000000000015 21985.0 2576.0 0.0
42 2.1000000000000005 1858.0 0 0 3901.800000000001 21985.0 2576.0 0.0
43 2.1500000000000004 1858.0 0 0 3994.7000000000007 21985.0 2576.0 0.0
44 2.2 1869.0 0 0 4111.8 22009.0 2582.0 0.0
45 2.25 1869.0 0 0 4205.25 22009.0 2582.0 0.0
46 2.3 1869.0 0 0 4298.7 22009.0 2582.0 0.0
47 2.3499999999999996 1869.0 0 0 4392.15 22009.0 2582.0 0.0
48 2.3999999999999995 1869.0 0 0 4485.599999999999 22009.0 2582.0 0.0
49 2.4499999999999993 1869.0 0 0 4579.049999999998 22009.0 2582.0 0.0
50 2.499999999999999 1869.0 0 0 4672.499999999998 22009.0 2582.0 0.0
51 2.549999999999999 1873.0 0 0 4776.149999999998 22019.0 2583.0 0.0
52 2.5999999999999988 1873.0 0 0 4869.799999999997 22019.0 2583.0 0.0
53 2.6499999999999986 1873.0 0 0 4963.449999999997 22019.0 2583.0 0.0
54 2.6999999999999984 1873.0 0 0 5057.099999999997 22019.0 2583.0 0.0
55 2.7499999999999982 1873.0 0 0 5150.749999999996 22019.0 2583.0 0.0
56 2.799999999999998 1873.0 0 0 5244.399999999996 22019.0 2583.0 0.0
57 2.849999999999998 1873.0 0 0 5338.049999999996 22019.0 2583.0 0.0
58 2.8999999999999977 1873.0 0 0 5431.699999999995 22019.0 2583.0 0.0
59 2.9499999999999975 1873.0 0 0 5525.349999999995 22019.0 2583.0 0.0
60 2.9999999999999973 1873.0 0 0 5618.999999999995 22019.0 2583.0 0.0
61 3.049999999999997 1873.0 0 0 5712.649999999995 22019.0 2583.0 0.0
62 3.099999999999997 1873.0 0 0 5806.299999999995 22019.0 2583.0 0.0
63 3.149999999999997 1897.0 0 0 5975.549999999994 22094.0 2591.0 0.0
64 3.1999999999999966 1897.0 0 0 6070.399999999993 22094.0 2591.0 0.0
65 3.2499999999999964 1958.0 0 0 6363.499999999993 22290.0 2604.0 0.0
66 3.2999999999999963 1958.0 0 0 6461.399999999992 22290.0 2604.0 0.0
67 3.349999999999996 2014.0 0 0 6746.899999999992 22477.0 2634.0 0.0
68 3.399999999999996 2014.0 0 0 6847.599999999992 22477.0 2634.0 0.0
69 3.4499999999999957 2014.0 0 0 6948.299999999991 22477.0 2634.0 0.0
70 3.4999999999999956 2056.0 0 0 7195.999999999991 22622.0 2658.0 0.0
71 3.5499999999999954 2056.0 0 0 7298.79999999999 22622.0 2658.0 0.0
72 3.599999999999995 2073.0 0 0 7462.79999999999 22683.0 2661.0 0.0
73 3.649999999999995 2073.0 0 0 7566.44999999999 22683.0 2661.0 0.0
74 3.699999999999995 2073.0 0 0 7670.099999999989 22683.0 2661.0 0.0
75 3.7499999999999947 2073.0 0 0 7773.749999999989 22683.0 2661.0 0.0
76 3.7999999999999945 2073.0 0 0 7877.399999999989 22683.0 2661.0 0.0
77 3.8499999999999943 2079.0 0 0 8004.149999999988 22706.0 2666.0 0.0
78 3.899999999999994 2133.0 0 0 8318.699999999988 22916.0 2684.0 0.0
79 3.949999999999994 2133.0 0 0 8425.349999999988 22916.0 2684.0 0.0
80 3.999999999999994 2133.0 0 0 8531.999999999987 22916.0 2684.0 0.0
81 4.049999999999994 2136.0 0 0 8650.799999999987 22928.0 2687.0 0.0
82 4.099999999999993 2136.0 0 0 8757.599999999986 22928.0 2687.0 0.0
83 4.149999999999993 2136.0 0 0 8864.399999999985 22928.0 2687.0 0.0
84 4.199999999999993 2136.0 0 0 8971.199999999984 22928.0 2687.0 0.0
85 4.249999999999993 2146.0 0 0 9120.499999999985 22970.0 2693.0 0.0
86 4.299999999999993 2146.0 0 0 9227.799999999985 22970.0 2693.0 0.0
87 4.3499999999999925 2146.0 0 0 9335.099999999984 22970.0 2693.0 0.0
88 4.399999999999992 2146.0 0 0 9442.399999999983 22970.0 2693.0 0.0
89 4.449999999999992 2146.0 0 0 9549.699999999983 22970.0 2693.0 0.0
90 4.499999999999992 2146.0 0 0 9656.999999999984 22970.0 2693.0 0.0
91 4.549999999999992 2157.0 0 0 9814.349999999982 23020.0 2694.0 0.0
92 4.599999999999992 2171.0 0 0 9986.599999999982 23084.0 2700.0 0.0
93 4.6499999999999915 2171.0 0 0 10095.149999999981 23084.0 2700.0 0.0
94 4.699999999999991 2171.0 0 0 10203.69999999998 23084.0 2700.0 0.0
95 4.749999999999991 2171.0 0 0 10312.24999999998 23084.0 2700.0 0.0
96 4.799999999999991 2171.0 0 0 10420.799999999981 23084.0 2700.0 0.0
97 4.849999999999991 2171.0 0 0 10529.34999999998 23084.0 2700.0 0.0
98 4.899999999999991 2171.0 0 0 10637.89999999998 23084.0 2700.0 0.0
99 4.94999999999999 2171.0 0 0 10746.449999999979 23084.0 2700.0 0.0
