0 0.01 1977.0 0 0 19.77 14903.999999999975 2438.0 0.0
1 0.060000000000000005 1977.0 0 0 118.62 14903.999999999975 2438.0 0.0
2 0.11000000000000001 1990.0 0 0 218.90000000000003 14904.999999999975 2439.0 0.0
3 0.16000000000000003 2061.0 0 0 329.76000000000005 14913.999999999976 2450.0 0.0
4 0.21000000000000002 2061.0 0 0 432.81000000000006 14913.999999999976 2450.0 0.0
5 0.26 2061.0 0 0 535.86 14913.999999999976 2450.0 0.0
6 0.31 2110.0 0 0 654.1 14927.199999999973 2456.0 0.0
7 0.36 2110.0 0 0 759.6 14927.199999999973 2456.0 0.0
8 0.41 2110.0 0 0 865.0999999999999 14927.199999999973 2456.0 0.0
9 0.45999999999999996 2140.0 0 0 984.4 14940.399999999974 2460.0 0.0
10 0.51 2140.0 0 0 1091.4 14940.399999999974 2460.0 0.0
11 0.56 2140.0 0 0 1198.4 14940.399999999974 2460.0 0.0
12 0.6100000000000001 2163.0 0 0 1319.4300000000003 14953.999999999973 2468.0 0.0
13 0.6600000000000001 2163.0 0 0 1427.5800000000004 14953.999999999973 2468.0 0.0
14 0.7100000000000002 2163.0 0 0 1535.7300000000005 14953.999999999973 2468.0 0.0
15 0.7600000000000002 2163.0 0 0 1643.8800000000006 14953.999999999973 2468.0 0.0
16 0.8100000000000003 2201.0 0 0 1782.8100000000006 14983.599999999971 2475.0 0.0
17 0.8600000000000003 2201.0 0 0 1892.8600000000008 14983.599999999971 2475.0 0.0
18 0.9100000000000004 2226.0 0 0 2025.6600000000008 15005.199999999973 2484.0 0.0
19 0.9600000000000004 2231.0 0 0 2141.760000000001 15009.999999999975 2487.0 0.0
20 1.0100000000000005 2231.0 0 0 2253.310000000001 15009.999999999975 2487.0 0.0
21 1.0600000000000005 2231.0 0 0 2364.860000000001 15009.999999999975 2487.0 0.0
22 1.1100000000000005 2231.0 0 0 2476.410000000001 15009.999999999975 2487.0 0.0
23 1.1600000000000006 2231.0 0 0 2587.9600000000014 15009.999999999975 2487.0 0.0
24 1.2100000000000006 2249.0 0 0 2721.2900000000013 15031.199999999975 2495.0 0.0
25 1.2600000000000007 2249.0 0 0 2833.7400000000016 15031.199999999975 2495.0 0.0
26 1.3100000000000007 2249.0 0 0 2946.1900000000014 15031.199999999975 2495.0 0.0
27 1.3600000000000008 2249.0 0 0 3058.6400000000017 15031.199999999975 2495.0 0.0
28 1.4100000000000008 2249.0 0 0 3171.090000000002 15031.199999999975 2495.0 0.0
29 1.4600000000000009 2249.0 0 0 3283.540000000002 15031.199999999975 2495.0 0.0
30 1.510000000000001 2255.0 0 0 3405.050000000002 15039.999999999976 2499.0 0.0
31 1.560000000000001 2255.0 0 0 3517.800000000002 15039.999999999976 2499.0 0.0
32 1.610000000000001 2255.0 0 0 3630.550000000002 15039.999999999976 2499.0 0.0
33 1.660000000000001 2255.0 0 0 3743.3000000000025 15039.999999999976 2499.0 0.0
34 1.710000000000001 2255.0 0 0 3856.0500000000025 15039.999999999976 2499.0 0.0
35 1.7600000000000011 2255.0 0 0 3968.8000000000025 15039.999999999976 2499.0 0.0
36 1.8100000000000012 2255.0 0 0 4081.5500000000025 15039.999999999976 2499.0 0.0
37 1.8600000000000012 2255.0 0 0 4194.300000000003 15039.999999999976 2499.0 0.0
38 1.9100000000000013 2255.0 0 0 4307.050000000003 15039.999999999976 2499.0 0.0
39 1.9600000000000013 2291.0 0 0 4490.360000000003 15108.799999999976 2509.0 0.0
40 2.010000000000001 2291.0 0 0 4604.910000000003 15108.799999999976 2509.0 0.0
41 2.060000000000001 2291.0 0 0 4719.460000000002 15108.799999999976 2509.0 0.0
42 2.1100000000000008 2311.0 0 0 4876.210000000002 15150.799999999976 2515.0 0.0
43 2.1600000000000006 2311.0 0 0 4991.760000000001 15150.799999999976 2515.0 0.0
44 2.2100000000000004 2311.0 0 0 5107.310000000001 15150.799999999976 2515.0 0.0
45 2.2600000000000002 2311.0 0 0 5222.860000000001 15150.799999999976 2515.0 0.0
46 2.31 2311.0 0 0 5338.41 15150.799999999976 2515.0 0.0
47 2.36 2342.0 0 0 5527.12 15223.199999999973 2544.0 0.0
48 2.4099999999999997 2342.0 0 0 5644.219999999999 15223.199999999973 2544.0 0.0
49 2.4599999999999995 2342.0 0 0 5761.319999999999 15223.199999999973 2544.0 0.0
50 2.5099999999999993 2342.0 0 0 5878.419999999998 15223.199999999973 2544.0 0.0
51 2.559999999999999 2342.0 0 0 5995.519999999998 15223.199999999973 2544.0 0.0
52 2.609999999999999 2342.0 0 0 6112.619999999998 15223.199999999973 2544.0 0.0
53 2.659999999999999 2378.0 0 0 6325.479999999997 15318.599999999975 2567.0 0.0
54 2.7099999999999986 2378.0 0 0 6444.3799999999965 15318.599999999975 2567.0 0.0
55 2.7599999999999985 2378.0 0 0 6563.279999999996 15318.599999999975 2567.0 0.0
56 2.8099999999999983 2387.0 0 0 6707.469999999996 15343.799999999974 2572.0 0.0
57 2.859999999999998 2387.0 0 0 6826.819999999995 15343.799999999974 2572.0 0.0
58 2.909999999999998 2412.0 0 0 7018.919999999995 15415.799999999974 2577.0 0.0
59 2.9599999999999977 2412.0 0 0 7139.519999999995 15415.799999999974 2577.0 0.0
60 3.0099999999999976 2412.0 0 0 7260.119999999994 15415.799999999974 2577.0 0.0
61 3.0599999999999974 2412.0 0 0 7380.719999999994 15415.799999999974 2577.0 0.0
62 3.109999999999997 2412.0 0 0 7501.319999999993 15415.799999999974 2577.0 0.0
63 3.159999999999997 2412.0 0 0 7621.919999999993 15415.799999999974 2577.0 0.0
64 3.209999999999997 2412.0 0 0 7742.519999999992 15415.799999999974 2577.0 0.0
65 3.2599999999999967 2412.0 0 0 7863.119999999992 15415.799999999974 2577.0 0.0
66 3.3099999999999965 2412.0 0 0 7983.719999999991 15415.799999999974 2577.0 0.0
67 3.3599999999999963 2412.0 0 0 8104.3199999999915 15415.799999999974 2577.0 0.0
68 3.409999999999996 2414.0 0 0 8231.73999999999 15422.599999999973 2585.0 0.0
69 3.459999999999996 2414.0 0 0 8352.43999999999 15422.599999999973 2585.0 0.0
70 3.509999999999996 2414.0 0 0 8473.13999999999 15422.599999999973 2585.0 0.0
71 3.5599999999999956 2414.0 0 0 8593.83999999999 15422.599999999973 2585.0 0.0
72 3.6099999999999954 2414.0 0 0 8714.539999999988 15422.599999999973 2585.0 0.0
73 3.6599999999999953 2443.0 0 0 8941.379999999988 15527.399999999974 2600.0 0.0
74 3.709999999999995 2443.0 0 0 9063.529999999988 15527.399999999974 2600.0 0.0
75 3.759999999999995 2443.0 0 0 9185.679999999988 15527.399999999974 2600.0 0.0
76 3.8099999999999947 2443.0 0 0 9307.829999999987 15527.399999999974 2600.0 0.0
77 3.8599999999999945 2443.0 0 0 9429.979999999987 15527.399999999974 2600.0 0.0
78 3.9099999999999944 2443.0 0 0 9552.129999999986 15527.399999999974 2600.0 0.0
79 3.959999999999994 2443.0 0 0 9674.279999999986 15527.399999999974 2600.0 0.0
80 4.0099999999999945 2443.0 0 0 9796.429999999986 15527.399999999974 2600.0 0.0
81 4.059999999999994 2443.0 0 0 9918.579999999985 15527.399999999974 2600.0 0.0
82 4.109999999999994 2443.0 0 0 10040.729999999985 15527.399999999974 2600.0 0.0
83 4.159999999999994 2443.0 0 0 10162.879999999985 15527.399999999974 2600.0 0.0
84 4.209999999999994 2443.0 0 0 10285.029999999984 15527.399999999974 2600.0 0.0
85 4.259999999999994 2451.0 0 0 10441.259999999984 15561.399999999974 2609.0 0.0
86 4.309999999999993 2451.0 0 0 10563.809999999983 15561.399999999974 2609.0 0.0
87 4.359999999999993 2468.0 0 0 10760.479999999983 15635.399999999974 2616.0 0.0
88 4.409999999999993 2468.0 0 0 10883.879999999983 15635.399999999974 2616.0 0.0
89 4.459999999999993 2468.0 0 0 11007.279999999982 15635.399999999974 2616.0 0.0
90 4.509999999999993 2468.0 0 0 11130.679999999982 15635.399999999974 2616.0 0.0
91 4.5599999999999925 2468.0 0 0 11254.079999999982 15635.399999999974 2616.0 0.0
92 4.609999999999992 2468.0 0 0 11377.479999999981 15635.399999999974 2616.0 0.0
93 4.659999999999992 2468.0 0 0 11500.879999999981 15635.399999999974 2616.0 0.0
94 4.709999999999992 2468.0 0 0 11624.27999999998 15635.399999999974 2616.0 0.0
95 4.759999999999992 2565.0 0 0 12209.39999999998 16092.599999999979 2762.0 0.0
96 4.809999999999992 2580.0 0 0 12409.79999999998 16164.599999999979 2767.0 0.0
97 4.859999999999991 2580.0 0 0 12538.799999999977 16164.599999999979 2767.0 0.0
98 4.909999999999991 2580.0 0 0 12667.799999999977 16164.599999999979 2767.0 0.0
99 4.959999999999991 2580.0 0 0 12796.799999999977 16164.599999999979 2767.0 0.0
