0 0.0 0.0 0 0 0.0 14903.599999999973 2437.0 0.0
1 0.05 1941.0 0 0 97.05000000000001 14904.399999999976 2439.0 0.0
2 0.1 2027.0 0 0 202.70000000000002 14910.399999999972 2445.0 0.0
3 0.15000000000000002 2027.0 0 0 304.05000000000007 14910.399999999972 2445.0 0.0
4 0.2 2027.0 0 0 405.40000000000003 14910.399999999972 2445.0 0.0
5 0.25 2027.0 0 0 506.75 14910.399999999972 2445.0 0.0
6 0.3 2046.0 0 0 613.8 14915.199999999972 2448.0 0.0
7 0.35 2075.0 0 0 726.25 14924.799999999974 2456.0 0.0
8 0.39999999999999997 2075.0 0 0 829.9999999999999 14924.799999999974 2456.0 0.0
9 0.44999999999999996 2075.0 0 0 933.7499999999999 14924.799999999974 2456.0 0.0
10 0.49999999999999994 2075.0 0 0 1037.4999999999998 14924.799999999974 2456.0 0.0
11 0.5499999999999999 2075.0 0 0 1141.2499999999998 14924.799999999974 2456.0 0.0
12 0.6 2075.0 0 0 1245.0 14924.799999999974 2456.0 0.0
13 0.65 2103.0 0 0 1366.95 14941.999999999973 2463.0 0.0
14 0.7000000000000001 2103.0 0 0 1472.1000000000001 14941.999999999973 2463.0 0.0
15 0.7500000000000001 2109.0 0 0 1581.7500000000002 14946.39999999997 2465.0 0.0
16 0.8000000000000002 2109.0 0 0 1687.2000000000003 14946.39999999997 2465.0 0.0
17 0.8500000000000002 2109.0 0 0 1792.6500000000003 14946.39999999997 2465.0 0.0
18 0.9000000000000002 2109.0 0 0 1898.1000000000006 14946.39999999997 2465.0 0.0
19 0.9500000000000003 2109.0 0 0 2003.5500000000006 14946.39999999997 2465.0 0.0
20 1.0000000000000002 2109.0 0 0 2109.0000000000005 14946.39999999997 2465.0 0.0
21 1.0500000000000003 2109.0 0 0 2214.4500000000007 14946.39999999997 2465.0 0.0
22 1.1000000000000003 2109.0 0 0 2319.9000000000005 14946.39999999997 2465.0 0.0
23 1.1500000000000004 2109.0 0 0 2425.350000000001 14946.39999999997 2465.0 0.0
24 1.2000000000000004 2109.0 0 0 2530.8000000000006 14946.39999999997 2465.0 0.0
25 1.2500000000000004 2132.0 0 0 2665.000000000001 14974.79999999997 2469.0 0.0
26 1.3000000000000005 2139.0 0 0 2780.700000000001 14983.599999999973 2471.0 0.0
27 1.3500000000000005 2139.0 0 0 2887.650000000001 14983.599999999973 2471.0 0.0
28 1.4000000000000006 2139.0 0 0 2994.6000000000013 14983.599999999973 2471.0 0.0
29 1.4500000000000006 2139.0 0 0 3101.5500000000015 14983.599999999973 2471.0 0.0
30 1.5000000000000007 2160.0 0 0 3240.0000000000014 15014.799999999974 2483.0 0.0
31 1.5500000000000007 2160.0 0 0 3348.0000000000014 15014.799999999974 2483.0 0.0
32 1.6000000000000008 2160.0 0 0 3456.000000000002 15014.799999999974 2483.0 0.0
33 1.6500000000000008 2160.0 0 0 3564.000000000002 15014.799999999974 2483.0 0.0
34 1.7000000000000008 2160.0 0 0 3672.000000000002 15014.799999999974 2483.0 0.0
35 1.7500000000000009 2179.0 0 0 3813.250000000002 15047.799999999974 2489.0 0.0
36 1.800000000000001 2179.0 0 0 3922.200000000002 15047.799999999974 2489.0 0.0
37 1.850000000000001 2179.0 0 0 4031.150000000002 15047.799999999974 2489.0 0.0
38 1.900000000000001 2179.0 0 0 4140.100000000002 15047.799999999974 2489.0 0.0
39 1.950000000000001 2179.0 0 0 4249.050000000002 15047.799999999974 2489.0 0.0
40 2.000000000000001 2179.0 0 0 4358.000000000002 15047.799999999974 2489.0 0.0
41 2.0500000000000007 2184.0 0 0 4477.200000000002 15057.799999999974 2490.0 0.0
42 2.1000000000000005 2184.0 0 0 4586.4000000000015 15057.799999999974 2490.0 0.0
43 2.1500000000000004 2184.0 0 0 4695.6 15057.799999999974 2490.0 0.0
44 2.2 2208.0 0 0 4857.6 15109.799999999974 2508.0 0.0
45 2.25 2233.0 0 0 5024.25 15164.999999999975 2534.0 0.0
46 2.3 2233.0 0 0 5135.9 15164.999999999975 2534.0 0.0
47 2.3499999999999996 2233.0 0 0 5247.549999999999 15164.999999999975 2534.0 0.0
48 2.3999999999999995 2233.0 0 0 5359.199999999999 15164.999999999975 2534.0 0.0
49 2.4499999999999993 2233.0 0 0 5470.8499999999985 15164.999999999975 2534.0 0.0
50 2.499999999999999 2233.0 0 0 5582.499999999998 15164.999999999975 2534.0 0.0
51 2.549999999999999 2233.0 0 0 5694.149999999998 15164.999999999975 2534.0 0.0
52 2.5999999999999988 2233.0 0 0 5805.799999999997 15164.999999999975 2534.0 0.0
53 2.6499999999999986 2246.0 0 0 5951.899999999997 15198.999999999975 2541.0 0.0
54 2.6999999999999984 2246.0 0 0 6064.199999999996 15198.999999999975 2541.0 0.0
55 2.7499999999999982 2246.0 0 0 6176.499999999996 15198.999999999975 2541.0 0.0
56 2.799999999999998 2246.0 0 0 6288.799999999996 15198.999999999975 2541.0 0.0
57 2.849999999999998 2246.0 0 0 6401.099999999995 15198.999999999975 2541.0 0.0
58 2.8999999999999977 2246.0 0 0 6513.399999999995 15198.999999999975 2541.0 0.0
59 2.9499999999999975 2246.0 0 0 6625.699999999994 15198.999999999975 2541.0 0.0
60 2.9999999999999973 2246.0 0 0 6737.999999999994 15198.999999999975 2541.0 0.0
61 3.049999999999997 2246.0 0 0 6850.299999999994 15198.999999999975 2541.0 0.0
62 3.099999999999997 2246.0 0 0 6962.599999999993 15198.999999999975 2541.0 0.0
63 3.149999999999997 2253.0 0 0 7096.9499999999925 15220.999999999975 2545.0 0.0
64 3.1999999999999966 2267.0 0 0 7254.399999999992 15265.799999999974 2563.0 0.0
65 3.2499999999999964 2267.0 0 0 7367.749999999992 15265.799999999974 2563.0 0.0
66 3.2999999999999963 2267.0 0 0 7481.099999999991 15265.799999999974 2563.0 0.0
67 3.349999999999996 2267.0 0 0 7594.449999999991 15265.799999999974 2563.0 0.0
68 3.399999999999996 2267.0 0 0 7707.799999999991 15265.799999999974 2563.0 0.0
69 3.4499999999999957 2267.0 0 0 7821.1499999999905 15265.799999999974 2563.0 0.0
70 3.4999999999999956 2267.0 0 0 7934.49999999999 15265.799999999974 2563.0 0.0
71 3.5499999999999954 2267.0 0 0 8047.849999999989 15265.799999999974 2563.0 0.0
72 3.599999999999995 2267.0 0 0 8161.199999999989 15265.799999999974 2563.0 0.0
73 3.649999999999995 2267.0 0 0 8274.549999999988 15265.799999999974 2563.0 0.0
74 3.699999999999995 2267.0 0 0 8387.899999999989 15265.799999999974 2563.0 0.0
75 3.7499999999999947 2267.0 0 0 8501.249999999987 15265.799999999974 2563.0 0.0
76 3.7999999999999945 2267.0 0 0 8614.599999999988 15265.799999999974 2563.0 0.0
77 3.8499999999999943 2267.0 0 0 8727.949999999988 15265.799999999974 2563.0 0.0
78 3.899999999999994 2267.0 0 0 8841.299999999987 15265.799999999974 2563.0 0.0
79 3.949999999999994 2267.0 0 0 8954.649999999987 15265.799999999974 2563.0 0.0
80 3.999999999999994 2267.0 0 0 9067.999999999985 15265.799999999974 2563.0 0.0
81 4.049999999999994 2267.0 0 0 9181.349999999986 15265.799999999974 2563.0 0.0
82 4.099999999999993 2267.0 0 0 9294.699999999984 15265.799999999974 2563.0 0.0
83 4.149999999999993 2267.0 0 0 9408.049999999985 15265.799999999974 2563.0 0.0
84 4.199999999999993 2267.0 0 0 9521.399999999985 15265.799999999974 2563.0 0.0
85 4.249999999999993 2267.0 0 0 9634.749999999984 15265.799999999974 2563.0 0.0
86 4.299999999999993 2267.0 0 0 9748.099999999984 15265.799999999974 2563.0 0.0
87 4.3499999999999925 2267.0 0 0 9861.449999999983 15265.799999999974 2563.0 0.0
88 4.399999999999992 2267.0 0 0 9974.799999999983 15265.799999999974 2563.0 0.0
89 4.449999999999992 2267.0 0 0 10088.149999999981 15265.799999999974 2563.0 0.0
90 4.499999999999992 2267.0 0 0 10201.499999999982 15265.799999999974 2563.0 0.0
91 4.549999999999992 2310.0 0 0 10510.499999999982 15460.99999999997 2617.0 0.0
92 4.599999999999992 2310.0 0 0 10625.99999999998 15460.99999999997 2617.0 0.0
93 4.6499999999999915 2310.0 0 0 10741.49999999998 15460.99999999997 2617.0 0.0
94 4.699999999999991 2310.0 0 0 10856.99999999998 15460.99999999997 2617.0 0.0
95 4.749999999999991 2310.0 0 0 10972.49999999998 15460.99999999997 2617.0 0.0
96 4.799999999999991 2310.0 0 0 11087.999999999978 15460.99999999997 2617.0 0.0
97 4.849999999999991 2406.0 0 0 11669.099999999979 15923.799999999977 2768.0 0.0
98 4.899999999999991 2406.0 0 0 11789.399999999978 15923.799999999977 2768.0 0.0
99 4.94999999999999 2406.0 0 0 11909.699999999977 15923.799999999977 2768.0 0.0
