0 0.0 0.0 0 0 0.0 17856.999999999985 2465.0 0.0
1 0.05 1577.0 0 0 78.85000000000001 17856.999999999985 2465.0 0.0
2 0.1 1577.0 0 0 157.70000000000002 17856.999999999985 2465.0 0.0
3 0.15000000000000002 1577.0 0 0 236.55000000000004 17856.999999999985 2465.0 0.0
4 0.2 1577.0 0 0 315.40000000000003 17856.999999999985 2465.0 0.0
5 0.25 1577.0 0 0 394.25 17856.999999999985 2465.0 0.0
6 0.3 1577.0 0 0 473.09999999999997 17856.999999999985 2465.0 0.0
7 0.35 1577.0 0 0 551.9499999999999 17856.999999999985 2465.0 0.0
8 0.39999999999999997 1577.0 0 0 630.8 17856.999999999985 2465.0 0.0
9 0.44999999999999996 1582.0 0 0 711.9 17858.999999999985 2467.0 0.0
10 0.49999999999999994 1605.0 0 0 802.4999999999999 17869.399999999987 2471.0 0.0
11 0.5499999999999999 1605.0 0 0 882.7499999999999 17869.399999999987 2471.0 0.0
12 0.6 1605.0 0 0 963.0 17869.399999999987 2471.0 0.0
13 0.65 1611.0 0 0 1047.15 17872.999999999985 2480.0 0.0
14 0.7000000000000001 1611.0 0 0 1127.7 17872.999999999985 2480.0 0.0
15 0.7500000000000001 1611.0 0 0 1208.2500000000002 17872.999999999985 2480.0 0.0
16 0.8000000000000002 1611.0 0 0 1288.8000000000002 17872.999999999985 2480.0 0.0
17 0.8500000000000002 1611.0 0 0 1369.3500000000004 17872.999999999985 2480.0 0.0
18 0.9000000000000002 1611.0 0 0 1449.9000000000003 17872.999999999985 2480.0 0.0
19 0.9500000000000003 1611.0 0 0 1530.4500000000005 17872.999999999985 2480.0 0.0
20 1.0000000000000002 1611.0 0 0 1611.0000000000005 17872.999999999985 2480.0 0.0
21 1.0500000000000003 1688.0 0 0 1772.4000000000005 17953.199999999986 2500.0 0.0
22 1.1000000000000003 1688.0 0 0 1856.8000000000006 17953.199999999986 2500.0 0.0
23 1.1500000000000004 1688.0 0 0 1941.2000000000005 17953.199999999986 2500.0 0.0
24 1.2000000000000004 1700.0 0 0 2040.0000000000007 17967.199999999986 2505.0 0.0
25 1.2500000000000004 1700.0 0 0 2125.000000000001 17967.199999999986 2505.0 0.0
26 1.3000000000000005 1700.0 0 0 2210.000000000001 17967.199999999986 2505.0 0.0
27 1.3500000000000005 1700.0 0 0 2295.000000000001 17967.199999999986 2505.0 0.0
28 1.4000000000000006 1700.0 0 0 2380.000000000001 17967.199999999986 2505.0 0.0
29 1.4500000000000006 1700.0 0 0 2465.000000000001 17967.199999999986 2505.0 0.0
30 1.5000000000000007 1700.0 0 0 2550.000000000001 17967.199999999986 2505.0 0.0
31 1.5500000000000007 1700.0 0 0 2635.0000000000014 17967.199999999986 2505.0 0.0
32 1.6000000000000008 1700.0 0 0 2720.0000000000014 17967.199999999986 2505.0 0.0
33 1.6500000000000008 1700.0 0 0 2805.0000000000014 17967.199999999986 2505.0 0.0
34 1.7000000000000008 1700.0 0 0 2890.0000000000014 17967.199999999986 2505.0 0.0
35 1.7500000000000009 1700.0 0 0 2975.0000000000014 17967.199999999986 2505.0 0.0
36 1.800000000000001 1700.0 0 0 3060.0000000000014 17967.199999999986 2505.0 0.0
37 1.850000000000001 1706.0 0 0 3156.1000000000017 17978.199999999986 2507.0 0.0
38 1.900000000000001 1706.0 0 0 3241.400000000002 17978.199999999986 2507.0 0.0
39 1.950000000000001 1706.0 0 0 3326.7000000000016 17978.199999999986 2507.0 0.0
40 2.000000000000001 1706.0 0 0 3412.0000000000014 17978.199999999986 2507.0 0.0
41 2.0500000000000007 1706.0 0 0 3497.300000000001 17978.199999999986 2507.0 0.0
42 2.1000000000000005 1706.0 0 0 3582.600000000001 17978.199999999986 2507.0 0.0
43 2.1500000000000004 1706.0 0 0 3667.9000000000005 17978.199999999986 2507.0 0.0
44 2.2 1706.0 0 0 3753.2000000000003 17978.199999999986 2507.0 0.0
45 2.25 1706.0 0 0 3838.5 17978.199999999986 2507.0 0.0
46 2.3 1706.0 0 0 3923.7999999999997 17978.199999999986 2507.0 0.0
47 2.3499999999999996 1706.0 0 0 4009.0999999999995 17978.199999999986 2507.0 0.0
48 2.3999999999999995 1706.0 0 0 4094.399999999999 17978.199999999986 2507.0 0.0
49 2.4499999999999993 1706.0 0 0 4179.699999999999 17978.199999999986 2507.0 0.0
50 2.499999999999999 1706.0 0 0 4264.999999999998 17978.199999999986 2507.0 0.0
51 2.549999999999999 1749.0 0 0 4459.949999999998 18086.599999999988 2515.0 0.0
52 2.5999999999999988 1749.0 0 0 4547.399999999998 18086.599999999988 2515.0 0.0
53 2.6499999999999986 1749.0 0 0 4634.849999999998 18086.599999999988 2515.0 0.0
54 2.6999999999999984 1749.0 0 0 4722.299999999997 18086.599999999988 2515.0 0.0
55 2.7499999999999982 1749.0 0 0 4809.749999999997 18086.599999999988 2515.0 0.0
56 2.799999999999998 1816.0 0 0 5084.7999999999965 18270.99999999999 2564.0 0.0
57 2.849999999999998 1816.0 0 0 5175.599999999996 18270.99999999999 2564.0 0.0
58 2.8999999999999977 1816.0 0 0 5266.399999999996 18270.99999999999 2564.0 0.0
59 2.9499999999999975 2000.0 0 0 5899.999999999995 18812.599999999988 2629.0 0.0
60 2.9999999999999973 2000.0 0 0 5999.9999999999945 18812.599999999988 2629.0 0.0
61 3.049999999999997 2000.0 0 0 6099.9999999999945 18812.599999999988 2629.0 0.0
62 3.099999999999997 2160.0 0 0 6695.999999999994 19305.599999999988 2684.0 0.0
63 3.149999999999997 2160.0 0 0 6803.999999999993 19305.599999999988 2684.0 0.0
64 3.1999999999999966 2160.0 0 0 6911.999999999993 19305.599999999988 2684.0 0.0
65 3.2499999999999964 2160.0 0 0 7019.999999999993 19305.599999999988 2684.0 0.0
66 3.2999999999999963 2160.0 0 0 7127.999999999992 19305.599999999988 2684.0 0.0
67 3.349999999999996 2180.0 0 0 7302.999999999992 19371.599999999988 2692.0 0.0
68 3.399999999999996 2180.0 0 0 7411.999999999991 19371.599999999988 2692.0 0.0
69 3.4499999999999957 2180.0 0 0 7520.999999999991 19371.599999999988 2692.0 0.0
70 3.4999999999999956 2180.0 0 0 7629.99999999999 19371.599999999988 2692.0 0.0
71 3.5499999999999954 2180.0 0 0 7738.99999999999 19371.599999999988 2692.0 0.0
72 3.599999999999995 2193.0 0 0 7894.799999999989 19417.99999999999 2705.0 0.0
73 3.649999999999995 2193.0 0 0 8004.449999999989 19417.99999999999 2705.0 0.0
74 3.699999999999995 2193.0 0 0 8114.0999999999885 19417.99999999999 2705.0 0.0
75 3.7499999999999947 2193.0 0 0 8223.749999999989 19417.99999999999 2705.0 0.0
76 3.7999999999999945 2193.0 0 0 8333.399999999989 19417.99999999999 2705.0 0.0
77 3.8499999999999943 2193.0 0 0 8443.049999999988 19417.99999999999 2705.0 0.0
78 3.899999999999994 2193.0 0 0 8552.699999999988 19417.99999999999 2705.0 0.0
79 3.949999999999994 2193.0 0 0 8662.349999999988 19417.99999999999 2705.0 0.0
80 3.999999999999994 2193.0 0 0 8771.999999999987 19417.99999999999 2705.0 0.0
81 4.049999999999994 2193.0 0 0 8881.649999999985 19417.99999999999 2705.0 0.0
82 4.099999999999993 2193.0 0 0 8991.299999999985 19417.99999999999 2705.0 0.0
83 4.149999999999993 2193.0 0 0 9100.949999999984 19417.99999999999 2705.0 0.0
84 4.199999999999993 2193.0 0 0 9210.599999999984 19417.99999999999 2705.0 0.0
85 4.249999999999993 2193.0 0 0 9320.249999999984 19417.99999999999 2705.0 0.0
86 4.299999999999993 2193.0 0 0 9429.899999999983 19417.99999999999 2705.0 0.0
87 4.3499999999999925 2193.0 0 0 9539.549999999983 19417.99999999999 2705.0 0.0
88 4.399999999999992 2193.0 0 0 9649.199999999983 19417.99999999999 2705.0 0.0
89 4.449999999999992 2193.0 0 0 9758.849999999982 19417.99999999999 2705.0 0.0
90 4.499999999999992 2193.0 0 0 9868.499999999982 19417.99999999999 2705.0 0.0
91 4.549999999999992 2193.0 0 0 9978.149999999981 19417.99999999999 2705.0 0.0
92 4.599999999999992 2193.0 0 0 10087.799999999981 19417.99999999999 2705.0 0.0
93 4.6499999999999915 2193.0 0 0 10197.44999999998 19417.99999999999 2705.0 0.0
94 4.699999999999991 2193.0 0 0 10307.09999999998 19417.99999999999 2705.0 0.0
95 4.749999999999991 2312.0 0 0 10981.99999999998 19981.999999999996 2833.0 0.0
96 4.799999999999991 2312.0 0 0 11097.599999999979 19981.999999999996 2833.0 0.0
97 4.849999999999991 2312.0 0 0 11213.199999999979 19981.999999999996 2833.0 0.0
98 4.899999999999991 2312.0 0 0 11328.799999999977 19981.999999999996 2833.0 0.0
99 4.94999999999999 2312.0 0 0 11444.399999999978 19981.999999999996 2833.0 0.0
