0 0.0 0.0 0 0 0.0 14818.0 1631.0 0.0
1 0.05 1601.0 0 0 80.05000000000001 14821.0 1634.0 0.0
2 0.1 1601.0 0 0 160.10000000000002 14821.0 1634.0 0.0
3 0.15000000000000002 1608.0 0 0 241.20000000000005 14822.0 1635.0 0.0
4 0.2 1674.0 0 0 334.8 14835.0 1639.0 0.0
5 0.25 1674.0 0 0 418.5 14835.0 1639.0 0.0
6 0.3 1674.0 0 0 502.2 14835.0 1639.0 0.0
7 0.35 1677.0 0 0 586.9499999999999 14836.0 1640.0 0.0
8 0.39999999999999997 1677.0 0 0 670.8 14836.0 1640.0 0.0
9 0.44999999999999996 1677.0 0 0 754.65 14836.0 1640.0 0.0
10 0.49999999999999994 1677.0 0 0 838.4999999999999 14836.0 1640.0 0.0
11 0.5499999999999999 1701.0 0 0 935.5499999999998 14849.0 1644.0 0.0
12 0.6 1701.0 0 0 1020.5999999999999 14849.0 1644.0 0.0
13 0.65 1701.0 0 0 1105.65 14849.0 1644.0 0.0
14 0.7000000000000001 1704.0 0 0 1192.8000000000002 14851.0 1646.0 0.0
15 0.7500000000000001 1704.0 0 0 1278.0000000000002 14851.0 1646.0 0.0
16 0.8000000000000002 1704.0 0 0 1363.2000000000003 14851.0 1646.0 0.0
17 0.8500000000000002 1704.0 0 0 1448.4000000000003 14851.0 1646.0 0.0
18 0.9000000000000002 1704.0 0 0 1533.6000000000004 14851.0 1646.0 0.0
19 0.9500000000000003 1716.0 0 0 1630.2000000000005 14862.0 1648.0 0.0
20 1.0000000000000002 1716.0 0 0 1716.0000000000005 14862.0 1648.0 0.0
21 1.0500000000000003 1716.0 0 0 1801.8000000000004 14862.0 1648.0 0.0
22 1.1000000000000003 1716.0 0 0 1887.6000000000006 14862.0 1648.0 0.0
23 1.1500000000000004 1716.0 0 0 1973.4000000000005 14862.0 1648.0 0.0
24 1.2000000000000004 1716.0 0 0 2059.2000000000007 14862.0 1648.0 0.0
25 1.2500000000000004 1716.0 0 0 2145.000000000001 14862.0 1648.0 0.0
26 1.3000000000000005 1716.0 0 0 2230.8000000000006 14862.0 1648.0 0.0
27 1.3500000000000005 1716.0 0 0 2316.600000000001 14862.0 1648.0 0.0
28 1.4000000000000006 1716.0 0 0 2402.400000000001 14862.0 1648.0 0.0
29 1.4500000000000006 1716.0 0 0 2488.200000000001 14862.0 1648.0 0.0
30 1.5000000000000007 1716.0 0 0 2574.0000000000014 14862.0 1648.0 0.0
31 1.5500000000000007 1716.0 0 0 2659.800000000001 14862.0 1648.0 0.0
32 1.6000000000000008 1716.0 0 0 2745.6000000000013 14862.0 1648.0 0.0
33 1.6500000000000008 1774.0 0 0 2927.1000000000013 14957.0 1658.0 0.0
34 1.7000000000000008 1856.0 0 0 3155.2000000000016 15095.0 1671.0 0.0
35 1.7500000000000009 1856.0 0 0 3248.000000000002 15095.0 1671.0 0.0
36 1.800000000000001 1856.0 0 0 3340.8000000000015 15095.0 1671.0 0.0
37 1.850000000000001 1856.0 0 0 3433.6000000000017 15095.0 1671.0 0.0
38 1.900000000000001 1856.0 0 0 3526.400000000002 15095.0 1671.0 0.0
39 1.950000000000001 1856.0 0 0 3619.200000000002 15095.0 1671.0 0.0
40 2.000000000000001 1856.0 0 0 3712.000000000002 15095.0 1671.0 0.0
41 2.0500000000000007 1856.0 0 0 3804.800000000001 15095.0 1671.0 0.0
42 2.1000000000000005 1856.0 0 0 3897.600000000001 15095.0 1671.0 0.0
43 2.1500000000000004 1856.0 0 0 3990.4000000000005 15095.0 1671.0 0.0
44 2.2 1856.0 0 0 4083.2000000000003 15095.0 1671.0 0.0
45 2.25 1856.0 0 0 4176.0 15095.0 1671.0 0.0
46 2.3 1856.0 0 0 4268.799999999999 15095.0 1671.0 0.0
47 2.3499999999999996 1856.0 0 0 4361.599999999999 15095.0 1671.0 0.0
48 2.3999999999999995 1856.0 0 0 4454.399999999999 15095.0 1671.0 0.0
49 2.4499999999999993 1856.0 0 0 4547.199999999999 15095.0 1671.0 0.0
50 2.499999999999999 1856.0 0 0 4639.999999999998 15095.0 1671.0 0.0
51 2.549999999999999 1856.0 0 0 4732.799999999998 15095.0 1671.0 0.0
52 2.5999999999999988 1856.0 0 0 4825.599999999998 15095.0 1671.0 0.0
53 2.6499999999999986 1856.0 0 0 4918.399999999998 15095.0 1671.0 0.0
54 2.6999999999999984 1856.0 0 0 5011.199999999997 15095.0 1671.0 0.0
55 2.7499999999999982 1856.0 0 0 5103.999999999996 15095.0 1671.0 0.0
56 2.799999999999998 1856.0 0 0 5196.7999999999965 15095.0 1671.0 0.0
57 2.849999999999998 1856.0 0 0 5289.599999999996 15095.0 1671.0 0.0
58 2.8999999999999977 1856.0 0 0 5382.399999999996 15095.0 1671.0 0.0
59 2.9499999999999975 1870.0 0 0 5516.499999999995 15136.0 1676.0 0.0
60 2.9999999999999973 1870.0 0 0 5609.999999999995 15136.0 1676.0 0.0
61 3.049999999999997 1898.0 0 0 5788.899999999994 15220.0 1684.0 0.0
62 3.099999999999997 1898.0 0 0 5883.799999999994 15220.0 1684.0 0.0
63 3.149999999999997 1905.0 0 0 6000.749999999994 15242.0 1688.0 0.0
64 3.1999999999999966 1905.0 0 0 6095.999999999994 15242.0 1688.0 0.0
65 3.2499999999999964 1905.0 0 0 6191.249999999994 15242.0 1688.0 0.0
66 3.2999999999999963 1905.0 0 0 6286.499999999993 15242.0 1688.0 0.0
67 3.349999999999996 1905.0 0 0 6381.749999999993 15242.0 1688.0 0.0
68 3.399999999999996 1905.0 0 0 6476.999999999992 15242.0 1688.0 0.0
69 3.4499999999999957 1905.0 0 0 6572.249999999992 15242.0 1688.0 0.0
70 3.4999999999999956 1905.0 0 0 6667.499999999992 15242.0 1688.0 0.0
71 3.5499999999999954 1905.0 0 0 6762.749999999991 15242.0 1688.0 0.0
72 3.599999999999995 1905.0 0 0 6857.999999999991 15242.0 1688.0 0.0
73 3.649999999999995 1905.0 0 0 6953.249999999991 15242.0 1688.0 0.0
74 3.699999999999995 1905.0 0 0 7048.49999999999 15242.0 1688.0 0.0
75 3.7499999999999947 1905.0 0 0 7143.74999999999 15242.0 1688.0 0.0
76 3.7999999999999945 1905.0 0 0 7238.999999999989 15242.0 1688.0 0.0
77 3.8499999999999943 1905.0 0 0 7334.249999999989 15242.0 1688.0 0.0
78 3.899999999999994 1905.0 0 0 7429.499999999989 15242.0 1688.0 0.0
79 3.949999999999994 1905.0 0 0 7524.749999999988 15242.0 1688.0 0.0
80 3.999999999999994 1905.0 0 0 7619.999999999988 15242.0 1688.0 0.0
81 4.049999999999994 1905.0 0 0 7715.249999999988 15242.0 1688.0 0.0
82 4.099999999999993 1905.0 0 0 7810.499999999987 15242.0 1688.0 0.0
83 4.149999999999993 1905.0 0 0 7905.749999999987 15242.0 1688.0 0.0
84 4.199999999999993 1905.0 0 0 8000.999999999986 15242.0 1688.0 0.0
85 4.249999999999993 1905.0 0 0 8096.249999999986 15242.0 1688.0 0.0
86 4.299999999999993 1905.0 0 0 8191.499999999986 15242.0 1688.0 0.0
87 4.3499999999999925 1944.0 0 0 8456.399999999985 15411.0 1705.0 0.0
88 4.399999999999992 1944.0 0 0 8553.599999999986 15411.0 1705.0 0.0
89 4.449999999999992 1944.0 0 0 8650.799999999985 15411.0 1705.0 0.0
90 4.499999999999992 1944.0 0 0 8747.999999999984 15411.0 1705.0 0.0
91 4.549999999999992 1944.0 0 0 8845.199999999984 15411.0 1705.0 0.0
92 4.599999999999992 1944.0 0 0 8942.399999999983 15411.0 1705.0 0.0
93 4.6499999999999915 1957.0 0 0 9100.049999999983 15471.0 1707.0 0.0
94 4.699999999999991 1957.0 0 0 9197.899999999983 15471.0 1707.0 0.0
95 4.749999999999991 1957.0 0 0 9295.749999999982 15471.0 1707.0 0.0
96 4.799999999999991 1957.0 0 0 9393.599999999982 15471.0 1707.0 0.0
97 4.849999999999991 1957.0 0 0 9491.449999999983 15471.0 1707.0 0.0
98 4.899999999999991 1957.0 0 0 9589.299999999981 15471.0 1707.0 0.0
99 4.94999999999999 1957.0 0 0 9687.149999999981 15471.0 1707.0 0.0
