0 0.01 1750.0 0 0 17.5 17857.399999999987 2466.0 0.0
1 0.060000000000000005 1750.0 0 0 105.00000000000001 17857.399999999987 2466.0 0.0
2 0.11000000000000001 1770.0 0 0 194.70000000000002 17858.999999999985 2468.0 0.0
3 0.16000000000000003 1770.0 0 0 283.20000000000005 17858.999999999985 2468.0 0.0
4 0.21000000000000002 1770.0 0 0 371.70000000000005 17858.999999999985 2468.0 0.0
5 0.26 1770.0 0 0 460.2 17858.999999999985 2468.0 0.0
6 0.31 1829.0 0 0 566.99 17875.79999999999 2471.0 0.0
7 0.36 1844.0 0 0 663.84 17880.79999999999 2476.0 0.0
8 0.41 1844.0 0 0 756.04 17880.79999999999 2476.0 0.0
9 0.45999999999999996 1844.0 0 0 848.2399999999999 17880.79999999999 2476.0 0.0
10 0.51 1855.0 0 0 946.0500000000001 17885.999999999985 2480.0 0.0
11 0.56 1855.0 0 0 1038.8000000000002 17885.999999999985 2480.0 0.0
12 0.6100000000000001 1855.0 0 0 1131.5500000000002 17885.999999999985 2480.0 0.0
13 0.6600000000000001 1855.0 0 0 1224.3000000000002 17885.999999999985 2480.0 0.0
14 0.7100000000000002 1855.0 0 0 1317.0500000000004 17885.999999999985 2480.0 0.0
15 0.7600000000000002 1855.0 0 0 1409.8000000000004 17885.999999999985 2480.0 0.0
16 0.8100000000000003 1868.0 0 0 1513.0800000000006 17895.999999999985 2481.0 0.0
17 0.8600000000000003 1868.0 0 0 1606.4800000000007 17895.999999999985 2481.0 0.0
18 0.9100000000000004 1947.0 0 0 1771.7700000000007 17965.999999999985 2484.0 0.0
19 0.9600000000000004 1959.0 0 0 1880.6400000000008 17976.999999999985 2486.0 0.0
20 1.0100000000000005 1959.0 0 0 1978.5900000000008 17976.999999999985 2486.0 0.0
21 1.0600000000000005 1959.0 0 0 2076.540000000001 17976.999999999985 2486.0 0.0
22 1.1100000000000005 1959.0 0 0 2174.490000000001 17976.999999999985 2486.0 0.0
23 1.1600000000000006 1959.0 0 0 2272.440000000001 17976.999999999985 2486.0 0.0
24 1.2100000000000006 2037.0 0 0 2464.7700000000013 18070.599999999984 2496.0 0.0
25 1.2600000000000007 2037.0 0 0 2566.6200000000013 18070.599999999984 2496.0 0.0
26 1.3100000000000007 2037.0 0 0 2668.4700000000016 18070.599999999984 2496.0 0.0
27 1.3600000000000008 2064.0 0 0 2807.040000000002 18106.599999999984 2505.0 0.0
28 1.4100000000000008 2064.0 0 0 2910.2400000000016 18106.599999999984 2505.0 0.0
29 1.4600000000000009 2064.0 0 0 3013.440000000002 18106.599999999984 2505.0 0.0
30 1.510000000000001 2064.0 0 0 3116.6400000000017 18106.599999999984 2505.0 0.0
31 1.560000000000001 2064.0 0 0 3219.840000000002 18106.599999999984 2505.0 0.0
32 1.610000000000001 2064.0 0 0 3323.0400000000022 18106.599999999984 2505.0 0.0
33 1.660000000000001 2064.0 0 0 3426.240000000002 18106.599999999984 2505.0 0.0
34 1.710000000000001 2064.0 0 0 3529.4400000000023 18106.599999999984 2505.0 0.0
35 1.7600000000000011 2081.0 0 0 3662.560000000002 18135.799999999985 2511.0 0.0
36 1.8100000000000012 2081.0 0 0 3766.6100000000024 18135.799999999985 2511.0 0.0
37 1.8600000000000012 2081.0 0 0 3870.6600000000026 18135.799999999985 2511.0 0.0
38 1.9100000000000013 2090.0 0 0 3991.900000000003 18152.599999999984 2514.0 0.0
39 1.9600000000000013 2119.0 0 0 4153.2400000000025 18208.199999999986 2530.0 0.0
40 2.010000000000001 2119.0 0 0 4259.190000000002 18208.199999999986 2530.0 0.0
41 2.060000000000001 2119.0 0 0 4365.140000000002 18208.199999999986 2530.0 0.0
42 2.1100000000000008 2119.0 0 0 4471.090000000002 18208.199999999986 2530.0 0.0
43 2.1600000000000006 2119.0 0 0 4577.040000000001 18208.199999999986 2530.0 0.0
44 2.2100000000000004 2119.0 0 0 4682.990000000001 18208.199999999986 2530.0 0.0
45 2.2600000000000002 2119.0 0 0 4788.9400000000005 18208.199999999986 2530.0 0.0
46 2.31 2119.0 0 0 4894.89 18208.199999999986 2530.0 0.0
47 2.36 2119.0 0 0 5000.84 18208.199999999986 2530.0 0.0
48 2.4099999999999997 2119.0 0 0 5106.789999999999 18208.199999999986 2530.0 0.0
49 2.4599999999999995 2119.0 0 0 5212.739999999999 18208.199999999986 2530.0 0.0
50 2.5099999999999993 2119.0 0 0 5318.689999999999 18208.199999999986 2530.0 0.0
51 2.559999999999999 2119.0 0 0 5424.6399999999985 18208.199999999986 2530.0 0.0
52 2.609999999999999 2119.0 0 0 5530.589999999997 18208.199999999986 2530.0 0.0
53 2.659999999999999 2119.0 0 0 5636.539999999997 18208.199999999986 2530.0 0.0
54 2.7099999999999986 2119.0 0 0 5742.489999999997 18208.199999999986 2530.0 0.0
55 2.7599999999999985 2127.0 0 0 5870.519999999997 18230.199999999986 2534.0 0.0
56 2.8099999999999983 2127.0 0 0 5976.869999999996 18230.199999999986 2534.0 0.0
57 2.859999999999998 2127.0 0 0 6083.219999999996 18230.199999999986 2534.0 0.0
58 2.909999999999998 2127.0 0 0 6189.569999999995 18230.199999999986 2534.0 0.0
59 2.9599999999999977 2214.0 0 0 6553.439999999995 18487.199999999986 2550.0 0.0
60 3.0099999999999976 2214.0 0 0 6664.139999999995 18487.199999999986 2550.0 0.0
61 3.0599999999999974 2214.0 0 0 6774.839999999994 18487.199999999986 2550.0 0.0
62 3.109999999999997 2214.0 0 0 6885.539999999994 18487.199999999986 2550.0 0.0
63 3.159999999999997 2270.0 0 0 7173.199999999993 18662.79999999999 2600.0 0.0
64 3.209999999999997 2270.0 0 0 7286.6999999999925 18662.79999999999 2600.0 0.0
65 3.2599999999999967 2270.0 0 0 7400.1999999999925 18662.79999999999 2600.0 0.0
66 3.3099999999999965 2270.0 0 0 7513.699999999992 18662.79999999999 2600.0 0.0
67 3.3599999999999963 2270.0 0 0 7627.199999999992 18662.79999999999 2600.0 0.0
68 3.409999999999996 2270.0 0 0 7740.699999999992 18662.79999999999 2600.0 0.0
69 3.459999999999996 2270.0 0 0 7854.199999999991 18662.79999999999 2600.0 0.0
70 3.509999999999996 2270.0 0 0 7967.699999999991 18662.79999999999 2600.0 0.0
71 3.5599999999999956 2270.0 0 0 8081.19999999999 18662.79999999999 2600.0 0.0
72 3.6099999999999954 2270.0 0 0 8194.69999999999 18662.79999999999 2600.0 0.0
73 3.6599999999999953 2270.0 0 0 8308.19999999999 18662.79999999999 2600.0 0.0
74 3.709999999999995 2270.0 0 0 8421.699999999988 18662.79999999999 2600.0 0.0
75 3.759999999999995 2270.0 0 0 8535.199999999988 18662.79999999999 2600.0 0.0
76 3.8099999999999947 2270.0 0 0 8648.699999999988 18662.79999999999 2600.0 0.0
77 3.8599999999999945 2270.0 0 0 8762.199999999988 18662.79999999999 2600.0 0.0
78 3.9099999999999944 2270.0 0 0 8875.699999999988 18662.79999999999 2600.0 0.0
79 3.959999999999994 2270.0 0 0 8989.199999999986 18662.79999999999 2600.0 0.0
80 4.0099999999999945 2270.0 0 0 9102.699999999988 18662.79999999999 2600.0 0.0
81 4.059999999999994 2270.0 0 0 9216.199999999986 18662.79999999999 2600.0 0.0
82 4.109999999999994 2285.0 0 0 9391.349999999986 18723.79999999999 2603.0 0.0
83 4.159999999999994 2285.0 0 0 9505.599999999986 18723.79999999999 2603.0 0.0
84 4.209999999999994 2285.0 0 0 9619.849999999986 18723.79999999999 2603.0 0.0
85 4.259999999999994 2353.0 0 0 10023.779999999984 19010.199999999983 2622.0 0.0
86 4.309999999999993 2353.0 0 0 10141.429999999984 19010.199999999983 2622.0 0.0
87 4.359999999999993 2353.0 0 0 10259.079999999984 19010.199999999983 2622.0 0.0
88 4.409999999999993 2353.0 0 0 10376.729999999983 19010.199999999983 2622.0 0.0
89 4.459999999999993 2353.0 0 0 10494.379999999983 19010.199999999983 2622.0 0.0
90 4.509999999999993 2353.0 0 0 10612.029999999982 19010.199999999983 2622.0 0.0
91 4.5599999999999925 2353.0 0 0 10729.679999999982 19010.199999999983 2622.0 0.0
92 4.609999999999992 2363.0 0 0 10893.429999999982 19056.199999999983 2632.0 0.0
93 4.659999999999992 2363.0 0 0 11011.579999999982 19056.199999999983 2632.0 0.0
94 4.709999999999992 2363.0 0 0 11129.729999999981 19056.199999999983 2632.0 0.0
95 4.759999999999992 2363.0 0 0 11247.879999999981 19056.199999999983 2632.0 0.0
96 4.809999999999992 2376.0 0 0 11428.55999999998 19118.199999999983 2636.0 0.0
97 4.859999999999991 2376.0 0 0 11547.359999999979 19118.199999999983 2636.0 0.0
98 4.909999999999991 2376.0 0 0 11666.15999999998 19118.199999999983 2636.0 0.0
99 4.959999999999991 2386.0 0 0 11834.55999999998 19167.399999999987 2652.0 0.0
