0 0.0 0.0 0 0 0.0 15806.399999999987 2279.0 0.0
1 0.05 2071.0 0 0 103.55000000000001 15806.399999999987 2279.0 0.0
2 0.1 2079.0 0 0 207.9 15807.199999999988 2280.0 60.0
3 0.15000000000000002 2079.0 0 0 311.85 15807.199999999988 2280.0 60.0
4 0.2 2084.0 0 0 416.8 15807.999999999987 2281.0 60.0
5 0.25 2084.0 0 0 521.0 15807.999999999987 2281.0 60.0
6 0.3 2090.0 0 0 627.0 15809.599999999986 2283.0 379.0
7 0.35 2105.0 0 0 736.75 15814.399999999987 2289.0 1378.0
8 0.39999999999999997 2105.0 0 0 841.9999999999999 15814.399999999987 2289.0 1378.0
9 0.44999999999999996 2107.0 0 0 948.1499999999999 15815.199999999986 2290.0 1484.0
10 0.49999999999999994 2107.0 0 0 1053.4999999999998 15815.199999999986 2290.0 1484.0
11 0.5499999999999999 2107.0 0 0 1158.85 15815.199999999986 2290.0 1484.0
12 0.6 2107.0 0 0 1264.2 15815.199999999986 2290.0 1484.0
13 0.65 2107.0 0 0 1369.55 15815.199999999986 2290.0 1484.0
14 0.7000000000000001 2107.0 0 0 1474.9 15815.199999999986 2290.0 1484.0
15 0.7500000000000001 2107.0 0 0 1580.2500000000002 15815.199999999986 2290.0 1484.0
16 0.8000000000000002 2107.0 0 0 1685.6000000000004 15815.199999999986 2290.0 1484.0
17 0.8500000000000002 2107.0 0 0 1790.9500000000005 15815.199999999986 2290.0 1484.0
18 0.9000000000000002 2107.0 0 0 1896.3000000000004 15815.199999999986 2290.0 1484.0
19 0.9500000000000003 2107.0 0 0 2001.6500000000005 15815.199999999986 2290.0 1484.0
20 1.0000000000000002 2107.0 0 0 2107.0000000000005 15815.199999999986 2290.0 1484.0
21 1.0500000000000003 2107.0 0 0 2212.3500000000004 15815.199999999986 2290.0 1484.0
22 1.1000000000000003 2107.0 0 0 2317.7000000000007 15815.199999999986 2290.0 1484.0
23 1.1500000000000004 2107.0 0 0 2423.0500000000006 15815.199999999986 2290.0 1484.0
24 1.2000000000000004 2107.0 0 0 2528.400000000001 15815.199999999986 2290.0 1484.0
25 1.2500000000000004 2107.0 0 0 2633.750000000001 15815.199999999986 2290.0 1484.0
26 1.3000000000000005 2107.0 0 0 2739.100000000001 15815.199999999986 2290.0 1484.0
27 1.3500000000000005 2107.0 0 0 2844.450000000001 15815.199999999986 2290.0 1484.0
28 1.4000000000000006 2107.0 0 0 2949.800000000001 15815.199999999986 2290.0 1484.0
29 1.4500000000000006 2107.0 0 0 3055.1500000000015 15815.199999999986 2290.0 1484.0
30 1.5000000000000007 2107.0 0 0 3160.5000000000014 15815.199999999986 2290.0 1484.0
31 1.5500000000000007 2107.0 0 0 3265.8500000000013 15815.199999999986 2290.0 1484.0
32 1.6000000000000008 2126.0 0 0 3401.6000000000017 15845.599999999986 2301.0 4677.0
33 1.6500000000000008 2126.0 0 0 3507.900000000002 15845.599999999986 2301.0 4677.0
34 1.7000000000000008 2126.0 0 0 3614.2000000000016 15845.599999999986 2301.0 4677.0
35 1.7500000000000009 2126.0 0 0 3720.500000000002 15845.599999999986 2301.0 4677.0
36 1.800000000000001 2126.0 0 0 3826.800000000002 15845.599999999986 2301.0 4677.0
37 1.850000000000001 2126.0 0 0 3933.100000000002 15845.599999999986 2301.0 4677.0
38 1.900000000000001 2126.0 0 0 4039.4000000000024 15845.599999999986 2301.0 4677.0
39 1.950000000000001 2131.0 0 0 4155.450000000003 15855.199999999986 2304.0 5075.0
40 2.000000000000001 2131.0 0 0 4262.000000000002 15855.199999999986 2304.0 5075.0
41 2.0500000000000007 2131.0 0 0 4368.550000000001 15855.199999999986 2304.0 5075.0
42 2.1000000000000005 2131.0 0 0 4475.100000000001 15855.199999999986 2304.0 5075.0
43 2.1500000000000004 2131.0 0 0 4581.650000000001 15855.199999999986 2304.0 5075.0
44 2.2 2135.0 0 0 4697.0 15863.999999999987 2306.0 5848.0
45 2.25 2135.0 0 0 4803.75 15863.999999999987 2306.0 5848.0
46 2.3 2135.0 0 0 4910.5 15863.999999999987 2306.0 5848.0
47 2.3499999999999996 2135.0 0 0 5017.249999999999 15863.999999999987 2306.0 5848.0
48 2.3999999999999995 2136.0 0 0 5126.399999999999 15866.399999999987 2309.0 6588.0
49 2.4499999999999993 2136.0 0 0 5233.199999999999 15866.399999999987 2309.0 6588.0
50 2.499999999999999 2136.0 0 0 5339.999999999998 15866.399999999987 2309.0 6588.0
51 2.549999999999999 2151.0 0 0 5485.049999999997 15903.999999999987 2320.0 6588.0
52 2.5999999999999988 2151.0 0 0 5592.599999999998 15903.999999999987 2320.0 6588.0
53 2.6499999999999986 2151.0 0 0 5700.149999999997 15903.999999999987 2320.0 6588.0
54 2.6999999999999984 2151.0 0 0 5807.699999999996 15903.999999999987 2320.0 6588.0
55 2.7499999999999982 2151.0 0 0 5915.249999999996 15903.999999999987 2320.0 6588.0
56 2.799999999999998 2151.0 0 0 6022.799999999996 15903.999999999987 2320.0 6588.0
57 2.849999999999998 2151.0 0 0 6130.349999999996 15903.999999999987 2320.0 6588.0
58 2.8999999999999977 2151.0 0 0 6237.899999999995 15903.999999999987 2320.0 6588.0
59 2.9499999999999975 2151.0 0 0 6345.449999999994 15903.999999999987 2320.0 6588.0
60 2.9999999999999973 2151.0 0 0 6452.9999999999945 15903.999999999987 2320.0 6588.0
61 3.049999999999997 2151.0 0 0 6560.549999999994 15903.999999999987 2320.0 6588.0
62 3.099999999999997 2151.0 0 0 6668.099999999993 15903.999999999987 2320.0 6588.0
63 3.149999999999997 2151.0 0 0 6775.649999999993 15903.999999999987 2320.0 6588.0
64 3.1999999999999966 2151.0 0 0 6883.1999999999925 15903.999999999987 2320.0 6588.0
65 3.2499999999999964 2160.0 0 0 7019.999999999993 15932.799999999988 2329.0 9306.0
66 3.2999999999999963 2160.0 0 0 7127.999999999992 15932.799999999988 2329.0 9306.0
67 3.349999999999996 2160.0 0 0 7235.999999999992 15932.799999999988 2329.0 9306.0
68 3.399999999999996 2160.0 0 0 7343.999999999991 15932.799999999988 2329.0 9306.0
69 3.4499999999999957 2160.0 0 0 7451.999999999991 15932.799999999988 2329.0 9306.0
70 3.4999999999999956 2160.0 0 0 7559.99999999999 15932.799999999988 2329.0 9306.0
71 3.5499999999999954 2165.0 0 0 7685.74999999999 15950.399999999989 2333.0 9314.0
72 3.599999999999995 2165.0 0 0 7793.99999999999 15950.399999999989 2333.0 9314.0
73 3.649999999999995 2165.0 0 0 7902.249999999989 15950.399999999989 2333.0 9314.0
74 3.699999999999995 2165.0 0 0 8010.499999999989 15950.399999999989 2333.0 9314.0
75 3.7499999999999947 2165.0 0 0 8118.749999999988 15950.399999999989 2333.0 9314.0
76 3.7999999999999945 2165.0 0 0 8226.999999999987 15950.399999999989 2333.0 9314.0
77 3.8499999999999943 2165.0 0 0 8335.249999999987 15950.399999999989 2333.0 9314.0
78 3.899999999999994 2165.0 0 0 8443.499999999987 15950.399999999989 2333.0 9314.0
79 3.949999999999994 2165.0 0 0 8551.749999999987 15950.399999999989 2333.0 9314.0
80 3.999999999999994 2165.0 0 0 8659.999999999987 15950.399999999989 2333.0 9314.0
81 4.049999999999994 2165.0 0 0 8768.249999999985 15950.399999999989 2333.0 9314.0
82 4.099999999999993 2165.0 0 0 8876.499999999985 15950.399999999989 2333.0 9314.0
83 4.149999999999993 2197.0 0 0 9117.549999999985 16083.199999999988 2356.0 17026.0
84 4.199999999999993 2197.0 0 0 9227.399999999985 16083.199999999988 2356.0 17026.0
85 4.249999999999993 2197.0 0 0 9337.249999999984 16083.199999999988 2356.0 17026.0
86 4.299999999999993 2197.0 0 0 9447.099999999984 16083.199999999988 2356.0 17026.0
87 4.3499999999999925 2197.0 0 0 9556.949999999984 16083.199999999988 2356.0 17026.0
88 4.399999999999992 2197.0 0 0 9666.799999999983 16083.199999999988 2356.0 17026.0
89 4.449999999999992 2197.0 0 0 9776.649999999983 16083.199999999988 2356.0 17026.0
90 4.499999999999992 2197.0 0 0 9886.499999999982 16083.199999999988 2356.0 17026.0
91 4.549999999999992 2197.0 0 0 9996.349999999982 16083.199999999988 2356.0 17026.0
92 4.599999999999992 2197.0 0 0 10106.199999999983 16083.199999999988 2356.0 17026.0
93 4.6499999999999915 2197.0 0 0 10216.049999999981 16083.199999999988 2356.0 17026.0
94 4.699999999999991 2197.0 0 0 10325.899999999981 16083.199999999988 2356.0 17026.0
95 4.749999999999991 2197.0 0 0 10435.74999999998 16083.199999999988 2356.0 17026.0
96 4.799999999999991 2197.0 0 0 10545.59999999998 16083.199999999988 2356.0 17026.0
97 4.849999999999991 2197.0 0 0 10655.449999999979 16083.199999999988 2356.0 17026.0
98 4.899999999999991 2197.0 0 0 10765.29999999998 16083.199999999988 2356.0 17026.0
99 4.94999999999999 2197.0 0 0 10875.14999999998 16083.199999999988 2356.0 17026.0
