0 0.0 0.0 0 0 0.0 14818.0 1631.0 0.0
1 0.05 1951.0 0 0 97.55000000000001 14818.0 1631.0 0.0
2 0.1 1951.0 0 0 195.10000000000002 14818.0 1631.0 0.0
3 0.15000000000000002 1951.0 0 0 292.65000000000003 14818.0 1631.0 0.0
4 0.2 1951.0 0 0 390.20000000000005 14818.0 1631.0 0.0
5 0.25 1951.0 0 0 487.75 14818.0 1631.0 0.0
6 0.3 1951.0 0 0 585.3 14818.0 1631.0 0.0
7 0.35 1951.0 0 0 682.8499999999999 14818.0 1631.0 0.0
8 0.39999999999999997 1951.0 0 0 780.4 14818.0 1631.0 0.0
9 0.44999999999999996 1951.0 0 0 877.9499999999999 14818.0 1631.0 0.0
10 0.49999999999999994 1951.0 0 0 975.4999999999999 14818.0 1631.0 0.0
11 0.5499999999999999 1951.0 0 0 1073.05 14818.0 1631.0 0.0
12 0.6 1951.0 0 0 1170.6 14818.0 1631.0 0.0
13 0.65 1951.0 0 0 1268.15 14818.0 1631.0 0.0
14 0.7000000000000001 1951.0 0 0 1365.7 14818.0 1631.0 0.0
15 0.7500000000000001 1951.0 0 0 1463.2500000000002 14818.0 1631.0 0.0
16 0.8000000000000002 1951.0 0 0 1560.8000000000004 14818.0 1631.0 0.0
17 0.8500000000000002 1951.0 0 0 1658.3500000000004 14818.0 1631.0 0.0
18 0.9000000000000002 1951.0 0 0 1755.9000000000005 14818.0 1631.0 0.0
19 0.9500000000000003 1951.0 0 0 1853.4500000000005 14818.0 1631.0 0.0
20 1.0000000000000002 1951.0 0 0 1951.0000000000005 14818.0 1631.0 0.0
21 1.0500000000000003 1952.0 0 0 2049.6000000000004 14819.0 1632.0 165.0
22 1.1000000000000003 1952.0 0 0 2147.2000000000007 14819.0 1632.0 165.0
23 1.1500000000000004 1962.0 0 0 2256.3000000000006 14830.0 1634.0 165.0
24 1.2000000000000004 1962.0 0 0 2354.400000000001 14830.0 1634.0 165.0
25 1.2500000000000004 1962.0 0 0 2452.500000000001 14830.0 1634.0 165.0
26 1.3000000000000005 1962.0 0 0 2550.600000000001 14830.0 1634.0 165.0
27 1.3500000000000005 1962.0 0 0 2648.700000000001 14830.0 1634.0 165.0
28 1.4000000000000006 1970.0 0 0 2758.0000000000014 14841.0 1636.0 605.0
29 1.4500000000000006 1970.0 0 0 2856.5000000000014 14841.0 1636.0 605.0
30 1.5000000000000007 1970.0 0 0 2955.0000000000014 14841.0 1636.0 605.0
31 1.5500000000000007 1970.0 0 0 3053.5000000000014 14841.0 1636.0 605.0
32 1.6000000000000008 1970.0 0 0 3152.0000000000014 14841.0 1636.0 605.0
33 1.6500000000000008 1970.0 0 0 3250.5000000000014 14841.0 1636.0 605.0
34 1.7000000000000008 1970.0 0 0 3349.000000000002 14841.0 1636.0 605.0
35 1.7500000000000009 1970.0 0 0 3447.500000000002 14841.0 1636.0 605.0
36 1.800000000000001 1970.0 0 0 3546.000000000002 14841.0 1636.0 605.0
37 1.850000000000001 1970.0 0 0 3644.500000000002 14841.0 1636.0 605.0
38 1.900000000000001 1970.0 0 0 3743.000000000002 14841.0 1636.0 605.0
39 1.950000000000001 1970.0 0 0 3841.5000000000023 14841.0 1636.0 605.0
40 2.000000000000001 1970.0 0 0 3940.000000000002 14841.0 1636.0 605.0
41 2.0500000000000007 1975.0 0 0 4048.7500000000014 14851.0 1637.0 605.0
42 2.1000000000000005 1975.0 0 0 4147.500000000001 14851.0 1637.0 605.0
43 2.1500000000000004 1975.0 0 0 4246.250000000001 14851.0 1637.0 605.0
44 2.2 1981.0 0 0 4358.200000000001 14864.0 1641.0 605.0
45 2.25 1981.0 0 0 4457.25 14864.0 1641.0 605.0
46 2.3 1981.0 0 0 4556.299999999999 14864.0 1641.0 605.0
47 2.3499999999999996 1981.0 0 0 4655.349999999999 14864.0 1641.0 605.0
48 2.3999999999999995 1981.0 0 0 4754.399999999999 14864.0 1641.0 605.0
49 2.4499999999999993 1981.0 0 0 4853.449999999999 14864.0 1641.0 605.0
50 2.499999999999999 1981.0 0 0 4952.499999999998 14864.0 1641.0 605.0
51 2.549999999999999 1981.0 0 0 5051.549999999997 14864.0 1641.0 605.0
52 2.5999999999999988 1981.0 0 0 5150.599999999998 14864.0 1641.0 605.0
53 2.6499999999999986 1981.0 0 0 5249.649999999997 14864.0 1641.0 605.0
54 2.6999999999999984 1981.0 0 0 5348.699999999997 14864.0 1641.0 605.0
55 2.7499999999999982 1981.0 0 0 5447.749999999996 14864.0 1641.0 605.0
56 2.799999999999998 1981.0 0 0 5546.7999999999965 14864.0 1641.0 605.0
57 2.849999999999998 1981.0 0 0 5645.849999999996 14864.0 1641.0 605.0
58 2.8999999999999977 1988.0 0 0 5765.199999999995 14884.0 1643.0 1183.0
59 2.9499999999999975 1988.0 0 0 5864.599999999995 14884.0 1643.0 1183.0
60 2.9999999999999973 1988.0 0 0 5963.9999999999945 14884.0 1643.0 1183.0
61 3.049999999999997 1994.0 0 0 6081.699999999994 14902.0 1652.0 14439.0
62 3.099999999999997 1994.0 0 0 6181.399999999994 14902.0 1652.0 14439.0
63 3.149999999999997 1994.0 0 0 6281.099999999994 14902.0 1652.0 14439.0
64 3.1999999999999966 1994.0 0 0 6380.799999999993 14902.0 1652.0 14439.0
65 3.2499999999999964 1994.0 0 0 6480.499999999993 14902.0 1652.0 14439.0
66 3.2999999999999963 1994.0 0 0 6580.1999999999925 14902.0 1652.0 14439.0
67 3.349999999999996 1994.0 0 0 6679.899999999992 14902.0 1652.0 14439.0
68 3.399999999999996 1994.0 0 0 6779.599999999992 14902.0 1652.0 14439.0
69 3.4499999999999957 1994.0 0 0 6879.299999999991 14902.0 1652.0 14439.0
70 3.4999999999999956 1994.0 0 0 6978.999999999991 14902.0 1652.0 14439.0
71 3.5499999999999954 1994.0 0 0 7078.699999999991 14902.0 1652.0 14439.0
72 3.599999999999995 1994.0 0 0 7178.3999999999905 14902.0 1652.0 14439.0
73 3.649999999999995 1994.0 0 0 7278.09999999999 14902.0 1652.0 14439.0
74 3.699999999999995 1994.0 0 0 7377.79999999999 14902.0 1652.0 14439.0
75 3.7499999999999947 1994.0 0 0 7477.499999999989 14902.0 1652.0 14439.0
76 3.7999999999999945 1994.0 0 0 7577.199999999989 14902.0 1652.0 14439.0
77 3.8499999999999943 2000.0 0 0 7699.999999999989 14925.0 1657.0 14439.0
78 3.899999999999994 2000.0 0 0 7799.999999999988 14925.0 1657.0 14439.0
79 3.949999999999994 2000.0 0 0 7899.999999999988 14925.0 1657.0 14439.0
80 3.999999999999994 2000.0 0 0 7999.999999999987 14925.0 1657.0 14439.0
81 4.049999999999994 2004.0 0 0 8116.199999999987 14941.0 1664.0 14439.0
82 4.099999999999993 2004.0 0 0 8216.399999999987 14941.0 1664.0 14439.0
83 4.149999999999993 2004.0 0 0 8316.599999999986 14941.0 1664.0 14439.0
84 4.199999999999993 2004.0 0 0 8416.799999999987 14941.0 1664.0 14439.0
85 4.249999999999993 2004.0 0 0 8516.999999999985 14941.0 1664.0 14439.0
86 4.299999999999993 2004.0 0 0 8617.199999999986 14941.0 1664.0 14439.0
87 4.3499999999999925 2004.0 0 0 8717.399999999985 14941.0 1664.0 14439.0
88 4.399999999999992 2004.0 0 0 8817.599999999984 14941.0 1664.0 14439.0
89 4.449999999999992 2004.0 0 0 8917.799999999985 14941.0 1664.0 14439.0
90 4.499999999999992 2004.0 0 0 9017.999999999984 14941.0 1664.0 14439.0
91 4.549999999999992 2004.0 0 0 9118.199999999984 14941.0 1664.0 14439.0
92 4.599999999999992 2004.0 0 0 9218.399999999983 14941.0 1664.0 14439.0
93 4.6499999999999915 2004.0 0 0 9318.599999999982 14941.0 1664.0 14439.0
94 4.699999999999991 2004.0 0 0 9418.799999999983 14941.0 1664.0 14439.0
95 4.749999999999991 2004.0 0 0 9518.999999999982 14941.0 1664.0 14439.0
96 4.799999999999991 2004.0 0 0 9619.199999999983 14941.0 1664.0 14439.0
97 4.849999999999991 2004.0 0 0 9719.399999999981 14941.0 1664.0 14439.0
98 4.899999999999991 2012.0 0 0 9858.799999999981 14980.0 1676.0 16629.0
99 4.94999999999999 2012.0 0 0 9959.399999999981 14980.0 1676.0 16629.0
