0 0.0 0.0 0 0 0.0 2275.8 328.0 0.0
1 0.05 665.0 0 0 33.25 2277.8 330.0 0.0
2 0.1 677.0 0 0 67.7 2278.8 331.0 0.0
3 0.15000000000000002 701.0 0 0 105.15000000000002 2281.8 334.0 0.0
4 0.2 709.0 0 0 141.8 2283.4 338.0 0.0
5 0.25 725.0 0 0 181.25 2287.0 347.0 0.0
6 0.3 729.0 0 0 218.7 2288.0 348.0 0.0
7 0.35 729.0 0 0 255.14999999999998 2288.0 348.0 0.0
8 0.39999999999999997 729.0 0 0 291.59999999999997 2288.0 348.0 0.0
9 0.44999999999999996 736.0 0 0 331.2 2291.0 351.0 0.0
10 0.49999999999999994 736.0 0 0 367.99999999999994 2291.0 351.0 0.0
11 0.5499999999999999 753.0 0 0 414.15 2299.8 361.0 0.0
12 0.6 753.0 0 0 451.8 2299.8 361.0 0.0
13 0.65 753.0 0 0 489.45 2299.8 361.0 0.0
14 0.7000000000000001 756.0 0 0 529.2 2301.8 363.0 0.0
15 0.7500000000000001 756.0 0 0 567.0000000000001 2301.8 363.0 0.0
16 0.8000000000000002 760.0 0 0 608.0000000000001 2304.8 366.0 0.0
17 0.8500000000000002 765.0 0 0 650.2500000000001 2308.8 371.0 0.0
18 0.9000000000000002 765.0 0 0 688.5000000000002 2308.8 371.0 0.0
19 0.9500000000000003 904.0 0 0 858.8000000000003 2434.0000000000014 684.0 386.0
20 1.0000000000000002 904.0 0 0 904.0000000000002 2434.0000000000014 684.0 386.0
21 1.0500000000000003 912.0 0 0 957.6000000000003 2442.0000000000014 694.0 386.0
22 1.1000000000000003 912.0 0 0 1003.2000000000003 2442.0000000000014 694.0 386.0
23 1.1500000000000004 912.0 0 0 1048.8000000000004 2442.0000000000014 694.0 386.0
24 1.2000000000000004 912.0 0 0 1094.4000000000003 2442.0000000000014 694.0 386.0
25 1.2500000000000004 912.0 0 0 1140.0000000000005 2442.0000000000014 694.0 386.0
26 1.3000000000000005 912.0 0 0 1185.6000000000004 2442.0000000000014 694.0 386.0
27 1.3500000000000005 912.0 0 0 1231.2000000000005 2442.0000000000014 694.0 386.0
28 1.4000000000000006 912.0 0 0 1276.8000000000006 2442.0000000000014 694.0 386.0
29 1.4500000000000006 912.0 0 0 1322.4000000000005 2442.0000000000014 694.0 386.0
30 1.5000000000000007 912.0 0 0 1368.0000000000007 2442.0000000000014 694.0 386.0
31 1.5500000000000007 920.0 0 0 1426.0000000000007 2454.0000000000014 706.0 386.0
32 1.6000000000000008 939.0 0 0 1502.4000000000008 2483.6000000000013 780.0 1062.0
33 1.6500000000000008 939.0 0 0 1549.3500000000008 2483.6000000000013 780.0 1062.0
34 1.7000000000000008 1041.0 0 0 1769.700000000001 2655.9999999999973 1211.0 129898.0
35 1.7500000000000009 1049.0 0 0 1835.750000000001 2669.9999999999973 1225.0 129898.0
36 1.800000000000001 1260.0 0 0 2268.0000000000014 3044.199999999998 1573.0 147692.0
37 1.850000000000001 1260.0 0 0 2331.0000000000014 3044.199999999998 1573.0 147692.0
38 1.900000000000001 1274.0 0 0 2420.6000000000013 3070.199999999998 1599.0 147692.0
39 1.950000000000001 1274.0 0 0 2484.3000000000015 3070.199999999998 1599.0 147692.0
40 2.000000000000001 1274.0 0 0 2548.000000000001 3070.199999999998 1599.0 147692.0
41 2.0500000000000007 1274.0 0 0 2611.7000000000007 3070.199999999998 1599.0 147692.0
42 2.1000000000000005 1407.0 0 0 2954.7000000000007 3344.199999999998 1873.0 147706.0
43 2.1500000000000004 1542.0 0 0 3315.3000000000006 3631.199999999998 2160.0 147931.0
44 2.2 1542.0 0 0 3392.4 3631.199999999998 2160.0 147931.0
45 2.25 1675.0 0 0 3768.75 3927.199999999998 2456.0 147931.0
46 2.3 1675.0 0 0 3852.4999999999995 3927.199999999998 2456.0 147931.0
47 2.3499999999999996 1675.0 0 0 3936.2499999999995 3927.199999999998 2456.0 147931.0
48 2.3999999999999995 1675.0 0 0 4019.999999999999 3927.199999999998 2456.0 147931.0
49 2.4499999999999993 1675.0 0 0 4103.749999999999 3927.199999999998 2456.0 147931.0
50 2.499999999999999 1675.0 0 0 4187.499999999998 3927.199999999998 2456.0 147931.0
51 2.549999999999999 1675.0 0 0 4271.249999999998 3927.199999999998 2456.0 147931.0
52 2.5999999999999988 1675.0 0 0 4354.999999999998 3927.199999999998 2456.0 147931.0
53 2.6499999999999986 1675.0 0 0 4438.749999999997 3927.199999999998 2456.0 147931.0
54 2.6999999999999984 1871.0 0 0 5051.699999999997 4447.19999999999 3016.0 294409.0
55 2.7499999999999982 1871.0 0 0 5145.249999999996 4447.19999999999 3016.0 294409.0
56 2.799999999999998 1871.0 0 0 5238.7999999999965 4447.19999999999 3016.0 294409.0
57 2.849999999999998 1871.0 0 0 5332.349999999996 4447.19999999999 3016.0 294409.0
58 2.8999999999999977 1871.0 0 0 5425.899999999996 4447.19999999999 3016.0 294409.0
59 2.9499999999999975 1871.0 0 0 5519.449999999995 4447.19999999999 3016.0 294409.0
60 2.9999999999999973 1871.0 0 0 5612.999999999995 4447.19999999999 3016.0 294409.0
61 3.049999999999997 1871.0 0 0 5706.549999999995 4447.19999999999 3016.0 294409.0
62 3.099999999999997 1871.0 0 0 5800.099999999994 4447.19999999999 3016.0 294409.0
63 3.149999999999997 1871.0 0 0 5893.649999999994 4447.19999999999 3016.0 294409.0
64 3.1999999999999966 1871.0 0 0 5987.199999999993 4447.19999999999 3016.0 294409.0
65 3.2499999999999964 1871.0 0 0 6080.749999999994 4447.19999999999 3016.0 294409.0
66 3.2999999999999963 1871.0 0 0 6174.299999999993 4447.19999999999 3016.0 294409.0
67 3.349999999999996 1871.0 0 0 6267.849999999993 4447.19999999999 3016.0 294409.0
68 3.399999999999996 1871.0 0 0 6361.399999999992 4447.19999999999 3016.0 294409.0
69 3.4499999999999957 1871.0 0 0 6454.949999999992 4447.19999999999 3016.0 294409.0
70 3.4999999999999956 1871.0 0 0 6548.499999999992 4447.19999999999 3016.0 294409.0
71 3.5499999999999954 1871.0 0 0 6642.049999999991 4447.19999999999 3016.0 294409.0
72 3.599999999999995 1871.0 0 0 6735.599999999991 4447.19999999999 3016.0 294409.0
73 3.649999999999995 1871.0 0 0 6829.1499999999905 4447.19999999999 3016.0 294409.0
74 3.699999999999995 2065.0 0 0 7640.499999999989 5157.19999999999 3582.0 436362.0
75 3.7499999999999947 2065.0 0 0 7743.749999999989 5157.19999999999 3582.0 436362.0
76 3.7999999999999945 2065.0 0 0 7846.999999999988 5157.19999999999 3582.0 436362.0
77 3.8499999999999943 2071.0 0 0 7973.3499999999885 5180.19999999999 3605.0 436462.0
78 3.899999999999994 2262.0 0 0 8821.799999999987 5922.19999999999 4140.0 566174.0
79 3.949999999999994 2262.0 0 0 8934.899999999987 5922.19999999999 4140.0 566174.0
80 3.999999999999994 2262.0 0 0 9047.999999999985 5922.19999999999 4140.0 566174.0
81 4.049999999999994 2262.0 0 0 9161.099999999986 5922.19999999999 4140.0 566174.0
82 4.099999999999993 2262.0 0 0 9274.199999999984 5922.19999999999 4140.0 566174.0
83 4.149999999999993 2262.0 0 0 9387.299999999985 5922.19999999999 4140.0 566174.0
84 4.199999999999993 2273.0 0 0 9546.599999999984 5968.19999999999 4186.0 567047.0
85 4.249999999999993 2359.0 0 0 10025.749999999984 6330.19999999999 4548.0 643050.0
86 4.299999999999993 2363.0 0 0 10160.899999999983 6347.19999999999 4565.0 654024.0
87 4.3499999999999925 2363.0 0 0 10279.049999999983 6347.19999999999 4565.0 654024.0
88 4.399999999999992 2363.0 0 0 10397.199999999983 6347.19999999999 4565.0 654024.0
89 4.449999999999992 2370.0 0 0 10546.499999999982 6378.19999999999 4587.0 663830.0
90 4.499999999999992 2370.0 0 0 10664.999999999982 6378.19999999999 4587.0 663830.0
91 4.549999999999992 2370.0 0 0 10783.49999999998 6378.19999999999 4587.0 663830.0
92 4.599999999999992 2370.0 0 0 10901.99999999998 6378.19999999999 4587.0 663830.0
93 4.6499999999999915 2370.0 0 0 11020.49999999998 6378.19999999999 4587.0 663830.0
94 4.699999999999991 2370.0 0 0 11138.99999999998 6378.19999999999 4587.0 663830.0
95 4.749999999999991 2370.0 0 0 11257.499999999978 6378.19999999999 4587.0 663830.0
96 4.799999999999991 2370.0 0 0 11375.999999999978 6378.19999999999 4587.0 663830.0
97 4.849999999999991 2370.0 0 0 11494.499999999978 6378.19999999999 4587.0 663830.0
98 4.899999999999991 2370.0 0 0 11612.999999999978 6378.19999999999 4587.0 663830.0
99 4.94999999999999 2370.0 0 0 11731.499999999978 6378.19999999999 4587.0 663830.0
