0 0.0 0.0 0 0 0.0 18619.60000000001 2753.0 0.0
1 0.05 2035.0 0 0 101.75 18619.60000000001 2753.0 0.0
2 0.1 2119.0 0 0 211.9 18624.40000000001 2756.0 0.0
3 0.15000000000000002 2126.0 0 0 318.90000000000003 18625.40000000001 2757.0 0.0
4 0.2 2126.0 0 0 425.20000000000005 18625.40000000001 2757.0 0.0
5 0.25 2144.0 0 0 536.0 18629.800000000007 2759.0 0.0
6 0.3 2147.0 0 0 644.1 18630.60000000001 2760.0 0.0
7 0.35 2147.0 0 0 751.4499999999999 18630.60000000001 2760.0 0.0
8 0.39999999999999997 2147.0 0 0 858.8 18630.60000000001 2760.0 0.0
9 0.44999999999999996 2147.0 0 0 966.1499999999999 18630.60000000001 2760.0 0.0
10 0.49999999999999994 2147.0 0 0 1073.4999999999998 18630.60000000001 2760.0 0.0
11 0.5499999999999999 2149.0 0 0 1181.9499999999998 18631.60000000001 2761.0 0.0
12 0.6 2149.0 0 0 1289.3999999999999 18631.60000000001 2761.0 0.0
13 0.65 2168.0 0 0 1409.2 18643.60000000001 2764.0 0.0
14 0.7000000000000001 2241.0 0 0 1568.7 18691.60000000001 2766.0 0.0
15 0.7500000000000001 2241.0 0 0 1680.7500000000002 18691.60000000001 2766.0 0.0
16 0.8000000000000002 2402.0 0 0 1921.6000000000004 18817.200000000015 2790.0 0.0
17 0.8500000000000002 2644.0 0 0 2247.4000000000005 19018.00000000002 2822.0 0.0
18 0.9000000000000002 2644.0 0 0 2379.600000000001 19018.00000000002 2822.0 0.0
19 0.9500000000000003 2644.0 0 0 2511.8000000000006 19018.00000000002 2822.0 0.0
20 1.0000000000000002 2644.0 0 0 2644.0000000000005 19018.00000000002 2822.0 0.0
21 1.0500000000000003 2644.0 0 0 2776.2000000000007 19018.00000000002 2822.0 0.0
22 1.1000000000000003 2644.0 0 0 2908.400000000001 19018.00000000002 2822.0 0.0
23 1.1500000000000004 2654.0 0 0 3052.100000000001 19029.00000000002 2824.0 0.0
24 1.2000000000000004 2654.0 0 0 3184.800000000001 19029.00000000002 2824.0 0.0
25 1.2500000000000004 2795.0 0 0 3493.7500000000014 19204.00000000002 2838.0 0.0
26 1.3000000000000005 2795.0 0 0 3633.5000000000014 19204.00000000002 2838.0 0.0
27 1.3500000000000005 2795.0 0 0 3773.2500000000014 19204.00000000002 2838.0 0.0
28 1.4000000000000006 2795.0 0 0 3913.000000000002 19204.00000000002 2838.0 0.0
29 1.4500000000000006 2795.0 0 0 4052.750000000002 19204.00000000002 2838.0 0.0
30 1.5000000000000007 2795.0 0 0 4192.500000000002 19204.00000000002 2838.0 0.0
31 1.5500000000000007 2795.0 0 0 4332.250000000002 19204.00000000002 2838.0 0.0
32 1.6000000000000008 2800.0 0 0 4480.000000000002 19212.00000000002 2839.0 0.0
33 1.6500000000000008 2876.0 0 0 4745.400000000002 19334.00000000002 2867.0 0.0
34 1.7000000000000008 2876.0 0 0 4889.200000000003 19334.00000000002 2867.0 0.0
35 1.7500000000000009 2891.0 0 0 5059.250000000003 19360.00000000002 2875.0 0.0
36 1.800000000000001 2891.0 0 0 5203.800000000003 19360.00000000002 2875.0 0.0
37 1.850000000000001 2891.0 0 0 5348.350000000003 19360.00000000002 2875.0 0.0
38 1.900000000000001 2891.0 0 0 5492.900000000003 19360.00000000002 2875.0 0.0
39 1.950000000000001 2891.0 0 0 5637.4500000000035 19360.00000000002 2875.0 0.0
40 2.000000000000001 2891.0 0 0 5782.000000000003 19360.00000000002 2875.0 0.0
41 2.0500000000000007 2891.0 0 0 5926.550000000002 19360.00000000002 2875.0 0.0
42 2.1000000000000005 2891.0 0 0 6071.100000000001 19360.00000000002 2875.0 0.0
43 2.1500000000000004 2891.0 0 0 6215.6500000000015 19360.00000000002 2875.0 0.0
44 2.2 2891.0 0 0 6360.200000000001 19360.00000000002 2875.0 0.0
45 2.25 2891.0 0 0 6504.75 19360.00000000002 2875.0 0.0
46 2.3 2891.0 0 0 6649.299999999999 19360.00000000002 2875.0 0.0
47 2.3499999999999996 2891.0 0 0 6793.8499999999985 19360.00000000002 2875.0 0.0
48 2.3999999999999995 2891.0 0 0 6938.399999999999 19360.00000000002 2875.0 0.0
49 2.4499999999999993 2891.0 0 0 7082.949999999998 19360.00000000002 2875.0 0.0
50 2.499999999999999 2891.0 0 0 7227.499999999997 19360.00000000002 2875.0 0.0
51 2.549999999999999 2891.0 0 0 7372.0499999999965 19360.00000000002 2875.0 0.0
52 2.5999999999999988 2891.0 0 0 7516.599999999997 19360.00000000002 2875.0 0.0
53 2.6499999999999986 2891.0 0 0 7661.149999999996 19360.00000000002 2875.0 0.0
54 2.6999999999999984 2891.0 0 0 7805.699999999995 19360.00000000002 2875.0 0.0
55 2.7499999999999982 2891.0 0 0 7950.2499999999945 19360.00000000002 2875.0 0.0
56 2.799999999999998 2891.0 0 0 8094.799999999995 19360.00000000002 2875.0 0.0
57 2.849999999999998 2891.0 0 0 8239.349999999993 19360.00000000002 2875.0 0.0
58 2.8999999999999977 2891.0 0 0 8383.899999999994 19360.00000000002 2875.0 0.0
59 2.9499999999999975 2891.0 0 0 8528.449999999993 19360.00000000002 2875.0 0.0
60 2.9999999999999973 2901.0 0 0 8702.999999999993 19389.600000000017 2886.0 0.0
61 3.049999999999997 2901.0 0 0 8848.049999999992 19389.600000000017 2886.0 0.0
62 3.099999999999997 2901.0 0 0 8993.099999999991 19389.600000000017 2886.0 0.0
63 3.149999999999997 2901.0 0 0 9138.14999999999 19389.600000000017 2886.0 0.0
64 3.1999999999999966 2901.0 0 0 9283.19999999999 19389.600000000017 2886.0 0.0
65 3.2499999999999964 2901.0 0 0 9428.249999999989 19389.600000000017 2886.0 0.0
66 3.2999999999999963 2901.0 0 0 9573.299999999988 19389.600000000017 2886.0 0.0
67 3.349999999999996 2901.0 0 0 9718.34999999999 19389.600000000017 2886.0 0.0
68 3.399999999999996 2906.0 0 0 9880.399999999989 19406.400000000016 2889.0 0.0
69 3.4499999999999957 2906.0 0 0 10025.699999999988 19406.400000000016 2889.0 0.0
70 3.4999999999999956 2906.0 0 0 10170.999999999987 19406.400000000016 2889.0 0.0
71 3.5499999999999954 2906.0 0 0 10316.299999999987 19406.400000000016 2889.0 0.0
72 3.599999999999995 2906.0 0 0 10461.599999999986 19406.400000000016 2889.0 0.0
73 3.649999999999995 2906.0 0 0 10606.899999999985 19406.400000000016 2889.0 0.0
74 3.699999999999995 2906.0 0 0 10752.199999999984 19406.400000000016 2889.0 0.0
75 3.7499999999999947 2906.0 0 0 10897.499999999984 19406.400000000016 2889.0 0.0
76 3.7999999999999945 2906.0 0 0 11042.799999999985 19406.400000000016 2889.0 0.0
77 3.8499999999999943 2906.0 0 0 11188.099999999984 19406.400000000016 2889.0 0.0
78 3.899999999999994 2906.0 0 0 11333.399999999983 19406.400000000016 2889.0 0.0
79 3.949999999999994 2906.0 0 0 11478.699999999983 19406.400000000016 2889.0 0.0
80 3.999999999999994 2906.0 0 0 11623.999999999982 19406.400000000016 2889.0 0.0
81 4.049999999999994 2911.0 0 0 11789.549999999981 19426.400000000016 2890.0 0.0
82 4.099999999999993 2911.0 0 0 11935.09999999998 19426.400000000016 2890.0 0.0
83 4.149999999999993 2911.0 0 0 12080.64999999998 19426.400000000016 2890.0 0.0
84 4.199999999999993 2911.0 0 0 12226.19999999998 19426.400000000016 2890.0 0.0
85 4.249999999999993 2923.0 0 0 12422.74999999998 19476.800000000017 2900.0 0.0
86 4.299999999999993 2923.0 0 0 12568.899999999978 19476.800000000017 2900.0 0.0
87 4.3499999999999925 2923.0 0 0 12715.049999999977 19476.800000000017 2900.0 0.0
88 4.399999999999992 2923.0 0 0 12861.199999999977 19476.800000000017 2900.0 0.0
89 4.449999999999992 2923.0 0 0 13007.349999999977 19476.800000000017 2900.0 0.0
90 4.499999999999992 2923.0 0 0 13153.499999999976 19476.800000000017 2900.0 0.0
91 4.549999999999992 2923.0 0 0 13299.649999999976 19476.800000000017 2900.0 0.0
92 4.599999999999992 2923.0 0 0 13445.799999999976 19476.800000000017 2900.0 0.0
93 4.6499999999999915 2923.0 0 0 13591.949999999975 19476.800000000017 2900.0 0.0
94 4.699999999999991 2923.0 0 0 13738.099999999975 19476.800000000017 2900.0 0.0
95 4.749999999999991 2923.0 0 0 13884.249999999975 19476.800000000017 2900.0 0.0
96 4.799999999999991 2923.0 0 0 14030.399999999974 19476.800000000017 2900.0 0.0
97 4.849999999999991 2923.0 0 0 14176.549999999974 19476.800000000017 2900.0 0.0
98 4.899999999999991 2923.0 0 0 14322.699999999972 19476.800000000017 2900.0 0.0
99 4.94999999999999 2923.0 0 0 14468.849999999971 19476.800000000017 2900.0 0.0
