0 0.0 0.0 0 0 0.0 15806.399999999987 2279.0 0.0
1 0.05 2075.0 0 0 103.75 15807.199999999986 2280.0 106.0
2 0.1 2075.0 0 0 207.5 15807.199999999986 2280.0 106.0
3 0.15000000000000002 2075.0 0 0 311.25000000000006 15807.199999999986 2280.0 106.0
4 0.2 2075.0 0 0 415.0 15807.199999999986 2280.0 106.0
5 0.25 2079.0 0 0 519.75 15807.999999999985 2281.0 106.0
6 0.3 2079.0 0 0 623.6999999999999 15807.999999999985 2281.0 106.0
7 0.35 2084.0 0 0 729.4 15809.599999999988 2283.0 658.0
8 0.39999999999999997 2084.0 0 0 833.5999999999999 15809.599999999988 2283.0 658.0
9 0.44999999999999996 2084.0 0 0 937.8 15809.599999999988 2283.0 658.0
10 0.49999999999999994 2089.0 0 0 1044.4999999999998 15811.999999999985 2286.0 824.0
11 0.5499999999999999 2089.0 0 0 1148.9499999999998 15811.999999999985 2286.0 824.0
12 0.6 2089.0 0 0 1253.3999999999999 15811.999999999985 2286.0 824.0
13 0.65 2089.0 0 0 1357.8500000000001 15811.999999999985 2286.0 824.0
14 0.7000000000000001 2095.0 0 0 1466.5000000000002 15815.999999999985 2291.0 1698.0
15 0.7500000000000001 2095.0 0 0 1571.2500000000002 15815.999999999985 2291.0 1698.0
16 0.8000000000000002 2095.0 0 0 1676.0000000000002 15815.999999999985 2291.0 1698.0
17 0.8500000000000002 2095.0 0 0 1780.7500000000005 15815.999999999985 2291.0 1698.0
18 0.9000000000000002 2095.0 0 0 1885.5000000000005 15815.999999999985 2291.0 1698.0
19 0.9500000000000003 2095.0 0 0 1990.2500000000007 15815.999999999985 2291.0 1698.0
20 1.0000000000000002 2095.0 0 0 2095.0000000000005 15815.999999999985 2291.0 1698.0
21 1.0500000000000003 2095.0 0 0 2199.7500000000005 15815.999999999985 2291.0 1698.0
22 1.1000000000000003 2095.0 0 0 2304.5000000000005 15815.999999999985 2291.0 1698.0
23 1.1500000000000004 2095.0 0 0 2409.250000000001 15815.999999999985 2291.0 1698.0
24 1.2000000000000004 2095.0 0 0 2514.000000000001 15815.999999999985 2291.0 1698.0
25 1.2500000000000004 2095.0 0 0 2618.750000000001 15815.999999999985 2291.0 1698.0
26 1.3000000000000005 2095.0 0 0 2723.500000000001 15815.999999999985 2291.0 1698.0
27 1.3500000000000005 2095.0 0 0 2828.250000000001 15815.999999999985 2291.0 1698.0
28 1.4000000000000006 2095.0 0 0 2933.0000000000014 15815.999999999985 2291.0 1698.0
29 1.4500000000000006 2095.0 0 0 3037.7500000000014 15815.999999999985 2291.0 1698.0
30 1.5000000000000007 2095.0 0 0 3142.5000000000014 15815.999999999985 2291.0 1698.0
31 1.5500000000000007 2095.0 0 0 3247.2500000000014 15815.999999999985 2291.0 1698.0
32 1.6000000000000008 2095.0 0 0 3352.0000000000014 15815.999999999985 2291.0 1698.0
33 1.6500000000000008 2095.0 0 0 3456.750000000002 15815.999999999985 2291.0 1698.0
34 1.7000000000000008 2095.0 0 0 3561.500000000002 15815.999999999985 2291.0 1698.0
35 1.7500000000000009 2095.0 0 0 3666.250000000002 15815.999999999985 2291.0 1698.0
36 1.800000000000001 2095.0 0 0 3771.000000000002 15815.999999999985 2291.0 1698.0
37 1.850000000000001 2095.0 0 0 3875.7500000000023 15815.999999999985 2291.0 1698.0
38 1.900000000000001 2095.0 0 0 3980.5000000000023 15815.999999999985 2291.0 1698.0
39 1.950000000000001 2095.0 0 0 4085.2500000000023 15815.999999999985 2291.0 1698.0
40 2.000000000000001 2095.0 0 0 4190.000000000002 15815.999999999985 2291.0 1698.0
41 2.0500000000000007 2095.0 0 0 4294.750000000002 15815.999999999985 2291.0 1698.0
42 2.1000000000000005 2095.0 0 0 4399.500000000001 15815.999999999985 2291.0 1698.0
43 2.1500000000000004 2095.0 0 0 4504.250000000001 15815.999999999985 2291.0 1698.0
44 2.2 2095.0 0 0 4609.0 15815.999999999985 2291.0 1698.0
45 2.25 2095.0 0 0 4713.75 15815.999999999985 2291.0 1698.0
46 2.3 2095.0 0 0 4818.5 15815.999999999985 2291.0 1698.0
47 2.3499999999999996 2103.0 0 0 4942.049999999999 15834.399999999987 2296.0 1698.0
48 2.3999999999999995 2103.0 0 0 5047.199999999999 15834.399999999987 2296.0 1698.0
49 2.4499999999999993 2103.0 0 0 5152.3499999999985 15834.399999999987 2296.0 1698.0
50 2.499999999999999 2103.0 0 0 5257.499999999998 15834.399999999987 2296.0 1698.0
51 2.549999999999999 2103.0 0 0 5362.649999999998 15834.399999999987 2296.0 1698.0
52 2.5999999999999988 2103.0 0 0 5467.799999999997 15834.399999999987 2296.0 1698.0
53 2.6499999999999986 2103.0 0 0 5572.949999999997 15834.399999999987 2296.0 1698.0
54 2.6999999999999984 2103.0 0 0 5678.099999999997 15834.399999999987 2296.0 1698.0
55 2.7499999999999982 2103.0 0 0 5783.249999999996 15834.399999999987 2296.0 1698.0
56 2.799999999999998 2112.0 0 0 5913.599999999996 15859.199999999986 2309.0 1698.0
57 2.849999999999998 2112.0 0 0 6019.199999999995 15859.199999999986 2309.0 1698.0
58 2.8999999999999977 2112.0 0 0 6124.799999999995 15859.199999999986 2309.0 1698.0
59 2.9499999999999975 2112.0 0 0 6230.399999999995 15859.199999999986 2309.0 1698.0
60 2.9999999999999973 2119.0 0 0 6356.9999999999945 15879.999999999989 2317.0 2524.0
61 3.049999999999997 2119.0 0 0 6462.949999999994 15879.999999999989 2317.0 2524.0
62 3.099999999999997 2119.0 0 0 6568.899999999993 15879.999999999989 2317.0 2524.0
63 3.149999999999997 2119.0 0 0 6674.849999999993 15879.999999999989 2317.0 2524.0
64 3.1999999999999966 2137.0 0 0 6838.399999999992 15936.799999999988 2321.0 3569.0
65 3.2499999999999964 2137.0 0 0 6945.249999999993 15936.799999999988 2321.0 3569.0
66 3.2999999999999963 2137.0 0 0 7052.099999999992 15936.799999999988 2321.0 3569.0
67 3.349999999999996 2137.0 0 0 7158.949999999992 15936.799999999988 2321.0 3569.0
68 3.399999999999996 2137.0 0 0 7265.799999999991 15936.799999999988 2321.0 3569.0
69 3.4499999999999957 2137.0 0 0 7372.6499999999905 15936.799999999988 2321.0 3569.0
70 3.4999999999999956 2137.0 0 0 7479.499999999991 15936.799999999988 2321.0 3569.0
71 3.5499999999999954 2137.0 0 0 7586.34999999999 15936.799999999988 2321.0 3569.0
72 3.599999999999995 2137.0 0 0 7693.19999999999 15936.799999999988 2321.0 3569.0
73 3.649999999999995 2137.0 0 0 7800.049999999989 15936.799999999988 2321.0 3569.0
74 3.699999999999995 2144.0 0 0 7932.799999999989 15962.39999999999 2335.0 3569.0
75 3.7499999999999947 2144.0 0 0 8039.999999999988 15962.39999999999 2335.0 3569.0
76 3.7999999999999945 2144.0 0 0 8147.199999999988 15962.39999999999 2335.0 3569.0
77 3.8499999999999943 2144.0 0 0 8254.399999999987 15962.39999999999 2335.0 3569.0
78 3.899999999999994 2144.0 0 0 8361.599999999988 15962.39999999999 2335.0 3569.0
79 3.949999999999994 2144.0 0 0 8468.799999999987 15962.39999999999 2335.0 3569.0
80 3.999999999999994 2174.0 0 0 8695.999999999987 16081.599999999988 2359.0 11505.0
81 4.049999999999994 2174.0 0 0 8804.699999999986 16081.599999999988 2359.0 11505.0
82 4.099999999999993 2174.0 0 0 8913.399999999985 16081.599999999988 2359.0 11505.0
83 4.149999999999993 2174.0 0 0 9022.099999999986 16081.599999999988 2359.0 11505.0
84 4.199999999999993 2174.0 0 0 9130.799999999985 16081.599999999988 2359.0 11505.0
85 4.249999999999993 2174.0 0 0 9239.499999999985 16081.599999999988 2359.0 11505.0
86 4.299999999999993 2174.0 0 0 9348.199999999984 16081.599999999988 2359.0 11505.0
87 4.3499999999999925 2174.0 0 0 9456.899999999983 16081.599999999988 2359.0 11505.0
88 4.399999999999992 2174.0 0 0 9565.599999999984 16081.599999999988 2359.0 11505.0
89 4.449999999999992 2174.0 0 0 9674.299999999983 16081.599999999988 2359.0 11505.0
90 4.499999999999992 2174.0 0 0 9782.999999999982 16081.599999999988 2359.0 11505.0
91 4.549999999999992 2174.0 0 0 9891.699999999983 16081.599999999988 2359.0 11505.0
92 4.599999999999992 2174.0 0 0 10000.399999999981 16081.599999999988 2359.0 11505.0
93 4.6499999999999915 2174.0 0 0 10109.099999999982 16081.599999999988 2359.0 11505.0
94 4.699999999999991 2174.0 0 0 10217.799999999981 16081.599999999988 2359.0 11505.0
95 4.749999999999991 2174.0 0 0 10326.49999999998 16081.599999999988 2359.0 11505.0
96 4.799999999999991 2174.0 0 0 10435.19999999998 16081.599999999988 2359.0 11505.0
97 4.849999999999991 2174.0 0 0 10543.89999999998 16081.599999999988 2359.0 11505.0
98 4.899999999999991 2174.0 0 0 10652.59999999998 16081.599999999988 2359.0 11505.0
99 4.94999999999999 2174.0 0 0 10761.29999999998 16081.599999999988 2359.0 11505.0
