0 0.0 0.0 0 0 0.0 17209.99999999998 2483.0 0.0
1 0.05 2526.0 0 0 126.30000000000001 17209.99999999998 2483.0 0.0
2 0.1 2526.0 0 0 252.60000000000002 17209.99999999998 2483.0 0.0
3 0.15000000000000002 2534.0 0 0 380.1000000000001 17210.79999999998 2484.0 156.0
4 0.2 2534.0 0 0 506.8 17210.79999999998 2484.0 156.0
5 0.25 2551.0 0 0 637.75 17214.79999999998 2485.0 612.0
6 0.3 2551.0 0 0 765.3 17214.79999999998 2485.0 612.0
7 0.35 2551.0 0 0 892.8499999999999 17214.79999999998 2485.0 612.0
8 0.39999999999999997 2551.0 0 0 1020.3999999999999 17214.79999999998 2485.0 612.0
9 0.44999999999999996 2551.0 0 0 1147.9499999999998 17214.79999999998 2485.0 612.0
10 0.49999999999999994 2556.0 0 0 1277.9999999999998 17217.19999999998 2488.0 873.0
11 0.5499999999999999 2556.0 0 0 1405.7999999999997 17217.19999999998 2488.0 873.0
12 0.6 2556.0 0 0 1533.6 17217.19999999998 2488.0 873.0
13 0.65 2577.0 0 0 1675.05 17230.79999999998 2496.0 2681.0
14 0.7000000000000001 2577.0 0 0 1803.9 17230.79999999998 2496.0 2681.0
15 0.7500000000000001 2577.0 0 0 1932.7500000000002 17230.79999999998 2496.0 2681.0
16 0.8000000000000002 2577.0 0 0 2061.6000000000004 17230.79999999998 2496.0 2681.0
17 0.8500000000000002 2577.0 0 0 2190.4500000000007 17230.79999999998 2496.0 2681.0
18 0.9000000000000002 2577.0 0 0 2319.3000000000006 17230.79999999998 2496.0 2681.0
19 0.9500000000000003 2577.0 0 0 2448.1500000000005 17230.79999999998 2496.0 2681.0
20 1.0000000000000002 2577.0 0 0 2577.0000000000005 17230.79999999998 2496.0 2681.0
21 1.0500000000000003 2577.0 0 0 2705.850000000001 17230.79999999998 2496.0 2681.0
22 1.1000000000000003 2577.0 0 0 2834.7000000000007 17230.79999999998 2496.0 2681.0
23 1.1500000000000004 2577.0 0 0 2963.550000000001 17230.79999999998 2496.0 2681.0
24 1.2000000000000004 2577.0 0 0 3092.400000000001 17230.79999999998 2496.0 2681.0
25 1.2500000000000004 2579.0 0 0 3223.7500000000014 17233.19999999998 2499.0 2681.0
26 1.3000000000000005 2579.0 0 0 3352.700000000001 17233.19999999998 2499.0 2681.0
27 1.3500000000000005 2579.0 0 0 3481.6500000000015 17233.19999999998 2499.0 2681.0
28 1.4000000000000006 2579.0 0 0 3610.6000000000013 17233.19999999998 2499.0 2681.0
29 1.4500000000000006 2579.0 0 0 3739.5500000000015 17233.19999999998 2499.0 2681.0
30 1.5000000000000007 2579.0 0 0 3868.500000000002 17233.19999999998 2499.0 2681.0
31 1.5500000000000007 2579.0 0 0 3997.4500000000016 17233.19999999998 2499.0 2681.0
32 1.6000000000000008 2579.0 0 0 4126.400000000002 17233.19999999998 2499.0 2681.0
33 1.6500000000000008 2579.0 0 0 4255.350000000002 17233.19999999998 2499.0 2681.0
34 1.7000000000000008 2579.0 0 0 4384.300000000002 17233.19999999998 2499.0 2681.0
35 1.7500000000000009 2579.0 0 0 4513.250000000003 17233.19999999998 2499.0 2681.0
36 1.800000000000001 2579.0 0 0 4642.200000000003 17233.19999999998 2499.0 2681.0
37 1.850000000000001 2579.0 0 0 4771.150000000002 17233.19999999998 2499.0 2681.0
38 1.900000000000001 2579.0 0 0 4900.100000000002 17233.19999999998 2499.0 2681.0
39 1.950000000000001 2579.0 0 0 5029.050000000003 17233.19999999998 2499.0 2681.0
40 2.000000000000001 2579.0 0 0 5158.000000000003 17233.19999999998 2499.0 2681.0
41 2.0500000000000007 2588.0 0 0 5305.4000000000015 17251.19999999998 2508.0 7797.0
42 2.1000000000000005 2595.0 0 0 5449.500000000002 17265.59999999998 2517.0 8505.0
43 2.1500000000000004 2595.0 0 0 5579.250000000001 17265.59999999998 2517.0 8505.0
44 2.2 2595.0 0 0 5709.000000000001 17265.59999999998 2517.0 8505.0
45 2.25 2595.0 0 0 5838.75 17265.59999999998 2517.0 8505.0
46 2.3 2595.0 0 0 5968.499999999999 17265.59999999998 2517.0 8505.0
47 2.3499999999999996 2595.0 0 0 6098.249999999999 17265.59999999998 2517.0 8505.0
48 2.3999999999999995 2595.0 0 0 6227.999999999998 17265.59999999998 2517.0 8505.0
49 2.4499999999999993 2605.0 0 0 6382.249999999998 17289.59999999998 2526.0 10319.0
50 2.499999999999999 2605.0 0 0 6512.499999999997 17289.59999999998 2526.0 10319.0
51 2.549999999999999 2605.0 0 0 6642.749999999997 17289.59999999998 2526.0 10319.0
52 2.5999999999999988 2605.0 0 0 6772.999999999996 17289.59999999998 2526.0 10319.0
53 2.6499999999999986 2605.0 0 0 6903.249999999996 17289.59999999998 2526.0 10319.0
54 2.6999999999999984 2605.0 0 0 7033.499999999995 17289.59999999998 2526.0 10319.0
55 2.7499999999999982 2605.0 0 0 7163.749999999995 17289.59999999998 2526.0 10319.0
56 2.799999999999998 2605.0 0 0 7293.9999999999945 17289.59999999998 2526.0 10319.0
57 2.849999999999998 2605.0 0 0 7424.2499999999945 17289.59999999998 2526.0 10319.0
58 2.8999999999999977 2605.0 0 0 7554.499999999994 17289.59999999998 2526.0 10319.0
59 2.9499999999999975 2605.0 0 0 7684.749999999994 17289.59999999998 2526.0 10319.0
60 2.9999999999999973 2605.0 0 0 7814.999999999993 17289.59999999998 2526.0 10319.0
61 3.049999999999997 2605.0 0 0 7945.249999999993 17289.59999999998 2526.0 10319.0
62 3.099999999999997 2605.0 0 0 8075.499999999992 17289.59999999998 2526.0 10319.0
63 3.149999999999997 2605.0 0 0 8205.74999999999 17289.59999999998 2526.0 10319.0
64 3.1999999999999966 2605.0 0 0 8335.99999999999 17289.59999999998 2526.0 10319.0
65 3.2499999999999964 2605.0 0 0 8466.24999999999 17289.59999999998 2526.0 10319.0
66 3.2999999999999963 2605.0 0 0 8596.49999999999 17289.59999999998 2526.0 10319.0
67 3.349999999999996 2605.0 0 0 8726.749999999989 17289.59999999998 2526.0 10319.0
68 3.399999999999996 2605.0 0 0 8856.999999999989 17289.59999999998 2526.0 10319.0
69 3.4499999999999957 2605.0 0 0 8987.249999999989 17289.59999999998 2526.0 10319.0
70 3.4999999999999956 2605.0 0 0 9117.499999999989 17289.59999999998 2526.0 10319.0
71 3.5499999999999954 2605.0 0 0 9247.749999999987 17289.59999999998 2526.0 10319.0
72 3.599999999999995 2605.0 0 0 9377.999999999987 17289.59999999998 2526.0 10319.0
73 3.649999999999995 2605.0 0 0 9508.249999999987 17289.59999999998 2526.0 10319.0
74 3.699999999999995 2605.0 0 0 9638.499999999987 17289.59999999998 2526.0 10319.0
75 3.7499999999999947 2605.0 0 0 9768.749999999985 17289.59999999998 2526.0 10319.0
76 3.7999999999999945 2605.0 0 0 9898.999999999985 17289.59999999998 2526.0 10319.0
77 3.8499999999999943 2605.0 0 0 10029.249999999985 17289.59999999998 2526.0 10319.0
78 3.899999999999994 2605.0 0 0 10159.499999999985 17289.59999999998 2526.0 10319.0
79 3.949999999999994 2605.0 0 0 10289.749999999984 17289.59999999998 2526.0 10319.0
80 3.999999999999994 2605.0 0 0 10419.999999999984 17289.59999999998 2526.0 10319.0
81 4.049999999999994 2605.0 0 0 10550.249999999984 17289.59999999998 2526.0 10319.0
82 4.099999999999993 2611.0 0 0 10705.099999999982 17313.999999999978 2529.0 10718.0
83 4.149999999999993 2611.0 0 0 10835.649999999983 17313.999999999978 2529.0 10718.0
84 4.199999999999993 2611.0 0 0 10966.199999999983 17313.999999999978 2529.0 10718.0
85 4.249999999999993 2611.0 0 0 11096.749999999982 17313.999999999978 2529.0 10718.0
86 4.299999999999993 2611.0 0 0 11227.299999999981 17313.999999999978 2529.0 10718.0
87 4.3499999999999925 2611.0 0 0 11357.84999999998 17313.999999999978 2529.0 10718.0
88 4.399999999999992 2611.0 0 0 11488.39999999998 17313.999999999978 2529.0 10718.0
89 4.449999999999992 2611.0 0 0 11618.949999999979 17313.999999999978 2529.0 10718.0
90 4.499999999999992 2611.0 0 0 11749.49999999998 17313.999999999978 2529.0 10718.0
91 4.549999999999992 2611.0 0 0 11880.04999999998 17313.999999999978 2529.0 10718.0
92 4.599999999999992 2611.0 0 0 12010.599999999979 17313.999999999978 2529.0 10718.0
93 4.6499999999999915 2611.0 0 0 12141.149999999978 17313.999999999978 2529.0 10718.0
94 4.699999999999991 2611.0 0 0 12271.699999999977 17313.999999999978 2529.0 10718.0
95 4.749999999999991 2611.0 0 0 12402.249999999976 17313.999999999978 2529.0 10718.0
96 4.799999999999991 2611.0 0 0 12532.799999999976 17313.999999999978 2529.0 10718.0
97 4.849999999999991 2611.0 0 0 12663.349999999977 17313.999999999978 2529.0 10718.0
98 4.899999999999991 2611.0 0 0 12793.899999999976 17313.999999999978 2529.0 10718.0
99 4.94999999999999 2611.0 0 0 12924.449999999975 17313.999999999978 2529.0 10718.0
