0 0.0 0.0 0 0 0.0 11397.40000000001 1597.0 0.0
1 0.05 667.0 0 0 33.35 11397.40000000001 1597.0 0.0
2 0.1 667.0 0 0 66.7 11397.40000000001 1597.0 0.0
3 0.15000000000000002 667.0 0 0 100.05000000000001 11397.40000000001 1597.0 0.0
4 0.2 667.0 0 0 133.4 11397.40000000001 1597.0 0.0
5 0.25 667.0 0 0 166.75 11397.40000000001 1597.0 0.0
6 0.3 667.0 0 0 200.1 11397.40000000001 1597.0 0.0
7 0.35 667.0 0 0 233.45 11397.40000000001 1597.0 0.0
8 0.39999999999999997 667.0 0 0 266.79999999999995 11397.40000000001 1597.0 0.0
9 0.44999999999999996 667.0 0 0 300.15 11397.40000000001 1597.0 0.0
10 0.49999999999999994 667.0 0 0 333.49999999999994 11397.40000000001 1597.0 0.0
11 0.5499999999999999 667.0 0 0 366.84999999999997 11397.40000000001 1597.0 0.0
12 0.6 776.0 0 0 465.59999999999997 11457.400000000012 1600.0 0.0
13 0.65 776.0 0 0 504.40000000000003 11457.400000000012 1600.0 0.0
14 0.7000000000000001 776.0 0 0 543.2 11457.400000000012 1600.0 0.0
15 0.7500000000000001 776.0 0 0 582.0000000000001 11457.400000000012 1600.0 0.0
16 0.8000000000000002 776.0 0 0 620.8000000000001 11457.400000000012 1600.0 0.0
17 0.8500000000000002 776.0 0 0 659.6000000000001 11457.400000000012 1600.0 0.0
18 0.9000000000000002 776.0 0 0 698.4000000000002 11457.400000000012 1600.0 0.0
19 0.9500000000000003 776.0 0 0 737.2000000000003 11457.400000000012 1600.0 0.0
20 1.0000000000000002 776.0 0 0 776.0000000000002 11457.400000000012 1600.0 0.0
21 1.0500000000000003 776.0 0 0 814.8000000000002 11457.400000000012 1600.0 0.0
22 1.1000000000000003 776.0 0 0 853.6000000000003 11457.400000000012 1600.0 0.0
23 1.1500000000000004 776.0 0 0 892.4000000000003 11457.400000000012 1600.0 0.0
24 1.2000000000000004 776.0 0 0 931.2000000000003 11457.400000000012 1600.0 0.0
25 1.2500000000000004 776.0 0 0 970.0000000000003 11457.400000000012 1600.0 0.0
26 1.3000000000000005 776.0 0 0 1008.8000000000004 11457.400000000012 1600.0 0.0
27 1.3500000000000005 806.0 0 0 1088.1000000000004 11497.400000000012 1602.0 0.0
28 1.4000000000000006 806.0 0 0 1128.4000000000005 11497.400000000012 1602.0 0.0
29 1.4500000000000006 806.0 0 0 1168.7000000000005 11497.400000000012 1602.0 0.0
30 1.5000000000000007 806.0 0 0 1209.0000000000005 11497.400000000012 1602.0 0.0
31 1.5500000000000007 806.0 0 0 1249.3000000000006 11497.400000000012 1602.0 0.0
32 1.6000000000000008 806.0 0 0 1289.6000000000006 11497.400000000012 1602.0 0.0
33 1.6500000000000008 806.0 0 0 1329.9000000000005 11497.400000000012 1602.0 0.0
34 1.7000000000000008 806.0 0 0 1370.2000000000007 11497.400000000012 1602.0 0.0
35 1.7500000000000009 806.0 0 0 1410.5000000000007 11497.400000000012 1602.0 0.0
36 1.800000000000001 806.0 0 0 1450.8000000000009 11497.400000000012 1602.0 0.0
37 1.850000000000001 806.0 0 0 1491.1000000000008 11497.400000000012 1602.0 0.0
38 1.900000000000001 917.0 0 0 1742.3000000000009 11707.400000000012 1611.0 0.0
39 1.950000000000001 917.0 0 0 1788.150000000001 11707.400000000012 1611.0 0.0
40 2.000000000000001 917.0 0 0 1834.000000000001 11707.400000000012 1611.0 0.0
41 2.0500000000000007 922.0 0 0 1890.1000000000006 11717.400000000012 1612.0 0.0
42 2.1000000000000005 922.0 0 0 1936.2000000000005 11717.400000000012 1612.0 0.0
43 2.1500000000000004 922.0 0 0 1982.3000000000004 11717.400000000012 1612.0 0.0
44 2.2 1032.0 0 0 2270.4 11957.400000000016 1618.0 0.0
45 2.25 1050.0 0 0 2362.5 11997.400000000014 1619.0 0.0
46 2.3 1050.0 0 0 2415.0 11997.400000000014 1619.0 0.0
47 2.3499999999999996 1050.0 0 0 2467.4999999999995 11997.400000000014 1619.0 0.0
48 2.3999999999999995 1050.0 0 0 2519.9999999999995 11997.400000000014 1619.0 0.0
49 2.4499999999999993 1050.0 0 0 2572.499999999999 11997.400000000014 1619.0 0.0
50 2.499999999999999 1050.0 0 0 2624.999999999999 11997.400000000014 1619.0 0.0
51 2.549999999999999 1050.0 0 0 2677.499999999999 11997.400000000014 1619.0 0.0
52 2.5999999999999988 1050.0 0 0 2729.9999999999986 11997.400000000014 1619.0 0.0
53 2.6499999999999986 1050.0 0 0 2782.4999999999986 11997.400000000014 1619.0 0.0
54 2.6999999999999984 1050.0 0 0 2834.999999999998 11997.400000000014 1619.0 0.0
55 2.7499999999999982 1050.0 0 0 2887.499999999998 11997.400000000014 1619.0 0.0
56 2.799999999999998 1050.0 0 0 2939.9999999999977 11997.400000000014 1619.0 0.0
57 2.849999999999998 1050.0 0 0 2992.4999999999977 11997.400000000014 1619.0 0.0
58 2.8999999999999977 1119.0 0 0 3245.0999999999976 12197.400000000014 1623.0 0.0
59 2.9499999999999975 1119.0 0 0 3301.049999999997 12197.400000000014 1623.0 0.0
60 2.9999999999999973 1119.0 0 0 3356.999999999997 12197.400000000014 1623.0 0.0
61 3.049999999999997 1119.0 0 0 3412.9499999999966 12197.400000000014 1623.0 0.0
62 3.099999999999997 1119.0 0 0 3468.8999999999965 12197.400000000014 1623.0 0.0
63 3.149999999999997 1119.0 0 0 3524.8499999999963 12197.400000000014 1623.0 0.0
64 3.1999999999999966 1119.0 0 0 3580.799999999996 12197.400000000014 1623.0 0.0
65 3.2499999999999964 1119.0 0 0 3636.749999999996 12197.400000000014 1623.0 0.0
66 3.2999999999999963 1119.0 0 0 3692.6999999999957 12197.400000000014 1623.0 0.0
67 3.349999999999996 1131.0 0 0 3788.8499999999954 12237.400000000014 1625.0 0.0
68 3.399999999999996 1131.0 0 0 3845.3999999999955 12237.400000000014 1625.0 0.0
69 3.4499999999999957 1131.0 0 0 3901.9499999999953 12237.400000000014 1625.0 0.0
70 3.4999999999999956 1154.0 0 0 4038.999999999995 12317.400000000014 1629.0 0.0
71 3.5499999999999954 1154.0 0 0 4096.699999999994 12317.400000000014 1629.0 0.0
72 3.599999999999995 1154.0 0 0 4154.399999999994 12317.400000000014 1629.0 0.0
73 3.649999999999995 1154.0 0 0 4212.099999999994 12317.400000000014 1629.0 0.0
74 3.699999999999995 1154.0 0 0 4269.799999999994 12317.400000000014 1629.0 0.0
75 3.7499999999999947 1315.0 0 0 4931.249999999993 12917.400000000014 1641.0 0.0
76 3.7999999999999945 1315.0 0 0 4996.999999999993 12917.400000000014 1641.0 0.0
77 3.8499999999999943 1315.0 0 0 5062.749999999993 12917.400000000014 1641.0 0.0
78 3.899999999999994 1315.0 0 0 5128.499999999993 12917.400000000014 1641.0 0.0
79 3.949999999999994 1315.0 0 0 5194.249999999992 12917.400000000014 1641.0 0.0
80 3.999999999999994 1315.0 0 0 5259.999999999992 12917.400000000014 1641.0 0.0
81 4.049999999999994 1315.0 0 0 5325.749999999992 12917.400000000014 1641.0 0.0
82 4.099999999999993 1315.0 0 0 5391.499999999991 12917.400000000014 1641.0 0.0
83 4.149999999999993 1315.0 0 0 5457.249999999991 12917.400000000014 1641.0 0.0
84 4.199999999999993 1315.0 0 0 5522.999999999991 12917.400000000014 1641.0 0.0
85 4.249999999999993 1315.0 0 0 5588.749999999991 12917.400000000014 1641.0 0.0
86 4.299999999999993 1315.0 0 0 5654.49999999999 12917.400000000014 1641.0 0.0
87 4.3499999999999925 1315.0 0 0 5720.24999999999 12917.400000000014 1641.0 0.0
88 4.399999999999992 1315.0 0 0 5785.99999999999 12917.400000000014 1641.0 0.0
89 4.449999999999992 1315.0 0 0 5851.74999999999 12917.400000000014 1641.0 0.0
90 4.499999999999992 1315.0 0 0 5917.499999999989 12917.400000000014 1641.0 0.0
91 4.549999999999992 1315.0 0 0 5983.249999999989 12917.400000000014 1641.0 0.0
92 4.599999999999992 1315.0 0 0 6048.999999999989 12917.400000000014 1641.0 0.0
93 4.6499999999999915 1315.0 0 0 6114.749999999989 12917.400000000014 1641.0 0.0
94 4.699999999999991 1315.0 0 0 6180.499999999988 12917.400000000014 1641.0 0.0
95 4.749999999999991 1315.0 0 0 6246.249999999988 12917.400000000014 1641.0 0.0
96 4.799999999999991 1336.0 0 0 6412.799999999987 13017.400000000014 1647.0 0.0
97 4.849999999999991 1336.0 0 0 6479.599999999988 13017.400000000014 1647.0 0.0
98 4.899999999999991 1336.0 0 0 6546.399999999988 13017.400000000014 1647.0 0.0
99 4.94999999999999 1336.0 0 0 6613.199999999987 13017.400000000014 1647.0 0.0
