0 0.0 0.0 0 0 0.0 17209.99999999998 2483.0 0.0
1 0.05 1658.0 0 0 82.9 17209.99999999998 2483.0 0.0
2 0.1 1658.0 0 0 165.8 17209.99999999998 2483.0 0.0
3 0.15000000000000002 1658.0 0 0 248.70000000000005 17209.99999999998 2483.0 0.0
4 0.2 1744.0 0 0 348.8 17222.99999999998 2487.0 0.0
5 0.25 1753.0 0 0 438.25 17224.79999999998 2489.0 0.0
6 0.3 1753.0 0 0 525.9 17224.79999999998 2489.0 0.0
7 0.35 1753.0 0 0 613.55 17224.79999999998 2489.0 0.0
8 0.39999999999999997 1834.0 0 0 733.5999999999999 17254.39999999998 2499.0 0.0
9 0.44999999999999996 1834.0 0 0 825.3 17254.39999999998 2499.0 0.0
10 0.49999999999999994 1834.0 0 0 916.9999999999999 17254.39999999998 2499.0 0.0
11 0.5499999999999999 1836.0 0 0 1009.7999999999998 17255.39999999998 2500.0 0.0
12 0.6 1836.0 0 0 1101.6 17255.39999999998 2500.0 0.0
13 0.65 1836.0 0 0 1193.4 17255.39999999998 2500.0 0.0
14 0.7000000000000001 1836.0 0 0 1285.2 17255.39999999998 2500.0 0.0
15 0.7500000000000001 1836.0 0 0 1377.0000000000002 17255.39999999998 2500.0 0.0
16 0.8000000000000002 2033.0 0 0 1626.4000000000003 17406.39999999998 2530.0 0.0
17 0.8500000000000002 2033.0 0 0 1728.0500000000004 17406.39999999998 2530.0 0.0
18 0.9000000000000002 2033.0 0 0 1829.7000000000005 17406.39999999998 2530.0 0.0
19 0.9500000000000003 2070.0 0 0 1966.5000000000007 17440.39999999998 2537.0 0.0
20 1.0000000000000002 2070.0 0 0 2070.0000000000005 17440.39999999998 2537.0 0.0
21 1.0500000000000003 2072.0 0 0 2175.6000000000004 17442.39999999998 2539.0 0.0
22 1.1000000000000003 2072.0 0 0 2279.2000000000007 17442.39999999998 2539.0 0.0
23 1.1500000000000004 2072.0 0 0 2382.8000000000006 17442.39999999998 2539.0 0.0
24 1.2000000000000004 2072.0 0 0 2486.400000000001 17442.39999999998 2539.0 0.0
25 1.2500000000000004 2072.0 0 0 2590.000000000001 17442.39999999998 2539.0 0.0
26 1.3000000000000005 2108.0 0 0 2740.400000000001 17488.79999999998 2552.0 0.0
27 1.3500000000000005 2213.0 0 0 2987.550000000001 17626.79999999998 2565.0 0.0
28 1.4000000000000006 2213.0 0 0 3098.200000000001 17626.79999999998 2565.0 0.0
29 1.4500000000000006 2213.0 0 0 3208.8500000000013 17626.79999999998 2565.0 0.0
30 1.5000000000000007 2213.0 0 0 3319.5000000000014 17626.79999999998 2565.0 0.0
31 1.5500000000000007 2213.0 0 0 3430.1500000000015 17626.79999999998 2565.0 0.0
32 1.6000000000000008 2220.0 0 0 3552.000000000002 17637.79999999998 2567.0 0.0
33 1.6500000000000008 2220.0 0 0 3663.000000000002 17637.79999999998 2567.0 0.0
34 1.7000000000000008 2220.0 0 0 3774.000000000002 17637.79999999998 2567.0 0.0
35 1.7500000000000009 2220.0 0 0 3885.000000000002 17637.79999999998 2567.0 0.0
36 1.800000000000001 2220.0 0 0 3996.0000000000023 17637.79999999998 2567.0 0.0
37 1.850000000000001 2220.0 0 0 4107.000000000002 17637.79999999998 2567.0 0.0
38 1.900000000000001 2289.0 0 0 4349.100000000002 17766.39999999998 2583.0 0.0
39 1.950000000000001 2296.0 0 0 4477.200000000003 17779.999999999978 2590.0 0.0
40 2.000000000000001 2296.0 0 0 4592.000000000002 17779.999999999978 2590.0 0.0
41 2.0500000000000007 2296.0 0 0 4706.800000000002 17779.999999999978 2590.0 0.0
42 2.1000000000000005 2296.0 0 0 4821.600000000001 17779.999999999978 2590.0 0.0
43 2.1500000000000004 2296.0 0 0 4936.400000000001 17779.999999999978 2590.0 0.0
44 2.2 2296.0 0 0 5051.200000000001 17779.999999999978 2590.0 0.0
45 2.25 2318.0 0 0 5215.5 17828.999999999978 2603.0 0.0
46 2.3 2318.0 0 0 5331.4 17828.999999999978 2603.0 0.0
47 2.3499999999999996 2318.0 0 0 5447.299999999999 17828.999999999978 2603.0 0.0
48 2.3999999999999995 2318.0 0 0 5563.199999999999 17828.999999999978 2603.0 0.0
49 2.4499999999999993 2318.0 0 0 5679.0999999999985 17828.999999999978 2603.0 0.0
50 2.499999999999999 2318.0 0 0 5794.999999999998 17828.999999999978 2603.0 0.0
51 2.549999999999999 2330.0 0 0 5941.499999999997 17859.39999999998 2616.0 0.0
52 2.5999999999999988 2330.0 0 0 6057.999999999997 17859.39999999998 2616.0 0.0
53 2.6499999999999986 2330.0 0 0 6174.499999999996 17859.39999999998 2616.0 0.0
54 2.6999999999999984 2330.0 0 0 6290.999999999996 17859.39999999998 2616.0 0.0
55 2.7499999999999982 2330.0 0 0 6407.499999999995 17859.39999999998 2616.0 0.0
56 2.799999999999998 2330.0 0 0 6523.999999999995 17859.39999999998 2616.0 0.0
57 2.849999999999998 2330.0 0 0 6640.499999999995 17859.39999999998 2616.0 0.0
58 2.8999999999999977 2330.0 0 0 6756.9999999999945 17859.39999999998 2616.0 0.0
59 2.9499999999999975 2330.0 0 0 6873.4999999999945 17859.39999999998 2616.0 0.0
60 2.9999999999999973 2361.0 0 0 7082.999999999994 17951.39999999998 2636.0 0.0
61 3.049999999999997 2361.0 0 0 7201.049999999993 17951.39999999998 2636.0 0.0
62 3.099999999999997 2361.0 0 0 7319.099999999993 17951.39999999998 2636.0 0.0
63 3.149999999999997 2361.0 0 0 7437.149999999992 17951.39999999998 2636.0 0.0
64 3.1999999999999966 2427.0 0 0 7766.399999999991 18162.59999999998 2646.0 0.0
65 3.2499999999999964 2427.0 0 0 7887.749999999992 18162.59999999998 2646.0 0.0
66 3.2999999999999963 2427.0 0 0 8009.099999999991 18162.59999999998 2646.0 0.0
67 3.349999999999996 2427.0 0 0 8130.449999999991 18162.59999999998 2646.0 0.0
68 3.399999999999996 2427.0 0 0 8251.79999999999 18162.59999999998 2646.0 0.0
69 3.4499999999999957 2463.0 0 0 8497.34999999999 18286.59999999998 2658.0 0.0
70 3.4999999999999956 2463.0 0 0 8620.499999999989 18286.59999999998 2658.0 0.0
71 3.5499999999999954 2463.0 0 0 8743.649999999989 18286.59999999998 2658.0 0.0
72 3.599999999999995 2463.0 0 0 8866.799999999988 18286.59999999998 2658.0 0.0
73 3.649999999999995 2463.0 0 0 8989.949999999988 18286.59999999998 2658.0 0.0
74 3.699999999999995 2463.0 0 0 9113.099999999988 18286.59999999998 2658.0 0.0
75 3.7499999999999947 2463.0 0 0 9236.249999999987 18286.59999999998 2658.0 0.0
76 3.7999999999999945 2463.0 0 0 9359.399999999987 18286.59999999998 2658.0 0.0
77 3.8499999999999943 2463.0 0 0 9482.549999999987 18286.59999999998 2658.0 0.0
78 3.899999999999994 2463.0 0 0 9605.699999999986 18286.59999999998 2658.0 0.0
79 3.949999999999994 2463.0 0 0 9728.849999999986 18286.59999999998 2658.0 0.0
80 3.999999999999994 2463.0 0 0 9851.999999999985 18286.59999999998 2658.0 0.0
81 4.049999999999994 2463.0 0 0 9975.149999999985 18286.59999999998 2658.0 0.0
82 4.099999999999993 2463.0 0 0 10098.299999999985 18286.59999999998 2658.0 0.0
83 4.149999999999993 2463.0 0 0 10221.449999999983 18286.59999999998 2658.0 0.0
84 4.199999999999993 2463.0 0 0 10344.599999999982 18286.59999999998 2658.0 0.0
85 4.249999999999993 2463.0 0 0 10467.749999999982 18286.59999999998 2658.0 0.0
86 4.299999999999993 2463.0 0 0 10590.899999999981 18286.59999999998 2658.0 0.0
87 4.3499999999999925 2463.0 0 0 10714.049999999981 18286.59999999998 2658.0 0.0
88 4.399999999999992 2463.0 0 0 10837.19999999998 18286.59999999998 2658.0 0.0
89 4.449999999999992 2463.0 0 0 10960.34999999998 18286.59999999998 2658.0 0.0
90 4.499999999999992 2593.0 0 0 11668.49999999998 18868.599999999988 2843.0 0.0
91 4.549999999999992 2593.0 0 0 11798.14999999998 18868.599999999988 2843.0 0.0
92 4.599999999999992 2593.0 0 0 11927.799999999977 18868.599999999988 2843.0 0.0
93 4.6499999999999915 2593.0 0 0 12057.449999999977 18868.599999999988 2843.0 0.0
94 4.699999999999991 2626.0 0 0 12342.199999999977 19023.599999999988 2868.0 0.0
95 4.749999999999991 2626.0 0 0 12473.499999999976 19023.599999999988 2868.0 0.0
96 4.799999999999991 2648.0 0 0 12710.399999999976 19129.199999999986 2888.0 0.0
97 4.849999999999991 2648.0 0 0 12842.799999999976 19129.199999999986 2888.0 0.0
98 4.899999999999991 2648.0 0 0 12975.199999999975 19129.199999999986 2888.0 0.0
99 4.94999999999999 2648.0 0 0 13107.599999999975 19129.199999999986 2888.0 0.0
