0 0.0 0.0 0 0 0.0 77434.40000000004 11169.0 0.0
1 0.05 8267.0 0 0 413.35 77435.20000000004 11170.0 0.0
2 0.1 8281.0 0 0 828.1 77436.20000000004 11171.0 31.0
3 0.15000000000000002 8315.0 0 0 1247.2500000000002 77439.80000000003 11177.0 628.0
4 0.2 8352.0 0 0 1670.4 77446.40000000004 11182.0 906.0
5 0.25 8435.0 0 0 2108.75 77465.40000000004 11192.0 2018.0
6 0.3 8438.0 0 0 2531.4 77466.20000000004 11193.0 2240.0
7 0.35 8450.0 0 0 2957.5 77470.20000000006 11198.0 3366.0
8 0.39999999999999997 8450.0 0 0 3379.9999999999995 77470.20000000006 11198.0 3366.0
9 0.44999999999999996 8475.0 0 0 3813.7499999999995 77480.20000000006 11208.0 5330.0
10 0.49999999999999994 8475.0 0 0 4237.499999999999 77480.20000000006 11208.0 5330.0
11 0.5499999999999999 8483.0 0 0 4665.65 77484.20000000006 11209.0 5366.0
12 0.6 8483.0 0 0 5089.8 77484.20000000006 11209.0 5366.0
13 0.65 8506.0 0 0 5528.900000000001 77498.20000000006 11217.0 5960.0
14 0.7000000000000001 8506.0 0 0 5954.200000000001 77498.20000000006 11217.0 5960.0
15 0.7500000000000001 8536.0 0 0 6402.000000000001 77520.20000000006 11221.0 6250.0
16 0.8000000000000002 8536.0 0 0 6828.800000000001 77520.20000000006 11221.0 6250.0
17 0.8500000000000002 8536.0 0 0 7255.600000000001 77520.20000000006 11221.0 6250.0
18 0.9000000000000002 8536.0 0 0 7682.400000000002 77520.20000000006 11221.0 6250.0
19 0.9500000000000003 8543.0 0 0 8115.850000000002 77526.60000000005 11228.0 8376.0
20 1.0000000000000002 8543.0 0 0 8543.000000000002 77526.60000000005 11228.0 8376.0
21 1.0500000000000003 8543.0 0 0 8970.150000000001 77526.60000000005 11228.0 8376.0
22 1.1000000000000003 8624.0 0 0 9486.400000000003 77615.00000000006 11241.0 10874.0
23 1.1500000000000004 8624.0 0 0 9917.600000000002 77615.00000000006 11241.0 10874.0
24 1.2000000000000004 8624.0 0 0 10348.800000000003 77615.00000000006 11241.0 10874.0
25 1.2500000000000004 8624.0 0 0 10780.000000000004 77615.00000000006 11241.0 10874.0
26 1.3000000000000005 8624.0 0 0 11211.200000000004 77615.00000000006 11241.0 10874.0
27 1.3500000000000005 8624.0 0 0 11642.400000000005 77615.00000000006 11241.0 10874.0
28 1.4000000000000006 8624.0 0 0 12073.600000000006 77615.00000000006 11241.0 10874.0
29 1.4500000000000006 8624.0 0 0 12504.800000000005 77615.00000000006 11241.0 10874.0
30 1.5000000000000007 8624.0 0 0 12936.000000000005 77615.00000000006 11241.0 10874.0
31 1.5500000000000007 8652.0 0 0 13410.600000000006 77658.00000000006 11248.0 12482.0
32 1.6000000000000008 8652.0 0 0 13843.200000000006 77658.00000000006 11248.0 12482.0
33 1.6500000000000008 8652.0 0 0 14275.800000000007 77658.00000000006 11248.0 12482.0
34 1.7000000000000008 8652.0 0 0 14708.400000000007 77658.00000000006 11248.0 12482.0
35 1.7500000000000009 8652.0 0 0 15141.000000000007 77658.00000000006 11248.0 12482.0
36 1.800000000000001 8652.0 0 0 15573.600000000008 77658.00000000006 11248.0 12482.0
37 1.850000000000001 8652.0 0 0 16006.200000000008 77658.00000000006 11248.0 12482.0
38 1.900000000000001 8652.0 0 0 16438.80000000001 77658.00000000006 11248.0 12482.0
39 1.950000000000001 8657.0 0 0 16881.15000000001 77667.60000000006 11251.0 13154.0
40 2.000000000000001 8657.0 0 0 17314.000000000007 77667.60000000006 11251.0 13154.0
41 2.0500000000000007 8657.0 0 0 17746.850000000006 77667.60000000006 11251.0 13154.0
42 2.1000000000000005 8667.0 0 0 18200.700000000004 77688.40000000007 11254.0 13435.0
43 2.1500000000000004 8667.0 0 0 18634.050000000003 77688.40000000007 11254.0 13435.0
44 2.2 8667.0 0 0 19067.4 77688.40000000007 11254.0 13435.0
45 2.25 8672.0 0 0 19512.0 77699.40000000007 11256.0 13702.0
46 2.3 8672.0 0 0 19945.6 77699.40000000007 11256.0 13702.0
47 2.3499999999999996 8672.0 0 0 20379.199999999997 77699.40000000007 11256.0 13702.0
48 2.3999999999999995 8672.0 0 0 20812.799999999996 77699.40000000007 11256.0 13702.0
49 2.4499999999999993 8687.0 0 0 21283.149999999994 77735.40000000005 11274.0 20898.0
50 2.499999999999999 8719.0 0 0 21797.499999999993 77814.20000000006 11301.0 33220.0
51 2.549999999999999 8719.0 0 0 22233.44999999999 77814.20000000006 11301.0 33220.0
52 2.5999999999999988 8719.0 0 0 22669.39999999999 77814.20000000006 11301.0 33220.0
53 2.6499999999999986 8719.0 0 0 23105.349999999988 77814.20000000006 11301.0 33220.0
54 2.6999999999999984 8719.0 0 0 23541.299999999985 77814.20000000006 11301.0 33220.0
55 2.7499999999999982 8719.0 0 0 23977.249999999985 77814.20000000006 11301.0 33220.0
56 2.799999999999998 8719.0 0 0 24413.199999999983 77814.20000000006 11301.0 33220.0
57 2.849999999999998 8719.0 0 0 24849.14999999998 77814.20000000006 11301.0 33220.0
58 2.8999999999999977 8726.0 0 0 25305.39999999998 77834.20000000006 11303.0 33555.0
59 2.9499999999999975 8735.0 0 0 25768.249999999978 77860.60000000006 11309.0 35072.0
60 2.9999999999999973 8735.0 0 0 26204.999999999978 77860.60000000006 11309.0 35072.0
61 3.049999999999997 8735.0 0 0 26641.749999999975 77860.60000000006 11309.0 35072.0
62 3.099999999999997 8735.0 0 0 27078.499999999975 77860.60000000006 11309.0 35072.0
63 3.149999999999997 8735.0 0 0 27515.24999999997 77860.60000000006 11309.0 35072.0
64 3.1999999999999966 8735.0 0 0 27951.99999999997 77860.60000000006 11309.0 35072.0
65 3.2499999999999964 8736.0 0 0 28391.999999999967 77863.80000000006 11313.0 35957.0
66 3.2999999999999963 8736.0 0 0 28828.799999999967 77863.80000000006 11313.0 35957.0
67 3.349999999999996 8736.0 0 0 29265.599999999966 77863.80000000006 11313.0 35957.0
68 3.399999999999996 8736.0 0 0 29702.399999999965 77863.80000000006 11313.0 35957.0
69 3.4499999999999957 8736.0 0 0 30139.199999999964 77863.80000000006 11313.0 35957.0
70 3.4999999999999956 8736.0 0 0 30575.99999999996 77863.80000000006 11313.0 35957.0
71 3.5499999999999954 8736.0 0 0 31012.79999999996 77863.80000000006 11313.0 35957.0
72 3.599999999999995 8763.0 0 0 31546.79999999996 77960.00000000006 11333.0 42322.0
73 3.649999999999995 8763.0 0 0 31984.949999999957 77960.00000000006 11333.0 42322.0
74 3.699999999999995 8763.0 0 0 32423.099999999955 77960.00000000006 11333.0 42322.0
75 3.7499999999999947 8763.0 0 0 32861.249999999956 77960.00000000006 11333.0 42322.0
76 3.7999999999999945 8763.0 0 0 33299.39999999995 77960.00000000006 11333.0 42322.0
77 3.8499999999999943 8763.0 0 0 33737.54999999995 77960.00000000006 11333.0 42322.0
78 3.899999999999994 8763.0 0 0 34175.699999999946 77960.00000000006 11333.0 42322.0
79 3.949999999999994 8763.0 0 0 34613.84999999995 77960.00000000006 11333.0 42322.0
80 3.999999999999994 8770.0 0 0 35079.99999999995 77988.00000000006 11341.0 45786.0
81 4.049999999999994 8814.0 0 0 35696.699999999946 78165.60000000006 11396.0 70815.0
82 4.099999999999993 8814.0 0 0 36137.39999999994 78165.60000000006 11396.0 70815.0
83 4.149999999999993 8814.0 0 0 36578.09999999994 78165.60000000006 11396.0 70815.0
84 4.199999999999993 8814.0 0 0 37018.79999999994 78165.60000000006 11396.0 70815.0
85 4.249999999999993 8814.0 0 0 37459.499999999935 78165.60000000006 11396.0 70815.0
86 4.299999999999993 8814.0 0 0 37900.19999999994 78165.60000000006 11396.0 70815.0
87 4.3499999999999925 8821.0 0 0 38371.34999999993 78196.00000000007 11405.0 80679.0
88 4.399999999999992 8821.0 0 0 38812.399999999936 78196.00000000007 11405.0 80679.0
89 4.449999999999992 8842.0 0 0 39346.89999999993 78288.40000000007 11427.0 89564.0
90 4.499999999999992 8842.0 0 0 39788.99999999993 78288.40000000007 11427.0 89564.0
91 4.549999999999992 8842.0 0 0 40231.099999999926 78288.40000000007 11427.0 89564.0
92 4.599999999999992 8842.0 0 0 40673.199999999924 78288.40000000007 11427.0 89564.0
93 4.6499999999999915 8842.0 0 0 41115.29999999992 78288.40000000007 11427.0 89564.0
94 4.699999999999991 8842.0 0 0 41557.39999999992 78288.40000000007 11427.0 89564.0
95 4.749999999999991 8842.0 0 0 41999.49999999992 78288.40000000007 11427.0 89564.0
96 4.799999999999991 8842.0 0 0 42441.59999999992 78288.40000000007 11427.0 89564.0
97 4.849999999999991 8842.0 0 0 42883.69999999992 78288.40000000007 11427.0 89564.0
98 4.899999999999991 8842.0 0 0 43325.799999999916 78288.40000000007 11427.0 89564.0
99 4.94999999999999 8842.0 0 0 43767.899999999914 78288.40000000007 11427.0 89564.0
