0 0.0 0.0 0 0 0.0 14818.0 1631.0 0.0
1 0.05 1716.0 0 0 85.80000000000001 14823.0 1636.0 0.0
2 0.1 1810.0 0 0 181.0 14829.0 1642.0 0.0
3 0.15000000000000002 1817.0 0 0 272.55000000000007 14830.0 1643.0 0.0
4 0.2 1854.0 0 0 370.8 14836.0 1649.0 0.0
5 0.25 1864.0 0 0 466.0 14838.0 1651.0 0.0
6 0.3 1900.0 0 0 570.0 14847.0 1660.0 0.0
7 0.35 1928.0 0 0 674.8 14856.0 1669.0 0.0
8 0.39999999999999997 1928.0 0 0 771.1999999999999 14856.0 1669.0 0.0
9 0.44999999999999996 1928.0 0 0 867.5999999999999 14856.0 1669.0 0.0
10 0.49999999999999994 1928.0 0 0 963.9999999999999 14856.0 1669.0 0.0
11 0.5499999999999999 1956.0 0 0 1075.8 14870.0 1683.0 0.0
12 0.6 2010.0 0 0 1206.0 14901.0 1714.0 0.0
13 0.65 2024.0 0 0 1315.6000000000001 14910.0 1723.0 0.0
14 0.7000000000000001 2065.0 0 0 1445.5000000000002 14938.0 1751.0 0.0
15 0.7500000000000001 2065.0 0 0 1548.7500000000002 14938.0 1751.0 0.0
16 0.8000000000000002 2073.0 0 0 1658.4000000000003 14944.0 1757.0 0.0
17 0.8500000000000002 2073.0 0 0 1762.0500000000004 14944.0 1757.0 0.0
18 0.9000000000000002 2073.0 0 0 1865.7000000000005 14944.0 1757.0 0.0
19 0.9500000000000003 2073.0 0 0 1969.3500000000006 14944.0 1757.0 0.0
20 1.0000000000000002 2073.0 0 0 2073.0000000000005 14944.0 1757.0 0.0
21 1.0500000000000003 2089.0 0 0 2193.4500000000007 14960.0 1773.0 0.0
22 1.1000000000000003 2089.0 0 0 2297.9000000000005 14960.0 1773.0 0.0
23 1.1500000000000004 2089.0 0 0 2402.350000000001 14960.0 1773.0 0.0
24 1.2000000000000004 2095.0 0 0 2514.000000000001 14967.0 1780.0 0.0
25 1.2500000000000004 2095.0 0 0 2618.750000000001 14967.0 1780.0 0.0
26 1.3000000000000005 2103.0 0 0 2733.900000000001 14977.0 1790.0 0.0
27 1.3500000000000005 2218.0 0 0 2994.300000000001 15131.0 1944.0 0.0
28 1.4000000000000006 2232.0 0 0 3124.800000000001 15150.0 1963.0 0.0
29 1.4500000000000006 2358.0 0 0 3419.1000000000013 15327.0 2140.0 0.0
30 1.5000000000000007 2358.0 0 0 3537.0000000000014 15327.0 2140.0 0.0
31 1.5500000000000007 2463.0 0 0 3817.650000000002 15487.0 2300.0 0.0
32 1.6000000000000008 2463.0 0 0 3940.800000000002 15487.0 2300.0 0.0
33 1.6500000000000008 2463.0 0 0 4063.950000000002 15487.0 2300.0 0.0
34 1.7000000000000008 2463.0 0 0 4187.100000000002 15487.0 2300.0 0.0
35 1.7500000000000009 2463.0 0 0 4310.250000000002 15487.0 2300.0 0.0
36 1.800000000000001 2471.0 0 0 4447.800000000002 15501.0 2314.0 0.0
37 1.850000000000001 2471.0 0 0 4571.350000000002 15501.0 2314.0 0.0
38 1.900000000000001 2471.0 0 0 4694.900000000002 15501.0 2314.0 0.0
39 1.950000000000001 2471.0 0 0 4818.450000000003 15501.0 2314.0 0.0
40 2.000000000000001 2471.0 0 0 4942.000000000002 15501.0 2314.0 0.0
41 2.0500000000000007 2481.0 0 0 5086.050000000002 15521.0 2334.0 0.0
42 2.1000000000000005 2733.0 0 0 5739.300000000001 16045.0 2858.0 0.0
43 2.1500000000000004 2733.0 0 0 5875.950000000001 16045.0 2858.0 0.0
44 2.2 3006.0 0 0 6613.200000000001 16635.0 3448.0 4.0
45 2.25 3140.0 0 0 7065.0 16933.0 3746.0 4.0
46 2.3 3404.0 0 0 7829.2 17536.0 4349.0 392.0
47 2.3499999999999996 3404.0 0 0 7999.399999999999 17536.0 4349.0 392.0
48 2.3999999999999995 3404.0 0 0 8169.5999999999985 17536.0 4349.0 392.0
49 2.4499999999999993 3404.0 0 0 8339.799999999997 17536.0 4349.0 392.0
50 2.499999999999999 3404.0 0 0 8509.999999999996 17536.0 4349.0 392.0
51 2.549999999999999 3404.0 0 0 8680.199999999997 17536.0 4349.0 392.0
52 2.5999999999999988 3404.0 0 0 8850.399999999996 17536.0 4349.0 392.0
53 2.6499999999999986 3404.0 0 0 9020.599999999995 17536.0 4349.0 392.0
54 2.6999999999999984 3404.0 0 0 9190.799999999994 17536.0 4349.0 392.0
55 2.7499999999999982 3611.0 0 0 9930.249999999993 18097.0 4910.0 392.0
56 2.799999999999998 3611.0 0 0 10110.799999999994 18097.0 4910.0 392.0
57 2.849999999999998 4398.0 0 0 12534.29999999999 20314.0 7127.0 1226.0
58 2.8999999999999977 4398.0 0 0 12754.19999999999 20314.0 7127.0 1226.0
59 2.9499999999999975 4952.0 0 0 14608.399999999987 21933.0 8746.0 1553.0
60 2.9999999999999973 7894.0 0 0 23681.999999999978 30626.0 17439.0 1658225.0
61 3.049999999999997 8486.0 0 0 25882.299999999977 32430.0 19243.0 2016057.0
62 3.099999999999997 8486.0 0 0 26306.599999999973 32430.0 19243.0 2016057.0
63 3.149999999999997 8493.0 0 0 26752.94999999997 32452.0 19265.0 2016194.0
64 3.1999999999999966 8493.0 0 0 27177.599999999973 32452.0 19265.0 2016194.0
65 3.2499999999999964 8493.0 0 0 27602.24999999997 32452.0 19265.0 2016194.0
66 3.2999999999999963 8500.0 0 0 28049.999999999967 32475.0 19288.0 2016341.0
67 3.349999999999996 8548.0 0 0 28635.799999999967 32634.0 19438.0 2126544.0
68 3.399999999999996 8548.0 0 0 29063.199999999964 32634.0 19438.0 2126544.0
69 3.4499999999999957 8608.0 0 0 29697.599999999962 32838.0 19642.0 2261591.0
70 3.4999999999999956 8799.0 0 0 30796.49999999996 33501.0 20170.0 2397676.0
71 3.5499999999999954 8845.0 0 0 31399.74999999996 33664.0 20333.0 2518379.0
72 3.599999999999995 8920.0 0 0 32111.999999999956 33932.0 20601.0 2720648.0
73 3.649999999999995 9119.0 0 0 33284.349999999955 34651.0 21158.0 2847410.0
74 3.699999999999995 9119.0 0 0 33740.29999999995 34651.0 21158.0 2847410.0
75 3.7499999999999947 9119.0 0 0 34196.24999999995 34651.0 21158.0 2847410.0
76 3.7999999999999945 9119.0 0 0 34652.199999999946 34651.0 21158.0 2847410.0
77 3.8499999999999943 9125.0 0 0 35131.24999999995 34674.0 21181.0 2847410.0
78 3.899999999999994 9125.0 0 0 35587.49999999995 34674.0 21181.0 2847410.0
79 3.949999999999994 9125.0 0 0 36043.74999999994 34674.0 21181.0 2847410.0
80 3.999999999999994 9125.0 0 0 36499.99999999994 34674.0 21181.0 2847410.0
81 4.049999999999994 9184.0 0 0 37195.19999999994 34911.0 21382.0 2970769.0
82 4.099999999999993 9184.0 0 0 37654.39999999994 34911.0 21382.0 2970769.0
83 4.149999999999993 9374.0 0 0 38902.09999999994 35694.0 22165.0 3106119.0
84 4.199999999999993 9487.0 0 0 39845.399999999936 36165.0 22636.0 3219305.0
85 4.249999999999993 9487.0 0 0 40319.749999999935 36165.0 22636.0 3219305.0
86 4.299999999999993 9511.0 0 0 40897.29999999993 36267.0 22738.0 3223798.0
87 4.3499999999999925 9521.0 0 0 41416.349999999926 36310.0 22772.0 3248254.0
88 4.399999999999992 9521.0 0 0 41892.39999999993 36310.0 22772.0 3248254.0
89 4.449999999999992 9647.0 0 0 42929.14999999992 36869.0 23043.0 3376585.0
90 4.499999999999992 9707.0 0 0 43681.49999999992 37138.0 23303.0 3427611.0
91 4.549999999999992 9707.0 0 0 44166.84999999992 37138.0 23303.0 3427611.0
92 4.599999999999992 9785.0 0 0 45010.99999999992 37495.0 23363.0 3450822.0
93 4.6499999999999915 9785.0 0 0 45500.24999999992 37495.0 23363.0 3450822.0
94 4.699999999999991 9785.0 0 0 45989.49999999991 37495.0 23363.0 3450822.0
95 4.749999999999991 9785.0 0 0 46478.74999999991 37495.0 23363.0 3450822.0
96 4.799999999999991 9785.0 0 0 46967.99999999991 37495.0 23363.0 3450822.0
97 4.849999999999991 9785.0 0 0 47457.24999999991 37495.0 23363.0 3450822.0
98 4.899999999999991 9785.0 0 0 47946.499999999905 37495.0 23363.0 3450822.0
99 4.94999999999999 9893.0 0 0 48970.349999999904 38026.0 23534.0 3522197.0
