0 0.01 612.0 0 0 6.12 11397.40000000001 1597.0 0.0
1 0.060000000000000005 633.0 0 0 37.980000000000004 11397.80000000001 1598.0 0.0
2 0.11000000000000001 827.0 0 0 90.97000000000001 11416.600000000013 1602.0 0.0
3 0.16000000000000003 834.0 0 0 133.44000000000003 11417.600000000013 1603.0 0.0
4 0.21000000000000002 842.0 0 0 176.82000000000002 11419.200000000013 1605.0 0.0
5 0.26 920.0 0 0 239.20000000000002 11439.200000000013 1607.0 0.0
6 0.31 920.0 0 0 285.2 11439.200000000013 1607.0 0.0
7 0.36 920.0 0 0 331.2 11439.200000000013 1607.0 0.0
8 0.41 920.0 0 0 377.2 11439.200000000013 1607.0 0.0
9 0.45999999999999996 920.0 0 0 423.2 11439.200000000013 1607.0 0.0
10 0.51 1028.0 0 0 524.28 11491.000000000013 1624.0 0.0
11 0.56 1150.0 0 0 644.0000000000001 11557.400000000014 1631.0 0.0
12 0.6100000000000001 1150.0 0 0 701.5000000000001 11557.400000000014 1631.0 0.0
13 0.6600000000000001 1189.0 0 0 784.7400000000001 11582.400000000012 1639.0 0.0
14 0.7100000000000002 1207.0 0 0 856.9700000000003 11594.400000000012 1642.0 0.0
15 0.7600000000000002 1306.0 0 0 992.5600000000003 11669.400000000012 1650.0 0.0
16 0.8100000000000003 1400.0 0 0 1134.0000000000005 11743.400000000012 1657.0 0.0
17 0.8600000000000003 1400.0 0 0 1204.0000000000005 11743.400000000012 1657.0 0.0
18 0.9100000000000004 1400.0 0 0 1274.0000000000005 11743.400000000012 1657.0 0.0
19 0.9600000000000004 1400.0 0 0 1344.0000000000007 11743.400000000012 1657.0 0.0
20 1.0100000000000005 1403.0 0 0 1417.0300000000007 11746.400000000012 1660.0 0.0
21 1.0600000000000005 1417.0 0 0 1502.0200000000007 11760.800000000012 1669.0 0.0
22 1.1100000000000005 1427.0 0 0 1583.9700000000007 11771.800000000012 1671.0 0.0
23 1.1600000000000006 1427.0 0 0 1655.3200000000008 11771.800000000012 1671.0 0.0
24 1.2100000000000006 1427.0 0 0 1726.670000000001 11771.800000000012 1671.0 0.0
25 1.2600000000000007 1427.0 0 0 1798.020000000001 11771.800000000012 1671.0 0.0
26 1.3100000000000007 1427.0 0 0 1869.370000000001 11771.800000000012 1671.0 0.0
27 1.3600000000000008 1427.0 0 0 1940.7200000000012 11771.800000000012 1671.0 0.0
28 1.4100000000000008 1427.0 0 0 2012.070000000001 11771.800000000012 1671.0 0.0
29 1.4600000000000009 1427.0 0 0 2083.4200000000014 11771.800000000012 1671.0 0.0
30 1.510000000000001 1427.0 0 0 2154.7700000000013 11771.800000000012 1671.0 0.0
31 1.560000000000001 1427.0 0 0 2226.1200000000013 11771.800000000012 1671.0 0.0
32 1.610000000000001 1427.0 0 0 2297.4700000000016 11771.800000000012 1671.0 0.0
33 1.660000000000001 1570.0 0 0 2606.2000000000016 12004.600000000013 1703.0 0.0
34 1.710000000000001 1570.0 0 0 2684.7000000000016 12004.600000000013 1703.0 0.0
35 1.7600000000000011 1570.0 0 0 2763.2000000000016 12004.600000000013 1703.0 0.0
36 1.8100000000000012 1570.0 0 0 2841.7000000000016 12004.600000000013 1703.0 0.0
37 1.8600000000000012 1570.0 0 0 2920.200000000002 12004.600000000013 1703.0 0.0
38 1.9100000000000013 1617.0 0 0 3088.470000000002 12094.200000000012 1721.0 0.0
39 1.9600000000000013 1617.0 0 0 3169.320000000002 12094.200000000012 1721.0 0.0
40 2.010000000000001 1628.0 0 0 3272.280000000002 12116.200000000012 1725.0 0.0
41 2.060000000000001 1658.0 0 0 3415.4800000000014 12177.800000000012 1735.0 0.0
42 2.1100000000000008 1658.0 0 0 3498.3800000000015 12177.800000000012 1735.0 0.0
43 2.1600000000000006 1658.0 0 0 3581.280000000001 12177.800000000012 1735.0 0.0
44 2.2100000000000004 1658.0 0 0 3664.1800000000007 12177.800000000012 1735.0 0.0
45 2.2600000000000002 1658.0 0 0 3747.0800000000004 12177.800000000012 1735.0 0.0
46 2.31 1658.0 0 0 3829.98 12177.800000000012 1735.0 0.0
47 2.36 1658.0 0 0 3912.8799999999997 12177.800000000012 1735.0 0.0
48 2.4099999999999997 1667.0 0 0 4017.4699999999993 12199.400000000012 1741.0 0.0
49 2.4599999999999995 1667.0 0 0 4100.819999999999 12199.400000000012 1741.0 0.0
50 2.5099999999999993 1667.0 0 0 4184.169999999999 12199.400000000012 1741.0 0.0
51 2.559999999999999 1667.0 0 0 4267.519999999999 12199.400000000012 1741.0 0.0
52 2.609999999999999 1700.0 0 0 4436.999999999998 12285.400000000012 1751.0 0.0
53 2.659999999999999 1744.0 0 0 4639.039999999998 12400.400000000012 1759.0 0.0
54 2.7099999999999986 1744.0 0 0 4726.239999999998 12400.400000000012 1759.0 0.0
55 2.7599999999999985 1744.0 0 0 4813.439999999997 12400.400000000012 1759.0 0.0
56 2.8099999999999983 1744.0 0 0 4900.639999999997 12400.400000000012 1759.0 0.0
57 2.859999999999998 1744.0 0 0 4987.8399999999965 12400.400000000012 1759.0 0.0
58 2.909999999999998 1744.0 0 0 5075.039999999996 12400.400000000012 1759.0 0.0
59 2.9599999999999977 1744.0 0 0 5162.239999999996 12400.400000000012 1759.0 0.0
60 3.0099999999999976 1744.0 0 0 5249.439999999996 12400.400000000012 1759.0 0.0
61 3.0599999999999974 1744.0 0 0 5336.639999999996 12400.400000000012 1759.0 0.0
62 3.109999999999997 1744.0 0 0 5423.839999999995 12400.400000000012 1759.0 0.0
63 3.159999999999997 1744.0 0 0 5511.0399999999945 12400.400000000012 1759.0 0.0
64 3.209999999999997 1744.0 0 0 5598.239999999994 12400.400000000012 1759.0 0.0
65 3.2599999999999967 1744.0 0 0 5685.439999999994 12400.400000000012 1759.0 0.0
66 3.3099999999999965 1744.0 0 0 5772.639999999994 12400.400000000012 1759.0 0.0
67 3.3599999999999963 1747.0 0 0 5869.919999999994 12410.400000000012 1760.0 0.0
68 3.409999999999996 1747.0 0 0 5957.269999999993 12410.400000000012 1760.0 0.0
69 3.459999999999996 1747.0 0 0 6044.619999999993 12410.400000000012 1760.0 0.0
70 3.509999999999996 1747.0 0 0 6131.969999999993 12410.400000000012 1760.0 0.0
71 3.5599999999999956 1747.0 0 0 6219.319999999992 12410.400000000012 1760.0 0.0
72 3.6099999999999954 1747.0 0 0 6306.669999999992 12410.400000000012 1760.0 0.0
73 3.6599999999999953 1747.0 0 0 6394.019999999991 12410.400000000012 1760.0 0.0
74 3.709999999999995 1747.0 0 0 6481.369999999992 12410.400000000012 1760.0 0.0
75 3.759999999999995 1747.0 0 0 6568.719999999991 12410.400000000012 1760.0 0.0
76 3.8099999999999947 1747.0 0 0 6656.069999999991 12410.400000000012 1760.0 0.0
77 3.8599999999999945 1747.0 0 0 6743.41999999999 12410.400000000012 1760.0 0.0
78 3.9099999999999944 1747.0 0 0 6830.76999999999 12410.400000000012 1760.0 0.0
79 3.959999999999994 1747.0 0 0 6918.11999999999 12410.400000000012 1760.0 0.0
80 4.0099999999999945 1747.0 0 0 7005.46999999999 12410.400000000012 1760.0 0.0
81 4.059999999999994 1747.0 0 0 7092.81999999999 12410.400000000012 1760.0 0.0
82 4.109999999999994 1747.0 0 0 7180.16999999999 12410.400000000012 1760.0 0.0
83 4.159999999999994 1747.0 0 0 7267.5199999999895 12410.400000000012 1760.0 0.0
84 4.209999999999994 1772.0 0 0 7460.119999999989 12515.200000000015 1794.0 0.0
85 4.259999999999994 1782.0 0 0 7591.319999999989 12557.600000000015 1806.0 0.0
86 4.309999999999993 1782.0 0 0 7680.419999999988 12557.600000000015 1806.0 0.0
87 4.359999999999993 1782.0 0 0 7769.519999999988 12557.600000000015 1806.0 0.0
88 4.409999999999993 1782.0 0 0 7858.619999999987 12557.600000000015 1806.0 0.0
89 4.459999999999993 1782.0 0 0 7947.7199999999875 12557.600000000015 1806.0 0.0
90 4.509999999999993 1782.0 0 0 8036.819999999987 12557.600000000015 1806.0 0.0
91 4.5599999999999925 1782.0 0 0 8125.919999999986 12557.600000000015 1806.0 0.0
92 4.609999999999992 1782.0 0 0 8215.019999999986 12557.600000000015 1806.0 0.0
93 4.659999999999992 1782.0 0 0 8304.119999999986 12557.600000000015 1806.0 0.0
94 4.709999999999992 1804.0 0 0 8496.839999999986 12660.600000000015 1811.0 0.0
95 4.759999999999992 1804.0 0 0 8587.039999999985 12660.600000000015 1811.0 0.0
96 4.809999999999992 1804.0 0 0 8677.239999999985 12660.600000000015 1811.0 0.0
97 4.859999999999991 1804.0 0 0 8767.439999999984 12660.600000000015 1811.0 0.0
98 4.909999999999991 1804.0 0 0 8857.639999999985 12660.600000000015 1811.0 0.0
99 4.959999999999991 1804.0 0 0 8947.839999999984 12660.600000000015 1811.0 0.0
