0 0.0 0.0 0 0 0.0 14903.599999999973 2437.0 0.0
1 0.05 1939.0 0 0 96.95 14903.599999999973 2437.0 0.0
2 0.1 2046.0 0 0 204.60000000000002 14910.399999999976 2445.0 0.0
3 0.15000000000000002 2053.0 0 0 307.95000000000005 14911.399999999976 2446.0 0.0
4 0.2 2053.0 0 0 410.6 14911.399999999976 2446.0 0.0
5 0.25 2060.0 0 0 515.0 14912.999999999975 2448.0 0.0
6 0.3 2060.0 0 0 618.0 14912.999999999975 2448.0 0.0
7 0.35 2060.0 0 0 721.0 14912.999999999975 2448.0 0.0
8 0.39999999999999997 2060.0 0 0 823.9999999999999 14912.999999999975 2448.0 0.0
9 0.44999999999999996 2060.0 0 0 926.9999999999999 14912.999999999975 2448.0 0.0
10 0.49999999999999994 2060.0 0 0 1029.9999999999998 14912.999999999975 2448.0 0.0
11 0.5499999999999999 2060.0 0 0 1132.9999999999998 14912.999999999975 2448.0 0.0
12 0.6 2060.0 0 0 1236.0 14912.999999999975 2448.0 0.0
13 0.65 2060.0 0 0 1339.0 14912.999999999975 2448.0 0.0
14 0.7000000000000001 2060.0 0 0 1442.0000000000002 14912.999999999975 2448.0 0.0
15 0.7500000000000001 2066.0 0 0 1549.5000000000002 14917.399999999976 2450.0 0.0
16 0.8000000000000002 2093.0 0 0 1674.4000000000003 14938.599999999975 2454.0 0.0
17 0.8500000000000002 2093.0 0 0 1779.0500000000004 14938.599999999975 2454.0 0.0
18 0.9000000000000002 2093.0 0 0 1883.7000000000005 14938.599999999975 2454.0 0.0
19 0.9500000000000003 2150.0 0 0 2042.5000000000007 14991.599999999973 2470.0 0.0
20 1.0000000000000002 2150.0 0 0 2150.0000000000005 14991.599999999973 2470.0 0.0
21 1.0500000000000003 2150.0 0 0 2257.5000000000005 14991.599999999973 2470.0 0.0
22 1.1000000000000003 2150.0 0 0 2365.0000000000005 14991.599999999973 2470.0 0.0
23 1.1500000000000004 2150.0 0 0 2472.500000000001 14991.599999999973 2470.0 0.0
24 1.2000000000000004 2150.0 0 0 2580.000000000001 14991.599999999973 2470.0 0.0
25 1.2500000000000004 2150.0 0 0 2687.500000000001 14991.599999999973 2470.0 0.0
26 1.3000000000000005 2150.0 0 0 2795.000000000001 14991.599999999973 2470.0 0.0
27 1.3500000000000005 2168.0 0 0 2926.800000000001 15015.599999999973 2476.0 0.0
28 1.4000000000000006 2168.0 0 0 3035.200000000001 15015.599999999973 2476.0 0.0
29 1.4500000000000006 2168.0 0 0 3143.6000000000013 15015.599999999973 2476.0 0.0
30 1.5000000000000007 2168.0 0 0 3252.0000000000014 15015.599999999973 2476.0 0.0
31 1.5500000000000007 2168.0 0 0 3360.4000000000015 15015.599999999973 2476.0 0.0
32 1.6000000000000008 2168.0 0 0 3468.8000000000015 15015.599999999973 2476.0 0.0
33 1.6500000000000008 2168.0 0 0 3577.2000000000016 15015.599999999973 2476.0 0.0
34 1.7000000000000008 2168.0 0 0 3685.6000000000017 15015.599999999973 2476.0 0.0
35 1.7500000000000009 2168.0 0 0 3794.000000000002 15015.599999999973 2476.0 0.0
36 1.800000000000001 2168.0 0 0 3902.400000000002 15015.599999999973 2476.0 0.0
37 1.850000000000001 2168.0 0 0 4010.800000000002 15015.599999999973 2476.0 0.0
38 1.900000000000001 2168.0 0 0 4119.200000000003 15015.599999999973 2476.0 0.0
39 1.950000000000001 2168.0 0 0 4227.600000000002 15015.599999999973 2476.0 0.0
40 2.000000000000001 2168.0 0 0 4336.000000000002 15015.599999999973 2476.0 0.0
41 2.0500000000000007 2168.0 0 0 4444.4000000000015 15015.599999999973 2476.0 0.0
42 2.1000000000000005 2168.0 0 0 4552.800000000001 15015.599999999973 2476.0 0.0
43 2.1500000000000004 2168.0 0 0 4661.200000000001 15015.599999999973 2476.0 0.0
44 2.2 2168.0 0 0 4769.6 15015.599999999973 2476.0 0.0
45 2.25 2168.0 0 0 4878.0 15015.599999999973 2476.0 0.0
46 2.3 2168.0 0 0 4986.4 15015.599999999973 2476.0 0.0
47 2.3499999999999996 2168.0 0 0 5094.799999999999 15015.599999999973 2476.0 0.0
48 2.3999999999999995 2168.0 0 0 5203.199999999999 15015.599999999973 2476.0 0.0
49 2.4499999999999993 2176.0 0 0 5331.199999999999 15034.79999999997 2485.0 0.0
50 2.499999999999999 2176.0 0 0 5439.999999999998 15034.79999999997 2485.0 0.0
51 2.549999999999999 2185.0 0 0 5571.749999999997 15057.599999999971 2497.0 0.0
52 2.5999999999999988 2185.0 0 0 5680.999999999997 15057.599999999971 2497.0 0.0
53 2.6499999999999986 2185.0 0 0 5790.249999999997 15057.599999999971 2497.0 0.0
54 2.6999999999999984 2185.0 0 0 5899.499999999996 15057.599999999971 2497.0 0.0
55 2.7499999999999982 2185.0 0 0 6008.749999999996 15057.599999999971 2497.0 0.0
56 2.799999999999998 2193.0 0 0 6140.399999999996 15079.599999999971 2501.0 0.0
57 2.849999999999998 2193.0 0 0 6250.049999999996 15079.599999999971 2501.0 0.0
58 2.8999999999999977 2193.0 0 0 6359.699999999995 15079.599999999971 2501.0 0.0
59 2.9499999999999975 2193.0 0 0 6469.349999999995 15079.599999999971 2501.0 0.0
60 2.9999999999999973 2193.0 0 0 6578.9999999999945 15079.599999999971 2501.0 0.0
61 3.049999999999997 2193.0 0 0 6688.649999999994 15079.599999999971 2501.0 0.0
62 3.099999999999997 2193.0 0 0 6798.299999999994 15079.599999999971 2501.0 0.0
63 3.149999999999997 2193.0 0 0 6907.9499999999925 15079.599999999971 2501.0 0.0
64 3.1999999999999966 2193.0 0 0 7017.599999999992 15079.599999999971 2501.0 0.0
65 3.2499999999999964 2193.0 0 0 7127.249999999992 15079.599999999971 2501.0 0.0
66 3.2999999999999963 2193.0 0 0 7236.899999999991 15079.599999999971 2501.0 0.0
67 3.349999999999996 2193.0 0 0 7346.549999999991 15079.599999999971 2501.0 0.0
68 3.399999999999996 2193.0 0 0 7456.199999999991 15079.599999999971 2501.0 0.0
69 3.4499999999999957 2193.0 0 0 7565.84999999999 15079.599999999971 2501.0 0.0
70 3.4999999999999956 2193.0 0 0 7675.49999999999 15079.599999999971 2501.0 0.0
71 3.5499999999999954 2193.0 0 0 7785.14999999999 15079.599999999971 2501.0 0.0
72 3.599999999999995 2193.0 0 0 7894.799999999989 15079.599999999971 2501.0 0.0
73 3.649999999999995 2193.0 0 0 8004.449999999989 15079.599999999971 2501.0 0.0
74 3.699999999999995 2193.0 0 0 8114.0999999999885 15079.599999999971 2501.0 0.0
75 3.7499999999999947 2193.0 0 0 8223.749999999989 15079.599999999971 2501.0 0.0
76 3.7999999999999945 2193.0 0 0 8333.399999999989 15079.599999999971 2501.0 0.0
77 3.8499999999999943 2193.0 0 0 8443.049999999988 15079.599999999971 2501.0 0.0
78 3.899999999999994 2193.0 0 0 8552.699999999988 15079.599999999971 2501.0 0.0
79 3.949999999999994 2193.0 0 0 8662.349999999988 15079.599999999971 2501.0 0.0
80 3.999999999999994 2237.0 0 0 8947.999999999985 15254.79999999997 2550.0 0.0
81 4.049999999999994 2237.0 0 0 9059.849999999986 15254.79999999997 2550.0 0.0
82 4.099999999999993 2237.0 0 0 9171.699999999986 15254.79999999997 2550.0 0.0
83 4.149999999999993 2251.0 0 0 9341.649999999985 15312.39999999997 2560.0 0.0
84 4.199999999999993 2251.0 0 0 9454.199999999984 15312.39999999997 2560.0 0.0
85 4.249999999999993 2267.0 0 0 9634.749999999984 15380.39999999997 2569.0 0.0
86 4.299999999999993 2267.0 0 0 9748.099999999984 15380.39999999997 2569.0 0.0
87 4.3499999999999925 2267.0 0 0 9861.449999999983 15380.39999999997 2569.0 0.0
88 4.399999999999992 2292.0 0 0 10084.799999999983 15489.19999999997 2584.0 0.0
89 4.449999999999992 2292.0 0 0 10199.399999999981 15489.19999999997 2584.0 0.0
90 4.499999999999992 2292.0 0 0 10313.999999999982 15489.19999999997 2584.0 0.0
91 4.549999999999992 2292.0 0 0 10428.599999999982 15489.19999999997 2584.0 0.0
92 4.599999999999992 2292.0 0 0 10543.19999999998 15489.19999999997 2584.0 0.0
93 4.6499999999999915 2292.0 0 0 10657.799999999981 15489.19999999997 2584.0 0.0
94 4.699999999999991 2292.0 0 0 10772.39999999998 15489.19999999997 2584.0 0.0
95 4.749999999999991 2319.0 0 0 11015.24999999998 15616.39999999997 2600.0 0.0
96 4.799999999999991 2438.0 0 0 11702.399999999978 16186.399999999976 2795.0 0.0
97 4.849999999999991 2438.0 0 0 11824.299999999977 16186.399999999976 2795.0 0.0
98 4.899999999999991 2438.0 0 0 11946.199999999977 16186.399999999976 2795.0 0.0
99 4.94999999999999 2438.0 0 0 12068.099999999977 16186.399999999976 2795.0 0.0
