0 0.0 0.0 0 0 0.0 21174.0 2437.0 0.0
1 0.05 2082.0 0 0 104.10000000000001 21174.0 2437.0 0.0
2 0.1 2093.0 0 0 209.3 21175.0 2438.0 33.0
3 0.15000000000000002 2109.0 0 0 316.35 21177.0 2440.0 33.0
4 0.2 2109.0 0 0 421.8 21177.0 2440.0 33.0
5 0.25 2154.0 0 0 538.5 21187.0 2441.0 33.0
6 0.3 2161.0 0 0 648.3 21189.0 2443.0 447.0
7 0.35 2161.0 0 0 756.3499999999999 21189.0 2443.0 447.0
8 0.39999999999999997 2161.0 0 0 864.4 21189.0 2443.0 447.0
9 0.44999999999999996 2161.0 0 0 972.4499999999999 21189.0 2443.0 447.0
10 0.49999999999999994 2161.0 0 0 1080.4999999999998 21189.0 2443.0 447.0
11 0.5499999999999999 2161.0 0 0 1188.55 21189.0 2443.0 447.0
12 0.6 2161.0 0 0 1296.6 21189.0 2443.0 447.0
13 0.65 2161.0 0 0 1404.65 21189.0 2443.0 447.0
14 0.7000000000000001 2161.0 0 0 1512.7 21189.0 2443.0 447.0
15 0.7500000000000001 2161.0 0 0 1620.7500000000002 21189.0 2443.0 447.0
16 0.8000000000000002 2161.0 0 0 1728.8000000000004 21189.0 2443.0 447.0
17 0.8500000000000002 2161.0 0 0 1836.8500000000004 21189.0 2443.0 447.0
18 0.9000000000000002 2161.0 0 0 1944.9000000000005 21189.0 2443.0 447.0
19 0.9500000000000003 2161.0 0 0 2052.9500000000007 21189.0 2443.0 447.0
20 1.0000000000000002 2161.0 0 0 2161.0000000000005 21189.0 2443.0 447.0
21 1.0500000000000003 2164.0 0 0 2272.2000000000007 21192.0 2446.0 447.0
22 1.1000000000000003 2164.0 0 0 2380.4000000000005 21192.0 2446.0 447.0
23 1.1500000000000004 2164.0 0 0 2488.600000000001 21192.0 2446.0 447.0
24 1.2000000000000004 2164.0 0 0 2596.800000000001 21192.0 2446.0 447.0
25 1.2500000000000004 2164.0 0 0 2705.000000000001 21192.0 2446.0 447.0
26 1.3000000000000005 2164.0 0 0 2813.200000000001 21192.0 2446.0 447.0
27 1.3500000000000005 2164.0 0 0 2921.400000000001 21192.0 2446.0 447.0
28 1.4000000000000006 2164.0 0 0 3029.6000000000013 21192.0 2446.0 447.0
29 1.4500000000000006 2164.0 0 0 3137.8000000000015 21192.0 2446.0 447.0
30 1.5000000000000007 2164.0 0 0 3246.0000000000014 21192.0 2446.0 447.0
31 1.5500000000000007 2164.0 0 0 3354.2000000000016 21192.0 2446.0 447.0
32 1.6000000000000008 2171.0 0 0 3473.6000000000017 21203.0 2448.0 595.0
33 1.6500000000000008 2171.0 0 0 3582.150000000002 21203.0 2448.0 595.0
34 1.7000000000000008 2177.0 0 0 3700.900000000002 21213.0 2449.0 595.0
35 1.7500000000000009 2184.0 0 0 3822.000000000002 21225.0 2452.0 769.0
36 1.800000000000001 2184.0 0 0 3931.200000000002 21225.0 2452.0 769.0
37 1.850000000000001 2184.0 0 0 4040.400000000002 21225.0 2452.0 769.0
38 1.900000000000001 2184.0 0 0 4149.600000000002 21225.0 2452.0 769.0
39 1.950000000000001 2184.0 0 0 4258.800000000002 21225.0 2452.0 769.0
40 2.000000000000001 2184.0 0 0 4368.000000000002 21225.0 2452.0 769.0
41 2.0500000000000007 2184.0 0 0 4477.200000000002 21225.0 2452.0 769.0
42 2.1000000000000005 2184.0 0 0 4586.4000000000015 21225.0 2452.0 769.0
43 2.1500000000000004 2184.0 0 0 4695.6 21225.0 2452.0 769.0
44 2.2 2184.0 0 0 4804.8 21225.0 2452.0 769.0
45 2.25 2184.0 0 0 4914.0 21225.0 2452.0 769.0
46 2.3 2184.0 0 0 5023.2 21225.0 2452.0 769.0
47 2.3499999999999996 2184.0 0 0 5132.4 21225.0 2452.0 769.0
48 2.3999999999999995 2184.0 0 0 5241.5999999999985 21225.0 2452.0 769.0
49 2.4499999999999993 2184.0 0 0 5350.799999999998 21225.0 2452.0 769.0
50 2.499999999999999 2184.0 0 0 5459.999999999998 21225.0 2452.0 769.0
51 2.549999999999999 2188.0 0 0 5579.399999999998 21235.0 2453.0 864.0
52 2.5999999999999988 2188.0 0 0 5688.799999999997 21235.0 2453.0 864.0
53 2.6499999999999986 2193.0 0 0 5811.449999999997 21248.0 2457.0 864.0
54 2.6999999999999984 2193.0 0 0 5921.099999999997 21248.0 2457.0 864.0
55 2.7499999999999982 2193.0 0 0 6030.749999999996 21248.0 2457.0 864.0
56 2.799999999999998 2193.0 0 0 6140.399999999996 21248.0 2457.0 864.0
57 2.849999999999998 2193.0 0 0 6250.049999999996 21248.0 2457.0 864.0
58 2.8999999999999977 2193.0 0 0 6359.699999999995 21248.0 2457.0 864.0
59 2.9499999999999975 2193.0 0 0 6469.349999999995 21248.0 2457.0 864.0
60 2.9999999999999973 2193.0 0 0 6578.9999999999945 21248.0 2457.0 864.0
61 3.049999999999997 2193.0 0 0 6688.649999999994 21248.0 2457.0 864.0
62 3.099999999999997 2193.0 0 0 6798.299999999994 21248.0 2457.0 864.0
63 3.149999999999997 2193.0 0 0 6907.9499999999925 21248.0 2457.0 864.0
64 3.1999999999999966 2193.0 0 0 7017.599999999992 21248.0 2457.0 864.0
65 3.2499999999999964 2193.0 0 0 7127.249999999992 21248.0 2457.0 864.0
66 3.2999999999999963 2193.0 0 0 7236.899999999991 21248.0 2457.0 864.0
67 3.349999999999996 2193.0 0 0 7346.549999999991 21248.0 2457.0 864.0
68 3.399999999999996 2193.0 0 0 7456.199999999991 21248.0 2457.0 864.0
69 3.4499999999999957 2193.0 0 0 7565.84999999999 21248.0 2457.0 864.0
70 3.4999999999999956 2193.0 0 0 7675.49999999999 21248.0 2457.0 864.0
71 3.5499999999999954 2193.0 0 0 7785.14999999999 21248.0 2457.0 864.0
72 3.599999999999995 2193.0 0 0 7894.799999999989 21248.0 2457.0 864.0
73 3.649999999999995 2193.0 0 0 8004.449999999989 21248.0 2457.0 864.0
74 3.699999999999995 2193.0 0 0 8114.0999999999885 21248.0 2457.0 864.0
75 3.7499999999999947 2193.0 0 0 8223.749999999989 21248.0 2457.0 864.0
76 3.7999999999999945 2193.0 0 0 8333.399999999989 21248.0 2457.0 864.0
77 3.8499999999999943 2193.0 0 0 8443.049999999988 21248.0 2457.0 864.0
78 3.899999999999994 2193.0 0 0 8552.699999999988 21248.0 2457.0 864.0
79 3.949999999999994 2193.0 0 0 8662.349999999988 21248.0 2457.0 864.0
80 3.999999999999994 2193.0 0 0 8771.999999999987 21248.0 2457.0 864.0
81 4.049999999999994 2193.0 0 0 8881.649999999985 21248.0 2457.0 864.0
82 4.099999999999993 2193.0 0 0 8991.299999999985 21248.0 2457.0 864.0
83 4.149999999999993 2193.0 0 0 9100.949999999984 21248.0 2457.0 864.0
84 4.199999999999993 2193.0 0 0 9210.599999999984 21248.0 2457.0 864.0
85 4.249999999999993 2193.0 0 0 9320.249999999984 21248.0 2457.0 864.0
86 4.299999999999993 2193.0 0 0 9429.899999999983 21248.0 2457.0 864.0
87 4.3499999999999925 2193.0 0 0 9539.549999999983 21248.0 2457.0 864.0
88 4.399999999999992 2193.0 0 0 9649.199999999983 21248.0 2457.0 864.0
89 4.449999999999992 2193.0 0 0 9758.849999999982 21248.0 2457.0 864.0
90 4.499999999999992 2193.0 0 0 9868.499999999982 21248.0 2457.0 864.0
91 4.549999999999992 2193.0 0 0 9978.149999999981 21248.0 2457.0 864.0
92 4.599999999999992 2193.0 0 0 10087.799999999981 21248.0 2457.0 864.0
93 4.6499999999999915 2193.0 0 0 10197.44999999998 21248.0 2457.0 864.0
94 4.699999999999991 2193.0 0 0 10307.09999999998 21248.0 2457.0 864.0
95 4.749999999999991 2193.0 0 0 10416.74999999998 21248.0 2457.0 864.0
96 4.799999999999991 2193.0 0 0 10526.39999999998 21248.0 2457.0 864.0
97 4.849999999999991 2193.0 0 0 10636.04999999998 21248.0 2457.0 864.0
98 4.899999999999991 2193.0 0 0 10745.699999999979 21248.0 2457.0 864.0
99 4.94999999999999 2193.0 0 0 10855.349999999979 21248.0 2457.0 864.0
