0 0.0 0.0 0 0 0.0 15806.399999999987 2279.0 0.0
1 0.05 1836.0 0 0 91.80000000000001 15812.799999999987 2287.0 0.0
2 0.1 1855.0 0 0 185.5 15814.399999999987 2289.0 0.0
3 0.15000000000000002 2018.0 0 0 302.70000000000005 15835.199999999986 2315.0 0.0
4 0.2 2028.0 0 0 405.6 15836.799999999988 2317.0 0.0
5 0.25 2085.0 0 0 521.25 15849.599999999988 2333.0 0.0
6 0.3 2148.0 0 0 644.4 15866.399999999987 2354.0 0.0
7 0.35 2148.0 0 0 751.8 15866.399999999987 2354.0 0.0
8 0.39999999999999997 2159.0 0 0 863.5999999999999 15870.399999999987 2359.0 0.0
9 0.44999999999999996 2181.0 0 0 981.4499999999999 15879.199999999988 2370.0 0.0
10 0.49999999999999994 2196.0 0 0 1097.9999999999998 15886.399999999987 2379.0 0.0
11 0.5499999999999999 2196.0 0 0 1207.8 15886.399999999987 2379.0 0.0
12 0.6 2214.0 0 0 1328.3999999999999 15896.799999999988 2392.0 0.0
13 0.65 2214.0 0 0 1439.1000000000001 15896.799999999988 2392.0 0.0
14 0.7000000000000001 2221.0 0 0 1554.7 15901.599999999988 2398.0 0.0
15 0.7500000000000001 2243.0 0 0 1682.2500000000002 15917.599999999988 2418.0 0.0
16 0.8000000000000002 2261.0 0 0 1808.8000000000004 15931.199999999986 2435.0 0.0
17 0.8500000000000002 2281.0 0 0 1938.8500000000004 15947.199999999986 2455.0 0.0
18 0.9000000000000002 2289.0 0 0 2060.1000000000004 15954.399999999987 2464.0 0.0
19 0.9500000000000003 2300.0 0 0 2185.0000000000005 15964.799999999988 2477.0 0.0
20 1.0000000000000002 2329.0 0 0 2329.0000000000005 15992.799999999988 2512.0 0.0
21 1.0500000000000003 2329.0 0 0 2445.4500000000007 15992.799999999988 2512.0 0.0
22 1.1000000000000003 2345.0 0 0 2579.500000000001 16010.399999999987 2534.0 0.0
23 1.1500000000000004 2360.0 0 0 2714.000000000001 16027.199999999986 2555.0 0.0
24 1.2000000000000004 2360.0 0 0 2832.000000000001 16027.199999999986 2555.0 0.0
25 1.2500000000000004 2571.0 0 0 3213.7500000000014 16289.599999999984 2883.0 0.0
26 1.3000000000000005 2804.0 0 0 3645.200000000001 16586.399999999987 3254.0 0.0
27 1.3500000000000005 2804.0 0 0 3785.4000000000015 16586.399999999987 3254.0 0.0
28 1.4000000000000006 2910.0 0 0 4074.000000000002 16733.599999999988 3438.0 0.0
29 1.4500000000000006 3055.0 0 0 4429.750000000002 16938.399999999987 3694.0 0.0
30 1.5000000000000007 3174.0 0 0 4761.000000000002 17111.99999999999 3911.0 0.0
31 1.5500000000000007 3276.0 0 0 5077.800000000002 17267.199999999993 4105.0 0.0
32 1.6000000000000008 3276.0 0 0 5241.600000000002 17267.199999999993 4105.0 0.0
33 1.6500000000000008 3276.0 0 0 5405.400000000002 17267.199999999993 4105.0 0.0
34 1.7000000000000008 3422.0 0 0 5817.400000000003 17514.399999999994 4414.0 169.0
35 1.7500000000000009 3422.0 0 0 5988.500000000003 17514.399999999994 4414.0 169.0
36 1.800000000000001 3564.0 0 0 6415.2000000000035 17767.999999999996 4731.0 169.0
37 1.850000000000001 3564.0 0 0 6593.400000000003 17767.999999999996 4731.0 169.0
38 1.900000000000001 3564.0 0 0 6771.600000000004 17767.999999999996 4731.0 169.0
39 1.950000000000001 3564.0 0 0 6949.800000000004 17767.999999999996 4731.0 169.0
40 2.000000000000001 3564.0 0 0 7128.000000000003 17767.999999999996 4731.0 169.0
41 2.0500000000000007 3564.0 0 0 7306.200000000003 17767.999999999996 4731.0 169.0
42 2.1000000000000005 3564.0 0 0 7484.4000000000015 17767.999999999996 4731.0 169.0
43 2.1500000000000004 3564.0 0 0 7662.600000000001 17767.999999999996 4731.0 169.0
44 2.2 3766.0 0 0 8285.2 18204.8 5277.0 169.0
45 2.25 4725.0 0 0 10631.25 20328.799999999977 7932.0 670.0
46 2.3 6270.0 0 0 14420.999999999998 23847.999999999884 12331.0 11047.0
47 2.3499999999999996 6831.0 0 0 16052.849999999997 25156.799999999865 13967.0 11547.0
48 2.3999999999999995 10785.0 0 0 25883.999999999993 34537.60000000081 25693.0 2374618.0
49 2.4499999999999993 11370.0 0 0 27856.499999999993 35954.40000000087 27464.0 2710838.0
50 2.499999999999999 12577.0 0 0 31442.49999999999 38920.800000001 31172.0 3467114.0
51 2.549999999999999 12577.0 0 0 32071.349999999988 38920.800000001 31172.0 3467114.0
52 2.5999999999999988 12656.0 0 0 32905.599999999984 39124.80000000104 31427.0 3674946.0
53 2.6499999999999986 12656.0 0 0 33538.39999999998 39124.80000000104 31427.0 3674946.0
54 2.6999999999999984 12702.0 0 0 34295.39999999998 39248.00000000107 31572.0 3763550.0
55 2.7499999999999982 12702.0 0 0 34930.49999999998 39248.00000000107 31572.0 3763550.0
56 2.799999999999998 12782.0 0 0 35789.59999999998 39470.40000000112 31850.0 3954511.0
57 2.849999999999998 12854.0 0 0 36633.89999999997 39675.20000000116 32106.0 4120515.0
58 2.8999999999999977 12854.0 0 0 37276.59999999997 39675.20000000116 32106.0 4120515.0
59 2.9499999999999975 12854.0 0 0 37919.29999999997 39675.20000000116 32106.0 4120515.0
60 2.9999999999999973 12854.0 0 0 38561.99999999996 39675.20000000116 32106.0 4120515.0
61 3.049999999999997 12908.0 0 0 39369.399999999965 39837.6000000012 32309.0 4235471.0
62 3.099999999999997 12914.0 0 0 40033.39999999996 39856.0000000012 32332.0 4235580.0
63 3.149999999999997 12992.0 0 0 40924.79999999996 40101.60000000125 32612.0 4421988.0
64 3.1999999999999966 12992.0 0 0 41574.39999999996 40101.60000000125 32612.0 4421988.0
65 3.2499999999999964 13020.0 0 0 42314.999999999956 40192.000000001266 32725.0 4488771.0
66 3.2999999999999963 13075.0 0 0 43147.49999999995 40372.80000000127 32951.0 4509227.0
67 3.349999999999996 13266.0 0 0 44441.09999999995 41008.00000000126 33484.0 4664603.0
68 3.399999999999996 13266.0 0 0 45104.39999999994 41008.00000000126 33484.0 4664603.0
69 3.4499999999999957 13266.0 0 0 45767.699999999946 41008.00000000126 33484.0 4664603.0
70 3.4999999999999956 13266.0 0 0 46430.99999999994 41008.00000000126 33484.0 4664603.0
71 3.5499999999999954 13266.0 0 0 47094.29999999994 41008.00000000126 33484.0 4664603.0
72 3.599999999999995 13266.0 0 0 47757.59999999993 41008.00000000126 33484.0 4664603.0
73 3.649999999999995 13325.0 0 0 48636.249999999935 41220.800000001254 33723.0 4774173.0
74 3.699999999999995 13325.0 0 0 49302.499999999935 41220.800000001254 33723.0 4774173.0
75 3.7499999999999947 13344.0 0 0 50039.99999999993 41291.20000000126 33784.0 4814312.0
76 3.7999999999999945 13397.0 0 0 50908.599999999926 41491.2000000013 33989.0 4970608.0
77 3.8499999999999943 13397.0 0 0 51578.449999999924 41491.2000000013 33989.0 4970608.0
78 3.899999999999994 13397.0 0 0 52248.29999999992 41491.2000000013 33989.0 4970608.0
79 3.949999999999994 13397.0 0 0 52918.14999999992 41491.2000000013 33989.0 4970608.0
80 3.999999999999994 13397.0 0 0 53587.99999999992 41491.2000000013 33989.0 4970608.0
81 4.049999999999994 13397.0 0 0 54257.84999999991 41491.2000000013 33989.0 4970608.0
82 4.099999999999993 13397.0 0 0 54927.69999999991 41491.2000000013 33989.0 4970608.0
83 4.149999999999993 13397.0 0 0 55597.54999999991 41491.2000000013 33989.0 4970608.0
84 4.199999999999993 13397.0 0 0 56267.39999999991 41491.2000000013 33989.0 4970608.0
85 4.249999999999993 13397.0 0 0 56937.249999999905 41491.2000000013 33989.0 4970608.0
86 4.299999999999993 13397.0 0 0 57607.099999999904 41491.2000000013 33989.0 4970608.0
87 4.3499999999999925 13397.0 0 0 58276.9499999999 41491.2000000013 33989.0 4970608.0
88 4.399999999999992 13462.0 0 0 59232.799999999894 41775.20000000134 34209.0 5120408.0
89 4.449999999999992 13462.0 0 0 59905.89999999989 41775.20000000134 34209.0 5120408.0
90 4.499999999999992 13462.0 0 0 60578.99999999989 41775.20000000134 34209.0 5120408.0
91 4.549999999999992 13462.0 0 0 61252.09999999989 41775.20000000134 34209.0 5120408.0
92 4.599999999999992 13462.0 0 0 61925.19999999989 41775.20000000134 34209.0 5120408.0
93 4.6499999999999915 13462.0 0 0 62598.29999999989 41775.20000000134 34209.0 5120408.0
94 4.699999999999991 13462.0 0 0 63271.399999999885 41775.20000000134 34209.0 5120408.0
95 4.749999999999991 13462.0 0 0 63944.49999999988 41775.20000000134 34209.0 5120408.0
96 4.799999999999991 13462.0 0 0 64617.599999999875 41775.20000000134 34209.0 5120408.0
97 4.849999999999991 13462.0 0 0 65290.69999999987 41775.20000000134 34209.0 5120408.0
98 4.899999999999991 13462.0 0 0 65963.79999999987 41775.20000000134 34209.0 5120408.0
99 4.94999999999999 13462.0 0 0 66636.89999999988 41775.20000000134 34209.0 5120408.0
