1500
0 79435 1 2146 1 1 1 0.4
0 172439 4 4734 1 1 1 0.4
0 151164 6 3890 1 1 1 0.4
0 161284 9 3858 1 10 1 0.4
0 115452 15 2949 1 1 1 0.4
0 133701 16 2931 1 1 1 0.4
0 119297 19 3203 1 1 1 0.4
0 112703 26 3225 1 1 1 0.4
0 150705 30 4351 1 1 0 0.4
0 61303 32 1599 1 1 1 0.4
0 177215 37 3713 1 10 0 0.4
0 136996 39 2802 1 10 1 0.4
0 165477 40 3479 1 1 0 0.4
0 122945 40 2865 1 10 1 0.4
0 143178 43 3412 1 1 0 0.4
0 129383 45 3496 1 1 1 0.4
0 96881 48 2585 1 10 1 0.4
0 113684 51 2593 1 1 1 0.4
0 148509 53 3296 1 1 0 0.4
0 64891 55 1335 1 50 1 0.4
0 105554 59 2812 1 10 0 0.4
0 78050 60 1585 1 50 1 0.4
0 87910 60 2334 1 1 1 0.4
0 145986 61 3119 1 1 0 0.4
0 72854 61 1841 1 1 1 0.4
0 129428 64 3243 1 1 0 0.4
0 164725 65 4168 1 10 1 0.4
0 178402 65 3616 1 10 0 0.4
0 92039 66 2156 1 1 0 0.4
0 159142 67 3420 1 50 1 0.4
0 167814 69 4083 1 1 0 0.4
0 94114 72 2685 1 10 1 0.4
0 108901 73 3106 1 10 1 0.4
0 77226 76 1940 1 1 0 0.4
0 120744 78 2518 1 1 1 0.4
0 163732 79 4138 1 1 1 0.4
0 135547 81 3750 1 10 0 0.4
0 105143 95 2275 1 10 0 0.4
0 132740 96 3459 1 1 0 0.4
0 175579 98 5011 1 1 1 0.4
0 87801 102 2342 1 1 1 0.4
0 83438 103 2490 1 10 1 0.4
0 140138 103 3315 1 1 1 0.4
0 168878 104 3676 1 1 0 0.4
0 168485 104 3933 1 10 1 0.4
0 86887 110 2025 1 10 1 0.4
0 127053 112 3698 1 10 0 0.4
0 142686 113 3103 1 1 1 0.4
0 73320 122 2040 1 1 0 0.4
0 120031 123 3106 1 1 1 0.4
0 136012 125 3223 1 10 1 0.4
0 128047 127 3738 1 1 0 0.4
0 137306 127 3077 1 1 0 0.4
0 126019 131 2829 1 1 1 0.4
0 124868 132 3332 1 1 0 0.4
0 161454 133 3887 1 1 1 0.4
0 112511 139 2403 1 1 1 0.4
0 126299 141 3654 1 1 1 0.4
0 77010 143 2005 1 50 0 0.4
0 155271 149 3866 1 1 1 0.4
0 84663 151 2531 1 1 0 0.4
0 132470 151 3642 1 1 1 0.4
0 137900 156 3356 1 1 0 0.4
0 168974 158 4414 1 10 0 0.4
0 87512 158 2091 1 1 1 0.4
0 177327 158 4212 1 50 0 0.4
0 72513 159 1877 1 10 0 0.4
0 73513 160 2029 1 1 0 0.4
0 135864 168 3197 1 1 1 0.4
0 139247 168 3998 1 1 1 0.4
0 120217 172 3109 1 50 1 0.4
0 128561 172 3442 1 1 0 0.4
0 112012 172 2787 1 1 1 0.4
0 95553 173 2585 1 1 1 0.4
0 163088 175 4817 1 1 1 0.4
0 174477 180 4227 1 1 0 0.4
0 88128 182 2296 1 1 0 0.4
0 70665 183 1661 1 1 0 0.4
0 154964 187 3988 1 10 1 0.4
0 164289 187 4386 1 1 1 0.4
0 73892 192 2062 1 1 1 0.4
0 159569 194 3665 1 10 0 0.4
0 128541 199 3104 1 1 1 0.4
0 167700 201 4833 1 10 0 0.4
0 141163 203 3622 1 50 0 0.4
0 142077 204 4136 1 10 1 0.4
0 142331 209 3696 1 10 1 0.4
0 136048 211 2815 1 1 0 0.4
0 157329 212 4591 1 1 1 0.4
0 90071 214 2552 1 10 1 0.4
0 123302 214 2943 1 10 1 0.4
0 95324 215 2179 1 10 0 0.4
0 118360 215 3342 1 10 0 0.4
0 107256 223 3095 1 1 1 0.4
0 175795 230 3783 1 10 0 0.4
0 156812 233 3810 1 1 0 0.4
0 150742 235 4017 1 1 1 0.4
0 175465 236 4882 1 1 0 0.4
0 165596 239 3324 1 1 0 0.4
0 81458 247 1839 1 1 1 0.4
0 89921 248 2409 1 1 1 0.4
0 136729 248 3841 1 10 0 0.4
0 155647 250 3897 1 1 0 0.4
0 155932 252 3802 1 10 0 0.4
0 144988 255 3547 1 1 1 0.4
0 159592 256 3272 1 50 0 0.4
0 99052 256 2802 1 1 0 0.4
0 80468 261 2387 1 10 1 0.4
0 148467 263 3064 1 10 1 0.4
0 135063 264 3916 1 10 1 0.4
0 142528 265 3581 1 50 0 0.4
0 158629 266 3521 1 1 1 0.4
0 70551 270 1673 1 1 0 0.4
0 106554 273 2680 1 1 1 0.4
0 111301 289 2863 1 10 0 0.4
0 125946 289 3429 1 10 0 0.4
0 147634 294 3382 1 10 1 0.4
0 176630 304 4364 1 1 1 0.4
0 118321 312 3317 1 1 1 0.4
0 107249 319 3184 1 1 1 0.4
0 163412 323 4137 1 1 0 0.4
0 87466 324 1759 1 50 1 0.4
0 76557 329 1833 1 1 0 0.4
0 90145 334 2004 1 10 1 0.4
0 63015 334 1616 1 50 0 0.4
0 78045 335 2326 1 1 1 0.4
0 169738 340 4155 1 10 0 0.4
0 155195 342 4268 1 10 1 0.4
0 170641 344 3656 1 1 1 0.4
0 172916 345 4111 1 1 1 0.4
0 88009 346 1948 1 50 1 0.4
0 176156 346 4594 1 1 0 0.4
0 143521 347 3289 1 1 0 0.4
0 148050 348 4258 1 1 1 0.4
0 96901 351 2189 1 10 1 0.4
0 115370 354 2568 1 1 1 0.4
0 164253 354 3900 1 10 0 0.4
0 79757 358 2070 1 1 1 0.4
0 159874 359 3556 1 1 0 0.4
0 142944 364 3030 1 1 1 0.4
0 134589 365 3947 1 1 0 0.4
0 115167 366 2799 1 1 0 0.4
0 96051 369 2663 1 50 1 0.4
0 123583 372 3043 1 1 0 0.4
0 116923 374 2380 1 10 0 0.4
0 94803 377 2475 1 10 0 0.4
0 75693 378 1587 1 1 1 0.4
0 73248 380 1592 1 1 0 0.4
0 145427 380 3816 1 1 0 0.4
0 82436 380 1704 1 1 1 0.4
0 118959 382 3381 1 1 1 0.4
0 132847 387 3231 1 1 1 0.4
0 95239 390 2416 1 1 0 0.4
0 128888 391 2995 1 10 0 0.4
0 98912 395 2663 1 1 1 0.4
0 133496 400 3456 1 1 1 0.4
0 140134 402 3231 1 1 0 0.4
0 156550 402 3516 1 10 1 0.4
0 125445 402 3340 1 1 1 0.4
0 127956 405 3645 1 1 0 0.4
0 137357 412 3538 1 10 1 0.4
0 62403 414 1381 1 1 1 0.4
0 100615 419 3013 1 10 1 0.4
0 102571 421 3069 1 1 1 0.4
0 123390 422 3576 1 10 1 0.4
0 159933 424 3871 1 50 1 0.4
0 108203 425 2877 1 50 0 0.4
0 110179 425 2994 1 10 1 0.4
0 141596 425 3121 1 10 1 0.4
0 117969 430 3023 1 1 0 0.4
0 119959 435 3230 1 10 0 0.4
0 154736 440 3849 1 1 1 0.4
0 172121 445 4972 1 1 1 0.4
0 114283 446 3099 1 10 1 0.4
0 143053 446 4246 1 1 0 0.4
0 166893 450 3539 1 1 1 0.4
0 91394 450 2562 1 10 1 0.4
0 166650 451 3589 1 10 1 0.4
0 119235 454 3295 1 10 0 0.4
0 118316 456 3417 1 1 0 0.4
0 91736 458 2108 1 1 0 0.4
0 82830 459 1970 1 10 0 0.4
0 62658 460 1788 1 1 0 0.4
0 139059 461 3790 1 1 0 0.4
0 152843 462 4452 1 1 1 0.4
0 105339 464 2971 1 1 1 0.4
0 129075 467 3638 1 10 1 0.4
0 93033 470 2222 1 10 0 0.4
0 176412 470 5288 1 10 1 0.4
0 129573 472 3724 1 1 0 0.4
0 136104 473 2776 1 10 1 0.4
0 118293 476 3166 1 1 1 0.4
0 104156 479 2690 1 1 0 0.4
0 154416 483 4058 1 1 0 0.4
0 71965 484 1574 1 10 0 0.4
0 89667 487 2069 1 10 1 0.4
0 126131 487 3581 1 10 1 0.4
0 174431 487 4849 1 10 0 0.4
0 96515 487 2666 1 1 1 0.4
0 96937 490 2651 1 1 1 0.4
0 112895 495 2941 1 1 1 0.4
0 172895 496 4058 1 1 1 0.4
0 126088 497 2964 1 1 1 0.4
0 171628 501 4871 1 1 1 0.4
0 76681 501 1925 1 1 0 0.4
0 174055 504 4318 1 1 1 0.4
0 130156 506 2765 1 1 0 0.4
0 67303 507 1829 1 10 0 0.4
0 139581 507 3073 1 1 0 0.4
0 107190 510 2328 1 1 0 0.4
0 176181 514 4933 1 1 0 0.4
0 118318 515 3394 1 1 0 0.4
0 84715 519 2275 1 1 0 0.4
0 135920 521 3179 1 1 1 0.4
0 161020 522 3246 1 1 1 0.4
0 177311 522 4657 1 50 1 0.4
0 66612 523 1378 1 10 0 0.4
0 97939 530 2834 1 10 0 0.4
0 140583 532 4184 1 10 0 0.4
0 70547 533 1811 1 1 0 0.4
0 99611 537 2386 1 1 1 0.4
0 70456 537 1504 1 1 1 0.4
0 126401 538 3719 1 1 0 0.4
0 76212 541 1541 1 1 1 0.4
0 66733 545 1414 1 10 1 0.4
0 60421 548 1799 1 1 1 0.4
0 153676 555 4519 1 1 0 0.4
0 61400 556 1817 1 1 1 0.4
0 149097 557 4467 1 50 1 0.4
0 90379 561 2673 1 1 0 0.4
0 64226 562 1710 1 1 0 0.4
0 162916 562 4075 1 10 1 0.4
0 104302 563 3058 1 1 0 0.4
0 136574 564 2947 1 1 0 0.4
0 108082 567 2601 1 1 1 0.4
0 179269 570 4283 1 10 0 0.4
0 110772 570 3020 1 50 0 0.4
0 81104 576 1723 1 1 0 0.4
0 60138 576 1298 1 1 0 0.4
0 124763 583 3180 1 10 0 0.4
0 173133 585 4985 1 1 0 0.4
0 170005 585 4394 1 1 1 0.4
0 146259 586 4193 1 10 0 0.4
0 172008 587 4533 1 10 0 0.4
0 77723 589 1882 1 1 1 0.4
0 170239 590 5001 1 10 1 0.4
0 119273 597 3253 1 1 0 0.4
0 130987 601 3691 1 1 0 0.4
0 92903 601 2684 1 1 0 0.4
0 177634 602 3842 1 1 0 0.4
0 160647 602 3904 1 1 1 0.4
0 90387 607 2064 1 1 0 0.4
0 84105 608 2103 1 10 0 0.4
0 116403 610 2409 1 1 1 0.4
0 74605 611 1805 1 1 1 0.4
0 80062 611 1743 1 10 0 0.4
0 150400 612 3444 1 1 1 0.4
0 129953 615 3159 1 1 1 0.4
0 133327 615 3296 1 50 1 0.4
0 82060 619 2014 1 1 0 0.4
0 70467 620 1796 1 1 1 0.4
0 124886 626 3698 1 50 0 0.4
0 85785 629 1836 1 1 0 0.4
0 122401 632 3491 1 50 1 0.4
0 149422 633 3126 1 1 1 0.4
0 125106 635 2921 1 1 1 0.4
0 66531 641 1449 1 1 0 0.4
0 143596 646 3931 1 1 0 0.4
0 66726 648 1387 1 1 0 0.4
0 150244 648 3725 1 1 0 0.4
0 165281 649 4343 1 10 0 0.4
0 125070 652 2874 1 10 0 0.4
0 60463 653 1265 1 1 0 0.4
0 105893 654 3088 1 1 0 0.4
0 137006 655 3936 1 1 0 0.4
0 169268 659 4409 1 10 1 0.4
0 105256 660 2641 1 1 0 0.4
0 73870 660 1584 1 1 0 0.4
0 113281 663 3385 1 10 0 0.4
0 158120 663 4459 1 1 0 0.4
0 91308 664 2486 1 1 0 0.4
0 104835 666 2484 1 1 0 0.4
0 133644 668 3398 1 1 1 0.4
0 127797 669 3287 1 1 0 0.4
0 170563 669 4348 1 10 0 0.4
0 85167 670 1838 1 1 0 0.4
0 143539 679 3334 1 1 1 0.4
0 150659 680 4073 1 10 0 0.4
0 78077 685 2063 1 1 0 0.4
0 61596 687 1647 1 1 0 0.4
0 171238 689 4141 1 10 1 0.4
0 130856 690 3338 1 10 1 0.4
0 130145 691 2929 1 10 0 0.4
0 144365 696 3317 1 1 1 0.4
0 104012 700 2919 1 1 1 0.4
0 100559 701 2247 1 1 0 0.4
0 72797 702 1679 1 50 1 0.4
0 130185 702 3654 1 1 1 0.4
0 145744 703 3405 1 10 1 0.4
0 135913 706 2811 1 10 1 0.4
0 142621 709 3840 1 1 0 0.4
0 143799 710 3212 1 1 0 0.4
0 155609 710 4516 1 1 1 0.4
0 152516 711 3520 1 50 1 0.4
0 63705 713 1309 1 1 1 0.4
0 64070 715 1782 1 1 1 0.4
0 105044 722 2892 1 1 0 0.4
0 61989 724 1566 1 1 0 0.4
0 156278 724 3951 1 1 1 0.4
0 75995 727 1689 1 1 1 0.4
0 137326 727 4114 1 1 0 0.4
0 69649 732 1552 1 1 0 0.4
0 125740 732 3719 1 1 1 0.4
0 98356 734 2409 1 50 0 0.4
0 116662 738 2576 1 50 1 0.4
0 91601 739 1917 1 1 0 0.4
0 97357 744 2569 1 10 0 0.4
0 67377 747 1653 1 1 0 0.4
0 179416 747 5022 1 10 0 0.4
0 114927 748 2298 1 1 0 0.4
0 111094 751 2385 1 1 1 0.4
0 97799 752 1995 1 10 1 0.4
0 151945 752 3416 1 10 0 0.4
0 63641 752 1597 1 1 0 0.4
0 136539 754 2998 1 1 1 0.4
0 164028 754 3755 1 1 1 0.4
0 101638 759 2432 1 1 0 0.4
0 143877 759 3770 1 1 1 0.4
0 103769 760 2844 1 50 0 0.4
0 85381 762 2025 1 1 0 0.4
0 74993 765 2217 1 1 1 0.4
0 152344 768 4015 1 1 1 0.4
0 68790 770 1745 1 10 0 0.4
0 165190 775 3774 1 10 1 0.4
0 139510 777 3598 1 10 0 0.4
0 172725 779 4846 1 10 0 0.4
0 169647 785 3447 1 10 1 0.4
0 107194 785 2811 1 50 1 0.4
0 106249 787 3009 1 10 0 0.4
0 138248 790 3807 1 50 1 0.4
0 85523 792 2412 1 10 1 0.4
0 151077 792 4191 1 10 1 0.4
0 168123 793 3475 1 10 0 0.4
0 160999 793 4342 1 1 0 0.4
0 89816 794 2558 1 1 1 0.4
0 121378 799 3486 1 50 0 0.4
0 96280 801 2392 1 10 0 0.4
0 172182 804 3513 1 10 0 0.4
0 83393 804 2005 1 1 1 0.4
0 172319 808 4691 1 1 0 0.4
0 89349 810 2533 1 10 1 0.4
0 79184 812 1843 1 50 0 0.4
0 139948 812 2827 1 1 0 0.4
0 87392 813 1784 1 1 0 0.4
0 179371 815 4793 1 10 0 0.4
0 138530 816 3455 1 10 1 0.4
0 162914 817 3598 1 1 1 0.4
0 131885 819 3661 1 50 0 0.4
0 101556 821 2610 1 10 1 0.4
0 140433 822 3592 1 10 1 0.4
0 97912 826 2914 1 50 0 0.4
0 75930 828 2260 1 1 0 0.4
0 144020 830 3315 1 1 0 0.4
0 74268 833 2034 1 10 0 0.4
0 92578 835 1939 1 1 0 0.4
0 152177 841 4408 1 1 1 0.4
0 138847 843 3838 1 50 0 0.4
0 126436 844 3727 1 1 1 0.4
0 177339 848 3914 1 1 0 0.4
0 160029 850 4207 1 10 0 0.4
0 172300 851 4478 1 50 1 0.4
0 116364 852 2834 1 10 1 0.4
0 98316 853 2689 1 1 0 0.4
0 130607 854 3468 1 1 1 0.4
0 126178 856 2904 1 10 1 0.4
0 170910 856 4186 1 50 0 0.4
0 62527 857 1637 1 1 1 0.4
0 121930 858 3504 1 10 0 0.4
0 150544 862 3752 1 10 1 0.4
0 115696 863 3125 1 10 1 0.4
0 122648 863 3276 1 1 1 0.4
0 159016 864 3629 1 1 1 0.4
0 115955 865 2993 1 1 1 0.4
0 64065 874 1601 1 1 0 0.4
0 140266 874 3244 1 1 0 0.4
0 89446 875 2188 1 10 1 0.4
0 105247 877 2362 1 10 0 0.4
0 157735 880 4665 1 1 1 0.4
0 151018 884 3294 1 1 1 0.4
0 82491 885 1970 1 1 0 0.4
0 105121 885 2195 1 1 0 0.4
0 116117 887 3004 1 50 1 0.4
0 66736 889 1637 1 10 0 0.4
0 140920 897 2861 1 1 1 0.4
0 156011 899 3708 1 10 0 0.4
0 125093 899 3529 1 10 0 0.4
0 126396 906 3604 1 1 0 0.4
0 178905 909 3579 1 10 1 0.4
0 118594 911 2843 1 1 0 0.4
0 103654 915 2742 1 50 0 0.4
0 177289 916 4915 1 1 0 0.4
0 173097 920 3631 1 50 1 0.4
0 60852 921 1249 1 1 1 0.4
0 65316 923 1923 1 1 0 0.4
0 117889 923 3448 1 1 0 0.4
0 135893 926 4070 1 10 1 0.4
0 158375 927 4190 1 10 1 0.4
0 85768 928 1842 1 10 1 0.4
0 124673 932 3294 1 1 0 0.4
0 134144 935 3701 1 10 0 0.4
0 174425 935 5152 1 10 1 0.4
0 129503 935 3033 1 1 1 0.4
0 69456 936 1919 1 1 0 0.4
0 71565 938 1932 1 10 0 0.4
0 76667 938 1535 1 10 1 0.4
0 151428 939 3705 1 1 1 0.4
0 135332 944 3958 1 1 0 0.4
0 118824 953 3000 1 10 1 0.4
0 75976 958 2188 1 10 0 0.4
0 136055 958 3269 1 10 0 0.4
0 92574 960 2190 1 10 1 0.4
0 106214 961 2609 1 1 0 0.4
0 151828 962 3926 1 1 0 0.4
0 174833 963 4700 1 1 0 0.4
0 94437 966 2026 1 1 0 0.4
0 144989 967 3984 1 1 1 0.4
0 75720 969 1595 1 1 0 0.4
0 112494 979 3088 1 1 1 0.4
0 149429 981 4063 1 10 1 0.4
0 177065 983 4419 1 1 1 0.4
0 72012 984 2156 1 1 0 0.4
0 134029 990 3167 1 10 1 0.4
0 106717 994 2622 1 50 0 0.4
0 133419 1000 2957 1 1 0 0.4
0 129368 1010 2754 1 50 1 0.4
0 122879 1013 2883 1 1 1 0.4
0 117885 1014 2938 1 1 1 0.4
0 94102 1016 2749 1 10 1 0.4
0 69349 1020 1836 1 50 0 0.4
0 164434 1029 3734 1 50 0 0.4
0 110733 1034 2220 1 10 0 0.4
0 100208 1035 2907 1 1 1 0.4
0 140350 1038 4200 1 50 0 0.4
0 65532 1039 1754 1 10 0 0.4
0 136082 1039 3737 1 10 1 0.4
0 81673 1039 2108 1 10 1 0.4
0 157917 1044 3444 1 50 1 0.4
0 100951 1045 2309 1 10 1 0.4
0 118471 1046 2482 1 1 0 0.4
0 123819 1046 2919 1 1 1 0.4
0 118964 1047 3094 1 10 0 0.4
0 108997 1047 2428 1 10 0 0.4
0 172558 1049 4588 1 1 1 0.4
0 148755 1051 4383 1 1 1 0.4
0 89637 1055 2605 1 1 0 0.4
0 178198 1055 4031 1 10 0 0.4
0 122319 1058 2890 1 50 1 0.4
0 124055 1058 2652 1 10 0 0.4
0 97571 1059 2774 1 10 0 0.4
0 65054 1059 1669 1 1 0 0.4
0 164201 1059 4829 1 1 1 0.4
0 109822 1071 2337 1 50 0 0.4
0 102580 1073 2121 1 10 1 0.4
0 81384 1074 1856 1 10 1 0.4
0 78527 1075 1781 1 1 1 0.4
0 92715 1075 2579 1 10 0 0.4
0 109804 1076 2990 1 50 0 0.4
0 169842 1080 3558 1 1 0 0.4
0 62374 1083 1431 1 1 1 0.4
0 63981 1084 1835 1 1 0 0.4
0 61912 1086 1555 1 10 0 0.4
0 90953 1087 2472 1 10 0 0.4
0 67425 1092 1654 1 10 1 0.4
0 131399 1093 2742 1 1 1 0.4
0 174591 1097 3521 1 1 1 0.4
0 125365 1099 3637 1 10 0 0.4
0 139877 1100 4150 1 1 0 0.4
0 91005 1101 2048 1 1 0 0.4
0 68663 1104 1756 1 1 0 0.4
0 129950 1106 2890 1 1 0 0.4
0 96309 1108 2247 1 1 1 0.4
0 140759 1108 3253 1 50 1 0.4
0 97413 1108 2763 1 1 0 0.4
0 78090 1109 1612 1 10 1 0.4
0 84423 1111 1842 1 10 1 0.4
0 125654 1111 3590 1 1 0 0.4
0 65599 1112 1721 1 1 1 0.4
0 160111 1112 3510 1 1 1 0.4
0 84189 1113 1896 1 1 0 0.4
0 105167 1115 2206 1 1 0 0.4
0 81823 1116 2168 1 10 0 0.4
0 165216 1117 3530 1 1 0 0.4
0 163573 1118 4443 1 1 1 0.4
0 85869 1123 2117 1 50 1 0.4
0 150592 1127 3431 1 50 0 0.4
0 80084 1133 1768 1 50 1 0.4
0 161207 1134 3325 1 1 1 0.4
0 75346 1134 2173 1 50 1 0.4
0 143857 1134 3686 1 10 1 0.4
0 99552 1142 2933 1 1 0 0.4
0 155866 1146 4450 1 1 0 0.4
0 174252 1150 4757 1 1 0 0.4
0 146078 1150 3427 1 1 1 0.4
0 87219 1153 2532 1 1 1 0.4
0 156864 1154 3583 1 1 1 0.4
0 132426 1159 3013 1 50 0 0.4
0 79928 1161 1932 1 1 0 0.4
0 135866 1165 3234 1 50 0 0.4
0 134770 1166 3748 1 1 1 0.4
0 140278 1167 4112 1 1 0 0.4
0 111808 1170 2816 1 50 1 0.4
0 151082 1171 3320 1 1 1 0.4
0 60196 1174 1520 1 10 1 0.4
0 141635 1193 3030 1 10 0 0.4
0 156259 1196 3632 1 10 1 0.4
0 179649 1197 4066 1 10 0 0.4
0 176306 1199 4075 1 1 1 0.4
0 127115 1199 3412 1 1 1 0.4
0 135138 1203 3301 1 1 1 0.4
0 81134 1205 2140 1 1 1 0.4
0 88874 1206 2495 1 1 1 0.4
0 160187 1215 4306 1 1 0 0.4
0 127010 1216 3205 1 1 1 0.4
0 93265 1217 2171 1 10 1 0.4
0 167385 1220 4371 1 50 1 0.4
0 159162 1221 4468 1 1 1 0.4
0 175990 1222 4525 1 1 0 0.4
0 83608 1222 2099 1 1 1 0.4
0 153769 1226 3261 1 50 1 0.4
0 172534 1229 5127 1 10 0 0.4
0 114323 1233 2688 1 10 1 0.4
0 80469 1235 2098 1 1 0 0.4
0 142664 1235 4251 1 1 1 0.4
0 137391 1236 2804 1 1 1 0.4
0 79713 1238 1838 1 10 1 0.4
0 78881 1241 2118 1 1 1 0.4
0 94059 1241 2719 1 10 1 0.4
0 116001 1241 3166 1 1 1 0.4
0 83556 1242 2201 1 1 0 0.4
0 133941 1250 3957 1 1 1 0.4
0 139934 1255 2949 1 50 0 0.4
0 177458 1255 4098 1 50 1 0.4
0 87377 1257 2332 1 1 0 0.4
0 94598 1261 2072 1 10 0 0.4
0 129430 1265 3332 1 1 1 0.4
0 175727 1266 4100 1 1 1 0.4
0 141424 1272 2858 1 50 0 0.4
0 73637 1272 1666 1 1 1 0.4
0 145092 1273 3961 1 50 0 0.4
0 175669 1273 4280 1 1 0 0.4
0 135140 1274 2821 1 1 0 0.4
0 71905 1277 2119 1 1 0 0.4
0 102629 1285 2627 1 1 1 0.4
0 100668 1290 2199 1 10 0 0.4
0 120827 1292 2458 1 10 0 0.4
0 75295 1300 2047 1 1 0 0.4
0 78953 1302 2137 1 10 1 0.4
0 85477 1304 1830 1 1 1 0.4
0 179752 1308 3674 1 10 1 0.4
0 155632 1311 3747 1 1 1 0.4
0 149522 1314 3782 1 10 1 0.4
0 170342 1321 4604 1 1 0 0.4
0 152324 1326 3376 1 1 1 0.4
0 94555 1327 2129 1 10 0 0.4
0 140019 1327 3318 1 1 0 0.4
0 98648 1333 2294 1 1 0 0.4
0 161996 1335 4278 1 1 0 0.4
0 106197 1340 2512 1 1 1 0.4
0 139787 1344 3397 1 10 1 0.4
0 120289 1346 3333 1 10 0 0.4
0 129863 1346 2888 1 1 1 0.4
0 151977 1350 3763 1 10 1 0.4
0 176423 1350 3899 1 1 0 0.4
0 105575 1352 2954 1 1 0 0.4
0 123528 1357 2849 1 1 0 0.4
0 150983 1359 3526 1 1 0 0.4
0 157147 1359 3481 1 10 0 0.4
0 65874 1360 1565 1 1 1 0.4
0 141439 1362 2863 1 1 1 0.4
0 62283 1375 1345 1 1 0 0.4
0 96121 1382 2267 1 50 0 0.4
0 154939 1384 4236 1 1 0 0.4
0 75427 1386 1662 1 1 1 0.4
0 146273 1389 4313 1 50 1 0.4
0 178181 1391 3945 1 1 0 0.4
0 105697 1396 2254 1 1 0 0.4
0 135982 1397 3372 1 10 1 0.4
0 89176 1398 2504 1 10 1 0.4
0 127291 1399 2915 1 50 1 0.4
0 119116 1400 3427 1 1 0 0.4
0 108500 1401 3084 1 10 0 0.4
0 96520 1402 2523 1 50 0 0.4
0 154212 1404 4416 1 1 0 0.4
0 108835 1410 2193 1 10 0 0.4
0 177822 1411 4450 1 10 1 0.4
0 110011 1413 2501 1 10 1 0.4
0 72571 1413 1613 1 1 1 0.4
0 152843 1420 3342 1 1 1 0.4
0 99874 1420 2052 1 1 1 0.4
0 161649 1421 4259 1 50 1 0.4
0 90324 1423 2209 1 1 1 0.4
0 106118 1424 2618 1 1 1 0.4
0 109597 1428 2931 1 1 0 0.4
0 75142 1431 1836 1 50 1 0.4
0 72427 1431 2143 1 1 1 0.4
0 67105 1432 1449 1 1 1 0.4
0 62939 1433 1553 1 1 0 0.4
0 174043 1433 4008 1 1 1 0.4
0 96564 1437 2603 1 1 1 0.4
0 65517 1440 1866 1 1 1 0.4
0 90678 1440 1942 1 1 1 0.4
0 96493 1443 2495 1 1 0 0.4
0 64200 1445 1355 1 1 1 0.4
0 138388 1448 3561 1 10 0 0.4
0 60020 1450 1504 1 1 0 0.4
0 142121 1450 3019 1 10 0 0.4
0 95249 1451 2146 1 1 0 0.4
0 156665 1452 3166 1 1 1 0.4
0 179460 1453 4739 1 1 0 0.4
0 90318 1454 2102 1 1 0 0.4
0 104581 1456 3076 1 1 0 0.4
0 87836 1462 2142 1 1 0 0.4
0 66835 1463 1625 1 10 0 0.4
0 154218 1466 3586 1 1 1 0.4
0 86375 1468 2470 1 1 0 0.4
0 133963 1468 2761 1 1 1 0.4
0 64668 1477 1392 1 1 1 0.4
0 128841 1483 2871 1 10 0 0.4
0 139385 1485 3965 1 1 0 0.4
0 138438 1486 2945 1 1 1 0.4
0 107413 1487 3121 1 1 1 0.4
0 60665 1488 1228 1 1 1 0.4
0 135310 1490 2764 1 1 0 0.4
0 147693 1491 3733 1 1 0 0.4
0 173984 1492 4301 1 1 1 0.4
0 61387 1495 1498 1 1 1 0.4
0 97082 1496 2709 1 1 1 0.4
0 76967 1497 1816 1 50 0 0.4
0 130053 1497 2765 1 10 1 0.4
0 101043 1500 2604 1 1 0 0.4
0 110346 1501 3102 1 10 0 0.4
0 64947 1504 1511 1 1 0 0.4
0 103334 1505 2237 1 10 0 0.4
0 114042 1507 3364 1 10 1 0.4
0 178800 1509 5107 1 1 1 0.4
0 88294 1511 2284 1 10 1 0.4
0 101390 1532 2728 1 10 0 0.4
0 159341 1534 3198 1 10 1 0.4
0 131921 1537 2651 1 1 1 0.4
0 128522 1537 3629 1 1 1 0.4
0 141438 1538 3553 1 1 0 0.4
0 84981 1540 2190 1 1 1 0.4
0 167191 1540 3885 1 50 1 0.4
0 130169 1541 3236 1 1 1 0.4
0 176625 1546 3655 1 10 1 0.4
0 147199 1547 3061 1 1 1 0.4
0 123503 1549 3240 1 1 0 0.4
0 68838 1549 1588 1 1 1 0.4
0 151528 1550 3071 1 10 0 0.4
0 178078 1550 4774 1 1 1 0.4
0 82376 1554 1661 1 10 1 0.4
0 105474 1557 2441 1 10 1 0.4
0 95107 1562 2037 1 1 1 0.4
0 77675 1563 1674 1 1 1 0.4
0 82481 1565 2398 1 1 0 0.4
0 84021 1570 1857 1 1 1 0.4
0 171059 1572 4581 1 50 1 0.4
0 151510 1574 3531 1 50 0 0.4
0 70743 1575 2031 1 1 1 0.4
0 73701 1575 1603 1 1 1 0.4
0 131157 1578 3351 1 1 0 0.4
0 60778 1583 1776 1 1 0 0.4
0 158336 1586 3319 1 1 1 0.4
0 133630 1588 3793 1 50 1 0.4
0 91854 1590 2636 1 10 1 0.4
0 173398 1601 4721 1 50 1 0.4
0 160674 1603 4537 1 10 0 0.4
0 130375 1607 2863 1 1 0 0.4
0 109332 1610 2944 1 10 1 0.4
0 128663 1611 3025 1 10 1 0.4
0 156496 1612 3415 1 1 0 0.4
0 173636 1616 3925 1 50 1 0.4
0 163198 1616 4840 1 50 1 0.4
0 61568 1617 1267 1 1 0 0.4
0 139762 1618 2838 1 1 1 0.4
0 82235 1619 2016 1 1 0 0.4
0 158603 1621 4222 1 1 0 0.4
0 101652 1625 2821 1 1 0 0.4
0 79421 1631 2307 1 1 1 0.4
0 168241 1635 3750 1 50 1 0.4
0 81287 1636 2291 1 1 1 0.4
0 119458 1639 2394 1 10 1 0.4
0 100008 1640 2997 1 50 0 0.4
0 77959 1647 2226 1 1 0 0.4
0 178382 1653 3874 1 10 1 0.4
0 134917 1655 3849 1 1 0 0.4
0 80324 1661 1621 1 1 0 0.4
0 63147 1662 1606 1 50 1 0.4
0 178492 1663 4013 1 10 1 0.4
0 139255 1664 3767 1 1 1 0.4
0 76214 1665 1813 1 50 1 0.4
0 60709 1667 1759 1 1 0 0.4
0 108737 1667 2686 1 1 1 0.4
0 168222 1669 3536 1 1 1 0.4
0 152558 1669 3116 1 10 1 0.4
0 157814 1672 3662 1 1 1 0.4
0 131533 1676 3134 1 1 1 0.4
0 79780 1679 2007 1 10 1 0.4
0 80564 1680 2404 1 1 1 0.4
0 137869 1684 3375 1 1 0 0.4
0 149426 1686 3190 1 1 0 0.4
0 170727 1686 3564 1 1 0 0.4
0 83886 1687 1951 1 1 0 0.4
0 128586 1688 2890 1 10 0 0.4
0 63099 1691 1765 1 10 0 0.4
0 119327 1693 2523 1 10 1 0.4
0 81319 1694 1636 1 1 1 0.4
0 118637 1696 2507 1 1 0 0.4
0 75310 1697 2055 1 1 0 0.4
0 131019 1702 3060 1 10 0 0.4
0 166059 1702 4738 1 1 1 0.4
0 117203 1703 3333 1 10 0 0.4
0 154187 1704 3662 1 1 0 0.4
0 130589 1711 3807 1 10 0 0.4
0 158170 1715 3405 1 10 1 0.4
0 130965 1715 3386 1 1 0 0.4
0 178993 1716 4367 1 1 0 0.4
0 169966 1718 4690 1 10 0 0.4
0 92037 1720 2242 1 10 1 0.4
0 102638 1723 2587 1 10 0 0.4
0 173742 1724 3583 1 10 1 0.4
0 81327 1726 2305 1 1 1 0.4
0 90266 1727 2523 1 10 1 0.4
0 64819 1728 1519 1 1 0 0.4
0 78768 1729 1957 1 1 0 0.4
0 121596 1739 3137 1 1 1 0.4
0 171668 1740 4240 1 1 0 0.4
0 82079 1740 2042 1 1 1 0.4
0 111663 1742 2244 1 10 1 0.4
0 144135 1743 3587 1 1 0 0.4
0 136840 1745 4029 1 10 0 0.4
0 105005 1745 2688 1 1 1 0.4
0 61298 1745 1246 1 1 0 0.4
0 70883 1747 1901 1 50 1 0.4
0 84464 1747 1693 1 1 0 0.4
0 138986 1749 2980 1 1 0 0.4
0 63783 1749 1708 1 1 1 0.4
0 130065 1757 3285 1 1 1 0.4
0 101112 1757 2494 1 1 1 0.4
0 88639 1758 2067 1 10 1 0.4
0 109633 1763 3151 1 10 1 0.4
0 177584 1771 4018 1 10 0 0.4
0 150022 1772 3352 1 10 1 0.4
0 97993 1775 2357 1 1 1 0.4
0 103587 1777 2352 1 1 0 0.4
0 163566 1777 3639 1 1 0 0.4
0 111444 1780 2867 1 10 1 0.4
0 62458 1783 1358 1 50 1 0.4
0 70020 1784 1764 1 1 0 0.4
0 128956 1791 3572 1 50 0 0.4
0 122567 1791 2996 1 10 0 0.4
0 150486 1795 4229 1 1 1 0.4
0 173329 1798 4235 1 1 0 0.4
0 96172 1799 2528 1 1 1 0.4
0 126001 1808 3596 1 1 1 0.4
0 91009 1809 1983 1 50 1 0.4
0 87153 1810 2005 1 1 1 0.4
0 121041 1812 2724 1 1 0 0.4
0 101168 1813 2565 1 10 0 0.4
0 108644 1816 2331 1 50 1 0.4
0 163992 1818 3297 1 10 1 0.4
0 100157 1822 2736 1 10 0 0.4
0 114922 1823 2581 1 1 0 0.4
0 85362 1824 2481 1 1 0 0.4
0 78878 1829 1681 1 10 1 0.4
0 121358 1831 3490 1 1 1 0.4
0 155685 1833 4631 1 1 0 0.4
0 73913 1833 1508 1 10 0 0.4
0 87979 1839 2550 1 1 1 0.4
0 177975 1843 4691 1 50 0 0.4
0 167322 1847 4674 1 1 1 0.4
0 88878 1847 2323 1 10 1 0.4
0 166719 1847 3538 1 1 0 0.4
0 90909 1853 2446 1 1 1 0.4
0 65796 1855 1613 1 1 0 0.4
0 83340 1856 2456 1 1 0 0.4
0 151337 1860 4208 1 50 0 0.4
0 64746 1863 1722 1 1 0 0.4
0 68995 1863 1666 1 50 1 0.4
0 151645 1867 3637 1 1 1 0.4
0 175474 1867 4822 1 1 0 0.4
0 112292 1868 2445 1 1 0 0.4
0 140354 1871 2808 1 50 1 0.4
0 71179 1872 1676 1 1 0 0.4
0 111060 1877 2390 1 1 0 0.4
0 165365 1881 4605 1 1 1 0.4
0 153301 1884 3910 1 1 0 0.4
0 110613 1886 2774 1 1 1 0.4
0 157810 1888 4402 1 1 1 0.4
0 162814 1889 3465 1 50 0 0.4
0 128058 1889 3807 1 1 0 0.4
0 74680 1893 1581 1 1 0 0.4
0 145265 1896 4344 1 1 1 0.4
0 108641 1896 2848 1 1 1 0.4
0 89568 1897 1867 1 50 1 0.4
0 154600 1902 4173 1 10 0 0.4
0 160838 1905 3755 1 1 0 0.4
0 157092 1905 3818 1 50 1 0.4
0 139760 1911 3410 1 1 1 0.4
0 147292 1913 4045 1 1 0 0.4
0 150879 1915 4385 1 10 1 0.4
0 107110 1924 2936 1 10 0 0.4
0 80559 1936 2224 1 1 0 0.4
0 159631 1941 4263 1 10 1 0.4
0 76009 1944 1552 1 1 0 0.4
0 74335 1956 2012 1 1 0 0.4
0 156648 1956 4328 1 1 1 0.4
0 132064 1957 2979 1 1 0 0.4
0 92866 1957 2680 1 1 0 0.4
0 158181 1962 4372 1 1 1 0.4
0 121371 1972 3587 1 10 0 0.4
0 67000 1974 1633 1 1 1 0.4
0 158249 1974 4663 1 1 0 0.4
0 82106 1976 2121 1 1 0 0.4
0 109465 1979 2436 1 10 1 0.4
0 146292 1982 4261 1 1 0 0.4
0 178276 1984 4851 1 1 1 0.4
0 78973 1987 1847 1 1 0 0.4
0 69948 1993 1901 1 50 0 0.4
0 125002 1993 2837 1 1 0 0.4
0 93709 1995 2218 1 50 0 0.4
0 94583 1995 2631 1 1 0 0.4
0 155134 2000 4350 1 10 0 0.4
0 78649 2000 2309 1 1 1 0.4
0 160639 2000 3471 1 1 0 0.4
0 138223 2002 3790 1 1 1 0.4
0 139585 2003 2941 1 1 1 0.4
0 101134 2005 2438 1 1 1 0.4
0 177190 2007 4173 1 50 1 0.4
0 164839 2008 3837 1 1 0 0.4
0 144638 2009 3742 1 1 1 0.4
0 65803 2010 1535 1 1 0 0.4
0 128902 2013 2693 1 1 1 0.4
0 159965 2018 4642 1 1 0 0.4
0 90691 2020 2093 1 10 1 0.4
0 115175 2021 2364 1 10 1 0.4
0 74848 2021 1776 1 50 0 0.4
0 107245 2021 2164 1 10 0 0.4
0 97568 2022 2854 1 1 1 0.4
0 126570 2023 3772 1 10 0 0.4
0 130092 2025 2666 1 1 1 0.4
0 70174 2028 1614 1 10 1 0.4
0 128181 2030 3080 1 10 0 0.4
0 160466 2031 3271 1 10 0 0.4
0 158182 2031 3545 1 1 0 0.4
0 72846 2032 1502 1 50 1 0.4
0 136461 2038 3463 1 1 1 0.4
0 159757 2041 4741 1 10 0 0.4
0 112391 2041 3228 1 1 1 0.4
0 92060 2041 2084 1 1 1 0.4
0 161804 2046 3455 1 10 1 0.4
0 123650 2048 3632 1 10 0 0.4
0 91091 2049 1930 1 10 1 0.4
0 118876 2055 2762 1 1 0 0.4
0 105948 2057 3127 1 10 1 0.4
0 64724 2061 1333 1 1 1 0.4
0 112799 2065 3021 1 1 0 0.4
0 85386 2065 2370 1 50 0 0.4
0 138663 2066 3328 1 1 0 0.4
0 150319 2070 3375 1 10 0 0.4
0 106126 2070 2849 1 10 1 0.4
0 80188 2071 1965 1 50 1 0.4
0 173962 2073 4814 1 10 0 0.4
0 151419 2075 3191 1 1 1 0.4
0 94501 2076 2439 1 10 1 0.4
0 94254 2078 1888 1 1 0 0.4
0 79764 2080 1916 1 1 1 0.4
0 141311 2080 3000 1 1 1 0.4
0 140402 2081 2987 1 1 1 0.4
0 154673 2081 3762 1 10 0 0.4
0 151536 2085 4486 1 1 0 0.4
0 139507 2086 3951 1 1 1 0.4
0 130939 2087 3831 1 1 1 0.4
0 63294 2088 1681 1 1 1 0.4
0 153812 2097 3826 1 1 0 0.4
0 139148 2101 3450 1 10 0 0.4
0 121802 2104 3167 1 1 1 0.4
0 79043 2108 2093 1 10 1 0.4
0 172962 2111 5127 1 1 0 0.4
0 74820 2111 1512 1 1 1 0.4
0 75991 2117 1937 1 10 0 0.4
0 114790 2117 3427 1 10 1 0.4
0 117530 2117 2894 1 1 1 0.4
0 137544 2121 3815 1 10 0 0.4
0 61787 2121 1410 1 50 1 0.4
0 61430 2122 1319 1 1 0 0.4
0 131626 2124 3004 1 10 1 0.4
0 80606 2124 2398 1 1 0 0.4
0 98982 2129 2563 1 1 0 0.4
0 65201 2130 1536 1 1 1 0.4
0 89002 2137 2141 1 1 0 0.4
0 177950 2140 4770 1 1 1 0.4
0 127627 2149 3596 1 10 1 0.4
0 80586 2153 1980 1 1 0 0.4
0 133842 2155 3058 1 1 0 0.4
0 79088 2157 1666 1 10 1 0.4
0 163036 2163 3945 1 10 1 0.4
0 66277 2166 1592 1 1 1 0.4
0 144176 2171 3046 1 10 0 0.4
0 71528 2173 1533 1 10 1 0.4
0 169807 2175 4693 1 10 0 0.4
0 144423 2179 3606 1 1 1 0.4
0 158123 2180 3531 1 50 1 0.4
0 114520 2181 2300 1 10 1 0.4
0 79296 2185 1667 1 1 1 0.4
0 64574 2186 1471 1 10 0 0.4
0 144537 2188 3631 1 1 1 0.4
0 140214 2190 4075 1 1 0 0.4
0 104936 2190 2782 1 10 1 0.4
0 70567 2192 2088 1 1 0 0.4
0 159018 2192 4217 1 50 0 0.4
0 100543 2197 2675 1 1 0 0.4
0 178046 2199 4062 1 10 0 0.4
0 155317 2200 4562 1 10 0 0.4
0 97918 2200 2367 1 1 0 0.4
0 73583 2201 1628 1 10 1 0.4
0 86116 2201 2250 1 10 0 0.4
0 87975 2203 1791 1 10 0 0.4
0 119402 2205 2964 1 10 0 0.4
0 142740 2206 4139 1 1 1 0.4
0 97682 2206 2344 1 10 0 0.4
0 168213 2210 4640 1 1 0 0.4
0 162599 2211 3562 1 10 0 0.4
0 66973 2212 1849 1 10 0 0.4
0 146730 2220 3510 1 10 0 0.4
0 122246 2222 3316 1 10 0 0.4
0 98029 2225 2702 1 1 1 0.4
0 60488 2228 1394 1 10 0 0.4
0 68108 2233 1545 1 10 0 0.4
0 128877 2234 3823 1 1 0 0.4
0 109021 2235 2830 1 1 1 0.4
0 127428 2241 3613 1 1 0 0.4
0 66216 2245 1791 1 1 0 0.4
0 92648 2246 2527 1 1 1 0.4
0 176039 2248 4896 1 10 0 0.4
0 147438 2248 3191 1 1 0 0.4
0 100889 2248 2337 1 10 0 0.4
0 130032 2262 3005 1 1 0 0.4
0 138122 2264 3931 1 10 1 0.4
0 157185 2264 4303 1 1 0 0.4
0 90790 2264 2536 1 1 1 0.4
0 88356 2269 2118 1 1 0 0.4
0 88605 2270 2004 1 10 1 0.4
0 158937 2273 4183 1 10 0 0.4
0 144585 2277 3167 1 1 1 0.4
0 122883 2279 2887 1 1 0 0.4
0 145626 2284 3946 1 1 1 0.4
0 91553 2286 2231 1 1 0 0.4
0 163535 2286 4224 1 1 0 0.4
0 85524 2290 2491 1 1 0 0.4
0 118427 2291 3165 1 1 0 0.4
0 154140 2292 4571 1 1 0 0.4
0 71516 2292 1700 1 1 1 0.4
0 176216 2293 4926 1 10 1 0.4
0 148381 2293 4015 1 1 0 0.4
0 107823 2298 2984 1 1 1 0.4
0 149115 2307 4170 1 1 1 0.4
0 75644 2309 1656 1 1 0 0.4
0 135008 2311 3775 1 1 1 0.4
0 86710 2312 2020 1 1 1 0.4
0 69099 2312 1599 1 1 0 0.4
0 116336 2312 2971 1 1 1 0.4
0 114026 2313 2399 1 1 1 0.4
0 175971 2314 4702 1 10 0 0.4
0 129414 2315 3840 1 1 1 0.4
0 134997 2321 3611 1 1 1 0.4
0 172069 2322 3845 1 10 1 0.4
0 99111 2326 2451 1 1 1 0.4
0 167300 2327 4123 1 1 0 0.4
0 62239 2328 1303 1 1 1 0.4
0 69229 2329 1705 1 1 1 0.4
0 73803 2331 2064 1 10 1 0.4
0 79282 2332 1989 1 10 0 0.4
0 143908 2332 3272 1 1 1 0.4
0 108374 2333 2688 1 1 0 0.4
0 61218 2333 1723 1 1 1 0.4
0 97018 2333 2728 1 1 0 0.4
0 110010 2334 3263 1 1 1 0.4
0 173529 2340 3648 1 1 1 0.4
0 130202 2347 3009 1 1 0 0.4
0 179041 2351 5232 1 1 1 0.4
0 84450 2354 1700 1 1 1 0.4
0 113101 2357 3325 1 1 1 0.4
0 99825 2359 2578 1 1 1 0.4
0 97182 2361 2223 1 1 0 0.4
0 88040 2361 1950 1 10 0 0.4
0 93067 2366 1934 1 10 1 0.4
0 159491 2374 3717 1 10 0 0.4
0 111317 2375 2983 1 10 0 0.4
0 130577 2382 3122 1 10 0 0.4
0 72910 2383 1847 1 1 0 0.4
0 61701 2383 1547 1 10 0 0.4
0 133406 2384 3256 1 50 0 0.4
0 89782 2386 2094 1 1 0 0.4
0 139478 2393 3210 1 1 0 0.4
0 123580 2394 3211 1 1 1 0.4
0 112586 2395 2376 1 1 0 0.4
0 133533 2396 3697 1 1 1 0.4
0 171144 2397 3814 1 1 1 0.4
0 98393 2397 2455 1 1 0 0.4
0 138114 2403 3859 1 1 1 0.4
0 128836 2404 3404 1 1 1 0.4
0 74786 2406 2110 1 50 0 0.4
0 101253 2412 2394 1 10 1 0.4
0 77175 2418 1829 1 1 0 0.4
0 107592 2425 2215 1 1 1 0.4
0 70424 2426 1765 1 1 0 0.4
0 101127 2433 3008 1 10 1 0.4
0 146738 2441 3589 1 10 1 0.4
0 161061 2443 3254 1 10 1 0.4
0 83406 2446 1758 1 1 0 0.4
0 123219 2447 2896 1 10 1 0.4
0 66661 2450 1851 1 10 1 0.4
0 102090 2450 2797 1 1 0 0.4
0 153652 2455 4069 1 50 1 0.4
0 139797 2457 4157 1 1 1 0.4
0 105028 2458 3116 1 10 1 0.4
0 73116 2462 1708 1 10 1 0.4
0 134596 2464 3994 1 1 1 0.4
0 97647 2471 2663 1 10 0 0.4
0 62932 2472 1884 1 1 0 0.4
0 96865 2473 2834 1 1 1 0.4
0 63719 2474 1442 1 1 1 0.4
0 116380 2481 2381 1 1 1 0.4
0 127108 2482 2942 1 1 0 0.4
0 124041 2488 3658 1 1 0 0.4
0 169615 2489 4948 1 10 1 0.4
0 168449 2490 4981 1 10 0 0.4
0 84303 2492 2455 1 10 0 0.4
0 95483 2495 2820 1 10 1 0.4
0 150601 2496 3196 1 10 0 0.4
0 132629 2496 3404 1 1 0 0.4
0 132627 2496 3551 1 1 1 0.4
0 83855 2498 2416 1 1 0 0.4
0 95318 2498 1927 1 1 1 0.4
0 176044 2499 3987 1 1 0 0.4
0 138383 2503 4121 1 1 1 0.4
0 92184 2512 1866 1 1 0 0.4
0 129806 2514 2986 1 1 0 0.4
0 148292 2518 3211 1 1 1 0.4
0 166408 2518 4178 1 10 1 0.4
0 126400 2523 2796 1 10 0 0.4
0 108474 2524 2518 1 1 0 0.4
0 76347 2524 2283 1 1 1 0.4
0 91446 2525 1993 1 1 1 0.4
0 104074 2525 2447 1 1 1 0.4
0 111123 2527 2728 1 1 0 0.4
0 151777 2530 3045 1 1 0 0.4
0 177934 2531 4740 1 50 1 0.4
0 85257 2532 2188 1 1 1 0.4
0 126318 2533 2809 1 50 0 0.4
0 139614 2534 2880 1 1 0 0.4
0 60040 2536 1741 1 1 0 0.4
0 123669 2537 2596 1 50 0 0.4
0 93275 2537 2499 1 10 1 0.4
0 134736 2538 3215 1 1 0 0.4
0 112498 2541 2643 1 1 0 0.4
0 94818 2543 2269 1 1 0 0.4
0 141712 2544 3649 1 10 1 0.4
0 150175 2549 4079 1 50 1 0.4
0 148477 2550 3142 1 1 0 0.4
0 151720 2556 3298 1 1 0 0.4
0 105746 2556 2318 1 50 1 0.4
0 161342 2558 3840 1 1 0 0.4
0 100779 2562 2323 1 1 0 0.4
0 115923 2565 2868 1 1 0 0.4
0 91169 2566 2561 1 1 0 0.4
0 177415 2566 3682 1 50 0 0.4
0 75673 2568 2035 1 10 1 0.4
0 98894 2568 2859 1 10 1 0.4
0 76417 2569 1663 1 50 0 0.4
0 64793 2569 1609 1 10 0 0.4
0 109698 2571 2847 1 1 0 0.4
0 62471 2572 1302 1 1 0 0.4
0 105671 2575 2307 1 50 0 0.4
0 124249 2578 3688 1 10 1 0.4
0 94943 2581 2540 1 10 1 0.4
0 96744 2582 2342 1 1 1 0.4
0 105194 2583 2477 1 1 0 0.4
0 159712 2584 3794 1 50 0 0.4
0 81083 2590 2409 1 1 1 0.4
0 112419 2593 3149 1 10 0 0.4
0 111039 2594 2698 1 10 0 0.4
0 151441 2594 3334 1 10 0 0.4
0 79317 2595 1889 1 1 0 0.4
0 179123 2597 4798 1 10 0 0.4
0 128763 2602 3841 1 10 0 0.4
0 123786 2603 2513 1 10 0 0.4
0 90216 2607 2147 1 50 1 0.4
0 102286 2610 2224 1 1 1 0.4
0 84591 2614 2359 1 1 0 0.4
0 110329 2614 2284 1 1 1 0.4
0 175166 2615 4473 1 10 1 0.4
0 86118 2616 1853 1 50 0 0.4
0 109600 2618 2926 1 10 0 0.4
0 85194 2619 2287 1 1 0 0.4
0 102810 2622 2887 1 1 0 0.4
0 123145 2629 2537 1 10 0 0.4
0 162943 2630 4409 1 10 0 0.4
0 133007 2631 3626 1 1 1 0.4
0 174231 2645 4954 1 1 1 0.4
0 154049 2646 3240 1 1 0 0.4
0 80451 2648 1713 1 10 1 0.4
0 128735 2648 3029 1 1 1 0.4
0 151972 2648 3561 1 1 1 0.4
0 72478 2649 2171 1 10 0 0.4
0 143349 2650 3769 1 10 1 0.4
0 129768 2651 3268 1 1 0 0.4
0 141268 2654 4017 1 10 0 0.4
0 122576 2654 3123 1 10 1 0.4
0 167213 2656 4952 1 10 0 0.4
0 122180 2657 3490 1 10 1 0.4
0 134730 2658 3760 1 10 0 0.4
0 117437 2662 2883 1 1 0 0.4
0 69211 2666 1777 1 1 0 0.4
0 157447 2672 4602 1 1 0 0.4
0 115385 2676 3208 1 1 1 0.4
0 164403 2677 3422 1 10 0 0.4
0 67818 2679 1873 1 1 1 0.4
0 87450 2679 1791 1 50 1 0.4
0 88185 2679 1965 1 10 1 0.4
0 178967 2685 4659 1 10 1 0.4
0 128031 2688 2961 1 50 0 0.4
0 60549 2691 1261 1 50 0 0.4
0 157365 2697 3855 1 50 0 0.4
0 133116 2697 2897 1 10 0 0.4
0 145689 2698 4033 1 1 0 0.4
0 163918 2699 4764 1 1 1 0.4
0 118708 2700 2502 1 1 0 0.4
0 60084 2703 1298 1 1 1 0.4
0 179770 2706 4272 1 1 0 0.4
0 127605 2706 3628 1 10 0 0.4
0 169537 2708 4551 1 1 0 0.4
0 173604 2708 4349 1 1 0 0.4
0 166057 2712 4894 1 1 1 0.4
0 107114 2713 2171 1 1 1 0.4
0 153099 2715 3229 1 10 1 0.4
0 110167 2720 2497 1 10 1 0.4
0 108148 2720 3031 1 50 1 0.4
0 121961 2722 3585 1 1 1 0.4
0 60032 2723 1594 1 10 0 0.4
0 63134 2728 1560 1 1 0 0.4
0 63179 2729 1452 1 1 0 0.4
0 132859 2730 3858 1 1 1 0.4
0 99931 2730 2787 1 1 1 0.4
0 170666 2731 4660 1 10 0 0.4
0 95337 2735 1968 1 1 1 0.4
0 91340 2738 2626 1 10 1 0.4
0 99481 2741 2257 1 1 1 0.4
0 105007 2741 3057 1 1 1 0.4
0 169897 2746 3965 1 10 0 0.4
0 170847 2746 3975 1 10 0 0.4
0 147375 2748 3934 1 1 1 0.4
0 96803 2750 2609 1 1 0 0.4
0 71485 2752 2043 1 1 0 0.4
0 171259 2762 3681 1 1 1 0.4
0 141065 2762 3599 1 1 0 0.4
0 176050 2763 4130 1 1 1 0.4
0 174598 2764 3528 1 1 1 0.4
0 147291 2768 3924 1 10 1 0.4
0 143876 2769 3017 1 1 0 0.4
0 81752 2771 2290 1 10 0 0.4
0 150408 2771 3684 1 1 0 0.4
0 121236 2781 2793 1 10 0 0.4
0 75369 2786 2224 1 1 1 0.4
0 156492 2798 3709 1 1 0 0.4
0 149328 2801 4104 1 1 0 0.4
0 110736 2801 3214 1 1 0 0.4
0 88157 2809 2027 1 1 0 0.4
0 83068 2811 2169 1 10 1 0.4
0 87938 2811 2045 1 1 0 0.4
0 70021 2816 2035 1 1 0 0.4
0 91078 2820 1891 1 1 0 0.4
0 168317 2823 4170 1 1 1 0.4
0 103817 2824 2382 1 10 1 0.4
0 75227 2824 1765 1 10 1 0.4
0 136034 2825 3728 1 50 0 0.4
0 170823 2825 3871 1 1 1 0.4
0 119558 2825 3386 1 1 1 0.4
0 65273 2828 1391 1 1 1 0.4
0 80312 2833 2051 1 1 0 0.4
0 68633 2838 1782 1 1 0 0.4
0 158360 2838 3307 1 1 1 0.4
0 160352 2838 4411 1 1 0 0.4
0 102758 2843 2773 1 1 1 0.4
0 101383 2843 2574 1 1 1 0.4
0 94903 2847 2011 1 1 1 0.4
0 105463 2851 2461 1 10 0 0.4
0 98421 2854 2518 1 10 1 0.4
0 104916 2855 2863 1 1 1 0.4
0 96974 2855 2049 1 1 1 0.4
0 168383 2858 4338 1 1 1 0.4
0 127325 2863 3302 1 1 1 0.4
0 159664 2863 3944 1 1 1 0.4
0 99856 2863 2944 1 1 1 0.4
0 112671 2863 3184 1 1 1 0.4
0 144661 2864 3909 1 50 1 0.4
0 130167 2870 3423 1 1 0 0.4
0 64201 2874 1663 1 1 0 0.4
0 105475 2880 3051 1 1 0 0.4
0 77879 2880 2168 1 10 1 0.4
0 63604 2880 1513 1 10 0 0.4
0 143839 2883 4035 1 1 1 0.4
0 137155 2884 3108 1 1 1 0.4
0 141961 2885 4118 1 1 0 0.4
0 102220 2887 2681 1 1 1 0.4
0 99965 2888 2925 1 1 0 0.4
0 112291 2888 3161 1 1 0 0.4
0 61425 2892 1374 1 1 0 0.4
0 127554 2894 3229 1 10 0 0.4
0 99152 2896 2563 1 1 0 0.4
0 167534 2896 4206 1 10 0 0.4
0 164582 2903 4263 1 10 0 0.4
0 158492 2907 4589 1 10 0 0.4
0 67430 2907 1613 1 1 0 0.4
0 120135 2910 3024 1 1 1 0.4
0 166558 2911 4022 1 1 0 0.4
0 93132 2912 2460 1 1 0 0.4
0 115277 2914 3071 1 10 1 0.4
0 113730 2914 2936 1 10 1 0.4
0 84233 2916 1691 1 10 0 0.4
0 109915 2917 2377 1 1 1 0.4
0 107321 2922 2600 1 1 0 0.4
0 130946 2923 2786 1 1 0 0.4
0 142398 2928 3733 1 1 0 0.4
0 60827 2933 1632 1 10 0 0.4
0 167279 2935 4808 1 1 0 0.4
0 113153 2935 3261 1 1 1 0.4
0 85526 2936 2369 1 10 0 0.4
0 82213 2942 2106 1 1 0 0.4
0 94813 2943 1924 1 10 1 0.4
0 173618 2954 4547 1 1 0 0.4
0 77045 2957 1593 1 1 1 0.4
0 84737 2963 1789 1 50 1 0.4
0 108673 2967 2583 1 1 1 0.4
0 97368 2967 2918 1 1 0 0.4
0 72191 2975 2145 1 10 1 0.4
0 117637 2976 2677 1 10 0 0.4
0 116273 2981 2327 1 50 0 0.4
0 81732 2982 2362 1 1 1 0.4
0 70273 2984 1424 1 10 1 0.4
0 172240 2986 5026 1 1 0 0.4
0 97789 2987 2163 1 1 1 0.4
0 170032 2988 4358 1 10 1 0.4
0 177891 2992 3788 1 1 0 0.4
0 128862 2999 3847 1 10 0 0.4
0 137269 3000 3758 1 10 1 0.4
0 179484 3002 4344 1 10 0 0.4
0 110201 3002 2884 1 1 0 0.4
0 78039 3002 2214 1 1 0 0.4
0 125359 3003 3042 1 1 0 0.4
0 103969 3003 3111 1 1 0 0.4
0 90269 3005 2707 1 1 1 0.4
0 108217 3013 2851 1 50 0 0.4
0 75224 3014 2024 1 50 1 0.4
0 156455 3019 3635 1 1 0 0.4
0 81900 3020 2306 1 1 1 0.4
0 63984 3020 1445 1 10 0 0.4
0 174842 3021 4536 1 10 0 0.4
0 149988 3023 3150 1 1 0 0.4
0 176520 3025 4938 1 10 1 0.4
0 119095 3026 2965 1 1 0 0.4
0 68765 3027 1964 1 1 1 0.4
0 105901 3030 2885 1 10 1 0.4
0 149809 3031 4024 1 1 0 0.4
0 166837 3032 4027 1 10 0 0.4
0 107540 3033 2892 1 10 0 0.4
0 167363 3035 4215 1 50 1 0.4
0 155962 3035 3870 1 10 0 0.4
0 122767 3036 2965 1 10 0 0.4
0 157776 3037 3335 1 1 0 0.4
0 101404 3037 2838 1 1 0 0.4
0 176873 3046 4908 1 1 0 0.4
0 80480 3046 2347 1 10 1 0.4
0 89089 3048 2387 1 1 0 0.4
0 129791 3051 3618 1 10 1 0.4
0 147798 3052 4022 1 1 0 0.4
0 115539 3052 3422 1 1 1 0.4
0 144213 3057 3846 1 1 0 0.4
0 102165 3059 2736 1 1 0 0.4
0 109699 3063 2757 1 10 0 0.4
0 144694 3064 2986 1 1 0 0.4
0 153158 3066 3410 1 10 0 0.4
0 131916 3070 3048 1 1 1 0.4
0 122437 3072 3280 1 1 1 0.4
0 170957 3074 5108 1 10 0 0.4
0 115025 3077 2486 1 1 0 0.4
0 147093 3078 4020 1 10 1 0.4
0 146445 3087 3015 1 50 0 0.4
0 99119 3089 2056 1 10 1 0.4
0 66183 3089 1683 1 50 1 0.4
0 163048 3090 4626 1 50 1 0.4
0 75740 3092 1655 1 10 1 0.4
0 73996 3095 1610 1 1 0 0.4
0 173790 3096 5193 1 1 1 0.4
0 124310 3097 2505 1 1 0 0.4
0 106982 3099 2859 1 1 1 0.4
0 143075 3101 3341 1 1 1 0.4
0 157318 3103 4488 1 1 0 0.4
0 86004 3108 2574 1 10 1 0.4
0 163181 3111 3579 1 10 0 0.4
0 125911 3111 2874 1 1 1 0.4
0 102321 3113 2246 1 1 1 0.4
0 105504 3116 2962 1 1 1 0.4
0 122758 3117 3094 1 1 0 0.4
0 113387 3120 2665 1 1 1 0.4
0 144089 3120 4038 1 1 1 0.4
0 87375 3124 2317 1 1 1 0.4
0 143615 3128 3852 1 10 0 0.4
0 163222 3134 3507 1 1 0 0.4
0 63035 3138 1653 1 10 1 0.4
0 157183 3141 3967 1 10 0 0.4
0 129465 3141 3486 1 10 1 0.4
0 138713 3144 3081 1 10 0 0.4
0 137760 3145 3541 1 1 0 0.4
0 68104 3146 1656 1 1 0 0.4
0 61814 3149 1405 1 1 1 0.4
0 118931 3151 3043 1 10 0 0.4
0 74439 3152 1932 1 50 1 0.4
0 69571 3153 1572 1 10 1 0.4
0 126154 3160 2769 1 1 1 0.4
0 67718 3161 2011 1 1 0 0.4
0 82089 3163 1897 1 1 0 0.4
0 124597 3166 2980 1 1 0 0.4
0 104184 3167 2301 1 1 1 0.4
0 107547 3167 2624 1 1 0 0.4
0 176613 3169 4152 1 1 0 0.4
0 67206 3170 1820 1 50 0 0.4
0 107930 3171 2534 1 1 0 0.4
0 154872 3172 3133 1 1 0 0.4
0 70339 3173 1684 1 1 0 0.4
0 134317 3173 3078 1 1 0 0.4
0 100556 3175 2510 1 1 1 0.4
0 130612 3185 3018 1 1 1 0.4
0 145137 3185 3870 1 1 0 0.4
0 140475 3188 2826 1 10 0 0.4
0 80705 3190 2392 1 10 0 0.4
0 136584 3191 3076 1 10 0 0.4
0 171273 3197 4857 1 1 1 0.4
0 160549 3198 3883 1 1 1 0.4
0 158957 3205 3191 1 1 0 0.4
0 127346 3207 3326 1 1 0 0.4
0 130378 3208 3876 1 1 0 0.4
0 148640 3208 4325 1 1 0 0.4
0 177160 3210 5087 1 50 1 0.4
0 155969 3210 4440 1 50 1 0.4
0 60200 3211 1698 1 10 1 0.4
0 97089 3214 2093 1 10 1 0.4
0 79309 3218 1944 1 1 1 0.4
0 167947 3220 4732 1 1 1 0.4
0 161198 3222 4592 1 10 1 0.4
0 129567 3223 3071 1 50 0 0.4
0 86715 3233 1858 1 1 0 0.4
0 89398 3233 2192 1 1 0 0.4
0 72185 3241 2097 1 1 1 0.4
0 65738 3244 1468 1 1 0 0.4
0 108740 3249 2766 1 1 0 0.4
0 163018 3256 3408 1 1 0 0.4
0 90570 3258 1865 1 1 1 0.4
0 149454 3259 3865 1 1 0 0.4
0 87722 3262 2061 1 50 1 0.4
0 150714 3273 4271 1 10 0 0.4
0 83946 3283 2175 1 50 1 0.4
0 74533 3285 2212 1 1 1 0.4
0 98744 3286 2587 1 1 1 0.4
0 123611 3287 3346 1 1 1 0.4
0 61621 3291 1761 1 1 0 0.4
0 80087 3291 1935 1 1 0 0.4
0 108561 3299 2724 1 10 1 0.4
0 61532 3300 1370 1 1 1 0.4
0 97002 3301 2094 1 10 1 0.4
0 132296 3306 2993 1 10 0 0.4
0 62556 3306 1683 1 10 0 0.4
0 135694 3307 2822 1 10 0 0.4
0 117602 3310 2664 1 1 0 0.4
0 82123 3311 2364 1 10 0 0.4
0 146469 3311 3480 1 1 0 0.4
0 64179 3313 1561 1 1 1 0.4
0 164892 3314 4532 1 10 0 0.4
0 81667 3318 2172 1 1 1 0.4
0 96589 3324 2300 1 1 0 0.4
0 136934 3325 3437 1 1 1 0.4
0 127159 3325 3452 1 10 0 0.4
0 150291 3326 3511 1 1 1 0.4
0 162574 3328 4515 1 10 0 0.4
0 91214 3329 2391 1 1 1 0.4
0 70900 3330 1635 1 1 1 0.4
0 66031 3330 1652 1 1 0 0.4
0 160912 3334 3989 1 50 0 0.4
0 174073 3339 3733 1 1 1 0.4
0 178396 3343 4576 1 1 1 0.4
0 83101 3347 1732 1 1 0 0.4
0 84684 3347 1737 1 10 0 0.4
0 98608 3353 2904 1 10 1 0.4
0 172561 3358 3593 1 10 0 0.4
0 115096 3365 3097 1 1 0 0.4
0 144517 3368 3335 1 1 0 0.4
0 84813 3371 2403 1 10 0 0.4
0 152281 3372 3831 1 1 1 0.4
0 175897 3377 4989 1 10 0 0.4
0 77640 3377 2204 1 1 0 0.4
0 176516 3378 3702 1 1 0 0.4
0 124446 3381 3235 1 10 1 0.4
0 105636 3383 2705 1 10 1 0.4
0 96963 3384 2581 1 1 0 0.4
0 134846 3386 2732 1 1 1 0.4
0 83782 3386 2328 1 10 0 0.4
0 76047 3388 1886 1 1 0 0.4
0 168090 3394 4562 1 1 0 0.4
0 165352 3395 3486 1 1 0 0.4
0 145179 3399 3806 1 1 0 0.4
0 99372 3402 2241 1 1 0 0.4
0 161128 3403 3404 1 1 1 0.4
0 172663 3407 3484 1 10 1 0.4
0 104847 3411 2247 1 1 1 0.4
0 179234 3415 4226 1 10 0 0.4
0 138022 3417 3500 1 1 1 0.4
0 70400 3419 1481 1 1 1 0.4
0 76689 3420 1813 1 10 0 0.4
0 161029 3423 4809 1 1 0 0.4
0 65131 3423 1894 1 10 1 0.4
0 142041 3427 3992 1 1 0 0.4
0 119419 3428 3171 1 1 0 0.4
0 153763 3432 4131 1 10 0 0.4
0 168538 3437 3795 1 10 1 0.4
0 113074 3440 2643 1 50 1 0.4
0 161127 3442 3943 1 1 1 0.4
0 129173 3445 2733 1 1 0 0.4
0 63676 3452 1463 1 1 0 0.4
0 161528 3452 3379 1 1 0 0.4
0 167323 3453 3488 1 1 1 0.4
0 68483 3457 1538 1 1 0 0.4
0 174591 3459 4042 1 50 0 0.4
0 174842 3468 4325 1 1 0 0.4
0 179738 3469 5030 1 50 1 0.4
0 90651 3470 1831 1 1 0 0.4
0 152260 3472 4345 1 1 0 0.4
0 145425 3475 3050 1 10 0 0.4
0 119570 3476 2870 1 50 0 0.4
0 67563 3477 1401 1 1 0 0.4
0 128387 3480 3084 1 1 0 0.4
0 169932 3481 3662 1 50 0 0.4
0 139615 3485 3153 1 1 1 0.4
0 155618 3486 4400 1 1 1 0.4
0 70838 3487 2103 1 1 1 0.4
0 128495 3489 3451 1 1 1 0.4
0 170270 3490 3556 1 1 0 0.4
0 122471 3491 3386 1 1 0 0.4
0 175064 3492 4378 1 1 1 0.4
0 139660 3496 3318 1 10 0 0.4
0 73695 3496 1871 1 1 1 0.4
0 144483 3498 3135 1 50 1 0.4
0 103112 3499 2859 1 1 0 0.4
0 175514 3502 5154 1 10 1 0.4
0 88742 3504 1882 1 10 1 0.4
0 112628 3516 3104 1 1 1 0.4
0 156905 3517 3682 1 1 1 0.4
0 65180 3519 1442 1 1 1 0.4
0 127890 3519 2869 1 1 0 0.4
0 156771 3523 4020 1 10 0 0.4
0 136671 3528 3965 1 1 1 0.4
0 110723 3531 2476 1 10 1 0.4
0 130480 3534 3715 1 1 0 0.4
0 127410 3542 3093 1 1 0 0.4
0 166539 3543 3758 1 1 1 0.4
0 163008 3545 4286 1 10 0 0.4
0 87540 3545 2101 1 10 0 0.4
0 134249 3547 3115 1 1 1 0.4
0 100044 3547 2161 1 10 1 0.4
0 107484 3550 2605 1 10 1 0.4
0 124551 3554 3579 1 1 1 0.4
0 130967 3559 3833 1 50 0 0.4
0 143534 3560 3063 1 10 0 0.4
0 109034 3561 2545 1 50 0 0.4
0 85771 3563 1946 1 1 1 0.4
0 101484 3564 2128 1 10 1 0.4
0 152150 3564 4228 1 50 1 0.4
0 120861 3568 2712 1 1 0 0.4
0 159316 3574 3580 1 50 0 0.4
0 167130 3577 4572 1 50 1 0.4
0 128608 3580 3669 1 10 1 0.4
0 134478 3582 3027 1 1 0 0.4
0 145618 3582 3175 1 10 0 0.4
0 109932 3583 2263 1 10 1 0.4
0 99648 3585 2954 1 1 0 0.4
0 89539 3587 1904 1 10 1 0.4
0 172785 3587 3779 1 1 0 0.4
0 116891 3595 3266 1 1 1 0.4
0 99274 3597 2459 1 1 0 0.4
0 172785 3599 4953 1 10 0 0.4
