1500
2 105931 2 2559 1 1 0 0.4
2 100317 7 2939 1 1 0 0.4
2 97911 9 2316 1 10 1 0.4
2 174672 15 4078 1 50 0 0.4
2 127104 19 3350 1 1 1 0.4
2 126488 23 3451 1 1 0 0.4
2 98366 26 2673 1 1 1 0.4
2 77372 29 2109 1 1 0 0.4
2 150413 37 4136 1 1 1 0.4
2 136320 42 3222 1 1 1 0.4
2 92930 43 2576 1 10 0 0.4
2 99623 48 2614 1 1 0 0.4
2 157760 49 3414 1 1 1 0.4
2 73916 51 1710 1 50 1 0.4
2 160648 54 4090 1 50 1 0.4
2 86069 55 1894 1 1 1 0.4
2 95203 55 2329 1 1 0 0.4
2 71968 57 1847 1 10 1 0.4
2 145855 58 3146 1 10 1 0.4
2 172492 60 3738 1 1 0 0.4
2 107629 64 2525 1 10 1 0.4
2 178636 67 4836 1 1 1 0.4
2 88053 68 2444 1 10 1 0.4
2 104068 70 2565 1 1 1 0.4
2 97582 70 2149 1 10 0 0.4
2 89697 75 1966 1 1 1 0.4
2 160759 83 4284 1 1 0 0.4
2 85114 87 1867 1 10 1 0.4
2 83728 88 2264 1 1 0 0.4
2 159020 91 3955 1 1 1 0.4
2 65248 91 1403 1 10 1 0.4
2 160992 93 4052 1 10 0 0.4
2 61787 94 1293 1 1 1 0.4
2 132250 94 3921 1 10 1 0.4
2 120626 99 3302 1 1 0 0.4
2 108716 106 2225 1 1 0 0.4
2 159335 108 3977 1 1 0 0.4
2 100493 109 2167 1 10 1 0.4
2 133135 109 3490 1 10 1 0.4
2 168131 119 4143 1 1 1 0.4
2 97055 120 2513 1 1 1 0.4
2 119791 121 2528 1 1 1 0.4
2 169267 122 3440 1 1 0 0.4
2 122142 122 2730 1 1 0 0.4
2 143261 122 3235 1 10 0 0.4
2 168946 125 3455 1 10 1 0.4
2 90778 130 2695 1 10 1 0.4
2 143490 133 4283 1 1 1 0.4
2 126807 133 2859 1 10 1 0.4
2 83200 138 1711 1 10 1 0.4
2 119695 142 2741 1 1 1 0.4
2 121452 143 3291 1 1 1 0.4
2 98368 143 2054 1 10 1 0.4
2 149658 143 3688 1 1 0 0.4
2 72054 145 1832 1 1 0 0.4
2 87702 145 2328 1 10 0 0.4
2 165839 145 4575 1 10 0 0.4
2 174393 152 4080 1 10 0 0.4
2 131522 156 3716 1 1 0 0.4
2 117104 156 2960 1 10 0 0.4
2 63145 158 1525 1 1 0 0.4
2 153492 159 3760 1 10 1 0.4
2 156329 163 3261 1 10 0 0.4
2 125052 164 3747 1 1 1 0.4
2 171021 164 4808 1 1 0 0.4
2 115952 173 2395 1 10 0 0.4
2 122640 179 2744 1 1 0 0.4
2 123225 180 3001 1 10 0 0.4
2 162233 180 3862 1 1 1 0.4
2 160834 181 4522 1 1 1 0.4
2 116038 184 2946 1 10 1 0.4
2 140749 188 3627 1 1 1 0.4
2 163720 190 4191 1 10 1 0.4
2 123949 191 3356 1 1 1 0.4
2 72754 192 2085 1 1 1 0.4
2 152381 196 3386 1 1 0 0.4
2 121479 203 2944 1 10 1 0.4
2 173615 204 3792 1 1 0 0.4
2 167554 205 3783 1 1 1 0.4
2 117232 208 2853 1 50 1 0.4
2 134182 208 3331 1 10 1 0.4
2 150944 210 3223 1 1 1 0.4
2 150649 210 3317 1 1 1 0.4
2 136000 210 3249 1 10 0 0.4
2 165136 211 3852 1 1 0 0.4
2 147814 212 3549 1 1 1 0.4
2 100687 221 2957 1 10 0 0.4
2 137746 221 4065 1 1 0 0.4
2 177345 222 4287 1 10 1 0.4
2 113425 222 2387 1 1 1 0.4
2 93323 225 2565 1 10 0 0.4
2 148146 225 3435 1 10 1 0.4
2 132127 227 3588 1 1 0 0.4
2 178882 228 4512 1 1 0 0.4
2 65839 229 1890 1 1 0 0.4
2 151629 233 3285 1 1 1 0.4
2 144479 233 3251 1 1 0 0.4
2 107199 233 2554 1 1 1 0.4
2 138022 234 2764 1 1 0 0.4
2 72520 235 2107 1 50 1 0.4
2 144952 235 4153 1 10 1 0.4
2 72567 237 2125 1 10 1 0.4
2 178839 238 4934 1 10 1 0.4
2 159614 238 3679 1 10 1 0.4
2 82431 239 2098 1 50 0 0.4
2 76422 240 1624 1 1 1 0.4
2 133484 245 3616 1 10 1 0.4
2 167888 246 3439 1 1 0 0.4
2 111864 247 2275 1 1 1 0.4
2 151222 247 3537 1 10 0 0.4
2 110333 249 2276 1 10 1 0.4
2 157819 251 3584 1 10 0 0.4
2 139208 252 3497 1 1 1 0.4
2 165619 253 3443 1 50 1 0.4
2 167306 254 3351 1 1 0 0.4
2 96166 254 2040 1 1 0 0.4
2 127437 260 3204 1 10 1 0.4
2 125153 263 3127 1 10 0 0.4
2 147173 265 3257 1 1 1 0.4
2 165156 272 3443 1 10 0 0.4
2 149631 273 4013 1 1 1 0.4
2 107455 273 2672 1 50 1 0.4
2 141258 283 3795 1 10 1 0.4
2 135047 293 3408 1 10 0 0.4
2 99181 299 2433 1 10 0 0.4
2 137162 299 2861 1 1 1 0.4
2 78280 300 1885 1 10 0 0.4
2 129166 302 3586 1 1 0 0.4
2 74730 303 1543 1 10 0 0.4
2 171634 303 3959 1 1 1 0.4
2 69745 303 1732 1 1 0 0.4
2 146956 307 3358 1 1 1 0.4
2 173574 308 4448 1 1 1 0.4
2 157676 315 3998 1 1 0 0.4
2 150993 316 3656 1 1 0 0.4
2 164121 322 4575 1 10 0 0.4
2 82216 322 1894 1 1 0 0.4
2 87242 324 2161 1 1 0 0.4
2 77348 326 1688 1 1 0 0.4
2 156632 327 4436 1 1 1 0.4
2 135454 328 3810 1 1 0 0.4
2 129575 330 2985 1 1 0 0.4
2 103838 336 2697 1 1 1 0.4
2 112345 337 2980 1 10 0 0.4
2 132572 338 3191 1 10 0 0.4
2 140908 340 2876 1 10 1 0.4
2 144318 340 3195 1 1 1 0.4
2 96920 340 2899 1 1 0 0.4
2 146690 342 3782 1 1 0 0.4
2 81040 350 1809 1 1 1 0.4
2 107829 350 2196 1 1 0 0.4
2 74582 351 1549 1 1 1 0.4
2 155089 356 3128 1 1 1 0.4
2 158082 359 3662 1 10 0 0.4
2 139874 360 3807 1 1 0 0.4
2 75620 361 1968 1 10 1 0.4
2 73454 361 1544 1 1 1 0.4
2 154317 361 4445 1 10 1 0.4
2 177387 362 5255 1 10 1 0.4
2 174292 368 4895 1 1 0 0.4
2 82363 370 2467 1 1 1 0.4
2 159236 372 3658 1 1 1 0.4
2 69323 377 1531 1 10 0 0.4
2 172144 378 4014 1 10 0 0.4
2 176707 378 4075 1 1 0 0.4
2 82414 380 1728 1 10 0 0.4
2 177942 382 3686 1 1 1 0.4
2 82167 384 2009 1 10 0 0.4
2 140316 385 3999 1 1 0 0.4
2 137838 387 3878 1 50 0 0.4
2 178778 390 3813 1 1 0 0.4
2 135419 394 2714 1 1 1 0.4
2 115876 394 3282 1 1 1 0.4
2 120005 400 3539 1 1 0 0.4
2 136123 402 2836 1 10 1 0.4
2 141056 404 3093 1 1 0 0.4
2 168356 409 4913 1 10 0 0.4
2 80587 411 1970 1 1 0 0.4
2 132452 411 2753 1 1 0 0.4
2 154207 412 3478 1 1 0 0.4
2 167475 414 3782 1 1 1 0.4
2 158063 418 3633 1 1 1 0.4
2 87586 419 2277 1 1 0 0.4
2 91710 424 2676 1 10 0 0.4
2 165764 429 4470 1 10 0 0.4
2 179427 433 4559 1 10 1 0.4
2 126818 434 2760 1 1 1 0.4
2 68559 436 1710 1 1 0 0.4
2 109230 436 2462 1 10 1 0.4
2 106716 437 2811 1 10 1 0.4
2 139790 439 4146 1 1 1 0.4
2 95808 440 2662 1 10 0 0.4
2 91764 440 2085 1 1 1 0.4
2 148082 441 3697 1 10 1 0.4
2 116761 446 2364 1 10 0 0.4
2 70373 452 1843 1 1 1 0.4
2 136298 453 2789 1 1 0 0.4
2 102643 454 2279 1 10 1 0.4
2 111808 454 2612 1 1 1 0.4
2 72515 455 1485 1 1 1 0.4
2 114253 462 3118 1 10 1 0.4
2 76733 463 2079 1 1 0 0.4
2 97389 464 2755 1 1 1 0.4
2 82862 465 2216 1 10 1 0.4
2 176563 467 5073 1 50 0 0.4
2 164745 471 4242 1 1 1 0.4
2 149253 478 3562 1 1 1 0.4
2 155168 480 4239 1 10 0 0.4
2 148747 481 3247 1 10 0 0.4
2 119221 484 3502 1 50 1 0.4
2 148821 487 3386 1 50 0 0.4
2 64210 490 1385 1 50 0 0.4
2 154319 495 3867 1 1 1 0.4
2 148111 495 3253 1 1 1 0.4
2 95755 496 2349 1 1 1 0.4
2 97478 498 2821 1 1 0 0.4
2 98598 500 2829 1 10 0 0.4
2 176537 506 3612 1 1 1 0.4
2 96393 528 2089 1 10 0 0.4
2 172055 531 3693 1 1 1 0.4
2 61785 531 1796 1 10 1 0.4
2 129609 531 2930 1 10 0 0.4
2 84210 534 1981 1 10 1 0.4
2 179724 536 3624 1 1 1 0.4
2 171323 536 3859 1 10 1 0.4
2 176080 538 4479 1 1 0 0.4
2 92815 540 2200 1 1 1 0.4
2 140319 551 3287 1 1 0 0.4
2 66728 555 1749 1 1 1 0.4
2 62229 564 1546 1 1 0 0.4
2 110994 570 3006 1 1 1 0.4
2 102271 573 2373 1 10 1 0.4
2 66313 574 1548 1 10 1 0.4
2 85060 576 2112 1 1 0 0.4
2 112466 578 2717 1 1 1 0.4
2 104899 578 2600 1 1 1 0.4
2 68477 578 1645 1 10 1 0.4
2 125535 579 3676 1 1 1 0.4
2 140238 579 3119 1 1 1 0.4
2 142499 584 4203 1 1 0 0.4
2 160922 586 4307 1 1 0 0.4
2 105603 589 2341 1 10 0 0.4
2 77550 594 2019 1 50 1 0.4
2 159416 599 4056 1 1 1 0.4
2 95753 600 2057 1 10 0 0.4
2 108630 604 2896 1 1 0 0.4
2 110317 604 3187 1 1 1 0.4
2 144458 605 2976 1 50 0 0.4
2 179246 605 5241 1 1 1 0.4
2 99653 609 2523 1 10 0 0.4
2 118849 610 2776 1 10 0 0.4
2 88160 611 1952 1 1 0 0.4
2 70905 612 1641 1 1 0 0.4
2 127901 613 2749 1 1 1 0.4
2 177695 615 3675 1 10 0 0.4
2 100073 615 2732 1 1 1 0.4
2 170290 616 4231 1 1 0 0.4
2 124222 616 3533 1 10 0 0.4
2 169211 617 4890 1 10 1 0.4
2 128353 618 3536 1 50 0 0.4
2 100519 620 2292 1 10 0 0.4
2 124678 623 3420 1 1 1 0.4
2 101254 624 2947 1 10 1 0.4
2 121413 624 2510 1 1 1 0.4
2 93348 625 2554 1 1 0 0.4
2 99406 629 2433 1 10 1 0.4
2 109351 630 2419 1 50 0 0.4
2 165289 631 3514 1 10 1 0.4
2 100148 632 2702 1 1 0 0.4
2 91083 633 2649 1 1 1 0.4
2 133759 635 2942 1 50 1 0.4
2 120067 637 2651 1 10 0 0.4
2 120269 640 2986 1 1 1 0.4
2 71339 641 1569 1 1 0 0.4
2 125877 642 2879 1 1 1 0.4
2 66452 643 1630 1 1 1 0.4
2 152983 644 4145 1 1 0 0.4
2 142428 644 3536 1 10 0 0.4
2 170773 645 4260 1 10 0 0.4
2 145229 647 3534 1 10 0 0.4
2 85470 652 2539 1 1 0 0.4
2 147243 654 4149 1 50 0 0.4
2 74763 657 1697 1 1 1 0.4
2 113122 659 2709 1 1 1 0.4
2 118521 666 2674 1 10 0 0.4
2 78442 672 1637 1 1 0 0.4
2 96244 675 2399 1 1 0 0.4
2 178395 678 4262 1 1 1 0.4
2 66914 679 2005 1 1 1 0.4
2 85909 680 2285 1 1 0 0.4
2 154139 682 4336 1 10 1 0.4
2 151414 684 4146 1 10 0 0.4
2 159679 687 4028 1 10 0 0.4
2 114326 689 3384 1 10 0 0.4
2 73329 691 2092 1 10 1 0.4
2 67509 693 1740 1 1 0 0.4
2 77439 698 1582 1 1 0 0.4
2 68104 700 1632 1 10 1 0.4
2 126958 707 3443 1 1 0 0.4
2 104998 708 2309 1 10 0 0.4
2 128578 711 3782 1 1 0 0.4
2 71209 713 1664 1 1 1 0.4
2 79211 713 1631 1 50 0 0.4
2 178681 714 4004 1 1 0 0.4
2 75462 714 1713 1 1 1 0.4
2 149017 716 3918 1 1 1 0.4
2 136423 717 3666 1 1 1 0.4
2 139386 720 3574 1 1 0 0.4
2 126553 722 3440 1 10 1 0.4
2 137913 725 2868 1 10 1 0.4
2 71234 728 1775 1 1 1 0.4
2 171169 729 3621 1 10 0 0.4
2 66905 730 1425 1 50 1 0.4
2 83229 736 2466 1 1 0 0.4
2 164519 737 4041 1 10 1 0.4
2 86009 742 2388 1 10 1 0.4
2 165476 743 4494 1 1 1 0.4
2 157443 748 3754 1 10 1 0.4
2 62701 751 1579 1 1 1 0.4
2 179531 753 3783 1 50 0 0.4
2 140604 759 3556 1 1 1 0.4
2 70785 760 1574 1 1 0 0.4
2 109191 761 2895 1 10 1 0.4
2 94538 762 2788 1 1 1 0.4
2 106189 766 2147 1 1 0 0.4
2 90173 767 2171 1 1 0 0.4
2 98012 767 2024 1 1 1 0.4
2 149458 769 3707 1 1 1 0.4
2 118268 776 3401 1 1 0 0.4
2 78090 777 1894 1 10 0 0.4
2 119612 777 3053 1 1 0 0.4
2 147145 780 4233 1 50 0 0.4
2 128553 784 2905 1 10 0 0.4
2 163035 785 4498 1 1 1 0.4
2 107606 790 2261 1 50 0 0.4
2 107565 790 2451 1 50 0 0.4
2 129985 791 3536 1 10 0 0.4
2 76234 791 1569 1 10 0 0.4
2 85384 794 2536 1 50 1 0.4
2 67715 798 1367 1 1 1 0.4
2 95005 799 2061 1 10 0 0.4
2 91084 800 2528 1 1 1 0.4
2 147296 800 4195 1 1 1 0.4
2 121790 800 3528 1 10 1 0.4
2 94160 801 2333 1 1 0 0.4
2 167365 802 4865 1 1 1 0.4
2 66499 804 1636 1 10 0 0.4
2 141996 806 3439 1 10 0 0.4
2 80778 810 2120 1 1 0 0.4
2 153233 813 3374 1 10 1 0.4
2 158595 815 3491 1 50 0 0.4
2 67275 818 1534 1 1 1 0.4
2 150586 819 4023 1 1 0 0.4
2 102576 821 2068 1 1 0 0.4
2 118347 823 2563 1 1 0 0.4
2 113421 827 3401 1 1 0 0.4
2 153101 829 3491 1 1 0 0.4
2 63221 833 1574 1 1 1 0.4
2 166407 837 4652 1 1 1 0.4
2 96717 838 2151 1 1 0 0.4
2 119134 843 3129 1 1 0 0.4
2 109544 847 2365 1 1 1 0.4
2 78316 847 1984 1 1 0 0.4
2 154292 850 3560 1 1 0 0.4
2 92589 851 2644 1 50 1 0.4
2 120087 851 2533 1 50 0 0.4
2 94398 856 2067 1 1 1 0.4
2 63059 858 1559 1 50 1 0.4
2 91365 859 2336 1 1 0 0.4
2 83941 859 1781 1 10 0 0.4
2 131212 865 3834 1 50 1 0.4
2 123109 866 3167 1 1 1 0.4
2 175395 868 4268 1 1 0 0.4
2 80470 869 1995 1 1 0 0.4
2 73338 870 1896 1 1 0 0.4
2 127908 872 3650 1 50 0 0.4
2 159894 875 4176 1 1 1 0.4
2 175347 875 3518 1 10 1 0.4
2 63908 879 1531 1 10 0 0.4
2 177864 881 3711 1 1 1 0.4
2 168464 882 3659 1 1 0 0.4
2 138024 883 3821 1 10 1 0.4
2 130772 884 3423 1 10 1 0.4
2 143992 890 3434 1 50 0 0.4
2 136358 894 3525 1 50 0 0.4
2 124797 896 3430 1 1 1 0.4
2 176110 897 4369 1 1 1 0.4
2 121283 899 2975 1 1 1 0.4
2 86069 900 2371 1 1 0 0.4
2 112508 905 2591 1 10 1 0.4
2 144583 910 3146 1 1 1 0.4
2 120474 915 3224 1 1 0 0.4
2 158959 916 4180 1 1 0 0.4
2 131455 917 3695 1 10 0 0.4
2 144636 920 3364 1 1 1 0.4
2 159095 924 3767 1 10 1 0.4
2 78910 925 2212 1 1 0 0.4
2 74559 930 1651 1 1 0 0.4
2 107235 946 2333 1 1 0 0.4
2 100044 947 2471 1 1 0 0.4
2 105472 948 2381 1 1 1 0.4
2 60529 950 1276 1 1 0 0.4
2 153996 950 3748 1 10 0 0.4
2 69730 952 1808 1 1 0 0.4
2 62721 960 1660 1 1 1 0.4
2 168176 964 3468 1 1 1 0.4
2 79221 966 1640 1 1 1 0.4
2 80764 967 2366 1 1 0 0.4
2 167820 972 3803 1 10 0 0.4
2 78623 976 1824 1 10 1 0.4
2 130847 977 3013 1 10 1 0.4
2 130631 977 2910 1 1 0 0.4
2 112348 978 2805 1 1 1 0.4
2 134109 984 3544 1 1 0 0.4
2 118331 984 2812 1 50 1 0.4
2 103737 988 2953 1 1 1 0.4
2 117230 991 3354 1 1 0 0.4
2 150813 992 3428 1 1 0 0.4
2 125509 992 3626 1 50 0 0.4
2 98210 994 2842 1 10 1 0.4
2 104174 1001 3025 1 10 0 0.4
2 164906 1004 3427 1 1 1 0.4
2 81061 1008 1936 1 10 0 0.4
2 141868 1015 3435 1 1 1 0.4
2 105804 1019 2582 1 1 0 0.4
2 155925 1024 3426 1 10 1 0.4
2 79211 1029 2073 1 1 1 0.4
2 107886 1034 2213 1 1 0 0.4
2 157094 1035 4338 1 1 1 0.4
2 157227 1039 4038 1 1 1 0.4
2 172230 1042 3784 1 1 1 0.4
2 110186 1046 2938 1 10 0 0.4
2 133525 1048 2870 1 10 0 0.4
2 169641 1050 4452 1 1 1 0.4
2 65862 1051 1837 1 1 0 0.4
2 154501 1051 4553 1 50 1 0.4
2 159629 1052 3622 1 1 0 0.4
2 78687 1053 1643 1 10 0 0.4
2 86678 1055 1876 1 1 1 0.4
2 114466 1056 2660 1 1 0 0.4
2 102976 1057 2602 1 1 1 0.4
2 113859 1058 2693 1 10 0 0.4
2 96469 1059 2615 1 1 1 0.4
2 118662 1063 3260 1 50 0 0.4
2 99574 1068 2245 1 10 0 0.4
2 152997 1071 3747 1 1 0 0.4
2 154402 1072 4358 1 10 1 0.4
2 113487 1073 2655 1 1 0 0.4
2 168608 1076 3695 1 1 0 0.4
2 67238 1083 1539 1 1 0 0.4
2 126625 1086 3764 1 10 1 0.4
2 135279 1089 2823 1 1 1 0.4
2 74786 1089 1503 1 10 0 0.4
2 67665 1091 1714 1 1 1 0.4
2 102442 1095 2148 1 1 0 0.4
2 128552 1099 3544 1 10 1 0.4
2 134701 1100 3760 1 1 0 0.4
2 90853 1106 2559 1 1 1 0.4
2 97543 1112 2148 1 1 1 0.4
2 129873 1113 3859 1 1 1 0.4
2 114256 1115 2995 1 1 0 0.4
2 71407 1115 2103 1 10 1 0.4
2 136734 1116 3060 1 1 1 0.4
2 161753 1117 4628 1 1 0 0.4
2 155975 1118 3210 1 10 0 0.4
2 159453 1118 4318 1 50 1 0.4
2 68480 1123 1575 1 10 1 0.4
2 175375 1124 5141 1 1 0 0.4
2 176679 1127 5138 1 1 1 0.4
2 83317 1130 2019 1 10 1 0.4
2 63529 1134 1810 1 10 0 0.4
2 174641 1136 4601 1 10 0 0.4
2 170517 1139 3446 1 10 0 0.4
2 91648 1141 2009 1 1 0 0.4
2 177531 1141 4391 1 1 0 0.4
2 176946 1150 4168 1 1 1 0.4
2 129907 1152 2976 1 1 1 0.4
2 169400 1152 4674 1 10 0 0.4
2 171578 1157 3986 1 1 0 0.4
2 69727 1157 1524 1 10 0 0.4
2 157566 1161 4047 1 10 1 0.4
2 116329 1162 2586 1 1 1 0.4
2 132629 1165 3515 1 10 1 0.4
2 60081 1167 1538 1 1 1 0.4
2 86642 1168 2031 1 1 1 0.4
2 111007 1173 3166 1 10 0 0.4
2 149739 1173 4224 1 1 0 0.4
2 139697 1173 3317 1 10 1 0.4
2 139770 1173 4149 1 1 1 0.4
2 171395 1182 4215 1 10 0 0.4
2 96595 1185 2203 1 10 0 0.4
2 122461 1186 2731 1 10 1 0.4
2 80845 1190 1738 1 1 0 0.4
2 128702 1193 3822 1 1 1 0.4
2 125072 1193 2615 1 1 0 0.4
2 96404 1194 2258 1 1 0 0.4
2 105194 1198 2390 1 1 1 0.4
2 147878 1202 3851 1 1 0 0.4
2 179183 1202 4577 1 1 0 0.4
2 71542 1204 1457 1 1 1 0.4
2 105993 1205 2496 1 1 0 0.4
2 137401 1206 3219 1 1 1 0.4
2 159434 1207 4056 1 10 1 0.4
2 74247 1207 1796 1 10 1 0.4
2 122387 1210 3075 1 50 1 0.4
2 107692 1212 3034 1 1 1 0.4
2 62590 1212 1264 1 1 0 0.4
2 68597 1213 1912 1 1 1 0.4
2 75039 1220 2035 1 10 1 0.4
2 156104 1220 4557 1 1 0 0.4
2 105933 1222 2640 1 1 1 0.4
2 172234 1223 3609 1 1 1 0.4
2 74997 1223 1819 1 1 1 0.4
2 75660 1225 1598 1 1 0 0.4
2 124419 1225 3375 1 1 1 0.4
2 173347 1230 4182 1 1 0 0.4
2 81345 1231 1886 1 10 1 0.4
2 145087 1237 3684 1 1 1 0.4
2 73739 1238 1496 1 1 0 0.4
2 92583 1240 2484 1 1 0 0.4
2 90724 1244 2340 1 10 0 0.4
2 119176 1246 3197 1 1 0 0.4
2 86858 1252 2250 1 10 1 0.4
2 105346 1253 2413 1 50 1 0.4
2 178056 1254 4258 1 1 0 0.4
2 159263 1259 4279 1 1 1 0.4
2 125110 1261 3340 1 1 0 0.4
2 136998 1264 4005 1 50 0 0.4
2 139616 1269 3752 1 1 0 0.4
2 156220 1270 3566 1 1 1 0.4
2 88504 1270 2556 1 50 0 0.4
2 154999 1272 4479 1 10 0 0.4
2 113006 1273 3191 1 1 0 0.4
2 83765 1280 1993 1 1 1 0.4
2 119969 1282 2788 1 50 0 0.4
2 82348 1283 2045 1 1 1 0.4
2 149051 1287 3792 1 10 0 0.4
2 172645 1287 4303 1 10 0 0.4
2 96945 1293 2371 1 10 0 0.4
2 137264 1298 3266 1 1 0 0.4
2 117737 1302 3499 1 50 0 0.4
2 63749 1302 1462 1 10 0 0.4
2 137290 1302 2910 1 1 1 0.4
2 94156 1304 2083 1 10 1 0.4
2 110436 1304 2988 1 10 1 0.4
2 124998 1308 3632 1 1 1 0.4
2 110683 1308 2740 1 10 0 0.4
2 138993 1309 3235 1 50 0 0.4
2 127466 1312 2862 1 1 0 0.4
2 169783 1314 3507 1 1 1 0.4
2 166067 1315 4141 1 1 1 0.4
2 95295 1317 2713 1 1 1 0.4
2 142343 1318 3077 1 1 1 0.4
2 151257 1319 3797 1 10 0 0.4
2 140961 1322 3166 1 1 1 0.4
2 154556 1326 4421 1 1 1 0.4
2 80671 1327 1836 1 1 1 0.4
2 68638 1328 1503 1 1 1 0.4
2 150204 1329 3008 1 1 0 0.4
2 62287 1329 1488 1 1 1 0.4
2 86478 1330 1854 1 1 0 0.4
2 98369 1330 2901 1 1 1 0.4
2 155617 1332 4026 1 1 1 0.4
2 90690 1332 1835 1 1 1 0.4
2 134690 1342 3537 1 1 0 0.4
2 152631 1345 3465 1 10 0 0.4
2 115985 1350 2633 1 1 1 0.4
2 84421 1350 2393 1 10 0 0.4
2 165777 1353 3675 1 10 0 0.4
2 97856 1354 2088 1 1 0 0.4
2 137622 1354 3146 1 10 0 0.4
2 153349 1354 3374 1 1 1 0.4
2 166525 1357 4180 1 1 1 0.4
2 176443 1359 4854 1 1 0 0.4
2 119499 1364 3338 1 1 0 0.4
2 136494 1366 3570 1 50 1 0.4
2 160418 1367 3612 1 10 0 0.4
2 170558 1370 3701 1 1 1 0.4
2 71370 1370 1632 1 10 1 0.4
2 179909 1372 4714 1 1 1 0.4
2 167682 1375 4062 1 1 0 0.4
2 134612 1375 2994 1 50 1 0.4
2 132251 1375 3568 1 1 0 0.4
2 63352 1378 1804 1 10 1 0.4
2 140948 1380 4159 1 1 0 0.4
2 143878 1383 2974 1 1 1 0.4
2 65070 1388 1888 1 1 1 0.4
2 70595 1388 1534 1 1 0 0.4
2 116555 1390 2710 1 1 1 0.4
2 60678 1392 1765 1 1 0 0.4
2 165799 1395 4017 1 10 0 0.4
2 64742 1395 1409 1 1 0 0.4
2 125727 1397 3601 1 1 0 0.4
2 138674 1397 3837 1 1 0 0.4
2 86064 1403 2163 1 10 0 0.4
2 119126 1404 3182 1 1 0 0.4
2 80605 1404 1887 1 1 0 0.4
2 70410 1408 1474 1 1 1 0.4
2 152676 1410 3491 1 1 1 0.4
2 97446 1411 2584 1 50 0 0.4
2 162094 1415 4455 1 10 1 0.4
2 158466 1422 4073 1 1 0 0.4
2 151549 1423 3205 1 10 0 0.4
2 135657 1423 4036 1 50 1 0.4
2 96349 1424 2080 1 50 1 0.4
2 148609 1429 3303 1 10 0 0.4
2 155264 1429 4504 1 1 1 0.4
2 161887 1432 3417 1 1 1 0.4
2 129137 1433 3136 1 1 0 0.4
2 154089 1434 3455 1 1 1 0.4
2 80622 1435 1702 1 1 0 0.4
2 161707 1438 4133 1 1 0 0.4
2 141105 1440 3384 1 1 0 0.4
2 122232 1442 2705 1 1 1 0.4
2 94381 1448 1890 1 50 1 0.4
2 158868 1449 4006 1 1 0 0.4
2 63182 1456 1645 1 1 0 0.4
2 67578 1469 1373 1 1 1 0.4
2 89249 1469 2350 1 1 1 0.4
2 76507 1469 2265 1 1 0 0.4
2 60588 1471 1738 1 1 0 0.4
2 176406 1472 5068 1 1 0 0.4
2 179001 1478 5194 1 50 1 0.4
2 136261 1479 3547 1 1 1 0.4
2 163934 1483 3328 1 1 0 0.4
2 85176 1487 1869 1 1 0 0.4
2 163957 1492 3481 1 10 1 0.4
2 144353 1494 4303 1 1 1 0.4
2 104383 1495 2203 1 1 1 0.4
2 80787 1496 1678 1 1 1 0.4
2 87332 1497 1852 1 1 1 0.4
2 103044 1499 2659 1 50 1 0.4
2 70542 1505 2024 1 1 0 0.4
2 172828 1505 3789 1 1 1 0.4
2 73742 1505 1933 1 50 0 0.4
2 178951 1515 3977 1 1 1 0.4
2 133103 1516 3095 1 1 1 0.4
2 124510 1518 3150 1 1 1 0.4
2 166105 1518 4679 1 1 0 0.4
2 137997 1522 3784 1 10 1 0.4
2 85389 1525 1761 1 1 1 0.4
2 117022 1525 2358 1 50 1 0.4
2 60660 1526 1371 1 10 1 0.4
2 154798 1527 3448 1 1 0 0.4
2 160389 1535 4000 1 1 1 0.4
2 161179 1536 3423 1 10 0 0.4
2 157181 1540 3813 1 50 1 0.4
2 158402 1540 4081 1 1 1 0.4
2 62248 1543 1267 1 1 0 0.4
2 96613 1549 2078 1 1 1 0.4
2 153581 1551 3712 1 1 0 0.4
2 96817 1552 2886 1 10 1 0.4
2 107416 1555 3190 1 1 1 0.4
2 122723 1556 3597 1 1 1 0.4
2 140367 1557 2951 1 1 1 0.4
2 106810 1558 2828 1 50 0 0.4
2 145332 1562 3619 1 10 1 0.4
2 68166 1563 2002 1 1 1 0.4
2 105105 1565 2849 1 1 0 0.4
2 166627 1565 3569 1 1 1 0.4
2 123678 1569 2976 1 1 0 0.4
2 95893 1571 2637 1 1 0 0.4
2 147085 1574 4084 1 50 0 0.4
2 121877 1577 2698 1 50 0 0.4
2 93826 1578 2467 1 50 0 0.4
2 89082 1578 2502 1 1 1 0.4
2 178332 1582 4622 1 1 0 0.4
2 168804 1584 4273 1 10 0 0.4
2 77243 1585 1562 1 1 1 0.4
2 149891 1587 3184 1 1 1 0.4
2 125151 1592 2864 1 10 1 0.4
2 62289 1594 1575 1 1 1 0.4
2 156287 1595 3367 1 1 0 0.4
2 149247 1596 3543 1 50 0 0.4
2 69453 1599 1927 1 10 0 0.4
2 76621 1601 2269 1 1 0 0.4
2 100186 1601 2023 1 10 0 0.4
2 99149 1607 2471 1 1 0 0.4
2 177545 1608 3732 1 1 0 0.4
2 179511 1608 4366 1 1 1 0.4
2 159959 1609 3676 1 1 1 0.4
2 143335 1609 3635 1 1 0 0.4
2 66123 1611 1392 1 10 1 0.4
2 138324 1614 3071 1 10 1 0.4
2 140800 1622 3630 1 1 1 0.4
2 89503 1623 2533 1 1 1 0.4
2 118202 1624 2611 1 1 1 0.4
2 81427 1625 1654 1 1 1 0.4
2 121619 1628 3401 1 10 0 0.4
2 102099 1636 2271 1 10 0 0.4
2 106675 1637 2246 1 1 1 0.4
2 123788 1641 2867 1 10 0 0.4
2 141445 1643 3587 1 10 1 0.4
2 60915 1645 1538 1 1 1 0.4
2 123193 1646 3444 1 10 1 0.4
2 74272 1646 2015 1 10 1 0.4
2 142906 1647 3356 1 1 0 0.4
2 118711 1651 3153 1 1 0 0.4
2 172249 1657 4097 1 10 1 0.4
2 110069 1660 2312 1 10 1 0.4
2 65941 1661 1452 1 10 0 0.4
2 86429 1664 1955 1 1 1 0.4
2 161310 1665 4677 1 1 0 0.4
2 76740 1668 1954 1 10 0 0.4
2 77217 1670 2006 1 1 0 0.4
2 108140 1671 3070 1 1 1 0.4
2 149087 1671 3941 1 1 1 0.4
2 147101 1672 3979 1 1 1 0.4
2 176056 1683 4134 1 1 0 0.4
2 75923 1687 2080 1 10 0 0.4
2 125169 1689 3666 1 10 0 0.4
2 117686 1691 3419 1 1 1 0.4
2 75744 1695 1733 1 10 0 0.4
2 107656 1701 2157 1 50 1 0.4
2 125795 1703 3169 1 50 0 0.4
2 87383 1704 2556 1 1 0 0.4
2 66770 1712 1564 1 1 0 0.4
2 107753 1721 2158 1 10 1 0.4
2 119689 1726 2675 1 10 1 0.4
2 154282 1726 4324 1 1 0 0.4
2 90518 1727 2056 1 1 1 0.4
2 108316 1737 3030 1 1 1 0.4
2 93661 1739 2375 1 10 1 0.4
2 153155 1740 3388 1 1 0 0.4
2 104346 1740 2876 1 1 0 0.4
2 97247 1741 2532 1 10 0 0.4
2 171273 1741 4971 1 1 0 0.4
2 81029 1744 1682 1 1 1 0.4
2 149909 1745 4106 1 1 1 0.4
2 125435 1746 2715 1 50 1 0.4
2 120323 1747 3254 1 1 0 0.4
2 88712 1750 2614 1 10 1 0.4
2 142658 1753 3814 1 1 0 0.4
2 119078 1753 3080 1 1 0 0.4
2 102121 1753 2236 1 1 1 0.4
2 137803 1756 2947 1 10 1 0.4
2 124038 1759 2656 1 1 0 0.4
2 73651 1760 1626 1 10 0 0.4
2 118621 1761 2680 1 10 0 0.4
2 134154 1762 3577 1 50 1 0.4
2 91077 1763 2303 1 50 1 0.4
2 143709 1763 3592 1 1 0 0.4
2 158455 1765 4094 1 10 1 0.4
2 102945 1767 2275 1 1 1 0.4
2 81514 1771 1765 1 1 1 0.4
2 93429 1774 2729 1 10 1 0.4
2 68540 1775 1989 1 1 0 0.4
2 99199 1776 2690 1 1 0 0.4
2 157929 1776 4262 1 10 1 0.4
2 72725 1781 1715 1 10 1 0.4
2 82130 1785 2163 1 50 1 0.4
2 91209 1787 2520 1 10 0 0.4
2 158210 1790 4235 1 10 1 0.4
2 145626 1793 3935 1 10 1 0.4
2 128188 1798 3469 1 50 0 0.4
2 124599 1800 2809 1 1 0 0.4
2 72506 1801 1971 1 50 1 0.4
2 97473 1802 2413 1 1 0 0.4
2 155217 1803 3664 1 1 0 0.4
2 163374 1803 4062 1 1 0 0.4
2 152469 1807 4005 1 50 0 0.4
2 82592 1807 2333 1 1 1 0.4
2 122651 1811 2778 1 1 1 0.4
2 137473 1813 3614 1 1 0 0.4
2 112169 1814 2622 1 1 1 0.4
2 172067 1814 4098 1 50 1 0.4
2 101100 1814 2688 1 1 1 0.4
2 97782 1814 2127 1 50 0 0.4
2 61667 1815 1669 1 1 1 0.4
2 75930 1816 1749 1 1 0 0.4
2 152613 1823 4512 1 1 0 0.4
2 130916 1824 3217 1 1 1 0.4
2 99531 1824 2491 1 1 1 0.4
2 160200 1825 4010 1 1 1 0.4
2 93815 1832 1914 1 10 0 0.4
2 179740 1839 5000 1 1 0 0.4
2 101336 1840 2139 1 50 0 0.4
2 88038 1844 2002 1 1 0 0.4
2 165073 1844 3845 1 10 1 0.4
2 179338 1848 4659 1 1 1 0.4
2 130243 1852 3484 1 1 1 0.4
2 171886 1864 4287 1 1 1 0.4
2 132709 1871 3070 1 1 0 0.4
2 167705 1872 4786 1 10 1 0.4
2 85391 1873 2298 1 1 1 0.4
2 76641 1874 2043 1 10 1 0.4
2 118746 1875 3305 1 1 0 0.4
2 66959 1876 1395 1 50 1 0.4
2 60100 1877 1239 1 10 0 0.4
2 70921 1879 1564 1 1 1 0.4
2 88024 1887 2506 1 10 1 0.4
2 89260 1888 2535 1 10 0 0.4
2 119375 1890 2821 1 10 1 0.4
2 103104 1891 2245 1 1 1 0.4
2 103841 1893 3066 1 50 1 0.4
2 70692 1893 1547 1 1 1 0.4
2 61421 1895 1530 1 50 1 0.4
2 123250 1901 2537 1 10 1 0.4
2 123556 1901 2950 1 10 1 0.4
2 125252 1902 3624 1 1 0 0.4
2 120839 1902 3590 1 10 0 0.4
2 68298 1907 1908 1 1 1 0.4
2 163673 1911 4539 1 10 1 0.4
2 81112 1911 2053 1 1 0 0.4
2 98214 1913 2767 1 10 1 0.4
2 65232 1913 1917 1 10 1 0.4
2 147016 1913 3793 1 10 1 0.4
2 85996 1914 2254 1 10 0 0.4
2 80102 1915 1880 1 1 1 0.4
2 108517 1919 2249 1 10 1 0.4
2 170910 1919 3535 1 10 0 0.4
2 173365 1929 4231 1 10 0 0.4
2 101472 1933 2062 1 1 1 0.4
2 80844 1935 2103 1 50 0 0.4
2 87906 1937 2303 1 50 0 0.4
2 156369 1938 4457 1 1 0 0.4
2 110436 1943 2607 1 1 1 0.4
2 73731 1945 2205 1 10 1 0.4
2 117183 1948 3467 1 10 0 0.4
2 168832 1952 3800 1 10 0 0.4
2 174632 1952 4873 1 1 0 0.4
2 65135 1952 1534 1 10 0 0.4
2 175877 1957 4778 1 1 0 0.4
2 60488 1961 1377 1 10 1 0.4
2 64105 1965 1466 1 1 0 0.4
2 61975 1965 1720 1 10 1 0.4
2 88452 1972 1832 1 1 1 0.4
2 145417 1975 3158 1 1 0 0.4
2 149860 1976 4156 1 1 0 0.4
2 73349 1978 1990 1 10 0 0.4
2 68535 1984 1897 1 10 1 0.4
2 96417 1987 2782 1 1 1 0.4
2 60370 1989 1470 1 50 0 0.4
2 156619 1991 4054 1 10 1 0.4
2 177473 1994 4808 1 1 1 0.4
2 114042 1995 2519 1 1 0 0.4
2 102423 1996 2772 1 10 1 0.4
2 160157 1997 3242 1 10 1 0.4
2 139102 2002 4031 1 10 1 0.4
2 103220 2007 2278 1 1 0 0.4
2 152492 2011 4226 1 1 0 0.4
2 81426 2013 1708 1 1 0 0.4
2 91338 2016 2538 1 1 0 0.4
2 131076 2017 3904 1 10 1 0.4
2 60879 2020 1791 1 10 0 0.4
2 154037 2028 3080 1 1 0 0.4
2 170605 2028 4948 1 10 0 0.4
2 60714 2031 1779 1 1 0 0.4
2 163548 2031 4005 1 1 1 0.4
2 79380 2032 1711 1 10 1 0.4
2 172423 2038 3770 1 50 1 0.4
2 133701 2039 3615 1 10 1 0.4
2 89468 2039 2024 1 50 1 0.4
2 105347 2039 2131 1 1 1 0.4
2 96689 2040 2194 1 1 0 0.4
2 156019 2043 3190 1 1 1 0.4
2 122527 2044 3616 1 50 0 0.4
2 117458 2045 2736 1 10 0 0.4
2 112170 2048 2656 1 1 0 0.4
2 169787 2049 3945 1 10 0 0.4
2 62778 2050 1599 1 1 0 0.4
2 174269 2056 4669 1 10 1 0.4
2 117317 2061 3129 1 1 0 0.4
2 115728 2061 2330 1 1 1 0.4
2 135237 2062 2720 1 10 0 0.4
2 135237 2066 3998 1 10 0 0.4
2 113499 2067 2964 1 10 1 0.4
2 72676 2080 1827 1 10 1 0.4
2 100386 2080 2880 1 50 1 0.4
2 147933 2082 3910 1 10 1 0.4
2 96693 2082 2201 1 1 0 0.4
2 96181 2087 2728 1 1 1 0.4
2 118691 2089 2640 1 50 0 0.4
2 145491 2095 3219 1 1 1 0.4
2 127888 2097 3297 1 1 0 0.4
2 99483 2104 2503 1 50 1 0.4
2 89942 2104 2262 1 1 0 0.4
2 119334 2106 3396 1 1 1 0.4
2 73564 2111 1848 1 1 0 0.4
2 83008 2113 2415 1 1 1 0.4
2 136208 2118 3466 1 1 0 0.4
2 155617 2121 4531 1 1 0 0.4
2 173723 2121 4360 1 1 1 0.4
2 94820 2123 2382 1 1 0 0.4
2 126814 2126 3551 1 1 1 0.4
2 166645 2128 4409 1 10 0 0.4
2 156976 2135 3473 1 10 0 0.4
2 70197 2140 1463 1 1 1 0.4
2 139129 2140 3517 1 1 1 0.4
2 151175 2141 3989 1 10 0 0.4
2 165046 2143 4901 1 50 0 0.4
2 175708 2143 5135 1 1 1 0.4
2 68933 2148 1521 1 1 1 0.4
2 145670 2153 4212 1 1 0 0.4
2 161779 2157 4851 1 1 1 0.4
2 112729 2161 2714 1 1 1 0.4
2 158352 2161 4138 1 1 0 0.4
2 87634 2161 2086 1 1 1 0.4
2 144989 2162 3139 1 1 0 0.4
2 63249 2170 1896 1 10 1 0.4
2 125803 2174 3263 1 10 1 0.4
2 156652 2176 3992 1 1 1 0.4
2 126908 2189 3699 1 10 1 0.4
2 171526 2193 4779 1 50 1 0.4
2 62509 2194 1864 1 1 0 0.4
2 135432 2198 3338 1 10 0 0.4
2 61653 2203 1764 1 10 1 0.4
2 78490 2210 2232 1 1 0 0.4
2 104948 2211 2753 1 1 1 0.4
2 78713 2212 2280 1 1 0 0.4
2 120671 2214 2731 1 1 1 0.4
2 149610 2217 3716 1 1 0 0.4
2 79906 2218 1809 1 1 0 0.4
2 153733 2219 3864 1 1 1 0.4
2 85434 2219 2151 1 1 0 0.4
2 139454 2221 3172 1 50 0 0.4
2 111887 2225 2843 1 1 1 0.4
2 136965 2233 3772 1 10 0 0.4
2 170652 2234 4013 1 1 0 0.4
2 82544 2235 1898 1 1 0 0.4
2 97255 2238 2898 1 50 1 0.4
2 118919 2244 2972 1 1 1 0.4
2 106058 2244 2368 1 10 1 0.4
2 77615 2248 1784 1 10 0 0.4
2 128027 2251 2603 1 1 1 0.4
2 146603 2253 3593 1 10 1 0.4
2 97039 2256 2069 1 1 1 0.4
2 126149 2256 3157 1 10 0 0.4
2 73856 2260 1905 1 10 0 0.4
2 62044 2263 1838 1 1 1 0.4
2 70466 2265 1425 1 1 0 0.4
2 122545 2266 2550 1 10 0 0.4
2 131674 2270 3559 1 1 1 0.4
2 156089 2270 3259 1 1 1 0.4
2 157785 2271 3200 1 1 0 0.4
2 98373 2273 2487 1 1 0 0.4
2 179319 2273 4874 1 10 1 0.4
2 126803 2274 3691 1 1 0 0.4
2 93082 2277 2111 1 1 0 0.4
2 63855 2277 1635 1 1 1 0.4
2 96033 2278 2059 1 10 0 0.4
2 108437 2283 3100 1 50 0 0.4
2 63173 2287 1619 1 10 1 0.4
2 102977 2288 2590 1 1 1 0.4
2 136866 2288 3144 1 1 1 0.4
2 139129 2288 4169 1 1 0 0.4
2 101184 2290 2369 1 1 0 0.4
2 151703 2293 3566 1 50 1 0.4
2 104542 2294 2284 1 1 0 0.4
2 66583 2295 1593 1 50 1 0.4
2 144064 2295 3242 1 1 1 0.4
2 84662 2303 1971 1 10 1 0.4
2 171133 2304 5081 1 10 0 0.4
2 133542 2305 3234 1 1 1 0.4
2 166073 2306 3475 1 10 0 0.4
2 90731 2310 1955 1 50 1 0.4
2 103190 2310 2184 1 50 0 0.4
2 176371 2314 5160 1 10 0 0.4
2 169414 2316 4979 1 1 1 0.4
2 62184 2317 1714 1 1 0 0.4
2 121439 2317 2788 1 1 0 0.4
2 156274 2318 3681 1 1 0 0.4
2 114419 2321 2646 1 1 0 0.4
2 80214 2336 1879 1 1 1 0.4
2 136733 2337 3455 1 1 1 0.4
2 85816 2343 2169 1 1 0 0.4
2 136424 2344 3392 1 1 1 0.4
2 62433 2350 1697 1 1 0 0.4
2 108765 2351 2868 1 1 1 0.4
2 135355 2351 3988 1 10 0 0.4
2 65242 2355 1871 1 1 0 0.4
2 154189 2356 4123 1 1 1 0.4
2 142249 2356 3937 1 1 1 0.4
2 132276 2358 3306 1 10 0 0.4
2 106456 2363 2148 1 1 0 0.4
2 86557 2370 1783 1 1 0 0.4
2 126059 2372 3371 1 10 0 0.4
2 142172 2376 3274 1 1 0 0.4
2 95072 2383 2567 1 1 1 0.4
2 153945 2383 3692 1 10 0 0.4
2 123710 2385 2971 1 1 0 0.4
2 71558 2385 1893 1 1 1 0.4
2 147391 2389 3616 1 1 1 0.4
2 112777 2391 2931 1 10 0 0.4
2 137645 2398 3715 1 1 1 0.4
2 98804 2400 2292 1 1 1 0.4
2 147629 2401 4270 1 1 0 0.4
2 138652 2404 3248 1 10 0 0.4
2 93820 2405 2747 1 10 1 0.4
2 90260 2409 2504 1 1 0 0.4
2 178955 2410 3858 1 1 1 0.4
2 97337 2411 2871 1 1 1 0.4
2 145923 2412 3533 1 1 0 0.4
2 140556 2413 3490 1 1 1 0.4
2 173446 2414 4205 1 1 1 0.4
2 146717 2414 3584 1 1 1 0.4
2 138762 2415 3950 1 1 0 0.4
2 179939 2416 4343 1 1 1 0.4
2 170626 2419 4302 1 1 1 0.4
2 113693 2422 3322 1 1 0 0.4
2 146696 2424 3263 1 1 1 0.4
2 125439 2429 3042 1 10 1 0.4
2 60471 2432 1718 1 1 1 0.4
2 112957 2434 2333 1 1 1 0.4
2 139456 2434 4117 1 1 0 0.4
2 104172 2434 2751 1 1 0 0.4
2 172570 2441 3733 1 1 1 0.4
2 115846 2443 3285 1 1 1 0.4
2 127207 2449 3332 1 10 1 0.4
2 159364 2451 3779 1 1 1 0.4
2 161608 2452 3486 1 1 0 0.4
2 176081 2453 4647 1 1 0 0.4
2 60185 2454 1585 1 50 0 0.4
2 176833 2455 5041 1 1 1 0.4
2 169749 2455 4863 1 10 1 0.4
2 72563 2458 2034 1 1 0 0.4
2 107510 2458 2556 1 1 0 0.4
2 129286 2462 2688 1 1 0 0.4
2 136022 2463 3624 1 1 1 0.4
2 98129 2470 2295 1 1 0 0.4
2 137001 2471 3947 1 1 0 0.4
2 124353 2482 2504 1 1 1 0.4
2 67939 2489 1944 1 1 0 0.4
2 148810 2495 4435 1 1 0 0.4
2 131392 2502 3456 1 10 0 0.4
2 67668 2502 1484 1 1 0 0.4
2 160278 2503 3596 1 1 0 0.4
2 94691 2504 2154 1 10 0 0.4
2 85134 2509 2147 1 1 1 0.4
2 103073 2509 2204 1 1 1 0.4
2 112087 2516 2488 1 1 1 0.4
2 84029 2517 1761 1 10 0 0.4
2 116501 2522 2733 1 10 0 0.4
2 64800 2524 1820 1 10 1 0.4
2 145309 2526 4087 1 50 1 0.4
2 162303 2526 4151 1 1 1 0.4
2 166923 2529 4623 1 1 0 0.4
2 156988 2529 3370 1 10 1 0.4
2 170454 2535 5053 1 10 0 0.4
2 74697 2538 2211 1 10 1 0.4
2 163780 2545 4149 1 1 1 0.4
2 88416 2546 2140 1 1 0 0.4
2 63751 2547 1381 1 10 1 0.4
2 159385 2551 3203 1 1 0 0.4
2 128445 2551 3453 1 1 0 0.4
2 81383 2555 2019 1 50 1 0.4
2 111606 2556 2339 1 1 0 0.4
2 157242 2557 3369 1 10 0 0.4
2 153309 2559 3212 1 10 1 0.4
2 117300 2560 3129 1 1 1 0.4
2 138419 2561 4145 1 1 0 0.4
2 167565 2565 3484 1 1 1 0.4
2 154238 2565 3985 1 10 0 0.4
2 165469 2566 3367 1 1 0 0.4
2 71055 2566 1741 1 50 1 0.4
2 116642 2567 2703 1 10 1 0.4
2 151502 2568 4048 1 50 1 0.4
2 145696 2570 3641 1 10 1 0.4
2 148586 2570 3328 1 50 1 0.4
2 75094 2571 2127 1 1 0 0.4
2 124535 2572 3512 1 10 1 0.4
2 176734 2577 4113 1 1 0 0.4
2 86547 2578 2239 1 10 0 0.4
2 127882 2579 2879 1 10 0 0.4
2 173924 2581 4675 1 10 1 0.4
2 76175 2582 2245 1 10 1 0.4
2 104748 2582 2174 1 1 1 0.4
2 131358 2583 2728 1 1 1 0.4
2 176023 2586 3966 1 1 0 0.4
2 155968 2587 3277 1 10 0 0.4
2 120499 2590 3193 1 50 0 0.4
2 132253 2595 2741 1 10 0 0.4
2 71527 2600 1730 1 10 0 0.4
2 103559 2603 2613 1 1 0 0.4
2 83601 2604 2418 1 50 0 0.4
2 178986 2609 3889 1 10 1 0.4
2 93093 2611 2272 1 1 1 0.4
2 71400 2614 2001 1 1 0 0.4
2 114624 2617 3089 1 50 1 0.4
2 139062 2620 2781 1 10 1 0.4
2 123431 2621 3148 1 10 0 0.4
2 76782 2622 1662 1 1 1 0.4
2 164637 2624 3604 1 50 0 0.4
2 94361 2625 2545 1 50 0 0.4
2 80350 2626 2168 1 10 0 0.4
2 165648 2626 3464 1 1 1 0.4
2 159056 2631 4669 1 1 0 0.4
2 109816 2631 2289 1 1 0 0.4
2 173577 2633 4334 1 1 1 0.4
2 110998 2637 2548 1 1 1 0.4
2 101741 2638 2514 1 10 1 0.4
2 159740 2639 3982 1 1 1 0.4
2 176276 2639 4819 1 1 1 0.4
2 127691 2642 2728 1 1 1 0.4
2 65582 2643 1668 1 1 0 0.4
2 133926 2643 3342 1 1 1 0.4
2 149262 2643 4086 1 1 1 0.4
2 172049 2645 4530 1 1 0 0.4
2 78692 2647 1834 1 10 1 0.4
2 153316 2647 3352 1 1 1 0.4
2 126237 2648 2538 1 10 1 0.4
2 132663 2653 3323 1 1 1 0.4
2 83592 2654 2090 1 1 1 0.4
2 100674 2657 2662 1 1 0 0.4
2 100943 2659 2594 1 1 1 0.4
2 94105 2660 2276 1 1 0 0.4
2 136645 2660 2973 1 1 0 0.4
2 108888 2663 2382 1 10 1 0.4
2 66270 2666 1593 1 1 1 0.4
2 62582 2667 1358 1 50 1 0.4
2 78922 2668 2338 1 1 1 0.4
2 120736 2670 3168 1 1 0 0.4
2 100693 2670 2321 1 10 0 0.4
2 91791 2671 2338 1 1 0 0.4
2 92034 2675 2374 1 1 0 0.4
2 179063 2682 5330 1 1 1 0.4
2 92330 2685 1855 1 50 0 0.4
2 97708 2686 2861 1 1 0 0.4
2 158139 2692 3704 1 50 1 0.4
2 162070 2697 3828 1 1 0 0.4
2 152684 2701 3438 1 1 1 0.4
2 80064 2702 2197 1 50 0 0.4
2 128483 2703 3343 1 1 0 0.4
2 81380 2704 1752 1 1 0 0.4
2 73272 2706 1664 1 1 1 0.4
2 105898 2709 2935 1 10 0 0.4
2 111694 2711 2957 1 1 0 0.4
2 126019 2713 3069 1 1 0 0.4
2 104062 2714 2927 1 1 0 0.4
2 117086 2718 3165 1 1 1 0.4
2 157581 2718 4201 1 10 1 0.4
2 102805 2720 2652 1 10 1 0.4
2 84123 2722 2505 1 10 1 0.4
2 128147 2722 2578 1 10 1 0.4
2 144294 2727 3644 1 1 1 0.4
2 148072 2727 3712 1 1 0 0.4
2 124051 2727 2735 1 10 0 0.4
2 114780 2728 2487 1 1 0 0.4
2 156074 2729 3382 1 1 1 0.4
2 95824 2730 1922 1 1 1 0.4
2 66279 2735 1732 1 1 0 0.4
2 135360 2742 3346 1 10 0 0.4
2 144897 2743 4023 1 1 0 0.4
2 129059 2744 3112 1 1 1 0.4
2 155030 2745 4529 1 1 0 0.4
2 146484 2746 3768 1 10 0 0.4
2 143916 2751 3201 1 10 0 0.4
2 126695 2753 3379 1 1 0 0.4
2 72471 2760 1470 1 10 0 0.4
2 63650 2765 1561 1 1 1 0.4
2 71542 2766 2123 1 10 0 0.4
2 147622 2767 4058 1 10 1 0.4
2 77936 2770 1857 1 50 1 0.4
2 79640 2773 2133 1 50 0 0.4
2 78649 2777 2261 1 1 1 0.4
2 149916 2781 4290 1 1 1 0.4
2 63749 2786 1842 1 1 1 0.4
2 108977 2787 2239 1 1 1 0.4
2 164622 2793 3371 1 10 1 0.4
2 75005 2798 2053 1 1 0 0.4
2 177916 2802 3873 1 1 0 0.4
2 156612 2803 4686 1 1 0 0.4
2 92472 2810 2191 1 1 1 0.4
2 145296 2810 3331 1 10 0 0.4
2 64552 2812 1590 1 1 1 0.4
2 164677 2814 3595 1 10 1 0.4
2 83231 2815 2199 1 1 1 0.4
2 154623 2816 3140 1 1 1 0.4
2 79643 2820 1763 1 1 0 0.4
2 157724 2828 4573 1 1 1 0.4
2 170502 2829 4686 1 10 0 0.4
2 165531 2831 4547 1 10 0 0.4
2 165813 2832 3442 1 10 1 0.4
2 128350 2833 2828 1 1 0 0.4
2 151811 2837 3795 1 1 0 0.4
2 61621 2838 1388 1 1 0 0.4
2 90344 2839 1889 1 1 1 0.4
2 144240 2848 3569 1 1 0 0.4
2 177379 2849 3632 1 10 0 0.4
2 111568 2849 2258 1 10 0 0.4
2 143071 2850 3325 1 1 0 0.4
2 143644 2853 3778 1 50 0 0.4
2 129431 2855 3560 1 10 0 0.4
2 170273 2868 4947 1 1 0 0.4
2 65537 2869 1723 1 50 0 0.4
2 79519 2870 2082 1 10 0 0.4
2 127496 2873 3340 1 1 0 0.4
2 168650 2874 4848 1 1 1 0.4
2 93835 2879 2802 1 1 0 0.4
2 158065 2882 3591 1 10 0 0.4
2 113995 2885 3014 1 1 1 0.4
2 86956 2886 1977 1 50 0 0.4
2 114187 2887 2362 1 1 1 0.4
2 77676 2893 1630 1 1 1 0.4
2 151639 2896 3436 1 1 1 0.4
2 86929 2897 1947 1 1 1 0.4
2 65977 2899 1351 1 1 1 0.4
2 85276 2901 2257 1 1 1 0.4
2 174992 2902 3722 1 1 0 0.4
2 99091 2902 2299 1 50 0 0.4
2 62095 2905 1819 1 50 1 0.4
2 79031 2906 1690 1 1 0 0.4
2 112043 2906 2922 1 10 1 0.4
2 139853 2909 3272 1 50 0 0.4
2 126565 2913 2739 1 50 1 0.4
2 115745 2913 2655 1 1 1 0.4
2 78664 2915 1614 1 1 1 0.4
2 76291 2916 2278 1 1 1 0.4
2 127595 2918 3370 1 1 1 0.4
2 109895 2920 3093 1 10 1 0.4
2 121267 2923 2517 1 1 0 0.4
2 146366 2923 3772 1 1 0 0.4
2 63123 2924 1662 1 10 1 0.4
2 77218 2924 1547 1 50 1 0.4
2 86549 2931 1876 1 1 0 0.4
2 99464 2931 2392 1 50 0 0.4
2 173199 2933 4255 1 50 0 0.4
2 110725 2934 2245 1 10 1 0.4
2 145011 2935 2954 1 10 0 0.4
2 62487 2937 1691 1 1 1 0.4
2 80741 2937 2076 1 10 1 0.4
2 132564 2938 3882 1 10 1 0.4
2 115278 2941 2866 1 1 1 0.4
2 138975 2942 3247 1 1 0 0.4
2 70278 2944 1647 1 1 1 0.4
2 153356 2953 3306 1 1 1 0.4
2 60548 2955 1458 1 1 0 0.4
2 130106 2958 3257 1 1 1 0.4
2 172397 2959 3620 1 1 1 0.4
2 119506 2963 2585 1 1 0 0.4
2 63869 2964 1345 1 1 0 0.4
2 163034 2971 4151 1 10 1 0.4
2 103126 2972 2958 1 1 1 0.4
2 77644 2974 1718 1 1 1 0.4
2 177748 2977 5205 1 1 1 0.4
2 63779 2977 1288 1 50 0 0.4
2 66698 2983 1737 1 10 1 0.4
2 85989 2983 1993 1 1 1 0.4
2 64117 2984 1831 1 10 0 0.4
2 148740 2984 3813 1 10 0 0.4
2 99096 2989 2302 1 10 1 0.4
2 87000 2990 1896 1 1 0 0.4
2 81823 2993 2169 1 1 1 0.4
2 156675 2999 3606 1 1 1 0.4
2 121156 2999 3417 1 10 0 0.4
2 176169 3000 3708 1 10 0 0.4
2 148238 3000 3110 1 1 0 0.4
2 98658 3002 2157 1 1 1 0.4
2 86254 3005 1772 1 1 1 0.4
2 144017 3008 2973 1 1 1 0.4
2 103815 3013 2235 1 10 1 0.4
2 70122 3013 1864 1 1 0 0.4
2 117835 3014 2485 1 10 1 0.4
2 99675 3014 2580 1 10 1 0.4
2 122621 3017 3294 1 1 0 0.4
2 152301 3018 4174 1 10 1 0.4
2 141036 3018 4087 1 1 0 0.4
2 172569 3021 3590 1 10 1 0.4
2 132392 3023 2763 1 10 1 0.4
2 78875 3030 1758 1 1 0 0.4
2 90974 3030 2048 1 10 1 0.4
2 63659 3033 1568 1 10 0 0.4
2 173096 3034 4019 1 10 0 0.4
2 65571 3035 1530 1 1 1 0.4
2 141295 3036 3614 1 10 0 0.4
2 83824 3037 2453 1 1 0 0.4
2 60705 3038 1737 1 1 1 0.4
2 155399 3040 4386 1 1 0 0.4
2 68455 3042 1583 1 1 1 0.4
2 130469 3044 3075 1 1 0 0.4
2 124162 3046 2551 1 1 1 0.4
2 158357 3047 3920 1 10 1 0.4
2 155120 3049 4104 1 1 0 0.4
2 108502 3054 2898 1 1 0 0.4
2 175268 3060 4160 1 1 0 0.4
2 88837 3062 2088 1 10 1 0.4
2 159782 3063 4661 1 1 1 0.4
2 130737 3064 3002 1 1 0 0.4
2 81324 3064 1661 1 1 0 0.4
2 150458 3067 3999 1 1 1 0.4
2 129236 3069 3479 1 10 0 0.4
2 68995 3075 1880 1 1 0 0.4
2 123110 3079 3354 1 1 0 0.4
2 64808 3082 1932 1 1 1 0.4
2 166287 3088 4359 1 10 1 0.4
2 95548 3093 2604 1 1 0 0.4
2 131412 3104 3500 1 1 1 0.4
2 114829 3109 3388 1 10 0 0.4
2 145078 3112 3545 1 1 1 0.4
2 109539 3115 2436 1 1 1 0.4
2 139326 3118 3758 1 10 1 0.4
2 105070 3118 2576 1 10 1 0.4
2 126667 3122 3467 1 1 1 0.4
2 114712 3122 3249 1 10 0 0.4
2 70335 3136 1703 1 10 1 0.4
2 102584 3136 2650 1 1 0 0.4
2 90460 3139 2321 1 1 0 0.4
2 133235 3139 3379 1 1 0 0.4
2 68540 3139 1873 1 1 0 0.4
2 115144 3141 3102 1 1 0 0.4
2 114602 3142 2729 1 1 1 0.4
2 107890 3143 2863 1 10 0 0.4
2 96685 3143 2607 1 1 1 0.4
2 166255 3145 3791 1 1 1 0.4
2 88986 3148 2206 1 10 1 0.4
2 161128 3148 4385 1 1 0 0.4
2 67228 3148 1659 1 10 0 0.4
2 147412 3152 4289 1 10 1 0.4
2 67954 3156 1891 1 1 0 0.4
2 146181 3156 2948 1 1 1 0.4
2 112822 3157 2297 1 1 1 0.4
2 85297 3158 2408 1 10 1 0.4
2 158791 3160 4343 1 1 1 0.4
2 144815 3161 4045 1 10 1 0.4
2 126417 3164 2692 1 10 0 0.4
2 65861 3166 1730 1 1 0 0.4
2 98927 3168 2313 1 10 1 0.4
2 133522 3170 3511 1 1 0 0.4
2 141511 3175 2924 1 10 0 0.4
2 178011 3176 4269 1 10 0 0.4
2 115113 3177 2679 1 10 1 0.4
2 88071 3179 2100 1 10 0 0.4
2 99347 3180 2751 1 10 1 0.4
2 139091 3184 4104 1 1 1 0.4
2 171992 3185 3585 1 1 1 0.4
2 133008 3185 2831 1 1 0 0.4
2 146623 3191 3868 1 1 0 0.4
2 85343 3192 1726 1 1 0 0.4
2 92118 3193 2683 1 1 1 0.4
2 127577 3198 3019 1 1 1 0.4
2 152690 3204 3193 1 1 1 0.4
2 141748 3207 2849 1 10 1 0.4
2 140928 3207 3575 1 10 0 0.4
2 119368 3207 3575 1 1 0 0.4
2 121288 3208 3350 1 10 1 0.4
2 73008 3210 1785 1 1 1 0.4
2 119621 3212 2577 1 1 1 0.4
2 70485 3213 2033 1 10 0 0.4
2 74666 3215 1582 1 10 0 0.4
2 64898 3218 1841 1 10 1 0.4
2 103599 3220 2912 1 1 0 0.4
2 67502 3221 1944 1 50 0 0.4
2 150533 3222 4257 1 1 1 0.4
2 77940 3223 2085 1 10 0 0.4
2 104110 3224 2107 1 1 1 0.4
2 138765 3230 3513 1 10 1 0.4
2 131925 3231 2816 1 50 0 0.4
2 71458 3234 1951 1 50 1 0.4
2 139528 3235 3936 1 1 0 0.4
2 162691 3238 4550 1 1 0 0.4
2 64538 3242 1792 1 1 1 0.4
2 140067 3244 2912 1 1 1 0.4
2 62126 3246 1558 1 1 1 0.4
2 160442 3248 3733 1 10 1 0.4
2 124341 3248 2612 1 1 0 0.4
2 160002 3251 4250 1 1 0 0.4
2 91956 3253 2701 1 50 0 0.4
2 90892 3255 2556 1 10 0 0.4
2 161606 3259 3266 1 1 0 0.4
2 117619 3263 3085 1 1 1 0.4
2 164026 3263 4396 1 1 1 0.4
2 156201 3263 3350 1 10 0 0.4
2 115706 3274 2701 1 1 0 0.4
2 135914 3275 2786 1 10 0 0.4
2 63458 3275 1370 1 10 0 0.4
2 138216 3276 3163 1 50 0 0.4
2 85335 3276 1965 1 10 1 0.4
2 89841 3278 1916 1 1 1 0.4
2 62066 3279 1483 1 1 0 0.4
2 69635 3281 1826 1 10 1 0.4
2 68416 3284 1744 1 1 0 0.4
2 144414 3284 3749 1 1 1 0.4
2 70814 3285 1434 1 10 0 0.4
2 139795 3285 3831 1 10 0 0.4
2 80253 3287 2216 1 1 0 0.4
2 146741 3288 3828 1 10 1 0.4
2 159159 3290 3261 1 10 1 0.4
2 151552 3293 3072 1 1 0 0.4
2 113631 3296 2290 1 10 1 0.4
2 71533 3297 1731 1 1 1 0.4
2 89020 3298 2641 1 10 0 0.4
2 83234 3303 2044 1 10 0 0.4
2 163721 3304 3478 1 10 0 0.4
2 128460 3307 2679 1 10 0 0.4
2 102034 3309 2598 1 50 0 0.4
2 140238 3315 3686 1 1 0 0.4
2 90521 3318 1889 1 1 0 0.4
2 86595 3322 2247 1 1 0 0.4
2 137169 3326 3806 1 1 0 0.4
2 63430 3334 1732 1 1 1 0.4
2 147730 3335 4237 1 1 0 0.4
2 87521 3339 1908 1 10 1 0.4
2 178991 3340 4411 1 10 0 0.4
2 83794 3342 1850 1 1 0 0.4
2 147824 3352 4407 1 10 1 0.4
2 126926 3354 3491 1 10 0 0.4
2 114749 3358 2309 1 1 1 0.4
2 94852 3359 2741 1 50 0 0.4
2 121337 3360 3031 1 1 1 0.4
2 172914 3361 4924 1 50 0 0.4
2 64883 3363 1631 1 10 1 0.4
2 127076 3364 3789 1 1 1 0.4
2 137883 3371 2809 1 1 0 0.4
2 100688 3371 2016 1 1 1 0.4
2 76412 3371 1952 1 1 0 0.4
2 136484 3375 3287 1 1 1 0.4
2 99730 3375 2222 1 1 0 0.4
2 163477 3380 3373 1 10 0 0.4
2 151780 3380 3400 1 1 0 0.4
2 66896 3383 1964 1 1 1 0.4
2 88524 3385 1873 1 10 1 0.4
2 169425 3386 4894 1 1 0 0.4
2 89060 3388 2559 1 10 0 0.4
2 65860 3393 1942 1 1 0 0.4
2 126330 3393 3450 1 10 1 0.4
2 124820 3397 3725 1 10 1 0.4
2 177085 3397 4689 1 10 0 0.4
2 120862 3397 2901 1 1 1 0.4
2 122443 3399 2558 1 1 0 0.4
2 96857 3401 2289 1 50 0 0.4
2 179241 3402 4564 1 10 1 0.4
2 101748 3403 2722 1 1 0 0.4
2 157210 3404 3997 1 10 0 0.4
2 146871 3405 3281 1 1 0 0.4
2 122454 3408 2465 1 50 0 0.4
2 109180 3409 2316 1 1 0 0.4
2 166633 3410 3488 1 10 1 0.4
2 136857 3415 2883 1 1 0 0.4
2 64054 3417 1543 1 10 0 0.4
2 80200 3421 2144 1 50 1 0.4
2 121375 3421 3527 1 1 0 0.4
2 96522 3422 2017 1 1 1 0.4
2 90053 3423 2657 1 1 0 0.4
2 64612 3424 1345 1 1 0 0.4
2 102017 3424 2050 1 1 1 0.4
2 178987 3425 4723 1 1 0 0.4
2 103920 3425 2606 1 10 1 0.4
2 167810 3428 4078 1 50 1 0.4
2 88337 3430 2146 1 1 0 0.4
2 75931 3433 2143 1 1 0 0.4
2 141270 3435 3771 1 1 1 0.4
2 141897 3436 3000 1 50 0 0.4
2 142363 3438 3670 1 1 1 0.4
2 170382 3438 4719 1 1 0 0.4
2 89889 3440 2335 1 1 1 0.4
2 174825 3441 4275 1 1 0 0.4
2 115770 3444 2978 1 50 0 0.4
2 73006 3445 2067 1 1 1 0.4
2 132370 3453 3482 1 1 0 0.4
2 173397 3459 4973 1 1 1 0.4
2 137853 3461 3426 1 1 0 0.4
2 118720 3469 3138 1 1 1 0.4
2 158958 3470 3381 1 1 0 0.4
2 155661 3477 4117 1 1 1 0.4
2 142394 3481 3638 1 10 0 0.4
2 124180 3482 3278 1 1 1 0.4
2 70695 3492 1609 1 10 0 0.4
2 145594 3494 3706 1 10 1 0.4
2 100625 3499 2086 1 10 0 0.4
2 118043 3500 3174 1 10 1 0.4
2 132779 3502 3878 1 1 0 0.4
2 84064 3518 1920 1 1 0 0.4
2 157736 3519 4229 1 1 1 0.4
2 173548 3521 4643 1 1 0 0.4
2 160656 3522 4378 1 50 1 0.4
2 158788 3525 4426 1 10 0 0.4
2 131501 3525 3617 1 10 0 0.4
2 110493 3526 2789 1 10 1 0.4
2 60762 3527 1744 1 50 1 0.4
2 131715 3527 3353 1 1 1 0.4
2 103027 3528 2812 1 1 0 0.4
2 167905 3539 4320 1 10 0 0.4
2 80712 3539 2049 1 50 0 0.4
2 98054 3540 2491 1 1 1 0.4
2 176364 3541 4831 1 1 1 0.4
2 86979 3541 2042 1 1 0 0.4
2 81822 3542 1789 1 1 0 0.4
2 169920 3543 3937 1 50 1 0.4
2 162179 3543 3966 1 1 1 0.4
2 118279 3545 2713 1 1 0 0.4
2 128987 3549 3618 1 1 0 0.4
2 155111 3549 3964 1 10 1 0.4
2 148885 3553 3938 1 10 0 0.4
2 95923 3558 2048 1 1 1 0.4
2 76304 3561 2215 1 1 1 0.4
2 110789 3574 2653 1 1 1 0.4
2 168940 3575 3588 1 1 1 0.4
2 89847 3575 1941 1 1 1 0.4
2 143977 3576 3885 1 1 1 0.4
2 126554 3585 3040 1 10 0 0.4
2 63899 3591 1724 1 1 0 0.4
2 117972 3592 2981 1 10 0 0.4
2 104712 3592 2174 1 1 0 0.4
2 166037 3593 4146 1 1 1 0.4
2 67974 3593 1430 1 10 1 0.4
2 175622 3593 4583 1 10 1 0.4
2 76832 3595 1556 1 1 1 0.4
2 82661 3596 1776 1 10 0 0.4
2 146558 3596 3457 1 10 0 0.4
2 137495 3599 3656 1 1 0 0.4
