1500
3 167926 0 3500 1 10 1 0.4
3 76173 5 2066 1 10 1 0.4
3 137530 5 3984 1 1 1 0.4
3 108470 6 2969 1 1 0 0.4
3 87889 9 2296 1 10 0 0.4
3 148953 12 4434 1 1 0 0.4
3 71760 16 1708 1 10 0 0.4
3 68670 19 2025 1 10 1 0.4
3 76703 26 2164 1 10 1 0.4
3 167728 34 3859 1 1 0 0.4
3 75812 34 1608 1 1 1 0.4
3 64046 39 1606 1 50 0 0.4
3 78198 39 2319 1 10 0 0.4
3 159150 47 3685 1 1 1 0.4
3 136859 47 4081 1 50 1 0.4
3 79052 49 1719 1 1 1 0.4
3 162313 53 4807 1 10 0 0.4
3 105689 54 2449 1 1 0 0.4
3 63774 57 1895 1 50 1 0.4
3 107665 60 2526 1 1 0 0.4
3 95308 67 2262 1 1 1 0.4
3 99736 67 2107 1 10 0 0.4
3 170054 74 4262 1 1 0 0.4
3 105961 79 2696 1 1 1 0.4
3 133790 79 3450 1 10 0 0.4
3 121658 83 3403 1 1 0 0.4
3 97469 83 2556 1 1 1 0.4
3 73764 90 1668 1 1 1 0.4
3 169811 90 3967 1 1 0 0.4
3 150389 91 3551 1 10 1 0.4
3 89367 91 2038 1 1 1 0.4
3 171529 92 3922 1 50 1 0.4
3 146962 93 3651 1 1 0 0.4
3 160567 97 4402 1 1 0 0.4
3 144497 100 3918 1 1 1 0.4
3 126839 102 3531 1 1 1 0.4
3 121848 104 2701 1 1 0 0.4
3 117784 104 3367 1 50 0 0.4
3 155526 104 3768 1 1 0 0.4
3 129791 107 3826 1 1 0 0.4
3 66438 108 1392 1 1 1 0.4
3 147671 112 3089 1 50 0 0.4
3 70393 113 1647 1 10 1 0.4
3 83540 114 2001 1 10 0 0.4
3 147536 116 3957 1 1 0 0.4
3 75332 116 2171 1 10 1 0.4
3 78819 116 1964 1 10 0 0.4
3 125490 116 3410 1 10 1 0.4
3 67016 122 1431 1 10 1 0.4
3 64378 128 1321 1 1 1 0.4
3 167850 131 4550 1 1 0 0.4
3 151695 137 4189 1 1 1 0.4
3 170227 139 3840 1 1 0 0.4
3 116751 139 2415 1 10 1 0.4
3 165677 140 4297 1 1 0 0.4
3 136045 142 3355 1 10 1 0.4
3 101300 144 2490 1 1 1 0.4
3 178706 145 4515 1 10 1 0.4
3 140455 148 3355 1 10 0 0.4
3 154402 158 4600 1 1 1 0.4
3 93090 161 1874 1 1 0 0.4
3 135281 163 3643 1 1 0 0.4
3 119253 164 3163 1 10 0 0.4
3 71812 167 1606 1 1 0 0.4
3 90707 167 2509 1 50 0 0.4
3 140797 173 3019 1 1 0 0.4
3 152979 179 3324 1 10 0 0.4
3 119457 184 3122 1 1 1 0.4
3 92517 184 2500 1 1 1 0.4
3 93354 188 2311 1 1 0 0.4
3 153538 188 3283 1 1 1 0.4
3 130296 189 2799 1 10 0 0.4
3 158912 191 3925 1 1 0 0.4
3 118794 194 2703 1 1 0 0.4
3 146769 194 3155 1 1 0 0.4
3 102609 196 2690 1 1 0 0.4
3 179484 197 4348 1 10 1 0.4
3 88349 199 2355 1 1 0 0.4
3 96156 199 2519 1 1 1 0.4
3 91462 204 1909 1 1 0 0.4
3 88582 208 2496 1 1 1 0.4
3 104912 210 2618 1 10 1 0.4
3 113804 212 2726 1 50 1 0.4
3 103471 212 2792 1 1 0 0.4
3 70134 214 1633 1 1 0 0.4
3 126639 216 2970 1 1 0 0.4
3 128516 216 3175 1 1 0 0.4
3 70826 217 1820 1 10 1 0.4
3 86578 218 2237 1 1 0 0.4
3 174661 219 4278 1 1 0 0.4
3 108381 220 2737 1 1 1 0.4
3 75726 220 1747 1 1 1 0.4
3 81013 221 2293 1 1 0 0.4
3 164552 227 4581 1 50 1 0.4
3 71645 227 1700 1 1 1 0.4
3 78291 241 2109 1 50 1 0.4
3 135327 244 2945 1 1 1 0.4
3 92493 244 2762 1 10 0 0.4
3 89453 246 2630 1 10 1 0.4
3 140826 247 2975 1 10 0 0.4
3 80395 249 2014 1 1 1 0.4
3 65110 251 1381 1 1 0 0.4
3 178747 252 4350 1 1 0 0.4
3 176749 259 5226 1 50 1 0.4
3 159437 259 4451 1 10 0 0.4
3 128618 261 3221 1 1 1 0.4
3 93398 261 2403 1 1 0 0.4
3 141571 265 3838 1 1 0 0.4
3 138858 270 3679 1 50 0 0.4
3 160387 274 3397 1 1 0 0.4
3 113596 277 3273 1 1 0 0.4
3 146387 283 3928 1 10 0 0.4
3 89698 284 1939 1 1 0 0.4
3 82811 285 1856 1 1 0 0.4
3 90198 286 1916 1 10 1 0.4
3 145049 288 3271 1 10 1 0.4
3 158964 289 4117 1 1 1 0.4
3 118842 293 2603 1 50 1 0.4
3 134932 297 3507 1 1 1 0.4
3 135709 298 2748 1 1 1 0.4
3 121218 301 3501 1 1 1 0.4
3 75645 303 1948 1 1 1 0.4
3 60671 303 1245 1 10 1 0.4
3 137534 305 2860 1 1 0 0.4
3 72881 312 1564 1 1 0 0.4
3 79494 317 2081 1 1 1 0.4
3 85178 318 2397 1 1 1 0.4
3 71013 319 1752 1 1 1 0.4
3 79401 325 1594 1 1 1 0.4
3 139997 326 3636 1 10 0 0.4
3 128947 329 3855 1 1 1 0.4
3 115393 330 2981 1 1 0 0.4
3 118280 338 3284 1 10 1 0.4
3 149990 340 4327 1 10 0 0.4
3 80193 341 1642 1 1 0 0.4
3 94164 344 1939 1 10 0 0.4
3 174539 344 4195 1 10 1 0.4
3 178712 345 3940 1 10 1 0.4
3 144372 355 4218 1 10 1 0.4
3 158264 365 3283 1 1 0 0.4
3 153393 370 4056 1 1 1 0.4
3 73262 373 1856 1 50 1 0.4
3 110360 379 2577 1 50 0 0.4
3 94872 379 2565 1 1 1 0.4
3 161393 380 3735 1 1 0 0.4
3 133461 385 3209 1 50 1 0.4
3 78010 386 2338 1 10 1 0.4
3 143545 386 2968 1 1 0 0.4
3 164845 387 4944 1 1 0 0.4
3 97139 390 2866 1 1 0 0.4
3 98146 395 2666 1 1 0 0.4
3 112275 396 3141 1 1 1 0.4
3 69513 400 1693 1 1 1 0.4
3 84967 404 2206 1 1 0 0.4
3 83542 410 2214 1 1 1 0.4
3 166457 412 4387 1 1 0 0.4
3 116917 413 2981 1 1 0 0.4
3 66620 414 1984 1 50 1 0.4
3 121102 416 3253 1 1 0 0.4
3 101863 417 2139 1 10 0 0.4
3 158630 417 3982 1 1 1 0.4
3 175065 417 3623 1 1 0 0.4
3 177965 417 3688 1 1 0 0.4
3 132998 418 2711 1 1 0 0.4
3 113478 421 2462 1 10 1 0.4
3 158958 423 4446 1 10 1 0.4
3 153473 424 3667 1 1 1 0.4
3 106200 425 2147 1 10 0 0.4
3 179767 425 4546 1 1 1 0.4
3 65557 426 1574 1 1 0 0.4
3 126638 426 3758 1 10 1 0.4
3 103577 426 2295 1 1 1 0.4
3 100309 426 2370 1 1 0 0.4
3 154258 427 4340 1 1 1 0.4
3 147955 432 3279 1 10 1 0.4
3 92380 432 2093 1 10 1 0.4
3 133288 433 3134 1 1 0 0.4
3 107980 437 2332 1 10 1 0.4
3 141010 441 3497 1 1 0 0.4
3 99320 449 2503 1 1 1 0.4
3 173212 450 4344 1 1 1 0.4
3 161891 453 4381 1 1 1 0.4
3 80279 454 2298 1 1 1 0.4
3 149962 455 3117 1 1 1 0.4
3 75268 463 1659 1 1 1 0.4
3 123450 466 3425 1 10 1 0.4
3 152376 468 3704 1 1 1 0.4
3 102667 469 2987 1 1 1 0.4
3 67804 471 1929 1 1 0 0.4
3 113329 472 2727 1 10 0 0.4
3 92825 472 2594 1 50 1 0.4
3 160519 476 3904 1 1 1 0.4
3 171627 480 3473 1 50 1 0.4
3 73369 488 1846 1 1 1 0.4
3 110958 489 2712 1 1 1 0.4
3 162302 491 4196 1 1 1 0.4
3 157497 493 3223 1 50 0 0.4
3 109976 496 2501 1 50 1 0.4
3 71572 498 1665 1 10 0 0.4
3 149245 500 3296 1 1 0 0.4
3 78295 502 1960 1 1 0 0.4
3 73005 503 1665 1 1 1 0.4
3 144282 505 3191 1 1 0 0.4
3 137274 512 2896 1 1 0 0.4
3 123829 514 3673 1 10 1 0.4
3 101284 515 2479 1 10 1 0.4
3 130011 515 3594 1 10 1 0.4
3 110117 523 3117 1 10 1 0.4
3 154216 525 3283 1 10 0 0.4
3 177888 526 4137 1 1 0 0.4
3 144815 527 4196 1 1 0 0.4
3 96141 529 1985 1 1 0 0.4
3 88539 530 1856 1 50 1 0.4
3 166736 531 4377 1 1 0 0.4
3 70112 531 1592 1 10 1 0.4
3 76951 534 1882 1 10 0 0.4
3 146596 534 4047 1 50 0 0.4
3 150273 538 3059 1 1 0 0.4
3 126334 539 2845 1 1 1 0.4
3 91751 542 2476 1 1 0 0.4
3 82035 544 2078 1 10 1 0.4
3 164674 544 3640 1 50 1 0.4
3 111420 545 2393 1 1 0 0.4
3 155481 545 3154 1 1 0 0.4
3 168637 546 3657 1 10 0 0.4
3 176612 558 5265 1 1 0 0.4
3 97724 562 2608 1 10 1 0.4
3 149810 562 3283 1 10 0 0.4
3 134044 562 3162 1 1 0 0.4
3 78576 563 2305 1 1 0 0.4
3 150193 566 3339 1 1 1 0.4
3 86956 574 2319 1 1 1 0.4
3 83308 576 1955 1 1 1 0.4
3 91753 580 2684 1 50 1 0.4
3 83516 582 1978 1 10 1 0.4
3 66435 582 1805 1 10 0 0.4
3 170009 584 4137 1 1 1 0.4
3 119876 585 2470 1 1 1 0.4
3 150032 585 3908 1 1 0 0.4
3 179995 585 4381 1 1 1 0.4
3 155710 590 4158 1 50 1 0.4
3 107147 591 2498 1 10 1 0.4
3 176746 595 3568 1 1 1 0.4
3 79726 596 2088 1 1 0 0.4
3 118727 599 2788 1 10 0 0.4
3 147726 599 4355 1 1 0 0.4
3 129624 603 3680 1 1 1 0.4
3 132725 607 3694 1 1 1 0.4
3 158568 607 4496 1 10 1 0.4
3 130638 609 2781 1 10 0 0.4
3 119474 609 3257 1 1 0 0.4
3 150567 610 3344 1 1 1 0.4
3 179778 611 3732 1 1 0 0.4
3 121958 613 3229 1 10 0 0.4
3 144811 614 3387 1 10 1 0.4
3 169959 615 4825 1 1 0 0.4
3 125750 618 3266 1 1 0 0.4
3 106293 621 2316 1 1 0 0.4
3 168086 621 4133 1 1 1 0.4
3 159122 622 4284 1 50 0 0.4
3 73779 626 2051 1 10 0 0.4
3 116687 627 3049 1 10 1 0.4
3 131071 628 3466 1 1 1 0.4
3 175387 629 5110 1 1 1 0.4
3 169699 631 4632 1 1 1 0.4
3 105235 634 2215 1 10 0 0.4
3 89029 635 2123 1 1 0 0.4
3 137551 636 3872 1 10 0 0.4
3 155645 640 3334 1 1 1 0.4
3 69353 644 1562 1 1 1 0.4
3 96508 647 2772 1 10 0 0.4
3 130809 648 3330 1 10 0 0.4
3 116585 650 2570 1 1 0 0.4
3 90725 650 2645 1 10 1 0.4
3 64913 654 1901 1 10 1 0.4
3 145242 659 3315 1 1 1 0.4
3 178284 664 4741 1 1 1 0.4
3 128030 664 2714 1 1 1 0.4
3 174744 665 5088 1 1 0 0.4
3 167028 665 4865 1 10 1 0.4
3 99577 670 2622 1 10 0 0.4
3 145090 670 3520 1 10 0 0.4
3 157385 673 3512 1 1 1 0.4
3 98434 676 2125 1 1 0 0.4
3 81318 678 2009 1 1 0 0.4
3 74071 683 1656 1 10 1 0.4
3 106049 692 2566 1 50 1 0.4
3 97747 692 2025 1 10 1 0.4
3 112503 694 2600 1 10 1 0.4
3 147583 696 3807 1 10 1 0.4
3 142823 696 3356 1 10 0 0.4
3 130784 696 2656 1 10 0 0.4
3 63560 697 1527 1 1 1 0.4
3 146676 698 2957 1 50 1 0.4
3 109406 701 2956 1 1 0 0.4
3 81677 701 1918 1 1 0 0.4
3 109929 709 2224 1 10 1 0.4
3 153454 710 4421 1 10 1 0.4
3 125342 710 2903 1 1 0 0.4
3 120571 714 3508 1 1 1 0.4
3 158436 717 3262 1 1 1 0.4
3 77175 722 1911 1 1 0 0.4
3 136688 726 2932 1 1 0 0.4
3 127315 727 3308 1 10 1 0.4
3 126289 732 3786 1 50 1 0.4
3 68583 735 1428 1 10 1 0.4
3 92987 748 2210 1 50 0 0.4
3 60424 749 1271 1 1 1 0.4
3 97874 750 1963 1 1 1 0.4
3 151764 755 4181 1 50 0 0.4
3 83660 756 2133 1 1 0 0.4
3 154859 757 4541 1 50 1 0.4
3 179814 758 4644 1 10 1 0.4
3 163430 759 4043 1 10 0 0.4
3 174333 759 3648 1 1 0 0.4
3 148146 761 3586 1 1 1 0.4
3 133149 761 3938 1 1 1 0.4
3 168265 766 3818 1 1 0 0.4
3 63451 768 1816 1 1 1 0.4
3 127948 770 3185 1 1 0 0.4
3 177373 776 4873 1 1 0 0.4
3 98230 778 2414 1 1 1 0.4
3 132605 779 3243 1 1 0 0.4
3 150201 779 4124 1 10 1 0.4
3 140672 791 2852 1 1 0 0.4
3 95004 798 2718 1 1 1 0.4
3 110877 798 3024 1 10 1 0.4
3 102970 799 2076 1 50 0 0.4
3 152910 801 3684 1 10 0 0.4
3 94753 803 2146 1 10 0 0.4
3 104405 804 2167 1 1 0 0.4
3 141136 806 4223 1 1 0 0.4
3 125795 810 2986 1 1 0 0.4
3 172319 812 4287 1 1 0 0.4
3 78542 812 1674 1 1 1 0.4
3 88051 820 2513 1 1 0 0.4
3 100431 824 2653 1 50 0 0.4
3 164374 826 4110 1 10 1 0.4
3 106507 829 2170 1 1 0 0.4
3 100590 829 2160 1 10 0 0.4
3 157381 831 3810 1 1 0 0.4
3 135073 836 4003 1 10 0 0.4
3 141756 839 3376 1 10 1 0.4
3 142774 842 3920 1 1 1 0.4
3 82080 845 2390 1 1 1 0.4
3 166172 845 3405 1 10 1 0.4
3 174234 848 4637 1 1 0 0.4
3 169114 849 4160 1 1 1 0.4
3 95948 851 2271 1 1 0 0.4
3 149869 855 4218 1 1 0 0.4
3 115039 861 2566 1 10 1 0.4
3 92109 861 2180 1 1 0 0.4
3 86950 862 1978 1 10 1 0.4
3 93152 864 2199 1 1 1 0.4
3 82961 866 2079 1 1 1 0.4
3 133770 868 3671 1 50 0 0.4
3 142660 868 4210 1 10 0 0.4
3 122973 870 3255 1 10 1 0.4
3 80111 875 1699 1 50 1 0.4
3 167139 876 4160 1 1 1 0.4
3 178716 876 5165 1 1 1 0.4
3 133934 879 3009 1 1 0 0.4
3 79205 880 2202 1 50 1 0.4
3 68338 880 1873 1 1 0 0.4
3 176307 881 5109 1 10 0 0.4
3 175929 882 3923 1 1 0 0.4
3 118856 906 2776 1 1 0 0.4
3 146523 906 3652 1 1 0 0.4
3 72743 907 1484 1 1 1 0.4
3 163087 907 3942 1 1 1 0.4
3 98012 910 2848 1 1 0 0.4
3 166492 914 3611 1 10 0 0.4
3 120895 920 2570 1 1 0 0.4
3 106247 924 2682 1 1 1 0.4
3 155134 924 3194 1 1 1 0.4
3 121362 924 3201 1 1 1 0.4
3 62334 926 1743 1 10 0 0.4
3 65519 931 1891 1 1 0 0.4
3 102541 933 2882 1 10 1 0.4
3 113006 933 2675 1 1 0 0.4
3 108165 935 2641 1 1 0 0.4
3 150350 935 3311 1 10 1 0.4
3 145777 937 3130 1 10 0 0.4
3 105848 939 2855 1 1 0 0.4
3 135260 942 3007 1 50 1 0.4
3 67464 944 1952 1 10 0 0.4
3 152034 947 3339 1 50 1 0.4
3 65639 948 1567 1 1 0 0.4
3 78596 949 1792 1 1 0 0.4
3 106750 949 2375 1 10 1 0.4
3 96696 949 2503 1 1 1 0.4
3 166597 952 4343 1 10 1 0.4
3 64102 957 1853 1 1 1 0.4
3 71651 959 1596 1 10 1 0.4
3 175485 960 4705 1 1 0 0.4
3 94914 964 1959 1 1 0 0.4
3 82733 965 2257 1 50 1 0.4
3 92127 966 2091 1 50 0 0.4
3 91887 967 2286 1 1 0 0.4
3 94572 968 2216 1 1 1 0.4
3 162186 968 4112 1 1 0 0.4
3 126557 969 2896 1 1 0 0.4
3 94659 972 2217 1 1 1 0.4
3 73822 972 2067 1 50 1 0.4
3 121252 972 3406 1 1 1 0.4
3 153519 973 4053 1 10 0 0.4
3 135414 973 3913 1 1 0 0.4
3 68289 977 1695 1 1 1 0.4
3 75990 981 1794 1 1 0 0.4
3 114675 981 2642 1 1 1 0.4
3 76979 983 1985 1 10 0 0.4
3 78537 985 2206 1 10 1 0.4
3 116408 986 2633 1 1 1 0.4
3 159044 986 4262 1 10 1 0.4
3 64159 989 1863 1 1 1 0.4
3 111909 990 2764 1 10 0 0.4
3 160869 990 4443 1 10 1 0.4
3 154141 990 3494 1 1 1 0.4
3 155731 991 4205 1 1 0 0.4
3 140621 991 3322 1 1 0 0.4
3 127151 991 2753 1 10 1 0.4
3 166479 997 4107 1 1 0 0.4
3 79149 998 1969 1 10 1 0.4
3 168669 998 3823 1 1 0 0.4
3 174024 999 5051 1 1 0 0.4
3 174411 1000 5076 1 1 0 0.4
3 136380 1001 3544 1 1 1 0.4
3 140003 1001 3123 1 10 1 0.4
3 120169 1003 3354 1 10 0 0.4
3 171224 1005 4968 1 10 0 0.4
3 69110 1005 1714 1 1 1 0.4
3 162442 1007 4422 1 1 1 0.4
3 99532 1007 2685 1 10 1 0.4
3 156668 1008 4479 1 50 0 0.4
3 81177 1010 2108 1 1 0 0.4
3 165402 1014 3608 1 1 1 0.4
3 166460 1016 4388 1 10 1 0.4
3 102907 1021 2522 1 1 1 0.4
3 124647 1022 3716 1 1 1 0.4
3 92329 1023 1999 1 1 1 0.4
3 69218 1026 1739 1 1 0 0.4
3 75630 1027 2153 1 1 0 0.4
3 101111 1033 2610 1 1 0 0.4
3 150042 1036 3908 1 10 0 0.4
3 157895 1036 3608 1 1 1 0.4
3 121935 1037 2871 1 1 0 0.4
3 68015 1040 1601 1 1 0 0.4
3 83385 1041 2068 1 1 1 0.4
3 119824 1043 2972 1 1 0 0.4
3 115740 1045 2597 1 1 1 0.4
3 174111 1050 5214 1 1 1 0.4
3 65425 1050 1346 1 10 1 0.4
3 142331 1051 3825 1 10 1 0.4
3 128548 1060 2797 1 10 1 0.4
3 74612 1063 1673 1 10 1 0.4
3 167043 1064 3408 1 1 1 0.4
3 156700 1064 4626 1 1 1 0.4
3 144591 1065 4144 1 50 1 0.4
3 138200 1065 3280 1 1 1 0.4
3 174848 1065 3811 1 10 0 0.4
3 125777 1066 3257 1 10 1 0.4
3 172829 1068 5032 1 10 1 0.4
3 76297 1069 1956 1 1 1 0.4
3 116701 1074 3172 1 1 0 0.4
3 77800 1078 1824 1 50 1 0.4
3 100654 1083 2861 1 50 1 0.4
3 103495 1085 2729 1 1 0 0.4
3 164737 1087 4217 1 1 0 0.4
3 127633 1090 3611 1 10 1 0.4
3 178413 1093 4970 1 1 0 0.4
3 172362 1097 4168 1 10 0 0.4
3 178284 1098 4747 1 1 0 0.4
3 93401 1104 2177 1 1 1 0.4
3 66472 1105 1656 1 1 0 0.4
3 158980 1107 3946 1 10 0 0.4
3 69110 1108 2039 1 10 1 0.4
3 113075 1110 3015 1 50 0 0.4
3 73344 1111 2065 1 1 0 0.4
3 87836 1115 1857 1 10 1 0.4
3 166761 1123 4096 1 1 1 0.4
3 178382 1126 4474 1 50 0 0.4
3 106850 1129 2370 1 1 1 0.4
3 159233 1130 4374 1 1 1 0.4
3 122851 1137 2825 1 1 0 0.4
3 157949 1138 4556 1 1 1 0.4
3 121831 1138 3579 1 1 0 0.4
3 161166 1139 4621 1 1 1 0.4
3 87785 1140 2093 1 1 1 0.4
3 162535 1141 4786 1 1 0 0.4
3 72227 1142 2134 1 1 0 0.4
3 81260 1147 1894 1 1 0 0.4
3 152179 1149 3712 1 1 0 0.4
3 88753 1153 2469 1 1 1 0.4
3 81808 1154 2144 1 1 1 0.4
3 138192 1155 3120 1 10 0 0.4
3 94038 1158 2061 1 1 0 0.4
3 97989 1160 2625 1 1 1 0.4
3 102235 1161 2696 1 10 0 0.4
3 133192 1161 3954 1 10 0 0.4
3 101146 1164 2643 1 10 1 0.4
3 170338 1165 4430 1 10 1 0.4
3 128539 1166 3773 1 1 0 0.4
3 155987 1169 3717 1 1 1 0.4
3 135279 1171 2959 1 1 0 0.4
3 150212 1173 3194 1 1 1 0.4
3 161555 1176 4830 1 10 1 0.4
3 136142 1176 3908 1 1 0 0.4
3 128523 1179 2985 1 50 0 0.4
3 128684 1180 3528 1 1 0 0.4
3 152573 1185 4268 1 1 1 0.4
3 121043 1186 2639 1 50 1 0.4
3 155413 1187 4565 1 50 1 0.4
3 157514 1190 3201 1 1 1 0.4
3 93525 1191 2025 1 1 0 0.4
3 165710 1193 4322 1 1 0 0.4
3 161494 1194 3233 1 1 0 0.4
3 120285 1196 2890 1 50 0 0.4
3 130123 1196 2862 1 1 0 0.4
3 65660 1197 1789 1 1 0 0.4
3 140991 1199 4185 1 1 1 0.4
3 156847 1201 4032 1 10 0 0.4
3 153571 1201 3493 1 1 0 0.4
3 97058 1202 2126 1 10 1 0.4
3 157120 1204 3430 1 1 0 0.4
3 155215 1205 3645 1 1 0 0.4
3 95004 1207 2622 1 10 0 0.4
3 179086 1208 3602 1 1 0 0.4
3 72655 1208 1762 1 10 1 0.4
3 89515 1208 2119 1 50 1 0.4
3 107284 1210 2212 1 10 0 0.4
3 145041 1214 3257 1 1 0 0.4
3 92146 1215 1890 1 1 0 0.4
3 149388 1219 3774 1 10 0 0.4
3 159038 1228 3220 1 1 0 0.4
3 133424 1230 2980 1 1 1 0.4
3 159660 1231 4292 1 1 1 0.4
3 106667 1232 3087 1 1 0 0.4
3 63928 1232 1375 1 1 1 0.4
3 117208 1237 3321 1 1 1 0.4
3 165888 1240 4624 1 10 1 0.4
3 129986 1243 3110 1 50 1 0.4
3 157505 1243 3151 1 10 1 0.4
3 169449 1244 3939 1 1 1 0.4
3 104999 1244 2941 1 1 0 0.4
3 66266 1245 1519 1 1 1 0.4
3 109721 1246 2992 1 1 1 0.4
3 121292 1249 2796 1 1 0 0.4
3 117879 1259 2419 1 10 0 0.4
3 151281 1259 3204 1 1 0 0.4
3 172798 1260 4790 1 1 1 0.4
3 80619 1264 1800 1 50 0 0.4
3 74783 1267 1567 1 50 1 0.4
3 166125 1270 3529 1 1 1 0.4
3 81476 1275 2391 1 1 0 0.4
3 153963 1276 3378 1 10 1 0.4
3 160446 1277 4756 1 1 0 0.4
3 141780 1282 4194 1 1 1 0.4
3 104331 1285 2701 1 1 0 0.4
3 166366 1290 3861 1 1 0 0.4
3 108236 1292 2920 1 1 1 0.4
3 132284 1297 3076 1 10 0 0.4
3 164641 1299 3981 1 1 0 0.4
3 123146 1301 2805 1 1 0 0.4
3 80900 1301 1825 1 1 0 0.4
3 110601 1301 2380 1 10 1 0.4
3 105853 1303 2829 1 10 0 0.4
3 119316 1304 3503 1 10 1 0.4
3 157948 1308 3394 1 1 1 0.4
3 103010 1309 2963 1 50 0 0.4
3 106761 1312 2328 1 1 0 0.4
3 142955 1313 3891 1 10 1 0.4
3 155557 1315 3306 1 1 1 0.4
3 176004 1319 5216 1 50 0 0.4
3 169384 1323 3978 1 1 1 0.4
3 134939 1325 2788 1 1 0 0.4
3 68827 1327 2013 1 10 1 0.4
3 110479 1330 3253 1 1 0 0.4
3 161402 1334 3473 1 50 0 0.4
3 156510 1335 4213 1 1 1 0.4
3 94155 1336 2544 1 1 1 0.4
3 136331 1337 3229 1 10 0 0.4
3 142056 1339 3247 1 1 0 0.4
3 137864 1341 3434 1 50 1 0.4
3 74847 1342 2060 1 10 0 0.4
3 110980 1347 3235 1 10 1 0.4
3 79016 1349 1838 1 10 0 0.4
3 138300 1351 2965 1 1 0 0.4
3 66554 1359 1741 1 1 0 0.4
3 101698 1360 2959 1 1 1 0.4
3 133991 1361 3042 1 1 1 0.4
3 106977 1365 2598 1 50 1 0.4
3 97961 1370 2190 1 1 0 0.4
3 130434 1370 2894 1 10 1 0.4
3 140869 1371 3186 1 1 0 0.4
3 134621 1372 3068 1 50 0 0.4
3 78789 1372 2316 1 50 0 0.4
3 157359 1373 3495 1 1 1 0.4
3 86897 1374 2596 1 10 1 0.4
3 167415 1374 4117 1 1 0 0.4
3 90986 1376 1983 1 10 0 0.4
3 130517 1377 3308 1 1 0 0.4
3 107190 1386 2272 1 10 1 0.4
3 174941 1393 4997 1 1 0 0.4
3 123775 1395 3659 1 1 0 0.4
3 108453 1395 3087 1 10 1 0.4
3 148191 1396 3587 1 1 0 0.4
3 72148 1398 1858 1 1 0 0.4
3 89711 1401 2636 1 1 1 0.4
3 154320 1407 3956 1 1 0 0.4
3 99763 1407 2932 1 1 1 0.4
3 100662 1410 2670 1 1 1 0.4
3 163346 1411 3926 1 1 0 0.4
3 152080 1413 3962 1 10 1 0.4
3 161699 1413 3672 1 10 1 0.4
3 90781 1414 2619 1 1 0 0.4
3 162725 1419 4785 1 10 1 0.4
3 83268 1419 2261 1 1 0 0.4
3 165720 1419 4107 1 10 0 0.4
3 81573 1419 2299 1 1 1 0.4
3 76877 1420 2032 1 1 0 0.4
3 163286 1422 4444 1 1 1 0.4
3 87882 1426 2384 1 1 0 0.4
3 151600 1426 3578 1 1 1 0.4
3 159802 1426 3714 1 10 1 0.4
3 129798 1429 3204 1 50 1 0.4
3 115492 1430 2369 1 10 1 0.4
3 177968 1431 4265 1 10 1 0.4
3 171726 1431 4983 1 10 0 0.4
3 152270 1433 3083 1 10 0 0.4
3 80527 1437 2157 1 1 1 0.4
3 157595 1438 3912 1 1 0 0.4
3 86741 1449 2461 1 1 1 0.4
3 150720 1451 3913 1 1 0 0.4
3 139363 1453 3806 1 50 1 0.4
3 113219 1454 2908 1 10 0 0.4
3 80314 1457 2350 1 1 0 0.4
3 143073 1459 3387 1 1 1 0.4
3 172928 1461 3939 1 1 1 0.4
3 155624 1463 4262 1 1 1 0.4
3 125686 1465 2597 1 1 0 0.4
3 146625 1468 2994 1 1 0 0.4
3 134916 1469 2814 1 1 0 0.4
3 60858 1469 1307 1 1 1 0.4
3 171432 1469 3479 1 10 0 0.4
3 139877 1473 3084 1 10 1 0.4
3 88789 1474 1840 1 10 0 0.4
3 80202 1477 1834 1 1 1 0.4
3 78676 1480 1846 1 1 0 0.4
3 64633 1482 1467 1 1 1 0.4
3 68678 1484 1863 1 50 1 0.4
3 87668 1485 2237 1 10 0 0.4
3 80534 1492 1988 1 1 1 0.4
3 120823 1493 3607 1 1 0 0.4
3 63749 1494 1505 1 1 0 0.4
3 145500 1500 3227 1 10 1 0.4
3 141514 1502 3796 1 10 1 0.4
3 89343 1503 2603 1 1 1 0.4
3 90859 1503 2565 1 1 1 0.4
3 137452 1505 3926 1 1 1 0.4
3 140570 1507 3532 1 1 0 0.4
3 70189 1509 1819 1 1 1 0.4
3 134456 1511 2907 1 1 1 0.4
3 87212 1514 2568 1 10 0 0.4
3 97605 1515 2160 1 1 1 0.4
3 167703 1516 3873 1 1 0 0.4
3 94342 1521 2829 1 1 0 0.4
3 131657 1525 3320 1 1 0 0.4
3 61368 1526 1403 1 10 0 0.4
3 179792 1526 4401 1 1 0 0.4
3 169143 1529 4498 1 10 0 0.4
3 71906 1533 1948 1 1 1 0.4
3 108569 1533 2916 1 10 1 0.4
3 143280 1534 3211 1 1 0 0.4
3 127125 1544 3396 1 10 1 0.4
3 96037 1545 2550 1 1 0 0.4
3 92851 1545 2145 1 1 0 0.4
3 106926 1546 3088 1 1 0 0.4
3 171427 1546 4481 1 1 0 0.4
3 133523 1552 3870 1 1 1 0.4
3 153039 1553 3868 1 1 1 0.4
3 75693 1558 2215 1 1 1 0.4
3 77939 1565 1582 1 1 0 0.4
3 83401 1571 2365 1 10 0 0.4
3 178871 1573 4208 1 1 0 0.4
3 115307 1577 2642 1 50 1 0.4
3 134118 1577 3158 1 1 0 0.4
3 101591 1579 2384 1 1 0 0.4
3 100182 1581 2662 1 1 1 0.4
3 143302 1581 3568 1 1 0 0.4
3 138405 1590 3750 1 1 1 0.4
3 121598 1594 3386 1 1 1 0.4
3 162746 1594 3650 1 1 0 0.4
3 84994 1594 2138 1 1 1 0.4
3 137404 1597 2846 1 10 1 0.4
3 112849 1598 2496 1 10 0 0.4
3 96408 1599 2076 1 1 1 0.4
3 97958 1601 2586 1 1 0 0.4
3 111619 1602 2734 1 1 1 0.4
3 120323 1602 2744 1 1 0 0.4
3 97544 1603 2024 1 1 1 0.4
3 84735 1604 2250 1 1 1 0.4
3 143654 1610 3756 1 10 0 0.4
3 145660 1614 3117 1 10 1 0.4
3 128448 1615 3017 1 10 1 0.4
3 75081 1615 1586 1 1 1 0.4
3 144367 1619 3095 1 1 0 0.4
3 101808 1620 2815 1 10 0 0.4
3 155638 1622 3959 1 1 1 0.4
3 119698 1626 2784 1 10 1 0.4
3 102700 1627 2364 1 1 0 0.4
3 86782 1630 2277 1 1 0 0.4
3 89221 1632 2273 1 1 1 0.4
3 157878 1634 3828 1 1 1 0.4
3 172006 1641 3723 1 1 1 0.4
3 99705 1643 2038 1 1 1 0.4
3 138479 1645 3424 1 10 0 0.4
3 176189 1649 3822 1 1 0 0.4
3 66690 1649 1958 1 1 1 0.4
3 147610 1649 3582 1 50 1 0.4
3 125897 1652 3049 1 1 0 0.4
3 62619 1652 1483 1 1 1 0.4
3 153281 1654 4540 1 10 0 0.4
3 113896 1657 2328 1 1 0 0.4
3 175018 1660 4054 1 10 0 0.4
3 93636 1660 2671 1 1 0 0.4
3 104981 1662 2388 1 1 0 0.4
3 95429 1662 2712 1 50 0 0.4
3 84421 1667 2410 1 1 0 0.4
3 76059 1668 2177 1 1 1 0.4
3 111425 1671 2246 1 1 1 0.4
3 84581 1673 2163 1 50 0 0.4
3 178676 1674 4272 1 50 0 0.4
3 93030 1677 2458 1 1 0 0.4
3 60884 1682 1551 1 1 1 0.4
3 83690 1682 2323 1 10 1 0.4
3 66197 1685 1863 1 10 1 0.4
3 77594 1685 2100 1 10 0 0.4
3 91668 1690 2418 1 1 0 0.4
3 68078 1690 1732 1 1 0 0.4
3 83098 1695 2437 1 1 1 0.4
3 63728 1700 1493 1 1 1 0.4
3 86690 1704 2542 1 10 0 0.4
3 145558 1704 3038 1 1 1 0.4
3 61714 1711 1464 1 1 1 0.4
3 170351 1712 5094 1 10 1 0.4
3 64323 1712 1784 1 10 0 0.4
3 152489 1713 3966 1 50 1 0.4
3 172647 1713 4620 1 10 0 0.4
3 67156 1714 1754 1 1 1 0.4
3 138320 1720 3070 1 1 0 0.4
3 163523 1723 4252 1 10 1 0.4
3 127116 1727 2643 1 1 0 0.4
3 140281 1727 3064 1 1 0 0.4
3 89856 1731 2461 1 10 0 0.4
3 118279 1733 2651 1 1 1 0.4
3 126445 1733 2595 1 10 1 0.4
3 172528 1741 4445 1 10 0 0.4
3 178587 1747 4819 1 1 0 0.4
3 138053 1750 3430 1 10 0 0.4
3 142843 1750 3879 1 10 1 0.4
3 156467 1755 3352 1 10 1 0.4
3 171537 1759 4838 1 1 1 0.4
3 156899 1761 3662 1 1 0 0.4
3 89959 1767 2057 1 1 1 0.4
3 132144 1768 3518 1 50 0 0.4
3 102822 1769 2997 1 50 0 0.4
3 112556 1777 3315 1 50 0 0.4
3 97816 1780 2141 1 50 0 0.4
3 161984 1786 3913 1 1 0 0.4
3 61590 1790 1637 1 1 0 0.4
3 178150 1790 5272 1 10 0 0.4
3 172309 1793 4187 1 1 0 0.4
3 106614 1794 3192 1 1 0 0.4
3 99096 1794 2600 1 1 1 0.4
3 83415 1800 2200 1 1 0 0.4
3 108418 1801 2900 1 1 0 0.4
3 64084 1801 1321 1 1 1 0.4
3 78606 1801 1804 1 1 1 0.4
3 154422 1802 4387 1 1 0 0.4
3 67039 1804 1415 1 1 0 0.4
3 127748 1806 2776 1 1 1 0.4
3 85765 1813 1813 1 1 1 0.4
3 94280 1814 2377 1 10 0 0.4
3 78392 1816 1760 1 10 0 0.4
3 151711 1817 3865 1 1 1 0.4
3 74860 1817 2049 1 50 0 0.4
3 174237 1818 4834 1 1 0 0.4
3 88788 1823 1932 1 1 1 0.4
3 169312 1823 4392 1 10 0 0.4
3 168158 1825 4266 1 1 0 0.4
3 135899 1830 3801 1 1 0 0.4
3 166530 1832 4397 1 10 1 0.4
3 151986 1833 3312 1 1 1 0.4
3 161843 1841 3561 1 1 1 0.4
3 60007 1843 1784 1 1 1 0.4
3 137485 1843 3857 1 10 1 0.4
3 99627 1854 2207 1 1 0 0.4
3 157384 1855 3253 1 1 0 0.4
3 90446 1856 2217 1 10 1 0.4
3 147531 1856 4294 1 50 0 0.4
3 128455 1857 3800 1 1 1 0.4
3 88314 1863 2344 1 10 0 0.4
3 137905 1864 3673 1 50 0 0.4
3 115535 1879 2688 1 10 0 0.4
3 73426 1880 2053 1 1 0 0.4
3 139181 1883 3081 1 1 0 0.4
3 112675 1884 2989 1 10 0 0.4
3 125560 1886 3309 1 1 1 0.4
3 73405 1889 1789 1 1 0 0.4
3 152766 1891 4072 1 10 0 0.4
3 91389 1891 2105 1 1 0 0.4
3 122967 1895 2942 1 1 1 0.4
3 87317 1895 1859 1 1 0 0.4
3 127166 1897 2607 1 1 1 0.4
3 169496 1901 3910 1 1 1 0.4
3 111792 1901 2500 1 10 0 0.4
3 108675 1905 2405 1 50 0 0.4
3 75530 1906 1947 1 10 1 0.4
3 61214 1906 1814 1 1 0 0.4
3 98078 1909 2835 1 10 0 0.4
3 81670 1913 1789 1 10 1 0.4
3 164824 1913 4071 1 10 1 0.4
3 71262 1915 1932 1 1 1 0.4
3 164928 1917 4642 1 10 0 0.4
3 159544 1918 3424 1 10 1 0.4
3 67622 1919 1713 1 50 1 0.4
3 96057 1920 2788 1 50 1 0.4
3 80833 1920 2271 1 10 0 0.4
3 99684 1920 2929 1 1 0 0.4
3 172753 1924 4659 1 10 0 0.4
3 141192 1926 4093 1 10 1 0.4
3 159783 1927 3527 1 1 1 0.4
3 80472 1933 2216 1 1 0 0.4
3 92758 1935 2232 1 1 0 0.4
3 87367 1937 2603 1 1 0 0.4
3 123839 1937 3587 1 1 1 0.4
3 62554 1938 1762 1 10 1 0.4
3 140015 1939 2964 1 10 0 0.4
3 94873 1940 2753 1 1 1 0.4
3 78637 1943 2017 1 1 1 0.4
3 157108 1945 4094 1 50 0 0.4
3 67341 1961 1731 1 1 1 0.4
3 92488 1965 2443 1 1 0 0.4
3 89763 1965 2361 1 10 1 0.4
3 98757 1967 2727 1 10 1 0.4
3 166117 1970 3335 1 10 0 0.4
3 119639 1971 2865 1 1 1 0.4
3 139320 1971 3234 1 10 1 0.4
3 66481 1975 1896 1 1 0 0.4
3 136136 1976 2906 1 1 0 0.4
3 69094 1980 1487 1 1 0 0.4
3 130607 1981 3473 1 1 1 0.4
3 134012 1982 3643 1 1 0 0.4
3 100104 1988 2622 1 50 1 0.4
3 126045 1988 2554 1 1 1 0.4
3 108617 1990 3113 1 1 0 0.4
3 93401 1990 1881 1 1 0 0.4
3 63068 1993 1696 1 10 1 0.4
3 155394 1993 3844 1 1 0 0.4
3 69040 2000 1734 1 10 0 0.4
3 76129 2009 2273 1 1 1 0.4
3 77831 2011 1638 1 1 0 0.4
3 111940 2014 2434 1 1 0 0.4
3 107686 2017 2526 1 1 1 0.4
3 67965 2019 1394 1 1 0 0.4
3 91662 2021 2742 1 1 1 0.4
3 77576 2024 2060 1 1 1 0.4
3 174234 2026 4343 1 1 0 0.4
3 111474 2027 3288 1 50 1 0.4
3 105121 2032 3031 1 10 0 0.4
3 146446 2038 4359 1 1 1 0.4
3 154496 2040 4344 1 1 0 0.4
3 126133 2046 3766 1 1 0 0.4
3 123890 2051 3092 1 10 0 0.4
3 104192 2051 2442 1 1 1 0.4
3 93819 2056 2800 1 1 0 0.4
3 107138 2059 3053 1 1 1 0.4
3 92034 2061 2680 1 1 0 0.4
3 177128 2062 4641 1 1 0 0.4
3 149751 2063 4243 1 10 0 0.4
3 173794 2063 4148 1 10 1 0.4
3 175072 2066 4519 1 10 0 0.4
3 161258 2074 4507 1 1 1 0.4
3 70512 2078 1736 1 10 1 0.4
3 61959 2079 1602 1 1 1 0.4
3 150845 2083 3868 1 1 0 0.4
3 175407 2083 3932 1 1 0 0.4
3 144705 2083 3729 1 1 0 0.4
3 72916 2083 1514 1 1 0 0.4
3 124570 2091 2657 1 10 1 0.4
3 147630 2094 3368 1 10 1 0.4
3 133064 2096 2918 1 10 0 0.4
3 156694 2096 4632 1 1 0 0.4
3 123269 2098 2581 1 1 1 0.4
3 93673 2099 2799 1 50 1 0.4
3 158459 2101 3480 1 10 0 0.4
3 81241 2108 1689 1 1 0 0.4
3 71816 2109 1535 1 1 0 0.4
3 168788 2117 4915 1 1 0 0.4
3 93562 2125 2177 1 50 1 0.4
3 101085 2127 2674 1 10 0 0.4
3 170170 2131 4569 1 1 0 0.4
3 165774 2133 4071 1 1 1 0.4
3 68498 2141 1858 1 10 1 0.4
3 117468 2142 3520 1 1 0 0.4
3 94765 2147 2231 1 10 0 0.4
3 115873 2148 3138 1 1 1 0.4
3 154990 2149 3644 1 10 1 0.4
3 149603 2150 3617 1 1 0 0.4
3 78186 2150 2058 1 1 0 0.4
3 155689 2152 4147 1 1 1 0.4
3 98737 2157 2869 1 10 1 0.4
3 154066 2159 3710 1 10 1 0.4
3 139915 2161 3554 1 1 0 0.4
3 175888 2161 3767 1 1 0 0.4
3 122146 2163 2603 1 1 1 0.4
3 137673 2166 4081 1 1 0 0.4
3 82904 2168 2432 1 10 0 0.4
3 84614 2171 2397 1 1 1 0.4
3 110239 2172 2248 1 1 1 0.4
3 101425 2183 2271 1 50 1 0.4
3 129729 2186 3033 1 10 0 0.4
3 135323 2186 3228 1 1 0 0.4
3 140243 2187 3742 1 1 0 0.4
3 71787 2188 1968 1 10 0 0.4
3 145440 2190 4242 1 1 0 0.4
3 171928 2196 4096 1 1 0 0.4
3 108708 2198 2325 1 1 0 0.4
3 129421 2200 3204 1 10 0 0.4
3 69842 2200 1478 1 10 0 0.4
3 145949 2202 3567 1 50 0 0.4
3 176199 2202 4949 1 10 1 0.4
3 107211 2206 2534 1 1 1 0.4
3 153366 2211 4061 1 50 1 0.4
3 132947 2212 3234 1 50 1 0.4
3 123404 2215 3026 1 50 0 0.4
3 61149 2218 1390 1 10 0 0.4
3 138582 2223 3218 1 1 1 0.4
3 159418 2224 4537 1 1 0 0.4
3 161757 2232 4783 1 1 0 0.4
3 64036 2232 1531 1 1 1 0.4
3 151571 2233 3939 1 50 1 0.4
3 71806 2234 1733 1 1 0 0.4
3 124913 2235 3267 1 10 0 0.4
3 104051 2235 2485 1 1 0 0.4
3 174932 2239 3773 1 1 1 0.4
3 165323 2246 3328 1 1 0 0.4
3 106910 2248 2206 1 10 1 0.4
3 159708 2249 4050 1 1 0 0.4
3 126706 2254 2779 1 10 1 0.4
3 74169 2263 1752 1 1 1 0.4
3 143339 2270 3769 1 50 1 0.4
3 73124 2272 1652 1 1 0 0.4
3 120060 2274 2913 1 1 0 0.4
3 65725 2279 1590 1 50 1 0.4
3 144021 2283 3562 1 10 1 0.4
3 164466 2286 4006 1 50 1 0.4
3 142785 2290 4040 1 50 0 0.4
3 160697 2292 4034 1 1 1 0.4
3 155911 2293 3328 1 1 0 0.4
3 116681 2293 3079 1 50 1 0.4
3 131082 2293 2806 1 10 1 0.4
3 130528 2297 3846 1 1 0 0.4
3 132726 2303 3269 1 10 1 0.4
3 126812 2312 3231 1 50 0 0.4
3 138337 2312 3694 1 1 0 0.4
3 71855 2315 2079 1 1 0 0.4
3 150813 2315 3951 1 1 1 0.4
3 147904 2323 3690 1 1 1 0.4
3 169681 2325 5071 1 1 1 0.4
3 95292 2327 2422 1 10 0 0.4
3 178789 2329 4831 1 1 1 0.4
3 163986 2331 4909 1 1 1 0.4
3 169948 2336 4297 1 1 0 0.4
3 119291 2340 2697 1 50 0 0.4
3 74711 2341 1935 1 1 0 0.4
3 97980 2342 2855 1 10 0 0.4
3 103596 2342 2691 1 10 1 0.4
3 153816 2349 3631 1 1 0 0.4
3 138240 2353 3380 1 1 1 0.4
3 108319 2354 3104 1 50 1 0.4
3 73393 2355 1790 1 1 0 0.4
3 77503 2358 2215 1 1 1 0.4
3 87311 2359 2258 1 1 1 0.4
3 73515 2365 2068 1 1 0 0.4
3 175643 2365 4390 1 10 1 0.4
3 102207 2366 2233 1 1 0 0.4
3 167856 2367 4477 1 1 1 0.4
3 143065 2368 3513 1 1 1 0.4
3 131336 2370 3113 1 10 0 0.4
3 83402 2371 2479 1 1 1 0.4
3 76640 2371 1898 1 10 0 0.4
3 166222 2375 4640 1 10 1 0.4
3 98508 2375 2400 1 50 0 0.4
3 63973 2376 1501 1 1 0 0.4
3 67128 2376 1366 1 10 1 0.4
3 129169 2376 2829 1 10 0 0.4
3 127128 2382 3121 1 1 1 0.4
3 106959 2390 2697 1 1 0 0.4
3 106853 2392 3204 1 10 1 0.4
3 162885 2392 3857 1 1 1 0.4
3 104768 2396 2769 1 10 1 0.4
3 89372 2396 2572 1 1 1 0.4
3 100931 2399 2422 1 1 1 0.4
3 129342 2403 3670 1 10 1 0.4
3 106533 2403 3066 1 10 1 0.4
3 146682 2405 4009 1 50 0 0.4
3 75851 2408 1595 1 1 0 0.4
3 70980 2412 2063 1 1 0 0.4
3 77255 2412 2298 1 1 1 0.4
3 167126 2414 3822 1 1 1 0.4
3 108750 2414 2740 1 1 0 0.4
3 83010 2415 1992 1 1 1 0.4
3 122635 2415 2522 1 10 1 0.4
3 156372 2416 3346 1 10 1 0.4
3 78997 2417 2124 1 1 0 0.4
3 99462 2420 2802 1 50 1 0.4
3 171464 2423 4094 1 1 0 0.4
3 116346 2427 2638 1 10 1 0.4
3 119023 2429 3531 1 50 0 0.4
3 68473 2432 1550 1 10 1 0.4
3 68727 2434 1954 1 1 1 0.4
3 142928 2437 3503 1 1 1 0.4
3 118609 2439 3427 1 10 1 0.4
3 135403 2444 2861 1 1 0 0.4
3 79760 2451 1956 1 10 0 0.4
3 153496 2452 3271 1 1 0 0.4
3 84916 2456 1925 1 1 1 0.4
3 141277 2458 3644 1 10 0 0.4
3 75904 2460 2074 1 1 1 0.4
3 115793 2463 3045 1 1 0 0.4
3 139291 2463 3029 1 10 1 0.4
3 60348 2475 1733 1 1 1 0.4
3 75666 2475 1840 1 1 0 0.4
3 65531 2477 1684 1 50 0 0.4
3 161583 2478 4123 1 10 1 0.4
3 108082 2482 2166 1 1 1 0.4
3 165540 2487 3598 1 1 1 0.4
3 139566 2488 3825 1 1 1 0.4
3 154812 2492 3774 1 1 1 0.4
3 165853 2501 4627 1 1 0 0.4
3 78118 2505 2037 1 1 1 0.4
3 115210 2506 3363 1 1 1 0.4
3 89671 2507 2582 1 1 1 0.4
3 137460 2509 2809 1 1 1 0.4
3 178669 2511 4390 1 10 0 0.4
3 145986 2512 3616 1 1 0 0.4
3 73362 2514 2142 1 1 1 0.4
3 98503 2517 2616 1 50 1 0.4
3 165647 2519 4453 1 50 1 0.4
3 132343 2526 3088 1 10 1 0.4
3 142045 2526 3780 1 10 0 0.4
3 138225 2527 3004 1 10 0 0.4
3 109019 2531 2875 1 1 0 0.4
3 113953 2533 2402 1 50 1 0.4
3 130000 2534 2761 1 1 0 0.4
3 166965 2537 3994 1 1 0 0.4
3 163875 2539 4654 1 10 0 0.4
3 121257 2540 2682 1 1 1 0.4
3 136909 2541 3929 1 1 1 0.4
3 93979 2543 2440 1 1 0 0.4
3 120608 2549 2951 1 1 1 0.4
3 145913 2552 2955 1 10 0 0.4
3 121085 2555 3110 1 50 0 0.4
3 119058 2555 2848 1 1 0 0.4
3 133409 2556 2712 1 1 1 0.4
3 69304 2562 1853 1 1 0 0.4
3 132296 2565 3915 1 10 0 0.4
3 158735 2566 3633 1 50 0 0.4
3 177737 2568 3879 1 1 1 0.4
3 155355 2574 3265 1 1 0 0.4
3 92731 2575 2348 1 1 0 0.4
3 154987 2576 4343 1 1 0 0.4
3 92414 2577 2133 1 1 0 0.4
3 158966 2578 3208 1 10 1 0.4
3 175958 2579 4750 1 1 0 0.4
3 111140 2579 2340 1 50 0 0.4
3 146693 2581 3750 1 50 0 0.4
3 163337 2587 3367 1 10 1 0.4
3 102824 2589 2781 1 1 1 0.4
3 174637 2593 3831 1 10 1 0.4
3 103668 2594 2817 1 10 1 0.4
3 113969 2594 2896 1 1 0 0.4
3 106544 2596 2765 1 10 1 0.4
3 158705 2598 4037 1 1 0 0.4
3 173151 2598 3954 1 10 0 0.4
3 143469 2598 3597 1 1 0 0.4
3 172811 2599 4362 1 1 0 0.4
3 154095 2606 3622 1 1 0 0.4
3 63058 2606 1564 1 50 0 0.4
3 64600 2609 1493 1 1 0 0.4
3 103893 2611 3040 1 1 1 0.4
3 154730 2612 3677 1 10 0 0.4
3 149800 2621 3211 1 10 0 0.4
3 116237 2623 2715 1 50 0 0.4
3 111741 2626 2271 1 1 0 0.4
3 135427 2627 3104 1 50 0 0.4
3 179669 2629 5012 1 10 0 0.4
3 121138 2629 2599 1 1 1 0.4
3 91702 2637 2261 1 10 0 0.4
3 164583 2637 4111 1 50 1 0.4
3 112345 2639 3110 1 50 1 0.4
3 100983 2641 2662 1 1 0 0.4
3 132347 2643 2745 1 1 1 0.4
3 117942 2645 2817 1 1 1 0.4
3 157351 2649 4425 1 1 0 0.4
3 79128 2649 1666 1 1 0 0.4
3 160971 2651 4581 1 10 1 0.4
3 166041 2651 3724 1 10 1 0.4
3 169542 2651 4253 1 1 0 0.4
3 124277 2652 3379 1 10 0 0.4
3 119455 2653 2968 1 10 0 0.4
3 160231 2664 3253 1 10 0 0.4
3 139100 2664 3829 1 1 0 0.4
3 145497 2666 3447 1 10 0 0.4
3 106553 2667 2318 1 10 1 0.4
3 74857 2673 1756 1 1 0 0.4
3 142703 2676 3771 1 10 0 0.4
3 112761 2677 3171 1 1 0 0.4
3 67615 2679 1594 1 1 1 0.4
3 138904 2691 3555 1 10 0 0.4
3 61800 2697 1608 1 10 0 0.4
3 101288 2699 2420 1 1 1 0.4
3 62675 2703 1672 1 1 0 0.4
3 62484 2705 1507 1 1 1 0.4
3 70428 2708 1579 1 1 0 0.4
3 173925 2709 4913 1 1 1 0.4
3 174975 2710 4840 1 1 0 0.4
3 96330 2710 2680 1 50 1 0.4
3 68235 2713 1737 1 10 1 0.4
3 133138 2713 3358 1 1 1 0.4
3 72912 2714 2148 1 1 1 0.4
3 147765 2716 4138 1 1 1 0.4
3 117223 2719 3182 1 1 0 0.4
3 99568 2722 2537 1 1 1 0.4
3 120660 2728 3571 1 1 1 0.4
3 145078 2735 3493 1 1 0 0.4
3 156296 2739 3977 1 1 0 0.4
3 178536 2744 3900 1 1 1 0.4
3 73450 2747 2152 1 1 1 0.4
3 164941 2747 3757 1 10 1 0.4
3 62662 2748 1532 1 10 0 0.4
3 175087 2748 3914 1 1 1 0.4
3 86859 2749 2404 1 50 1 0.4
3 108135 2750 2637 1 1 1 0.4
3 114417 2752 2821 1 1 1 0.4
3 139657 2753 3533 1 10 0 0.4
3 74852 2761 1813 1 1 0 0.4
3 84575 2768 2334 1 1 1 0.4
3 87081 2768 2323 1 10 1 0.4
3 135733 2771 3829 1 10 1 0.4
3 61025 2774 1335 1 1 1 0.4
3 151234 2774 4182 1 10 1 0.4
3 125976 2783 3018 1 10 0 0.4
3 147771 2785 3672 1 1 0 0.4
3 167999 2786 4451 1 1 0 0.4
3 76844 2787 1712 1 1 0 0.4
3 168237 2792 4253 1 1 0 0.4
3 68469 2799 1669 1 1 1 0.4
3 156960 2802 3847 1 1 0 0.4
3 164165 2804 4803 1 1 1 0.4
3 77351 2805 1670 1 1 0 0.4
3 128092 2807 2660 1 10 1 0.4
3 72713 2807 1910 1 1 0 0.4
3 114442 2813 2713 1 10 0 0.4
3 131025 2818 3019 1 1 0 0.4
3 79955 2827 1855 1 1 1 0.4
3 85516 2830 1746 1 10 1 0.4
3 168188 2830 3782 1 1 0 0.4
3 109351 2832 3248 1 10 1 0.4
3 138754 2836 2966 1 1 0 0.4
3 81287 2836 1812 1 1 1 0.4
3 147350 2840 3716 1 1 0 0.4
3 90973 2842 2320 1 1 0 0.4
3 99738 2845 2825 1 1 1 0.4
3 173529 2846 3936 1 10 0 0.4
3 73243 2847 1806 1 1 1 0.4
3 172269 2848 3841 1 10 1 0.4
3 72952 2852 2159 1 1 0 0.4
3 97656 2856 2715 1 10 0 0.4
3 95029 2860 2695 1 1 0 0.4
3 147980 2863 3811 1 1 1 0.4
3 63057 2863 1861 1 1 0 0.4
3 126962 2863 2626 1 10 1 0.4
3 79532 2865 2039 1 10 1 0.4
3 91178 2867 2731 1 1 1 0.4
3 113682 2870 2278 1 1 0 0.4
3 88436 2871 2178 1 1 0 0.4
3 141332 2872 4205 1 1 0 0.4
3 127971 2876 3603 1 1 1 0.4
3 142755 2876 3246 1 10 1 0.4
3 87258 2876 2205 1 10 0 0.4
3 92834 2885 1977 1 1 1 0.4
3 93947 2886 2034 1 1 0 0.4
3 125205 2886 3654 1 1 0 0.4
3 68079 2886 1444 1 1 1 0.4
3 65668 2887 1367 1 1 1 0.4
3 62808 2889 1814 1 1 1 0.4
3 152050 2891 3268 1 1 0 0.4
3 69111 2894 1490 1 10 1 0.4
3 151231 2894 3642 1 10 1 0.4
3 81106 2895 1725 1 10 0 0.4
3 152742 2898 3869 1 50 1 0.4
3 125160 2898 3411 1 10 0 0.4
3 170689 2901 3997 1 1 0 0.4
3 105921 2903 2978 1 1 1 0.4
3 63432 2903 1431 1 1 0 0.4
3 72723 2903 2178 1 1 1 0.4
3 162352 2905 3927 1 1 1 0.4
3 137147 2906 2989 1 1 0 0.4
3 117953 2909 2720 1 1 0 0.4
3 119653 2917 3563 1 10 1 0.4
3 77884 2931 2294 1 1 0 0.4
3 92633 2932 2749 1 1 0 0.4
3 161073 2933 3811 1 1 0 0.4
3 150202 2933 3833 1 10 1 0.4
3 61465 2937 1601 1 50 1 0.4
3 116921 2939 3316 1 50 0 0.4
3 151547 2943 3929 1 10 1 0.4
3 77108 2946 1990 1 1 1 0.4
3 74620 2946 2007 1 1 0 0.4
3 163406 2947 4129 1 1 1 0.4
3 116386 2948 3447 1 10 0 0.4
3 90104 2951 2272 1 10 0 0.4
3 85435 2952 2246 1 1 0 0.4
3 100874 2952 2024 1 10 1 0.4
3 137424 2964 3099 1 1 1 0.4
3 86558 2967 2460 1 50 1 0.4
3 143213 2971 4114 1 1 1 0.4
3 170526 2972 3759 1 1 1 0.4
3 83712 2981 1813 1 1 0 0.4
3 152420 2984 4522 1 1 0 0.4
3 172615 2995 4137 1 1 1 0.4
3 83314 2999 2096 1 1 0 0.4
3 170817 3001 3969 1 1 1 0.4
3 147515 3002 3761 1 10 0 0.4
3 144154 3003 4135 1 1 1 0.4
3 111661 3006 2642 1 10 0 0.4
3 64351 3010 1442 1 1 1 0.4
3 119350 3011 2518 1 10 1 0.4
3 97800 3011 2053 1 10 1 0.4
3 91976 3011 2551 1 1 0 0.4
3 159256 3012 3962 1 10 0 0.4
3 116257 3013 2900 1 1 1 0.4
3 161769 3014 3286 1 1 0 0.4
3 99508 3016 1998 1 1 1 0.4
3 148098 3018 4152 1 10 1 0.4
3 105904 3020 2128 1 1 0 0.4
3 80770 3024 2128 1 10 0 0.4
3 110394 3024 2492 1 50 1 0.4
3 153019 3025 4292 1 1 0 0.4
3 142558 3026 3552 1 10 1 0.4
3 78140 3027 2023 1 10 1 0.4
3 68145 3028 1493 1 1 1 0.4
3 83558 3029 2263 1 1 1 0.4
3 156145 3029 4284 1 1 1 0.4
3 168424 3029 3869 1 10 0 0.4
3 61809 3030 1843 1 1 0 0.4
3 170133 3033 4747 1 1 1 0.4
3 141556 3033 3110 1 1 0 0.4
3 142668 3036 3625 1 50 1 0.4
3 134375 3044 2790 1 10 0 0.4
3 97452 3047 2733 1 10 1 0.4
3 144214 3047 4306 1 10 1 0.4
3 86655 3048 2517 1 1 1 0.4
3 126714 3051 3766 1 1 1 0.4
3 67407 3052 1419 1 10 0 0.4
3 172177 3058 3463 1 1 1 0.4
3 149749 3059 3058 1 1 1 0.4
3 151352 3060 3804 1 1 0 0.4
3 106871 3061 3061 1 10 1 0.4
3 123388 3064 3578 1 1 0 0.4
3 75317 3065 2238 1 1 0 0.4
3 128835 3066 2741 1 10 0 0.4
3 68489 3066 1886 1 1 1 0.4
3 141327 3068 4222 1 1 1 0.4
3 92255 3068 1881 1 1 0 0.4
3 129652 3069 3755 1 10 1 0.4
3 178070 3072 4224 1 1 0 0.4
3 131017 3073 2662 1 10 1 0.4
3 109030 3073 2365 1 1 0 0.4
3 68866 3073 1484 1 1 1 0.4
3 148793 3079 4256 1 1 1 0.4
3 65029 3080 1352 1 10 0 0.4
3 141960 3086 3736 1 1 0 0.4
3 158102 3090 4094 1 1 1 0.4
3 167486 3091 4102 1 1 0 0.4
3 104970 3093 2426 1 50 0 0.4
3 71300 3098 1544 1 1 0 0.4
3 177203 3099 4962 1 1 1 0.4
3 93417 3102 2380 1 10 1 0.4
3 178960 3102 4229 1 1 0 0.4
3 91275 3103 2476 1 1 0 0.4
3 164995 3108 4193 1 1 0 0.4
3 130934 3108 3320 1 1 1 0.4
3 177872 3111 5306 1 50 1 0.4
3 162734 3115 4774 1 1 0 0.4
3 145851 3116 3279 1 1 1 0.4
3 135236 3120 3822 1 1 1 0.4
3 95789 3121 2041 1 50 0 0.4
3 116578 3124 3335 1 1 0 0.4
3 158702 3129 3742 1 1 0 0.4
3 136734 3129 3738 1 1 1 0.4
3 114788 3131 2832 1 1 1 0.4
3 65889 3133 1730 1 1 0 0.4
3 162699 3136 4872 1 10 0 0.4
3 91195 3137 2608 1 1 0 0.4
3 155243 3138 4044 1 1 0 0.4
3 122941 3144 3303 1 1 1 0.4
3 150383 3149 3776 1 50 1 0.4
3 103076 3149 2417 1 50 0 0.4
3 110564 3150 3215 1 1 0 0.4
3 83523 3159 1912 1 1 0 0.4
3 177186 3159 4988 1 1 1 0.4
3 119812 3161 2792 1 10 1 0.4
3 110997 3163 3208 1 1 1 0.4
3 133951 3167 2883 1 10 1 0.4
3 161482 3167 3753 1 10 0 0.4
3 68669 3170 1554 1 1 0 0.4
3 97308 3171 2830 1 1 1 0.4
3 171599 3171 4946 1 50 0 0.4
3 76782 3177 1783 1 1 0 0.4
3 106688 3178 2963 1 1 1 0.4
3 147383 3178 3840 1 10 0 0.4
3 102513 3180 2164 1 10 1 0.4
3 90383 3183 2059 1 50 1 0.4
3 136953 3183 2993 1 10 1 0.4
3 145676 3185 3036 1 1 0 0.4
3 146399 3187 4194 1 1 0 0.4
3 143076 3189 4051 1 10 0 0.4
3 163093 3193 4060 1 1 1 0.4
3 168266 3195 5005 1 10 1 0.4
3 112084 3196 3250 1 10 1 0.4
3 84484 3196 1817 1 1 0 0.4
3 116517 3197 3379 1 1 1 0.4
3 91416 3199 2682 1 1 1 0.4
3 63678 3200 1863 1 1 1 0.4
3 75599 3201 2197 1 1 0 0.4
3 65016 3202 1640 1 1 1 0.4
3 153358 3204 3922 1 10 1 0.4
3 171033 3206 4626 1 10 1 0.4
3 144934 3209 3010 1 1 0 0.4
3 105915 3209 2745 1 10 0 0.4
3 63764 3210 1885 1 10 1 0.4
3 164195 3212 3323 1 1 1 0.4
3 93919 3213 2528 1 10 1 0.4
3 139875 3214 4169 1 10 0 0.4
3 149461 3214 3701 1 1 0 0.4
3 141925 3216 3719 1 1 0 0.4
3 70984 3217 1958 1 1 0 0.4
3 159727 3219 3200 1 1 1 0.4
3 139237 3222 3718 1 10 1 0.4
3 167177 3224 3943 1 50 0 0.4
3 147426 3224 4131 1 10 0 0.4
3 167715 3228 4054 1 50 1 0.4
3 155273 3229 4608 1 1 1 0.4
3 110365 3230 3202 1 10 0 0.4
3 101944 3231 2230 1 1 1 0.4
3 61844 3232 1446 1 10 0 0.4
3 72829 3232 2181 1 1 0 0.4
3 173217 3233 4600 1 1 0 0.4
3 100812 3235 2053 1 1 0 0.4
3 68405 3239 1488 1 50 1 0.4
3 65742 3240 1599 1 1 0 0.4
3 179194 3243 3656 1 1 1 0.4
3 172875 3243 4404 1 1 1 0.4
3 155594 3243 4341 1 10 1 0.4
3 108783 3244 3063 1 1 0 0.4
3 65213 3245 1642 1 10 1 0.4
3 123909 3252 3597 1 1 0 0.4
3 70691 3257 1635 1 10 0 0.4
3 105499 3271 2976 1 1 0 0.4
3 73042 3273 1485 1 50 0 0.4
3 97451 3273 2240 1 10 1 0.4
3 148002 3276 3983 1 1 0 0.4
3 66775 3279 1865 1 10 1 0.4
3 175412 3280 5224 1 1 0 0.4
3 115765 3280 2393 1 10 0 0.4
3 107735 3282 2853 1 50 1 0.4
3 143347 3288 2962 1 10 0 0.4
3 122720 3289 2483 1 10 1 0.4
3 113796 3290 2873 1 1 1 0.4
3 112308 3295 2671 1 10 0 0.4
3 134672 3297 2746 1 1 1 0.4
3 108776 3297 2729 1 1 1 0.4
3 76853 3299 2160 1 50 1 0.4
3 133193 3302 3729 1 1 1 0.4
3 109457 3304 2845 1 10 0 0.4
3 91415 3305 2388 1 1 0 0.4
3 138389 3314 3982 1 50 0 0.4
3 71173 3315 1724 1 50 0 0.4
3 111967 3316 2816 1 10 0 0.4
3 85267 3326 2522 1 10 1 0.4
3 107513 3328 2181 1 1 1 0.4
3 83347 3330 1828 1 1 0 0.4
3 93082 3332 2462 1 1 0 0.4
3 84886 3334 2319 1 1 0 0.4
3 78293 3335 2022 1 1 0 0.4
3 114567 3335 3369 1 1 0 0.4
3 158524 3337 3989 1 1 0 0.4
3 132282 3341 3604 1 1 0 0.4
3 128353 3349 3567 1 10 0 0.4
3 68983 3351 1958 1 1 1 0.4
3 64502 3352 1827 1 10 0 0.4
3 81536 3355 1871 1 10 0 0.4
3 170268 3356 4956 1 10 0 0.4
3 104230 3357 2964 1 10 0 0.4
3 154151 3360 4327 1 1 1 0.4
3 166694 3361 4541 1 1 1 0.4
3 91498 3362 2575 1 10 1 0.4
3 91445 3380 2323 1 10 1 0.4
3 122808 3383 3404 1 1 0 0.4
3 172520 3384 3778 1 1 0 0.4
3 89851 3385 2057 1 1 0 0.4
3 66086 3386 1477 1 10 1 0.4
3 71991 3387 2146 1 50 0 0.4
3 133857 3388 3943 1 1 0 0.4
3 61140 3393 1702 1 10 0 0.4
3 135262 3395 3481 1 1 0 0.4
3 93885 3395 1928 1 1 1 0.4
3 127042 3399 3364 1 1 0 0.4
3 79501 3404 2150 1 10 1 0.4
3 114565 3411 2412 1 10 1 0.4
3 174111 3411 4669 1 1 0 0.4
3 70082 3413 1576 1 10 0 0.4
3 161210 3415 4393 1 10 1 0.4
3 107302 3418 3167 1 50 0 0.4
3 145818 3421 4130 1 1 0 0.4
3 133716 3425 3997 1 10 1 0.4
3 158963 3427 3345 1 1 0 0.4
3 110874 3431 2801 1 1 0 0.4
3 164885 3431 3696 1 1 0 0.4
3 109559 3434 2545 1 1 1 0.4
3 103419 3435 2276 1 10 1 0.4
3 85156 3435 2422 1 10 1 0.4
3 157373 3438 4122 1 50 1 0.4
3 91052 3438 2605 1 50 1 0.4
3 100947 3440 2137 1 1 0 0.4
3 143203 3453 3239 1 1 1 0.4
3 68662 3454 1643 1 10 1 0.4
3 122632 3462 2917 1 1 1 0.4
3 156499 3462 3148 1 1 1 0.4
3 101404 3466 2232 1 10 0 0.4
3 87785 3470 1897 1 1 0 0.4
3 146890 3470 4196 1 1 1 0.4
3 112578 3473 2953 1 1 0 0.4
3 97390 3475 2029 1 1 1 0.4
3 156987 3477 3321 1 10 1 0.4
3 150622 3479 3982 1 1 0 0.4
3 126329 3480 3353 1 1 1 0.4
3 117124 3482 2482 1 10 1 0.4
3 97985 3484 2218 1 10 0 0.4
3 85552 3488 2517 1 10 1 0.4
3 81226 3488 2125 1 50 0 0.4
3 107266 3494 2797 1 1 0 0.4
3 121606 3496 3228 1 1 1 0.4
3 125788 3501 3385 1 10 0 0.4
3 69451 3503 2006 1 1 0 0.4
3 164490 3504 3659 1 10 0 0.4
3 111165 3507 2580 1 10 0 0.4
3 148353 3507 3631 1 10 0 0.4
3 157759 3509 3527 1 1 1 0.4
3 130547 3509 2741 1 1 1 0.4
3 74371 3511 1569 1 1 1 0.4
3 177633 3511 4352 1 1 0 0.4
3 165026 3514 4721 1 1 0 0.4
3 154792 3516 3326 1 1 0 0.4
3 62711 3519 1540 1 10 1 0.4
3 75205 3530 2234 1 10 1 0.4
3 124761 3530 2570 1 1 0 0.4
3 179267 3532 4179 1 10 0 0.4
3 173123 3532 4372 1 1 0 0.4
3 178696 3532 4703 1 1 1 0.4
3 125728 3534 2835 1 10 0 0.4
3 64181 3541 1368 1 50 1 0.4
3 130651 3544 3569 1 10 0 0.4
3 139230 3547 2916 1 10 0 0.4
3 148862 3550 3712 1 1 1 0.4
3 127674 3550 3190 1 50 1 0.4
3 175840 3551 4825 1 1 0 0.4
3 173998 3551 4435 1 10 1 0.4
3 112611 3552 3302 1 1 1 0.4
3 164576 3553 4670 1 1 1 0.4
3 161785 3554 4404 1 1 1 0.4
3 132945 3556 2769 1 50 1 0.4
3 92391 3557 2026 1 1 1 0.4
3 87664 3557 2491 1 1 0 0.4
3 85944 3558 1916 1 1 1 0.4
3 132557 3563 3935 1 1 1 0.4
3 117066 3568 2392 1 10 0 0.4
3 99182 3568 2414 1 1 1 0.4
3 78798 3572 1633 1 10 0 0.4
3 90107 3572 1966 1 50 0 0.4
3 117802 3576 2848 1 1 0 0.4
3 158945 3579 3852 1 10 0 0.4
3 165084 3583 4113 1 1 1 0.4
3 143089 3586 3659 1 1 0 0.4
3 64553 3588 1704 1 1 0 0.4
3 117157 3589 2882 1 10 0 0.4
3 121106 3592 3515 1 10 0 0.4
