1500
10 165763 1 2436 1 1 0
10 162006 2 8579 1 11 1
10 171468 6 4473 1 27 1
10 171750 10 5994 1 9 0
10 178485 11 775 1 18 1
10 171147 12 8558 1 25 0
10 172186 14 9083 1 18 0
10 176370 17 9689 1 48 1
10 161718 23 4702 1 32 0
10 150167 24 5049 1 28 0
10 129268 25 5998 1 30 1
10 160175 27 1500 1 50 0
10 113266 28 1369 1 26 0
10 62831 29 1207 1 34 0
10 129236 32 3296 1 24 1
10 173435 32 3468 1 15 0
10 61805 33 2984 1 9 1
10 151454 41 2052 1 16 0
10 141350 42 6130 1 10 0
10 135213 42 5849 1 49 1
10 107508 44 184 1 32 1
10 128909 45 6015 1 44 0
10 90323 45 5290 1 47 0
10 179398 46 10085 1 44 1
10 71582 52 3133 1 24 0
10 139944 60 7635 1 11 1
10 148151 62 7012 1 10 1
10 118407 66 1063 1 14 0
10 169995 66 386 1 9 0
10 114180 67 2112 1 50 0
10 169025 70 4580 1 28 0
10 146042 70 3676 1 35 0
10 128522 76 6109 1 46 0
10 129893 80 6419 1 47 1
10 147540 82 7387 1 21 1
10 142720 86 2508 1 3 0
10 113690 92 2773 1 38 1
10 176301 97 5599 1 16 0
10 134652 102 2672 1 24 0
10 133209 102 3187 1 46 0
10 158879 105 394 1 46 0
10 108567 110 4172 1 22 1
10 165376 111 9425 1 24 0
10 131080 112 5952 1 14 0
10 60376 112 1911 1 27 0
10 146402 115 489 1 4 0
10 131021 115 610 1 12 0
10 150397 116 1726 1 15 0
10 68165 117 3106 1 5 0
10 112252 123 6716 1 48 1
10 161480 125 5489 1 23 0
10 76028 125 3588 1 22 0
10 88694 128 3176 1 38 0
10 165983 131 5827 1 20 0
10 104745 133 6262 1 22 1
10 128728 139 7617 1 43 1
10 76745 140 3803 1 37 1
10 174803 141 554 1 44 1
10 85706 142 4310 1 42 0
10 89155 142 3994 1 15 1
10 124852 144 1621 1 39 1
10 177382 147 5891 1 13 1
10 69894 153 1665 1 18 1
10 70743 154 1078 1 19 1
10 149616 160 6539 1 25 1
10 97384 161 517 1 15 0
10 65010 166 2765 1 22 0
10 97798 168 218 1 33 0
10 162285 174 9352 1 36 1
10 81840 176 4317 1 27 1
10 93562 178 3653 1 36 0
10 128960 179 1841 1 32 1
10 133585 181 2723 1 13 0
10 144554 182 3426 1 7 1
10 66575 182 1296 1 1 1
10 119982 184 2785 1 13 0
10 146631 185 2981 1 43 0
10 123481 188 275 1 37 0
10 179067 189 6014 1 42 0
10 110351 197 3773 1 26 0
10 163308 197 7997 1 36 0
10 119856 200 846 1 17 1
10 129226 201 203 1 27 1
10 127572 202 3458 1 21 0
10 149568 204 5802 1 23 1
10 166694 204 5672 1 7 1
10 163958 207 6800 1 3 0
10 64924 210 2151 1 24 1
10 105735 215 2549 1 15 1
10 162823 215 3863 1 40 0
10 162455 215 4031 1 41 1
10 103964 216 5051 1 6 0
10 115626 217 2358 1 17 1
10 63546 218 1793 1 50 0
10 70284 221 1732 1 24 1
10 137076 224 5670 1 32 0
10 157937 225 2573 1 40 1
10 129620 227 1024 1 36 0
10 134409 228 7962 1 6 0
10 91656 228 4891 1 30 0
10 110167 229 1804 1 22 0
10 132209 229 1635 1 10 1
10 134171 229 849 1 2 1
10 90969 235 4144 1 45 0
10 88374 238 227 1 21 0
10 106345 240 6034 1 2 1
10 65782 246 1131 1 51 1
10 95162 247 5534 1 35 0
10 87157 251 2383 1 49 0
10 136881 254 2736 1 41 0
10 150643 255 1042 1 20 1
10 161929 256 7675 1 16 1
10 173422 257 5789 1 47 0
10 75441 259 2787 1 44 1
10 86515 260 2327 1 50 1
10 159363 260 4111 1 42 1
10 91828 262 3292 1 2 0
10 119508 263 1828 1 49 0
10 170571 266 5240 1 32 1
10 126493 268 7331 1 51 1
10 123159 271 1486 1 23 0
10 107779 273 632 1 12 0
10 126806 274 4254 1 35 0
10 71842 275 2492 1 17 0
10 168473 276 2682 1 35 0
10 125200 277 642 1 50 1
10 70689 279 3448 1 33 1
10 168456 280 5817 1 3 1
10 139218 281 6670 1 9 0
10 110805 294 581 1 37 1
10 83078 295 2843 1 19 1
10 74038 296 1901 1 19 1
10 147950 299 7779 1 20 0
10 124080 303 6796 1 24 0
10 90708 303 1100 1 16 1
10 127958 307 7636 1 10 0
10 70257 309 556 1 11 1
10 101307 312 5953 1 26 0
10 139361 312 1490 1 5 0
10 95021 312 4288 1 36 1
10 151903 314 9070 1 29 1
10 158274 320 676 1 11 1
10 153772 326 5859 1 4 0
10 133074 326 6752 1 35 1
10 179715 328 7748 1 30 0
10 168260 330 3281 1 22 0
10 145506 330 199 1 31 1
10 162120 332 4038 1 31 1
10 102374 335 1899 1 50 0
10 159157 335 8362 1 33 1
10 80264 337 2408 1 32 1
10 100117 343 4909 1 33 0
10 80265 345 1853 1 41 1
10 161514 349 2895 1 33 1
10 168150 354 7269 1 44 1
10 62773 359 1726 1 11 0
10 170102 360 4500 1 41 1
10 128354 364 2719 1 9 1
10 146171 364 4284 1 51 1
10 165090 364 6102 1 34 0
10 79550 364 3597 1 13 1
10 116613 367 2005 1 44 1
10 138083 368 992 1 34 1
10 112770 369 6153 1 35 0
10 101155 370 182 1 40 1
10 139128 370 1034 1 46 0
10 117766 370 1283 1 29 1
10 104913 370 5056 1 30 1
10 119798 375 610 1 30 0
10 88354 375 3622 1 3 1
10 91324 375 4090 1 15 1
10 141469 377 6818 1 33 1
10 90741 377 1639 1 7 0
10 62431 379 535 1 5 0
10 110424 380 3907 1 1 0
10 158576 382 6232 1 47 0
10 163691 382 2131 1 10 0
10 74764 383 3458 1 26 0
10 96179 384 4764 1 12 1
10 109890 385 381 1 4 1
10 60124 391 370 1 40 0
10 175808 393 8691 1 9 0
10 127154 395 3030 1 34 0
10 91902 399 4708 1 16 1
10 81686 402 3883 1 7 0
10 144790 407 331 1 41 1
10 158739 408 7094 1 40 1
10 122047 409 3368 1 17 1
10 104449 410 6213 1 46 1
10 171613 412 10150 1 36 0
10 167384 418 3826 1 48 0
10 132775 418 3320 1 15 0
10 123888 420 2454 1 14 0
10 120676 421 842 1 46 1
10 128657 427 3645 1 22 1
10 150722 437 510 1 38 0
10 100646 445 4789 1 46 0
10 154439 449 3921 1 47 0
10 149986 452 5942 1 10 0
10 144037 453 6540 1 29 1
10 101517 453 1735 1 42 1
10 173904 453 7878 1 27 1
10 97055 454 3484 1 36 0
10 134002 455 7895 1 22 1
10 174637 460 4557 1 39 1
10 176299 463 6749 1 1 0
10 80591 464 1082 1 8 1
10 150582 466 754 1 10 0
10 127256 475 1523 1 31 1
10 78181 476 2705 1 39 0
10 77462 480 1000 1 30 1
10 73254 483 2417 1 41 0
10 146420 483 7926 1 2 1
10 68022 484 314 1 17 0
10 173298 487 8536 1 18 1
10 114704 487 5576 1 24 1
10 151385 489 3540 1 39 0
10 151107 492 1143 1 25 1
10 85958 495 2186 1 38 1
10 131620 498 7282 1 1 0
10 93674 499 1106 1 23 1
10 68087 499 3935 1 26 1
10 125765 502 1535 1 31 0
10 95068 503 4653 1 10 0
10 150926 506 620 1 20 1
10 122307 507 4150 1 1 1
10 121463 507 6021 1 36 0
10 139737 508 4561 1 5 0
10 146185 512 1841 1 39 0
10 129608 516 503 1 47 0
10 138017 517 1958 1 49 0
10 114521 520 6036 1 36 1
10 73735 520 1559 1 9 1
10 156319 521 8098 1 34 1
10 91958 528 4531 1 24 1
10 77380 528 1083 1 45 1
10 113637 530 1570 1 14 1
10 134239 536 2226 1 44 1
10 174071 539 3810 1 32 0
10 85567 539 5032 1 1 1
10 146742 540 7593 1 7 0
10 176092 541 2198 1 7 1
10 148677 541 4027 1 9 0
10 90567 541 2221 1 10 0
10 176598 542 2931 1 12 0
10 64493 544 1667 1 15 1
10 86555 545 2546 1 30 1
10 146708 547 853 1 24 0
10 152550 550 4410 1 26 1
10 125891 554 3392 1 25 1
10 150835 555 8475 1 27 1
10 155486 556 1652 1 37 0
10 95452 557 2374 1 19 1
10 87396 557 3557 1 38 1
10 137792 558 5107 1 20 1
10 96200 559 5666 1 12 1
10 118004 563 5199 1 14 1
10 169582 566 8112 1 26 1
10 113914 567 1832 1 51 0
10 109494 567 1155 1 29 0
10 157358 568 6563 1 50 1
10 83411 568 4986 1 11 1
10 70669 572 959 1 6 1
10 87648 574 4133 1 39 1
10 114695 576 3765 1 22 1
10 102323 579 4626 1 13 1
10 87696 581 3222 1 38 0
10 114557 584 1798 1 39 0
10 77606 589 3717 1 19 0
10 177993 597 2887 1 7 1
10 141867 598 8272 1 29 1
10 77162 599 961 1 44 0
10 174726 601 8959 1 1 1
10 177661 602 5631 1 18 0
10 118770 603 6627 1 20 0
10 134566 609 626 1 50 1
10 172843 610 4163 1 8 1
10 138322 614 4590 1 4 1
10 71696 614 3599 1 12 1
10 134483 616 7767 1 25 0
10 130464 619 7679 1 18 1
10 85448 623 3279 1 42 0
10 158042 626 4868 1 46 0
10 94837 629 2913 1 47 1
10 171198 631 4839 1 45 0
10 108602 634 4050 1 17 0
10 142247 636 6000 1 9 1
10 168183 637 6188 1 35 0
10 72027 638 2034 1 50 0
10 125457 640 6561 1 12 0
10 101564 640 2277 1 33 0
10 66841 640 661 1 24 0
10 67804 642 949 1 13 1
10 170278 644 5656 1 39 1
10 138065 648 561 1 5 1
10 142620 649 2805 1 46 0
10 129903 650 5401 1 32 0
10 173774 652 8390 1 47 1
10 86583 652 1757 1 30 1
10 153102 659 5237 1 38 0
10 174955 660 2064 1 1 0
10 82184 662 4264 1 11 1
10 70792 664 3659 1 33 1
10 69971 665 626 1 36 0
10 140309 672 5617 1 9 0
10 144060 675 6654 1 37 1
10 149824 677 3594 1 6 0
10 125324 679 388 1 16 1
10 68990 682 1577 1 27 0
10 69808 685 4149 1 51 0
10 160034 687 2249 1 48 1
10 66733 688 1947 1 32 1
10 165424 690 5735 1 47 1
10 127791 697 6331 1 34 0
10 122068 698 2832 1 6 1
10 113332 698 6252 1 11 0
10 150185 702 6061 1 12 1
10 107451 703 1683 1 16 0
10 111061 705 5104 1 41 0
10 86894 710 3373 1 25 1
10 134889 710 5200 1 12 0
10 73069 714 2450 1 22 1
10 80118 717 3281 1 30 1
10 178694 719 9138 1 45 0
10 121814 726 5122 1 27 1
10 177584 729 5420 1 11 1
10 103955 729 612 1 26 1
10 115551 730 1679 1 19 1
10 144552 731 6543 1 24 0
10 155269 731 5284 1 43 0
10 156771 733 6467 1 24 1
10 177241 734 6619 1 23 1
10 138762 735 4039 1 24 1
10 81951 735 2340 1 40 0
10 99374 737 1676 1 35 1
10 171224 737 3461 1 24 0
10 150809 737 8039 1 25 0
10 114284 738 6116 1 40 1
10 165843 740 4718 1 36 0
10 67474 740 3496 1 16 0
10 96865 741 5129 1 43 1
10 110603 747 3558 1 12 0
10 123024 748 4029 1 35 1
10 74947 748 1567 1 37 1
10 153709 752 6826 1 12 1
10 127407 758 3855 1 20 1
10 134416 766 1550 1 6 0
10 133520 767 806 1 43 0
10 134128 767 181 1 8 1
10 64146 767 1089 1 36 0
10 82644 769 862 1 51 0
10 106858 770 1692 1 17 0
10 108640 771 5543 1 28 1
10 78799 774 2802 1 47 1
10 103821 776 1905 1 30 1
10 119440 779 6417 1 49 1
10 101087 784 4579 1 51 0
10 150953 784 8867 1 34 1
10 152196 786 8172 1 14 0
10 157797 790 7536 1 26 0
10 114181 791 5388 1 13 1
10 164322 792 8094 1 1 0
10 152062 799 5710 1 43 0
10 178975 800 2891 1 2 0
10 143744 802 4130 1 11 1
10 137510 804 4302 1 21 0
10 99181 809 4457 1 32 0
10 115444 811 1069 1 18 1
10 94670 813 4336 1 48 1
10 80042 820 3141 1 8 0
10 145920 822 5954 1 24 0
10 114776 824 2925 1 4 1
10 136334 829 3583 1 48 0
10 78261 831 511 1 37 1
10 75524 832 713 1 44 0
10 96924 834 2022 1 16 1
10 72675 842 3722 1 32 0
10 146721 842 1437 1 2 1
10 115087 843 3638 1 40 0
10 103767 844 1916 1 34 0
10 66823 846 3882 1 27 0
10 176955 853 6139 1 9 1
10 161803 853 3366 1 9 1
10 147617 857 468 1 49 1
10 69624 862 2950 1 12 1
10 174595 863 1673 1 35 1
10 145676 864 1010 1 17 1
10 65966 864 2617 1 6 1
10 177672 865 355 1 13 0
10 140929 868 1303 1 37 1
10 127924 870 897 1 27 0
10 160852 872 3595 1 27 0
10 140284 872 4525 1 47 1
10 87623 873 2879 1 21 1
10 142653 873 7193 1 41 1
10 133284 881 3272 1 39 0
10 66185 892 544 1 38 1
10 155194 895 6402 1 13 1
10 152703 896 5303 1 14 0
10 106976 901 4130 1 15 1
10 141030 902 5190 1 44 1
10 79367 902 868 1 9 0
10 88885 902 1148 1 1 1
10 61392 903 3365 1 38 1
10 99110 903 3127 1 30 1
10 88547 905 3490 1 44 1
10 131524 906 7714 1 4 1
10 86373 906 1727 1 36 1
10 63298 907 1797 1 38 0
10 91867 909 1177 1 48 1
10 113646 909 2784 1 6 0
10 112010 911 5899 1 2 0
10 179694 913 967 1 11 1
10 176589 916 1018 1 23 1
10 174730 916 4171 1 8 0
10 120907 917 6652 1 2 0
10 117431 918 1911 1 10 1
10 165913 918 4252 1 18 1
10 168747 919 6230 1 44 0
10 88454 927 2522 1 22 0
10 105271 931 1732 1 38 0
10 81990 934 4349 1 18 1
10 112855 937 2369 1 38 0
10 81328 937 3262 1 49 1
10 118823 939 1992 1 43 0
10 128823 944 5507 1 3 0
10 88351 945 1662 1 48 1
10 146935 948 6854 1 34 0
10 166529 950 9524 1 42 1
10 84786 953 4294 1 6 0
10 92069 959 3452 1 48 0
10 85239 965 4523 1 51 1
10 66668 969 693 1 30 0
10 124710 970 3041 1 32 0
10 69935 972 2116 1 18 0
10 111606 975 3529 1 1 1
10 115295 980 5095 1 19 0
10 88654 983 4067 1 3 0
10 87138 983 2548 1 50 1
10 162468 984 7690 1 25 0
10 126118 987 416 1 22 0
10 153655 990 2358 1 43 1
10 108647 991 5353 1 24 1
10 84557 995 4837 1 16 0
10 88954 996 5249 1 43 1
10 149322 996 3452 1 22 0
10 152573 996 2767 1 15 1
10 142776 1004 6530 1 5 1
10 70474 1007 2887 1 2 1
10 123038 1007 2381 1 4 1
10 179662 1009 8698 1 1 0
10 109711 1014 6419 1 16 0
10 106769 1026 1732 1 43 0
10 105549 1028 4948 1 16 0
10 170979 1030 198 1 40 0
10 112769 1032 5433 1 33 1
10 66048 1033 3119 1 34 1
10 138605 1034 4581 1 41 0
10 150097 1042 1796 1 46 0
10 96881 1043 487 1 47 0
10 160882 1045 3829 1 3 0
10 158348 1048 7837 1 27 0
10 79449 1049 3532 1 25 0
10 60652 1053 1664 1 18 0
10 111116 1055 4521 1 26 1
10 85585 1056 3135 1 46 1
10 73728 1060 3560 1 14 0
10 81785 1061 1198 1 31 0
10 154131 1070 7326 1 25 1
10 141203 1072 7921 1 16 1
10 124940 1073 5173 1 47 1
10 159251 1076 8005 1 14 0
10 99645 1077 5518 1 41 1
10 145573 1077 3944 1 13 1
10 89709 1078 4522 1 33 0
10 158665 1079 8017 1 19 0
10 144693 1080 8054 1 10 0
10 178416 1080 4657 1 31 1
10 85543 1081 3973 1 17 0
10 65775 1083 2729 1 34 1
10 138893 1085 7343 1 21 0
10 113603 1086 4587 1 51 0
10 64028 1088 2064 1 46 0
10 126007 1092 1745 1 38 1
10 160651 1093 1814 1 12 1
10 94706 1094 1195 1 33 0
10 145184 1096 2831 1 31 1
10 64728 1097 613 1 43 0
10 82718 1100 2102 1 46 0
10 67667 1103 1323 1 47 0
10 76895 1107 113 1 33 0
10 176160 1109 7299 1 36 1
10 112090 1112 3482 1 17 0
10 167011 1114 6991 1 46 1
10 145198 1114 6224 1 8 0
10 113249 1116 599 1 38 1
10 65701 1119 706 1 44 1
10 155972 1126 4604 1 4 1
10 119523 1127 4367 1 4 0
10 103009 1139 1998 1 50 1
10 89458 1139 2922 1 9 0
10 100720 1141 1115 1 22 1
10 166486 1145 7213 1 38 1
10 179637 1146 1520 1 8 1
10 150345 1146 5580 1 33 1
10 171139 1152 2813 1 18 1
10 169788 1152 2627 1 16 1
10 144196 1152 7639 1 48 0
10 152200 1153 8750 1 51 1
10 131567 1155 5474 1 13 0
10 146762 1156 6677 1 17 1
10 92196 1158 3728 1 6 0
10 78732 1159 2372 1 30 1
10 101743 1163 4190 1 51 0
10 83109 1164 1620 1 51 0
10 152258 1165 3148 1 1 1
10 132990 1165 2521 1 18 1
10 96475 1165 1295 1 33 0
10 137501 1165 2563 1 28 0
10 169168 1166 9672 1 24 0
10 78599 1169 4583 1 49 1
10 140067 1170 7908 1 7 1
10 130037 1173 6462 1 7 0
10 81459 1173 1985 1 7 1
10 103093 1175 3074 1 13 1
10 147833 1178 3748 1 49 1
10 122446 1183 1570 1 33 1
10 168458 1187 6795 1 26 1
10 64690 1194 3234 1 22 1
10 173875 1195 5453 1 37 0
10 102874 1196 2840 1 51 1
10 84452 1196 3731 1 20 0
10 152986 1197 5269 1 23 0
10 107065 1198 5293 1 46 0
10 174864 1199 3413 1 43 0
10 82370 1200 2461 1 7 1
10 132213 1203 5844 1 46 1
10 178642 1205 3708 1 28 1
10 111177 1206 6533 1 38 1
10 168123 1210 5776 1 2 0
10 63616 1212 1759 1 28 1
10 64906 1215 950 1 40 0
10 158588 1215 7616 1 1 1
10 78563 1218 1600 1 46 0
10 142277 1221 3355 1 35 0
10 80164 1222 2848 1 9 0
10 176590 1226 9312 1 4 1
10 68961 1228 3695 1 16 1
10 82829 1231 2204 1 34 0
10 114125 1233 4172 1 22 0
10 115291 1236 804 1 16 1
10 119516 1238 5147 1 50 1
10 133642 1242 7427 1 20 0
10 83155 1243 907 1 16 0
10 80144 1244 2602 1 42 1
10 91337 1250 2529 1 44 0
10 74315 1254 3920 1 24 0
10 146792 1258 427 1 44 0
10 70934 1265 2180 1 48 0
10 71311 1269 4060 1 18 1
10 116809 1273 248 1 20 0
10 145353 1274 2576 1 18 0
10 94861 1275 1809 1 8 0
10 144020 1276 640 1 34 0
10 116481 1277 2482 1 50 0
10 170399 1280 1464 1 46 1
10 172337 1282 9138 1 25 0
10 115257 1286 2468 1 33 1
10 155286 1286 2405 1 14 0
10 69629 1289 3489 1 48 1
10 177704 1289 2388 1 14 1
10 82283 1291 1026 1 27 1
10 99375 1293 4039 1 8 1
10 63230 1299 1999 1 38 0
10 86416 1300 1370 1 42 1
10 90007 1302 3235 1 23 0
10 106010 1303 5999 1 6 0
10 172605 1308 10338 1 37 0
10 151491 1309 8234 1 51 0
10 109593 1310 1421 1 23 1
10 167119 1310 5168 1 13 1
10 133539 1313 4346 1 32 0
10 165721 1313 814 1 43 0
10 165128 1314 3921 1 6 0
10 138660 1320 2048 1 21 0
10 90261 1328 3162 1 6 1
10 91744 1332 3652 1 34 0
10 122545 1332 1280 1 50 1
10 177859 1333 1441 1 51 0
10 82108 1333 1914 1 8 1
10 74748 1334 3663 1 18 1
10 112266 1335 2586 1 40 1
10 151464 1341 8466 1 4 0
10 109750 1342 1178 1 50 1
10 150407 1347 2838 1 11 0
10 167396 1349 457 1 34 0
10 168399 1354 4830 1 12 1
10 145468 1355 6363 1 30 0
10 75427 1361 693 1 38 0
10 154191 1366 1220 1 35 1
10 177359 1366 2964 1 18 0
10 171779 1369 3124 1 24 1
10 130877 1370 3752 1 7 0
10 144547 1371 1825 1 2 0
10 159404 1371 7686 1 13 0
10 66109 1374 731 1 45 1
10 94764 1375 4672 1 44 1
10 64507 1379 3548 1 41 0
10 83779 1382 3411 1 19 1
10 84281 1385 2328 1 8 1
10 139866 1385 5027 1 15 1
10 71406 1385 1788 1 10 0
10 138735 1387 296 1 37 1
10 135510 1388 4346 1 37 1
10 126002 1388 5797 1 12 1
10 160018 1391 7085 1 21 1
10 163610 1398 4987 1 30 1
10 64829 1399 3601 1 47 0
10 149223 1401 3918 1 17 1
10 116251 1401 2046 1 30 1
10 67954 1402 591 1 22 0
10 76971 1405 1659 1 47 1
10 75030 1409 2739 1 17 0
10 65907 1415 3530 1 49 1
10 135084 1427 4768 1 19 1
10 138921 1428 4432 1 1 1
10 95177 1430 1302 1 5 0
10 108898 1430 689 1 45 0
10 71253 1430 3233 1 18 0
10 136623 1436 7314 1 1 0
10 134309 1438 7022 1 23 0
10 176321 1438 8689 1 36 0
10 117969 1440 1534 1 18 0
10 94998 1442 1665 1 23 0
10 167812 1442 7892 1 8 0
10 137100 1443 5242 1 7 1
10 106624 1443 4340 1 11 1
10 101535 1446 5776 1 51 0
10 130681 1448 2549 1 48 1
10 99763 1448 4860 1 22 0
10 103825 1448 639 1 37 0
10 159323 1454 7322 1 38 0
10 75652 1455 2721 1 27 1
10 161192 1457 8926 1 26 0
10 90069 1465 3768 1 5 1
10 102086 1466 4885 1 8 1
10 108809 1467 1346 1 28 1
10 179931 1471 324 1 45 1
10 70435 1481 2954 1 11 0
10 90988 1484 5357 1 36 1
10 97234 1488 1752 1 3 0
10 82527 1490 1706 1 7 1
10 60598 1491 1003 1 9 0
10 113760 1496 3471 1 28 1
10 170100 1497 2629 1 44 0
10 117613 1498 3359 1 35 0
10 140259 1504 2029 1 13 1
10 92745 1504 4777 1 46 1
10 159052 1506 8088 1 1 0
10 169017 1507 2405 1 30 1
10 63052 1512 2979 1 42 1
10 111634 1512 6585 1 17 0
10 172175 1515 6026 1 29 0
10 155784 1517 6550 1 33 0
10 108020 1519 4816 1 9 1
10 90529 1519 3990 1 17 1
10 84282 1519 855 1 16 0
10 117447 1526 1720 1 2 0
10 123655 1530 604 1 9 0
10 112068 1531 221 1 50 0
10 68900 1534 2002 1 30 0
10 168987 1539 8256 1 39 0
10 163789 1542 3171 1 29 0
10 135560 1544 6604 1 5 1
10 138934 1547 1031 1 40 0
10 137063 1548 6366 1 15 0
10 141425 1548 5330 1 33 0
10 60023 1550 674 1 6 0
10 155951 1551 7492 1 32 0
10 74789 1552 4199 1 31 0
10 163792 1559 8620 1 31 0
10 137347 1559 2897 1 50 1
10 69780 1560 493 1 39 1
10 82890 1563 2845 1 35 1
10 107143 1567 5372 1 12 1
10 162222 1567 5140 1 36 0
10 139529 1567 283 1 33 0
10 70546 1567 968 1 42 1
10 119926 1571 6659 1 15 1
10 118261 1571 2732 1 16 0
10 62412 1573 3121 1 36 1
10 132589 1579 1972 1 32 1
10 83746 1588 1927 1 32 0
10 112613 1589 2768 1 41 0
10 125917 1590 7336 1 5 0
10 174774 1592 2083 1 40 0
10 61497 1594 215 1 5 1
10 122238 1594 1049 1 42 1
10 62443 1598 1245 1 9 0
10 158993 1599 3577 1 13 1
10 97034 1599 3619 1 34 1
10 131964 1600 2460 1 33 0
10 78561 1605 2771 1 17 1
10 79649 1605 3318 1 48 1
10 95465 1605 5132 1 10 1
10 79629 1607 2001 1 17 0
10 118697 1610 938 1 47 1
10 75011 1610 304 1 3 1
10 101523 1610 787 1 46 1
10 92979 1611 2793 1 21 1
10 169325 1611 3004 1 46 0
10 150238 1613 7167 1 38 0
10 106912 1614 2960 1 10 0
10 125377 1617 3790 1 12 0
10 90004 1619 322 1 13 1
10 136966 1620 3015 1 36 0
10 116974 1626 3069 1 20 1
10 164702 1628 4707 1 40 1
10 87537 1629 5062 1 33 0
10 147471 1631 2476 1 25 1
10 90361 1636 4650 1 5 0
10 98638 1641 2288 1 10 1
10 171622 1644 3855 1 23 1
10 158757 1649 8955 1 39 1
10 124895 1652 634 1 3 0
10 78561 1653 2131 1 40 0
10 162261 1653 2648 1 21 1
10 170204 1654 1246 1 51 1
10 81007 1656 1760 1 44 1
10 139144 1657 4199 1 43 0
10 150913 1664 2996 1 34 0
10 125134 1668 4310 1 24 0
10 116679 1669 1808 1 48 1
10 166948 1672 3250 1 23 1
10 99284 1672 4364 1 47 1
10 139999 1672 5913 1 15 1
10 177825 1673 861 1 26 1
10 68646 1673 3056 1 24 0
10 156446 1679 3161 1 3 1
10 105175 1681 3682 1 2 1
10 114367 1686 6154 1 5 0
10 163269 1691 8512 1 34 0
10 62075 1691 3203 1 47 1
10 112272 1694 4434 1 2 0
10 124585 1695 5550 1 23 0
10 108717 1699 6169 1 32 1
10 145298 1700 4815 1 44 0
10 88236 1701 2969 1 41 0
10 85028 1702 3666 1 7 0
10 102099 1702 4075 1 3 1
10 68722 1704 3763 1 12 1
10 106116 1705 554 1 6 0
10 122673 1709 6701 1 36 0
10 126462 1711 1925 1 16 1
10 161374 1713 2074 1 34 0
10 102109 1714 1942 1 38 1
10 60165 1714 863 1 20 1
10 98192 1716 3626 1 2 1
10 152607 1717 6095 1 11 0
10 123135 1718 5688 1 36 1
10 101154 1720 687 1 31 0
10 177106 1721 5734 1 25 0
10 82987 1723 2229 1 29 0
10 176080 1736 7368 1 28 1
10 101423 1740 5691 1 14 1
10 165190 1740 3428 1 47 0
10 177735 1740 4571 1 9 1
10 67856 1743 635 1 1 0
10 62850 1745 1167 1 14 1
10 141004 1750 2149 1 48 0
10 85063 1754 4660 1 14 1
10 97476 1755 5171 1 16 1
10 72236 1757 486 1 45 0
10 152806 1758 1185 1 22 0
10 128781 1764 6987 1 24 1
10 101789 1765 5381 1 19 0
10 73113 1767 3174 1 23 0
10 162472 1769 9163 1 19 1
10 175117 1770 4766 1 37 1
10 74730 1771 4187 1 33 1
10 118906 1772 3536 1 51 1
10 112727 1773 1540 1 28 1
10 65541 1777 769 1 19 0
10 121585 1780 6891 1 24 1
10 121176 1784 7105 1 22 1
10 74150 1786 741 1 30 0
10 151353 1786 5637 1 11 0
10 169190 1792 2968 1 36 0
10 120404 1797 6843 1 30 0
10 148426 1797 2190 1 35 1
10 155476 1798 8403 1 2 1
10 172197 1799 3077 1 44 0
10 86354 1804 4897 1 45 0
10 138028 1806 5747 1 19 0
10 116658 1807 5004 1 42 0
10 176366 1807 8973 1 8 0
10 140704 1812 7493 1 47 0
10 76114 1816 2644 1 1 0
10 176018 1818 5392 1 4 0
10 117838 1819 4924 1 8 0
10 96761 1821 4840 1 11 0
10 127959 1823 4179 1 10 1
10 118897 1825 4086 1 50 0
10 171637 1830 10152 1 17 1
10 117834 1834 6411 1 42 1
10 158370 1838 6434 1 6 0
10 98183 1840 3519 1 9 1
10 156248 1840 8039 1 33 1
10 134862 1842 2049 1 40 1
10 163354 1842 8858 1 6 1
10 116231 1845 5013 1 48 0
10 124687 1847 4297 1 1 1
10 145020 1850 8224 1 30 1
10 154940 1852 8520 1 44 0
10 138549 1853 3899 1 17 1
10 105410 1856 4883 1 10 1
10 152760 1861 7789 1 29 0
10 112356 1863 3148 1 34 0
10 83413 1865 3336 1 22 1
10 70932 1867 3117 1 49 0
10 67337 1868 3778 1 51 1
10 161483 1878 5100 1 42 0
10 116658 1878 4850 1 19 0
10 123619 1879 2190 1 44 1
10 148749 1879 2670 1 19 0
10 142723 1880 5412 1 7 1
10 64005 1883 2662 1 38 1
10 90070 1884 748 1 14 1
10 132059 1885 6355 1 10 0
10 128274 1885 2155 1 38 0
10 168526 1885 5712 1 28 0
10 116078 1887 378 1 38 1
10 175377 1888 1667 1 33 0
10 179320 1888 2633 1 12 0
10 167366 1889 8867 1 15 0
10 85996 1893 2577 1 27 0
10 105946 1893 647 1 25 1
10 95368 1893 2182 1 1 1
10 106912 1894 735 1 3 0
10 113096 1896 3079 1 37 1
10 72789 1900 3297 1 24 1
10 106170 1901 4444 1 34 0
10 96944 1903 495 1 38 0
10 164943 1908 9195 1 15 1
10 69086 1909 2587 1 39 0
10 75467 1910 510 1 37 0
10 125433 1911 2465 1 10 0
10 162721 1915 4105 1 28 1
10 63109 1918 3302 1 16 0
10 135933 1921 1677 1 8 1
10 112967 1925 5707 1 48 1
10 176350 1926 6284 1 20 1
10 72162 1931 3616 1 15 0
10 143891 1935 6186 1 33 1
10 134445 1937 703 1 8 0
10 137276 1937 3061 1 28 1
10 179158 1940 8478 1 32 0
10 105863 1941 4507 1 51 1
10 143533 1941 6335 1 32 0
10 139421 1945 345 1 26 1
10 77361 1946 702 1 37 0
10 143615 1948 7718 1 43 1
10 132040 1951 1874 1 23 0
10 117536 1953 1655 1 12 1
10 67705 1954 3706 1 2 0
10 78863 1955 4507 1 12 0
10 102245 1958 2895 1 19 0
10 176455 1961 1461 1 22 0
10 92085 1962 586 1 27 1
10 114993 1965 1430 1 29 0
10 114536 1970 4560 1 30 1
10 148994 1973 720 1 43 1
10 62013 1980 908 1 12 0
10 169265 1981 4573 1 24 0
10 155858 1981 6082 1 48 0
10 118539 1982 4700 1 48 0
10 141802 1983 5727 1 27 0
10 179010 1985 6859 1 3 1
10 99705 1985 1323 1 25 1
10 74298 1987 1894 1 21 0
10 169437 1989 4668 1 9 1
10 77828 1989 1935 1 21 0
10 79374 1991 535 1 35 0
10 172057 1993 9535 1 44 1
10 70373 1993 3305 1 7 1
10 100579 1995 4510 1 33 0
10 77249 1995 3528 1 39 1
10 61842 1996 1520 1 36 1
10 90121 1997 3837 1 13 1
10 75121 1997 765 1 51 1
10 130088 2002 5490 1 14 0
10 150635 2004 8863 1 17 1
10 164287 2006 8087 1 15 0
10 115013 2007 3056 1 23 1
10 147298 2008 3236 1 47 1
10 76592 2008 1535 1 47 0
10 116081 2011 3706 1 17 1
10 85796 2015 222 1 41 0
10 114930 2020 3592 1 45 0
10 76836 2020 3385 1 30 0
10 95221 2020 4102 1 8 0
10 88348 2022 1972 1 11 1
10 142528 2024 8438 1 13 0
10 95528 2026 262 1 40 0
10 174824 2028 1730 1 48 0
10 148697 2029 5488 1 8 1
10 160697 2032 8565 1 51 0
10 154090 2033 1441 1 45 0
10 124849 2034 2170 1 31 0
10 78362 2037 3699 1 42 1
10 116625 2038 3181 1 40 1
10 63182 2039 2282 1 49 1
10 72108 2041 3713 1 22 1
10 146814 2046 3468 1 49 0
10 160577 2046 3719 1 3 1
10 163191 2049 1907 1 1 1
10 151132 2056 8548 1 2 1
10 123173 2057 6419 1 21 0
10 101010 2062 1595 1 12 0
10 101540 2062 1175 1 23 0
10 136746 2063 6764 1 38 1
10 96623 2063 1258 1 11 0
10 179706 2064 6343 1 30 1
10 102841 2064 903 1 28 1
10 105461 2064 891 1 41 0
10 177170 2065 4271 1 1 0
10 99561 2066 5735 1 43 1
10 129614 2075 5275 1 51 0
10 111990 2076 5928 1 1 0
10 79585 2077 801 1 35 0
10 71423 2079 1333 1 42 1
10 96728 2082 2638 1 20 0
10 173474 2083 8605 1 6 0
10 151134 2083 5696 1 7 0
10 138309 2086 462 1 44 0
10 61799 2091 308 1 1 0
10 77643 2094 1631 1 27 0
10 132372 2094 7248 1 35 1
10 64875 2100 3641 1 18 1
10 62059 2102 473 1 30 0
10 133426 2103 1273 1 31 0
10 112886 2105 5199 1 24 1
10 172375 2108 8823 1 24 0
10 162007 2114 7643 1 36 1
10 152468 2117 3195 1 22 0
10 96346 2120 3125 1 36 0
10 98524 2126 5259 1 12 1
10 75988 2129 3524 1 25 0
10 152623 2129 6274 1 40 1
10 178208 2132 9970 1 27 0
10 178899 2132 5235 1 19 1
10 141885 2135 3993 1 36 0
10 92064 2135 1628 1 30 0
10 98204 2135 133 1 45 1
10 111492 2136 5100 1 41 0
10 86711 2136 184 1 20 1
10 65734 2139 3684 1 15 0
10 61365 2147 3478 1 40 0
10 94171 2148 4697 1 2 1
10 103737 2149 5854 1 27 0
10 110079 2152 3163 1 27 0
10 178550 2152 7997 1 40 1
10 162312 2157 7455 1 50 0
10 84765 2163 3063 1 25 0
10 141850 2164 8173 1 26 0
10 72917 2169 1878 1 3 1
10 104278 2175 3016 1 15 0
10 91519 2176 501 1 1 1
10 168973 2187 9335 1 24 0
10 66930 2189 562 1 29 1
10 87367 2194 2015 1 44 1
10 135500 2196 2132 1 33 0
10 63622 2198 1319 1 30 0
10 140382 2199 7614 1 41 0
10 67242 2201 223 1 32 0
10 79404 2201 1240 1 15 1
10 110802 2203 6231 1 9 1
10 96998 2203 3085 1 46 1
10 160991 2204 7183 1 7 0
10 105878 2204 2188 1 36 0
10 172565 2205 1120 1 42 0
10 82707 2205 2445 1 30 0
10 153049 2210 2053 1 31 1
10 141754 2213 5022 1 46 0
10 176654 2215 8104 1 24 1
10 139089 2218 4358 1 36 0
10 107184 2220 5680 1 48 0
10 163032 2224 4785 1 51 1
10 114157 2225 2066 1 6 0
10 91577 2227 4530 1 31 1
10 179861 2228 9735 1 30 0
10 104443 2231 5819 1 2 0
10 79397 2232 1161 1 37 0
10 158168 2232 186 1 22 0
10 161401 2233 4063 1 10 1
10 105399 2235 1834 1 46 1
10 155569 2236 3962 1 43 0
10 110139 2236 6346 1 22 0
10 126597 2239 5077 1 51 0
10 124924 2240 355 1 32 0
10 110138 2241 297 1 36 1
10 106819 2246 4905 1 37 0
10 63544 2251 589 1 17 1
10 137352 2253 3070 1 20 1
10 62200 2255 917 1 38 0
10 92057 2260 2158 1 41 1
10 138519 2260 5292 1 51 1
10 152280 2265 6528 1 20 1
10 114669 2267 6678 1 45 1
10 178382 2270 9514 1 15 1
10 98388 2272 3035 1 6 0
10 163579 2278 2885 1 21 1
10 96950 2278 5176 1 49 0
10 113091 2282 1198 1 34 0
10 66111 2285 1052 1 10 0
10 176198 2287 9984 1 24 0
10 71367 2288 2788 1 46 1
10 172511 2299 2533 1 14 0
10 163312 2304 7654 1 25 1
10 132255 2305 2952 1 11 1
10 67374 2305 1403 1 37 1
10 93109 2306 2698 1 27 0
10 83199 2306 204 1 15 1
10 167812 2309 8505 1 48 1
10 104876 2310 4775 1 9 1
10 67841 2311 2087 1 40 1
10 104978 2316 4272 1 33 0
10 86353 2317 3505 1 9 1
10 171092 2320 1828 1 46 1
10 134781 2327 3553 1 47 0
10 111543 2331 1616 1 12 1
10 141110 2332 4328 1 20 0
10 108354 2334 2442 1 38 1
10 66099 2335 3108 1 46 1
10 118371 2341 3527 1 49 1
10 97242 2341 4583 1 43 0
10 116814 2345 4832 1 7 0
10 154839 2345 5528 1 12 1
10 83120 2347 3801 1 33 0
10 131533 2350 5999 1 28 1
10 128010 2351 1453 1 1 1
10 174732 2351 2659 1 15 1
10 74351 2353 757 1 31 1
10 149129 2360 7849 1 33 1
10 151407 2361 2000 1 22 0
10 111922 2365 5140 1 13 1
10 99635 2365 2986 1 51 0
10 139244 2366 7369 1 35 0
10 92828 2366 1348 1 12 1
10 164472 2371 7449 1 4 1
10 86171 2373 3616 1 17 0
10 158195 2373 9209 1 31 0
10 119817 2377 6730 1 31 0
10 67221 2387 1553 1 20 1
10 163097 2388 7862 1 21 1
10 63959 2391 758 1 3 1
10 64347 2394 2023 1 28 1
10 60351 2396 1878 1 39 1
10 134786 2396 882 1 25 0
10 115238 2397 5678 1 16 0
10 115672 2398 5865 1 7 1
10 68136 2400 2900 1 35 1
10 105829 2400 2386 1 30 0
10 157358 2401 9424 1 45 0
10 140053 2403 7334 1 46 0
10 163541 2404 2426 1 8 1
10 91690 2404 4058 1 49 1
10 120967 2409 4197 1 31 0
10 138699 2410 4575 1 26 1
10 141237 2417 2925 1 17 0
10 91563 2422 4372 1 40 1
10 78682 2422 2984 1 13 0
10 63045 2423 686 1 22 1
10 94966 2423 1525 1 28 0
10 69251 2423 2293 1 3 1
10 145222 2424 601 1 46 0
10 161436 2426 4302 1 32 0
10 83311 2428 4204 1 24 1
10 172608 2428 3928 1 35 0
10 126092 2429 1815 1 18 1
10 118660 2435 4982 1 10 0
10 153518 2441 1997 1 45 1
10 90109 2445 2950 1 30 1
10 126181 2447 1063 1 41 1
10 94583 2460 5127 1 23 0
10 76018 2461 132 1 27 0
10 63233 2464 2866 1 38 1
10 152900 2470 227 1 49 1
10 100471 2470 3553 1 15 1
10 162067 2471 6072 1 6 1
10 118448 2474 3692 1 30 1
10 63753 2480 1710 1 7 1
10 167442 2483 10045 1 36 0
10 174372 2489 3160 1 8 1
10 133839 2490 585 1 48 0
10 158339 2491 1046 1 51 1
10 105204 2492 3964 1 1 0
10 169031 2493 1493 1 25 1
10 104898 2495 5952 1 46 0
10 153321 2497 2051 1 34 0
10 85212 2502 4083 1 12 1
10 86088 2503 4129 1 35 1
10 136796 2503 4198 1 21 1
10 154157 2506 4954 1 33 1
10 107204 2506 1687 1 16 0
10 154067 2507 5811 1 39 0
10 101864 2516 3626 1 25 0
10 113065 2518 1460 1 33 1
10 149580 2524 3957 1 17 0
10 102813 2526 2925 1 3 1
10 130750 2527 891 1 1 1
10 101854 2530 1017 1 6 1
10 90737 2532 5068 1 32 1
10 168441 2533 4651 1 42 1
10 105088 2534 3647 1 5 0
10 111592 2536 280 1 26 1
10 96150 2538 5425 1 32 0
10 66180 2540 2230 1 26 0
10 84569 2549 268 1 43 0
10 102324 2552 3822 1 34 1
10 68534 2553 3028 1 33 0
10 84796 2562 3918 1 3 0
10 81314 2562 2730 1 14 0
10 115614 2567 1521 1 47 0
10 172525 2569 4277 1 4 0
10 63730 2573 858 1 5 1
10 127275 2575 5326 1 40 1
10 109080 2577 5292 1 19 1
10 115127 2578 1902 1 18 0
10 174347 2578 8534 1 20 1
10 82571 2579 2908 1 26 1
10 69313 2579 3633 1 5 1
10 107808 2579 2634 1 23 0
10 72908 2583 2729 1 22 0
10 125662 2587 1458 1 3 0
10 132103 2595 5378 1 38 1
10 81480 2605 1983 1 30 0
10 60463 2605 2881 1 28 0
10 93397 2607 1561 1 26 1
10 95940 2608 4109 1 23 1
10 63263 2609 1810 1 44 0
10 175272 2611 578 1 50 1
10 157447 2614 3455 1 51 0
10 113987 2614 5608 1 28 1
10 85550 2616 4305 1 29 0
10 135626 2624 1881 1 43 1
10 63263 2625 401 1 9 1
10 75541 2626 582 1 42 0
10 134080 2633 2359 1 24 0
10 86165 2634 2359 1 17 1
10 112170 2636 3758 1 21 0
10 126641 2641 5638 1 19 0
10 100731 2646 128 1 10 0
10 108345 2651 1541 1 36 1
10 167000 2653 5326 1 28 0
10 133666 2660 6227 1 39 1
10 102011 2669 4989 1 37 1
10 130972 2669 7680 1 8 1
10 152924 2670 3443 1 12 0
10 104093 2670 5416 1 43 1
10 132153 2673 2981 1 34 1
10 145276 2673 2711 1 42 1
10 169430 2681 560 1 5 0
10 139368 2685 6002 1 37 1
10 133362 2687 3269 1 49 1
10 164431 2690 3197 1 25 0
10 169615 2691 513 1 41 0
10 128177 2693 7427 1 30 1
10 159273 2693 883 1 45 0
10 178359 2695 205 1 2 0
10 131582 2696 6467 1 24 1
10 158691 2697 7658 1 34 1
10 126805 2701 2803 1 44 1
10 148264 2702 953 1 51 1
10 99476 2706 5477 1 44 0
10 80444 2707 4264 1 31 0
10 114060 2708 1071 1 39 0
10 172808 2712 5869 1 30 0
10 127225 2714 2744 1 49 0
10 79918 2716 3899 1 11 1
10 149593 2721 4964 1 9 1
10 156388 2723 3218 1 11 1
10 135514 2724 6939 1 6 0
10 105408 2728 4258 1 36 1
10 89034 2731 1119 1 19 0
10 90047 2742 2218 1 43 1
10 116869 2742 6403 1 34 1
10 91344 2742 3501 1 34 0
10 99920 2744 2043 1 40 0
10 134310 2744 1597 1 7 1
10 146971 2744 5603 1 8 0
10 100056 2745 3559 1 2 0
10 172955 2747 8114 1 4 1
10 155314 2752 5118 1 25 1
10 113924 2753 6825 1 11 0
10 96204 2755 4653 1 36 0
10 123470 2755 7216 1 37 1
10 166946 2756 9629 1 21 1
10 122562 2763 4186 1 6 1
10 66749 2766 2166 1 7 0
10 108827 2767 566 1 28 0
10 94227 2768 2800 1 23 1
10 93179 2780 4851 1 42 1
10 127749 2784 719 1 5 0
10 63311 2785 3287 1 29 0
10 139854 2785 3379 1 26 0
10 129849 2788 4007 1 21 0
10 136110 2789 4657 1 46 1
10 82628 2793 3278 1 6 0
10 169169 2797 3122 1 6 1
10 73225 2798 1809 1 8 0
10 67416 2814 286 1 19 0
10 91146 2817 3685 1 51 0
10 159445 2819 800 1 29 1
10 118864 2825 7070 1 31 0
10 171416 2830 9025 1 36 1
10 98087 2835 2877 1 16 1
10 145989 2835 6128 1 2 0
10 137537 2837 5321 1 14 1
10 174580 2840 8145 1 19 1
10 76305 2843 2484 1 25 0
10 123987 2844 2722 1 28 0
10 79164 2844 3486 1 38 1
10 120649 2845 2390 1 6 0
10 173885 2845 2141 1 5 1
10 78597 2851 4450 1 40 0
10 165800 2853 8721 1 4 1
10 122263 2854 5465 1 37 0
10 102175 2864 2001 1 22 0
10 176476 2865 4823 1 36 1
10 116893 2865 4868 1 43 0
10 119256 2866 5031 1 9 0
10 172507 2869 8775 1 15 0
10 152764 2871 9038 1 22 1
10 124351 2876 6396 1 26 0
10 118834 2881 1566 1 15 0
10 154533 2882 625 1 20 1
10 139722 2884 7113 1 20 1
10 66774 2885 1145 1 41 1
10 113461 2886 532 1 37 0
10 100958 2888 3370 1 19 0
10 112248 2889 3124 1 8 0
10 123280 2895 2791 1 31 0
10 165280 2898 7867 1 26 0
10 112908 2900 6245 1 48 0
10 107209 2900 4831 1 25 1
10 172381 2905 3989 1 37 0
10 68213 2908 1948 1 25 0
10 75817 2909 1962 1 26 1
10 100598 2913 3183 1 12 1
10 117713 2915 1835 1 1 0
10 69243 2917 4060 1 51 0
10 154845 2918 2896 1 9 0
10 84690 2919 4050 1 2 1
10 67293 2925 3748 1 47 1
10 125724 2935 4838 1 23 0
10 103504 2939 1105 1 16 0
10 159806 2942 7048 1 10 1
10 64313 2943 212 1 25 1
10 131617 2945 2456 1 19 0
10 167098 2949 3839 1 21 1
10 99156 2949 2523 1 42 1
10 175639 2950 7668 1 50 1
10 75321 2961 4058 1 24 0
10 92416 2962 3538 1 2 0
10 120447 2967 1514 1 9 1
10 95731 2974 4092 1 31 0
10 164408 2980 3524 1 31 0
10 89961 2982 3095 1 42 0
10 166724 2984 3732 1 9 1
10 151750 2988 3776 1 22 1
10 112261 2989 1928 1 30 1
10 111632 2989 855 1 13 1
10 62805 3001 2910 1 36 0
10 130536 3001 174 1 11 1
10 95717 3002 2290 1 10 1
10 133599 3003 7656 1 51 1
10 123544 3004 5887 1 16 0
10 152175 3009 3743 1 32 0
10 61207 3009 2889 1 3 1
10 111745 3012 590 1 2 1
10 60464 3015 3513 1 38 1
10 165223 3015 1213 1 50 0
10 63991 3015 3133 1 31 1
10 105651 3021 4609 1 34 0
10 156918 3021 3872 1 40 0
10 144550 3026 900 1 4 1
10 124594 3026 3863 1 9 1
10 142397 3027 8044 1 18 0
10 68824 3029 839 1 29 0
10 81879 3034 2955 1 14 1
10 125087 3040 7094 1 3 1
10 135757 3041 4242 1 11 1
10 100233 3046 1020 1 3 1
10 119602 3057 2166 1 12 0
10 162621 3058 5261 1 19 0
10 135196 3059 4753 1 31 1
10 99071 3062 3543 1 49 1
10 171112 3062 1924 1 45 1
10 163177 3064 6281 1 20 1
10 82533 3064 2452 1 45 1
10 126678 3072 1516 1 51 1
10 123704 3074 5364 1 26 1
10 131915 3074 826 1 40 0
10 80342 3075 532 1 4 0
10 134099 3076 7605 1 38 1
10 125199 3077 2101 1 43 1
10 69557 3085 767 1 28 1
10 133682 3089 906 1 48 0
10 162423 3090 8073 1 17 1
10 88627 3094 149 1 26 1
10 65221 3096 3490 1 10 1
10 67336 3098 1618 1 9 1
10 173136 3099 4170 1 2 1
10 109191 3100 2346 1 1 1
10 74446 3103 2730 1 24 0
10 136867 3106 1181 1 4 0
10 142803 3106 1882 1 37 1
10 130345 3108 1552 1 12 0
10 75170 3113 2662 1 22 1
10 94863 3123 222 1 5 1
10 91398 3124 2496 1 27 0
10 179066 3125 5085 1 37 1
10 125484 3128 1641 1 21 0
10 133836 3135 5723 1 35 0
10 112138 3136 600 1 16 1
10 129222 3139 663 1 29 1
10 134400 3142 7178 1 1 0
10 107676 3142 2808 1 36 0
10 172519 3147 5084 1 44 1
10 61731 3148 2062 1 22 1
10 152259 3150 6593 1 5 1
10 140115 3154 7933 1 44 1
10 161526 3156 9168 1 36 0
10 63096 3159 2566 1 2 1
10 69726 3159 3633 1 24 1
10 61184 3160 1825 1 37 1
10 60974 3170 108 1 46 0
10 158918 3171 7295 1 32 0
10 67176 3176 3408 1 12 0
10 80013 3178 3173 1 23 1
10 80025 3182 1967 1 26 0
10 82335 3183 1591 1 2 1
10 104463 3185 2418 1 35 1
10 61838 3188 90 1 5 1
10 143831 3189 1335 1 38 0
10 139337 3189 5718 1 1 0
10 173033 3194 1475 1 22 1
10 157077 3194 4041 1 31 1
10 171977 3195 795 1 3 0
10 124076 3196 4917 1 45 0
10 114213 3204 2494 1 21 0
10 141096 3206 7475 1 36 1
10 110294 3211 4182 1 29 0
10 61646 3212 1861 1 7 1
10 96495 3213 233 1 4 1
10 129309 3213 6861 1 3 0
10 84249 3217 1363 1 10 0
10 89649 3217 3612 1 48 1
10 126184 3228 4725 1 23 0
10 60355 3230 3584 1 4 0
10 63852 3231 2588 1 37 0
10 76496 3239 233 1 13 1
10 147143 3242 1087 1 29 0
10 138026 3242 6632 1 20 0
10 106478 3244 407 1 44 0
10 78989 3250 2480 1 51 1
10 86392 3251 2213 1 41 1
10 168682 3253 1297 1 25 1
10 179741 3256 9464 1 23 0
10 84733 3256 1566 1 28 1
10 170636 3257 7532 1 24 1
10 83047 3259 1965 1 42 1
10 153778 3260 6799 1 27 1
10 65349 3262 3561 1 5 1
10 161997 3264 1526 1 6 0
10 115164 3265 2181 1 7 0
10 88323 3267 4984 1 9 1
10 173596 3267 9588 1 6 1
10 98362 3267 1450 1 8 0
10 137583 3270 7521 1 29 0
10 105496 3271 1793 1 4 1
10 84863 3273 5060 1 40 1
10 125240 3278 1468 1 19 1
10 171400 3279 7336 1 37 0
10 113971 3283 560 1 27 0
10 125746 3283 6188 1 12 1
10 158547 3284 925 1 33 1
10 108984 3284 2566 1 2 0
10 157523 3292 270 1 51 0
10 153449 3298 6401 1 4 1
10 132017 3300 3063 1 48 1
10 156502 3300 172 1 51 0
10 100691 3302 521 1 1 1
10 107649 3304 2626 1 6 0
10 140891 3307 3571 1 24 1
10 74726 3311 947 1 20 1
10 162066 3315 2720 1 8 0
10 80428 3319 700 1 25 1
10 153857 3319 9210 1 3 0
10 136344 3322 2986 1 47 1
10 74276 3322 3490 1 30 1
10 94233 3326 4877 1 51 0
10 146537 3328 3968 1 48 0
10 118740 3334 4652 1 34 1
10 75303 3338 2277 1 46 0
10 106575 3339 4232 1 9 1
10 69259 3344 2298 1 30 1
10 179279 3345 6397 1 14 0
10 102174 3352 2797 1 15 1
10 120188 3353 3592 1 21 1
10 112979 3356 964 1 41 1
10 80728 3359 1791 1 28 0
10 133716 3359 2632 1 3 0
10 178053 3361 10589 1 36 0
10 109764 3361 4106 1 47 0
10 169756 3363 3226 1 45 1
10 70622 3364 1434 1 25 0
10 147550 3369 3231 1 1 1
10 174395 3376 7852 1 17 1
10 92242 3382 4875 1 24 1
10 174503 3383 3141 1 1 1
10 153886 3384 6200 1 10 0
10 83797 3386 4043 1 37 1
10 64917 3387 2597 1 25 0
10 67328 3391 1531 1 2 0
10 152016 3394 2282 1 4 1
10 97409 3395 794 1 46 0
10 129861 3401 6710 1 44 1
10 78782 3403 3508 1 51 1
10 134263 3407 5374 1 20 1
10 108572 3409 4312 1 9 1
10 86637 3412 1679 1 12 0
10 157471 3413 1503 1 39 0
10 125127 3413 2838 1 18 0
10 155044 3415 2399 1 16 0
10 165580 3415 8518 1 20 0
10 117053 3415 156 1 47 1
10 62780 3416 1324 1 40 1
10 117176 3421 3486 1 2 0
10 111130 3422 1499 1 12 0
10 76646 3423 3971 1 4 1
10 75809 3424 2294 1 28 1
10 155152 3427 8588 1 14 0
10 103209 3433 4996 1 39 0
10 142470 3435 3159 1 41 1
10 95101 3435 3379 1 2 1
10 170988 3438 1188 1 51 0
10 89399 3439 1256 1 21 0
10 92261 3440 3019 1 2 0
10 141758 3446 2510 1 3 1
10 122855 3447 392 1 48 0
10 159233 3448 6195 1 2 1
10 130077 3449 885 1 32 0
10 137449 3450 2017 1 20 0
10 117567 3450 6963 1 45 1
10 117714 3454 3686 1 23 0
10 108803 3454 5285 1 3 1
10 87695 3460 3174 1 40 1
10 66941 3461 94 1 28 1
10 178660 3463 3001 1 50 0
10 123171 3465 4282 1 13 0
10 110491 3470 3530 1 17 1
10 164313 3474 3164 1 3 1
10 118811 3478 4259 1 36 1
10 88273 3483 2682 1 43 0
10 135972 3488 2295 1 7 0
10 86931 3490 3671 1 35 0
10 126079 3491 6442 1 26 1
10 81390 3493 676 1 16 1
10 146122 3495 3804 1 49 0
10 138754 3497 7183 1 45 1
10 145288 3498 6666 1 46 1
10 132277 3501 3644 1 7 1
10 121646 3511 626 1 50 0
10 176410 3511 2683 1 7 1
10 120919 3515 3237 1 46 1
10 73177 3519 222 1 23 0
10 73877 3521 3037 1 37 0
10 136766 3536 5214 1 16 0
10 97793 3542 1701 1 2 0
10 162018 3545 2171 1 36 0
10 69736 3545 2551 1 31 1
10 165367 3547 6867 1 26 1
10 163858 3548 7974 1 23 0
10 71779 3553 1221 1 43 1
10 176182 3553 6606 1 50 1
10 170803 3555 8458 1 37 1
10 100743 3556 3308 1 4 1
10 129995 3560 630 1 38 1
10 107155 3565 5336 1 10 0
10 111654 3565 2310 1 1 1
10 83502 3570 3646 1 22 0
10 117307 3570 3570 1 33 0
10 159912 3576 1211 1 46 0
10 126908 3578 1491 1 39 1
10 71745 3581 1576 1 37 1
10 76876 3587 3137 1 43 1
10 106427 3594 2275 1 2 1
10 78716 3596 800 1 33 1
