1500
11 105117 2 3550 1 7 0
11 111161 3 165 1 5 0
11 179288 3 950 1 23 0
11 85185 6 3942 1 28 0
11 81056 8 1561 1 19 1
11 154666 8 9018 1 9 0
11 72058 9 2756 1 34 0
11 118450 12 5307 1 3 1
11 151967 14 7664 1 51 1
11 163957 14 6948 1 23 0
11 167808 17 2816 1 24 0
11 122833 19 5529 1 45 0
11 73669 20 826 1 11 0
11 95025 21 5494 1 49 1
11 108609 22 5751 1 31 1
11 108791 26 647 1 51 1
11 158792 31 5793 1 26 1
11 66401 32 2196 1 46 1
11 99528 37 1705 1 43 1
11 146430 37 4249 1 3 0
11 146741 38 956 1 29 1
11 102294 38 5435 1 34 0
11 163968 41 4354 1 36 0
11 105333 43 1116 1 46 1
11 77525 43 3566 1 39 0
11 155429 46 4410 1 5 1
11 161304 47 2059 1 34 0
11 124739 48 6186 1 47 0
11 72323 48 2941 1 50 0
11 91436 50 2365 1 31 1
11 110256 52 3000 1 29 0
11 99527 53 3644 1 20 1
11 68260 64 1551 1 9 0
11 120745 66 2975 1 23 0
11 159183 68 4300 1 24 1
11 133559 70 6546 1 45 1
11 129129 71 3069 1 30 1
11 112941 75 6412 1 3 0
11 125717 79 3138 1 38 1
11 63097 81 2700 1 41 1
11 145171 81 7708 1 15 0
11 62145 82 3111 1 51 0
11 170126 84 262 1 9 0
11 83345 87 567 1 3 0
11 90131 91 3731 1 1 0
11 71196 102 704 1 8 1
11 164224 103 8046 1 9 0
11 132943 104 2655 1 4 1
11 122743 105 672 1 45 1
11 96244 108 1773 1 13 0
11 128723 113 6694 1 15 0
11 78153 117 544 1 45 0
11 93943 117 801 1 39 0
11 82177 120 1774 1 42 1
11 82709 123 3673 1 11 0
11 89720 124 2758 1 10 1
11 154124 127 8415 1 40 0
11 84083 128 2965 1 30 0
11 162441 131 5269 1 37 1
11 88668 133 2880 1 6 1
11 72995 134 1007 1 27 0
11 174051 139 2042 1 45 1
11 148604 141 4687 1 45 0
11 176759 149 9572 1 37 1
11 86627 150 664 1 51 0
11 170779 150 4635 1 28 1
11 154613 152 8721 1 31 1
11 162100 155 783 1 9 0
11 139711 156 1515 1 48 1
11 101057 160 1613 1 26 1
11 156120 164 2780 1 36 0
11 143603 165 3315 1 9 1
11 80202 167 1713 1 24 1
11 119495 174 3498 1 38 1
11 121028 174 188 1 39 0
11 168508 177 1211 1 49 1
11 82526 177 4309 1 16 0
11 64938 178 384 1 27 0
11 156978 186 4138 1 27 1
11 179170 187 10078 1 6 1
11 129484 196 3563 1 41 1
11 167145 197 4776 1 6 1
11 151490 198 2217 1 38 1
11 162517 198 4035 1 16 0
11 115634 203 330 1 12 1
11 116930 204 605 1 46 1
11 143203 204 7544 1 42 1
11 101256 205 3369 1 44 1
11 179912 205 7608 1 9 1
11 175649 205 3711 1 44 0
11 175934 214 8154 1 38 1
11 151776 214 6561 1 17 0
11 158845 215 3220 1 42 1
11 96735 217 3060 1 29 1
11 68421 219 2634 1 10 1
11 97869 221 4910 1 1 0
11 166691 224 1294 1 5 1
11 166049 225 6528 1 48 1
11 174140 231 3140 1 48 0
11 92767 231 4964 1 37 0
11 157704 232 2507 1 24 0
11 162127 235 3439 1 39 1
11 115042 236 583 1 28 0
11 102208 239 1615 1 46 0
11 84955 239 2930 1 11 1
11 153689 240 2913 1 3 1
11 131840 240 7599 1 4 1
11 179869 243 966 1 25 0
11 137584 244 1061 1 21 1
11 106619 244 2678 1 34 0
11 177160 253 8548 1 14 1
11 175072 256 3802 1 29 0
11 110045 256 1191 1 14 1
11 99575 256 783 1 2 0
11 96149 258 5461 1 51 1
11 161272 260 5930 1 5 1
11 176962 265 3990 1 47 1
11 164974 266 4113 1 46 1
11 171604 266 336 1 1 1
11 154778 273 6049 1 6 0
11 86427 274 1179 1 42 0
11 178169 274 3195 1 28 0
11 94655 274 5662 1 28 0
11 144256 276 3045 1 40 1
11 150113 277 1930 1 18 1
11 76046 278 3720 1 19 1
11 128774 280 3719 1 14 1
11 114607 283 4501 1 21 1
11 165056 285 3451 1 49 0
11 169507 293 1629 1 16 1
11 81191 295 3085 1 21 1
11 167170 295 8587 1 48 0
11 77794 296 1871 1 35 0
11 113649 297 1468 1 51 0
11 177525 299 191 1 30 0
11 105749 301 3200 1 34 0
11 114484 308 3703 1 14 1
11 99107 308 4466 1 47 1
11 141565 310 7818 1 15 0
11 67792 311 308 1 49 1
11 139197 311 4725 1 41 0
11 98322 314 1513 1 20 0
11 145459 319 1627 1 34 1
11 96408 320 2020 1 10 0
11 131568 320 1060 1 37 0
11 60152 326 1480 1 5 1
11 118383 327 1181 1 26 0
11 134146 329 5167 1 28 1
11 92884 331 665 1 2 0
11 75917 333 3206 1 12 0
11 156543 338 4937 1 16 0
11 105323 339 2072 1 15 0
11 150334 342 1124 1 33 0
11 175791 342 2655 1 40 1
11 73509 344 3072 1 3 0
11 138885 345 1025 1 25 1
11 85379 345 377 1 20 0
11 63108 345 2563 1 25 1
11 162250 350 4317 1 3 0
11 101230 356 3493 1 24 1
11 148674 361 1361 1 1 1
11 61983 364 2630 1 31 0
11 145029 367 2456 1 18 0
11 153327 368 1428 1 32 0
11 109473 369 5217 1 28 1
11 64519 376 3522 1 48 0
11 93163 376 4222 1 30 0
11 80176 378 2436 1 42 0
11 159898 381 1374 1 12 0
11 79272 382 2491 1 30 1
11 143068 391 3931 1 14 0
11 95697 391 814 1 29 0
11 112701 399 4892 1 17 0
11 169284 400 2540 1 1 1
11 145682 400 7811 1 40 1
11 97543 401 4558 1 23 1
11 142627 402 8200 1 47 0
11 120087 402 1322 1 43 0
11 126115 404 2813 1 36 0
11 161877 413 8748 1 1 0
11 149774 416 6530 1 46 1
11 161473 419 4512 1 27 0
11 96569 423 4878 1 18 1
11 69488 427 958 1 48 0
11 93079 428 1061 1 43 0
11 111967 430 6500 1 17 0
11 179044 433 1271 1 21 0
11 102549 440 377 1 34 1
11 156349 441 2996 1 21 0
11 116548 442 2925 1 5 0
11 164856 443 2980 1 44 0
11 123942 445 3607 1 36 0
11 104753 446 4800 1 38 0
11 104378 454 4359 1 24 0
11 155520 455 1714 1 40 1
11 97852 456 1630 1 36 0
11 165146 457 2146 1 36 0
11 159870 458 528 1 34 0
11 100662 463 3864 1 10 1
11 75579 463 1490 1 34 0
11 140455 465 5398 1 13 1
11 140373 468 7080 1 1 1
11 107054 468 4302 1 23 1
11 101811 469 483 1 19 1
11 78115 475 2069 1 4 1
11 66429 481 790 1 20 0
11 120413 482 5108 1 13 1
11 110130 482 5453 1 3 0
11 87604 483 1590 1 45 0
11 63470 485 3455 1 26 0
11 141738 487 7808 1 30 0
11 66295 488 3728 1 15 1
11 123148 495 2855 1 44 1
11 119544 497 4732 1 2 1
11 134632 498 2745 1 39 1
11 101463 498 4510 1 3 0
11 162554 500 7100 1 26 0
11 100082 501 553 1 4 1
11 112397 505 1865 1 23 1
11 62591 512 3253 1 32 0
11 122074 514 2309 1 31 1
11 97834 515 4972 1 44 1
11 118290 517 5923 1 3 0
11 101750 520 3741 1 29 1
11 151411 523 4186 1 27 1
11 133480 525 5646 1 17 0
11 176921 525 10456 1 49 1
11 159808 525 6459 1 39 1
11 96932 525 5277 1 34 1
11 80529 529 3009 1 37 1
11 147848 536 2110 1 44 0
11 82277 538 4567 1 38 1
11 91196 542 2896 1 2 0
11 117563 549 5668 1 47 0
11 159891 557 5072 1 22 1
11 119748 560 3332 1 33 1
11 149490 560 7762 1 24 0
11 130949 561 1716 1 42 1
11 131516 563 2338 1 23 1
11 157210 563 6422 1 7 1
11 133307 567 7764 1 23 0
11 78022 573 2759 1 4 0
11 107457 574 5534 1 49 1
11 63962 575 3818 1 39 1
11 176539 577 4547 1 35 0
11 176450 578 2343 1 38 0
11 114318 581 518 1 34 1
11 145773 581 4706 1 9 0
11 166747 584 1152 1 35 1
11 155799 584 5581 1 24 1
11 92901 584 1224 1 2 0
11 98565 587 5397 1 23 1
11 65792 590 1531 1 43 1
11 176602 590 1515 1 25 1
11 138688 595 3962 1 26 0
11 143659 599 1487 1 23 0
11 93724 600 3218 1 47 0
11 71655 604 1335 1 18 1
11 75269 607 1921 1 49 0
11 135610 611 294 1 11 0
11 162049 618 6851 1 30 1
11 128967 621 5091 1 8 1
11 149258 621 5554 1 33 1
11 154366 622 3361 1 44 1
11 128278 624 1056 1 15 1
11 158548 625 6212 1 20 1
11 91123 626 4397 1 14 0
11 163277 629 1292 1 37 0
11 129218 629 490 1 23 1
11 177260 633 8229 1 12 0
11 105965 635 5902 1 39 1
11 64036 638 3680 1 6 0
11 142006 638 6155 1 17 0
11 127011 639 1062 1 10 0
11 116473 639 3340 1 16 1
11 96706 643 2300 1 22 0
11 75665 645 2962 1 51 0
11 108960 645 2907 1 47 1
11 156448 646 7671 1 24 1
11 78386 646 4240 1 20 1
11 82228 649 3026 1 37 1
11 108321 652 2224 1 12 1
11 107222 656 4032 1 38 1
11 79138 663 3630 1 46 1
11 78000 663 4452 1 14 1
11 134765 664 1411 1 21 1
11 173278 669 955 1 36 1
11 169538 669 6515 1 16 1
11 100648 671 4847 1 24 1
11 92687 672 4489 1 21 0
11 108205 672 5754 1 36 0
11 110345 674 2393 1 49 1
11 84925 675 1093 1 46 0
11 134340 675 4516 1 43 1
11 123882 678 1880 1 11 0
11 114478 680 2300 1 24 1
11 111849 680 5855 1 18 0
11 140822 683 3356 1 25 0
11 149726 685 6889 1 17 1
11 72795 686 1288 1 6 0
11 176928 688 8846 1 17 1
11 169813 688 4781 1 23 1
11 104553 689 6026 1 22 0
11 166238 690 4348 1 13 1
11 134849 691 3752 1 47 0
11 67893 692 2446 1 24 1
11 110977 695 5694 1 31 0
11 76466 698 1261 1 41 0
11 108367 702 1574 1 24 0
11 81827 702 2988 1 36 1
11 143031 703 1096 1 1 0
11 112830 703 302 1 2 0
11 71014 704 3573 1 32 0
11 151240 706 1566 1 21 1
11 106944 710 1295 1 5 0
11 74621 713 4385 1 5 1
11 60208 716 2223 1 14 0
11 134490 717 4270 1 5 1
11 89905 723 583 1 47 1
11 162436 724 2735 1 5 1
11 109099 724 4837 1 11 1
11 100743 724 1732 1 4 1
11 157914 725 291 1 37 0
11 104421 726 2066 1 37 1
11 178254 727 2947 1 1 1
11 154736 730 8064 1 51 0
11 92674 730 4294 1 28 1
11 63470 731 3207 1 21 1
11 134973 732 2556 1 43 0
11 173065 733 2093 1 25 1
11 157425 734 1017 1 42 0
11 168182 737 2416 1 34 1
11 177006 743 8906 1 12 0
11 116551 758 359 1 34 0
11 164595 759 5803 1 43 1
11 121207 762 5099 1 17 0
11 177898 762 2969 1 16 1
11 98274 764 5506 1 20 0
11 98190 768 2921 1 29 0
11 77937 770 2076 1 1 0
11 108576 772 4353 1 22 1
11 123787 773 2996 1 36 0
11 69398 776 3372 1 20 1
11 126010 781 2462 1 27 0
11 76933 785 1127 1 9 1
11 107512 786 4484 1 32 0
11 166044 786 9205 1 22 0
11 138598 789 6224 1 36 1
11 176161 793 6890 1 5 1
11 134393 793 7990 1 14 0
11 79765 794 4178 1 35 1
11 97911 797 2108 1 41 0
11 175586 798 5457 1 5 1
11 99726 803 3435 1 9 0
11 135896 804 5784 1 40 1
11 177162 806 6619 1 33 0
11 115887 806 530 1 24 0
11 156082 807 4877 1 22 0
11 108508 810 5296 1 27 1
11 141849 812 5891 1 46 0
11 128359 812 4654 1 7 0
11 172447 815 9537 1 47 0
11 172486 821 1603 1 27 1
11 152245 826 5607 1 23 0
11 118178 828 4660 1 48 1
11 133717 829 3966 1 22 1
11 138979 832 5376 1 20 0
11 83296 834 4919 1 31 1
11 147251 837 5395 1 49 0
11 140138 842 3964 1 33 1
11 151039 843 8034 1 20 1
11 141052 843 3919 1 31 1
11 102800 845 4427 1 30 1
11 163922 847 2311 1 2 0
11 148406 848 3825 1 13 0
11 96555 855 5636 1 11 0
11 91207 855 3408 1 40 0
11 176680 855 7698 1 51 1
11 78475 856 4198 1 35 1
11 144887 858 494 1 16 0
11 116615 859 3766 1 37 1
11 151368 859 992 1 5 0
11 176946 859 5843 1 13 0
11 117067 867 6529 1 29 1
11 80875 869 1008 1 12 0
11 143904 872 5333 1 7 0
11 138761 876 1149 1 10 1
11 131604 879 7360 1 32 1
11 63853 880 1710 1 44 0
11 161235 880 2209 1 17 0
11 173884 882 4095 1 6 1
11 90777 883 1014 1 46 1
11 139566 889 4608 1 43 1
11 99209 889 3807 1 43 1
11 172563 894 3568 1 9 1
11 113428 896 2738 1 36 1
11 68028 897 3659 1 38 0
11 96331 902 769 1 19 0
11 120845 904 4480 1 26 0
11 167095 905 3383 1 26 0
11 138131 905 2560 1 3 0
11 167623 909 1371 1 44 1
11 107407 911 3164 1 22 0
11 131214 915 2680 1 12 1
11 89092 916 5132 1 48 0
11 130566 918 2908 1 39 1
11 164314 919 1367 1 20 0
11 68446 920 3758 1 12 1
11 76426 921 1642 1 47 0
11 113830 924 3519 1 51 0
11 128254 932 2194 1 32 0
11 72842 936 1939 1 46 0
11 102731 943 776 1 18 0
11 76794 954 1984 1 3 1
11 105217 955 5993 1 36 0
11 115511 958 170 1 31 0
11 131386 967 470 1 18 1
11 107705 975 257 1 26 0
11 81460 978 881 1 40 1
11 132778 994 7473 1 34 1
11 83877 1002 546 1 4 1
11 152916 1003 8124 1 4 1
11 177827 1003 4711 1 24 1
11 119289 1003 6491 1 30 0
11 78159 1004 4336 1 25 1
11 131083 1011 5084 1 26 1
11 177067 1011 9860 1 12 0
11 98655 1018 3197 1 37 0
11 93869 1022 1322 1 37 0
11 171733 1024 8422 1 5 0
11 136775 1025 7277 1 47 0
11 168163 1026 7383 1 35 0
11 168201 1027 7125 1 10 0
11 124744 1029 1624 1 30 0
11 88100 1031 550 1 13 1
11 118094 1032 1910 1 32 1
11 123373 1032 6194 1 33 1
11 156115 1034 6502 1 49 1
11 93911 1034 5426 1 29 0
11 166911 1035 2262 1 39 1
11 96386 1041 2137 1 3 1
11 90250 1044 3764 1 3 1
11 151214 1048 6748 1 17 0
11 147162 1049 3920 1 29 1
11 75403 1050 3851 1 44 0
11 139454 1060 7997 1 20 0
11 79226 1060 2538 1 7 1
11 172700 1066 9701 1 40 1
11 71571 1069 2050 1 3 0
11 148271 1069 7320 1 51 1
11 116757 1069 4533 1 5 0
11 136180 1073 290 1 19 0
11 86390 1074 1219 1 22 1
11 61758 1074 2314 1 51 1
11 63876 1075 1340 1 34 1
11 177695 1076 5543 1 40 1
11 85125 1077 1756 1 31 1
11 90318 1077 2308 1 1 1
11 71402 1085 355 1 41 0
11 71706 1086 914 1 11 0
11 168588 1086 6547 1 23 1
11 137705 1093 8197 1 24 0
11 116170 1097 330 1 30 1
11 135401 1099 6488 1 36 0
11 67579 1104 3270 1 46 0
11 178366 1107 6656 1 1 1
11 133033 1115 7716 1 1 0
11 63077 1117 2656 1 48 1
11 122695 1122 435 1 37 0
11 71747 1123 3635 1 48 0
11 92639 1128 4879 1 35 0
11 78818 1130 4675 1 21 1
11 71152 1131 4194 1 50 0
11 61604 1133 163 1 30 0
11 103636 1136 452 1 46 0
11 128196 1139 2003 1 14 0
11 113554 1142 3365 1 44 0
11 105541 1144 5758 1 47 0
11 66810 1147 3792 1 18 0
11 129590 1147 4012 1 22 0
11 161319 1148 1207 1 23 0
11 106489 1150 5608 1 48 1
11 119082 1156 2471 1 35 1
11 163543 1161 539 1 40 1
11 160561 1169 2933 1 31 1
11 93759 1170 2275 1 49 0
11 152910 1180 427 1 35 0
11 171780 1181 8777 1 17 1
11 103810 1182 1053 1 16 0
11 162480 1182 9587 1 32 0
11 72654 1183 1216 1 39 0
11 175865 1183 4275 1 46 0
11 69974 1183 3196 1 39 1
11 158807 1187 8148 1 28 1
11 65106 1202 3339 1 5 1
11 169392 1202 7889 1 14 0
11 115467 1211 5442 1 26 0
11 167834 1211 987 1 17 0
11 60546 1212 423 1 25 1
11 174655 1213 7495 1 29 1
11 78625 1215 532 1 17 0
11 163246 1219 2199 1 41 1
11 89735 1219 3478 1 43 1
11 104646 1224 3779 1 22 1
11 89939 1224 3543 1 20 0
11 65311 1226 1582 1 16 1
11 114268 1227 1418 1 34 1
11 125436 1230 2715 1 15 0
11 171219 1231 7399 1 31 1
11 98306 1232 5329 1 22 0
11 139040 1235 6243 1 4 0
11 90489 1236 875 1 43 0
11 123394 1239 7264 1 2 0
11 131643 1244 4400 1 15 1
11 101218 1244 1637 1 43 1
11 142065 1247 2827 1 18 0
11 102752 1251 5944 1 46 0
11 179526 1264 988 1 22 0
11 123822 1265 5860 1 12 1
11 161609 1268 8247 1 48 0
11 83678 1269 1616 1 18 1
11 171046 1272 6476 1 18 1
11 137076 1278 1155 1 40 0
11 126461 1282 2626 1 8 0
11 88906 1284 1388 1 35 1
11 91648 1285 2950 1 18 0
11 111243 1287 6651 1 17 1
11 175100 1291 4696 1 34 0
11 80279 1292 2342 1 45 1
11 169365 1294 9444 1 17 1
11 87351 1299 2859 1 4 1
11 134276 1299 2996 1 4 1
11 89717 1300 5092 1 17 0
11 161032 1306 553 1 8 0
11 93802 1309 389 1 48 0
11 128430 1311 7198 1 44 1
11 140546 1312 6427 1 48 1
11 109410 1315 3013 1 51 0
11 70370 1315 3766 1 43 0
11 174097 1316 959 1 46 1
11 64530 1319 1247 1 27 1
11 166695 1319 4892 1 31 1
11 80785 1325 2591 1 30 0
11 134850 1330 5625 1 36 1
11 131382 1332 6995 1 9 1
11 150399 1335 393 1 30 0
11 97354 1336 3947 1 26 0
11 88869 1336 999 1 10 1
11 82701 1337 3456 1 24 0
11 76996 1337 3677 1 16 1
11 97747 1338 2402 1 2 1
11 159301 1347 980 1 47 1
11 135328 1349 5589 1 49 0
11 61809 1353 702 1 29 1
11 74671 1353 2263 1 49 0
11 135413 1355 2989 1 21 0
11 128368 1356 3448 1 21 0
11 70573 1356 3233 1 5 1
11 109401 1357 2331 1 32 0
11 120895 1358 151 1 22 1
11 77930 1358 416 1 18 1
11 119269 1371 647 1 9 0
11 134481 1376 1847 1 18 1
11 170496 1377 321 1 30 1
11 119757 1378 654 1 16 1
11 152138 1382 8550 1 47 0
11 118674 1383 1600 1 24 0
11 126872 1383 2658 1 25 1
11 151737 1384 1393 1 47 0
11 177623 1386 3951 1 32 1
11 103194 1386 5283 1 29 0
11 112699 1395 5390 1 14 1
11 69146 1395 3654 1 24 0
11 168999 1396 4873 1 46 1
11 109793 1397 6299 1 46 1
11 68672 1400 3883 1 10 1
11 111945 1403 4986 1 36 0
11 60522 1405 1362 1 20 1
11 97999 1409 3837 1 24 0
11 68274 1409 3400 1 49 0
11 65593 1413 1597 1 1 1
11 139279 1414 5432 1 13 0
11 68519 1417 859 1 28 0
11 107910 1417 2871 1 10 1
11 127403 1421 7204 1 19 0
11 157387 1421 9347 1 15 0
11 99810 1428 5003 1 25 1
11 170731 1429 1451 1 23 0
11 85566 1433 3518 1 9 0
11 179927 1435 6713 1 1 1
11 119503 1436 4591 1 44 0
11 74726 1436 1592 1 37 0
11 175588 1437 6501 1 12 1
11 88708 1439 1866 1 9 1
11 147764 1439 3033 1 48 0
11 127783 1443 5912 1 38 0
11 176046 1444 1935 1 4 0
11 168992 1447 357 1 11 1
11 160959 1448 551 1 35 1
11 160174 1451 1690 1 40 0
11 90748 1455 3147 1 25 0
11 138239 1460 2544 1 28 1
11 171302 1460 1358 1 1 1
11 93611 1462 3918 1 24 1
11 93885 1467 2447 1 2 0
11 72278 1472 1751 1 46 0
11 134554 1474 4895 1 10 1
11 117979 1475 3244 1 8 0
11 107806 1477 4776 1 47 1
11 81010 1482 3955 1 36 1
11 149055 1487 2392 1 24 1
11 170449 1487 711 1 24 1
11 147688 1492 8213 1 31 0
11 154735 1494 7203 1 2 0
11 157314 1495 8651 1 15 1
11 64432 1497 2420 1 15 0
11 174224 1501 3029 1 17 1
11 62129 1506 809 1 32 1
11 131687 1510 6994 1 8 0
11 104027 1512 3594 1 13 0
11 169094 1514 3690 1 49 0
11 112900 1515 6420 1 23 1
11 167863 1520 2502 1 2 1
11 152209 1524 8539 1 36 1
11 131272 1524 6784 1 14 0
11 141274 1529 2334 1 41 1
11 76019 1529 1701 1 24 1
11 79275 1529 3826 1 30 1
11 82445 1539 3041 1 26 1
11 162056 1541 8397 1 38 1
11 102835 1543 5137 1 16 0
11 73673 1543 3433 1 37 0
11 85530 1549 2660 1 9 1
11 178286 1550 2558 1 16 0
11 150596 1553 5433 1 16 1
11 106556 1557 6094 1 39 1
11 172613 1557 2631 1 12 0
11 128984 1559 458 1 46 0
11 71642 1559 456 1 12 1
11 168955 1562 7688 1 17 0
11 152023 1562 6259 1 50 1
11 125170 1565 5263 1 35 0
11 65670 1568 3805 1 47 1
11 165089 1573 7801 1 36 0
11 101939 1581 5878 1 4 1
11 68873 1583 2645 1 43 1
11 173303 1587 8180 1 30 1
11 152612 1591 1697 1 44 1
11 152769 1592 5158 1 20 0
11 104996 1592 3432 1 1 1
11 130747 1597 1663 1 30 0
11 96393 1602 2693 1 35 1
11 115027 1604 1656 1 13 0
11 78836 1606 2159 1 28 1
11 60153 1614 3036 1 8 0
11 178082 1615 7854 1 31 1
11 145982 1620 6580 1 51 1
11 160271 1621 3696 1 16 0
11 78480 1621 3308 1 28 1
11 160875 1622 4269 1 51 0
11 88761 1627 3831 1 10 1
11 141530 1630 6599 1 18 0
11 176367 1630 7765 1 32 1
11 165558 1636 8101 1 3 1
11 83194 1637 1888 1 12 0
11 120405 1637 308 1 51 0
11 63608 1638 3737 1 39 0
11 76816 1639 2788 1 20 1
11 90920 1640 3228 1 18 0
11 141947 1641 4208 1 21 1
11 119132 1642 2104 1 38 1
11 139897 1646 3674 1 30 0
11 146295 1648 8572 1 45 1
11 110555 1649 1510 1 10 1
11 75448 1651 4460 1 35 1
11 70093 1658 225 1 15 0
11 68228 1658 3499 1 32 0
11 83449 1658 447 1 10 1
11 139766 1660 3886 1 30 0
11 170843 1661 4167 1 36 0
11 102843 1661 4753 1 42 1
11 88974 1667 438 1 35 0
11 115948 1669 1993 1 10 0
11 151984 1671 4244 1 3 1
11 80264 1674 4462 1 4 0
11 90446 1677 2237 1 40 0
11 171987 1678 8579 1 14 1
11 108440 1684 6009 1 41 0
11 93422 1685 3901 1 30 0
11 117093 1689 2066 1 10 1
11 70307 1692 847 1 13 0
11 82297 1692 700 1 33 0
11 143967 1694 1685 1 36 1
11 176004 1701 1557 1 20 1
11 131188 1704 487 1 16 1
11 130328 1707 6246 1 30 0
11 125906 1708 4110 1 30 1
11 102088 1715 4761 1 33 1
11 126892 1719 2679 1 16 1
11 153522 1721 4235 1 17 0
11 133448 1722 1108 1 23 1
11 63325 1724 716 1 1 1
11 169035 1729 4497 1 43 0
11 83384 1730 2999 1 49 0
11 157589 1730 3853 1 26 0
11 156515 1734 3907 1 51 1
11 120614 1735 3519 1 19 1
11 87310 1736 4182 1 50 0
11 164753 1746 4901 1 29 0
11 115835 1748 1416 1 27 0
11 117813 1754 3997 1 20 1
11 150244 1755 2674 1 46 1
11 133330 1761 2673 1 11 0
11 89083 1762 1509 1 6 0
11 150910 1762 5213 1 51 1
11 165144 1767 3248 1 38 1
11 90433 1771 1728 1 10 0
11 119823 1772 6532 1 51 0
11 143598 1773 3810 1 2 1
11 96366 1775 3034 1 37 1
11 72256 1775 769 1 39 0
11 128303 1783 6384 1 38 0
11 85225 1784 4859 1 27 0
11 106958 1788 3997 1 16 0
11 91227 1790 137 1 31 0
11 160866 1792 9170 1 3 1
11 105321 1800 1619 1 1 0
11 174986 1802 3167 1 51 0
11 99689 1803 2442 1 34 1
11 107403 1805 5315 1 21 0
11 60003 1810 1560 1 27 1
11 120384 1812 2110 1 39 0
11 151467 1816 2609 1 43 0
11 147560 1817 4208 1 49 1
11 145710 1819 180 1 49 1
11 106022 1820 1576 1 42 1
11 177300 1822 7465 1 7 1
11 66695 1823 1244 1 11 0
11 85240 1824 2903 1 19 1
11 116490 1826 5698 1 41 0
11 133710 1827 2154 1 11 0
11 140017 1827 473 1 3 1
11 64644 1828 1435 1 47 1
11 65302 1830 2314 1 7 1
11 126544 1837 5247 1 32 1
11 100498 1837 5248 1 24 1
11 176499 1837 4397 1 39 0
11 84700 1839 3069 1 23 0
11 69622 1843 1953 1 13 1
11 120717 1844 2242 1 20 0
11 123535 1844 6898 1 37 0
11 166541 1845 5240 1 44 1
11 121127 1850 3441 1 17 1
11 173172 1859 3328 1 10 1
11 104389 1866 6200 1 34 1
11 123200 1866 670 1 20 0
11 153442 1867 6641 1 43 1
11 97590 1869 5659 1 43 0
11 104455 1869 4061 1 27 1
11 61968 1869 2879 1 42 0
11 101592 1870 5841 1 9 0
11 143306 1873 3908 1 29 1
11 146231 1880 4415 1 34 1
11 79185 1884 4525 1 4 1
11 102402 1886 2271 1 18 0
11 73685 1888 1538 1 50 0
11 85650 1891 3533 1 49 1
11 70826 1891 1641 1 26 0
11 178143 1891 4377 1 49 0
11 123073 1895 7170 1 25 1
11 87522 1896 3789 1 49 1
11 148931 1903 4269 1 23 1
11 140251 1903 1868 1 25 1
11 141218 1904 3409 1 50 1
11 115838 1905 4111 1 41 0
11 138836 1910 3506 1 26 1
11 157154 1912 5225 1 43 1
11 105689 1922 1419 1 17 1
11 79129 1923 3048 1 44 0
11 82089 1924 316 1 6 1
11 100209 1927 5616 1 20 1
11 83424 1927 4521 1 13 0
11 130709 1927 4389 1 41 0
11 83449 1932 2832 1 14 1
11 114730 1936 2848 1 30 1
11 82243 1939 2513 1 1 0
11 169580 1946 4942 1 51 1
11 138631 1946 3532 1 36 0
11 104079 1947 465 1 37 1
11 137288 1948 6933 1 47 1
11 165345 1948 708 1 43 1
11 179093 1955 834 1 6 0
11 134404 1956 5678 1 18 0
11 171235 1959 7715 1 31 1
11 109819 1960 785 1 3 0
11 90423 1962 4715 1 42 1
11 117601 1964 2273 1 30 0
11 76431 1967 1068 1 11 1
11 171795 1969 2142 1 38 0
11 128190 1971 7045 1 44 1
11 88465 1972 2221 1 19 0
11 124222 1973 4243 1 12 1
11 104319 1974 1796 1 30 1
11 99903 1975 936 1 49 0
11 173374 1981 4359 1 14 1
11 116945 1989 716 1 17 1
11 149081 1993 1348 1 25 0
11 129902 1997 4687 1 21 1
11 143845 1997 5560 1 40 1
11 88719 1997 4479 1 48 0
11 126456 2000 3352 1 32 0
11 118616 2002 3661 1 38 0
11 120672 2003 6298 1 14 1
11 167276 2003 8849 1 16 1
11 108597 2004 2396 1 49 1
11 90551 2010 2755 1 51 1
11 88325 2017 264 1 41 1
11 77751 2017 1695 1 5 0
11 135180 2019 7211 1 34 0
11 101855 2020 2673 1 5 0
11 73037 2022 3851 1 23 1
11 147221 2024 8819 1 45 0
11 78340 2027 451 1 2 0
11 61672 2029 3644 1 50 1
11 106987 2031 1282 1 29 1
11 177793 2031 2616 1 16 0
11 153325 2034 7756 1 33 1
11 138887 2035 2580 1 1 0
11 168679 2037 8409 1 42 0
11 164669 2039 4683 1 36 0
11 74667 2040 2217 1 23 0
11 113246 2040 6525 1 13 1
11 150523 2040 2925 1 22 1
11 115974 2046 924 1 35 1
11 86303 2055 3800 1 39 1
11 168411 2064 7531 1 46 0
11 124098 2068 4136 1 27 1
11 99086 2074 3202 1 29 1
11 78123 2076 534 1 41 0
11 115459 2078 3495 1 29 0
11 172510 2085 8047 1 39 0
11 155913 2085 8768 1 9 1
11 91246 2085 2030 1 41 0
11 152055 2088 280 1 37 1
11 105596 2088 2676 1 29 1
11 65684 2089 398 1 3 1
11 164909 2091 5226 1 28 0
11 158953 2094 3322 1 30 1
11 159401 2095 956 1 24 1
11 103562 2095 599 1 17 1
11 60993 2102 2263 1 45 1
11 83166 2103 401 1 44 1
11 148973 2104 602 1 3 1
11 97578 2105 5400 1 45 0
11 100127 2105 5089 1 36 0
11 90302 2107 645 1 8 1
11 74143 2107 872 1 20 0
11 132892 2109 1330 1 5 0
11 111773 2112 6661 1 21 0
11 136021 2112 7057 1 48 0
11 173771 2113 8615 1 45 1
11 61768 2115 3471 1 35 1
11 91751 2118 4409 1 26 1
11 81574 2123 3866 1 42 1
11 175116 2125 4915 1 49 1
11 91637 2127 4975 1 39 0
11 131873 2128 6895 1 46 0
11 118326 2130 6607 1 33 1
11 68185 2131 1086 1 27 0
11 74065 2135 1910 1 40 0
11 111272 2139 123 1 30 0
11 105121 2139 907 1 31 1
11 167056 2143 8442 1 6 0
11 139381 2144 3327 1 51 0
11 107550 2147 4947 1 34 1
11 117981 2148 2309 1 21 1
11 75303 2151 2567 1 30 1
11 110566 2151 1076 1 25 0
11 133603 2154 991 1 26 1
11 90030 2157 823 1 21 0
11 65851 2166 3606 1 10 1
11 65870 2173 788 1 10 1
11 109897 2174 2091 1 49 0
11 156864 2176 373 1 29 1
11 70771 2179 2391 1 14 0
11 120070 2179 1913 1 11 0
11 111386 2182 6432 1 11 0
11 87445 2183 2933 1 2 1
11 166995 2184 966 1 15 1
11 147123 2187 3514 1 5 0
11 96669 2187 5793 1 7 1
11 178429 2189 293 1 31 1
11 99192 2190 4261 1 40 0
11 68820 2191 2121 1 1 1
11 154648 2193 4869 1 9 1
11 129582 2194 3949 1 30 1
11 150272 2194 7755 1 35 1
11 105839 2197 4815 1 27 0
11 64673 2199 3437 1 34 1
11 144886 2201 3427 1 16 0
11 100005 2210 5250 1 49 0
11 140202 2213 168 1 20 1
11 113378 2219 1129 1 34 1
11 91793 2221 3595 1 15 0
11 82520 2223 3361 1 37 1
11 173189 2226 9327 1 12 1
11 79011 2226 3541 1 2 1
11 139694 2229 854 1 16 0
11 73031 2231 119 1 34 1
11 172773 2232 3096 1 38 0
11 112549 2233 3401 1 47 1
11 106912 2234 2265 1 43 1
11 149372 2240 7826 1 4 1
11 142362 2245 1088 1 24 1
11 173936 2245 4713 1 3 1
11 77078 2246 389 1 33 0
11 65432 2248 3779 1 16 0
11 146751 2249 2565 1 11 0
11 109479 2251 6285 1 20 1
11 117680 2254 1331 1 26 1
11 163483 2260 2396 1 21 1
11 122989 2270 4019 1 13 1
11 116774 2272 495 1 49 0
11 175326 2272 8993 1 16 0
11 168129 2282 8687 1 8 1
11 93707 2286 2337 1 44 1
11 159808 2288 5710 1 50 0
11 63015 2289 1456 1 39 0
11 132622 2296 1195 1 9 0
11 98827 2298 5799 1 2 1
11 67589 2299 935 1 30 0
11 64518 2308 528 1 19 0
11 141651 2311 3076 1 51 0
11 79133 2320 4333 1 4 0
11 137563 2323 3172 1 30 1
11 127448 2325 3566 1 20 0
11 141225 2327 5195 1 47 1
11 115404 2329 361 1 32 0
11 108695 2334 4563 1 16 1
11 161131 2334 8914 1 35 1
11 117453 2335 4172 1 3 1
11 162035 2335 3013 1 6 1
11 96767 2336 697 1 42 0
11 109643 2336 131 1 26 1
11 135263 2338 3380 1 7 1
11 87259 2338 1712 1 48 0
11 72135 2339 2684 1 8 1
11 157123 2341 2776 1 8 1
11 83627 2342 2348 1 34 0
11 64081 2343 3381 1 43 1
11 137810 2345 3499 1 12 1
11 103391 2346 3644 1 14 0
11 133840 2346 5114 1 9 0
11 90892 2347 4571 1 25 0
11 146154 2352 8334 1 25 1
11 64414 2352 863 1 30 0
11 108256 2354 2272 1 37 0
11 172506 2354 8450 1 1 1
11 133656 2355 2966 1 29 0
11 149874 2357 2940 1 39 0
11 125362 2361 6677 1 5 0
11 117686 2363 5611 1 40 1
11 79717 2365 4024 1 40 0
11 81229 2367 4171 1 28 0
11 149301 2367 7410 1 1 0
11 110260 2370 5819 1 47 0
11 161796 2370 8886 1 32 1
11 77930 2371 3342 1 17 0
11 106532 2375 6390 1 9 0
11 88119 2376 2514 1 42 1
11 147885 2376 1772 1 32 0
11 92714 2377 5533 1 35 0
11 131480 2379 259 1 33 0
11 143881 2380 3139 1 25 0
11 141896 2385 6479 1 17 0
11 90474 2386 4121 1 48 1
11 145132 2386 3810 1 51 0
11 114000 2388 3904 1 42 0
11 80916 2390 1865 1 48 1
11 124403 2394 7199 1 2 0
11 127957 2397 3968 1 24 1
11 172045 2399 2459 1 15 0
11 122423 2399 5535 1 48 0
11 151233 2403 5599 1 33 0
11 67991 2407 3531 1 8 0
11 133339 2409 194 1 50 1
11 88078 2410 2484 1 18 0
11 177556 2412 518 1 6 0
11 132496 2415 274 1 16 0
11 100253 2416 863 1 16 0
11 122033 2418 600 1 39 0
11 123116 2418 6539 1 50 0
11 130550 2419 1256 1 24 1
11 148114 2421 8139 1 29 1
11 103072 2422 5540 1 17 0
11 62822 2427 480 1 26 1
11 171630 2428 5860 1 47 1
11 71462 2431 2651 1 28 0
11 164916 2436 9225 1 28 1
11 127511 2437 2771 1 40 0
11 138609 2438 7383 1 27 0
11 89562 2441 2052 1 42 0
11 87797 2442 2977 1 30 1
11 151619 2446 3108 1 30 1
11 153723 2448 2886 1 13 1
11 136030 2454 7907 1 38 1
11 86746 2458 4222 1 7 0
11 84183 2460 637 1 12 1
11 153154 2460 6194 1 34 1
11 142997 2461 2779 1 9 1
11 163112 2468 1588 1 1 1
11 108531 2476 6467 1 34 1
11 101366 2476 5061 1 9 1
11 174500 2477 2475 1 18 0
11 79528 2480 737 1 1 0
11 153704 2484 8500 1 2 1
11 116977 2485 1813 1 48 1
11 162202 2489 6236 1 15 0
11 120484 2493 1353 1 38 0
11 145935 2494 3011 1 35 0
11 175754 2496 8174 1 4 1
11 125048 2497 3678 1 42 0
11 172666 2501 9458 1 37 1
11 118330 2503 7080 1 33 0
11 116519 2509 5428 1 13 0
11 62176 2519 2117 1 5 0
11 116540 2523 1371 1 33 0
11 141302 2526 1342 1 44 1
11 106731 2527 2957 1 38 0
11 84359 2530 1820 1 28 1
11 98654 2531 302 1 1 0
11 147817 2533 7312 1 13 1
11 70382 2534 2193 1 27 1
11 111605 2535 6328 1 20 0
11 171378 2537 3544 1 22 1
11 82084 2541 1977 1 8 0
11 84198 2541 1404 1 48 0
11 145929 2541 6333 1 5 0
11 101294 2542 4629 1 50 0
11 113308 2542 6641 1 51 1
11 131194 2543 7479 1 28 1
11 69253 2546 1569 1 1 1
11 146861 2552 7645 1 13 0
11 175355 2552 876 1 46 0
11 102044 2558 5027 1 35 0
11 154913 2560 4456 1 18 0
11 144579 2561 3106 1 15 1
11 111101 2563 1606 1 24 1
11 106574 2564 2279 1 41 1
11 136506 2569 5815 1 10 0
11 63036 2570 546 1 7 0
11 120816 2573 2626 1 44 0
11 91504 2573 1633 1 47 1
11 117089 2576 6369 1 6 1
11 143951 2578 6809 1 3 1
11 167008 2584 7581 1 8 0
11 100123 2589 4597 1 5 0
11 119259 2589 5518 1 9 0
11 117009 2590 2908 1 47 1
11 173987 2590 7823 1 23 1
11 159169 2592 3792 1 5 1
11 165686 2596 5525 1 28 0
11 151827 2599 6518 1 3 1
11 136636 2602 6999 1 26 0
11 102712 2603 5044 1 5 1
11 117593 2606 1364 1 12 1
11 103629 2607 6007 1 27 1
11 122444 2608 3083 1 51 0
11 68970 2610 2202 1 18 0
11 87449 2616 4609 1 45 0
11 102562 2619 811 1 51 0
11 168808 2626 4861 1 35 1
11 74355 2626 2824 1 1 1
11 94586 2628 2264 1 39 0
11 84237 2630 2932 1 29 0
11 83720 2638 4912 1 17 0
11 166128 2638 5722 1 27 1
11 82109 2640 1278 1 38 1
11 121228 2640 2023 1 42 0
11 97992 2641 2373 1 50 1
11 106467 2641 6359 1 26 0
11 147505 2645 8086 1 23 1
11 146641 2645 7569 1 37 0
11 66468 2647 3591 1 43 0
11 167733 2649 4626 1 37 1
11 160995 2652 7821 1 19 1
11 134310 2655 5740 1 32 1
11 159349 2657 7161 1 2 1
11 170628 2661 4120 1 38 0
11 82672 2662 317 1 1 0
11 61324 2665 2515 1 29 1
11 64121 2665 2487 1 11 1
11 170176 2668 8025 1 46 0
11 155764 2672 8486 1 29 0
11 164233 2674 2975 1 38 1
11 68016 2679 395 1 38 1
11 158826 2687 1755 1 41 0
11 163102 2689 2927 1 3 1
11 152826 2689 8383 1 49 0
11 130291 2691 1310 1 49 1
11 88874 2694 103 1 31 0
11 143298 2697 2067 1 18 1
11 126255 2697 6305 1 10 0
11 139847 2700 6051 1 17 1
11 129047 2701 4054 1 35 0
11 86374 2702 4311 1 27 0
11 139882 2703 1804 1 21 1
11 77604 2705 2210 1 50 0
11 108716 2709 6197 1 20 1
11 142484 2711 4655 1 40 1
11 178604 2712 3406 1 44 1
11 99259 2719 176 1 7 0
11 166664 2724 4984 1 22 0
11 175864 2727 10131 1 14 1
11 178821 2729 4293 1 46 0
11 108102 2731 3715 1 8 1
11 71519 2733 315 1 20 1
11 62461 2747 2535 1 8 1
11 92750 2750 5553 1 31 1
11 127380 2756 2991 1 44 0
11 117157 2757 1125 1 13 1
11 76600 2758 207 1 51 1
11 78950 2759 2191 1 50 1
11 123842 2760 7135 1 39 0
11 176281 2760 10378 1 48 1
11 179950 2762 10749 1 28 0
11 103589 2762 3665 1 31 0
11 103252 2763 1681 1 25 1
11 112061 2763 1542 1 3 1
11 66153 2768 1320 1 36 0
11 62102 2773 3186 1 44 1
11 126350 2774 6675 1 47 1
11 95497 2776 4206 1 25 0
11 150743 2777 6352 1 13 0
11 130306 2778 6716 1 49 1
11 86745 2778 4474 1 3 1
11 112860 2779 5574 1 43 0
11 82037 2779 2375 1 4 0
11 153768 2779 3557 1 29 1
11 147587 2780 7505 1 13 0
11 82919 2785 2713 1 25 1
11 114416 2786 6334 1 21 1
11 157367 2789 413 1 28 0
11 157130 2791 8262 1 37 1
11 102682 2792 1618 1 1 0
11 115184 2796 3347 1 35 1
11 89230 2798 3136 1 45 1
11 99596 2799 1862 1 11 0
11 62852 2801 1336 1 11 1
11 107060 2802 1701 1 29 1
11 98163 2804 3139 1 3 0
11 85994 2809 1322 1 40 0
11 107807 2810 219 1 19 1
11 125111 2810 4852 1 32 0
11 101811 2810 814 1 51 1
11 166394 2814 5357 1 8 0
11 156576 2814 1781 1 8 0
11 121981 2816 4957 1 34 0
11 114836 2816 4753 1 4 1
11 67696 2818 1254 1 9 1
11 90085 2819 3634 1 19 0
11 98695 2821 2180 1 5 0
11 164096 2822 5159 1 26 0
11 109871 2823 5537 1 47 1
11 149360 2823 3077 1 26 1
11 135688 2827 1267 1 46 0
11 111200 2827 3053 1 43 1
11 117453 2830 1386 1 9 0
11 122070 2830 5257 1 6 0
11 129964 2840 3126 1 6 1
11 60490 2846 2482 1 41 1
11 103007 2847 4986 1 49 1
11 165395 2849 2043 1 24 0
11 86933 2849 1486 1 24 0
11 152204 2849 894 1 6 0
11 63337 2850 1339 1 12 1
11 90492 2853 541 1 49 0
11 100670 2857 5964 1 51 1
11 92761 2857 2224 1 3 0
11 123021 2864 5730 1 48 1
11 65879 2870 3341 1 40 1
11 159967 2872 4423 1 19 1
11 81942 2879 1606 1 40 0
11 113678 2882 911 1 5 1
11 166299 2882 4500 1 10 0
11 124767 2888 1102 1 35 0
11 72145 2892 2100 1 7 1
11 146903 2893 1548 1 25 0
11 160912 2893 7826 1 9 0
11 148033 2895 4890 1 43 1
11 175635 2896 2714 1 11 0
11 74680 2898 422 1 16 1
11 109709 2900 1333 1 19 1
11 93099 2902 4371 1 2 1
11 65954 2907 3425 1 8 0
11 100973 2910 5422 1 33 1
11 151266 2911 7963 1 44 0
11 105710 2911 5711 1 13 1
11 130680 2914 4275 1 15 0
11 122400 2915 3413 1 39 1
11 114855 2917 4816 1 28 1
11 140133 2919 173 1 48 0
11 104550 2919 5296 1 32 0
11 151149 2919 7320 1 19 0
11 148758 2920 2160 1 48 0
11 119098 2925 4887 1 9 1
11 69448 2926 3499 1 17 1
11 128845 2928 7704 1 45 1
11 171824 2928 7948 1 28 0
11 63166 2930 2865 1 12 0
11 109995 2930 4091 1 4 1
11 102619 2934 4732 1 5 1
11 167222 2938 2189 1 1 0
11 111157 2941 2292 1 5 0
11 71827 2941 2855 1 36 0
11 136366 2943 5463 1 47 0
11 136540 2943 4121 1 20 0
11 164828 2946 1091 1 48 0
11 151612 2949 8314 1 7 0
11 121993 2957 4473 1 33 0
11 154748 2959 7146 1 10 0
11 111647 2960 6082 1 26 0
11 167560 2962 6896 1 41 1
11 97944 2963 271 1 23 0
11 105713 2964 151 1 46 1
11 129993 2965 4846 1 6 1
11 177291 2977 3181 1 23 1
11 93771 2979 4885 1 13 1
11 80910 2980 771 1 23 1
11 157781 2981 7416 1 2 0
11 167174 2983 4837 1 33 0
11 164722 2984 8103 1 31 0
11 163734 2989 3296 1 24 1
11 74692 2993 386 1 13 1
11 172664 2995 9746 1 18 0
11 74099 2995 3204 1 47 1
11 104811 2996 3973 1 32 0
11 92449 2998 3260 1 27 0
11 179365 3004 5518 1 34 1
11 100432 3005 1431 1 37 0
11 171374 3006 7413 1 47 0
11 139267 3010 3686 1 42 0
11 85747 3011 2141 1 31 0
11 154325 3012 1938 1 14 0
11 103958 3013 3131 1 26 1
11 109981 3014 4886 1 7 1
11 151344 3015 5463 1 15 1
11 126610 3016 821 1 18 1
11 70515 3017 166 1 20 0
11 112124 3017 612 1 14 1
11 100500 3023 4405 1 18 0
11 163318 3027 1870 1 40 0
11 107008 3027 4197 1 12 1
11 140018 3032 6468 1 44 0
11 60079 3035 514 1 51 0
11 167753 3038 6948 1 43 1
11 162536 3042 1891 1 10 0
11 127521 3047 5726 1 28 0
11 179178 3053 9054 1 30 0
11 134133 3060 1540 1 5 1
11 153989 3067 5700 1 8 1
11 154972 3067 3782 1 46 0
11 125112 3067 3378 1 13 1
11 93116 3070 3838 1 5 1
11 143760 3074 6348 1 19 0
11 69032 3074 1544 1 37 0
11 165506 3075 6011 1 15 0
11 64164 3078 826 1 34 0
11 161568 3083 8518 1 16 1
11 90843 3090 948 1 34 0
11 116916 3092 1933 1 39 1
11 60509 3093 2522 1 3 1
11 81144 3096 2230 1 37 1
11 112627 3103 1989 1 48 0
11 73065 3110 899 1 21 1
11 99187 3113 2243 1 37 0
11 61273 3114 585 1 10 0
11 120121 3116 2068 1 11 1
11 105831 3117 380 1 30 0
11 100056 3118 3211 1 44 1
11 130068 3118 6632 1 17 0
11 146707 3120 5911 1 19 1
11 79080 3121 4153 1 10 0
11 143184 3126 6185 1 35 1
11 134708 3127 2338 1 19 1
11 88009 3131 1707 1 40 1
11 159415 3131 2206 1 11 1
11 109425 3131 6559 1 33 0
11 79013 3135 2272 1 51 0
11 163616 3138 6899 1 3 1
11 101448 3138 3964 1 36 0
11 94131 3143 3126 1 30 1
11 69048 3145 2029 1 4 1
11 128670 3150 6103 1 41 0
11 129736 3151 6104 1 51 1
11 150634 3152 1414 1 18 0
11 79919 3153 877 1 19 0
11 141766 3154 5543 1 43 0
11 65518 3162 3108 1 13 1
11 149267 3165 4015 1 48 1
11 142322 3165 1828 1 23 0
11 68384 3167 2238 1 26 1
11 151467 3168 3514 1 24 1
11 66378 3168 3725 1 27 0
11 74103 3171 3552 1 37 0
11 166719 3175 8263 1 23 1
11 153921 3177 942 1 26 0
11 67219 3178 1868 1 8 0
11 69201 3179 458 1 35 0
11 163126 3183 3019 1 20 0
11 79790 3187 3660 1 29 1
11 167948 3187 6832 1 43 1
11 114190 3188 4047 1 21 0
11 72733 3194 3554 1 14 0
11 156645 3195 5041 1 21 0
11 164008 3200 1685 1 37 1
11 75437 3201 2594 1 32 0
11 177676 3204 8459 1 21 0
11 133378 3205 3261 1 15 0
11 65464 3205 851 1 42 1
11 81547 3214 1259 1 33 0
11 60849 3214 1843 1 39 0
11 137905 3215 7730 1 49 0
11 133175 3218 3379 1 3 1
11 159991 3220 7600 1 13 1
11 175797 3227 724 1 21 0
11 77417 3227 2847 1 48 0
11 78058 3233 3616 1 40 0
11 154103 3233 5936 1 43 0
11 142545 3238 5017 1 33 0
11 169639 3248 8441 1 24 0
11 148003 3256 4227 1 51 0
11 147057 3258 4793 1 34 0
11 85702 3259 3229 1 46 0
11 155560 3259 9137 1 3 1
11 171568 3263 4880 1 8 1
11 117932 3263 4249 1 29 0
11 158650 3266 3473 1 39 0
11 115473 3270 2885 1 3 1
11 84755 3271 3025 1 46 0
11 163938 3272 1238 1 40 0
11 71263 3272 3886 1 10 1
11 179471 3274 2484 1 12 0
11 164250 3278 4636 1 30 0
11 73409 3279 2287 1 5 0
11 61250 3280 1114 1 6 1
11 116387 3282 1179 1 11 1
11 95377 3285 1106 1 27 1
11 93881 3287 606 1 43 1
11 159244 3289 819 1 21 0
11 103626 3292 3978 1 23 0
11 80777 3295 364 1 12 0
11 118050 3297 4918 1 48 0
11 76681 3297 1474 1 35 1
11 130417 3299 3292 1 43 0
11 61072 3301 3651 1 40 0
11 90743 3309 3861 1 26 0
11 137856 3309 2351 1 8 1
11 123026 3310 1049 1 27 0
11 118572 3314 7088 1 27 1
11 153740 3317 2515 1 49 0
11 104076 3322 696 1 40 0
11 84340 3323 1346 1 2 0
11 177460 3325 10380 1 33 1
11 154975 3326 2347 1 32 1
11 123884 3327 5248 1 23 0
11 95975 3333 4014 1 2 1
11 90263 3334 2560 1 32 0
11 132413 3335 5988 1 42 1
11 162534 3337 632 1 40 0
11 61008 3339 491 1 29 1
11 61791 3340 3447 1 50 1
11 90635 3344 5215 1 21 0
11 81027 3345 2437 1 24 0
11 173252 3351 7748 1 36 1
11 105041 3355 1522 1 9 0
11 67206 3355 1711 1 19 0
11 134472 3356 6094 1 15 1
11 117168 3356 3604 1 17 1
11 105773 3358 4037 1 47 1
11 175922 3359 8973 1 11 1
11 159653 3360 4864 1 47 0
11 120109 3361 596 1 43 0
11 113959 3362 5481 1 46 0
11 123837 3363 1614 1 32 1
11 95457 3363 3952 1 47 1
11 174811 3365 8159 1 1 1
11 129671 3368 4885 1 10 0
11 78836 3369 4109 1 21 0
11 157890 3370 4785 1 36 0
11 114593 3370 4462 1 38 1
11 178890 3373 9881 1 22 0
11 95346 3376 1830 1 8 1
11 175545 3379 9876 1 38 0
11 166819 3379 550 1 34 0
11 64215 3383 1891 1 38 0
11 100367 3384 956 1 50 1
11 90675 3385 4273 1 23 0
11 121816 3389 3284 1 11 0
11 147709 3392 243 1 37 1
11 169668 3392 6004 1 4 1
11 152036 3392 7450 1 16 1
11 82370 3393 4311 1 13 0
11 175825 3395 660 1 24 0
11 146928 3396 1765 1 44 1
11 113913 3396 3848 1 18 0
11 175746 3397 9655 1 17 1
11 65231 3398 1777 1 8 0
11 157039 3399 3859 1 20 1
11 89732 3401 1314 1 13 0
11 120096 3403 5109 1 49 1
11 62431 3403 1178 1 11 0
11 175501 3405 1901 1 38 1
11 107949 3405 4867 1 16 1
11 89116 3408 2846 1 14 1
11 79040 3413 1031 1 17 1
11 81186 3415 655 1 32 0
11 157013 3416 3169 1 22 1
11 80549 3417 3919 1 12 1
11 155983 3418 7982 1 13 1
11 170923 3422 7004 1 46 1
11 140782 3423 5953 1 47 0
11 77563 3423 2936 1 33 0
11 158641 3425 8784 1 22 1
11 97219 3426 3737 1 18 1
11 66752 3428 3347 1 13 1
11 159498 3429 2988 1 18 0
11 94810 3437 4835 1 2 1
11 90099 3438 3351 1 47 1
11 125915 3438 246 1 1 1
11 144593 3439 4610 1 13 1
11 158126 3439 5697 1 39 0
11 91688 3440 2881 1 32 0
11 70097 3440 1447 1 25 1
11 85846 3441 1985 1 35 1
11 61730 3447 2084 1 8 0
11 151563 3447 8174 1 8 1
11 122183 3448 5009 1 14 1
11 158846 3449 7891 1 46 1
11 174512 3452 8400 1 5 1
11 100046 3453 1551 1 42 0
11 106512 3453 6348 1 4 1
11 77344 3455 4039 1 47 0
11 153144 3463 9112 1 5 0
11 69274 3464 2147 1 33 0
11 154229 3466 8665 1 21 1
11 128555 3466 1668 1 17 0
11 61223 3468 450 1 11 1
11 168825 3468 5776 1 7 1
11 88506 3470 5157 1 33 1
11 95023 3470 2728 1 9 1
11 77655 3471 4440 1 43 0
11 89288 3471 5174 1 34 1
11 62203 3472 774 1 39 1
11 136539 3474 4308 1 1 1
11 179969 3474 9426 1 21 1
11 83637 3475 4913 1 19 1
11 132416 3486 135 1 47 0
11 119659 3486 3309 1 26 1
11 139177 3491 8310 1 37 1
11 99409 3493 4122 1 14 1
11 166667 3496 8246 1 39 1
11 155940 3497 3243 1 34 1
11 91480 3499 1748 1 20 1
11 150486 3499 1912 1 15 1
11 103019 3501 5122 1 25 0
11 149755 3502 1225 1 7 0
11 65459 3503 1241 1 34 1
11 82459 3503 1130 1 43 1
11 96674 3505 5049 1 2 1
11 113822 3508 704 1 7 0
11 167863 3512 6170 1 17 1
11 132746 3513 6902 1 43 1
11 115869 3514 889 1 18 0
11 156499 3514 6334 1 40 1
11 145415 3516 2693 1 29 0
11 92389 3516 3655 1 16 1
11 100604 3522 5466 1 10 0
11 113654 3527 2348 1 30 0
11 71915 3530 3834 1 49 0
11 120346 3534 1739 1 34 1
11 153796 3537 4913 1 38 0
11 74973 3538 923 1 18 1
11 159194 3543 3918 1 40 0
11 72845 3553 3952 1 23 1
11 177633 3553 4489 1 38 1
11 82599 3554 2802 1 33 0
11 120327 3558 5856 1 20 1
11 148670 3563 1713 1 39 0
11 95360 3565 2894 1 31 1
11 125414 3568 3549 1 15 0
11 146018 3569 5966 1 43 1
11 111232 3572 937 1 10 1
11 178308 3581 5825 1 38 0
11 163186 3587 2803 1 2 1
11 112084 3590 4263 1 1 0
11 64226 3590 1093 1 12 1
11 100501 3592 2986 1 8 1
11 74194 3595 2261 1 49 0
11 92702 3597 3810 1 16 1
