1500
13 63416 2 2719 1 41 1
13 92873 14 972 1 29 1
13 82102 17 499 1 28 1
13 117620 17 2386 1 38 0
13 91613 18 4274 1 31 1
13 78159 24 2971 1 16 1
13 61813 33 3531 1 36 1
13 71654 37 3275 1 37 1
13 64746 37 3142 1 13 0
13 96155 40 2832 1 29 0
13 159904 43 7058 1 47 1
13 136220 44 3347 1 46 1
13 131101 45 5369 1 14 1
13 103353 46 2819 1 18 0
13 76786 48 2665 1 9 1
13 146004 49 6707 1 32 0
13 149031 50 7623 1 36 1
13 152384 51 5110 1 16 1
13 170911 51 9653 1 23 0
13 136656 52 1179 1 31 0
13 111762 57 1651 1 42 0
13 110471 58 1333 1 17 1
13 139061 59 1192 1 25 0
13 118900 60 3859 1 50 0
13 146194 61 7020 1 8 1
13 170156 61 5585 1 29 0
13 176522 62 4883 1 23 0
13 121895 63 3353 1 45 1
13 103012 63 250 1 38 0
13 149092 65 2793 1 16 0
13 159748 65 3113 1 3 1
13 112679 66 3868 1 21 1
13 150558 66 7343 1 17 0
13 158818 68 3029 1 27 1
13 113702 70 607 1 7 1
13 95178 73 5427 1 32 0
13 179537 76 3129 1 23 1
13 148222 77 334 1 38 0
13 141769 78 1208 1 17 0
13 89871 80 719 1 17 1
13 161722 81 6471 1 1 1
13 107042 82 5413 1 38 0
13 132459 83 5805 1 28 1
13 61936 84 1143 1 44 1
13 90955 84 2813 1 3 1
13 167560 92 1924 1 25 1
13 120386 92 2624 1 22 1
13 146598 93 2455 1 2 0
13 115701 95 2197 1 21 0
13 103000 98 200 1 48 1
13 110794 98 4317 1 50 0
13 120028 101 2110 1 44 0
13 125385 106 264 1 47 1
13 153495 107 5865 1 49 0
13 153679 113 4844 1 17 0
13 70623 120 1024 1 25 1
13 133911 125 7921 1 13 1
13 85884 127 616 1 1 1
13 119454 127 5987 1 36 1
13 84469 138 4131 1 47 0
13 85389 140 1334 1 9 1
13 95328 142 1275 1 27 0
13 132098 146 4202 1 16 1
13 63440 150 2712 1 6 0
13 120015 154 547 1 30 0
13 97814 154 3940 1 35 1
13 95733 155 3265 1 35 0
13 159020 155 7376 1 43 1
13 109957 158 5099 1 4 1
13 149135 161 5698 1 8 0
13 99516 162 4137 1 14 0
13 81381 176 4274 1 3 0
13 129889 179 2448 1 26 1
13 143365 182 2484 1 40 1
13 61089 185 1729 1 48 1
13 127627 187 3040 1 15 0
13 176179 190 10232 1 25 0
13 151947 190 7181 1 49 1
13 63683 193 1968 1 25 0
13 133638 196 6649 1 15 0
13 150585 196 4324 1 17 1
13 87480 199 2963 1 11 1
13 66315 204 1930 1 17 0
13 84036 204 680 1 27 1
13 161009 205 9219 1 14 1
13 166291 207 5882 1 29 0
13 73576 209 771 1 47 1
13 87732 211 4820 1 22 0
13 170252 217 3584 1 42 0
13 123944 223 5090 1 5 0
13 69958 224 4123 1 3 0
13 94584 228 5129 1 49 0
13 131849 230 7102 1 28 0
13 179961 231 5978 1 43 0
13 148170 233 520 1 13 1
13 114087 233 1646 1 9 0
13 162248 234 1466 1 6 1
13 155417 236 1580 1 51 1
13 153006 237 3056 1 12 0
13 160246 240 985 1 17 1
13 132454 243 2518 1 9 0
13 160678 243 6364 1 34 1
13 87911 249 4008 1 37 1
13 170160 255 7843 1 7 0
13 95887 257 5153 1 50 0
13 116427 261 1880 1 25 1
13 141608 262 3304 1 6 1
13 112641 265 5081 1 16 0
13 119481 267 239 1 10 0
13 156823 268 1734 1 18 0
13 112804 269 3006 1 7 0
13 79794 283 2974 1 16 1
13 99615 285 1320 1 31 1
13 160252 285 5165 1 9 0
13 97685 286 684 1 20 0
13 98342 288 1198 1 36 1
13 136809 289 7749 1 6 1
13 102644 291 5050 1 27 0
13 157465 297 4089 1 9 0
13 69492 301 167 1 34 1
13 80679 303 4721 1 38 0
13 128763 310 948 1 4 0
13 144607 310 739 1 6 1
13 95319 314 1174 1 42 0
13 158051 315 5548 1 36 0
13 115679 319 5782 1 2 1
13 71525 320 2564 1 13 0
13 165006 324 9359 1 24 1
13 107981 325 4826 1 32 1
13 111961 331 301 1 30 0
13 81911 331 4674 1 28 0
13 156321 332 2299 1 18 1
13 62623 332 1941 1 40 0
13 97693 333 4334 1 19 0
13 100133 333 4257 1 40 1
13 144097 334 1515 1 9 1
13 92887 334 852 1 16 1
13 70191 338 421 1 30 1
13 65730 342 2934 1 27 0
13 109842 343 1831 1 45 1
13 128604 344 1128 1 10 1
13 68943 350 747 1 1 1
13 118411 354 7033 1 24 0
13 73254 354 1735 1 31 1
13 143862 355 4401 1 13 1
13 134884 359 6833 1 1 0
13 130887 363 3209 1 41 0
13 156479 367 6610 1 15 0
13 131282 369 4139 1 5 0
13 66687 370 1946 1 41 0
13 150153 370 8224 1 40 0
13 161649 375 2874 1 12 1
13 134423 376 7829 1 5 1
13 126073 376 6061 1 21 0
13 92344 378 1096 1 35 0
13 143857 381 1180 1 42 0
13 88923 382 1324 1 11 1
13 120908 383 4096 1 50 0
13 68012 385 3461 1 44 0
13 61963 393 600 1 25 1
13 153146 399 3975 1 44 0
13 71956 400 3055 1 24 1
13 157948 401 5257 1 48 0
13 150249 402 2913 1 6 0
13 150486 407 3740 1 36 0
13 165385 408 4531 1 46 0
13 116719 410 6903 1 20 0
13 60604 416 2972 1 35 1
13 168147 423 3183 1 34 1
13 128380 426 6193 1 37 1
13 133135 427 3610 1 18 1
13 100426 429 1833 1 25 1
13 111654 429 404 1 20 0
13 97888 431 4537 1 11 0
13 146238 433 7626 1 35 1
13 104705 440 4329 1 9 0
13 107124 441 5595 1 16 1
13 64809 445 2345 1 29 0
13 152119 446 8940 1 3 1
13 162866 446 8387 1 8 1
13 110345 447 5182 1 15 1
13 109201 452 5866 1 12 1
13 138207 455 6827 1 23 0
13 110530 455 822 1 42 0
13 91344 456 2183 1 38 1
13 111677 459 3778 1 11 0
13 133730 462 1485 1 16 0
13 76429 474 1845 1 44 1
13 106696 480 6049 1 5 0
13 93698 485 1753 1 20 0
13 67493 486 1833 1 50 1
13 133133 487 7549 1 45 1
13 164982 488 8089 1 4 0
13 101680 492 5013 1 36 0
13 101133 493 4623 1 5 0
13 177346 494 3277 1 50 1
13 142054 503 6980 1 9 1
13 116663 504 4902 1 3 1
13 176753 505 10369 1 29 1
13 76481 507 1568 1 49 0
13 167860 512 2024 1 4 0
13 63896 512 374 1 15 1
13 106633 514 5546 1 43 0
13 87749 514 2278 1 21 1
13 103028 514 4346 1 46 0
13 81075 524 2223 1 1 0
13 97001 525 5290 1 44 1
13 114960 526 2718 1 24 0
13 70162 534 907 1 48 0
13 165233 539 5512 1 3 0
13 147245 545 2172 1 8 1
13 94294 545 4165 1 23 0
13 179380 546 2938 1 6 0
13 94806 546 932 1 1 0
13 144864 547 7881 1 14 0
13 122248 555 1474 1 39 0
13 138725 560 4987 1 6 1
13 174153 566 5170 1 33 1
13 114031 568 4885 1 34 0
13 121100 573 6384 1 5 1
13 68767 577 1756 1 29 1
13 75648 578 4481 1 8 0
13 144273 581 4192 1 39 1
13 125985 584 525 1 21 1
13 173115 585 5772 1 46 1
13 106232 589 4418 1 50 1
13 138871 591 7510 1 24 0
13 121197 599 4857 1 8 0
13 136551 604 240 1 17 0
13 148107 609 4493 1 29 0
13 118926 610 6789 1 38 1
13 140960 615 2187 1 40 1
13 168958 615 9550 1 7 0
13 152453 616 2830 1 30 0
13 101459 617 648 1 37 1
13 116929 617 5295 1 39 0
13 64881 618 1285 1 35 1
13 141435 622 6550 1 19 1
13 79630 622 421 1 8 0
13 171165 623 8553 1 22 1
13 100388 625 2618 1 13 1
13 118128 626 1500 1 11 0
13 130576 627 5663 1 20 1
13 177681 630 6828 1 33 1
13 118240 634 4751 1 4 0
13 167801 635 3956 1 9 0
13 120159 636 3463 1 20 0
13 73708 637 659 1 25 1
13 100744 643 4595 1 31 1
13 99825 643 3186 1 13 1
13 114205 644 5330 1 19 1
13 161873 647 4713 1 15 1
13 161980 648 6500 1 24 0
13 87165 651 4649 1 5 0
13 152056 651 277 1 9 1
13 146049 652 1578 1 8 1
13 67000 653 2974 1 16 1
13 145283 653 7481 1 5 1
13 154303 655 564 1 4 0
13 67657 657 1813 1 8 1
13 148358 664 6392 1 11 0
13 154192 664 7077 1 2 0
13 93025 665 622 1 45 1
13 179822 667 2139 1 37 1
13 129722 668 499 1 30 1
13 136686 680 3977 1 32 0
13 133646 681 1615 1 31 0
13 122949 684 1958 1 40 0
13 106814 684 350 1 19 0
13 113758 694 4859 1 50 1
13 67849 695 896 1 11 0
13 113423 695 5430 1 6 0
13 177482 696 3235 1 3 0
13 160160 704 1017 1 40 0
13 152460 707 8746 1 38 0
13 136277 707 237 1 31 0
13 149547 709 1368 1 44 1
13 137665 710 4976 1 16 0
13 151375 711 6259 1 27 1
13 107755 712 5697 1 13 0
13 123798 712 849 1 17 0
13 95729 712 5433 1 4 0
13 69037 714 2485 1 24 0
13 123162 714 2617 1 25 1
13 76879 714 1542 1 40 1
13 100021 715 233 1 33 0
13 144505 715 3625 1 19 0
13 138830 715 5548 1 17 0
13 153530 717 1350 1 48 1
13 97876 729 951 1 2 0
13 167461 731 2213 1 8 0
13 169932 731 6121 1 9 1
13 65577 734 2214 1 17 1
13 92453 744 4076 1 37 0
13 110443 750 655 1 17 1
13 79503 755 1229 1 49 1
13 91644 756 5493 1 14 1
13 61460 757 568 1 9 1
13 81110 761 4566 1 18 1
13 108756 761 6507 1 5 0
13 154735 765 6535 1 32 0
13 65017 767 957 1 49 0
13 116514 768 5772 1 47 0
13 122693 769 4960 1 3 0
13 91560 771 2960 1 20 1
13 121835 772 1105 1 9 1
13 71931 779 1662 1 2 1
13 175717 782 9836 1 28 1
13 98396 783 3335 1 19 0
13 79051 787 4662 1 10 0
13 161802 797 9632 1 31 0
13 166329 800 3924 1 50 1
13 95180 800 2616 1 22 1
13 140409 802 2535 1 45 1
13 131198 802 2195 1 42 1
13 94432 804 1833 1 21 1
13 63014 804 698 1 19 0
13 137733 809 7766 1 3 1
13 140322 812 5088 1 42 0
13 146273 813 3284 1 39 1
13 101240 814 2217 1 31 0
13 161819 814 3683 1 46 1
13 179896 816 3800 1 17 0
13 103022 818 5868 1 33 1
13 152317 821 7464 1 15 0
13 172480 821 1469 1 10 0
13 113737 822 6577 1 25 0
13 120037 824 1209 1 40 0
13 111198 829 4434 1 49 1
13 136496 829 1639 1 37 1
13 151556 830 2697 1 22 1
13 125081 833 2312 1 35 0
13 118207 838 1745 1 19 0
13 70264 845 1023 1 24 0
13 62162 850 2736 1 29 0
13 108761 863 6157 1 28 0
13 121917 864 3452 1 50 0
13 155673 864 2160 1 21 1
13 147824 867 8325 1 10 0
13 77222 871 3474 1 51 1
13 138188 871 7813 1 42 1
13 159123 872 8898 1 24 1
13 98595 873 1671 1 32 1
13 106760 873 5386 1 24 1
13 77530 873 2624 1 45 0
13 172767 874 10063 1 33 0
13 138174 875 4818 1 31 0
13 159591 876 4522 1 31 1
13 90904 876 2303 1 17 1
13 140679 881 7992 1 10 1
13 131047 887 1746 1 41 0
13 121694 889 893 1 46 0
13 93760 890 1476 1 51 0
13 81162 893 3335 1 2 1
13 96919 893 1988 1 15 0
13 97542 893 4051 1 36 1
13 71381 894 2542 1 23 1
13 65009 902 568 1 23 0
13 147691 906 5035 1 33 1
13 127746 910 5015 1 48 1
13 75986 912 2580 1 33 1
13 145433 913 4323 1 48 1
13 131848 914 2619 1 41 1
13 120666 915 1255 1 4 1
13 75903 915 2997 1 50 0
13 166329 917 2730 1 8 1
13 131738 917 1355 1 1 1
13 97264 918 4838 1 27 0
13 116123 919 3877 1 23 0
13 160847 919 9518 1 46 1
13 74051 921 3529 1 36 0
13 159514 929 5230 1 43 1
13 86741 935 3769 1 18 0
13 83011 937 1867 1 27 0
13 77353 948 1839 1 27 1
13 64849 951 917 1 50 1
13 146067 952 5679 1 31 0
13 122660 957 2572 1 7 1
13 171454 958 6439 1 3 1
13 134817 964 2899 1 41 1
13 137179 967 6946 1 50 0
13 142970 969 4745 1 43 1
13 159663 972 5320 1 1 1
13 87969 981 1983 1 7 1
13 109728 981 4933 1 16 0
13 87215 981 3941 1 34 0
13 88042 982 3274 1 19 0
13 69787 984 2941 1 2 1
13 118710 989 5451 1 17 1
13 119673 992 6503 1 13 1
13 110724 994 236 1 5 1
13 117940 998 1002 1 33 0
13 112038 1012 4343 1 39 0
13 153560 1013 8034 1 47 1
13 101311 1014 2282 1 48 1
13 104447 1019 4373 1 45 1
13 155139 1022 8537 1 16 1
13 69164 1024 3040 1 47 0
13 159626 1025 8683 1 23 0
13 127131 1025 2198 1 9 0
13 170073 1026 1460 1 30 0
13 94046 1027 99 1 39 1
13 164707 1027 4223 1 9 0
13 113374 1027 1042 1 16 0
13 129026 1030 4164 1 20 0
13 64348 1030 1644 1 26 1
13 83923 1033 1525 1 39 0
13 77300 1034 345 1 42 1
13 169504 1036 2614 1 45 1
13 177422 1044 4984 1 38 0
13 121568 1048 3381 1 1 1
13 121878 1048 3224 1 24 0
13 87916 1054 1616 1 31 0
13 179694 1061 6391 1 37 1
13 162806 1070 4481 1 27 1
13 96472 1074 3947 1 22 0
13 156928 1075 5358 1 20 1
13 137373 1075 7655 1 36 0
13 62147 1078 307 1 34 1
13 151692 1084 3485 1 16 1
13 86596 1084 541 1 20 0
13 126029 1086 4376 1 37 1
13 133735 1087 1722 1 31 1
13 79585 1090 440 1 45 0
13 109061 1095 3197 1 2 0
13 71040 1098 2700 1 12 0
13 172355 1100 9643 1 24 0
13 94790 1100 1262 1 6 1
13 116080 1100 4310 1 46 0
13 105434 1101 5237 1 49 0
13 111408 1103 5027 1 18 1
13 121059 1108 6932 1 6 1
13 143212 1114 4083 1 46 0
13 94996 1114 5028 1 20 0
13 93324 1116 2404 1 50 1
13 158820 1118 3548 1 27 0
13 163550 1120 629 1 43 0
13 87708 1123 3457 1 47 1
13 143400 1127 1744 1 38 0
13 140611 1127 4833 1 47 0
13 127260 1129 6315 1 45 0
13 156466 1132 5756 1 48 0
13 118813 1133 510 1 2 1
13 70879 1137 2047 1 42 0
13 142373 1138 988 1 39 0
13 117975 1140 6977 1 12 1
13 65805 1140 2802 1 46 1
13 80361 1145 3653 1 24 1
13 153987 1145 3104 1 25 0
13 74047 1147 835 1 25 1
13 140530 1157 411 1 48 0
13 137142 1158 6823 1 37 1
13 72470 1160 3352 1 27 0
13 96006 1160 4605 1 42 0
13 68543 1165 3733 1 37 1
13 120677 1168 6496 1 49 1
13 126945 1168 1495 1 38 0
13 173469 1168 8723 1 23 1
13 99884 1169 1167 1 2 0
13 151967 1174 3929 1 42 0
13 164860 1175 7850 1 21 0
13 138386 1176 3595 1 6 0
13 172686 1178 2025 1 28 0
13 97070 1178 2186 1 23 0
13 108072 1179 3076 1 26 1
13 113060 1183 4923 1 6 0
13 179987 1183 9887 1 45 1
13 151221 1186 944 1 12 0
13 65145 1188 187 1 1 0
13 114710 1188 3003 1 26 0
13 135823 1189 4309 1 10 1
13 63062 1191 3211 1 24 0
13 166847 1197 603 1 44 1
13 161637 1199 3687 1 41 1
13 149246 1200 6268 1 24 0
13 76761 1200 2104 1 1 1
13 73654 1200 1285 1 17 0
13 84285 1202 2729 1 23 0
13 66006 1206 2747 1 37 0
13 68104 1207 3562 1 47 0
13 161919 1208 5942 1 22 0
13 71434 1211 3378 1 30 1
13 100338 1213 2551 1 12 0
13 125914 1213 800 1 17 1
13 101881 1215 4143 1 47 0
13 127416 1220 4918 1 42 0
13 119414 1221 883 1 22 1
13 85604 1224 3245 1 32 1
13 134652 1225 4499 1 29 0
13 61820 1230 1240 1 35 1
13 75042 1230 1501 1 2 0
13 103873 1236 1687 1 25 0
13 174039 1240 4247 1 12 0
13 175704 1240 2922 1 41 1
13 177901 1241 1246 1 31 0
13 90105 1243 533 1 49 1
13 81583 1244 1370 1 18 0
13 63297 1245 2575 1 45 0
13 133490 1248 6597 1 48 1
13 96776 1249 3005 1 28 0
13 141332 1250 5744 1 51 1
13 98620 1251 2187 1 45 0
13 76863 1251 3626 1 25 0
13 85181 1256 1259 1 4 0
13 147147 1258 6734 1 37 0
13 95876 1259 2394 1 42 0
13 143877 1259 7777 1 8 0
13 177251 1260 2767 1 17 1
13 152204 1275 4869 1 43 0
13 149699 1276 2712 1 37 1
13 62990 1281 3303 1 39 1
13 69446 1282 1918 1 17 0
13 87979 1282 3473 1 1 0
13 115212 1288 2570 1 24 0
13 91273 1291 2589 1 13 0
13 168871 1292 7021 1 51 1
13 123712 1295 2835 1 4 1
13 163456 1296 4850 1 36 0
13 107843 1298 2480 1 39 1
13 159309 1302 313 1 12 0
13 177981 1304 7563 1 17 1
13 128906 1307 1100 1 18 1
13 146156 1309 6234 1 18 1
13 132744 1309 7798 1 2 1
13 173883 1313 5377 1 50 1
13 61644 1314 969 1 22 1
13 119697 1315 2799 1 3 0
13 107267 1318 4387 1 11 1
13 142875 1319 7105 1 16 1
13 137705 1319 2385 1 46 0
13 148447 1326 5709 1 38 0
13 111281 1333 202 1 2 0
13 84994 1334 3939 1 10 0
13 100653 1336 4366 1 12 1
13 65694 1337 1039 1 47 0
13 60214 1343 1825 1 50 0
13 122064 1344 3276 1 3 0
13 135394 1351 6985 1 39 1
13 74298 1352 1965 1 47 0
13 138955 1354 354 1 19 1
13 144498 1355 6467 1 23 1
13 130216 1355 1931 1 46 1
13 165300 1356 5044 1 6 0
13 98106 1360 4141 1 7 0
13 73527 1363 1011 1 41 1
13 144225 1363 8390 1 9 1
13 92424 1366 4956 1 39 1
13 112475 1366 2801 1 46 0
13 81754 1366 3249 1 15 1
13 129585 1367 3861 1 3 1
13 131357 1368 4906 1 50 0
13 144547 1373 8278 1 41 0
13 65879 1373 557 1 6 0
13 146912 1383 2442 1 4 1
13 91907 1383 3811 1 10 0
13 140519 1384 8034 1 13 0
13 159050 1384 8675 1 10 0
13 95951 1384 3568 1 25 1
13 114080 1388 1185 1 44 1
13 63951 1390 1334 1 13 0
13 166496 1391 9663 1 24 1
13 158559 1392 8919 1 12 1
13 110174 1393 5476 1 10 1
13 166339 1393 298 1 25 0
13 173148 1396 2494 1 8 1
13 176827 1396 1504 1 32 0
13 67776 1398 3232 1 42 0
13 125212 1398 6459 1 50 1
13 158917 1400 6563 1 33 1
13 129425 1403 4385 1 35 0
13 154713 1404 1179 1 23 0
13 85320 1405 4380 1 50 1
13 163197 1408 9372 1 4 0
13 112989 1411 202 1 42 0
13 101758 1412 2451 1 13 1
13 171826 1415 9443 1 13 0
13 101406 1419 133 1 25 1
13 132175 1419 5839 1 17 0
13 74185 1421 2941 1 12 1
13 163798 1427 602 1 45 0
13 158126 1427 4342 1 44 1
13 143508 1429 5291 1 39 0
13 87540 1431 2562 1 10 0
13 106717 1432 1618 1 5 0
13 159198 1435 8046 1 32 0
13 72755 1435 3475 1 41 0
13 123811 1437 2447 1 43 0
13 145312 1437 3891 1 9 1
13 84466 1441 3682 1 2 0
13 157975 1448 1481 1 40 1
13 79408 1450 1656 1 33 0
13 88693 1455 1298 1 35 1
13 88472 1458 2071 1 51 0
13 108131 1467 1864 1 40 1
13 177557 1468 7823 1 47 1
13 86956 1468 1453 1 3 0
13 157885 1468 605 1 10 1
13 179833 1469 10311 1 4 0
13 85838 1472 3520 1 10 1
13 156902 1473 7047 1 3 1
13 123809 1475 3948 1 36 1
13 123163 1475 1283 1 24 1
13 133428 1475 5259 1 51 1
13 129090 1476 329 1 40 1
13 90751 1477 1654 1 11 0
13 116190 1479 4715 1 22 0
13 97166 1485 833 1 5 1
13 142890 1486 2147 1 25 0
13 70182 1487 1688 1 17 1
13 60409 1487 3399 1 19 0
13 81565 1488 1668 1 13 1
13 127054 1489 2222 1 48 0
13 78352 1491 2017 1 2 0
13 158896 1494 8569 1 34 1
13 74361 1501 82 1 4 1
13 164745 1503 716 1 8 0
13 89733 1505 3955 1 19 1
13 92483 1511 3753 1 2 1
13 103782 1513 4568 1 17 0
13 155121 1515 1608 1 2 0
13 124066 1517 5548 1 19 1
13 109483 1518 3993 1 3 1
13 144357 1519 1838 1 14 0
13 128953 1519 1089 1 43 1
13 61715 1520 2074 1 48 1
13 72312 1521 3988 1 46 1
13 133556 1521 1148 1 24 0
13 164237 1521 8646 1 38 1
13 169210 1524 2299 1 10 0
13 121293 1524 561 1 37 0
13 121924 1527 6690 1 4 1
13 167583 1528 2009 1 31 0
13 79530 1528 3092 1 44 1
13 107893 1529 5136 1 14 0
13 63265 1533 2278 1 15 0
13 125466 1533 4338 1 36 0
13 120477 1535 127 1 19 0
13 102737 1544 5266 1 23 1
13 69942 1548 2053 1 23 1
13 89537 1549 5250 1 24 0
13 151747 1551 4253 1 23 0
13 157892 1555 3575 1 1 0
13 135539 1560 2144 1 50 1
13 178736 1562 478 1 31 0
13 109510 1563 5920 1 26 1
13 108192 1565 3910 1 19 0
13 75143 1566 3105 1 28 1
13 84554 1570 1171 1 8 0
13 128584 1572 1928 1 10 0
13 165309 1572 8338 1 15 1
13 98187 1574 4077 1 35 0
13 74196 1576 3545 1 23 1
13 178296 1582 430 1 21 1
13 158032 1582 5979 1 35 0
13 110815 1583 3877 1 12 1
13 74970 1584 1296 1 14 1
13 126105 1586 7205 1 14 1
13 114181 1586 3294 1 11 1
13 62926 1586 3031 1 20 0
13 126963 1587 1560 1 18 0
13 142354 1587 4529 1 48 1
13 179957 1588 8238 1 5 0
13 74667 1594 2179 1 20 0
13 169168 1594 7111 1 16 1
13 127165 1596 6767 1 46 0
13 87103 1597 920 1 1 1
13 68112 1597 958 1 10 1
13 151112 1597 1954 1 49 1
13 98301 1601 5607 1 49 1
13 81006 1604 3840 1 18 1
13 103543 1609 2992 1 27 0
13 86425 1611 3433 1 31 1
13 139115 1613 5922 1 2 1
13 73394 1613 4097 1 20 0
13 144771 1617 4090 1 6 1
13 160082 1617 3985 1 1 1
13 97442 1619 3843 1 38 0
13 134576 1622 7300 1 10 0
13 141052 1625 7274 1 19 0
13 115517 1631 2806 1 42 0
13 108186 1632 5261 1 37 1
13 150583 1634 1328 1 44 0
13 165572 1636 1267 1 35 1
13 178630 1639 1186 1 32 0
13 127292 1641 2574 1 40 1
13 134671 1641 1976 1 25 1
13 144337 1642 5576 1 25 1
13 169549 1642 544 1 48 1
13 159245 1643 5964 1 3 0
13 143878 1646 5814 1 47 1
13 83454 1650 228 1 12 1
13 102828 1654 5905 1 43 0
13 161477 1654 3955 1 48 0
13 87625 1658 2547 1 51 0
13 126817 1658 3701 1 3 0
13 153495 1663 6901 1 29 0
13 134769 1664 6226 1 42 0
13 111084 1664 3910 1 12 0
13 170611 1665 4048 1 3 0
13 134560 1666 2754 1 39 0
13 83989 1672 3083 1 38 1
13 81035 1673 3662 1 48 1
13 117130 1675 3436 1 20 0
13 86065 1676 1533 1 42 0
13 91527 1682 1046 1 24 1
13 119074 1683 3761 1 40 0
13 74782 1685 2878 1 48 0
13 133579 1685 6883 1 35 1
13 69513 1686 2639 1 18 0
13 162232 1686 723 1 6 0
13 118527 1687 824 1 45 1
13 177676 1688 5751 1 15 0
13 84802 1690 3687 1 37 1
13 96233 1691 99 1 26 0
13 140163 1693 2621 1 17 1
13 118753 1698 2575 1 17 0
13 178709 1700 10194 1 48 1
13 66441 1700 3084 1 24 1
13 160770 1700 4089 1 36 0
13 95447 1706 5612 1 28 1
13 115842 1708 275 1 25 1
13 134577 1710 4471 1 42 1
13 91165 1711 4982 1 14 0
13 148976 1716 5509 1 6 1
13 132661 1719 6897 1 22 0
13 85769 1722 4251 1 27 0
13 113354 1725 2381 1 21 1
13 132835 1732 825 1 37 0
13 143463 1732 1165 1 28 1
13 85724 1737 2870 1 43 1
13 145093 1738 3352 1 5 0
13 151947 1739 5113 1 9 1
13 171999 1740 8025 1 48 1
13 118777 1745 4003 1 48 0
13 102193 1746 5307 1 47 1
13 172480 1746 7935 1 33 1
13 99919 1748 4069 1 4 1
13 131809 1749 7879 1 47 1
13 84399 1754 4684 1 32 0
13 83996 1755 751 1 7 0
13 175126 1764 1525 1 1 0
13 101559 1764 4734 1 15 1
13 167420 1765 8631 1 22 0
13 178778 1766 3129 1 37 1
13 161306 1766 5502 1 49 1
13 134943 1769 947 1 18 0
13 163223 1770 2328 1 3 1
13 155221 1770 7046 1 13 0
13 164685 1770 4656 1 10 0
13 176675 1775 6376 1 9 0
13 62587 1777 3103 1 20 0
13 130827 1777 677 1 26 1
13 116761 1778 3799 1 8 0
13 166198 1790 595 1 29 1
13 160356 1790 1293 1 28 1
13 174729 1796 9296 1 15 0
13 83548 1797 1354 1 32 0
13 142787 1797 435 1 14 1
13 121900 1800 5378 1 11 1
13 141983 1805 3171 1 33 1
13 133318 1805 3204 1 15 0
13 106833 1808 5300 1 51 1
13 174935 1810 2401 1 2 1
13 155873 1812 1018 1 47 1
13 123595 1814 426 1 29 0
13 159532 1817 764 1 33 1
13 93338 1818 5008 1 36 0
13 113125 1818 4952 1 3 1
13 149224 1820 5102 1 5 0
13 70056 1825 3452 1 34 0
13 99093 1829 3874 1 22 1
13 66969 1835 2813 1 40 1
13 121204 1838 554 1 1 0
13 141539 1839 1960 1 15 0
13 115682 1840 5016 1 51 1
13 158171 1843 6320 1 48 1
13 81003 1844 3106 1 35 0
13 101988 1846 5670 1 17 0
13 95972 1849 1934 1 35 0
13 62473 1851 461 1 3 1
13 149440 1852 2619 1 20 1
13 144701 1852 442 1 20 1
13 171749 1853 4296 1 38 1
13 139101 1859 2723 1 15 0
13 147598 1863 6421 1 38 0
13 156829 1864 522 1 12 0
13 94692 1864 3138 1 37 0
13 90025 1868 917 1 7 0
13 96084 1873 1095 1 19 0
13 152622 1875 1052 1 24 1
13 110035 1877 3605 1 10 0
13 104722 1879 5694 1 34 1
13 141421 1885 1750 1 17 0
13 143306 1889 2580 1 39 1
13 110299 1891 4295 1 48 0
13 95044 1896 5037 1 41 0
13 92228 1897 2032 1 29 1
13 162899 1899 5846 1 36 1
13 141821 1901 7169 1 33 0
13 174481 1902 2581 1 18 1
13 108150 1904 1273 1 39 0
13 61055 1905 1885 1 29 1
13 64332 1906 2700 1 35 1
13 75228 1906 3366 1 27 0
13 60791 1911 2249 1 20 0
13 115402 1912 5130 1 6 0
13 142977 1913 7584 1 10 0
13 81154 1915 113 1 19 1
13 81786 1916 214 1 26 1
13 72902 1917 3598 1 29 1
13 154140 1923 2961 1 4 0
13 112539 1925 2697 1 41 1
13 153738 1932 5075 1 27 0
13 114556 1932 5726 1 49 0
13 117847 1935 1757 1 25 0
13 122756 1937 200 1 26 0
13 123115 1938 4002 1 51 0
13 131705 1943 1155 1 27 1
13 115241 1944 3886 1 1 0
13 162227 1945 6172 1 30 1
13 69559 1947 2770 1 4 0
13 161787 1948 4004 1 14 1
13 120926 1949 4261 1 28 0
13 166594 1960 9763 1 16 1
13 146563 1960 1925 1 22 1
13 156225 1962 1318 1 28 0
13 115911 1962 4500 1 42 1
13 175624 1963 5304 1 18 0
13 106079 1967 2759 1 28 1
13 135136 1969 1527 1 43 1
13 66736 1972 1408 1 6 0
13 128236 1973 6104 1 51 0
13 147748 1977 7411 1 46 0
13 101880 1977 2968 1 26 1
13 126671 1978 5846 1 6 0
13 99801 1980 5800 1 11 1
13 105503 1986 413 1 22 1
13 84135 1986 2370 1 11 0
13 122543 1987 7128 1 28 1
13 79769 1988 2080 1 4 1
13 101848 1989 3798 1 17 0
13 129455 1989 778 1 6 1
13 145234 1989 7409 1 5 1
13 106440 1992 2989 1 34 1
13 137251 2001 6318 1 39 0
13 99668 2002 2883 1 44 0
13 84700 2003 3213 1 13 1
13 144332 2009 5033 1 37 1
13 118524 2015 4024 1 9 1
13 103250 2018 5116 1 37 1
13 131757 2019 2059 1 17 0
13 122894 2024 3349 1 4 1
13 125524 2025 2446 1 9 0
13 68817 2026 612 1 15 1
13 101429 2026 5376 1 34 1
13 134734 2029 779 1 29 1
13 133996 2030 5193 1 34 0
13 174548 2030 1846 1 41 0
13 80596 2033 1062 1 33 0
13 149617 2036 7320 1 13 0
13 140543 2036 3867 1 34 0
13 167891 2037 302 1 14 1
13 98333 2042 3719 1 2 1
13 91786 2050 5381 1 33 0
13 142120 2051 3258 1 39 1
13 129555 2057 4075 1 29 0
13 139549 2061 2181 1 47 1
13 125170 2064 4144 1 28 1
13 119521 2067 6655 1 18 1
13 86718 2067 1992 1 1 0
13 128303 2068 2911 1 24 1
13 65543 2072 2523 1 26 1
13 177222 2072 6755 1 31 1
13 139745 2073 4744 1 10 1
13 130260 2075 5417 1 47 0
13 120292 2077 6237 1 7 0
13 177344 2078 4218 1 29 0
13 100237 2078 4874 1 43 0
13 169352 2080 245 1 39 0
13 149549 2083 6011 1 4 0
13 90305 2092 1147 1 10 1
13 127399 2095 4958 1 29 0
13 157192 2104 2018 1 10 0
13 167281 2105 5321 1 43 0
13 138266 2105 7386 1 24 1
13 147964 2116 1230 1 7 0
13 132030 2116 5718 1 1 1
13 156298 2116 3851 1 35 1
13 97014 2117 4334 1 38 1
13 125708 2117 1952 1 35 1
13 137095 2122 2123 1 13 0
13 162486 2124 217 1 2 0
13 103114 2126 3438 1 37 1
13 110848 2128 778 1 25 0
13 167597 2129 7728 1 45 1
13 95546 2129 5070 1 37 1
13 111531 2133 5845 1 34 1
13 100697 2138 5459 1 44 1
13 69313 2141 4030 1 20 0
13 150926 2142 8860 1 3 1
13 166550 2146 660 1 16 0
13 64678 2146 2439 1 47 1
13 172092 2161 3884 1 14 1
13 122400 2162 643 1 22 0
13 113249 2164 4678 1 6 0
13 83681 2168 3826 1 46 1
13 131154 2175 4738 1 28 0
13 77483 2175 1414 1 29 0
13 73110 2177 1237 1 42 0
13 91952 2184 1140 1 30 1
13 96770 2185 626 1 13 1
13 96508 2187 595 1 25 1
13 62222 2193 3379 1 5 1
13 67018 2194 1421 1 51 1
13 134685 2195 281 1 15 0
13 168606 2195 8600 1 24 1
13 102344 2197 4292 1 27 0
13 175636 2198 10217 1 17 1
13 174933 2199 10356 1 10 1
13 168154 2200 8401 1 1 0
13 141591 2201 6726 1 9 0
13 175760 2202 4256 1 36 0
13 114274 2205 5801 1 33 1
13 164337 2207 3653 1 34 1
13 177000 2208 9119 1 10 1
13 128894 2211 7592 1 49 0
13 168920 2212 9020 1 34 1
13 133146 2213 3010 1 6 1
13 158324 2214 4204 1 45 1
13 175432 2214 8927 1 11 1
13 135241 2218 3178 1 25 1
13 119223 2219 4657 1 35 1
13 137671 2220 3513 1 8 1
13 68888 2225 975 1 11 1
13 125723 2233 3533 1 24 1
13 93990 2237 1121 1 3 0
13 126632 2238 5034 1 51 0
13 125957 2242 6569 1 42 0
13 168423 2245 5451 1 35 0
13 66088 2246 3376 1 38 0
13 95399 2252 3557 1 29 0
13 111211 2260 1927 1 15 0
13 141848 2260 8439 1 39 0
13 79609 2261 3747 1 20 1
13 176677 2263 7654 1 32 0
13 66549 2267 2701 1 7 0
13 146098 2267 6329 1 3 1
13 107313 2268 3941 1 34 0
13 165648 2269 1278 1 23 0
13 78802 2271 1954 1 2 1
13 171769 2271 7457 1 51 0
13 98169 2272 3844 1 15 0
13 164902 2275 2596 1 38 1
13 178536 2275 8011 1 39 0
13 173762 2276 1745 1 20 1
13 72306 2282 1435 1 32 0
13 81487 2283 2796 1 6 1
13 163408 2286 6621 1 1 0
13 119819 2290 2872 1 8 0
13 116048 2290 318 1 49 1
13 74385 2291 2035 1 13 1
13 146203 2293 7408 1 50 1
13 73129 2299 115 1 32 0
13 85057 2299 4527 1 18 1
13 160621 2300 5575 1 49 0
13 165732 2302 9902 1 38 0
13 144091 2303 5501 1 13 1
13 137698 2306 1834 1 16 1
13 69149 2308 3915 1 25 1
13 63425 2312 2020 1 32 1
13 128323 2314 6431 1 46 0
13 148263 2316 7249 1 27 0
13 118079 2322 4442 1 43 1
13 165470 2325 3586 1 29 0
13 94369 2327 1287 1 33 1
13 85288 2327 2009 1 40 0
13 138226 2327 5784 1 23 1
13 141090 2327 3466 1 25 0
13 84920 2328 2511 1 15 0
13 173441 2331 6538 1 36 0
13 105950 2333 4129 1 30 0
13 176341 2338 6620 1 8 1
13 84642 2343 3907 1 44 1
13 139324 2346 1185 1 20 1
13 106440 2347 4446 1 2 1
13 120453 2351 586 1 29 0
13 86337 2354 4291 1 36 0
13 108556 2355 4420 1 29 0
13 130093 2356 7564 1 33 1
13 135291 2356 7626 1 9 1
13 110563 2358 2465 1 13 0
13 79667 2362 1821 1 48 0
13 73352 2363 1723 1 50 0
13 173732 2363 8164 1 49 0
13 72215 2364 415 1 8 1
13 93203 2372 1839 1 4 0
13 159920 2373 5374 1 18 1
13 119923 2375 2034 1 25 1
13 116705 2378 4191 1 20 1
13 164703 2385 8286 1 42 0
13 115147 2389 1100 1 10 1
13 176285 2390 1877 1 42 0
13 95958 2390 3637 1 29 1
13 64996 2391 3446 1 17 1
13 136210 2392 527 1 15 0
13 105844 2393 2226 1 25 0
13 121662 2395 1365 1 15 0
13 64664 2398 2403 1 20 1
13 121583 2399 3056 1 42 0
13 134903 2400 1628 1 46 0
13 177487 2401 10205 1 26 0
13 178107 2401 7746 1 29 1
13 72257 2404 176 1 39 1
13 76508 2410 538 1 2 1
13 115399 2412 4097 1 14 1
13 68099 2413 668 1 38 0
13 147738 2414 3839 1 5 1
13 125334 2423 1267 1 30 1
13 90528 2425 97 1 9 1
13 117825 2425 3700 1 48 0
13 150213 2432 1868 1 37 1
13 129011 2433 5145 1 49 1
13 159681 2434 5312 1 45 0
13 148995 2437 392 1 28 1
13 161545 2440 7368 1 27 1
13 73638 2447 1192 1 19 0
13 172468 2447 8285 1 24 0
13 169155 2448 8876 1 21 1
13 144254 2450 5867 1 36 0
13 139761 2452 7082 1 28 1
13 80343 2455 3939 1 11 1
13 81689 2457 693 1 18 1
13 69065 2458 3686 1 5 0
13 150912 2460 2952 1 27 1
13 146829 2464 2216 1 26 0
13 154337 2467 7927 1 19 1
13 96702 2471 1391 1 6 1
13 66306 2471 3265 1 40 1
13 95582 2481 4151 1 50 0
13 61819 2482 1292 1 23 0
13 177696 2483 1204 1 6 1
13 133831 2485 498 1 13 0
13 63405 2487 3219 1 1 0
13 74569 2488 3969 1 35 1
13 101152 2489 5699 1 6 0
13 114629 2491 6316 1 9 1
13 115926 2493 4843 1 3 0
13 80264 2494 2026 1 32 1
13 147248 2494 7643 1 36 1
13 85335 2495 2693 1 39 1
13 160691 2497 7732 1 49 1
13 159710 2503 7018 1 31 1
13 150402 2507 6704 1 39 0
13 115250 2507 5287 1 13 0
13 128306 2517 4592 1 36 1
13 85315 2519 232 1 27 1
13 83622 2526 2575 1 41 0
13 126732 2527 5817 1 7 1
13 87775 2527 2850 1 29 1
13 91426 2531 3907 1 27 0
13 96151 2533 2041 1 11 0
13 72561 2534 4135 1 37 1
13 176576 2537 8662 1 49 0
13 177852 2540 9462 1 50 0
13 152472 2542 6285 1 46 0
13 99183 2544 2537 1 22 0
13 160004 2547 8322 1 42 0
13 60088 2549 2290 1 30 0
13 120933 2551 4259 1 1 1
13 115222 2553 5784 1 50 0
13 142227 2559 1240 1 2 0
13 140890 2560 7136 1 22 1
13 115043 2564 5400 1 15 1
13 117977 2565 2153 1 12 0
13 76871 2574 4225 1 26 1
13 149197 2579 4178 1 37 1
13 136513 2580 723 1 32 0
13 143807 2582 8229 1 29 1
13 88375 2584 3365 1 35 1
13 142399 2585 2347 1 24 1
13 128618 2586 3818 1 4 1
13 123171 2587 7062 1 42 1
13 75107 2588 1911 1 24 1
13 80818 2589 108 1 6 1
13 142548 2593 7405 1 14 0
13 89777 2605 4213 1 20 1
13 136187 2606 4290 1 4 0
13 88198 2610 3586 1 3 0
13 155174 2610 574 1 25 0
13 118620 2611 6735 1 28 1
13 123039 2612 1568 1 6 0
13 78443 2613 2908 1 46 1
13 158529 2615 1557 1 5 1
13 129777 2615 4186 1 48 0
13 63988 2616 1942 1 13 0
13 70300 2617 1697 1 4 0
13 151279 2617 5088 1 47 0
13 64108 2619 2742 1 5 0
13 130384 2623 6082 1 23 0
13 95105 2625 3283 1 45 1
13 153499 2630 5670 1 47 1
13 107134 2640 5220 1 28 0
13 150873 2646 8480 1 3 1
13 84697 2646 3597 1 26 0
13 102921 2648 1502 1 36 1
13 66190 2648 2827 1 35 1
13 84845 2650 3024 1 2 0
13 137494 2654 1659 1 29 1
13 165436 2656 9565 1 40 1
13 155342 2657 7785 1 13 0
13 148037 2664 607 1 17 0
13 100016 2666 3892 1 28 1
13 167035 2667 7332 1 4 0
13 93983 2670 4902 1 36 1
13 176607 2673 2092 1 35 1
13 94719 2677 2154 1 25 1
13 117711 2677 2548 1 5 0
13 157935 2682 2677 1 35 0
13 171882 2684 7662 1 42 1
13 89673 2685 3039 1 38 1
13 160069 2688 3813 1 33 0
13 142776 2691 3962 1 12 1
13 138833 2694 1337 1 39 1
13 69128 2695 2392 1 21 1
13 78954 2696 3220 1 41 0
13 94247 2700 1572 1 20 0
13 179823 2706 4822 1 11 1
13 168768 2706 3471 1 5 1
13 146447 2707 1137 1 35 1
13 144905 2708 5575 1 39 1
13 100160 2708 5648 1 20 1
13 170342 2718 4122 1 5 1
13 139695 2719 2747 1 27 0
13 168660 2721 5909 1 6 1
13 155918 2725 9282 1 34 1
13 86786 2726 4553 1 41 0
13 161717 2727 7358 1 10 0
13 138021 2734 8018 1 28 0
13 156653 2736 4342 1 42 1
13 105900 2740 3583 1 8 0
13 138353 2742 6472 1 9 0
13 108232 2743 3414 1 39 1
13 96222 2744 2826 1 8 1
13 133445 2744 2840 1 47 1
13 88216 2746 1192 1 14 1
13 94741 2746 2988 1 35 1
13 60939 2746 1083 1 34 0
13 112061 2747 3764 1 25 1
13 160546 2748 8572 1 36 1
13 149777 2756 1806 1 3 1
13 63327 2756 1915 1 21 1
13 135437 2757 2713 1 2 0
13 101750 2761 2436 1 10 1
13 78919 2761 4429 1 48 1
13 160588 2763 3682 1 18 0
13 135480 2764 6839 1 6 1
13 124114 2765 1280 1 40 0
13 131911 2765 5072 1 17 1
13 124193 2772 2965 1 2 1
13 116761 2773 3672 1 45 1
13 157491 2775 1154 1 49 1
13 88797 2776 929 1 21 1
13 79810 2780 3084 1 33 0
13 160591 2780 1907 1 26 0
13 66646 2780 2611 1 49 1
13 107747 2781 6134 1 30 1
13 127966 2783 7275 1 20 1
13 163518 2784 833 1 13 1
13 153621 2784 3711 1 30 1
13 120803 2790 1086 1 29 1
13 107634 2792 4221 1 50 0
13 141655 2798 6089 1 47 1
13 75597 2802 511 1 10 0
13 94020 2806 3147 1 42 0
13 65270 2806 3579 1 2 1
13 167580 2807 3312 1 17 0
13 74251 2807 3294 1 49 1
13 88722 2812 4212 1 25 0
13 176313 2815 380 1 45 0
13 128833 2815 3020 1 13 0
13 92344 2817 4154 1 11 1
13 131627 2817 5897 1 24 0
13 129756 2820 4237 1 51 0
13 129461 2826 3084 1 21 0
13 177193 2828 7461 1 41 1
13 114132 2830 1500 1 48 1
13 91552 2830 475 1 24 1
13 112669 2831 161 1 45 1
13 127199 2843 3468 1 23 1
13 109698 2844 2354 1 41 1
13 178045 2853 7280 1 34 0
13 142799 2854 3618 1 51 0
13 159353 2861 4285 1 48 0
13 85302 2863 838 1 40 1
13 173497 2876 3935 1 9 1
13 177204 2882 10138 1 6 0
13 84700 2887 4902 1 6 1
13 145062 2889 8678 1 8 0
13 67423 2901 776 1 43 1
13 143388 2901 1633 1 2 1
13 141530 2904 6244 1 6 1
13 173664 2905 9690 1 48 1
13 157792 2907 3538 1 10 1
13 176939 2908 360 1 5 1
13 148745 2908 8492 1 19 0
13 112787 2908 4709 1 15 1
13 174137 2909 4449 1 7 1
13 138534 2913 5790 1 37 1
13 138849 2916 5980 1 18 0
13 99147 2917 215 1 42 1
13 137559 2917 4171 1 50 1
13 126055 2919 6875 1 31 1
13 87619 2922 942 1 26 1
13 157989 2931 1138 1 11 0
13 64582 2932 3838 1 33 0
13 99460 2932 1531 1 19 1
13 148985 2933 5469 1 3 0
13 160152 2933 2028 1 23 1
13 105899 2934 1763 1 36 1
13 106581 2940 1523 1 32 1
13 171156 2947 6170 1 46 0
13 128480 2951 4911 1 23 1
13 102353 2955 1515 1 30 1
13 65409 2957 2166 1 45 1
13 155306 2962 392 1 27 0
13 90093 2968 1201 1 35 1
13 133710 2969 7443 1 15 1
13 108312 2971 2306 1 27 1
13 125021 2975 1463 1 8 0
13 86889 2975 4929 1 47 0
13 159246 2979 6075 1 40 0
13 170932 2982 5557 1 35 1
13 95475 2991 3855 1 31 1
13 105058 2993 4055 1 29 0
13 168583 2996 4317 1 10 0
13 82461 2997 708 1 20 1
13 92224 3001 5132 1 9 0
13 68694 3002 2260 1 1 0
13 94165 3006 5027 1 19 0
13 147764 3009 4668 1 2 1
13 93259 3010 3407 1 3 0
13 128294 3012 1793 1 18 0
13 78241 3013 3670 1 8 0
13 132657 3016 3396 1 24 1
13 82146 3021 1901 1 21 0
13 123436 3031 3319 1 14 0
13 124215 3037 354 1 28 1
13 169372 3040 10065 1 14 0
13 97524 3041 3856 1 41 0
13 152516 3043 3305 1 41 0
13 156620 3044 5351 1 6 0
13 176885 3046 1845 1 27 0
13 60600 3047 1904 1 41 1
13 155782 3048 5504 1 16 0
13 122765 3052 895 1 48 1
13 97541 3055 1124 1 44 1
13 109289 3055 1084 1 47 1
13 174147 3057 8083 1 26 0
13 157748 3063 4808 1 37 0
13 84327 3064 2724 1 20 1
13 81864 3064 2971 1 4 1
13 166774 3065 9102 1 4 0
13 97570 3067 5501 1 41 0
13 148895 3069 4642 1 50 0
13 106045 3070 170 1 14 1
13 120602 3070 6194 1 37 0
13 133577 3071 5427 1 14 1
13 78822 3071 2332 1 4 0
13 78239 3073 1620 1 24 0
13 85861 3074 4810 1 45 0
13 178803 3077 6969 1 10 0
13 157287 3078 6238 1 28 0
13 115395 3078 3519 1 40 1
13 169077 3078 9056 1 24 0
13 72130 3079 3422 1 43 1
13 127827 3081 3207 1 33 0
13 73612 3082 916 1 5 1
13 65695 3085 2985 1 17 1
13 177384 3085 3726 1 25 1
13 154598 3087 7365 1 48 0
13 178419 3090 6317 1 38 0
13 156572 3093 713 1 4 0
13 116436 3095 755 1 32 0
13 153040 3095 992 1 30 0
13 107293 3097 2359 1 10 1
13 163147 3099 2670 1 49 0
13 122696 3103 845 1 2 0
13 120372 3107 4500 1 37 1
13 110024 3109 2743 1 19 1
13 62014 3111 3034 1 16 1
13 157693 3113 6380 1 20 0
13 177365 3120 5387 1 46 0
13 71402 3124 3048 1 45 0
13 98697 3125 3159 1 6 1
13 81329 3125 822 1 27 0
13 147190 3129 7521 1 5 1
13 78836 3130 4089 1 25 0
13 112906 3130 1027 1 1 1
13 90617 3132 1894 1 49 1
13 109875 3135 6447 1 47 1
13 123013 3139 2636 1 16 0
13 179473 3144 7223 1 15 1
13 96654 3152 306 1 20 0
13 84380 3153 903 1 36 0
13 75857 3155 270 1 45 1
13 119469 3155 2933 1 31 0
13 83264 3156 1864 1 12 1
13 115339 3158 3722 1 38 0
13 62168 3159 136 1 51 0
13 130354 3160 3366 1 47 1
13 114615 3160 3837 1 12 0
13 105122 3164 4785 1 3 1
13 141712 3166 4301 1 43 0
13 152933 3171 6265 1 24 1
13 134749 3172 3057 1 42 1
13 126991 3174 5926 1 24 0
13 169440 3176 1157 1 46 1
13 168058 3182 1556 1 45 1
13 106928 3182 5797 1 43 1
13 164520 3182 8206 1 31 0
13 159472 3183 5037 1 51 0
13 178816 3183 10070 1 10 0
13 85317 3184 893 1 42 1
13 64281 3185 107 1 48 0
13 68277 3185 3158 1 40 0
13 130490 3186 516 1 37 0
13 85755 3187 2351 1 12 0
13 178790 3188 6444 1 12 1
13 89701 3188 2576 1 30 0
13 169994 3191 8623 1 22 1
13 144118 3191 1468 1 11 0
13 96296 3196 3508 1 19 1
13 86362 3197 4145 1 45 0
13 105877 3203 504 1 20 1
13 154885 3209 4357 1 11 1
13 107814 3218 6426 1 51 1
13 91309 3221 1613 1 42 0
13 109407 3225 3671 1 48 1
13 76672 3226 3904 1 46 1
13 162973 3226 7264 1 16 1
13 64052 3230 836 1 23 1
13 110783 3235 3994 1 33 1
13 125702 3236 1877 1 16 1
13 70277 3240 3293 1 1 1
13 179762 3242 7028 1 16 0
13 122723 3248 1999 1 19 1
13 144851 3249 8113 1 14 0
13 173698 3253 6409 1 6 0
13 134753 3258 4866 1 7 1
13 61957 3260 832 1 31 1
13 82178 3260 1988 1 27 0
13 123556 3263 1811 1 11 1
13 176739 3265 8805 1 5 0
13 155428 3266 1539 1 26 1
13 153061 3268 8074 1 40 1
13 66604 3273 2327 1 38 0
13 122058 3281 2974 1 22 1
13 142043 3283 1463 1 23 0
13 97086 3284 837 1 14 1
13 70637 3285 1896 1 42 0
13 148798 3290 5066 1 32 1
13 104398 3297 3422 1 8 0
13 125383 3297 1519 1 38 1
13 123715 3301 5462 1 36 0
13 154494 3303 9084 1 14 0
13 103941 3307 515 1 47 1
13 129348 3310 7284 1 21 0
13 124950 3315 1692 1 7 1
13 148746 3316 4918 1 6 1
13 141126 3319 5116 1 11 0
13 62178 3321 1525 1 7 1
13 152950 3324 4554 1 5 0
13 95217 3329 1192 1 3 1
13 148905 3332 4961 1 18 0
13 83928 3333 4483 1 31 1
13 124980 3334 1154 1 29 1
13 111373 3336 6277 1 34 0
13 145026 3337 2075 1 10 1
13 109429 3337 1691 1 40 0
13 110747 3340 6176 1 20 1
13 157712 3348 7402 1 43 1
13 83406 3349 3724 1 4 1
13 126476 3351 2614 1 32 1
13 149695 3352 1195 1 8 1
13 71695 3352 2448 1 8 0
13 139065 3352 7977 1 2 1
13 156112 3361 5997 1 20 0
13 174286 3361 4645 1 11 1
13 60216 3362 1568 1 30 1
13 122634 3364 2331 1 27 1
13 85923 3364 937 1 34 1
13 105030 3364 3413 1 50 0
13 177467 3369 806 1 13 0
13 67662 3371 1899 1 11 0
13 80852 3372 2276 1 48 0
13 138437 3375 5877 1 13 0
13 67868 3381 1110 1 14 1
13 104398 3384 3927 1 47 1
13 138378 3384 7213 1 29 0
13 173555 3386 5458 1 12 1
13 138179 3389 2378 1 2 1
13 117786 3392 3136 1 48 0
13 147948 3393 6013 1 9 1
13 95514 3400 4874 1 14 1
13 166682 3405 7771 1 40 0
13 100980 3406 1870 1 49 1
13 91674 3409 676 1 50 1
13 179455 3409 817 1 1 1
13 104480 3410 5457 1 8 1
13 61981 3410 1360 1 9 0
13 148627 3412 302 1 26 1
13 123778 3413 5385 1 21 0
13 175547 3415 3136 1 10 0
13 91426 3416 2964 1 24 1
13 178513 3417 5750 1 25 0
13 111343 3417 5286 1 17 0
13 174621 3420 9303 1 3 1
13 117530 3422 2442 1 17 0
13 124527 3424 148 1 35 1
13 125154 3428 6963 1 23 1
13 93143 3429 1615 1 4 0
13 157483 3431 4727 1 46 0
13 168260 3435 6276 1 20 0
13 81340 3437 1010 1 34 1
13 76760 3440 2230 1 40 0
13 148401 3444 7944 1 48 1
13 103898 3454 6167 1 6 0
13 156610 3454 4697 1 30 0
13 136896 3458 3430 1 38 1
13 170916 3460 8239 1 50 1
13 84747 3464 4701 1 33 1
13 161445 3465 9522 1 48 0
13 164203 3466 9804 1 8 0
13 101844 3467 805 1 41 0
13 79375 3468 3238 1 8 1
13 127739 3470 4861 1 49 1
13 176773 3472 3839 1 40 1
13 84845 3473 1548 1 50 0
13 65059 3480 3846 1 20 0
13 179797 3481 3626 1 35 1
13 142706 3483 7047 1 15 1
13 152215 3489 7372 1 42 1
13 152645 3492 5823 1 9 0
13 115877 3493 3149 1 3 1
13 104932 3494 5626 1 24 0
13 106171 3497 882 1 28 1
13 162497 3502 6934 1 35 0
13 148754 3505 2363 1 2 1
13 68608 3507 2632 1 25 0
13 97891 3508 5081 1 30 0
13 134307 3508 6925 1 33 1
13 178583 3509 3457 1 27 1
13 125554 3511 3698 1 28 0
13 179693 3511 1616 1 41 0
13 130673 3511 5986 1 48 0
13 171689 3511 520 1 19 0
13 154620 3513 2732 1 36 1
13 98166 3515 4973 1 7 1
13 178917 3516 6414 1 38 0
13 95368 3517 1733 1 46 0
13 159765 3518 9290 1 38 0
13 155022 3520 3232 1 5 1
13 139828 3524 7259 1 7 0
13 99344 3527 5014 1 15 1
13 99429 3527 2070 1 42 0
13 111422 3527 4204 1 50 1
13 114938 3533 6134 1 40 1
13 127325 3533 3475 1 45 1
13 128095 3536 5902 1 10 0
13 101517 3537 2049 1 28 1
13 148532 3539 6615 1 5 0
13 154315 3544 3999 1 32 0
13 138235 3545 2540 1 51 0
13 122300 3548 3587 1 13 1
13 138072 3550 6042 1 10 0
13 127441 3551 6091 1 43 1
13 146835 3551 2842 1 8 0
13 75697 3552 1730 1 12 1
13 115365 3555 1792 1 30 1
13 169608 3556 6488 1 45 1
13 88005 3558 929 1 22 0
13 67990 3560 3398 1 24 1
13 126000 3564 6515 1 43 1
13 135880 3564 6897 1 19 0
13 109265 3566 6232 1 33 1
13 119957 3566 1913 1 13 0
13 158685 3570 682 1 6 1
13 89742 3574 5322 1 5 0
13 146530 3575 404 1 15 0
13 177268 3577 4818 1 6 0
13 135740 3577 286 1 24 0
13 161109 3577 1614 1 11 0
13 168683 3584 4734 1 15 1
13 156311 3586 5631 1 47 0
13 168423 3587 502 1 31 0
13 136879 3587 2174 1 5 0
13 142988 3588 6974 1 35 1
13 129415 3594 1484 1 29 0
13 119153 3597 3852 1 21 1
13 79302 3599 996 1 13 1
