1500
16 82694 1 3337 1 34 0
16 117781 5 5189 1 27 0
16 179093 9 4146 1 10 0
16 158029 9 2695 1 34 0
16 130858 14 6806 1 29 1
16 121982 17 6704 1 13 1
16 88156 20 2392 1 49 0
16 110942 21 6061 1 18 0
16 77912 28 4342 1 27 0
16 133663 29 4152 1 25 1
16 173621 30 2640 1 31 0
16 122556 32 2927 1 9 0
16 80499 33 4599 1 39 1
16 99873 37 1344 1 37 1
16 90107 39 3142 1 47 0
16 169027 40 767 1 40 0
16 176424 43 2997 1 45 1
16 82209 44 674 1 11 1
16 108154 44 6164 1 20 0
16 108202 45 2730 1 49 1
16 156995 47 4531 1 25 0
16 166692 47 2115 1 24 1
16 90597 48 4334 1 7 1
16 164143 54 5467 1 2 1
16 84252 56 1232 1 35 0
16 147817 57 7246 1 36 1
16 91477 58 4659 1 27 0
16 84438 59 3541 1 43 0
16 101085 60 1991 1 44 0
16 67345 62 842 1 14 1
16 137957 66 6694 1 25 0
16 63435 66 513 1 22 0
16 127648 67 6673 1 20 1
16 118961 67 944 1 26 0
16 139679 74 7847 1 35 1
16 171785 75 9694 1 9 1
16 63978 76 2668 1 9 1
16 142457 84 2589 1 28 1
16 110851 88 2702 1 4 0
16 108179 89 3646 1 51 0
16 113062 95 3005 1 48 0
16 62529 98 1551 1 4 0
16 135970 99 5212 1 44 0
16 165841 102 7098 1 33 0
16 152373 103 6159 1 29 0
16 137117 103 4730 1 2 0
16 90926 105 2595 1 43 0
16 61782 110 1296 1 45 1
16 137166 118 5158 1 32 0
16 72095 119 3450 1 2 0
16 105625 119 1728 1 22 1
16 102527 119 1409 1 38 1
16 144068 122 3530 1 8 1
16 161909 127 6869 1 26 0
16 62847 130 1854 1 10 0
16 112880 142 3870 1 18 1
16 145232 144 8183 1 36 1
16 121922 147 3731 1 49 1
16 60754 151 1155 1 36 1
16 173473 154 3525 1 51 1
16 113119 156 2765 1 37 1
16 151044 164 1993 1 11 1
16 159883 172 8395 1 44 1
16 92949 173 4364 1 11 0
16 72565 175 3061 1 14 1
16 159536 180 569 1 39 1
16 168863 181 7809 1 19 0
16 153855 183 6606 1 50 1
16 148050 185 976 1 50 1
16 144584 185 1272 1 20 1
16 139407 188 5290 1 19 1
16 125592 189 552 1 38 0
16 172327 193 7774 1 5 0
16 157428 194 8027 1 10 1
16 146445 194 6670 1 2 1
16 70215 197 2796 1 37 1
16 77511 199 2866 1 5 1
16 149447 200 3185 1 30 0
16 79839 203 1484 1 31 1
16 79168 204 807 1 3 1
16 164355 205 1232 1 49 1
16 170161 205 8790 1 38 1
16 94110 208 3539 1 30 1
16 61145 208 1719 1 30 0
16 139333 209 3814 1 25 1
16 165841 213 3309 1 27 0
16 87005 213 1022 1 24 0
16 110409 214 4202 1 9 1
16 158562 215 6513 1 28 0
16 138070 223 3925 1 7 0
16 108686 223 1053 1 48 1
16 72408 228 2338 1 33 1
16 73934 229 408 1 22 0
16 64779 230 3817 1 38 0
16 179910 232 6502 1 36 0
16 90844 234 754 1 49 0
16 117509 235 1746 1 40 0
16 132254 235 1570 1 32 0
16 144713 235 4676 1 25 1
16 141880 237 468 1 37 1
16 76440 238 1122 1 46 0
16 171331 245 7352 1 48 1
16 109240 248 4847 1 35 0
16 80390 249 4419 1 20 0
16 166937 249 8180 1 45 1
16 169328 252 1261 1 36 1
16 165206 253 4607 1 11 0
16 135133 260 6927 1 44 1
16 72845 260 590 1 46 0
16 127144 264 2374 1 6 1
16 116931 264 4306 1 21 1
16 159375 264 8199 1 24 1
16 108236 268 910 1 1 0
16 100881 269 3462 1 14 0
16 176913 270 8934 1 31 1
16 121794 270 839 1 27 1
16 161291 271 755 1 17 1
16 158308 275 5064 1 47 0
16 170771 277 3969 1 14 0
16 72701 279 841 1 51 0
16 109417 279 1313 1 43 1
16 136073 283 4616 1 25 0
16 135166 284 7907 1 17 0
16 168399 286 6819 1 11 0
16 69860 287 3131 1 48 1
16 123332 288 4180 1 21 0
16 86067 289 4695 1 12 1
16 104902 289 652 1 37 0
16 126136 290 5717 1 33 1
16 85957 292 2515 1 5 0
16 95960 292 3352 1 32 1
16 157828 293 5244 1 27 0
16 64159 293 2346 1 30 1
16 169276 295 3686 1 36 1
16 116590 304 163 1 9 0
16 140783 305 2348 1 32 0
16 81434 309 2572 1 33 1
16 111157 315 2082 1 47 1
16 89976 319 5077 1 39 1
16 130645 319 2793 1 21 0
16 125165 324 2939 1 48 1
16 143108 324 3752 1 24 0
16 74512 325 3131 1 2 0
16 164802 331 9381 1 24 1
16 171119 341 8644 1 8 0
16 113572 342 4572 1 2 0
16 146239 343 2423 1 35 1
16 94533 344 5176 1 44 1
16 165269 347 4660 1 6 1
16 149118 351 1308 1 30 1
16 102007 355 4528 1 6 1
16 69020 355 3951 1 24 1
16 124318 355 2634 1 35 1
16 156938 359 6991 1 46 0
16 125536 361 6293 1 4 0
16 129619 361 3957 1 14 0
16 166953 371 1230 1 26 0
16 143502 374 1442 1 38 1
16 118896 375 2405 1 24 1
16 74401 376 230 1 6 1
16 160290 378 2343 1 35 0
16 117291 380 2147 1 15 1
16 91310 381 2319 1 51 1
16 158752 384 2735 1 27 0
16 163664 387 4357 1 47 1
16 117933 389 2140 1 17 0
16 60685 390 2443 1 40 0
16 172025 390 5333 1 9 1
16 154136 392 9191 1 25 1
16 179900 393 5287 1 8 0
16 124286 394 1115 1 29 0
16 148942 395 2560 1 19 0
16 145991 395 6537 1 31 0
16 81639 397 4681 1 30 0
16 75150 397 4144 1 1 0
16 105236 398 5884 1 5 0
16 107472 399 1815 1 46 0
16 147773 404 315 1 44 0
16 111092 405 2722 1 22 0
16 167291 407 7003 1 38 1
16 140836 407 4411 1 1 0
16 90526 409 1049 1 31 0
16 104844 415 1251 1 11 0
16 104433 418 5134 1 47 1
16 132209 419 5156 1 10 0
16 173857 421 5335 1 48 0
16 167961 423 1838 1 33 0
16 149595 425 8762 1 28 1
16 178604 426 10520 1 32 0
16 143748 431 6036 1 31 0
16 179531 435 2814 1 13 1
16 99127 436 3407 1 22 1
16 147328 436 2495 1 24 0
16 172317 438 5156 1 19 1
16 114864 440 4856 1 38 0
16 156034 440 8871 1 21 0
16 114538 448 3264 1 8 1
16 78924 450 2168 1 43 1
16 160271 460 3953 1 26 0
16 84819 460 259 1 26 0
16 91935 461 5468 1 9 0
16 126078 462 5842 1 26 0
16 143235 462 7589 1 21 1
16 128219 463 2411 1 29 1
16 102967 464 861 1 18 0
16 164985 467 2263 1 6 0
16 177360 467 10477 1 21 1
16 74685 468 889 1 5 1
16 105433 471 2444 1 2 0
16 148435 472 2021 1 16 0
16 171842 479 5505 1 15 0
16 162381 480 1718 1 15 1
16 145837 484 6798 1 28 1
16 165044 486 7970 1 29 0
16 84425 495 3877 1 16 1
16 111129 495 5012 1 25 1
16 176421 501 559 1 42 0
16 107344 502 301 1 37 0
16 132777 503 7554 1 10 1
16 112420 506 5049 1 48 1
16 121193 506 4916 1 31 0
16 152928 506 5564 1 45 1
16 145268 507 3243 1 32 0
16 151274 508 4302 1 11 0
16 144512 514 8113 1 39 1
16 130034 515 879 1 14 1
16 89960 516 3838 1 41 1
16 152977 517 371 1 35 1
16 156110 519 3979 1 2 0
16 168165 522 3473 1 22 0
16 159776 523 6684 1 15 0
16 151808 526 5254 1 10 0
16 161265 528 4426 1 37 0
16 101635 532 5866 1 24 1
16 98971 534 1707 1 26 0
16 112468 536 4359 1 34 0
16 75102 537 1041 1 47 1
16 139557 539 7856 1 46 0
16 87895 539 4169 1 23 1
16 80298 540 2560 1 20 1
16 66385 543 1928 1 24 1
16 96187 544 5192 1 10 1
16 69716 545 2419 1 40 0
16 110774 546 4551 1 50 0
16 160704 550 8798 1 44 0
16 179567 552 8537 1 34 0
16 156297 553 3657 1 38 0
16 141927 557 2782 1 8 0
16 166459 558 6524 1 46 0
16 96277 560 5491 1 14 0
16 125251 560 6381 1 15 0
16 79767 563 4061 1 36 0
16 72231 569 4087 1 21 1
16 157220 571 8917 1 19 1
16 158585 573 4488 1 41 0
16 171119 574 9678 1 7 0
16 158095 577 7446 1 5 1
16 137930 579 5514 1 13 1
16 93243 582 3597 1 15 1
16 165361 582 6140 1 33 1
16 169890 584 9743 1 51 0
16 79909 585 3497 1 16 0
16 83926 586 379 1 32 1
16 104302 589 4297 1 25 0
16 114680 593 6717 1 36 0
16 148184 594 2007 1 35 0
16 136038 597 1344 1 5 1
16 119828 600 3262 1 2 1
16 132330 607 6234 1 46 0
16 62735 607 2446 1 23 1
16 148432 612 3299 1 7 1
16 92878 616 4859 1 26 1
16 148761 621 3708 1 47 1
16 65825 621 1007 1 20 0
16 128361 621 4216 1 20 1
16 88080 624 4909 1 16 0
16 166451 625 2597 1 18 1
16 66711 626 3438 1 20 0
16 155237 628 8068 1 47 0
16 89891 628 4455 1 44 1
16 121159 629 6043 1 25 1
16 93978 633 2750 1 42 1
16 134525 635 7997 1 40 1
16 162733 640 1164 1 21 1
16 175476 642 7417 1 31 1
16 154965 642 5995 1 8 0
16 101689 644 5787 1 34 0
16 161644 646 8621 1 7 1
16 70930 648 651 1 42 1
16 164617 649 3134 1 50 0
16 143127 651 6607 1 27 1
16 111652 657 5255 1 4 0
16 94012 665 4007 1 21 0
16 80814 665 1884 1 2 1
16 81079 667 1763 1 12 1
16 150398 667 2186 1 43 1
16 124992 668 6977 1 14 1
16 63632 669 225 1 1 0
16 69476 678 564 1 33 1
16 109049 682 2802 1 23 0
16 165874 686 1349 1 13 1
16 172660 686 5975 1 49 1
16 143066 686 7503 1 34 0
16 177002 688 582 1 18 1
16 139275 689 5403 1 18 0
16 109305 690 241 1 29 1
16 137929 693 3283 1 1 0
16 76153 695 4404 1 45 0
16 101722 696 3117 1 26 0
16 101000 696 3593 1 3 1
16 173634 697 1997 1 43 1
16 147911 699 2475 1 44 1
16 85086 699 352 1 50 0
16 160515 700 5529 1 12 1
16 65898 700 973 1 10 1
16 104156 704 3426 1 14 0
16 156868 707 6826 1 26 1
16 131870 708 1100 1 7 0
16 174097 721 7853 1 46 1
16 152943 723 6766 1 47 0
16 77273 725 2646 1 48 1
16 68623 726 2623 1 37 1
16 149545 728 2780 1 36 0
16 137743 730 3447 1 14 1
16 146128 730 5977 1 5 0
16 165351 737 9877 1 11 1
16 149213 740 6742 1 32 1
16 84861 742 149 1 5 1
16 101639 745 979 1 39 1
16 163417 745 9403 1 4 0
16 96348 747 5110 1 11 1
16 140324 749 3283 1 3 0
16 138579 749 1753 1 35 1
16 158593 750 7675 1 15 0
16 119250 755 3282 1 19 0
16 128067 760 4623 1 15 1
16 148346 761 7923 1 5 0
16 135305 761 5401 1 10 1
16 142774 762 709 1 45 1
16 176962 763 1163 1 28 0
16 65197 765 2714 1 18 1
16 75337 766 397 1 20 0
16 158194 766 8074 1 40 1
16 120941 771 3628 1 5 1
16 77453 773 3796 1 11 0
16 147565 775 6455 1 26 0
16 135241 776 530 1 6 0
16 93054 779 1703 1 19 0
16 85279 780 2431 1 18 1
16 145078 782 3411 1 3 0
16 132370 784 1448 1 27 0
16 169512 788 3039 1 37 0
16 177121 791 6983 1 25 0
16 177876 800 8484 1 50 0
16 64952 803 1567 1 43 0
16 175167 808 7225 1 35 0
16 64664 811 1026 1 1 0
16 135001 813 7199 1 24 0
16 146029 815 772 1 36 0
16 75921 818 1485 1 30 1
16 63229 831 212 1 47 0
16 158470 834 8456 1 34 0
16 108937 834 2370 1 14 0
16 161731 842 5298 1 22 1
16 150869 842 2014 1 39 1
16 141729 842 5170 1 9 0
16 102054 842 1597 1 20 1
16 109500 847 1471 1 41 0
16 91323 850 1418 1 19 1
16 121892 851 1855 1 25 0
16 177347 853 7647 1 13 1
16 138213 855 7234 1 34 1
16 73088 857 2586 1 7 0
16 179130 859 537 1 48 1
16 155226 865 9236 1 8 0
16 157015 870 8486 1 48 1
16 78346 871 2326 1 41 1
16 128711 872 1345 1 44 0
16 153457 873 7341 1 13 1
16 176177 874 8586 1 48 1
16 152620 874 1947 1 25 0
16 145287 874 8066 1 1 1
16 149255 882 1732 1 38 0
16 68790 884 3838 1 20 0
16 172120 884 6444 1 34 1
16 142760 886 5876 1 31 1
16 161958 888 6638 1 20 0
16 98233 893 995 1 36 0
16 72167 896 851 1 12 1
16 128983 899 1639 1 2 0
16 169305 906 2548 1 37 0
16 128327 906 5917 1 51 1
16 120129 908 4710 1 43 0
16 79674 910 4563 1 28 1
16 93890 911 2287 1 51 1
16 136905 913 4962 1 25 0
16 65761 915 3099 1 39 0
16 125576 917 5157 1 51 0
16 81632 919 1796 1 49 1
16 80174 922 1026 1 2 0
16 150728 923 7505 1 39 1
16 90440 925 1459 1 38 1
16 131281 929 5243 1 44 1
16 89698 931 4304 1 2 1
16 107884 931 1492 1 35 1
16 102811 933 1537 1 33 1
16 127135 939 5769 1 38 0
16 140827 941 7315 1 40 1
16 61269 942 3220 1 25 1
16 145177 943 4496 1 37 1
16 101382 945 493 1 49 1
16 116972 949 3185 1 45 1
16 121356 955 2880 1 1 0
16 82157 957 444 1 19 0
16 67717 960 1908 1 32 1
16 87588 963 190 1 41 0
16 151115 966 6199 1 38 1
16 128114 968 4324 1 1 1
16 119076 970 6715 1 32 1
16 166518 973 4564 1 23 1
16 141114 974 6076 1 28 0
16 112428 981 6357 1 6 0
16 100502 982 4108 1 45 0
16 128997 986 4390 1 13 0
16 130354 987 1896 1 27 0
16 165018 991 2511 1 8 1
16 88395 995 2010 1 30 1
16 179072 996 2243 1 30 0
16 124529 996 4179 1 23 0
16 131404 1002 2525 1 9 0
16 112801 1008 5525 1 37 1
16 86239 1009 4575 1 25 1
16 171634 1011 7098 1 10 1
16 167832 1012 2852 1 9 1
16 162351 1013 9312 1 2 0
16 136654 1013 6953 1 3 0
16 135786 1014 3584 1 11 0
16 116759 1016 2201 1 15 1
16 85186 1020 4736 1 14 0
16 82006 1022 4101 1 30 1
16 62953 1023 258 1 16 1
16 146699 1023 8304 1 28 0
16 172903 1028 695 1 44 0
16 104338 1032 840 1 1 1
16 113579 1034 2506 1 10 1
16 132284 1039 6684 1 24 1
16 136169 1039 7961 1 5 0
16 126384 1039 6005 1 20 0
16 123754 1040 5087 1 15 0
16 106309 1046 3779 1 25 0
16 106176 1048 4933 1 48 1
16 129546 1048 7486 1 2 1
16 79268 1051 867 1 2 0
16 106190 1053 5128 1 1 0
16 113562 1053 5367 1 18 0
16 91293 1054 2930 1 40 1
16 75944 1058 3490 1 4 1
16 165045 1060 7920 1 42 1
16 82049 1063 2911 1 46 0
16 121111 1065 3697 1 23 0
16 173881 1068 4577 1 18 1
16 143775 1071 2952 1 44 0
16 68450 1073 3560 1 14 0
16 83494 1073 1720 1 5 1
16 179509 1074 3856 1 35 1
16 114837 1074 5721 1 16 0
16 130306 1075 7693 1 47 1
16 137932 1079 7879 1 16 1
16 115393 1080 2303 1 2 0
16 83260 1080 587 1 18 1
16 127118 1081 4707 1 15 1
16 178350 1087 9383 1 44 0
16 170335 1087 9514 1 32 1
16 136046 1091 195 1 34 1
16 156341 1093 261 1 23 1
16 128705 1102 5385 1 24 1
16 98443 1104 4754 1 25 0
16 167519 1104 7929 1 20 1
16 93515 1107 4948 1 8 0
16 82097 1109 4661 1 47 1
16 104373 1109 3797 1 24 1
16 111847 1113 4015 1 43 1
16 92912 1115 5233 1 35 1
16 167925 1122 7899 1 12 0
16 79295 1123 626 1 32 0
16 115626 1124 4933 1 15 0
16 125820 1132 6895 1 10 1
16 151898 1137 947 1 13 1
16 86967 1137 1091 1 12 1
16 148576 1137 7373 1 33 1
16 72541 1140 1066 1 28 1
16 116217 1141 5317 1 44 1
16 175235 1146 1817 1 15 1
16 100696 1156 4435 1 39 1
16 176314 1157 891 1 42 1
16 111492 1157 1419 1 10 1
16 140243 1159 2246 1 35 1
16 78674 1159 821 1 8 1
16 97181 1163 1425 1 26 1
16 140268 1167 5875 1 29 0
16 95839 1171 405 1 26 1
16 139481 1172 410 1 26 1
16 103922 1174 2345 1 32 1
16 176417 1174 9561 1 47 0
16 99747 1177 5934 1 11 0
16 154941 1177 7433 1 16 1
16 100079 1183 4533 1 17 0
16 123741 1185 275 1 1 1
16 172253 1186 6504 1 28 0
16 64301 1187 282 1 8 1
16 111355 1190 742 1 14 0
16 151941 1191 5628 1 15 0
16 152564 1196 1541 1 38 0
16 136628 1199 1202 1 27 0
16 142838 1199 2849 1 6 1
16 176054 1204 3972 1 23 0
16 79458 1205 1374 1 29 0
16 77144 1205 3690 1 35 1
16 152078 1205 4901 1 4 1
16 84310 1206 2787 1 42 1
16 179077 1208 3862 1 43 0
16 78464 1217 638 1 14 1
16 85574 1223 523 1 38 1
16 71240 1224 3731 1 44 0
16 96507 1229 5161 1 18 0
16 79918 1231 4176 1 13 0
16 160344 1232 3561 1 21 0
16 73826 1234 2127 1 35 1
16 131508 1237 5027 1 40 0
16 141052 1238 4128 1 3 1
16 111187 1242 2295 1 39 0
16 155024 1243 4384 1 43 1
16 65155 1245 104 1 40 0
16 74308 1248 3204 1 23 1
16 173881 1248 4083 1 12 0
16 154493 1248 5857 1 47 0
16 130665 1248 852 1 14 0
16 61115 1259 3207 1 50 0
16 115256 1264 6154 1 27 0
16 123174 1268 1758 1 14 0
16 89805 1270 1215 1 3 1
16 118472 1270 486 1 7 1
16 68861 1271 1919 1 49 0
16 110358 1272 2910 1 3 1
16 168685 1276 3473 1 40 1
16 135575 1276 5260 1 8 1
16 69316 1283 3902 1 45 0
16 105643 1287 2565 1 13 0
16 95640 1289 2243 1 27 1
16 72774 1291 771 1 34 1
16 71757 1292 3902 1 47 0
16 83390 1292 1333 1 44 1
16 164045 1295 2811 1 1 1
16 134144 1297 3772 1 37 0
16 149928 1300 1866 1 6 0
16 88872 1305 1846 1 5 0
16 115742 1314 4192 1 36 1
16 104747 1314 5394 1 14 1
16 114356 1322 1959 1 4 1
16 78585 1327 1713 1 28 0
16 115692 1327 5917 1 12 0
16 149524 1327 3344 1 18 0
16 123800 1333 3374 1 1 0
16 84239 1334 505 1 32 0
16 176492 1339 5685 1 29 0
16 151822 1342 5293 1 8 1
16 177486 1347 1996 1 17 1
16 97900 1347 4873 1 37 0
16 86118 1351 5082 1 9 0
16 149450 1353 1964 1 51 0
16 71853 1357 4027 1 16 1
16 81965 1358 3552 1 13 1
16 70813 1358 3746 1 9 1
16 66075 1364 2163 1 22 1
16 142141 1365 2651 1 44 1
16 137513 1367 2601 1 26 1
16 65651 1367 2584 1 22 1
16 124718 1368 4192 1 36 0
16 117233 1370 5428 1 9 0
16 107650 1371 6064 1 13 1
16 165693 1371 9183 1 18 0
16 155184 1373 4298 1 14 1
16 108475 1373 5011 1 18 1
16 134660 1374 5589 1 49 1
16 136696 1375 6447 1 28 0
16 175301 1376 1875 1 4 1
16 139666 1379 3470 1 36 1
16 83165 1381 4203 1 6 0
16 68062 1382 1455 1 48 0
16 108057 1382 1569 1 18 0
16 118123 1385 3550 1 18 0
16 66482 1385 2305 1 31 0
16 173457 1388 6958 1 16 1
16 85807 1389 4792 1 22 1
16 146764 1395 2743 1 48 1
16 89663 1400 2007 1 20 1
16 71435 1400 3418 1 50 0
16 133401 1401 801 1 3 0
16 101916 1401 5287 1 42 0
16 155369 1401 694 1 47 1
16 126058 1403 1041 1 7 1
16 66215 1405 2919 1 3 0
16 65855 1405 1799 1 14 1
16 78376 1407 2700 1 9 0
16 97207 1408 652 1 48 1
16 79860 1408 1750 1 49 1
16 75786 1413 3216 1 32 1
16 128237 1422 4976 1 42 1
16 123732 1423 4587 1 4 1
16 128184 1423 4038 1 43 0
16 170157 1431 8157 1 10 0
16 149320 1431 1400 1 7 1
16 173912 1444 10356 1 37 0
16 129430 1446 2702 1 18 0
16 81398 1448 814 1 10 1
16 97197 1455 2299 1 3 0
16 70778 1457 1846 1 13 1
16 124110 1459 3282 1 31 1
16 92889 1464 174 1 13 0
16 157600 1467 2524 1 12 0
16 127289 1468 1169 1 48 1
16 90454 1472 4158 1 4 0
16 136707 1474 935 1 34 0
16 113354 1474 497 1 30 1
16 161250 1479 6547 1 9 0
16 70171 1484 1074 1 12 1
16 115551 1484 6712 1 28 1
16 171932 1489 9190 1 4 0
16 75524 1492 1584 1 12 1
16 69860 1494 110 1 25 0
16 171241 1495 4004 1 38 0
16 103878 1497 214 1 19 1
16 143408 1497 7455 1 39 1
16 116973 1498 2742 1 20 1
16 92918 1504 371 1 20 1
16 147425 1504 4525 1 3 0
16 130364 1504 5433 1 36 1
16 164046 1507 412 1 14 0
16 155803 1509 5340 1 42 1
16 127718 1509 5429 1 5 1
16 95586 1516 2148 1 45 1
16 131596 1525 4434 1 50 1
16 155321 1527 6864 1 25 1
16 150388 1527 2947 1 24 1
16 65067 1529 1216 1 36 0
16 171190 1531 10214 1 13 1
16 126858 1531 6416 1 41 0
16 156309 1533 1439 1 48 1
16 109129 1534 2717 1 49 1
16 136299 1537 2570 1 29 0
16 122210 1540 2557 1 7 1
16 167800 1540 8715 1 15 1
16 130306 1542 7084 1 19 1
16 94525 1543 1355 1 9 1
16 63941 1544 1594 1 44 0
16 62354 1545 449 1 8 1
16 152788 1549 7340 1 50 1
16 171715 1549 6587 1 40 1
16 109389 1550 864 1 42 1
16 94909 1551 4551 1 38 1
16 157859 1551 3490 1 30 1
16 122508 1554 7043 1 25 0
16 111652 1561 3596 1 49 0
16 80355 1566 4018 1 37 1
16 90810 1567 2958 1 4 1
16 173301 1574 1197 1 44 0
16 116183 1576 815 1 4 0
16 178964 1581 3165 1 36 1
16 116343 1581 3607 1 24 1
16 134162 1583 7062 1 12 1
16 75910 1583 1623 1 20 1
16 173279 1585 1297 1 22 1
16 113698 1586 4343 1 2 1
16 110679 1587 4497 1 3 1
16 85597 1588 912 1 28 1
16 63109 1588 2845 1 51 0
16 78106 1591 2475 1 16 1
16 89265 1592 4908 1 15 1
16 118209 1593 6384 1 6 1
16 140662 1595 3042 1 10 1
16 65926 1597 617 1 22 0
16 154226 1597 8931 1 15 1
16 111638 1598 5084 1 24 1
16 115832 1600 5539 1 20 0
16 105586 1604 4156 1 28 1
16 143108 1604 3716 1 2 1
16 106986 1607 3561 1 24 0
16 152932 1607 8164 1 45 1
16 72624 1608 3607 1 51 1
16 179660 1609 10301 1 5 1
16 179522 1611 4645 1 28 1
16 86818 1612 522 1 30 1
16 145230 1613 1089 1 21 0
16 123761 1628 6077 1 26 0
16 94853 1629 5380 1 31 1
16 153348 1629 3878 1 21 0
16 68849 1634 3641 1 2 0
16 142588 1636 6646 1 34 1
16 114377 1640 4473 1 36 0
16 109285 1644 1741 1 31 0
16 136937 1645 3159 1 37 1
16 155641 1650 4284 1 18 0
16 120454 1650 7225 1 45 1
16 71686 1650 365 1 5 1
16 122056 1651 185 1 23 1
16 61989 1652 2232 1 47 1
16 171900 1653 5402 1 26 1
16 87967 1653 3536 1 40 0
16 71595 1659 2417 1 33 1
16 167736 1661 3362 1 12 0
16 178023 1667 2705 1 48 0
16 146726 1673 1822 1 29 0
16 83917 1676 3829 1 9 1
16 134800 1678 518 1 11 0
16 86166 1681 686 1 37 0
16 164111 1682 7400 1 47 0
16 115876 1685 5822 1 7 0
16 103768 1692 3664 1 22 1
16 144800 1695 2771 1 12 1
16 140529 1696 5434 1 50 0
16 93778 1697 4353 1 22 0
16 116333 1698 2724 1 41 0
16 100673 1700 5489 1 48 1
16 144200 1703 7556 1 51 0
16 175442 1710 3124 1 3 0
16 125920 1711 1812 1 49 1
16 120376 1712 7134 1 33 1
16 171949 1717 10144 1 8 1
16 139951 1723 4549 1 1 1
16 70190 1724 3301 1 19 1
16 122906 1724 5974 1 14 1
16 124841 1727 5400 1 8 0
16 164119 1729 3109 1 37 0
16 149361 1731 3066 1 46 1
16 113304 1733 2324 1 24 1
16 87543 1734 2418 1 6 1
16 169321 1739 6012 1 23 0
16 83287 1742 1915 1 31 1
16 100253 1747 567 1 28 0
16 87416 1750 1508 1 20 0
16 67444 1751 924 1 30 1
16 137353 1753 1579 1 22 0
16 164463 1754 247 1 3 0
16 103253 1756 3069 1 23 0
16 141137 1757 8126 1 47 0
16 144396 1771 8409 1 30 0
16 82718 1772 4212 1 48 0
16 97232 1774 2998 1 38 0
16 72382 1775 651 1 28 0
16 83358 1779 2248 1 47 0
16 126686 1786 2901 1 28 0
16 84290 1788 895 1 11 1
16 136056 1790 3992 1 18 1
16 108393 1790 4678 1 3 0
16 150380 1791 3441 1 15 1
16 104055 1795 656 1 48 1
16 103770 1795 796 1 21 1
16 93506 1798 2016 1 7 0
16 170780 1801 4638 1 24 0
16 169123 1804 4948 1 19 0
16 76065 1805 386 1 27 1
16 62954 1811 947 1 13 1
16 77687 1814 3958 1 50 1
16 95223 1815 2642 1 8 0
16 60284 1816 1415 1 41 1
16 121971 1819 2960 1 15 0
16 78913 1820 4412 1 15 1
16 119342 1821 6409 1 51 1
16 132466 1825 6291 1 5 0
16 122840 1832 486 1 1 0
16 169960 1833 7742 1 51 1
16 82982 1835 3550 1 51 1
16 106040 1836 1885 1 25 0
16 101362 1837 2872 1 17 0
16 158542 1838 799 1 33 0
16 141213 1838 2356 1 30 0
16 131881 1839 7201 1 46 0
16 143966 1839 3136 1 32 0
16 171168 1841 9422 1 17 0
16 98128 1843 4862 1 18 1
16 142823 1845 5717 1 36 1
16 76857 1845 1243 1 20 1
16 98602 1852 589 1 26 0
16 111841 1853 2751 1 17 0
16 76356 1854 2861 1 26 1
16 146658 1855 567 1 22 0
16 110373 1859 5693 1 27 1
16 136817 1859 3927 1 26 0
16 174076 1863 1616 1 39 0
16 147326 1865 6855 1 29 1
16 88650 1865 2207 1 3 0
16 128202 1870 3403 1 45 0
16 128844 1872 4984 1 25 0
16 61235 1874 2873 1 41 1
16 151650 1879 3918 1 38 1
16 166870 1881 195 1 42 0
16 62544 1881 620 1 34 0
16 63784 1882 330 1 26 1
16 83632 1883 1885 1 37 0
16 67940 1887 3750 1 49 1
16 88034 1887 1142 1 36 0
16 154538 1889 5062 1 6 1
16 141121 1891 2852 1 41 0
16 172254 1894 641 1 12 0
16 132901 1894 5338 1 33 1
16 70909 1894 2696 1 3 1
16 96438 1894 918 1 30 1
16 106265 1895 4790 1 31 0
16 139253 1903 2790 1 36 1
16 101958 1904 4644 1 10 1
16 99753 1911 3802 1 26 1
16 174453 1913 324 1 38 0
16 173240 1914 4426 1 7 1
16 151540 1918 3890 1 4 0
16 92713 1922 4518 1 44 1
16 143707 1928 7897 1 25 0
16 135155 1930 1037 1 28 1
16 114553 1931 5858 1 51 1
16 172090 1937 1219 1 7 1
16 134142 1938 229 1 38 1
16 95989 1939 762 1 34 1
16 142068 1940 7037 1 37 0
16 155870 1946 9065 1 42 1
16 121641 1947 1871 1 43 1
16 82434 1952 2932 1 4 0
16 155583 1952 1999 1 9 1
16 136442 1953 2039 1 20 1
16 151604 1955 7457 1 14 0
16 160468 1956 3040 1 31 1
16 146985 1959 7587 1 47 0
16 78901 1966 1464 1 41 1
16 96879 1967 1987 1 11 0
16 177511 1970 1687 1 32 0
16 102667 1971 2685 1 50 0
16 151503 1974 2926 1 19 1
16 64773 1979 3382 1 42 0
16 79241 1983 4396 1 13 1
16 151125 1985 2019 1 6 1
16 178171 1985 8943 1 49 1
16 87287 1986 1112 1 46 1
16 146249 1986 3796 1 21 1
16 79457 1988 2125 1 35 1
16 146207 1990 992 1 24 0
16 123399 1992 7284 1 22 1
16 124548 1992 1831 1 17 0
16 113960 1998 5448 1 46 1
16 83270 1999 4965 1 46 1
16 156348 2006 398 1 20 0
16 169135 2013 4111 1 33 1
16 67033 2014 3163 1 16 0
16 121594 2016 4241 1 40 1
16 76990 2017 1786 1 35 1
16 174710 2022 8928 1 7 0
16 97181 2025 1684 1 2 1
16 92659 2025 2649 1 39 0
16 95138 2026 2650 1 27 0
16 92686 2029 603 1 30 0
16 113179 2032 4318 1 7 1
16 101288 2032 5764 1 50 0
16 93625 2033 3097 1 43 1
16 95733 2034 2509 1 51 0
16 86399 2034 835 1 22 1
16 140865 2040 4446 1 23 0
16 150964 2041 6180 1 4 1
16 123589 2047 4978 1 3 0
16 165246 2051 8160 1 41 1
16 76158 2053 3506 1 17 1
16 140925 2054 2337 1 9 1
16 126572 2054 1206 1 17 1
16 60023 2055 2989 1 34 1
16 70476 2056 2115 1 27 1
16 91115 2057 2274 1 18 0
16 178663 2057 2962 1 14 1
16 126835 2062 4504 1 41 1
16 138889 2074 438 1 11 0
16 110535 2077 1411 1 6 0
16 102635 2078 4303 1 47 1
16 155669 2078 835 1 30 0
16 60918 2078 118 1 15 0
16 87042 2080 2172 1 42 0
16 95321 2082 3821 1 50 1
16 103376 2084 5337 1 49 0
16 78047 2085 4012 1 42 0
16 109036 2089 4263 1 8 1
16 96469 2090 2291 1 19 1
16 119941 2090 6905 1 19 0
16 91848 2093 2847 1 27 0
16 97714 2094 2238 1 25 1
16 129713 2095 7405 1 28 1
16 83562 2097 4808 1 14 1
16 111843 2101 6184 1 49 0
16 164421 2103 4705 1 39 1
16 147172 2103 6026 1 2 0
16 167892 2106 8923 1 5 0
16 77073 2109 2077 1 41 0
16 108680 2111 2977 1 25 1
16 154589 2116 8630 1 18 1
16 83182 2119 2305 1 46 1
16 117382 2120 5127 1 47 1
16 130624 2121 3632 1 39 0
16 62006 2121 2140 1 30 0
16 159805 2123 3603 1 1 1
16 93068 2123 2488 1 20 1
16 76782 2124 2827 1 9 1
16 118902 2127 4568 1 33 0
16 120290 2127 1283 1 28 1
16 173179 2127 2904 1 28 1
16 164568 2130 2109 1 49 0
16 68212 2130 146 1 13 0
16 101384 2131 2441 1 45 1
16 107857 2133 510 1 13 1
16 175369 2134 8389 1 31 1
16 81307 2136 221 1 15 1
16 178731 2140 10097 1 14 1
16 120828 2141 2402 1 12 1
16 141017 2143 5468 1 10 1
16 83301 2145 492 1 32 1
16 65292 2149 1472 1 21 1
16 168726 2151 2569 1 7 0
16 88902 2154 3665 1 18 0
16 66684 2156 3785 1 51 1
16 113916 2156 6793 1 30 0
16 114317 2157 697 1 5 1
16 124062 2157 4424 1 20 0
16 61969 2159 2685 1 10 0
16 124017 2161 6722 1 25 1
16 69210 2161 2401 1 6 1
16 105198 2161 4931 1 24 1
16 105353 2166 3801 1 14 0
16 117532 2168 3468 1 6 1
16 159784 2168 4583 1 46 0
16 108156 2169 2018 1 7 1
16 108234 2170 3778 1 3 0
16 172787 2171 7167 1 47 1
16 69287 2172 3850 1 11 0
16 145484 2175 3240 1 25 0
16 88090 2175 3219 1 1 1
16 132162 2178 916 1 20 0
16 179652 2179 7047 1 29 1
16 74282 2186 1240 1 29 1
16 127719 2187 3403 1 36 0
16 142820 2192 1602 1 28 1
16 114030 2193 2333 1 37 1
16 159146 2195 1707 1 47 1
16 144871 2198 1158 1 43 0
16 160887 2201 7215 1 31 0
16 98082 2202 1630 1 17 0
16 161981 2205 3158 1 16 1
16 122173 2207 3035 1 24 0
16 125496 2207 2045 1 12 0
16 117705 2210 3240 1 25 0
16 63212 2213 1058 1 26 0
16 134194 2213 6208 1 42 1
16 90871 2215 2778 1 47 1
16 143145 2217 8338 1 26 1
16 99023 2221 2657 1 28 1
16 104790 2222 3051 1 11 0
16 74326 2225 2655 1 26 0
16 127938 2228 5400 1 15 0
16 90862 2228 1196 1 12 0
16 130872 2230 6473 1 41 1
16 71899 2234 3796 1 11 0
16 78571 2236 3926 1 31 1
16 163768 2237 7899 1 5 0
16 150964 2237 4751 1 23 0
16 84825 2240 2254 1 45 0
16 112382 2242 3358 1 2 0
16 97731 2244 1004 1 48 1
16 82504 2244 2918 1 11 1
16 127144 2246 6274 1 4 0
16 86922 2247 3780 1 34 1
16 82724 2254 857 1 17 0
16 161029 2254 5290 1 45 0
16 104724 2255 1530 1 39 0
16 177956 2255 2726 1 16 0
16 140950 2256 8093 1 45 0
16 146125 2265 3696 1 34 0
16 132025 2269 4465 1 15 1
16 94224 2271 335 1 6 1
16 76342 2274 1485 1 31 0
16 173566 2275 655 1 40 1
16 116252 2280 2150 1 41 0
16 170819 2281 7884 1 20 1
16 123357 2284 6971 1 7 1
16 115521 2287 5699 1 38 1
16 103804 2287 5652 1 8 0
16 76706 2292 2363 1 41 1
16 111048 2293 1468 1 24 1
16 132793 2295 2778 1 5 1
16 157747 2295 5193 1 30 1
16 154648 2297 4310 1 21 0
16 179450 2297 3237 1 7 0
16 160667 2299 6301 1 34 1
16 161584 2300 7733 1 46 0
16 159965 2302 9099 1 26 1
16 131847 2308 4358 1 12 1
16 162403 2311 7388 1 17 0
16 170575 2316 1946 1 17 0
16 78362 2316 1477 1 46 0
16 100810 2319 1569 1 36 1
16 167762 2320 2028 1 13 0
16 143479 2321 2215 1 6 1
16 177443 2322 9232 1 37 1
16 89480 2328 958 1 32 1
16 145468 2328 4792 1 40 1
16 105814 2329 602 1 36 0
16 94945 2330 5558 1 26 1
16 145023 2333 7512 1 17 1
16 118347 2333 2690 1 49 0
16 132106 2334 7850 1 51 1
16 139025 2335 3727 1 47 1
16 83483 2348 193 1 47 0
16 81844 2354 3964 1 26 1
16 135385 2356 433 1 41 0
16 150290 2356 6777 1 23 1
16 103599 2364 2475 1 35 0
16 77217 2366 3272 1 43 0
16 87539 2368 5193 1 26 1
16 68001 2369 3052 1 15 1
16 178149 2369 2514 1 35 0
16 162621 2374 6066 1 46 1
16 174468 2375 8956 1 15 1
16 61276 2385 441 1 14 1
16 101423 2387 1189 1 19 0
16 67341 2388 914 1 18 0
16 175782 2393 5006 1 34 0
16 124252 2398 931 1 1 0
16 69007 2399 991 1 46 0
16 73286 2402 1432 1 32 1
16 157806 2403 9300 1 16 0
16 132563 2406 893 1 18 0
16 178384 2406 7396 1 41 0
16 82820 2410 3203 1 33 1
16 149673 2410 7899 1 2 0
16 64154 2412 211 1 6 0
16 105116 2414 5896 1 23 0
16 116268 2414 4630 1 24 0
16 87515 2417 3033 1 26 0
16 80548 2427 3447 1 12 0
16 130375 2428 3448 1 1 1
16 143017 2429 7990 1 22 0
16 160441 2431 9522 1 51 0
16 98018 2433 2830 1 51 1
16 139540 2433 2438 1 37 0
16 146378 2434 7310 1 19 1
16 166590 2437 4222 1 43 0
16 111642 2437 4341 1 31 1
16 132913 2438 4678 1 3 0
16 168249 2441 7818 1 9 1
16 152995 2443 7419 1 8 0
16 132280 2447 6424 1 18 0
16 116343 2453 5714 1 25 0
16 120220 2454 3383 1 5 1
16 72975 2455 1694 1 36 0
16 162648 2458 474 1 26 0
16 117011 2458 4929 1 9 1
16 64680 2460 1886 1 20 1
16 70153 2460 3859 1 7 0
16 101868 2462 1516 1 9 1
16 73581 2464 4180 1 5 1
16 112848 2465 5729 1 42 1
16 159537 2465 9490 1 29 1
16 142176 2465 1363 1 28 1
16 109210 2470 5063 1 21 0
16 81565 2475 2998 1 40 1
16 167868 2477 987 1 14 0
16 98878 2477 5600 1 5 0
16 169419 2480 188 1 40 1
16 176443 2483 1974 1 26 0
16 63762 2485 3075 1 47 1
16 140465 2485 768 1 21 1
16 133866 2488 5822 1 46 1
16 109929 2497 1958 1 33 1
16 156410 2498 1791 1 22 0
16 66241 2503 387 1 22 1
16 152706 2504 8649 1 8 1
16 152492 2504 5011 1 24 0
16 91709 2512 4990 1 42 0
16 99936 2514 959 1 12 1
16 138181 2516 4175 1 15 1
16 124906 2518 623 1 22 0
16 60843 2519 2912 1 18 0
16 105943 2521 200 1 37 1
16 84898 2521 3221 1 41 0
16 135773 2522 5720 1 23 1
16 111535 2522 2140 1 13 1
16 109166 2524 5243 1 9 0
16 132087 2533 3041 1 17 0
16 166411 2534 4598 1 39 1
16 95340 2537 1376 1 32 1
16 144993 2540 5221 1 30 0
16 112691 2541 1380 1 22 0
16 65606 2542 3760 1 36 1
16 143001 2542 5861 1 1 1
16 166941 2545 5703 1 51 0
16 154584 2545 7931 1 50 1
16 166717 2549 5369 1 15 0
16 147970 2550 6155 1 22 0
16 116080 2553 3574 1 28 1
16 94073 2553 3520 1 25 1
16 81289 2555 3735 1 3 1
16 68558 2558 2658 1 45 0
16 179680 2561 3361 1 48 0
16 63652 2566 1947 1 21 1
16 114898 2568 3179 1 33 0
16 148281 2568 8830 1 8 0
16 131868 2572 3786 1 36 0
16 144328 2572 3577 1 11 0
16 92749 2572 4821 1 3 1
16 106918 2576 3659 1 47 0
16 156126 2600 4574 1 37 0
16 82432 2603 967 1 19 0
16 161943 2604 5793 1 46 0
16 95788 2604 1739 1 33 1
16 89310 2606 731 1 29 0
16 111873 2609 5059 1 38 1
16 68104 2611 481 1 34 1
16 164177 2615 2838 1 33 1
16 95327 2616 3323 1 43 1
16 168643 2616 9311 1 23 0
16 101645 2620 5452 1 25 1
16 143364 2620 8468 1 28 1
16 60986 2621 2115 1 51 1
16 128649 2625 951 1 28 0
16 93168 2629 1151 1 5 0
16 82766 2630 2455 1 31 1
16 70761 2635 2659 1 10 0
16 147740 2639 6693 1 18 1
16 62428 2646 3741 1 6 1
16 72676 2646 1987 1 12 0
16 121312 2647 5726 1 3 1
16 90937 2648 4725 1 21 0
16 102156 2652 1802 1 43 0
16 117855 2653 3160 1 17 1
16 118828 2653 126 1 47 1
16 112603 2655 6435 1 26 1
16 135330 2662 2769 1 28 1
16 178800 2662 6188 1 27 0
16 90335 2663 1384 1 34 1
16 65301 2664 577 1 43 1
16 130717 2667 7576 1 6 0
16 74378 2671 1618 1 41 0
16 105875 2673 1692 1 45 1
16 176163 2673 4661 1 18 0
16 154767 2675 5982 1 36 0
16 104730 2675 3483 1 39 0
16 141975 2675 1297 1 22 0
16 92505 2680 4806 1 10 1
16 137427 2684 3545 1 34 0
16 179631 2686 5528 1 45 0
16 127680 2697 1990 1 14 0
16 130211 2704 4008 1 5 0
16 146096 2706 3190 1 28 0
16 163719 2706 3158 1 26 0
16 131239 2706 376 1 16 0
16 99540 2710 4229 1 43 0
16 63481 2711 2488 1 18 1
16 63468 2717 1504 1 26 1
16 67750 2718 199 1 4 0
16 114367 2718 2334 1 16 0
16 115414 2719 2441 1 17 1
16 115540 2721 6820 1 14 0
16 179789 2722 2777 1 37 1
16 113009 2724 5030 1 11 1
16 62776 2724 707 1 10 1
16 95780 2724 5334 1 23 1
16 72779 2725 1234 1 8 0
16 138652 2726 4562 1 36 1
16 151535 2729 6743 1 13 0
16 160061 2729 6459 1 26 0
16 71204 2729 2011 1 8 1
16 87297 2729 466 1 21 0
16 84286 2733 2305 1 40 1
16 151616 2733 3545 1 24 1
16 102062 2736 1388 1 37 1
16 73769 2736 115 1 4 0
16 150497 2741 1017 1 38 1
16 136220 2747 3357 1 40 1
16 90771 2749 2630 1 15 1
16 165322 2752 3628 1 15 0
16 178385 2753 9067 1 42 0
16 82761 2757 1410 1 37 1
16 129931 2764 4231 1 9 1
16 106434 2765 2620 1 21 0
16 66966 2774 3250 1 25 0
16 70691 2780 3885 1 12 1
16 121004 2780 2237 1 50 0
16 168819 2782 4468 1 30 1
16 154837 2787 4841 1 29 0
16 119053 2788 6326 1 51 0
16 117353 2789 249 1 7 0
16 134881 2789 3678 1 47 1
16 62799 2792 1163 1 34 1
16 175855 2797 3408 1 5 1
16 169901 2804 10023 1 11 0
16 126944 2805 3488 1 27 0
16 171061 2811 7562 1 4 1
16 82892 2815 1469 1 31 1
16 92171 2817 4804 1 51 0
16 134234 2818 6429 1 3 0
16 141727 2821 7300 1 39 0
16 153493 2822 2593 1 5 0
16 134877 2823 3208 1 51 0
16 115413 2823 2943 1 33 1
16 144001 2824 8273 1 18 0
16 128873 2824 4851 1 1 1
16 167204 2827 8094 1 37 1
16 114924 2835 5237 1 8 1
16 96364 2837 2817 1 22 1
16 107861 2838 2984 1 41 1
16 133334 2839 884 1 14 1
16 79448 2840 997 1 9 1
16 76161 2845 4379 1 41 1
16 83447 2846 4506 1 16 1
16 115676 2846 6201 1 49 1
16 148456 2850 7676 1 28 0
16 105784 2850 4125 1 44 0
16 163498 2855 1065 1 7 0
16 154579 2855 579 1 40 1
16 140354 2855 8001 1 11 1
16 132458 2855 5345 1 24 1
16 138072 2863 1165 1 15 1
16 148400 2868 1639 1 28 0
16 113397 2868 2258 1 4 1
16 78792 2870 4301 1 47 0
16 69318 2870 2290 1 35 1
16 64874 2872 408 1 28 0
16 178248 2872 8553 1 17 0
16 65937 2873 3356 1 26 1
16 97091 2873 1123 1 17 1
16 155339 2876 6834 1 35 1
16 148214 2878 1620 1 46 1
16 143134 2879 4876 1 29 0
16 76939 2880 3169 1 26 0
16 93413 2883 2461 1 44 0
16 121568 2888 7239 1 5 1
16 61602 2889 371 1 3 1
16 152655 2891 7147 1 33 0
16 160098 2893 531 1 44 0
16 175669 2895 2190 1 49 0
16 94650 2896 1519 1 27 0
16 69015 2896 2866 1 6 0
16 64273 2897 2820 1 49 0
16 83971 2899 816 1 51 1
16 74149 2904 3621 1 22 1
16 103124 2905 3513 1 12 1
16 124916 2912 4406 1 24 1
16 70121 2915 699 1 7 1
16 139827 2923 7351 1 29 0
16 147871 2924 1860 1 24 1
16 73992 2928 2360 1 26 0
16 149844 2928 5237 1 9 0
16 125590 2928 2375 1 11 1
16 97727 2930 4777 1 22 1
16 88889 2930 3369 1 4 1
16 85600 2931 146 1 20 0
16 132729 2932 625 1 28 1
16 63765 2933 3813 1 1 0
16 68320 2938 3813 1 15 0
16 102224 2947 4363 1 34 1
16 163590 2948 457 1 2 0
16 118556 2954 4469 1 46 0
16 90838 2954 2089 1 49 0
16 123013 2954 5590 1 23 1
16 117768 2957 6686 1 16 1
16 145309 2961 209 1 14 0
16 109761 2964 3530 1 4 0
16 78065 2965 1861 1 27 1
16 97042 2966 4926 1 10 1
16 64318 2967 987 1 11 0
16 109694 2971 4809 1 29 1
16 68833 2971 3038 1 49 0
16 160654 2973 8811 1 19 1
16 160025 2977 7737 1 34 0
16 157792 2977 8695 1 38 1
16 95587 2979 4502 1 25 1
16 121211 2980 7245 1 4 1
16 85073 2986 3047 1 39 1
16 74344 2991 4072 1 43 0
16 98440 2992 2736 1 36 1
16 178021 2995 2342 1 28 1
16 154547 2996 5830 1 45 0
16 61143 3003 1550 1 16 1
16 67483 3005 2645 1 42 1
16 136230 3008 8022 1 41 1
16 67113 3010 2025 1 32 1
16 85427 3012 4056 1 27 1
16 68251 3014 994 1 34 1
16 110432 3025 2879 1 20 1
16 90208 3027 5089 1 35 1
16 160887 3030 4899 1 18 0
16 164010 3030 2700 1 16 0
16 96279 3035 727 1 29 1
16 122966 3037 5963 1 2 0
16 153929 3045 2233 1 17 0
16 77244 3048 4522 1 43 1
16 98758 3049 4453 1 24 0
16 97933 3049 5055 1 21 1
16 154151 3051 734 1 22 0
16 150667 3051 1305 1 16 1
16 174889 3053 6884 1 48 0
16 97950 3066 5369 1 13 0
16 90633 3071 3455 1 49 1
16 125464 3075 1311 1 29 1
16 93036 3078 2534 1 43 0
16 107781 3081 4604 1 26 0
16 107903 3082 1068 1 14 1
16 93983 3087 4947 1 15 1
16 156535 3090 6469 1 26 0
16 89988 3094 1333 1 4 0
16 116706 3095 3964 1 1 0
16 126203 3097 129 1 42 1
16 148874 3104 1746 1 2 0
16 165674 3106 3440 1 1 1
16 77871 3114 2852 1 47 0
16 61961 3114 458 1 11 1
16 67247 3116 954 1 14 1
16 165347 3116 8801 1 49 1
16 125447 3118 1127 1 45 1
16 158678 3126 3169 1 46 1
16 83506 3129 2995 1 43 0
16 162904 3130 6205 1 36 0
16 66899 3133 3762 1 9 0
16 121417 3138 4219 1 20 1
16 177406 3141 250 1 18 0
16 81510 3143 3026 1 10 0
16 60489 3145 2032 1 31 1
16 91700 3145 2001 1 33 0
16 140090 3149 7184 1 21 1
16 97599 3151 129 1 13 1
16 126097 3154 1612 1 12 1
16 110036 3154 4231 1 42 1
16 136169 3154 7750 1 1 0
16 176696 3155 4735 1 51 0
16 99084 3155 2763 1 41 0
16 99697 3164 727 1 51 1
16 168367 3174 9058 1 39 1
16 71714 3179 1162 1 36 0
16 159376 3180 582 1 11 0
16 115150 3181 2605 1 30 0
16 121617 3184 2355 1 25 0
16 95253 3187 4318 1 26 1
16 149527 3189 3972 1 23 1
16 128774 3191 4934 1 46 1
16 176045 3197 1413 1 4 0
16 149167 3199 4189 1 40 0
16 108894 3209 2639 1 46 0
16 104705 3213 6246 1 17 1
16 104516 3214 1957 1 32 0
16 175325 3217 7888 1 16 1
16 63418 3218 3439 1 44 0
16 61929 3224 1479 1 13 0
16 149184 3227 7021 1 4 0
16 107896 3231 381 1 47 1
16 143291 3233 6884 1 24 1
16 171613 3237 6473 1 35 1
16 67331 3238 2477 1 40 0
16 90140 3238 1055 1 28 1
16 144812 3239 3701 1 18 1
16 174736 3239 5490 1 20 1
16 91516 3239 1266 1 18 1
16 177849 3240 6187 1 2 0
16 62335 3240 3676 1 17 0
16 77621 3243 4411 1 48 0
16 74895 3248 3341 1 11 1
16 91478 3253 274 1 21 0
16 120193 3258 3994 1 51 1
16 95889 3261 870 1 8 0
16 179838 3262 6286 1 21 0
16 63372 3263 3142 1 8 1
16 93001 3265 2569 1 1 1
16 135217 3265 6309 1 44 1
16 96359 3271 1031 1 14 1
16 156873 3271 5024 1 29 0
16 97712 3272 707 1 15 1
16 80599 3274 1332 1 51 1
16 83776 3276 2350 1 14 1
16 114438 3277 1327 1 42 1
16 118051 3279 318 1 16 0
16 177433 3280 7494 1 47 1
16 169658 3282 9139 1 14 0
16 110533 3288 3368 1 1 1
16 110931 3288 519 1 10 0
16 132547 3289 4034 1 41 1
16 152063 3291 4802 1 41 0
16 80947 3298 2139 1 40 1
16 77362 3298 2685 1 11 1
16 123474 3310 4578 1 3 1
16 69907 3311 2117 1 6 1
16 131781 3311 4010 1 43 0
16 134092 3315 4690 1 12 1
16 165273 3321 732 1 9 0
16 110250 3325 6376 1 39 0
16 86178 3325 1296 1 19 0
16 131635 3326 4241 1 6 0
16 173233 3326 4587 1 14 0
16 152838 3332 4533 1 39 0
16 104507 3333 5724 1 13 1
16 100301 3335 1669 1 49 1
16 65005 3335 494 1 13 0
16 166663 3337 4114 1 36 0
16 87354 3338 3457 1 40 0
16 64776 3342 1086 1 33 0
16 124146 3344 6947 1 33 1
16 139790 3347 3477 1 22 0
16 142106 3355 5733 1 12 0
16 139630 3356 4129 1 25 0
16 119172 3357 3031 1 17 0
16 95374 3357 5156 1 2 0
16 88588 3366 4212 1 36 0
16 134004 3374 7683 1 21 1
16 123932 3379 1416 1 37 0
16 130564 3382 1962 1 48 1
16 90671 3384 1584 1 21 1
16 73209 3384 2266 1 31 0
16 129104 3384 4584 1 46 1
16 60340 3388 1465 1 48 0
16 112916 3390 1389 1 28 0
16 99272 3391 1410 1 38 1
16 96646 3391 3920 1 30 1
16 160907 3392 8637 1 31 0
16 115444 3393 2527 1 47 1
16 67179 3398 3794 1 26 0
16 146796 3398 7102 1 25 1
16 74494 3399 1719 1 47 0
16 114472 3401 2625 1 17 1
16 155934 3406 4763 1 9 1
16 171600 3410 5291 1 23 0
16 119890 3410 7001 1 35 1
16 174185 3410 2521 1 28 1
16 69166 3412 3902 1 14 1
16 82035 3412 1190 1 17 0
16 74159 3420 3698 1 27 1
16 95476 3420 3017 1 45 0
16 153885 3420 6071 1 13 1
16 151119 3425 5297 1 39 0
16 85144 3427 3274 1 23 0
16 121593 3427 2125 1 13 1
16 179760 3430 4174 1 4 0
16 101335 3431 4959 1 35 0
16 156873 3437 6993 1 10 1
16 132504 3441 6638 1 8 1
16 164684 3442 8448 1 26 0
16 94175 3442 1756 1 36 0
16 153724 3453 4545 1 47 0
16 98856 3453 3772 1 34 0
16 77296 3459 2842 1 31 1
16 62625 3460 277 1 11 1
16 137795 3461 4294 1 1 0
16 64224 3463 161 1 28 0
16 140194 3473 476 1 8 1
16 142278 3484 4652 1 1 0
16 120151 3485 6880 1 26 1
16 126297 3485 5439 1 50 0
16 128941 3487 2689 1 38 0
16 141731 3490 3474 1 44 1
16 91113 3494 2315 1 35 1
16 64237 3494 1453 1 42 1
16 108770 3500 6074 1 26 1
16 153168 3504 4914 1 17 0
16 121190 3505 958 1 8 0
16 143841 3506 5304 1 47 0
16 101710 3507 1858 1 35 0
16 67941 3509 526 1 30 1
16 71019 3510 4029 1 37 1
16 93149 3511 433 1 4 0
16 161464 3513 742 1 16 1
16 64150 3515 2327 1 36 0
16 171233 3515 5075 1 21 1
16 142262 3520 6670 1 14 1
16 157567 3521 5545 1 9 1
16 175495 3523 3698 1 12 0
16 129031 3525 428 1 8 1
16 92123 3527 4070 1 2 0
16 140242 3530 6287 1 34 0
16 79648 3537 3411 1 39 0
16 177698 3539 8137 1 45 0
16 178124 3539 9068 1 33 0
16 93907 3543 381 1 26 0
16 72415 3543 1282 1 23 1
16 107395 3548 488 1 34 1
16 135458 3550 1916 1 29 0
16 179413 3554 256 1 22 1
16 151544 3560 6293 1 9 0
16 159823 3561 5353 1 5 0
16 100101 3562 4019 1 46 1
16 135746 3563 2748 1 30 1
16 141615 3564 1962 1 45 0
16 106305 3568 2066 1 23 1
16 91750 3569 772 1 45 0
16 164925 3571 1986 1 7 0
16 80657 3580 4103 1 16 0
16 160058 3581 5707 1 26 0
16 127097 3584 5646 1 48 0
16 64391 3589 1174 1 32 1
16 126871 3591 3310 1 12 0
16 170699 3592 2401 1 3 1
16 161516 3592 2877 1 23 1
16 178965 3593 9240 1 23 1
16 62028 3597 2999 1 22 0
