1500
17 121823 1 2070 1 6 1
17 135031 2 7760 1 1 1
17 167255 3 2796 1 37 1
17 168788 5 4205 1 36 1
17 164961 21 4277 1 28 1
17 77339 21 3625 1 49 1
17 137531 22 1777 1 14 0
17 111711 24 1445 1 7 0
17 155125 25 486 1 51 0
17 96987 35 3629 1 21 0
17 172254 35 3549 1 15 0
17 80420 37 573 1 41 1
17 143279 40 8319 1 39 0
17 110986 40 193 1 26 0
17 176489 40 5987 1 26 1
17 116666 41 6984 1 4 0
17 156430 42 7832 1 13 1
17 77314 42 1822 1 43 1
17 82874 46 4565 1 13 0
17 75620 47 1799 1 42 1
17 119508 47 3253 1 13 0
17 147599 47 8290 1 14 0
17 148925 49 4550 1 46 0
17 85100 50 4281 1 50 1
17 163580 54 9737 1 33 0
17 96626 58 5360 1 44 0
17 142287 59 6500 1 32 1
17 142160 60 1344 1 43 1
17 166173 61 3323 1 5 0
17 91845 65 280 1 34 0
17 129058 68 6040 1 10 0
17 99163 68 1119 1 46 1
17 155840 70 8217 1 40 0
17 136513 76 6570 1 21 1
17 99027 78 672 1 7 1
17 88597 79 790 1 42 0
17 153271 79 4699 1 14 0
17 109867 84 5433 1 26 1
17 84120 86 3681 1 16 1
17 119364 87 156 1 42 1
17 113753 89 4268 1 30 0
17 93605 91 5256 1 25 1
17 83989 92 920 1 26 1
17 171998 94 8990 1 35 1
17 94189 94 841 1 43 1
17 117903 95 920 1 16 0
17 67932 95 2552 1 13 1
17 116301 97 6089 1 42 1
17 151052 104 2381 1 2 0
17 145551 107 7016 1 21 1
17 102868 109 4374 1 37 1
17 79433 110 3175 1 9 0
17 125237 114 2573 1 50 0
17 172129 115 3791 1 20 1
17 76508 118 2631 1 32 0
17 129322 119 5404 1 42 1
17 109875 119 3351 1 30 0
17 127417 120 6183 1 7 0
17 81226 122 1972 1 18 1
17 87789 122 3791 1 14 0
17 70563 122 490 1 5 1
17 101505 124 695 1 45 1
17 78417 124 4494 1 45 0
17 88290 124 1570 1 23 0
17 83464 128 3109 1 20 0
17 102214 128 232 1 34 1
17 112677 129 5975 1 14 0
17 174786 132 2880 1 8 1
17 150402 141 8155 1 37 1
17 73730 142 3789 1 46 1
17 130352 146 7764 1 50 0
17 154374 146 4003 1 31 0
17 125487 147 6701 1 10 1
17 87265 147 3032 1 23 0
17 106299 149 4388 1 37 1
17 68885 153 2066 1 2 0
17 80610 153 229 1 34 1
17 80070 155 4221 1 7 1
17 82121 157 713 1 24 0
17 94808 160 2326 1 34 0
17 123694 163 1998 1 37 0
17 85262 163 471 1 26 1
17 73332 166 3962 1 17 1
17 163432 169 1114 1 40 1
17 61849 179 2933 1 38 0
17 144105 180 7605 1 41 0
17 115780 189 3339 1 38 0
17 128875 189 6853 1 38 0
17 151572 192 8141 1 43 0
17 124275 198 6456 1 48 0
17 62525 200 791 1 14 1
17 174621 204 7002 1 33 0
17 174936 209 10462 1 29 1
17 71196 217 3222 1 45 1
17 95002 218 4540 1 19 1
17 96317 224 2214 1 25 0
17 179284 235 183 1 39 0
17 89978 238 1732 1 16 1
17 75161 240 3734 1 30 0
17 155970 241 4178 1 16 0
17 89471 247 4304 1 25 1
17 86626 247 4691 1 37 1
17 90897 249 4231 1 17 0
17 74773 251 3752 1 33 0
17 173235 254 797 1 4 0
17 87164 254 402 1 31 1
17 142804 256 7367 1 44 0
17 166175 259 8059 1 32 1
17 80319 262 4308 1 16 1
17 111251 263 279 1 38 1
17 67561 277 2372 1 23 0
17 92666 277 1246 1 1 1
17 167063 278 1713 1 31 1
17 162261 279 4745 1 7 0
17 81518 282 3922 1 14 1
17 79046 285 1111 1 26 0
17 142206 285 8310 1 15 1
17 74198 285 2544 1 44 1
17 171417 286 2124 1 45 1
17 124940 286 3195 1 17 1
17 176689 290 8665 1 46 1
17 90014 290 1606 1 10 0
17 91163 292 5210 1 48 0
17 127370 292 1725 1 20 0
17 140650 294 504 1 33 0
17 60286 304 777 1 32 1
17 149569 307 5581 1 5 1
17 133530 308 6484 1 23 0
17 87373 310 1952 1 20 0
17 168477 314 2201 1 39 1
17 138760 315 6215 1 24 0
17 112719 320 3490 1 38 0
17 169031 324 8289 1 48 1
17 75467 325 4148 1 27 0
17 130246 326 5500 1 45 1
17 86773 326 2161 1 32 1
17 65035 330 3827 1 5 0
17 174811 331 1879 1 46 0
17 144687 335 5687 1 20 0
17 106269 335 5043 1 40 1
17 127831 339 4526 1 17 1
17 131862 340 6252 1 15 1
17 99624 344 5517 1 1 0
17 126362 349 4574 1 29 1
17 167154 349 3364 1 21 0
17 100559 352 2970 1 13 1
17 135226 360 1507 1 3 1
17 76514 362 1531 1 13 0
17 146074 363 4658 1 7 0
17 169201 367 4770 1 50 1
17 95830 367 1025 1 34 0
17 170515 371 7493 1 25 1
17 111642 374 1414 1 27 1
17 155785 378 1532 1 47 0
17 167126 384 7192 1 6 1
17 163219 389 1000 1 8 1
17 172719 396 4155 1 9 1
17 95005 397 2752 1 15 0
17 134996 409 5649 1 29 0
17 95667 410 528 1 25 1
17 124337 411 7262 1 35 1
17 151810 412 1612 1 40 0
17 85636 413 2651 1 16 1
17 140649 415 1259 1 40 0
17 88060 416 4630 1 9 0
17 140364 417 6203 1 31 0
17 87207 417 1974 1 10 1
17 119961 419 6597 1 44 0
17 167413 421 5329 1 47 0
17 112963 422 4924 1 1 0
17 63252 430 2051 1 15 0
17 78624 432 2416 1 25 0
17 103710 436 2194 1 17 0
17 110185 436 3090 1 47 1
17 165440 437 1318 1 30 1
17 153937 438 217 1 33 1
17 102226 443 2832 1 22 0
17 164115 448 5107 1 32 1
17 147340 450 4083 1 6 1
17 158663 454 2010 1 24 0
17 76753 458 1655 1 33 0
17 143423 464 2128 1 27 1
17 60477 465 2916 1 14 0
17 83798 466 4554 1 30 1
17 156819 470 7577 1 34 1
17 85178 471 4856 1 16 1
17 114926 471 4745 1 7 0
17 135474 474 1322 1 12 0
17 163881 475 6822 1 19 0
17 84116 478 3322 1 1 0
17 102455 479 4627 1 13 0
17 159012 481 1083 1 30 1
17 76326 481 4045 1 35 1
17 131411 482 4775 1 44 1
17 78748 486 1227 1 9 0
17 110053 489 3174 1 35 1
17 171847 492 1977 1 12 0
17 159719 492 5485 1 46 1
17 97431 495 102 1 40 1
17 153613 495 503 1 36 0
17 71054 499 3292 1 50 0
17 152174 501 6184 1 39 0
17 73425 503 3140 1 1 0
17 152762 505 3111 1 27 1
17 127960 505 7274 1 49 1
17 84645 507 4662 1 35 1
17 92207 511 201 1 28 1
17 106497 514 2955 1 44 0
17 108318 518 4984 1 22 0
17 81666 519 710 1 37 1
17 175594 522 6708 1 42 0
17 86585 522 5067 1 8 0
17 72569 523 2797 1 31 0
17 79425 523 370 1 38 1
17 158002 524 3809 1 11 1
17 120376 524 4547 1 16 1
17 96585 525 5080 1 34 1
17 137121 525 2579 1 27 0
17 161100 527 3745 1 6 1
17 60921 528 2977 1 33 1
17 165007 533 4279 1 19 0
17 147844 536 520 1 18 0
17 121945 536 1719 1 3 1
17 65571 540 2960 1 35 1
17 163499 542 1431 1 5 1
17 174073 542 4504 1 18 0
17 106181 544 3638 1 3 1
17 158892 544 6647 1 6 1
17 176774 547 6278 1 20 0
17 112394 550 4560 1 50 1
17 150273 551 3878 1 38 1
17 158369 553 993 1 19 1
17 162971 560 9136 1 31 0
17 108423 561 6284 1 43 0
17 61601 562 3479 1 35 0
17 127852 562 6772 1 44 1
17 67893 563 413 1 1 1
17 106084 563 341 1 47 0
17 113564 567 473 1 21 0
17 91593 570 3543 1 32 1
17 147809 575 6974 1 39 0
17 105679 576 1317 1 9 0
17 162927 582 3081 1 34 1
17 129554 589 3443 1 9 0
17 148591 592 1477 1 41 0
17 101418 594 6060 1 15 0
17 152627 594 7187 1 3 1
17 95330 596 3384 1 16 1
17 80963 597 4532 1 15 1
17 133955 601 3242 1 23 0
17 139418 602 260 1 22 1
17 89399 603 1560 1 28 1
17 136505 606 2372 1 43 1
17 101343 606 522 1 26 1
17 85562 607 2219 1 15 1
17 122514 609 4403 1 2 0
17 178644 619 3834 1 19 0
17 154537 626 5051 1 49 1
17 90469 627 4793 1 9 1
17 71144 627 2151 1 39 0
17 106525 628 2569 1 24 0
17 134770 630 7219 1 7 1
17 152368 635 1936 1 17 1
17 124831 638 6762 1 20 1
17 160988 639 1115 1 26 1
17 95435 640 4258 1 48 1
17 128375 643 4425 1 11 0
17 127194 643 536 1 42 1
17 132696 645 2965 1 4 0
17 88368 645 952 1 13 1
17 172944 645 4745 1 9 1
17 102721 648 4781 1 34 1
17 118470 649 6277 1 11 0
17 178580 651 2111 1 17 0
17 159406 651 7843 1 42 0
17 76582 651 324 1 9 1
17 144867 651 5860 1 22 1
17 176646 652 4801 1 5 1
17 65164 656 608 1 39 0
17 151068 658 5895 1 21 0
17 79548 659 1207 1 4 1
17 88574 660 1473 1 3 0
17 152114 664 5115 1 16 1
17 86669 667 4159 1 36 0
17 176157 667 2077 1 3 0
17 85766 670 1946 1 15 0
17 93796 670 1321 1 14 0
17 108944 676 1949 1 9 1
17 137048 680 678 1 39 0
17 102868 683 4651 1 42 0
17 96424 686 1756 1 25 1
17 83444 687 3423 1 30 1
17 80332 691 2658 1 43 1
17 143332 692 1608 1 42 1
17 86821 695 4833 1 43 1
17 163813 696 9772 1 42 0
17 109268 698 1809 1 27 1
17 107100 699 216 1 49 1
17 125104 700 589 1 4 0
17 152541 700 1733 1 42 1
17 102431 705 2455 1 19 0
17 143690 705 4883 1 38 0
17 176930 706 3182 1 9 1
17 171076 709 4556 1 49 1
17 61105 709 1950 1 31 1
17 98864 710 252 1 3 0
17 134747 715 318 1 39 0
17 177012 716 7244 1 7 0
17 172620 716 4464 1 26 1
17 151002 720 6047 1 33 0
17 140194 728 4871 1 12 1
17 80909 728 3081 1 27 0
17 167940 729 2663 1 3 1
17 139330 733 4711 1 33 0
17 81123 736 4563 1 18 0
17 107945 737 4347 1 8 1
17 156676 739 4696 1 4 0
17 157634 741 3222 1 23 1
17 114283 742 5315 1 6 1
17 82753 744 277 1 42 0
17 66517 746 3332 1 37 1
17 108971 749 707 1 20 0
17 87956 756 3057 1 15 0
17 114751 758 1567 1 20 0
17 162716 761 2970 1 1 0
17 174553 762 1934 1 39 1
17 90112 765 4657 1 22 0
17 131199 767 4575 1 9 1
17 109049 768 4972 1 20 0
17 170803 769 3078 1 35 1
17 146355 773 4451 1 24 0
17 163610 773 8204 1 18 1
17 80604 779 2870 1 40 0
17 165448 786 7972 1 17 0
17 91706 786 172 1 11 0
17 117260 788 3895 1 35 1
17 157016 788 8973 1 31 0
17 156893 789 5147 1 35 1
17 158146 792 3875 1 42 0
17 95287 801 2212 1 2 1
17 127821 802 7291 1 15 1
17 89025 802 1669 1 36 1
17 75480 803 2492 1 6 0
17 175891 807 6565 1 50 1
17 144688 808 5823 1 41 0
17 78156 811 3636 1 29 1
17 177141 813 1749 1 47 1
17 147243 813 7830 1 4 1
17 118872 815 5570 1 38 1
17 66894 815 331 1 16 1
17 133921 818 2599 1 29 0
17 140919 819 5873 1 13 0
17 152102 821 5714 1 41 1
17 98388 821 3091 1 17 1
17 70365 825 390 1 47 0
17 123445 830 1718 1 45 1
17 135846 831 2299 1 17 1
17 164636 833 9082 1 23 0
17 90927 833 2928 1 48 1
17 120483 836 3528 1 14 1
17 133030 839 6246 1 48 1
17 113954 840 820 1 50 0
17 158262 841 7170 1 22 1
17 119676 844 1520 1 43 0
17 88502 844 3643 1 32 0
17 101364 845 5716 1 38 0
17 158066 845 6498 1 30 1
17 132284 847 3650 1 40 1
17 158093 847 3522 1 44 1
17 101166 857 1322 1 8 1
17 114505 857 268 1 11 1
17 169716 858 4582 1 49 1
17 170032 858 5301 1 36 0
17 103280 859 4632 1 24 0
17 99276 860 790 1 19 1
17 68232 860 2521 1 7 1
17 151410 862 8416 1 20 1
17 131550 871 4364 1 3 1
17 115710 876 6152 1 44 0
17 108923 879 1125 1 45 0
17 160421 879 6699 1 38 1
17 170771 880 6129 1 7 1
17 164534 882 4981 1 4 1
17 102299 885 4300 1 48 0
17 117214 885 2195 1 47 1
17 100106 889 4630 1 42 1
17 111614 889 2686 1 36 0
17 82611 896 3846 1 18 1
17 167336 897 2202 1 20 1
17 115558 901 2875 1 41 0
17 150572 908 8930 1 13 0
17 165484 910 6426 1 47 0
17 125545 916 273 1 10 0
17 113479 920 1042 1 47 0
17 144300 921 1122 1 11 1
17 133167 922 5901 1 12 1
17 94726 925 4440 1 38 0
17 162228 927 6067 1 34 1
17 175338 929 7688 1 10 1
17 156787 938 7304 1 46 0
17 132297 938 2548 1 39 0
17 106364 940 5555 1 18 1
17 175771 942 5075 1 48 0
17 62682 944 1490 1 3 1
17 96903 945 4416 1 39 1
17 63403 948 607 1 3 1
17 63004 959 2017 1 5 1
17 136280 959 3252 1 7 0
17 130598 960 7583 1 31 0
17 82917 965 1637 1 47 0
17 146791 967 5178 1 35 0
17 158147 967 4200 1 4 0
17 89382 970 3902 1 32 1
17 138054 971 6547 1 21 1
17 178163 974 4251 1 47 1
17 161351 977 1723 1 27 1
17 105568 979 256 1 38 1
17 173286 980 1344 1 40 0
17 107081 982 1736 1 4 0
17 88649 984 420 1 42 1
17 105454 984 1969 1 42 1
17 156468 987 4257 1 14 1
17 116271 988 1384 1 40 1
17 155163 988 6606 1 33 0
17 131152 989 2051 1 13 1
17 96643 991 2164 1 1 0
17 112301 992 6575 1 25 0
17 157989 993 2731 1 25 0
17 69881 994 1825 1 29 0
17 92517 1006 1227 1 10 1
17 171960 1009 6178 1 15 0
17 137483 1010 6219 1 30 1
17 107224 1013 4403 1 38 0
17 82876 1013 2685 1 1 1
17 70375 1015 2407 1 32 0
17 150671 1018 8498 1 1 0
17 70281 1021 934 1 46 1
17 155056 1022 3135 1 51 1
17 73780 1022 3735 1 37 1
17 159079 1029 5957 1 4 0
17 81324 1030 3127 1 31 0
17 147195 1032 2574 1 9 0
17 148640 1033 6130 1 29 0
17 160308 1035 1817 1 46 1
17 172760 1038 9833 1 12 0
17 71524 1039 4180 1 32 0
17 114390 1040 6275 1 12 0
17 127964 1044 7044 1 15 1
17 61055 1044 1942 1 19 0
17 113821 1051 4342 1 3 1
17 113189 1052 3221 1 17 0
17 71500 1053 2651 1 43 1
17 94422 1054 5107 1 19 0
17 117454 1055 2478 1 17 1
17 79918 1059 1921 1 18 0
17 68444 1063 1219 1 26 0
17 82445 1065 530 1 51 1
17 70241 1069 3534 1 19 0
17 64354 1072 1059 1 33 1
17 166143 1075 4218 1 36 1
17 159626 1077 5065 1 21 0
17 111956 1079 5932 1 22 1
17 100319 1080 5477 1 36 0
17 145460 1080 3162 1 5 1
17 147956 1089 6250 1 18 1
17 106275 1090 2711 1 16 1
17 107175 1093 3416 1 26 0
17 164686 1093 9438 1 30 1
17 63323 1094 2257 1 30 1
17 144023 1097 6111 1 51 0
17 72278 1097 4267 1 17 0
17 61667 1098 952 1 41 0
17 176765 1103 6237 1 51 1
17 92498 1105 4419 1 35 0
17 76595 1105 3249 1 36 1
17 73983 1110 2280 1 25 1
17 87115 1111 3222 1 42 0
17 140465 1113 4434 1 38 0
17 115491 1113 1609 1 9 0
17 78297 1122 1031 1 21 0
17 84929 1125 1742 1 1 1
17 105748 1126 5368 1 18 1
17 162442 1130 9502 1 27 0
17 162490 1134 4192 1 9 0
17 82247 1137 3003 1 50 1
17 158211 1147 282 1 47 0
17 86166 1147 3784 1 19 1
17 75193 1151 2260 1 28 1
17 163901 1151 4230 1 10 0
17 71421 1153 1658 1 22 0
17 140608 1161 6199 1 34 0
17 84896 1163 1033 1 32 1
17 112629 1163 1232 1 30 0
17 156527 1165 6286 1 21 1
17 174763 1166 3349 1 48 1
17 137045 1167 772 1 32 1
17 124974 1169 6990 1 21 1
17 107640 1170 3637 1 31 0
17 61027 1170 812 1 7 1
17 78681 1173 913 1 35 0
17 146634 1175 4894 1 39 1
17 80798 1175 4022 1 22 0
17 65975 1179 1961 1 24 0
17 69654 1180 3109 1 47 0
17 165493 1181 1454 1 5 0
17 170238 1186 9176 1 24 0
17 77214 1186 3486 1 33 0
17 112294 1188 6501 1 44 1
17 67551 1190 3741 1 44 1
17 116641 1190 5760 1 45 1
17 72346 1194 3041 1 42 0
17 167682 1195 1542 1 8 1
17 142976 1200 311 1 48 1
17 103846 1201 5382 1 49 0
17 68226 1205 3839 1 30 1
17 129092 1206 6654 1 8 1
17 101338 1210 5380 1 21 0
17 124003 1216 4247 1 27 1
17 74904 1217 1872 1 51 0
17 108415 1226 702 1 23 0
17 106929 1227 6369 1 4 1
17 150501 1235 610 1 37 1
17 130181 1235 3363 1 37 0
17 90723 1240 4889 1 25 1
17 125985 1245 4826 1 21 1
17 106535 1246 4456 1 9 1
17 138936 1249 2221 1 4 1
17 164722 1249 286 1 51 1
17 139934 1250 7311 1 9 1
17 100782 1252 1990 1 11 1
17 99922 1254 2749 1 35 1
17 166380 1254 2959 1 28 1
17 178252 1256 8797 1 22 1
17 89902 1260 731 1 24 0
17 173921 1262 10318 1 49 1
17 105124 1264 5103 1 39 0
17 64257 1266 2585 1 26 0
17 163162 1267 2717 1 11 1
17 112623 1267 3673 1 29 1
17 69812 1270 3033 1 37 1
17 146572 1273 1331 1 39 0
17 172793 1280 5145 1 3 1
17 114229 1280 5071 1 7 0
17 88053 1286 3090 1 46 0
17 148976 1298 8429 1 26 1
17 166404 1299 3727 1 28 1
17 131124 1300 2286 1 51 1
17 138570 1300 6656 1 9 1
17 115755 1304 2470 1 16 0
17 116999 1306 3185 1 28 0
17 110946 1309 1652 1 22 1
17 127282 1313 5203 1 26 1
17 60635 1315 2356 1 36 1
17 128407 1316 6417 1 7 1
17 74104 1320 1636 1 6 0
17 153459 1322 8297 1 11 0
17 61607 1328 2636 1 24 0
17 67750 1332 3335 1 26 0
17 123368 1337 6458 1 28 0
17 133405 1337 3351 1 8 0
17 170060 1338 8089 1 43 0
17 118258 1339 6692 1 8 0
17 88483 1341 3259 1 20 0
17 94679 1355 5474 1 33 1
17 74854 1356 644 1 13 0
17 91332 1356 3778 1 49 1
17 122504 1371 1426 1 3 1
17 112356 1376 5969 1 29 1
17 168043 1381 8225 1 36 1
17 143975 1385 6963 1 2 0
17 107390 1386 4226 1 3 1
17 146707 1387 2592 1 11 0
17 65732 1387 2572 1 34 1
17 169604 1388 9661 1 34 0
17 116462 1391 602 1 42 1
17 141471 1391 1647 1 24 0
17 87195 1394 4577 1 19 1
17 145460 1395 8031 1 37 0
17 178054 1400 2197 1 40 0
17 148888 1402 4105 1 41 0
17 74524 1409 1797 1 34 1
17 166620 1411 6389 1 45 1
17 115697 1411 408 1 21 0
17 63786 1416 522 1 32 1
17 177066 1421 5971 1 37 1
17 132320 1425 5213 1 5 1
17 157280 1427 8286 1 9 0
17 175697 1431 665 1 25 1
17 158210 1446 4385 1 36 1
17 153377 1446 1368 1 35 0
17 102120 1449 3694 1 14 1
17 163765 1450 3437 1 37 0
17 169744 1452 8659 1 24 1
17 105396 1453 3021 1 6 1
17 112153 1455 3591 1 23 1
17 102954 1456 3771 1 2 0
17 121081 1457 2986 1 48 1
17 61413 1459 2319 1 12 1
17 163881 1460 2437 1 35 0
17 67578 1460 111 1 20 1
17 75281 1461 2133 1 29 1
17 126151 1461 7342 1 22 0
17 160798 1464 9000 1 39 0
17 177450 1466 692 1 49 1
17 151537 1467 1499 1 25 1
17 108472 1468 2423 1 23 0
17 127917 1475 4286 1 30 1
17 134730 1479 4542 1 33 0
17 143436 1482 7158 1 42 1
17 88895 1485 965 1 21 0
17 149263 1492 3554 1 28 0
17 158128 1495 3512 1 44 1
17 146804 1497 1291 1 7 0
17 155099 1498 4579 1 24 0
17 122500 1502 3301 1 48 1
17 65501 1504 1549 1 10 0
17 143252 1505 1231 1 46 1
17 63196 1511 3159 1 41 1
17 103151 1511 547 1 1 1
17 153981 1515 8471 1 27 0
17 82589 1517 4073 1 2 1
17 71270 1518 4026 1 4 1
17 143812 1536 2493 1 45 1
17 147884 1541 4846 1 12 0
17 177639 1541 6943 1 28 1
17 115686 1542 4511 1 6 0
17 94915 1542 4913 1 6 1
17 110477 1543 6262 1 42 0
17 62955 1544 1352 1 26 0
17 108346 1544 4434 1 13 0
17 125128 1545 4024 1 6 1
17 153338 1549 6176 1 3 1
17 150912 1552 4145 1 7 1
17 148959 1552 3881 1 35 0
17 105112 1555 2633 1 24 1
17 126912 1558 1019 1 6 1
17 89586 1559 3530 1 32 0
17 69079 1559 3480 1 17 0
17 65452 1564 3092 1 20 1
17 99737 1576 806 1 46 0
17 71077 1579 457 1 6 1
17 139121 1583 3061 1 17 1
17 140761 1584 4626 1 45 1
17 90548 1585 2922 1 51 1
17 109455 1585 807 1 42 0
17 114469 1587 261 1 40 1
17 97632 1590 3108 1 23 1
17 81054 1596 2132 1 8 0
17 145549 1596 6105 1 36 0
17 166574 1596 7340 1 28 1
17 93706 1601 1650 1 27 1
17 174395 1602 1378 1 14 1
17 105858 1608 4235 1 7 0
17 136696 1613 2344 1 34 1
17 161471 1619 7401 1 20 0
17 144653 1621 5466 1 44 0
17 64797 1623 2029 1 42 1
17 97490 1623 3032 1 23 0
17 70896 1629 267 1 22 1
17 112013 1636 6526 1 43 0
17 91261 1638 1731 1 47 1
17 69960 1644 1226 1 14 1
17 174428 1647 10104 1 30 1
17 150093 1651 3881 1 33 0
17 85148 1655 1367 1 42 1
17 84729 1655 4548 1 18 1
17 80911 1658 1495 1 42 1
17 82800 1659 4399 1 17 1
17 112120 1659 834 1 28 0
17 113005 1662 5002 1 27 0
17 63188 1663 2421 1 31 0
17 172691 1664 1326 1 25 1
17 115473 1665 5523 1 45 0
17 115097 1667 2669 1 12 1
17 88193 1668 4552 1 28 0
17 142245 1669 7059 1 8 1
17 91863 1669 4679 1 31 0
17 172670 1672 7657 1 27 0
17 140973 1672 7456 1 8 1
17 178477 1677 576 1 27 1
17 161241 1678 1676 1 47 0
17 110702 1678 5660 1 35 1
17 99558 1682 775 1 21 0
17 166508 1682 6399 1 2 0
17 174754 1682 7923 1 37 0
17 173977 1683 2722 1 51 0
17 175774 1684 7843 1 27 1
17 146296 1685 368 1 43 1
17 145427 1685 7093 1 31 1
17 111472 1691 5995 1 51 0
17 144214 1693 8439 1 12 1
17 104509 1697 5208 1 26 0
17 113245 1700 4092 1 2 0
17 69287 1700 977 1 46 1
17 86655 1701 3151 1 26 1
17 120115 1704 2572 1 15 1
17 61958 1706 3035 1 10 1
17 107734 1710 3364 1 50 0
17 127469 1722 2930 1 36 0
17 80538 1723 3132 1 16 1
17 106791 1725 225 1 19 1
17 81592 1732 1248 1 22 0
17 148010 1734 2317 1 30 1
17 97801 1739 4008 1 24 1
17 85034 1741 1788 1 43 0
17 156616 1741 2592 1 48 0
17 165497 1743 7090 1 28 1
17 64328 1743 3571 1 47 0
17 82743 1745 1794 1 47 0
17 158994 1746 5754 1 11 1
17 166219 1746 3294 1 25 1
17 169130 1754 6782 1 35 0
17 130977 1756 6126 1 9 1
17 169746 1758 196 1 3 1
17 72961 1758 1569 1 31 0
17 61356 1763 326 1 4 1
17 133385 1764 4273 1 43 1
17 96765 1764 1146 1 29 1
17 129729 1764 5729 1 42 1
17 109595 1767 4826 1 24 1
17 106866 1767 6070 1 20 0
17 113441 1770 2049 1 12 0
17 144819 1771 3777 1 19 1
17 75251 1775 1742 1 24 1
17 67135 1778 606 1 14 0
17 149981 1781 4347 1 5 0
17 169751 1782 4206 1 9 1
17 147343 1783 1603 1 24 1
17 162293 1784 1546 1 10 1
17 154709 1786 6958 1 9 0
17 83732 1788 1301 1 29 0
17 79959 1789 2612 1 14 1
17 105945 1791 4040 1 14 1
17 85285 1798 1791 1 42 1
17 146920 1807 2774 1 31 1
17 169596 1809 6367 1 2 0
17 150335 1814 8088 1 16 0
17 168381 1814 1777 1 48 1
17 159133 1816 9210 1 43 1
17 89793 1817 5309 1 16 1
17 171025 1819 10238 1 5 1
17 145603 1821 2190 1 31 1
17 136252 1823 6741 1 8 1
17 133153 1824 3525 1 31 0
17 111924 1825 5394 1 33 0
17 100121 1831 5836 1 36 1
17 89068 1836 1600 1 5 1
17 107244 1837 1070 1 2 1
17 94913 1838 2067 1 21 0
17 156485 1841 8806 1 51 0
17 174558 1843 2872 1 32 1
17 162043 1843 7025 1 36 1
17 111949 1845 5530 1 38 1
17 177528 1847 7497 1 24 1
17 132618 1848 6375 1 8 0
17 122806 1848 2129 1 36 0
17 171951 1850 640 1 48 1
17 170077 1851 2845 1 19 1
17 145553 1851 6212 1 31 1
17 171752 1855 8467 1 23 1
17 138479 1859 7781 1 17 1
17 97615 1861 700 1 6 0
17 95332 1861 2046 1 19 1
17 75711 1865 3537 1 49 0
17 106563 1869 4632 1 4 0
17 126376 1872 4828 1 41 1
17 73758 1875 4350 1 43 1
17 150629 1876 7588 1 12 1
17 162636 1882 7668 1 26 0
17 162664 1882 7491 1 34 1
17 88527 1891 1574 1 32 1
17 138492 1892 2083 1 8 1
17 103485 1894 1906 1 45 0
17 145192 1900 4587 1 8 0
17 95139 1901 5583 1 10 0
17 70420 1902 789 1 49 1
17 105982 1904 5747 1 1 1
17 171418 1908 9506 1 35 0
17 132115 1914 4709 1 51 0
17 120079 1914 3952 1 1 1
17 175932 1917 9318 1 19 1
17 93796 1919 196 1 2 0
17 107754 1919 4665 1 46 0
17 175682 1920 3396 1 26 1
17 105515 1927 1807 1 42 1
17 155693 1928 7972 1 51 1
17 146433 1928 3149 1 50 0
17 114676 1928 1095 1 45 1
17 121189 1929 1733 1 6 0
17 143106 1933 3148 1 39 0
17 114324 1933 5432 1 9 1
17 163133 1934 9630 1 17 0
17 133505 1938 6914 1 2 0
17 116728 1940 2572 1 6 1
17 142695 1945 8469 1 41 1
17 100875 1947 5529 1 10 0
17 139783 1947 2608 1 41 0
17 125660 1949 3377 1 11 0
17 60409 1962 2360 1 19 0
17 92657 1962 2150 1 5 0
17 102168 1963 4929 1 18 0
17 118524 1973 5267 1 28 1
17 105240 1979 6291 1 9 1
17 178121 1984 10646 1 11 0
17 142651 1990 5758 1 43 1
17 179295 1992 390 1 40 0
17 148260 1996 5693 1 13 1
17 134640 1998 511 1 40 1
17 145669 1999 5505 1 9 0
17 94424 1999 855 1 43 0
17 153582 2001 447 1 27 1
17 85723 2004 2408 1 34 1
17 109370 2013 5401 1 34 0
17 133970 2015 4827 1 14 0
17 78447 2018 3872 1 36 1
17 123774 2018 3153 1 39 0
17 87581 2018 1026 1 1 0
17 113351 2019 5687 1 2 0
17 108300 2022 1811 1 2 0
17 121705 2023 1380 1 35 0
17 102402 2025 4595 1 20 1
17 71181 2025 3303 1 5 1
17 80376 2025 4746 1 17 0
17 111534 2029 4346 1 36 1
17 104727 2032 2940 1 24 1
17 111337 2035 215 1 51 1
17 71700 2038 350 1 44 0
17 178151 2038 1906 1 2 0
17 91466 2042 3049 1 49 1
17 110037 2044 5554 1 41 0
17 101873 2046 296 1 44 1
17 165972 2048 239 1 38 1
17 115179 2048 445 1 20 0
17 151012 2051 8999 1 30 0
17 170739 2053 3728 1 45 0
17 133966 2055 881 1 50 1
17 69540 2056 290 1 31 1
17 75779 2056 4146 1 49 0
17 173472 2056 5662 1 38 1
17 87570 2059 2238 1 4 1
17 153964 2060 1439 1 29 1
17 96628 2062 955 1 13 0
17 150702 2062 7052 1 34 1
17 107837 2064 3290 1 27 0
17 62681 2065 3033 1 30 0
17 82835 2066 1880 1 46 1
17 132317 2069 5718 1 34 0
17 179102 2070 3919 1 33 0
17 114913 2074 4300 1 10 1
17 116840 2075 2096 1 24 1
17 84588 2077 2711 1 1 1
17 167611 2078 7649 1 51 1
17 77260 2078 2005 1 7 1
17 84911 2081 1485 1 6 1
17 177369 2082 8200 1 36 1
17 139061 2083 251 1 48 1
17 107787 2088 2745 1 27 0
17 104620 2089 5169 1 27 0
17 85875 2090 4244 1 38 0
17 87615 2091 4072 1 23 0
17 101542 2091 596 1 38 0
17 95914 2093 4545 1 28 1
17 164712 2094 2550 1 9 0
17 125709 2099 4252 1 45 0
17 157075 2099 9312 1 25 1
17 166532 2100 2290 1 40 0
17 134812 2105 2184 1 47 1
17 159764 2107 6115 1 41 0
17 159470 2107 2900 1 51 1
17 129011 2108 2571 1 33 0
17 136971 2108 7030 1 36 1
17 88438 2116 3896 1 43 1
17 162354 2122 9437 1 32 1
17 179155 2126 6726 1 22 1
17 139286 2129 4500 1 4 0
17 165151 2129 6537 1 46 1
17 79846 2131 3590 1 48 0
17 110469 2131 1212 1 26 1
17 172909 2132 2363 1 11 0
17 68725 2134 2141 1 48 1
17 120727 2136 1271 1 43 1
17 79630 2137 1782 1 17 0
17 111336 2140 6052 1 5 0
17 87453 2149 4871 1 23 1
17 149312 2155 1452 1 15 0
17 107514 2156 5850 1 32 0
17 106502 2159 2974 1 2 1
17 156707 2160 3392 1 16 0
17 93723 2160 2240 1 25 0
17 115908 2162 3338 1 31 0
17 175477 2163 1493 1 28 1
17 126998 2163 1220 1 15 1
17 74178 2165 4264 1 31 0
17 135434 2166 6434 1 22 1
17 169845 2166 9254 1 46 0
17 135072 2179 824 1 50 1
17 86705 2181 1462 1 34 0
17 150509 2182 1494 1 40 1
17 111749 2183 5348 1 7 0
17 148369 2184 1327 1 30 0
17 177541 2186 9398 1 40 1
17 135417 2187 6487 1 34 1
17 157624 2188 7320 1 51 0
17 137547 2204 8081 1 13 0
17 119681 2207 2830 1 50 0
17 159415 2210 6979 1 43 0
17 120567 2211 934 1 1 0
17 140479 2213 7478 1 24 0
17 170719 2214 3829 1 1 1
17 114110 2216 1012 1 46 1
17 124957 2216 5403 1 45 0
17 151154 2217 7500 1 7 1
17 163071 2218 2628 1 5 0
17 72984 2223 1842 1 15 0
17 163752 2234 6667 1 29 1
17 68626 2235 2058 1 1 1
17 153189 2240 4680 1 12 0
17 102915 2244 1239 1 22 0
17 125630 2245 6596 1 38 0
17 147096 2245 4593 1 17 0
17 60207 2245 1236 1 15 1
17 86088 2247 3406 1 6 1
17 148657 2249 7076 1 18 1
17 145749 2250 3457 1 10 1
17 128257 2251 199 1 45 0
17 159844 2252 7982 1 34 0
17 93526 2252 555 1 7 1
17 82273 2253 4670 1 15 0
17 120750 2254 1348 1 41 1
17 151320 2257 7812 1 12 0
17 84232 2258 4572 1 33 1
17 115440 2259 2273 1 31 1
17 72459 2264 211 1 27 0
17 129587 2265 1717 1 46 1
17 164916 2270 5233 1 45 0
17 134030 2278 7994 1 40 0
17 63598 2281 2844 1 45 1
17 175818 2283 1132 1 7 1
17 165924 2285 3168 1 34 1
17 125439 2287 3116 1 10 0
17 176103 2288 2173 1 29 1
17 122417 2290 5294 1 41 1
17 140790 2292 6220 1 3 0
17 149556 2293 7477 1 16 0
17 100508 2294 4675 1 37 0
17 91411 2295 4329 1 11 0
17 172881 2296 5237 1 40 0
17 141593 2296 6499 1 12 1
17 142869 2301 969 1 23 0
17 150073 2304 2545 1 12 0
17 179663 2304 3106 1 2 0
17 88477 2310 2020 1 8 0
17 99576 2311 5821 1 11 1
17 121961 2315 1165 1 31 0
17 76033 2316 2385 1 14 1
17 168708 2317 4043 1 14 1
17 116605 2320 5714 1 40 1
17 118377 2324 739 1 21 0
17 162390 2324 7037 1 13 1
17 113881 2329 1043 1 47 1
17 136515 2334 4250 1 14 0
17 91514 2335 2671 1 5 1
17 147373 2335 4636 1 46 1
17 95619 2335 5231 1 2 1
17 73678 2336 3033 1 51 0
17 173161 2337 785 1 1 0
17 116443 2339 701 1 36 1
17 65726 2339 3822 1 15 1
17 92710 2340 975 1 29 1
17 105086 2342 1491 1 11 1
17 152663 2343 8040 1 32 1
17 140834 2345 2315 1 50 1
17 159548 2346 5846 1 45 0
17 98121 2354 4958 1 19 0
17 86052 2358 3082 1 12 1
17 97392 2359 5742 1 32 1
17 105643 2360 1191 1 11 1
17 63233 2361 3135 1 41 1
17 69401 2363 678 1 44 1
17 82793 2368 510 1 40 1
17 79256 2374 4708 1 34 0
17 60256 2375 457 1 47 0
17 129801 2376 6718 1 28 1
17 79965 2381 1131 1 46 1
17 175932 2381 5514 1 39 1
17 75428 2391 222 1 32 1
17 92559 2391 1480 1 31 1
17 67740 2392 2240 1 43 0
17 168893 2394 8394 1 44 1
17 81394 2400 4745 1 31 0
17 150196 2400 5080 1 1 1
17 171791 2400 3568 1 14 0
17 123307 2403 5660 1 31 0
17 108063 2406 275 1 30 1
17 175505 2406 6956 1 21 1
17 105109 2409 5981 1 43 1
17 142036 2411 2461 1 43 0
17 69848 2412 1953 1 25 0
17 128015 2414 2609 1 9 1
17 154174 2417 7068 1 40 0
17 111570 2419 3393 1 25 1
17 139839 2420 5833 1 31 1
17 71557 2421 2378 1 41 1
17 95358 2423 716 1 10 1
17 70926 2425 4074 1 31 0
17 135334 2433 1846 1 43 1
17 174911 2437 4569 1 47 1
17 114291 2440 6457 1 28 0
17 151729 2442 8656 1 4 1
17 79213 2444 3836 1 51 1
17 126497 2445 7260 1 48 0
17 110027 2449 2445 1 11 1
17 137876 2449 779 1 33 1
17 106355 2450 1110 1 51 0
17 158107 2451 620 1 44 1
17 88999 2451 715 1 44 0
17 61811 2459 1036 1 17 1
17 130899 2466 6118 1 48 1
17 109462 2468 2052 1 11 0
17 151331 2468 5850 1 18 1
17 152897 2469 4175 1 31 0
17 151581 2469 697 1 14 0
17 85730 2471 1652 1 6 0
17 80549 2477 2220 1 8 0
17 131213 2478 3879 1 43 0
17 60720 2478 1465 1 50 1
17 142780 2480 7905 1 23 1
17 95713 2486 5101 1 43 1
17 89940 2487 2913 1 14 0
17 67548 2494 168 1 29 0
17 145713 2496 8534 1 3 1
17 118377 2496 6032 1 22 1
17 61546 2499 3284 1 7 1
17 72071 2500 1638 1 8 0
17 145545 2503 762 1 51 1
17 166566 2503 3581 1 34 0
17 156674 2504 3522 1 37 1
17 97532 2505 1663 1 6 1
17 145373 2506 7606 1 19 1
17 97084 2507 799 1 32 1
17 83499 2510 4588 1 46 0
17 135955 2510 7093 1 17 1
17 101393 2514 3217 1 38 1
17 136265 2515 565 1 6 1
17 155094 2515 392 1 40 0
17 163984 2518 4217 1 2 0
17 80472 2518 1245 1 34 0
17 96114 2520 1482 1 11 1
17 91481 2525 4259 1 24 0
17 79403 2526 2333 1 12 1
17 105365 2526 458 1 25 0
17 135829 2531 498 1 45 0
17 85497 2535 411 1 13 1
17 176321 2545 2066 1 7 0
17 92041 2546 4721 1 41 0
17 96682 2548 2249 1 22 1
17 76250 2551 368 1 36 1
17 96143 2553 362 1 2 1
17 61275 2561 2763 1 44 0
17 86213 2562 4986 1 16 1
17 179266 2562 7192 1 27 1
17 125271 2568 6120 1 18 0
17 169039 2577 6471 1 1 1
17 61668 2577 2086 1 5 1
17 159424 2579 3786 1 6 0
17 91504 2579 1377 1 33 1
17 106171 2593 5571 1 20 0
17 143943 2594 5882 1 45 0
17 71409 2597 2287 1 2 0
17 86344 2601 4075 1 18 1
17 83119 2602 1543 1 14 1
17 85012 2602 3337 1 2 1
17 153123 2609 6079 1 31 0
17 141768 2610 6574 1 12 1
17 96389 2613 5655 1 17 1
17 144857 2615 8326 1 22 1
17 171216 2616 6785 1 3 0
17 163398 2616 8701 1 48 1
17 66898 2616 130 1 5 1
17 83070 2617 2310 1 14 0
17 176684 2623 5243 1 11 0
17 108991 2624 4059 1 13 0
17 108155 2625 2600 1 28 1
17 166060 2627 1901 1 34 0
17 135363 2628 4728 1 51 1
17 133101 2632 1178 1 1 1
17 140301 2633 1525 1 26 0
17 122365 2636 4055 1 34 1
17 161048 2641 683 1 44 0
17 131729 2643 4865 1 8 0
17 121903 2644 6261 1 43 0
17 179821 2647 764 1 29 1
17 101929 2649 6034 1 12 1
17 179246 2651 10059 1 47 0
17 161596 2653 3093 1 36 0
17 88289 2654 4705 1 42 0
17 99716 2654 1205 1 21 0
17 110273 2655 1014 1 36 0
17 121565 2656 7028 1 43 1
17 142493 2665 8013 1 2 1
17 75277 2668 2182 1 32 0
17 157046 2669 8042 1 24 0
17 172736 2670 8798 1 50 1
17 83173 2671 3777 1 34 0
17 111352 2677 3387 1 7 1
17 163337 2678 7787 1 7 0
17 156869 2679 7418 1 33 1
17 161724 2679 4605 1 46 1
17 85630 2679 1293 1 49 1
17 87810 2682 4621 1 37 0
17 97127 2682 1537 1 25 0
17 61782 2686 1548 1 26 0
17 178421 2689 4510 1 31 1
17 88986 2692 2073 1 2 0
17 163460 2693 369 1 18 1
17 94626 2694 1909 1 26 1
17 118268 2698 4760 1 23 1
17 137284 2699 4116 1 31 0
17 179998 2699 6481 1 20 1
17 106256 2702 578 1 31 1
17 119349 2705 1677 1 44 1
17 92169 2708 4152 1 24 0
17 91909 2709 162 1 51 1
17 126166 2716 2849 1 29 1
17 109160 2718 1017 1 27 1
17 123073 2719 1524 1 31 1
17 148859 2722 1951 1 9 0
17 68199 2723 3329 1 14 1
17 104818 2723 2115 1 48 1
17 159008 2725 8352 1 16 0
17 120960 2728 2455 1 7 0
17 75274 2729 4272 1 3 0
17 171080 2733 8471 1 38 1
17 114262 2736 3380 1 25 0
17 88819 2737 1480 1 48 1
17 88589 2741 2701 1 9 0
17 61766 2742 2087 1 17 0
17 81264 2743 2841 1 47 1
17 123870 2743 4378 1 12 1
17 94617 2744 3554 1 3 0
17 177535 2744 5931 1 49 1
17 88744 2747 4213 1 41 1
17 169552 2747 9811 1 34 1
17 88358 2749 3418 1 17 1
17 140446 2755 7375 1 13 0
17 85981 2755 2667 1 21 1
17 97349 2757 3001 1 8 0
17 149743 2763 2548 1 28 0
17 112758 2764 2187 1 48 1
17 74288 2767 4153 1 50 1
17 106030 2771 1552 1 16 0
17 100756 2777 2820 1 14 0
17 174125 2785 8683 1 51 1
17 137409 2787 469 1 50 1
17 145125 2788 3073 1 3 0
17 96841 2798 2944 1 22 0
17 139606 2805 6786 1 19 1
17 136585 2805 2103 1 23 1
17 144863 2807 7573 1 4 1
17 178333 2808 7912 1 43 0
17 67668 2813 3091 1 27 1
17 150027 2817 2206 1 17 1
17 175095 2818 9816 1 33 0
17 168187 2820 5919 1 11 0
17 147203 2822 1867 1 5 0
17 69546 2823 2924 1 27 1
17 89796 2824 1755 1 25 1
17 140022 2825 1562 1 10 0
17 133445 2827 4834 1 29 0
17 128800 2828 7424 1 9 1
17 92436 2828 1126 1 25 1
17 133470 2829 4562 1 43 1
17 131036 2832 2592 1 39 0
17 152842 2833 696 1 36 1
17 149169 2834 232 1 49 1
17 82408 2835 1760 1 35 1
17 165408 2835 3956 1 43 1
17 153750 2836 4097 1 7 0
17 152787 2837 1859 1 4 1
17 178320 2838 9471 1 42 1
17 121122 2840 3994 1 41 0
17 177835 2842 9983 1 22 0
17 168039 2843 328 1 3 0
17 128578 2844 2731 1 50 0
17 130193 2844 7778 1 44 1
17 75883 2851 4178 1 8 0
17 117284 2851 6282 1 23 1
17 155644 2854 5431 1 7 0
17 175143 2860 6589 1 46 0
17 89516 2869 322 1 16 1
17 157963 2869 1722 1 6 1
17 80452 2873 2802 1 31 0
17 179590 2878 8849 1 42 1
17 141254 2879 2562 1 39 1
17 153911 2880 4507 1 8 1
17 78747 2881 2540 1 36 0
17 153834 2887 6403 1 6 1
17 154566 2892 5199 1 38 0
17 169133 2893 10029 1 34 1
17 177054 2893 5176 1 42 1
17 126624 2896 5883 1 44 0
17 150236 2903 6950 1 5 0
17 93603 2910 807 1 8 1
17 90325 2910 5269 1 18 1
17 118755 2911 2843 1 11 0
17 75860 2911 2545 1 13 0
17 137252 2915 5482 1 25 0
17 116807 2918 315 1 19 1
17 168973 2927 4687 1 30 0
17 87301 2927 505 1 4 0
17 153137 2929 7440 1 45 1
17 165595 2932 7676 1 33 0
17 147120 2942 2676 1 19 1
17 87050 2943 3972 1 39 0
17 93399 2944 4983 1 31 1
17 131123 2946 7133 1 36 0
17 172511 2946 7389 1 22 1
17 134470 2953 4819 1 28 0
17 66658 2957 1678 1 37 1
17 143529 2961 8183 1 24 0
17 142384 2963 1425 1 13 1
17 94894 2965 4675 1 30 0
17 79271 2965 674 1 3 0
17 128318 2966 2116 1 34 1
17 73749 2967 4389 1 37 1
17 95470 2967 3797 1 22 0
17 122898 2969 2492 1 22 1
17 155581 2971 5940 1 50 1
17 150344 2978 6220 1 21 1
17 64540 2978 2930 1 16 0
17 118956 2983 3239 1 8 1
17 128850 2984 5083 1 7 0
17 102712 2984 4560 1 38 0
17 78403 2988 1931 1 29 0
17 117898 2996 3203 1 43 0
17 176448 2997 3139 1 43 1
17 157940 2997 4214 1 31 1
17 158878 3006 2869 1 22 1
17 99134 3007 2337 1 28 0
17 94238 3008 3486 1 4 0
17 159123 3016 847 1 27 1
17 85194 3016 2099 1 41 0
17 144855 3016 8306 1 2 1
17 173764 3019 9783 1 8 0
17 145762 3019 1728 1 45 1
17 74655 3022 862 1 15 1
17 126814 3023 4655 1 42 1
17 157075 3026 6367 1 6 1
17 172393 3035 3120 1 12 0
17 167314 3035 7058 1 20 0
17 112945 3037 5263 1 44 1
17 123028 3038 5288 1 50 0
17 80605 3038 3764 1 45 0
17 105466 3039 2754 1 37 0
17 78887 3042 3004 1 14 0
17 104601 3043 767 1 48 0
17 157401 3044 4788 1 36 0
17 104368 3049 3476 1 18 1
17 171912 3051 9466 1 47 0
17 89916 3054 4005 1 32 0
17 65560 3055 905 1 12 0
17 155212 3055 6000 1 43 0
17 97012 3055 5396 1 1 0
17 115818 3062 890 1 29 1
17 137987 3063 2515 1 33 1
17 154384 3069 5789 1 8 0
17 74781 3073 4227 1 28 1
17 138817 3073 3596 1 27 1
17 84315 3074 1183 1 32 0
17 134303 3084 2552 1 19 0
17 179259 3087 959 1 30 0
17 172910 3087 7865 1 49 1
17 96571 3088 2099 1 39 1
17 160092 3090 1197 1 30 1
17 157657 3094 6852 1 1 1
17 72330 3095 3235 1 49 1
17 62460 3099 1455 1 14 0
17 130360 3099 5123 1 20 1
17 102017 3101 4683 1 38 0
17 176436 3105 6862 1 37 1
17 161710 3108 9081 1 48 0
17 130872 3109 2777 1 40 1
17 92596 3113 838 1 29 1
17 116467 3113 3876 1 48 1
17 75408 3116 957 1 1 1
17 140187 3117 786 1 40 0
17 177742 3124 775 1 30 0
17 86791 3125 287 1 43 1
17 132137 3133 6168 1 3 1
17 92666 3133 2521 1 39 1
17 91077 3136 4048 1 1 0
17 154815 3136 3225 1 14 0
17 116440 3137 2247 1 6 1
17 80948 3138 2496 1 15 1
17 74727 3141 2431 1 20 1
17 158671 3142 4531 1 47 1
17 76077 3150 86 1 29 1
17 150897 3151 5021 1 37 1
17 82078 3152 3661 1 49 0
17 150167 3157 3370 1 27 1
17 116526 3159 1734 1 28 0
17 109091 3160 2201 1 21 0
17 111154 3160 5539 1 13 0
17 159462 3163 6145 1 13 1
17 72072 3165 4224 1 10 1
17 61705 3174 2660 1 20 0
17 104570 3175 3913 1 7 0
17 73708 3175 3961 1 7 1
17 176122 3180 1866 1 40 1
17 65988 3185 3114 1 36 1
17 140389 3186 1257 1 7 1
17 84982 3188 2618 1 51 0
17 129811 3188 3046 1 39 1
17 173714 3192 5602 1 41 0
17 68006 3193 874 1 38 1
17 88173 3193 2420 1 47 1
17 64277 3196 3223 1 41 1
17 81966 3196 2588 1 38 1
17 120980 3198 6457 1 25 1
17 140802 3208 7503 1 39 0
17 173973 3208 1966 1 21 1
17 66904 3211 881 1 28 1
17 101752 3213 1474 1 40 1
17 110857 3214 2796 1 49 1
17 147300 3215 2053 1 30 0
17 146232 3217 3480 1 46 0
17 96164 3218 4488 1 18 0
17 166242 3225 9776 1 32 0
17 138041 3227 3204 1 2 0
17 97436 3229 631 1 41 1
17 75767 3236 1617 1 32 1
17 97698 3238 3251 1 39 1
17 88337 3239 149 1 40 1
17 118721 3242 5660 1 27 0
17 72252 3244 3151 1 10 1
17 174311 3246 243 1 24 1
17 122577 3246 4642 1 15 1
17 81885 3248 3864 1 48 0
17 79434 3248 951 1 11 1
17 67791 3249 2412 1 28 0
17 141844 3250 2584 1 45 0
17 152653 3250 4454 1 24 0
17 176888 3250 8542 1 41 1
17 104177 3253 5179 1 43 0
17 73591 3253 2200 1 11 1
17 163949 3253 8423 1 40 0
17 74017 3255 2964 1 4 0
17 93080 3257 524 1 25 1
17 148772 3258 5193 1 36 0
17 154063 3259 2263 1 48 0
17 176569 3259 4242 1 12 1
17 126415 3263 3461 1 20 1
17 68336 3268 2823 1 34 0
17 127997 3271 4716 1 33 0
17 110597 3273 3173 1 37 1
17 124799 3273 3125 1 47 0
17 143045 3278 2680 1 49 1
17 166463 3281 8734 1 49 0
17 139022 3289 685 1 51 0
17 89742 3291 94 1 8 0
17 123779 3294 2281 1 15 1
17 160974 3297 5069 1 23 1
17 122623 3298 5810 1 47 0
17 100229 3298 5713 1 8 0
17 103953 3299 3870 1 40 1
17 77527 3301 3832 1 42 1
17 169735 3301 2598 1 11 1
17 70406 3303 3902 1 37 0
17 75838 3304 2393 1 22 1
17 154124 3311 1867 1 8 0
17 131569 3315 4021 1 15 1
17 99751 3317 4161 1 26 1
17 121292 3318 1905 1 24 1
17 125057 3318 6136 1 29 0
17 110043 3320 1475 1 24 0
17 170448 3323 2502 1 15 0
17 131001 3323 3457 1 30 1
17 67958 3325 411 1 10 1
17 77486 3326 2572 1 49 1
17 79265 3327 3512 1 33 1
17 65877 3328 3337 1 17 0
17 61454 3330 1641 1 44 0
17 151283 3330 8376 1 25 1
17 93802 3336 4672 1 36 1
17 161870 3337 4266 1 40 0
17 82831 3339 1209 1 45 1
17 97367 3341 1240 1 6 1
17 127831 3343 1094 1 41 0
17 97706 3350 4144 1 41 1
17 124948 3351 1076 1 42 1
17 111689 3352 3315 1 9 1
17 94626 3353 2200 1 1 0
17 140697 3357 3551 1 41 1
17 135254 3360 4895 1 17 1
17 161101 3361 8567 1 16 0
17 148434 3363 2308 1 6 1
17 142096 3363 7232 1 26 1
17 133259 3370 7332 1 16 0
17 126366 3374 2318 1 38 0
17 130122 3374 479 1 45 1
17 173451 3381 6318 1 34 0
17 134363 3384 6205 1 24 1
17 156705 3385 502 1 15 1
17 102554 3386 3878 1 9 1
17 76035 3387 1107 1 39 0
17 80852 3393 4671 1 38 0
17 67507 3394 1325 1 46 1
17 96975 3396 1298 1 50 1
17 100721 3396 1738 1 21 0
17 100975 3400 1053 1 4 0
17 73661 3401 2444 1 21 1
17 121761 3402 7236 1 34 0
17 104678 3404 713 1 22 0
17 136983 3418 6716 1 10 0
17 175541 3421 985 1 2 1
17 141561 3424 7198 1 38 0
17 70804 3425 3232 1 44 0
17 123040 3428 5485 1 45 1
17 120835 3432 3985 1 47 1
17 103548 3434 4460 1 51 1
17 131345 3438 3256 1 29 0
17 170271 3442 3057 1 49 1
17 94848 3442 1634 1 48 1
17 75335 3446 77 1 29 1
17 73382 3448 4321 1 3 0
17 90715 3450 2517 1 15 0
17 142652 3450 5961 1 7 1
17 124673 3450 1876 1 18 1
17 157333 3452 5719 1 44 0
17 137051 3452 332 1 28 0
17 81351 3454 750 1 13 0
17 100301 3454 4562 1 38 0
17 119537 3457 3597 1 49 1
17 151148 3462 813 1 41 0
17 170169 3462 5317 1 4 1
17 97300 3465 612 1 34 1
17 94124 3465 2571 1 11 1
17 179577 3466 6256 1 2 0
17 177895 3469 4956 1 46 1
17 120569 3470 5625 1 20 1
17 152637 3475 3618 1 5 0
17 109944 3476 4788 1 29 0
17 79342 3479 1314 1 19 1
17 85868 3482 153 1 45 0
17 79364 3486 2599 1 29 0
17 84849 3487 339 1 6 0
17 135233 3493 5796 1 28 1
17 106509 3493 172 1 30 0
17 125952 3496 996 1 22 1
17 79490 3496 1422 1 46 1
17 129866 3499 7657 1 18 1
17 62112 3499 971 1 24 0
17 107544 3500 2427 1 11 1
17 74057 3502 1021 1 44 1
17 87592 3503 573 1 18 0
17 120015 3505 775 1 11 0
17 70846 3505 2622 1 39 0
17 63975 3507 354 1 37 1
17 175915 3508 5054 1 13 0
17 64304 3508 1109 1 47 1
17 167999 3509 8104 1 3 0
17 69609 3509 571 1 13 1
17 113221 3509 3134 1 48 1
17 122559 3511 1903 1 35 1
17 112267 3514 4168 1 23 0
17 158739 3515 4788 1 29 1
17 146694 3518 6038 1 20 0
17 137728 3519 6387 1 27 0
17 172346 3519 10261 1 40 1
17 74392 3522 1590 1 23 1
17 151738 3527 6332 1 48 1
17 110725 3529 5724 1 6 0
17 141181 3534 7811 1 11 1
17 116748 3537 2260 1 10 0
17 175185 3541 8255 1 8 1
17 82854 3542 3473 1 25 1
17 102916 3544 2931 1 20 1
17 64947 3545 3174 1 19 0
17 173091 3551 8147 1 46 1
17 144985 3551 5127 1 48 1
17 109821 3551 5365 1 38 0
17 118273 3553 4694 1 46 1
17 72353 3558 2514 1 21 0
17 165467 3561 5697 1 21 1
17 123164 3561 1206 1 50 1
17 141215 3562 6592 1 46 1
17 138372 3564 5101 1 24 0
17 75344 3567 3867 1 2 1
17 130184 3569 3181 1 46 1
17 158024 3570 530 1 20 0
17 79261 3570 3587 1 36 0
17 165960 3572 8865 1 47 0
17 143807 3572 2447 1 32 0
17 60482 3573 826 1 49 1
17 179521 3575 1120 1 9 1
17 147890 3577 4421 1 28 0
17 147719 3593 1501 1 26 0
17 87935 3594 2880 1 4 1
17 161281 3594 3060 1 41 1
17 153593 3599 2842 1 6 1
