1500
18 78946 6 1754 1 17 1
18 85871 8 4682 1 10 0
18 126326 13 6062 1 40 1
18 65559 14 145 1 30 0
18 171934 16 5388 1 11 1
18 74092 16 1150 1 47 1
18 63392 18 230 1 51 0
18 109741 19 5031 1 12 0
18 84558 21 3218 1 14 1
18 99556 37 2776 1 24 1
18 81888 38 4859 1 43 1
18 87267 42 4952 1 21 0
18 179530 45 8884 1 33 1
18 108503 46 3840 1 6 0
18 129883 47 2480 1 13 1
18 115092 55 5720 1 42 1
18 75888 59 1296 1 3 1
18 133809 59 5129 1 18 1
18 111598 60 4277 1 31 1
18 174582 67 7019 1 7 0
18 78404 70 2688 1 43 1
18 159781 71 8568 1 20 1
18 168537 77 2144 1 44 1
18 124823 82 6471 1 10 0
18 60892 83 2429 1 8 1
18 74173 84 3283 1 38 1
18 65672 89 1354 1 9 0
18 89980 90 278 1 42 0
18 136859 93 849 1 5 1
18 114292 95 5873 1 5 1
18 70658 96 2423 1 29 0
18 76061 97 4182 1 37 1
18 133290 98 1240 1 28 1
18 62573 100 3205 1 48 1
18 95484 101 2536 1 24 1
18 68853 101 1958 1 3 1
18 164702 102 2736 1 40 1
18 115359 103 6612 1 16 0
18 125429 108 6455 1 1 0
18 171663 112 9144 1 13 0
18 174923 113 5452 1 32 1
18 147159 115 7479 1 29 1
18 170810 117 6298 1 13 0
18 159909 117 810 1 45 1
18 114610 119 2225 1 18 0
18 73438 127 1806 1 24 0
18 145533 127 795 1 27 0
18 144810 129 651 1 39 0
18 107642 131 265 1 46 1
18 90164 132 1176 1 21 1
18 171556 135 5551 1 45 1
18 141338 137 8322 1 9 1
18 122416 138 6197 1 28 0
18 137566 140 1542 1 19 0
18 167957 146 6604 1 5 1
18 163284 146 1430 1 10 1
18 130881 149 1663 1 17 1
18 88092 150 531 1 36 0
18 69486 152 1792 1 3 0
18 115811 156 1568 1 43 0
18 173011 163 1327 1 4 1
18 151221 167 7710 1 12 1
18 175310 170 9978 1 20 1
18 116264 175 3442 1 6 1
18 113714 176 1227 1 47 0
18 100414 177 4898 1 41 0
18 170003 182 353 1 41 1
18 96614 191 4837 1 15 1
18 173493 194 1660 1 11 1
18 152071 194 7956 1 45 1
18 99194 198 2822 1 19 1
18 145303 200 5181 1 16 0
18 70700 207 2170 1 10 0
18 176197 212 9070 1 35 1
18 99798 213 3411 1 6 1
18 134731 219 4817 1 3 0
18 62493 222 3442 1 38 0
18 157745 228 618 1 3 0
18 82282 231 528 1 8 1
18 110197 234 6015 1 20 1
18 102065 234 2604 1 11 1
18 86713 235 3648 1 12 1
18 101273 237 2124 1 28 0
18 86973 241 700 1 11 1
18 94112 242 3133 1 34 1
18 116336 244 4863 1 4 1
18 105268 247 1804 1 24 0
18 175466 251 515 1 48 1
18 124178 257 4150 1 49 1
18 65724 259 3157 1 40 0
18 68474 259 560 1 7 0
18 136065 260 2915 1 6 0
18 89644 260 2566 1 2 1
18 138525 262 674 1 43 1
18 103303 265 3524 1 31 1
18 66021 267 841 1 34 1
18 142999 267 3142 1 2 0
18 128903 268 2126 1 50 1
18 153514 269 5099 1 3 0
18 162879 270 4243 1 19 1
18 127806 270 3327 1 21 1
18 145934 271 5076 1 13 0
18 179465 271 3438 1 40 0
18 153884 272 3204 1 21 1
18 72625 277 2653 1 19 0
18 60474 279 284 1 34 1
18 92586 280 5000 1 26 1
18 94709 280 2264 1 36 1
18 82128 286 4811 1 23 1
18 60130 291 2267 1 14 0
18 79763 293 3136 1 1 0
18 154546 295 8780 1 47 1
18 67030 296 3661 1 41 1
18 133940 297 7765 1 2 0
18 136448 300 4264 1 35 0
18 60382 302 2725 1 39 0
18 152811 309 8804 1 11 1
18 94170 311 4655 1 47 1
18 120126 313 3389 1 46 1
18 159684 313 6884 1 39 0
18 161731 315 4827 1 12 0
18 113519 315 4762 1 38 1
18 140130 316 3760 1 34 0
18 103699 317 1659 1 26 0
18 113452 321 2046 1 2 1
18 152172 321 1189 1 28 1
18 164029 329 1594 1 36 1
18 168512 334 7494 1 9 0
18 103582 336 5042 1 8 1
18 92888 338 1545 1 7 1
18 118229 339 1133 1 7 1
18 124793 340 6375 1 17 1
18 86473 341 1852 1 14 0
18 88537 342 4638 1 23 1
18 129858 345 6604 1 49 1
18 93329 345 1784 1 25 1
18 158388 348 7271 1 45 1
18 154896 353 8271 1 17 0
18 156805 356 7497 1 46 0
18 82370 359 3263 1 14 0
18 154900 363 6883 1 48 0
18 98918 364 4902 1 33 0
18 81392 368 3217 1 39 0
18 128056 375 6476 1 9 0
18 157684 380 9403 1 48 1
18 88776 380 3459 1 26 1
18 134257 387 7993 1 17 1
18 166930 392 8608 1 6 0
18 140080 393 8119 1 26 0
18 98219 393 3158 1 30 0
18 164271 395 4226 1 18 1
18 173286 396 1104 1 36 1
18 66320 397 1814 1 11 1
18 150124 401 8838 1 1 1
18 111859 403 6647 1 35 0
18 139157 404 8171 1 42 1
18 98077 404 2747 1 27 1
18 87570 405 1035 1 11 1
18 89086 406 923 1 41 0
18 166990 408 3359 1 44 1
18 69960 413 2573 1 8 1
18 179411 415 8161 1 36 0
18 88774 417 284 1 27 1
18 84963 420 3604 1 50 1
18 86356 420 318 1 6 0
18 146162 423 2803 1 33 0
18 176767 425 1596 1 13 1
18 101183 427 3634 1 2 0
18 94842 427 2927 1 25 1
18 77724 429 2385 1 50 1
18 128037 432 180 1 2 1
18 144906 434 1698 1 11 1
18 109693 436 4874 1 33 0
18 108978 442 500 1 10 1
18 92037 444 5217 1 22 1
18 151375 447 4266 1 27 1
18 130554 448 1186 1 31 0
18 151008 449 6034 1 11 0
18 126958 452 2725 1 29 1
18 116636 452 4050 1 28 0
18 102902 453 4613 1 14 0
18 82816 459 2177 1 4 1
18 113932 459 3345 1 16 1
18 114806 462 838 1 41 0
18 144833 462 6014 1 31 0
18 137305 464 837 1 3 0
18 153790 465 3211 1 37 0
18 142057 468 335 1 6 0
18 141593 470 8248 1 36 0
18 61201 477 472 1 40 0
18 152171 481 2580 1 51 1
18 131152 483 873 1 15 1
18 89823 486 2274 1 36 0
18 121838 494 4948 1 21 1
18 144599 494 4597 1 37 1
18 65359 499 1779 1 27 1
18 158214 502 4051 1 47 1
18 172032 504 6822 1 50 1
18 102556 511 4090 1 23 1
18 99478 520 1520 1 11 1
18 176053 521 10053 1 5 0
18 129468 523 5258 1 2 0
18 116906 531 4537 1 40 0
18 112098 535 5167 1 28 0
18 64644 535 2024 1 39 0
18 120888 537 530 1 24 0
18 112416 538 3967 1 51 0
18 147494 539 5270 1 39 0
18 172077 541 1763 1 24 0
18 107631 545 567 1 14 1
18 169210 545 1006 1 35 0
18 101486 546 4051 1 16 0
18 167386 553 6837 1 44 0
18 133289 554 3738 1 14 0
18 102698 555 667 1 22 1
18 135146 556 5519 1 10 1
18 134121 561 730 1 37 1
18 102314 562 3294 1 34 0
18 130649 565 898 1 1 0
18 123421 565 2223 1 51 1
18 91372 571 1503 1 19 1
18 152408 571 5800 1 5 1
18 70715 575 238 1 14 1
18 98258 576 1306 1 6 1
18 84680 576 3202 1 10 1
18 124051 576 4964 1 34 1
18 123785 580 6283 1 33 0
18 128220 580 6442 1 50 1
18 82212 580 4281 1 20 0
18 119536 581 4189 1 39 0
18 73735 584 1516 1 51 0
18 176341 588 6749 1 26 1
18 97140 594 4343 1 23 0
18 162615 598 4900 1 1 1
18 90061 599 4857 1 26 1
18 140343 599 832 1 39 1
18 135737 603 6097 1 26 1
18 82273 603 4032 1 18 0
18 97703 604 883 1 9 0
18 87306 607 1975 1 37 1
18 88616 608 491 1 23 0
18 150178 610 2728 1 9 0
18 136004 616 3593 1 23 1
18 153098 620 2056 1 36 0
18 124967 621 4085 1 36 1
18 69050 626 113 1 49 1
18 78229 627 3099 1 19 1
18 155197 630 6523 1 23 1
18 147402 635 6722 1 4 0
18 158029 636 5206 1 35 0
18 68937 640 2494 1 42 0
18 170801 642 1262 1 7 1
18 178885 648 7609 1 21 0
18 66931 649 2449 1 37 1
18 93268 649 326 1 35 1
18 121192 654 1987 1 15 1
18 94088 655 2425 1 7 0
18 166371 658 2887 1 48 0
18 164115 663 6713 1 43 1
18 76266 664 2370 1 5 0
18 172777 669 6151 1 1 0
18 75089 670 967 1 43 0
18 149970 670 5853 1 23 1
18 133882 671 2531 1 2 1
18 90652 674 2051 1 40 1
18 66059 675 1117 1 26 0
18 136111 675 1960 1 43 0
18 125093 677 5664 1 28 0
18 164503 683 2942 1 1 0
18 164387 684 7316 1 3 0
18 143260 684 4951 1 39 1
18 125657 684 6852 1 29 1
18 154901 686 5902 1 28 0
18 179801 686 4072 1 37 0
18 61239 686 1052 1 8 1
18 92520 687 2238 1 14 1
18 175898 688 3654 1 50 1
18 102777 688 3835 1 13 0
18 65091 689 3095 1 44 1
18 140724 690 8168 1 35 0
18 82869 693 3237 1 25 1
18 96910 697 2900 1 16 0
18 63712 706 3051 1 26 1
18 130005 711 1890 1 8 1
18 70004 711 693 1 5 0
18 68110 715 3362 1 22 0
18 114709 719 1232 1 39 0
18 69836 721 4042 1 34 0
18 169002 724 10035 1 26 0
18 81286 726 877 1 29 1
18 177127 730 6648 1 38 1
18 125420 733 2829 1 22 0
18 129922 734 4892 1 3 1
18 120873 735 4210 1 39 0
18 78148 735 315 1 14 1
18 120107 736 4235 1 48 1
18 169354 739 5458 1 22 1
18 172264 750 5514 1 45 0
18 152295 752 336 1 14 0
18 134394 754 1949 1 47 0
18 62847 759 3532 1 19 0
18 67519 760 2679 1 22 1
18 140308 761 3754 1 11 1
18 102153 763 1339 1 39 1
18 157453 764 1194 1 27 1
18 179640 766 4981 1 38 0
18 172513 767 2604 1 46 0
18 112652 768 3505 1 19 1
18 62265 768 3299 1 19 0
18 87209 769 1482 1 28 0
18 105981 769 5488 1 39 0
18 141591 771 4190 1 9 0
18 97740 774 1985 1 23 0
18 170366 776 7203 1 18 1
18 109501 777 6228 1 47 0
18 97011 781 3205 1 41 1
18 171216 785 6555 1 19 1
18 113187 786 621 1 36 1
18 122604 786 4459 1 29 0
18 121583 790 364 1 46 1
18 133343 790 4817 1 45 0
18 163789 793 4653 1 33 0
18 97320 795 5189 1 42 1
18 108425 796 4168 1 12 0
18 172607 801 9898 1 7 0
18 106455 802 1507 1 49 0
18 101687 802 4607 1 3 0
18 120650 803 6541 1 38 1
18 77039 808 4181 1 4 0
18 67807 812 477 1 9 1
18 89530 813 2011 1 33 0
18 63239 814 1816 1 9 0
18 80325 814 4333 1 28 1
18 144130 815 2577 1 29 1
18 93799 819 3987 1 49 0
18 61209 822 141 1 5 0
18 136061 823 6354 1 3 1
18 152481 831 4545 1 34 1
18 90462 832 2124 1 15 1
18 104831 833 5533 1 42 0
18 88526 833 4062 1 36 1
18 104069 835 244 1 14 1
18 151853 837 7276 1 50 1
18 165307 846 7118 1 41 1
18 167355 846 8554 1 49 0
18 120831 854 2855 1 10 1
18 122507 856 5745 1 40 0
18 129222 860 6314 1 48 1
18 151631 862 6030 1 45 0
18 64819 865 3130 1 31 1
18 162212 867 3155 1 18 0
18 112612 876 872 1 18 1
18 129734 876 653 1 51 0
18 174284 878 9845 1 39 0
18 129751 879 1013 1 25 1
18 151467 879 4865 1 12 1
18 102559 880 786 1 12 1
18 65251 881 318 1 28 1
18 107553 881 6252 1 51 0
18 121315 882 4966 1 8 0
18 143802 887 3157 1 5 0
18 97719 899 3656 1 8 0
18 146839 902 7314 1 6 0
18 152075 904 445 1 35 0
18 138054 905 3165 1 31 1
18 175601 907 6445 1 45 1
18 97715 907 4213 1 18 0
18 115271 908 4158 1 22 1
18 169469 909 7934 1 7 1
18 132565 915 6433 1 50 0
18 144565 916 1181 1 34 1
18 87762 917 4309 1 12 0
18 129529 919 1595 1 5 0
18 85741 920 4750 1 41 1
18 108374 920 5855 1 24 1
18 158147 920 8822 1 46 1
18 91227 927 4610 1 38 0
18 119944 934 897 1 45 1
18 143712 936 1825 1 31 0
18 166123 939 1673 1 38 0
18 133789 945 4501 1 31 0
18 84943 945 486 1 8 0
18 163576 945 909 1 18 1
18 102280 947 1940 1 18 1
18 138341 949 843 1 7 0
18 111460 949 2354 1 26 1
18 68652 950 2129 1 9 1
18 164993 950 1309 1 46 1
18 146335 951 5313 1 37 1
18 144992 958 5264 1 5 0
18 177752 958 10055 1 50 1
18 92912 958 1301 1 39 1
18 105958 959 6228 1 30 1
18 60766 959 467 1 36 1
18 67963 959 920 1 33 0
18 76373 960 3738 1 21 0
18 169699 968 5769 1 41 1
18 132831 969 1916 1 35 1
18 172728 973 8011 1 40 0
18 121247 975 6791 1 15 0
18 166772 979 9786 1 40 0
18 175599 981 3712 1 15 0
18 111319 983 3699 1 26 1
18 142914 987 4271 1 29 1
18 105834 988 3086 1 8 0
18 142398 990 3778 1 12 0
18 106678 991 1744 1 4 0
18 118215 991 4969 1 25 0
18 140453 1005 2396 1 24 1
18 72240 1008 573 1 5 0
18 102324 1010 2365 1 42 1
18 173491 1011 9569 1 11 1
18 174241 1011 5490 1 22 1
18 173450 1018 7850 1 39 0
18 120844 1020 6224 1 42 0
18 165732 1022 7061 1 11 0
18 145611 1024 4889 1 35 1
18 113442 1027 917 1 38 1
18 119310 1028 4123 1 38 0
18 150944 1029 5001 1 39 1
18 157418 1030 5277 1 47 1
18 68409 1032 3967 1 30 1
18 72654 1038 2892 1 32 1
18 159300 1039 9451 1 43 1
18 145964 1041 8113 1 15 1
18 149760 1042 3984 1 36 1
18 75126 1046 1877 1 44 1
18 64047 1047 1931 1 5 1
18 128215 1048 3063 1 47 1
18 118126 1049 1017 1 8 0
18 173658 1049 1523 1 35 0
18 150660 1050 6544 1 14 0
18 92458 1052 126 1 25 1
18 127260 1055 4492 1 7 0
18 116555 1056 6360 1 6 0
18 168955 1065 8163 1 24 0
18 175988 1072 8617 1 39 1
18 93262 1074 5083 1 49 0
18 148040 1074 8290 1 51 1
18 145578 1076 5967 1 28 1
18 179077 1076 3713 1 25 1
18 94603 1081 943 1 35 0
18 96802 1085 5605 1 35 1
18 119639 1087 1682 1 24 1
18 129817 1087 1080 1 17 0
18 100277 1087 3666 1 13 0
18 158535 1088 3336 1 39 1
18 116890 1102 1991 1 44 0
18 68441 1103 1201 1 36 0
18 82050 1106 562 1 3 1
18 107076 1108 1600 1 11 1
18 156438 1108 7834 1 11 0
18 93915 1113 315 1 6 1
18 122686 1115 1565 1 39 0
18 173243 1115 2274 1 13 0
18 103438 1115 2390 1 43 0
18 122781 1117 1865 1 19 1
18 90253 1117 3445 1 5 0
18 169863 1119 1978 1 44 1
18 108099 1120 4294 1 31 0
18 166793 1122 8540 1 20 1
18 112331 1123 2768 1 51 0
18 179979 1123 664 1 5 1
18 167835 1124 851 1 39 0
18 142969 1127 5693 1 12 1
18 64089 1127 1639 1 46 0
18 109019 1129 481 1 47 1
18 157555 1130 2791 1 4 0
18 106379 1131 6267 1 5 1
18 94988 1132 5034 1 17 0
18 151653 1133 9089 1 13 0
18 154217 1133 1725 1 46 1
18 68193 1134 393 1 38 0
18 83582 1140 2690 1 15 0
18 93002 1141 4129 1 1 0
18 63215 1142 741 1 19 1
18 96676 1143 420 1 1 1
18 116920 1143 5063 1 24 1
18 81929 1149 1637 1 43 0
18 141364 1151 5542 1 19 1
18 155996 1153 5249 1 51 1
18 72160 1153 512 1 38 0
18 76046 1154 3093 1 14 0
18 72718 1156 4043 1 37 1
18 114513 1158 6569 1 36 1
18 158642 1160 6024 1 12 0
18 155675 1161 6174 1 13 1
18 118049 1161 1738 1 1 0
18 108649 1165 3855 1 32 1
18 90090 1166 1099 1 42 0
18 73531 1167 3564 1 31 1
18 167047 1168 1234 1 51 1
18 156218 1169 1058 1 49 0
18 69149 1170 996 1 2 0
18 93263 1172 5503 1 36 0
18 88204 1175 3532 1 44 1
18 158352 1175 4310 1 15 0
18 117958 1176 1230 1 48 1
18 70471 1179 1106 1 13 1
18 121046 1180 4339 1 24 0
18 174341 1181 10067 1 9 1
18 90628 1185 2176 1 44 0
18 61948 1185 1180 1 18 0
18 157993 1186 1129 1 45 0
18 75299 1203 1979 1 26 1
18 133582 1206 6231 1 19 0
18 155178 1208 7985 1 4 0
18 137470 1211 233 1 50 0
18 78618 1211 2344 1 48 0
18 83950 1212 1804 1 7 1
18 135853 1214 6486 1 29 1
18 139771 1227 5698 1 10 1
18 76386 1227 3689 1 22 0
18 65033 1227 795 1 42 1
18 86337 1231 5051 1 5 0
18 110926 1235 2787 1 46 1
18 151847 1240 1206 1 33 0
18 82878 1241 4203 1 35 0
18 82775 1242 3067 1 35 1
18 146376 1245 6253 1 31 0
18 83382 1246 4794 1 46 0
18 75779 1247 1140 1 27 0
18 61118 1248 3213 1 15 0
18 85661 1257 3854 1 31 0
18 83386 1257 995 1 2 0
18 73688 1257 1156 1 15 1
18 162446 1258 5716 1 8 0
18 87776 1259 4397 1 32 1
18 120706 1260 5115 1 10 1
18 96504 1266 4742 1 30 1
18 151095 1270 7337 1 17 1
18 165553 1276 1170 1 33 1
18 85073 1276 1711 1 13 1
18 136805 1277 4873 1 47 1
18 69749 1277 1538 1 19 1
18 118456 1281 2641 1 32 1
18 75548 1282 4523 1 23 0
18 113688 1290 541 1 10 1
18 83772 1290 4051 1 5 1
18 87128 1291 929 1 19 1
18 107800 1291 4409 1 27 0
18 123981 1294 6752 1 26 0
18 127742 1297 162 1 34 1
18 100988 1301 5319 1 49 1
18 74428 1303 2353 1 39 1
18 81692 1304 4871 1 44 0
18 171041 1310 6378 1 1 0
18 159400 1313 2835 1 29 0
18 133924 1314 2778 1 51 1
18 129360 1315 6454 1 46 1
18 148206 1319 6384 1 10 0
18 121125 1321 1406 1 8 0
18 129287 1323 1585 1 21 0
18 171890 1329 8592 1 35 0
18 60714 1329 1433 1 25 0
18 84043 1331 2568 1 21 0
18 165752 1333 3243 1 18 0
18 96792 1334 3124 1 12 0
18 89064 1335 4589 1 32 1
18 80593 1343 3582 1 20 0
18 152351 1348 8155 1 5 0
18 172485 1353 8522 1 51 0
18 120678 1353 4785 1 21 1
18 109130 1353 947 1 14 0
18 88639 1355 950 1 13 0
18 82285 1357 629 1 36 1
18 134502 1358 2533 1 46 1
18 149563 1359 7893 1 27 1
18 112239 1365 2328 1 15 1
18 160990 1366 7043 1 8 1
18 164868 1369 1276 1 51 1
18 146335 1371 5352 1 44 1
18 107580 1371 5685 1 20 0
18 171104 1375 2650 1 5 1
18 171704 1376 7049 1 24 1
18 152018 1381 4823 1 14 0
18 140674 1382 4018 1 32 0
18 162408 1392 7507 1 34 1
18 82134 1392 4105 1 13 1
18 104583 1393 4488 1 1 1
18 171431 1394 4734 1 34 1
18 105910 1401 2998 1 41 1
18 126280 1407 6100 1 27 1
18 112414 1412 6522 1 39 1
18 94423 1412 2583 1 44 0
18 137919 1414 2399 1 37 0
18 60538 1415 1371 1 3 1
18 92348 1415 4503 1 22 1
18 88321 1417 2381 1 3 0
18 116824 1421 1510 1 38 0
18 168971 1421 5011 1 33 1
18 98102 1428 4081 1 14 0
18 149673 1428 8828 1 16 0
18 107820 1430 5966 1 22 0
18 135538 1432 5661 1 50 0
18 61391 1434 2094 1 40 1
18 78015 1436 3811 1 49 1
18 108729 1444 2301 1 37 0
18 92437 1445 445 1 43 0
18 95838 1446 1395 1 39 0
18 123791 1451 4496 1 36 0
18 163811 1452 5140 1 35 1
18 121455 1452 2908 1 7 0
18 164851 1456 4575 1 8 1
18 73631 1460 2977 1 6 0
18 114391 1462 3300 1 7 0
18 71603 1464 3181 1 27 1
18 74821 1464 2256 1 39 1
18 167283 1466 9211 1 31 1
18 135587 1468 3656 1 30 1
18 106440 1475 3625 1 40 0
18 174283 1475 5629 1 24 1
18 113222 1481 778 1 29 0
18 164711 1482 1116 1 13 0
18 115613 1484 2755 1 17 1
18 87050 1486 802 1 48 1
18 147450 1486 8190 1 39 0
18 159321 1489 4666 1 33 1
18 160250 1489 6674 1 47 0
18 63284 1491 2656 1 46 1
18 71490 1491 2152 1 48 1
18 120484 1496 3638 1 40 1
18 134313 1498 4169 1 4 0
18 66393 1501 3813 1 42 0
18 150531 1507 5587 1 11 0
18 108723 1508 5804 1 9 1
18 142992 1509 203 1 23 0
18 164004 1513 6297 1 11 1
18 152911 1518 8226 1 37 0
18 94766 1518 869 1 19 0
18 83548 1519 3321 1 41 0
18 128069 1520 3073 1 2 1
18 167215 1521 7574 1 46 1
18 127040 1521 4664 1 18 1
18 164482 1527 7642 1 24 0
18 61790 1528 508 1 3 1
18 91031 1540 5214 1 6 0
18 112888 1548 185 1 24 0
18 149034 1549 8806 1 43 0
18 120922 1549 3515 1 44 0
18 66648 1551 1288 1 25 0
18 96832 1552 1695 1 22 0
18 86894 1553 2439 1 19 1
18 143024 1556 5768 1 24 1
18 107215 1557 1768 1 1 1
18 132385 1564 4310 1 12 1
18 70694 1565 1887 1 30 1
18 140896 1567 6034 1 1 1
18 75138 1569 2561 1 40 1
18 149070 1575 2133 1 19 0
18 72794 1576 891 1 33 1
18 69861 1579 1153 1 41 0
18 101481 1579 2789 1 48 1
18 71228 1580 706 1 51 1
18 148726 1581 7701 1 2 0
18 164723 1584 7445 1 1 1
18 123381 1585 2809 1 16 1
18 142032 1586 573 1 1 1
18 75331 1591 599 1 21 1
18 150207 1594 667 1 44 1
18 115960 1596 2782 1 10 0
18 95691 1600 783 1 4 1
18 101164 1601 375 1 22 1
18 64119 1609 2914 1 1 1
18 97229 1609 1653 1 44 0
18 99245 1613 3385 1 8 1
18 122045 1614 4216 1 27 0
18 66809 1615 3325 1 34 0
18 179289 1615 889 1 21 1
18 162942 1618 3538 1 28 1
18 152654 1619 7164 1 16 1
18 108462 1620 5378 1 1 0
18 156743 1621 6073 1 33 1
18 94722 1623 3109 1 20 0
18 110907 1624 828 1 8 0
18 90622 1625 2492 1 38 0
18 96011 1626 5694 1 14 0
18 119273 1627 4298 1 31 1
18 137975 1628 416 1 33 0
18 169889 1629 3593 1 33 0
18 66124 1633 1707 1 35 1
18 91895 1635 5027 1 21 1
18 136070 1635 3434 1 30 0
18 89919 1636 1430 1 16 0
18 126507 1638 5955 1 8 1
18 126887 1638 1623 1 25 0
18 60493 1642 3417 1 39 1
18 174795 1643 9542 1 44 0
18 65895 1652 486 1 39 1
18 97309 1656 2565 1 24 1
18 153794 1656 3838 1 5 1
18 92224 1662 2435 1 7 0
18 92759 1666 1732 1 30 1
18 103575 1668 4678 1 3 1
18 125217 1669 7406 1 3 0
18 127482 1670 6454 1 18 1
18 158930 1673 1551 1 32 0
18 95981 1680 4778 1 7 1
18 68364 1683 1522 1 2 0
18 109097 1687 1080 1 42 0
18 126872 1692 5792 1 16 0
18 82584 1694 208 1 42 1
18 157618 1694 7586 1 35 0
18 85562 1694 5042 1 21 0
18 177817 1695 4465 1 45 0
18 153134 1699 4573 1 9 1
18 84212 1700 1986 1 25 1
18 162837 1702 6069 1 5 1
18 144027 1704 4322 1 15 0
18 175170 1704 3948 1 6 1
18 172244 1708 2532 1 18 1
18 110025 1714 2463 1 22 0
18 99149 1715 1043 1 39 0
18 88028 1720 2265 1 9 1
18 112014 1720 4304 1 19 1
18 92077 1721 3338 1 51 1
18 83247 1726 4192 1 3 0
18 176261 1730 3171 1 50 1
18 61141 1730 2664 1 6 1
18 73747 1731 4196 1 15 1
18 139128 1734 7506 1 4 0
18 136906 1736 7072 1 20 0
18 124432 1736 1562 1 15 0
18 150184 1736 7689 1 9 1
18 167815 1737 279 1 18 0
18 166665 1737 4344 1 20 0
18 129793 1738 6727 1 15 0
18 178496 1740 8949 1 49 1
18 87188 1740 1811 1 37 1
18 104436 1742 6043 1 22 0
18 164695 1744 8366 1 21 0
18 138670 1746 2893 1 20 1
18 76408 1747 599 1 46 1
18 157161 1749 2961 1 46 0
18 92808 1754 4479 1 38 1
18 162382 1756 4423 1 28 1
18 129399 1759 3781 1 12 0
18 165273 1764 1133 1 44 0
18 162797 1765 8527 1 41 1
18 84059 1765 2502 1 35 1
18 69775 1766 1409 1 44 0
18 129869 1769 4007 1 16 0
18 144992 1783 4701 1 15 1
18 168674 1786 8954 1 36 1
18 108593 1786 1864 1 39 0
18 60192 1789 1144 1 46 0
18 81535 1799 963 1 8 1
18 60405 1801 3555 1 11 1
18 117827 1801 3172 1 21 1
18 99643 1801 1424 1 10 0
18 139398 1805 6503 1 18 0
18 114954 1812 6314 1 27 0
18 156907 1814 5687 1 10 1
18 112397 1817 4366 1 50 1
18 161935 1818 278 1 6 1
18 172464 1821 1817 1 40 0
18 123576 1825 4813 1 14 1
18 116471 1829 5939 1 36 0
18 155537 1830 2434 1 19 0
18 67264 1830 3836 1 14 0
18 106983 1837 2260 1 22 0
18 96197 1839 1580 1 24 0
18 138694 1841 4880 1 3 1
18 96211 1842 4372 1 9 1
18 79767 1843 323 1 23 1
18 75426 1843 4261 1 5 0
18 95240 1846 2831 1 36 0
18 167780 1847 792 1 33 0
18 60132 1849 3329 1 16 1
18 81143 1850 1021 1 5 1
18 92718 1850 1206 1 46 1
18 172002 1852 7256 1 35 0
18 178061 1859 8945 1 14 0
18 161018 1865 882 1 7 1
18 142897 1869 5795 1 42 0
18 124666 1870 521 1 46 0
18 152136 1871 4679 1 23 0
18 108928 1874 505 1 21 1
18 75605 1876 3788 1 20 1
18 134372 1878 6679 1 7 1
18 147257 1879 8014 1 35 1
18 159179 1880 562 1 33 0
18 135047 1882 3225 1 4 1
18 80481 1884 771 1 15 0
18 178329 1884 2347 1 28 0
18 169647 1885 2846 1 18 1
18 137448 1889 794 1 2 0
18 60323 1889 3162 1 16 1
18 111884 1891 6635 1 42 0
18 148281 1892 5078 1 51 0
18 97938 1893 2974 1 30 1
18 149085 1893 7601 1 31 1
18 77727 1896 1682 1 3 1
18 84902 1898 1627 1 12 0
18 160571 1898 4813 1 30 1
18 94419 1899 4806 1 18 1
18 87169 1902 2767 1 21 0
18 108097 1902 603 1 47 0
18 79319 1909 2859 1 23 1
18 105006 1910 3121 1 23 0
18 127454 1922 1156 1 42 1
18 113616 1924 2612 1 40 0
18 91095 1927 483 1 6 1
18 124167 1929 5473 1 1 1
18 152538 1930 3973 1 1 1
18 149470 1933 2241 1 33 1
18 108919 1934 2604 1 9 0
18 154154 1935 4398 1 43 0
18 157536 1936 4938 1 43 0
18 75951 1938 3251 1 22 1
18 146726 1938 6820 1 38 0
18 102164 1939 3705 1 40 0
18 97065 1940 3297 1 36 0
18 114273 1943 1319 1 17 0
18 130561 1943 2914 1 26 1
18 146589 1952 5182 1 38 1
18 74849 1953 3135 1 4 1
18 115233 1955 1714 1 30 1
18 169658 1955 4036 1 34 0
18 66622 1955 3145 1 43 0
18 171436 1959 4766 1 25 1
18 150400 1961 4772 1 2 0
18 125876 1961 2887 1 19 0
18 111379 1961 5230 1 50 1
18 85135 1962 585 1 30 1
18 87509 1963 2806 1 34 1
18 144058 1963 995 1 9 0
18 101363 1966 1861 1 22 1
18 86164 1968 229 1 38 1
18 114499 1971 3955 1 49 1
18 127202 1972 2886 1 33 1
18 71126 1975 2853 1 29 0
18 174129 1978 833 1 34 0
18 63181 1981 1091 1 29 1
18 110343 1993 5359 1 32 0
18 109798 1994 4980 1 18 1
18 128304 1996 3700 1 7 0
18 159329 2000 2942 1 22 0
18 60944 2001 1346 1 3 1
18 78184 2003 3531 1 11 0
18 77250 2004 154 1 44 0
18 147111 2005 8347 1 33 0
18 97399 2007 441 1 22 1
18 170901 2008 9529 1 29 1
18 119897 2009 4715 1 50 1
18 86928 2016 2422 1 16 0
18 174072 2021 1262 1 49 0
18 113959 2024 2706 1 18 1
18 132139 2028 7647 1 2 0
18 120203 2031 5143 1 43 0
18 154377 2035 8306 1 27 1
18 76577 2036 594 1 20 0
18 155956 2040 1913 1 3 1
18 114334 2040 6218 1 10 1
18 67638 2040 425 1 41 0
18 113408 2042 1817 1 47 0
18 126995 2045 4500 1 30 1
18 157273 2046 5108 1 29 1
18 70907 2047 779 1 12 1
18 120088 2050 4637 1 30 0
18 179686 2057 9701 1 27 1
18 108675 2058 284 1 4 0
18 171707 2060 5668 1 11 1
18 64895 2061 1095 1 5 1
18 68225 2073 1206 1 34 1
18 158619 2075 5887 1 37 1
18 103725 2076 4519 1 2 1
18 137798 2076 6418 1 31 1
18 103783 2078 4317 1 11 0
18 145720 2084 5234 1 41 1
18 154714 2092 5809 1 20 0
18 85404 2092 1771 1 19 0
18 149853 2092 6519 1 32 1
18 154597 2097 9069 1 7 1
18 72164 2097 704 1 15 0
18 81971 2098 933 1 42 1
18 140330 2102 3490 1 49 1
18 72841 2106 3060 1 36 1
18 175161 2111 10019 1 6 1
18 87986 2115 4574 1 29 0
18 176932 2118 8149 1 22 1
18 67382 2121 587 1 18 1
18 144205 2125 6983 1 18 1
18 172857 2126 6836 1 27 0
18 137904 2129 2202 1 12 0
18 159776 2130 6248 1 28 1
18 100577 2136 2570 1 34 1
18 134092 2141 1432 1 40 0
18 65296 2142 3340 1 1 0
18 84537 2143 3801 1 3 0
18 111686 2145 5310 1 19 1
18 154974 2155 3229 1 26 1
18 84935 2158 798 1 50 1
18 64380 2160 1412 1 12 1
18 168846 2161 975 1 35 0
18 95710 2162 5640 1 1 1
18 156662 2172 1005 1 17 1
18 162400 2174 4096 1 26 0
18 99592 2175 2665 1 24 1
18 61519 2176 240 1 35 1
18 106088 2178 2377 1 25 1
18 111527 2186 6267 1 25 0
18 126444 2189 2135 1 22 0
18 172121 2190 10307 1 47 0
18 107785 2191 3270 1 40 0
18 110408 2194 2479 1 34 1
18 145650 2195 8576 1 6 1
18 81611 2202 3551 1 11 1
18 96611 2203 4505 1 30 0
18 132670 2204 4583 1 21 1
18 115937 2212 6190 1 27 0
18 152113 2214 6637 1 25 0
18 115731 2219 6568 1 28 1
18 71611 2220 132 1 15 0
18 101661 2222 4956 1 32 0
18 87342 2224 1039 1 40 0
18 100606 2235 4239 1 49 0
18 159771 2236 1459 1 18 1
18 161997 2237 6329 1 33 1
18 167318 2238 8177 1 26 0
18 67993 2242 447 1 24 1
18 109716 2245 1561 1 45 0
18 112274 2246 3216 1 38 1
18 97939 2248 1192 1 49 0
18 78451 2248 1984 1 25 1
18 134755 2250 388 1 51 0
18 63879 2251 266 1 46 0
18 140615 2256 6251 1 33 0
18 139279 2260 7708 1 36 1
18 111266 2263 2175 1 14 1
18 175903 2265 2287 1 48 0
18 144923 2270 1294 1 38 0
18 85013 2271 4792 1 45 1
18 153519 2271 3310 1 21 1
18 126246 2273 4534 1 27 1
18 90011 2274 579 1 3 0
18 138081 2276 8238 1 41 1
18 140950 2277 6712 1 41 1
18 157880 2279 8349 1 33 0
18 67077 2285 989 1 51 1
18 108768 2286 2295 1 33 0
18 105571 2291 5654 1 9 1
18 141709 2293 4579 1 17 1
18 87734 2294 1324 1 41 0
18 175974 2295 4523 1 8 1
18 112488 2308 2215 1 15 1
18 85987 2308 2592 1 26 0
18 95174 2311 730 1 10 0
18 126576 2316 4078 1 27 0
18 129510 2317 3910 1 9 1
18 140904 2320 4475 1 6 1
18 95162 2322 1811 1 25 0
18 106188 2323 4466 1 7 1
18 90354 2326 398 1 19 0
18 156106 2331 4669 1 40 1
18 67554 2332 3652 1 13 0
18 134541 2332 951 1 47 0
18 148022 2333 5984 1 27 0
18 110767 2334 4438 1 16 1
18 79546 2336 4398 1 10 0
18 98488 2339 4379 1 28 1
18 149500 2340 6700 1 51 0
18 88733 2340 2884 1 18 1
18 171355 2341 3841 1 35 1
18 106435 2344 3482 1 29 1
18 154485 2344 4789 1 19 0
18 64830 2345 823 1 7 0
18 130721 2345 5568 1 32 1
18 121745 2348 6950 1 10 1
18 91440 2348 3811 1 4 1
18 121276 2354 7099 1 28 0
18 64881 2355 2145 1 34 1
18 72517 2356 3220 1 8 1
18 120699 2360 3413 1 4 1
18 137296 2361 1809 1 9 0
18 141555 2363 5331 1 27 0
18 168681 2364 9916 1 45 0
18 134390 2364 4083 1 3 0
18 80071 2365 4032 1 46 1
18 65693 2373 2830 1 24 0
18 162469 2373 5126 1 42 0
18 77169 2374 692 1 46 1
18 170333 2375 1018 1 45 0
18 125247 2378 5102 1 18 0
18 119419 2379 3669 1 17 1
18 118793 2382 2429 1 34 0
18 86671 2391 4877 1 19 1
18 148464 2394 1861 1 26 0
18 95024 2395 2798 1 10 0
18 144701 2398 2001 1 26 1
18 60435 2400 2244 1 17 1
18 132523 2402 6980 1 47 1
18 95960 2404 5451 1 8 1
18 71117 2410 3975 1 48 1
18 145119 2415 1085 1 30 0
18 146381 2418 2846 1 46 1
18 96937 2418 3813 1 8 1
18 68944 2418 3032 1 5 0
18 142764 2421 7323 1 44 1
18 155558 2422 4367 1 32 0
18 161243 2434 6269 1 35 1
18 65722 2435 1285 1 5 0
18 157650 2436 1057 1 25 1
18 68341 2438 3817 1 27 0
18 82543 2440 3350 1 3 1
18 80056 2441 1427 1 1 0
18 113951 2445 5350 1 28 1
18 104965 2446 3398 1 42 1
18 111952 2447 3369 1 33 0
18 151644 2449 3600 1 35 1
18 117684 2450 4635 1 14 0
18 121326 2451 4748 1 2 0
18 71199 2459 1779 1 7 0
18 174055 2460 7371 1 51 1
18 135326 2461 778 1 48 0
18 114552 2461 2672 1 36 0
18 83281 2463 453 1 35 0
18 68343 2465 2733 1 11 0
18 85351 2468 2568 1 16 1
18 158989 2470 1903 1 3 1
18 169724 2471 5265 1 39 1
18 121381 2473 130 1 25 0
18 80730 2485 2446 1 37 1
18 120480 2487 2151 1 31 0
18 173878 2492 193 1 22 1
18 120308 2493 7152 1 16 1
18 169637 2505 4157 1 6 1
18 112712 2508 3204 1 2 0
18 136219 2508 4546 1 35 0
18 127943 2511 4134 1 23 0
18 144958 2511 5882 1 14 0
18 135515 2517 6163 1 16 1
18 158217 2518 5038 1 27 0
18 106189 2520 3891 1 16 0
18 166028 2521 792 1 10 0
18 120631 2521 4272 1 31 0
18 131052 2522 2847 1 19 0
18 162968 2525 4922 1 20 1
18 84963 2532 1036 1 46 0
18 94537 2532 3916 1 3 0
18 91660 2538 4871 1 38 0
18 85633 2538 3806 1 30 0
18 144727 2542 358 1 9 0
18 67908 2547 3489 1 26 0
18 110269 2554 4115 1 50 0
18 131013 2555 1052 1 21 0
18 89990 2556 2272 1 41 1
18 172238 2557 1682 1 21 0
18 76364 2562 567 1 44 0
18 134915 2563 502 1 20 0
18 146565 2564 5597 1 39 1
18 154966 2569 4498 1 8 1
18 167941 2571 538 1 1 0
18 64375 2577 3429 1 5 0
18 91157 2577 4368 1 7 0
18 177483 2580 862 1 24 0
18 85221 2582 800 1 44 1
18 138294 2583 7217 1 46 1
18 102972 2583 1653 1 24 1
18 131939 2585 2787 1 8 0
18 77763 2585 2611 1 20 1
18 166792 2586 476 1 26 1
18 166872 2587 6030 1 39 0
18 129620 2589 3266 1 42 0
18 127374 2590 2777 1 4 0
18 78531 2599 1390 1 35 0
18 153618 2600 4971 1 30 1
18 78354 2603 4308 1 23 0
18 123908 2604 3870 1 5 0
18 122060 2605 3260 1 4 0
18 103632 2606 4222 1 34 1
18 69084 2606 581 1 28 0
18 170104 2607 179 1 22 1
18 140424 2609 481 1 43 1
18 64168 2609 1916 1 4 1
18 171336 2612 3570 1 3 1
18 127110 2614 4651 1 13 0
18 118558 2618 1476 1 10 0
18 110436 2621 6507 1 48 0
18 164694 2624 7024 1 12 1
18 121471 2624 4773 1 36 0
18 94123 2631 4953 1 19 1
18 122681 2635 6067 1 2 1
18 115980 2636 5683 1 8 0
18 110881 2637 6013 1 24 0
18 136159 2638 5211 1 30 0
18 146178 2640 4495 1 1 1
18 106945 2641 3409 1 41 1
18 171725 2642 6441 1 34 1
18 110564 2642 1110 1 48 0
18 153014 2643 7531 1 32 0
18 120483 2646 3827 1 18 1
18 126556 2647 3831 1 41 0
18 170662 2648 4716 1 24 0
18 123286 2648 266 1 39 0
18 115781 2648 6150 1 9 1
18 102169 2649 1677 1 27 0
18 168759 2652 5357 1 49 1
18 132090 2652 5951 1 48 0
18 107297 2656 2107 1 17 0
18 139349 2657 1233 1 43 0
18 77998 2661 3550 1 3 1
18 87624 2661 2667 1 21 0
18 74447 2661 1832 1 33 0
18 85767 2664 1223 1 48 1
18 97363 2669 5737 1 17 1
18 178092 2670 8062 1 32 1
18 176047 2672 4135 1 10 1
18 126871 2674 4332 1 33 1
18 140474 2674 5155 1 36 1
18 74360 2678 3299 1 42 0
18 139388 2678 4323 1 43 1
18 71715 2680 3944 1 43 1
18 149237 2680 8607 1 48 1
18 114781 2682 5253 1 7 1
18 155998 2688 8349 1 51 1
18 64422 2689 2380 1 13 0
18 139549 2698 8154 1 24 1
18 75182 2699 4368 1 46 1
18 111795 2700 5475 1 43 0
18 177000 2719 9942 1 32 1
18 129549 2727 4184 1 11 0
18 130834 2728 6460 1 1 0
18 170866 2729 2145 1 40 1
18 151765 2729 2897 1 27 0
18 171513 2731 3440 1 31 1
18 179965 2731 10652 1 45 0
18 166678 2733 712 1 13 0
18 84406 2734 432 1 8 1
18 159741 2734 6843 1 2 0
18 116347 2735 6323 1 30 0
18 175525 2736 805 1 32 0
18 101650 2736 3582 1 26 1
18 165810 2736 3618 1 7 1
18 113577 2736 4879 1 37 0
18 132821 2738 3523 1 32 0
18 95708 2738 2017 1 18 0
18 113342 2743 6514 1 3 1
18 147503 2744 406 1 39 0
18 109636 2747 6255 1 6 0
18 151757 2747 6080 1 7 1
18 110965 2750 2947 1 47 0
18 115163 2754 4381 1 42 0
18 66459 2754 372 1 14 0
18 162665 2756 2755 1 50 0
18 152160 2757 3524 1 16 0
18 139453 2759 6713 1 38 0
18 99085 2764 5929 1 14 0
18 80276 2769 3585 1 36 1
18 123379 2770 6415 1 8 1
18 71274 2772 3496 1 22 1
18 172645 2774 9559 1 24 0
18 95973 2774 3144 1 31 1
18 163608 2776 655 1 40 1
18 68713 2777 4084 1 39 0
18 97482 2778 2735 1 49 0
18 111356 2780 3729 1 7 0
18 101316 2781 4397 1 50 1
18 135559 2783 3034 1 20 0
18 142116 2789 1286 1 23 0
18 99046 2790 5214 1 32 1
18 75778 2793 2195 1 41 0
18 124794 2793 7455 1 5 0
18 140636 2795 6465 1 4 0
18 102189 2796 4404 1 18 0
18 165463 2798 6547 1 50 1
18 144434 2802 846 1 30 0
18 60188 2805 2297 1 3 1
18 116387 2805 4747 1 37 1
18 151831 2806 3881 1 27 0
18 134196 2807 4378 1 43 1
18 106804 2808 4461 1 35 0
18 115121 2809 3827 1 19 1
18 88128 2812 2940 1 9 1
18 81266 2813 2712 1 34 0
18 93131 2814 5466 1 15 1
18 68836 2819 3272 1 47 1
18 153068 2820 167 1 48 1
18 69806 2822 433 1 44 0
18 79456 2822 170 1 51 0
18 132076 2822 7342 1 47 0
18 174897 2829 9446 1 50 1
18 147260 2835 904 1 27 1
18 61223 2837 3494 1 41 1
18 130319 2843 2167 1 1 1
18 65435 2848 2318 1 4 1
18 95235 2849 5569 1 3 1
18 129062 2849 3352 1 29 1
18 130146 2849 6631 1 18 0
18 164409 2852 7854 1 6 0
18 77361 2854 1709 1 44 1
18 114153 2854 254 1 14 1
18 161915 2857 8653 1 39 0
18 67019 2863 3147 1 27 1
18 169374 2869 3454 1 12 1
18 106580 2871 3093 1 27 0
18 108596 2874 1097 1 41 1
18 171770 2875 7188 1 31 0
18 153759 2878 4097 1 40 0
18 63755 2878 1734 1 51 0
18 165517 2879 9658 1 42 1
18 80061 2880 2852 1 15 0
18 162466 2880 6460 1 6 0
18 162819 2882 700 1 15 0
18 175968 2883 455 1 27 1
18 167145 2889 2487 1 45 0
18 105339 2895 5283 1 45 1
18 118296 2903 4584 1 37 0
18 139764 2907 4651 1 35 0
18 126226 2909 4056 1 37 1
18 63851 2924 2665 1 27 0
18 99073 2925 4020 1 2 0
18 100997 2929 2879 1 33 0
18 145830 2933 2204 1 15 0
18 142234 2938 8240 1 43 0
18 61616 2938 794 1 11 0
18 126700 2939 7390 1 48 0
18 79197 2943 4685 1 35 0
18 144282 2946 4839 1 17 0
18 174511 2946 2791 1 51 0
18 98973 2948 3844 1 11 1
18 144329 2949 392 1 9 1
18 173259 2957 3595 1 47 1
18 164752 2957 7278 1 19 1
18 125780 2961 4523 1 40 1
18 129706 2962 5654 1 43 1
18 73390 2963 2054 1 49 1
18 163208 2965 4090 1 50 0
18 85644 2969 5027 1 43 0
18 145736 2969 6047 1 29 0
18 124046 2970 545 1 49 1
18 93341 2972 873 1 25 1
18 168465 2975 8073 1 46 0
18 151008 2979 2555 1 32 1
18 163722 2980 9137 1 47 0
18 77334 2981 79 1 22 0
18 65899 2982 2681 1 23 0
18 153622 2982 1168 1 14 0
18 86605 2982 3899 1 17 1
18 156561 2982 2561 1 14 1
18 141135 2983 1562 1 15 1
18 130061 2985 4285 1 11 0
18 115806 2987 6569 1 14 0
18 126430 2995 2321 1 16 0
18 97989 2997 1826 1 42 1
18 130223 2997 3211 1 34 0
18 158668 2997 1974 1 33 1
18 159595 3000 4917 1 9 0
18 106323 3002 2826 1 51 0
18 165114 3004 2593 1 43 0
18 135416 3007 6186 1 2 1
18 104950 3008 4142 1 5 0
18 80569 3011 201 1 48 0
18 65370 3013 2993 1 24 1
18 127782 3014 5394 1 37 1
18 163755 3014 1524 1 46 1
18 166791 3016 4083 1 30 1
18 173598 3017 7188 1 6 0
18 97655 3018 2052 1 37 1
18 152202 3018 4856 1 24 0
18 143673 3020 7675 1 16 1
18 143482 3024 7026 1 49 0
18 138803 3024 4411 1 20 0
18 75878 3024 1092 1 26 1
18 166840 3027 9584 1 5 1
18 67672 3027 3118 1 26 0
18 83555 3028 2752 1 33 0
18 60856 3031 1208 1 18 0
18 174527 3032 1819 1 46 1
18 93723 3033 4152 1 34 1
18 113641 3036 1103 1 39 1
18 70814 3038 1716 1 16 1
18 153917 3039 7266 1 30 0
18 143891 3039 5077 1 45 0
18 92881 3040 2009 1 42 1
18 149304 3042 367 1 28 0
18 130073 3043 5177 1 34 0
18 139088 3043 6131 1 44 1
18 109952 3046 5254 1 5 0
18 158178 3047 7759 1 20 0
18 108778 3049 3497 1 21 0
18 144965 3049 6218 1 39 1
18 67956 3049 1388 1 45 0
18 76242 3056 2423 1 25 0
18 142311 3062 7529 1 51 1
18 170445 3063 8509 1 2 0
18 101474 3064 2036 1 44 1
18 111751 3064 5444 1 48 0
18 109368 3072 656 1 33 1
18 84220 3073 4781 1 12 0
18 178438 3082 6742 1 8 0
18 127119 3084 7604 1 19 0
18 165733 3085 231 1 20 0
18 85405 3086 978 1 22 1
18 133408 3091 1126 1 36 1
18 98883 3095 2706 1 48 1
18 177047 3097 7538 1 31 0
18 76186 3099 4352 1 2 0
18 134058 3103 4115 1 25 0
18 161861 3103 2648 1 38 1
18 110902 3107 6399 1 39 0
18 100448 3109 5232 1 34 1
18 140842 3114 538 1 18 1
18 150221 3116 5117 1 41 1
18 108102 3120 4388 1 34 1
18 64016 3120 2217 1 20 0
18 82252 3125 889 1 15 1
18 109311 3126 5087 1 49 1
18 154963 3133 8397 1 24 0
18 124418 3134 1410 1 9 1
18 76684 3135 400 1 16 0
18 85277 3141 4992 1 40 0
18 67753 3141 2645 1 15 0
18 154010 3141 7287 1 33 1
18 159697 3142 7018 1 37 1
18 104555 3143 447 1 27 1
18 88141 3144 1673 1 6 0
18 138327 3150 675 1 29 1
18 124937 3150 4839 1 23 0
18 161981 3153 6016 1 41 1
18 122734 3154 2775 1 50 0
18 124387 3155 1762 1 44 1
18 90793 3158 2285 1 22 0
18 116829 3161 2846 1 24 1
18 113284 3161 5297 1 6 1
18 124889 3165 2553 1 33 0
18 70919 3166 4134 1 50 0
18 114203 3168 5429 1 2 0
18 146722 3174 7993 1 50 1
18 95399 3175 3367 1 4 0
18 120742 3175 2153 1 15 0
18 116100 3175 1524 1 33 0
18 76181 3178 245 1 24 1
18 146449 3183 698 1 50 0
18 138258 3183 3842 1 18 0
18 66156 3185 1303 1 6 1
18 179708 3186 10001 1 31 1
18 144833 3188 4385 1 39 1
18 138473 3189 6845 1 11 0
18 66436 3192 2064 1 3 1
18 66283 3193 3739 1 48 1
18 167959 3194 5618 1 38 1
18 126198 3197 3874 1 12 1
18 102514 3197 515 1 6 0
18 78504 3198 740 1 8 1
18 105530 3199 2130 1 11 0
18 113670 3205 354 1 9 1
18 129116 3205 6448 1 21 1
18 155409 3210 4028 1 47 1
18 166798 3211 9044 1 44 1
18 167140 3217 6377 1 4 1
18 101152 3217 4191 1 44 1
18 118559 3221 6696 1 37 0
18 168849 3230 7144 1 35 0
18 152610 3232 5963 1 2 1
18 153479 3234 405 1 51 1
18 92681 3236 1216 1 36 1
18 146194 3236 6737 1 31 0
18 130554 3237 7445 1 30 0
18 105808 3242 722 1 16 1
18 87710 3244 1784 1 1 0
18 68746 3245 1982 1 36 1
18 143369 3246 8570 1 17 1
18 149262 3248 5972 1 28 1
18 113981 3255 1456 1 50 1
18 112984 3257 4497 1 4 1
18 97696 3260 386 1 29 1
18 153392 3267 6672 1 37 0
18 160403 3273 998 1 10 0
18 89231 3273 5063 1 31 0
18 60235 3274 1230 1 46 1
18 91952 3278 2805 1 35 0
18 94593 3281 501 1 14 1
18 86413 3282 3516 1 22 1
18 67451 3287 1888 1 18 1
18 162879 3288 8186 1 42 0
18 146222 3290 1778 1 20 1
18 175669 3293 5483 1 1 1
18 99819 3294 2949 1 43 0
18 80479 3294 2963 1 26 1
18 152107 3296 7728 1 28 0
18 73120 3298 2327 1 15 0
18 151920 3302 7643 1 24 1
18 102834 3306 4279 1 21 0
18 116820 3306 3345 1 25 1
18 73474 3307 1186 1 14 1
18 66856 3308 1994 1 29 1
18 168020 3311 2117 1 21 1
18 103941 3311 6053 1 23 0
18 111926 3313 5848 1 42 1
18 134270 3315 4681 1 29 1
18 152419 3317 8392 1 41 1
18 170899 3319 1298 1 48 1
18 172994 3320 9078 1 46 1
18 121934 3320 1173 1 11 0
18 138061 3321 5330 1 37 1
18 153814 3322 5183 1 39 1
18 144904 3330 4439 1 13 1
18 131185 3334 6117 1 29 0
18 80623 3335 1407 1 45 0
18 107443 3339 1222 1 10 1
18 102597 3339 2330 1 8 1
18 158768 3342 6889 1 17 0
18 111886 3344 1927 1 40 1
18 156461 3346 5870 1 49 0
18 65351 3346 766 1 38 0
18 149295 3351 5316 1 10 0
18 129469 3352 556 1 48 1
18 123526 3354 1074 1 23 1
18 69260 3355 2879 1 48 1
18 120731 3356 5692 1 32 0
18 131431 3364 202 1 3 1
18 78896 3367 2297 1 16 0
18 171353 3368 8021 1 16 1
18 121159 3368 3461 1 40 0
18 85972 3371 1999 1 34 1
18 95781 3377 982 1 20 1
18 112139 3377 373 1 5 0
18 123282 3378 4004 1 49 0
18 102014 3382 3742 1 27 0
18 166385 3384 9217 1 26 1
18 67224 3386 1486 1 49 0
18 154087 3386 3236 1 28 0
18 104897 3388 5675 1 33 1
18 149282 3395 6273 1 44 1
18 97055 3399 1015 1 18 1
18 80385 3404 2279 1 44 1
18 64897 3405 1022 1 25 1
18 134675 3406 6510 1 7 0
18 171629 3407 4568 1 22 1
18 129474 3408 6747 1 49 1
18 142601 3411 2173 1 31 1
18 177272 3413 8732 1 10 1
18 173259 3415 3256 1 3 1
18 64329 3418 519 1 17 0
18 154921 3418 9181 1 26 1
18 82198 3419 130 1 19 1
18 133318 3429 4123 1 44 0
18 90191 3430 1483 1 42 0
18 105218 3435 3796 1 41 1
18 83372 3437 1065 1 39 1
18 124658 3441 7123 1 25 1
18 107660 3441 5399 1 2 0
18 156512 3444 432 1 13 1
18 78035 3449 1096 1 4 1
18 132065 3453 6748 1 40 0
18 134288 3458 3294 1 23 0
18 178705 3460 5885 1 24 1
18 81336 3460 2113 1 17 0
18 142312 3461 5842 1 37 0
18 97581 3462 3242 1 2 1
18 98247 3463 1889 1 13 1
18 141327 3463 4740 1 31 1
18 117642 3464 187 1 17 0
18 77732 3467 3887 1 48 1
18 134958 3470 1884 1 3 0
18 141910 3472 7845 1 45 1
18 104611 3473 140 1 11 1
18 161038 3476 2736 1 46 0
18 112870 3478 5798 1 11 1
18 87197 3479 4526 1 10 0
18 177280 3480 2395 1 7 0
18 151988 3484 3751 1 16 1
18 130867 3493 7694 1 33 1
18 91148 3493 2551 1 31 1
18 156603 3497 1139 1 45 1
18 68227 3506 72 1 15 0
18 178111 3507 7903 1 40 0
18 176497 3507 3965 1 28 1
18 72212 3509 779 1 29 1
18 150124 3511 7276 1 43 1
18 177106 3513 7499 1 28 0
18 65751 3516 564 1 5 0
18 83168 3519 4132 1 23 0
18 104598 3520 603 1 34 1
18 117578 3522 375 1 38 1
18 162287 3522 2316 1 28 0
18 167187 3527 3911 1 44 1
18 73741 3532 2536 1 27 1
18 115792 3538 1167 1 26 0
18 115440 3541 3768 1 5 0
18 91829 3544 2954 1 24 1
18 74181 3545 3928 1 39 1
18 94977 3547 226 1 42 1
18 60103 3554 1907 1 17 0
18 66369 3556 1038 1 24 0
18 138950 3559 7790 1 23 1
18 83616 3562 2794 1 1 0
18 102787 3567 5979 1 51 1
18 179451 3571 5718 1 16 1
18 100063 3572 2661 1 17 0
18 105489 3575 4183 1 25 1
18 179859 3577 3134 1 21 1
18 82109 3580 2996 1 43 1
18 134591 3589 4001 1 30 1
18 140553 3591 478 1 48 0
18 123943 3593 2407 1 1 1
18 159730 3594 6176 1 30 0
18 116042 3595 4214 1 31 1
18 96830 3597 3284 1 29 0
