1500
24 134313 1 7341 1 9 0
24 148796 1 4007 1 46 0
24 74129 2 4097 1 41 0
24 108687 4 2341 1 32 0
24 127083 14 6642 1 32 0
24 160799 18 8353 1 35 0
24 120563 21 6840 1 6 1
24 72662 24 1347 1 30 1
24 95150 26 729 1 27 1
24 169427 33 9304 1 25 0
24 102284 34 5936 1 18 0
24 166243 36 3588 1 42 0
24 78412 48 4311 1 51 1
24 76888 53 2478 1 8 1
24 155288 54 805 1 22 0
24 86050 58 4423 1 36 0
24 89389 60 4227 1 11 1
24 150193 61 968 1 39 0
24 63328 61 3490 1 49 1
24 99262 62 2007 1 26 1
24 63077 64 768 1 22 0
24 73974 67 3207 1 33 1
24 154264 68 6615 1 10 1
24 90511 69 632 1 28 0
24 132944 69 5086 1 50 1
24 157298 69 4152 1 17 1
24 83041 70 727 1 30 1
24 127270 76 1361 1 27 0
24 171422 78 1691 1 36 1
24 125593 85 5555 1 39 0
24 130889 89 1999 1 51 1
24 138313 93 5878 1 39 1
24 60343 93 1581 1 28 1
24 77165 95 2512 1 26 0
24 133518 98 4518 1 18 0
24 129427 100 4275 1 18 0
24 130282 101 7815 1 18 1
24 135526 104 5517 1 12 0
24 135401 107 2900 1 34 1
24 64153 111 2250 1 36 0
24 118828 113 5705 1 8 1
24 110480 119 5852 1 30 0
24 134618 121 7860 1 6 1
24 118664 130 6624 1 36 0
24 163366 131 8713 1 17 1
24 83345 131 3306 1 25 0
24 92016 131 2785 1 33 0
24 173511 135 6369 1 1 1
24 154044 135 1251 1 25 0
24 63840 137 1319 1 48 1
24 100434 138 1439 1 21 1
24 131614 141 6680 1 1 1
24 76704 142 3809 1 26 1
24 157359 144 3110 1 30 0
24 110268 152 393 1 11 1
24 108399 153 5342 1 46 1
24 162598 155 6532 1 39 0
24 86810 159 607 1 28 1
24 163660 159 4846 1 5 0
24 99679 162 3859 1 4 1
24 63009 166 3492 1 12 1
24 173527 169 9020 1 29 1
24 84065 170 1659 1 29 1
24 124202 180 636 1 31 0
24 78688 185 2638 1 40 1
24 85225 188 200 1 25 0
24 115926 188 1131 1 4 1
24 65039 190 2198 1 12 0
24 100552 199 186 1 15 1
24 154121 202 4466 1 12 1
24 149611 204 8631 1 24 1
24 116540 205 124 1 4 1
24 129859 205 5985 1 14 1
24 69766 205 1776 1 23 1
24 137177 205 3147 1 1 1
24 80679 206 4355 1 21 1
24 156913 215 3850 1 6 0
24 161134 215 3300 1 37 1
24 179136 218 5994 1 7 0
24 132327 224 6048 1 34 0
24 70613 228 324 1 37 1
24 156857 230 4804 1 21 0
24 80278 231 1884 1 3 0
24 136390 233 5007 1 28 0
24 107130 240 4096 1 11 0
24 153134 241 4731 1 28 1
24 110248 243 1148 1 21 0
24 91621 243 5161 1 40 0
24 84381 244 519 1 50 1
24 96781 244 2243 1 38 0
24 130734 246 7662 1 37 1
24 174836 247 3000 1 47 1
24 108549 248 5570 1 26 1
24 118135 249 4742 1 24 0
24 167435 249 6806 1 16 1
24 151534 252 3525 1 16 1
24 92450 252 533 1 10 1
24 130203 253 6860 1 20 1
24 124353 257 1010 1 14 1
24 178126 258 8794 1 40 0
24 172559 265 7674 1 29 0
24 104769 265 312 1 17 0
24 104349 266 463 1 12 1
24 91390 266 5183 1 8 1
24 102994 267 4047 1 38 0
24 108918 267 5485 1 39 1
24 61298 268 3096 1 32 0
24 163103 272 1249 1 19 1
24 89571 274 1008 1 27 0
24 102048 280 1341 1 50 0
24 136208 282 3708 1 49 0
24 74032 282 2299 1 44 0
24 164670 288 5262 1 46 1
24 152450 292 7710 1 3 1
24 73356 297 1308 1 14 1
24 160864 301 6490 1 36 0
24 98651 302 3229 1 36 0
24 113195 304 4656 1 27 1
24 110769 307 2964 1 4 1
24 95784 308 4775 1 10 1
24 161997 309 4731 1 41 1
24 99097 309 1541 1 20 0
24 118025 315 2054 1 25 0
24 83159 319 381 1 7 0
24 162182 320 5692 1 33 0
24 158142 322 1631 1 50 1
24 74319 324 86 1 4 0
24 101975 326 744 1 22 0
24 104820 326 1337 1 10 0
24 122145 327 4380 1 23 1
24 179526 331 5166 1 6 1
24 100737 334 4234 1 36 0
24 154048 334 6046 1 5 0
24 132763 336 7319 1 45 1
24 133110 337 1592 1 23 1
24 133021 344 3369 1 35 0
24 118609 345 3431 1 40 1
24 145732 347 5930 1 38 0
24 113166 349 6779 1 30 1
24 158142 355 324 1 8 0
24 136191 356 3839 1 36 1
24 74832 356 2013 1 33 0
24 92240 357 5460 1 25 0
24 135851 361 1066 1 50 0
24 124412 367 2605 1 19 0
24 94044 369 3178 1 18 1
24 148127 369 8590 1 6 1
24 71134 374 2745 1 27 0
24 80282 374 1685 1 14 1
24 109799 375 3709 1 5 1
24 119775 375 2684 1 43 1
24 146424 376 1533 1 11 0
24 153934 386 1215 1 1 0
24 137840 387 2680 1 35 0
24 91027 392 2335 1 26 1
24 83820 397 1304 1 18 0
24 91120 404 4034 1 16 0
24 155283 406 4809 1 28 0
24 87926 415 1418 1 8 1
24 140509 421 1204 1 12 0
24 173602 421 6254 1 12 0
24 87484 425 4822 1 46 0
24 146920 427 2417 1 34 0
24 104283 427 3813 1 17 0
24 81842 432 1764 1 13 0
24 175940 436 1849 1 12 0
24 172613 437 4703 1 26 0
24 80963 441 1246 1 22 1
24 172262 443 6686 1 32 0
24 67324 446 3264 1 10 1
24 114564 450 6081 1 9 1
24 97595 452 2837 1 40 1
24 60810 455 2390 1 39 1
24 100245 456 1814 1 6 0
24 159608 458 8391 1 44 1
24 117695 459 3098 1 43 0
24 98249 460 5238 1 15 1
24 60203 460 1664 1 21 0
24 97475 462 3543 1 51 1
24 136214 463 7005 1 45 0
24 71066 465 4136 1 20 0
24 160020 467 6254 1 43 0
24 141416 468 2788 1 30 0
24 64043 469 948 1 18 0
24 139031 470 5500 1 7 1
24 102673 470 2701 1 45 1
24 135762 473 889 1 12 1
24 76987 474 2864 1 40 1
24 157952 475 9209 1 16 1
24 80565 480 4341 1 14 0
24 108983 483 670 1 8 1
24 114350 483 5794 1 46 0
24 168842 484 3953 1 1 1
24 166450 485 8803 1 42 1
24 81756 487 2367 1 14 1
24 121250 488 6228 1 29 1
24 110233 489 2230 1 33 1
24 109882 492 3717 1 28 1
24 80785 492 3874 1 24 0
24 139509 493 3542 1 18 1
24 148088 495 7967 1 28 1
24 137423 497 5151 1 47 1
24 170036 498 1826 1 39 0
24 164971 501 6860 1 12 0
24 86261 502 4790 1 22 1
24 101604 504 5278 1 42 1
24 155448 505 5414 1 24 0
24 147359 506 2317 1 24 1
24 93629 508 5027 1 38 1
24 156988 512 6020 1 2 0
24 156177 515 2630 1 19 1
24 174812 521 6696 1 35 0
24 81749 522 3364 1 20 1
24 85209 528 448 1 31 0
24 123198 528 6941 1 37 1
24 107787 528 567 1 29 1
24 101164 529 1066 1 19 0
24 88768 531 5283 1 14 1
24 179739 532 10780 1 40 0
24 86103 533 2650 1 28 1
24 81741 533 4223 1 10 0
24 152747 534 7207 1 31 0
24 140451 539 3275 1 11 1
24 65571 539 581 1 5 0
24 119957 541 3403 1 4 1
24 97521 542 1034 1 15 1
24 140922 543 614 1 29 1
24 148922 543 4027 1 15 1
24 127194 543 4294 1 28 1
24 165933 548 6373 1 32 0
24 65098 552 3098 1 45 1
24 96614 564 1325 1 48 0
24 125013 567 4269 1 20 1
24 179602 567 3354 1 7 0
24 112894 567 6201 1 45 1
24 134013 576 7977 1 26 1
24 64154 576 3486 1 47 1
24 133027 577 3676 1 13 1
24 83765 580 645 1 50 1
24 95661 582 3763 1 44 0
24 163208 594 570 1 8 0
24 122760 595 1073 1 6 1
24 118116 598 410 1 19 1
24 169276 605 8363 1 10 0
24 106823 605 401 1 51 0
24 162790 608 7272 1 20 0
24 80745 608 580 1 23 1
24 132514 609 1677 1 35 1
24 124332 610 6486 1 4 1
24 64673 612 2704 1 38 0
24 175093 613 7261 1 14 1
24 132699 618 4327 1 15 1
24 128410 620 4115 1 6 0
24 179431 622 1641 1 46 0
24 166675 622 5205 1 17 1
24 61495 624 289 1 47 1
24 125734 628 6076 1 40 1
24 87730 628 3018 1 7 0
24 155312 635 8103 1 31 1
24 88786 638 1958 1 41 0
24 159135 641 2339 1 16 1
24 78041 643 1964 1 35 1
24 119629 644 3151 1 22 1
24 78392 651 1350 1 19 0
24 138271 652 390 1 34 1
24 95150 653 4505 1 21 1
24 162904 661 1278 1 40 0
24 161385 661 5802 1 44 1
24 64799 661 700 1 18 0
24 140312 661 3574 1 51 0
24 137251 662 6459 1 1 0
24 139912 663 3741 1 19 0
24 142003 663 7872 1 10 1
24 145400 664 6036 1 28 0
24 90514 666 2776 1 46 0
24 68441 666 2078 1 11 1
24 100474 669 1903 1 13 1
24 161307 670 9043 1 7 1
24 69277 670 179 1 21 1
24 156273 675 8458 1 30 1
24 146428 678 1530 1 28 1
24 179279 678 3359 1 31 1
24 178434 681 2507 1 7 0
24 86724 684 154 1 35 0
24 172136 685 5244 1 11 0
24 94324 694 1991 1 40 0
24 65926 695 1218 1 51 1
24 80766 696 614 1 42 0
24 138663 700 7192 1 50 0
24 118587 706 6941 1 32 1
24 136553 708 7693 1 49 0
24 95146 710 1897 1 26 0
24 159105 711 7315 1 25 1
24 142677 715 3212 1 24 0
24 173205 720 3824 1 28 1
24 65311 721 3354 1 34 0
24 152008 723 2822 1 21 1
24 178240 725 5112 1 26 1
24 177930 725 9215 1 47 1
24 125557 730 7343 1 34 0
24 84707 730 3704 1 9 0
24 90752 734 4366 1 16 0
24 168217 734 7046 1 10 1
24 171508 743 407 1 25 1
24 149162 743 1131 1 28 1
24 80878 743 864 1 11 1
24 88873 748 2732 1 11 0
24 162850 750 1704 1 41 1
24 125762 750 7535 1 36 1
24 104252 751 4692 1 41 1
24 117390 753 423 1 6 1
24 103918 756 3488 1 17 0
24 115455 756 3462 1 30 1
24 147032 757 1209 1 46 1
24 71054 757 372 1 34 1
24 62666 759 460 1 2 0
24 140669 760 235 1 46 1
24 134605 764 4677 1 30 0
24 94227 766 1108 1 20 1
24 85288 770 4998 1 50 1
24 127823 771 7592 1 6 0
24 65287 772 3221 1 11 1
24 119276 774 788 1 45 0
24 153304 780 5310 1 17 0
24 106342 780 5498 1 41 1
24 66345 781 2945 1 42 1
24 166984 786 6075 1 25 1
24 128480 788 1808 1 13 1
24 124171 789 6360 1 15 1
24 99364 792 2790 1 5 1
24 139330 794 6641 1 25 0
24 98188 795 843 1 34 0
24 83947 799 4710 1 45 0
24 79189 800 538 1 18 1
24 124237 802 6086 1 17 0
24 167325 802 2824 1 21 1
24 138991 811 8015 1 13 0
24 161862 811 5049 1 41 0
24 156086 814 444 1 11 0
24 169511 815 4136 1 25 0
24 117172 816 2501 1 40 0
24 95955 817 1786 1 46 0
24 145073 819 5426 1 38 1
24 155899 820 8457 1 5 0
24 130262 825 4430 1 35 0
24 155396 826 5421 1 9 1
24 116138 830 353 1 38 1
24 158987 831 6994 1 40 1
24 118103 834 1098 1 42 0
24 70815 836 1260 1 17 0
24 150182 845 6323 1 44 1
24 154085 848 8201 1 27 0
24 78989 849 1823 1 51 0
24 68082 852 1762 1 19 1
24 129769 853 4324 1 15 0
24 171212 857 4985 1 21 1
24 174564 858 9108 1 3 0
24 63792 869 2273 1 33 0
24 64171 871 471 1 39 0
24 94665 880 4901 1 10 0
24 63715 887 3816 1 3 0
24 118545 889 1921 1 8 0
24 123128 889 1294 1 14 1
24 142643 889 5216 1 18 1
24 147848 890 8780 1 27 0
24 70768 890 2407 1 48 0
24 168306 891 846 1 18 0
24 97249 895 2091 1 36 0
24 139049 900 5386 1 42 0
24 164442 901 4297 1 13 1
24 129295 901 7611 1 49 0
24 92887 903 5513 1 43 1
24 163228 903 1867 1 15 0
24 116362 909 486 1 4 0
24 83735 909 3388 1 34 1
24 70731 909 861 1 28 1
24 104411 910 4295 1 30 0
24 145006 911 1450 1 39 1
24 158236 911 3384 1 16 1
24 118419 911 5388 1 21 1
24 119787 915 3108 1 41 1
24 176539 916 1052 1 18 0
24 171145 918 9653 1 7 1
24 69633 919 3382 1 41 0
24 136470 924 7730 1 21 1
24 88632 925 986 1 37 1
24 152925 926 1692 1 45 1
24 86644 929 3031 1 25 0
24 70356 932 1702 1 9 0
24 157068 932 7991 1 17 1
24 115249 932 5671 1 47 1
24 158701 933 5045 1 39 1
24 160899 937 4962 1 39 1
24 161453 942 5677 1 5 0
24 106461 943 645 1 4 0
24 98534 945 2756 1 20 1
24 107952 946 3926 1 31 1
24 159462 948 6439 1 10 1
24 134161 949 4021 1 5 0
24 170515 951 4895 1 12 0
24 168906 954 1240 1 22 1
24 140076 956 3379 1 15 0
24 129971 956 773 1 46 1
24 112338 960 6085 1 3 1
24 159552 960 9287 1 30 1
24 158009 963 3772 1 15 0
24 69856 964 2966 1 30 0
24 138693 965 380 1 42 0
24 135839 968 4007 1 43 0
24 60779 969 406 1 31 1
24 135441 971 6463 1 37 1
24 87133 971 1656 1 20 1
24 74433 974 1457 1 17 1
24 151020 983 2013 1 43 0
24 96106 983 2538 1 44 1
24 169823 984 4342 1 42 0
24 122845 987 4695 1 30 1
24 131446 998 1384 1 28 1
24 108048 999 3362 1 10 0
24 121633 1000 2197 1 28 0
24 149721 1001 5511 1 5 1
24 107389 1003 3260 1 17 1
24 79987 1008 3166 1 40 0
24 134948 1008 4555 1 34 0
24 68457 1015 1944 1 6 0
24 113404 1016 5830 1 8 1
24 173711 1021 4897 1 42 0
24 129172 1022 6896 1 40 0
24 88745 1023 5273 1 1 0
24 163970 1029 660 1 42 1
24 167875 1031 4495 1 11 0
24 136894 1031 7439 1 42 1
24 169970 1032 213 1 21 1
24 90194 1034 91 1 2 0
24 162778 1034 3682 1 40 0
24 102879 1035 1029 1 4 0
24 96095 1035 4465 1 47 1
24 60506 1045 1550 1 25 0
24 96114 1047 2439 1 17 0
24 171474 1059 5997 1 35 1
24 105520 1062 3883 1 1 1
24 165365 1067 8717 1 4 0
24 148425 1067 3179 1 35 0
24 93542 1069 1638 1 38 1
24 92383 1069 3406 1 18 0
24 178260 1071 5318 1 9 0
24 76479 1076 4249 1 6 1
24 161539 1077 4509 1 43 0
24 112466 1080 2273 1 1 1
24 137014 1083 160 1 30 0
24 68343 1083 3702 1 22 1
24 60190 1084 1929 1 51 1
24 115155 1088 1400 1 5 0
24 145571 1093 1706 1 22 0
24 127061 1100 4167 1 33 0
24 131521 1105 1095 1 29 1
24 105867 1108 2951 1 32 0
24 121835 1110 1807 1 47 0
24 114804 1111 1929 1 18 0
24 124305 1113 5904 1 31 0
24 112728 1113 152 1 28 0
24 163939 1119 7517 1 31 0
24 144931 1121 3280 1 21 0
24 68664 1123 4110 1 10 0
24 126431 1123 7324 1 37 1
24 81321 1125 1224 1 50 1
24 144797 1131 5273 1 1 0
24 101223 1131 2945 1 51 1
24 149193 1131 4920 1 10 0
24 141804 1135 2506 1 51 0
24 150099 1136 7446 1 14 0
24 141521 1137 3892 1 12 0
24 141588 1137 7548 1 46 0
24 61064 1139 515 1 17 1
24 161820 1142 2920 1 22 0
24 117981 1143 4215 1 32 1
24 138072 1144 3663 1 17 1
24 83726 1145 2704 1 39 0
24 119113 1146 2777 1 48 1
24 117736 1151 592 1 5 0
24 117425 1152 2694 1 30 1
24 178892 1155 749 1 22 0
24 155357 1160 6181 1 19 1
24 139430 1165 2015 1 48 1
24 148017 1165 5972 1 31 0
24 176245 1167 2442 1 45 0
24 125930 1172 1526 1 51 0
24 63361 1173 1196 1 19 0
24 60535 1174 2344 1 47 0
24 178344 1175 5906 1 49 1
24 146843 1175 1364 1 39 0
24 131052 1177 1700 1 13 0
24 108845 1177 5768 1 1 1
24 61222 1177 1359 1 27 1
24 145950 1178 7262 1 29 1
24 127054 1179 6522 1 1 0
24 137788 1181 4839 1 28 0
24 157327 1183 4694 1 47 0
24 126739 1184 572 1 24 0
24 142452 1184 8534 1 40 0
24 154070 1185 9181 1 27 0
24 107696 1190 4498 1 7 1
24 135394 1191 3845 1 15 0
24 76142 1192 4541 1 25 1
24 77627 1194 3995 1 8 1
24 164733 1196 6380 1 15 1
24 72663 1199 4028 1 38 1
24 172168 1215 9895 1 36 1
24 145722 1215 1138 1 36 1
24 173322 1215 8346 1 49 0
24 123102 1217 3392 1 22 1
24 161153 1217 1600 1 25 0
24 65170 1218 1144 1 1 0
24 160009 1219 4684 1 39 0
24 85199 1221 1820 1 1 1
24 94632 1221 299 1 44 1
24 178595 1225 5988 1 51 1
24 96673 1227 1451 1 39 1
24 78793 1231 589 1 6 1
24 103225 1233 5616 1 13 0
24 114213 1233 3443 1 47 1
24 90176 1236 2816 1 17 1
24 137167 1237 3297 1 34 1
24 132606 1240 5788 1 5 0
24 148243 1241 5508 1 39 1
24 97916 1249 517 1 14 0
24 127893 1253 4972 1 29 1
24 68807 1254 469 1 49 1
24 79659 1255 2076 1 1 1
24 171695 1256 5165 1 41 1
24 170253 1257 4485 1 41 0
24 70625 1262 2403 1 4 1
24 101836 1264 4275 1 9 0
24 85746 1264 2322 1 16 0
24 89047 1264 4647 1 19 0
24 157916 1265 3868 1 25 1
24 79115 1270 3781 1 2 1
24 68462 1271 1076 1 33 1
24 98106 1273 348 1 37 0
24 127790 1274 1462 1 14 1
24 70183 1275 4123 1 48 0
24 86585 1275 3197 1 13 1
24 118394 1277 3926 1 18 1
24 94169 1282 1861 1 31 0
24 99454 1283 4812 1 5 1
24 174080 1283 5012 1 3 1
24 102893 1288 3429 1 50 0
24 98416 1289 5096 1 39 0
24 130397 1290 5500 1 14 0
24 140906 1290 5949 1 23 1
24 160248 1291 4688 1 11 0
24 81906 1293 2486 1 50 1
24 129778 1295 5496 1 24 1
24 100346 1298 4818 1 18 1
24 135756 1298 5844 1 51 1
24 137450 1301 7869 1 5 0
24 105092 1301 5834 1 36 1
24 175476 1302 4090 1 24 0
24 80559 1303 754 1 50 1
24 176782 1305 7034 1 13 1
24 63757 1306 1679 1 37 0
24 104547 1308 3940 1 2 0
24 111316 1309 3956 1 51 0
24 134972 1312 6846 1 16 1
24 63678 1314 442 1 9 1
24 175501 1317 7054 1 27 1
24 86962 1325 3179 1 36 1
24 108759 1330 4907 1 39 1
24 119102 1332 3502 1 26 1
24 88608 1333 436 1 3 0
24 161352 1335 7396 1 13 0
24 124274 1335 2120 1 36 1
24 79613 1339 2871 1 6 0
24 149495 1339 6955 1 19 1
24 150338 1342 4907 1 31 0
24 89508 1342 4000 1 27 1
24 170755 1347 3886 1 42 1
24 96693 1347 3394 1 13 0
24 87138 1348 3013 1 19 0
24 96734 1353 2395 1 50 1
24 87167 1353 2267 1 29 1
24 126181 1355 1840 1 14 1
24 105850 1363 5622 1 45 0
24 80814 1365 1994 1 36 1
24 177295 1365 805 1 3 0
24 95350 1366 2881 1 12 1
24 143832 1369 1089 1 42 0
24 159983 1369 415 1 23 1
24 105319 1376 1036 1 30 0
24 142834 1380 3921 1 1 0
24 151960 1383 5539 1 40 1
24 91963 1386 5235 1 17 0
24 76343 1391 2592 1 1 1
24 170153 1394 4228 1 31 0
24 104115 1396 2091 1 17 1
24 113715 1397 4024 1 31 0
24 72041 1398 3985 1 29 0
24 76254 1401 335 1 19 1
24 161866 1404 778 1 21 1
24 117413 1404 3144 1 38 1
24 154206 1406 3982 1 35 0
24 178897 1407 6742 1 13 0
24 169593 1409 4638 1 34 1
24 73241 1414 645 1 22 0
24 94714 1414 5453 1 29 1
24 77835 1415 1994 1 27 0
24 160631 1419 7468 1 6 1
24 120593 1419 2501 1 51 1
24 155306 1421 1977 1 15 0
24 172638 1421 1522 1 40 0
24 167817 1424 4324 1 10 1
24 161564 1424 449 1 33 1
24 171831 1426 3635 1 51 1
24 75593 1428 4271 1 9 1
24 138289 1431 2299 1 46 0
24 89343 1433 2354 1 14 1
24 78430 1436 2478 1 27 0
24 170860 1438 1027 1 50 0
24 105011 1440 1563 1 19 1
24 65813 1441 1440 1 36 1
24 116964 1442 2300 1 26 1
24 73936 1443 882 1 40 0
24 139660 1444 1677 1 43 1
24 117241 1448 723 1 4 0
24 129676 1454 3217 1 39 1
24 162375 1454 524 1 17 1
24 72457 1454 160 1 19 0
24 94379 1454 1346 1 31 0
24 132824 1454 5147 1 51 1
24 140171 1459 5937 1 20 0
24 93504 1462 3621 1 18 1
24 95568 1467 5655 1 22 0
24 167336 1469 6899 1 15 0
24 124097 1470 5330 1 40 1
24 132062 1473 7313 1 34 0
24 136384 1474 4136 1 21 1
24 60283 1475 2582 1 33 0
24 62225 1477 2116 1 33 0
24 128188 1481 3621 1 44 0
24 101361 1482 3020 1 28 0
24 149161 1484 6787 1 20 1
24 65265 1487 3307 1 44 0
24 66421 1490 3124 1 51 0
24 156598 1500 8086 1 26 0
24 92615 1500 5396 1 36 1
24 139064 1508 2073 1 21 1
24 173533 1511 1125 1 8 0
24 162540 1511 4834 1 33 0
24 175852 1517 8344 1 37 1
24 155627 1521 9183 1 20 1
24 165831 1521 2376 1 45 1
24 125173 1521 6758 1 40 0
24 151899 1523 7689 1 34 0
24 163170 1528 8418 1 13 1
24 153820 1528 2966 1 26 1
24 131922 1529 7448 1 36 1
24 138161 1530 830 1 44 1
24 156261 1531 1115 1 15 1
24 174469 1533 3065 1 1 1
24 94441 1533 5364 1 48 0
24 123718 1533 2317 1 23 0
24 111712 1539 3426 1 40 1
24 123048 1542 6802 1 4 1
24 168289 1543 8587 1 17 0
24 109822 1547 2897 1 49 0
24 81472 1549 4243 1 25 1
24 94978 1549 3635 1 12 1
24 108813 1554 5769 1 25 0
24 112105 1560 2222 1 14 0
24 90218 1562 1359 1 40 0
24 153722 1563 8518 1 45 0
24 99280 1563 5907 1 29 0
24 112613 1565 1912 1 41 1
24 174860 1567 3744 1 18 0
24 107487 1569 5082 1 7 0
24 123100 1570 277 1 4 1
24 60835 1572 2081 1 46 0
24 61133 1572 453 1 36 0
24 179198 1573 680 1 2 0
24 131924 1579 4043 1 4 0
24 145281 1581 7645 1 4 1
24 146958 1583 1136 1 12 1
24 162941 1592 7232 1 37 1
24 69082 1593 996 1 51 1
24 135686 1593 6551 1 25 0
24 102897 1594 3904 1 3 1
24 138308 1595 2901 1 4 1
24 120516 1599 5910 1 42 0
24 119272 1599 3533 1 32 0
24 83362 1603 2242 1 12 1
24 103222 1604 242 1 17 1
24 73774 1605 945 1 22 1
24 147067 1605 8041 1 10 1
24 164835 1613 2865 1 9 0
24 71586 1615 1793 1 48 0
24 102926 1615 3647 1 38 1
24 164039 1617 757 1 38 1
24 71737 1624 3486 1 35 1
24 142095 1625 317 1 32 0
24 90508 1628 3848 1 4 1
24 80222 1634 2656 1 11 1
24 117212 1641 2406 1 30 0
24 82528 1642 210 1 37 1
24 79599 1646 134 1 7 1
24 163013 1647 2833 1 34 0
24 87980 1652 3457 1 9 1
24 96685 1652 4590 1 11 0
24 159385 1653 5566 1 2 1
24 85830 1654 5124 1 8 1
24 149135 1655 2120 1 6 1
24 144359 1657 1356 1 49 0
24 126053 1658 1514 1 45 0
24 169261 1661 5738 1 48 0
24 110551 1662 1848 1 16 0
24 63627 1662 1560 1 33 1
24 115289 1665 6132 1 46 0
24 79730 1666 85 1 5 0
24 137547 1666 5129 1 27 0
24 140767 1673 4333 1 20 0
24 145007 1675 2794 1 30 0
24 138179 1676 7011 1 43 1
24 163676 1677 6116 1 39 1
24 177953 1678 1433 1 49 0
24 81492 1680 2483 1 3 1
24 83777 1684 3760 1 48 1
24 90836 1688 120 1 49 1
24 131304 1688 4007 1 24 0
24 66155 1688 1427 1 50 0
24 130531 1695 847 1 26 1
24 73039 1702 96 1 42 0
24 154823 1706 1214 1 42 0
24 102241 1710 5338 1 9 1
24 147793 1715 8295 1 20 0
24 153665 1719 6253 1 14 0
24 147350 1720 7487 1 16 1
24 178251 1720 2315 1 34 0
24 124322 1721 7408 1 50 1
24 152046 1724 4381 1 51 0
24 140287 1726 3934 1 13 1
24 145780 1729 637 1 28 0
24 144784 1729 7525 1 32 1
24 161294 1731 4823 1 20 0
24 100036 1733 3284 1 46 0
24 86383 1733 1938 1 22 0
24 70867 1734 448 1 38 1
24 67437 1734 409 1 31 0
24 173535 1738 3297 1 47 1
24 62171 1741 2467 1 2 0
24 165289 1747 3839 1 45 1
24 109581 1747 3307 1 47 1
24 124132 1750 4613 1 28 1
24 132574 1750 1278 1 26 0
24 118326 1751 1292 1 23 0
24 158369 1751 5322 1 1 0
24 106312 1753 2854 1 31 0
24 119507 1755 1089 1 25 1
24 149509 1756 3357 1 50 1
24 179926 1761 6933 1 11 1
24 169692 1761 9623 1 18 1
24 127508 1763 1784 1 49 1
24 130543 1763 2355 1 2 1
24 85321 1765 1310 1 5 1
24 126363 1769 5356 1 1 1
24 77690 1770 4211 1 4 0
24 178233 1770 8415 1 2 0
24 113698 1773 3271 1 16 0
24 89384 1774 1170 1 51 0
24 126500 1777 7258 1 42 0
24 121230 1779 5750 1 6 0
24 145831 1780 4654 1 43 0
24 137224 1782 899 1 34 0
24 121663 1792 1608 1 44 0
24 73172 1792 619 1 48 0
24 169255 1794 835 1 41 0
24 107444 1798 3721 1 14 1
24 145502 1799 5833 1 48 0
24 85355 1808 1003 1 39 1
24 119751 1809 821 1 20 1
24 92224 1811 3917 1 13 0
24 153831 1812 6190 1 25 1
24 167502 1814 4963 1 33 1
24 157755 1816 3730 1 51 0
24 173787 1819 2660 1 23 1
24 134259 1821 1817 1 19 0
24 125885 1822 4559 1 49 1
24 110062 1822 3510 1 25 0
24 158126 1822 5416 1 45 0
24 138325 1823 4470 1 17 1
24 110121 1828 3177 1 36 0
24 159113 1831 4202 1 20 0
24 138240 1835 5727 1 36 0
24 155897 1837 959 1 24 0
24 95231 1837 3122 1 41 0
24 100168 1839 5947 1 20 0
24 134820 1840 1722 1 15 1
24 108378 1841 1028 1 19 1
24 152045 1842 2323 1 21 0
24 92315 1845 3752 1 43 0
24 137325 1849 2727 1 27 0
24 131739 1850 4781 1 12 1
24 89093 1856 177 1 26 0
24 161122 1858 3459 1 31 1
24 154748 1859 6614 1 6 0
24 63913 1860 2872 1 35 0
24 126516 1864 2909 1 46 0
24 104159 1864 1765 1 29 1
24 125795 1866 2675 1 33 0
24 113322 1866 4021 1 42 0
24 97702 1867 230 1 28 1
24 90333 1868 2356 1 4 1
24 101558 1869 222 1 46 1
24 108791 1871 602 1 27 0
24 94174 1872 2910 1 19 0
24 102671 1875 3538 1 41 1
24 76375 1879 2710 1 31 0
24 78222 1888 2895 1 39 1
24 160881 1889 4083 1 42 0
24 89766 1889 2038 1 32 1
24 101400 1891 1473 1 29 0
24 62640 1892 2166 1 27 1
24 101789 1893 4749 1 36 0
24 176512 1897 7513 1 19 1
24 116790 1898 6614 1 46 0
24 93204 1900 371 1 19 1
24 143644 1901 8197 1 15 0
24 63521 1907 2324 1 15 1
24 154906 1908 5041 1 5 0
24 81369 1911 474 1 28 0
24 75062 1915 2550 1 39 0
24 111646 1916 3962 1 13 0
24 94271 1917 554 1 26 0
24 87580 1919 871 1 36 0
24 177452 1922 5798 1 4 1
24 162153 1923 4984 1 19 0
24 172194 1924 5646 1 32 1
24 137815 1926 320 1 48 1
24 60036 1928 2806 1 44 0
24 97072 1931 312 1 5 1
24 163873 1932 3091 1 46 1
24 120120 1934 2727 1 30 1
24 128690 1934 7463 1 17 0
24 134178 1940 7652 1 11 1
24 176175 1945 7179 1 34 0
24 95885 1947 630 1 7 0
24 167787 1950 8856 1 3 1
24 121688 1950 147 1 18 0
24 154429 1952 6363 1 47 0
24 174569 1966 5367 1 39 1
24 158348 1969 7390 1 14 0
24 60586 1970 3602 1 46 1
24 77199 1972 2916 1 30 0
24 70796 1972 2629 1 36 0
24 179362 1973 1152 1 31 0
24 88097 1977 3891 1 8 0
24 130930 1980 1957 1 37 0
24 109329 1982 5948 1 24 0
24 111073 1983 508 1 26 0
24 71047 1989 2741 1 6 0
24 108557 1991 3241 1 13 1
24 85310 1995 2448 1 4 0
24 130089 1995 300 1 22 0
24 153786 1996 6779 1 11 1
24 91599 1999 1467 1 51 1
24 143298 2000 8235 1 17 0
24 84387 2003 4021 1 28 1
24 147918 2015 2129 1 16 0
24 174418 2017 382 1 49 0
24 80013 2020 1582 1 6 1
24 69294 2020 3577 1 27 1
24 161728 2025 9638 1 4 0
24 71983 2026 1191 1 43 1
24 173657 2026 3757 1 8 0
24 107196 2027 6274 1 17 0
24 108111 2032 5139 1 26 1
24 166567 2035 2033 1 50 1
24 125947 2036 453 1 38 0
24 174810 2036 545 1 21 1
24 91797 2037 3236 1 3 1
24 103008 2039 2570 1 51 0
24 177200 2042 1437 1 30 1
24 63639 2042 2970 1 25 0
24 121879 2045 5595 1 5 0
24 121608 2046 4900 1 17 1
24 64879 2047 1327 1 2 0
24 89866 2049 5341 1 50 0
24 118466 2049 4461 1 48 0
24 167849 2052 1488 1 14 1
24 147046 2057 2948 1 46 1
24 75306 2059 578 1 30 0
24 101726 2059 2200 1 14 1
24 93070 2065 2848 1 10 1
24 77082 2065 544 1 43 0
24 142738 2069 6938 1 24 1
24 94389 2071 4834 1 14 0
24 85740 2076 1706 1 27 1
24 139178 2079 4216 1 32 1
24 137930 2080 2516 1 32 1
24 118955 2083 6012 1 6 0
24 176818 2085 2988 1 13 0
24 177170 2087 1080 1 45 0
24 116962 2088 6169 1 15 1
24 64858 2093 1818 1 44 0
24 174715 2096 1972 1 14 0
24 134340 2097 3046 1 36 1
24 130980 2098 7670 1 6 1
24 61008 2098 3503 1 17 0
24 78302 2103 4427 1 7 1
24 70673 2103 4124 1 48 0
24 158595 2105 2357 1 33 1
24 73588 2107 1064 1 19 1
24 67505 2111 1515 1 15 1
24 142474 2119 3242 1 3 1
24 109378 2121 1182 1 49 0
24 100082 2121 5909 1 16 0
24 86596 2121 231 1 23 1
24 173851 2126 3127 1 3 1
24 136713 2127 4317 1 19 0
24 74059 2129 2225 1 25 1
24 151125 2135 5289 1 14 0
24 67576 2140 1529 1 5 0
24 138598 2141 1118 1 40 1
24 109097 2143 6317 1 10 1
24 145097 2144 3888 1 13 0
24 163915 2150 8802 1 6 0
24 93926 2151 4140 1 4 1
24 124147 2157 3290 1 28 0
24 178330 2158 1367 1 42 1
24 167468 2159 8645 1 38 0
24 165756 2166 1248 1 32 1
24 78791 2169 2781 1 39 1
24 97841 2169 3911 1 40 0
24 83817 2169 4672 1 39 1
24 119546 2173 3130 1 31 1
24 63166 2175 2809 1 22 0
24 138727 2175 5648 1 13 1
24 142773 2175 3574 1 39 0
24 61707 2175 2557 1 45 1
24 112334 2176 6268 1 45 1
24 94829 2178 191 1 39 0
24 161061 2182 3833 1 40 1
24 134670 2188 7528 1 21 0
24 115477 2191 5092 1 46 0
24 85237 2192 527 1 49 0
24 156805 2192 1948 1 4 0
24 165386 2193 5272 1 41 1
24 67201 2200 3916 1 38 1
24 80862 2202 3346 1 2 0
24 87190 2203 249 1 23 0
24 89454 2203 2335 1 3 0
24 149725 2203 5215 1 25 1
24 83722 2207 1620 1 48 0
24 82578 2211 1327 1 27 1
24 171531 2213 7526 1 34 0
24 116866 2215 699 1 27 1
24 175257 2218 8596 1 28 0
24 130828 2219 3587 1 2 0
24 76040 2220 4527 1 32 0
24 157358 2223 2036 1 20 1
24 159214 2224 4983 1 34 1
24 80906 2227 3396 1 26 0
24 85276 2227 5049 1 42 0
24 134465 2227 7603 1 25 0
24 151083 2230 1063 1 20 1
24 101810 2230 4737 1 20 0
24 136133 2234 6275 1 5 0
24 93758 2234 168 1 14 0
24 63336 2237 3471 1 22 0
24 111565 2243 6209 1 37 0
24 62350 2244 1970 1 31 0
24 171249 2245 3688 1 46 0
24 104291 2246 2878 1 29 1
24 80186 2246 932 1 1 1
24 143927 2247 1747 1 23 0
24 137484 2248 5942 1 32 0
24 160414 2250 6551 1 38 0
24 151433 2253 8562 1 6 0
24 166766 2256 2611 1 18 1
24 77197 2266 1619 1 3 1
24 158904 2267 3555 1 47 1
24 162425 2267 1926 1 16 1
24 116093 2269 3074 1 48 1
24 90016 2270 2279 1 34 0
24 81108 2271 2357 1 30 0
24 153106 2272 7539 1 5 0
24 81952 2272 1225 1 51 0
24 170669 2273 8261 1 22 1
24 176934 2277 6264 1 5 1
24 87447 2278 3020 1 39 0
24 134691 2283 5626 1 45 1
24 157357 2284 8832 1 13 0
24 177823 2285 4535 1 27 1
24 88145 2286 735 1 42 0
24 117478 2286 2958 1 30 1
24 127062 2287 5623 1 50 0
24 100853 2288 5251 1 50 1
24 152950 2288 6116 1 47 0
24 99893 2289 418 1 42 0
24 107625 2297 580 1 7 1
24 175160 2297 2276 1 2 1
24 118655 2297 2165 1 22 0
24 169813 2297 8616 1 48 1
24 84762 2298 3308 1 1 0
24 160824 2307 438 1 8 1
24 75138 2308 4405 1 32 0
24 84840 2312 3929 1 51 1
24 96474 2312 1941 1 26 1
24 100208 2312 801 1 10 0
24 93570 2313 1150 1 30 1
24 93975 2315 3467 1 3 1
24 155296 2317 7467 1 12 0
24 85684 2317 677 1 15 0
24 150443 2321 5279 1 50 0
24 119786 2322 5817 1 3 1
24 102957 2324 5403 1 35 1
24 82119 2325 1921 1 30 1
24 144971 2326 5002 1 31 1
24 136715 2335 7814 1 20 0
24 169417 2335 7715 1 2 0
24 109297 2342 5142 1 30 0
24 67247 2343 327 1 13 0
24 119738 2348 5907 1 34 1
24 139227 2350 5331 1 42 1
24 165228 2352 754 1 49 1
24 81905 2357 366 1 26 0
24 166873 2357 7718 1 49 0
24 102250 2361 2373 1 19 1
24 133200 2362 4347 1 47 1
24 102359 2367 6047 1 31 0
24 146390 2377 5568 1 9 1
24 122715 2379 1620 1 32 0
24 149247 2383 1556 1 45 1
24 123247 2384 7003 1 9 1
24 125096 2386 4824 1 8 1
24 73102 2392 1566 1 47 0
24 176794 2394 10555 1 8 1
24 94423 2396 1226 1 41 0
24 154771 2405 6986 1 51 1
24 90259 2405 4623 1 49 0
24 149022 2408 4928 1 19 0
24 77699 2409 1150 1 12 1
24 167652 2410 4713 1 12 0
24 134429 2413 4222 1 1 1
24 173202 2414 6775 1 13 0
24 150526 2422 2021 1 42 1
24 95818 2422 764 1 9 0
24 74286 2423 2821 1 47 0
24 152711 2424 5977 1 15 1
24 139317 2427 7928 1 39 1
24 153075 2427 8253 1 19 0
24 133665 2428 5038 1 9 1
24 93505 2428 3885 1 12 0
24 99641 2430 3093 1 44 0
24 164651 2431 246 1 16 0
24 179646 2433 2302 1 6 1
24 126849 2433 6367 1 9 1
24 147651 2434 1025 1 45 0
24 106743 2434 2804 1 50 1
24 107325 2436 6212 1 24 1
24 142484 2438 1214 1 43 1
24 63836 2439 1403 1 40 0
24 178684 2441 1066 1 6 1
24 75756 2442 1016 1 9 1
24 177817 2443 8827 1 11 1
24 97318 2449 2611 1 18 0
24 150583 2454 8055 1 1 1
24 127613 2461 2211 1 49 1
24 116761 2462 2942 1 35 0
24 82113 2464 2469 1 14 0
24 74498 2469 1241 1 46 1
24 74174 2483 2134 1 21 1
24 124684 2487 4805 1 17 0
24 125949 2487 2294 1 21 1
24 114969 2488 2197 1 39 1
24 138604 2489 1482 1 18 0
24 171726 2492 5787 1 1 1
24 81031 2493 3155 1 48 0
24 132170 2494 4685 1 48 1
24 75208 2497 3263 1 34 1
24 129801 2500 4802 1 47 1
24 161527 2503 1916 1 38 1
24 82793 2505 3640 1 5 1
24 135639 2506 5208 1 49 0
24 88706 2506 1685 1 33 0
24 133068 2508 2183 1 8 0
24 121513 2508 1012 1 18 1
24 92913 2511 4475 1 36 0
24 75534 2511 949 1 17 0
24 171304 2515 6932 1 6 1
24 177872 2525 1703 1 51 0
24 123329 2526 6755 1 10 0
24 125490 2526 1646 1 39 1
24 150548 2531 6744 1 34 0
24 150147 2538 1467 1 11 1
24 92784 2542 2434 1 37 0
24 117942 2543 1085 1 30 0
24 73787 2543 780 1 15 0
24 84593 2545 3127 1 12 0
24 75221 2545 2992 1 24 0
24 150353 2549 7271 1 38 1
24 132932 2551 5480 1 32 0
24 118697 2553 7072 1 10 0
24 100885 2560 4474 1 7 1
24 111106 2560 4571 1 8 1
24 135486 2560 4913 1 42 1
24 151780 2562 1971 1 12 0
24 128173 2568 1308 1 1 1
24 152423 2569 4588 1 31 0
24 85624 2571 3667 1 39 0
24 67841 2571 1041 1 33 0
24 117502 2572 5031 1 10 0
24 174755 2575 8277 1 12 0
24 95983 2578 5098 1 43 0
24 132732 2579 812 1 2 1
24 76356 2582 3538 1 24 0
24 147247 2583 7041 1 33 0
24 105137 2586 1100 1 18 1
24 95533 2588 3776 1 28 0
24 138871 2589 3792 1 41 1
24 141356 2590 1552 1 43 0
24 113829 2593 6060 1 49 0
24 151094 2597 4635 1 41 0
24 156016 2598 4717 1 38 0
24 91262 2599 1309 1 31 0
24 155965 2601 4274 1 40 0
24 143406 2602 5993 1 29 0
24 72512 2605 1597 1 33 0
24 124766 2610 3924 1 6 0
24 140926 2611 2624 1 22 0
24 109832 2612 5426 1 9 0
24 118937 2615 5938 1 43 1
24 139287 2616 640 1 49 0
24 87374 2619 2958 1 44 1
24 69761 2620 2374 1 11 0
24 75054 2623 2015 1 36 1
24 138109 2628 692 1 42 0
24 160507 2636 1011 1 6 1
24 178813 2637 5841 1 30 1
24 160262 2638 8096 1 6 0
24 169888 2639 4439 1 42 0
24 140465 2639 4906 1 37 0
24 63418 2642 266 1 37 1
24 89245 2645 5256 1 27 0
24 116556 2647 339 1 30 1
24 174568 2649 6231 1 16 1
24 119351 2651 1022 1 38 0
24 155546 2654 6993 1 40 0
24 64055 2660 90 1 44 0
24 120591 2661 6440 1 20 1
24 137926 2662 5852 1 46 1
24 76826 2662 2017 1 31 0
24 127976 2667 7587 1 26 1
24 109633 2667 5136 1 24 0
24 154144 2673 8222 1 38 0
24 90564 2680 3986 1 31 1
24 84709 2680 5073 1 2 1
24 125948 2682 641 1 1 1
24 120312 2682 556 1 49 0
24 122725 2684 2240 1 10 1
24 72012 2689 2359 1 10 1
24 115841 2690 2196 1 17 1
24 160061 2690 6098 1 22 1
24 139321 2698 999 1 44 1
24 120398 2705 4140 1 35 1
24 148850 2712 8889 1 6 1
24 62400 2713 715 1 6 0
24 125492 2713 613 1 47 1
24 95661 2718 1976 1 28 1
24 73538 2720 1779 1 10 0
24 149198 2726 4573 1 49 1
24 62746 2728 2336 1 40 0
24 152495 2728 3470 1 29 0
24 99952 2730 944 1 30 0
24 65137 2733 3753 1 17 1
24 94572 2735 3979 1 19 0
24 140305 2737 4760 1 33 1
24 152807 2738 7615 1 10 0
24 169704 2743 4432 1 35 1
24 139084 2745 7088 1 25 1
24 174087 2746 3833 1 42 0
24 152455 2752 1620 1 20 0
24 127998 2758 3526 1 49 1
24 79718 2765 2896 1 44 1
24 145374 2770 3895 1 38 1
24 109669 2772 3997 1 26 0
24 178316 2774 9944 1 24 0
24 127565 2777 7123 1 10 1
24 81083 2780 3280 1 10 1
24 120677 2780 4171 1 22 0
24 103638 2782 5428 1 10 1
24 122293 2783 5892 1 51 1
24 91477 2785 536 1 30 1
24 98456 2790 1615 1 40 0
24 140684 2796 2726 1 3 0
24 76606 2796 768 1 28 1
24 138462 2807 2543 1 24 1
24 133833 2807 7378 1 19 0
24 99723 2809 2660 1 20 0
24 86453 2811 914 1 6 1
24 165221 2812 8427 1 40 1
24 137173 2816 2954 1 26 1
24 150251 2816 5226 1 50 1
24 94723 2819 4671 1 16 0
24 114013 2819 5532 1 33 1
24 163592 2830 795 1 44 0
24 140196 2831 209 1 35 0
24 93276 2833 4030 1 25 0
24 174314 2837 1612 1 26 1
24 86786 2839 1607 1 48 0
24 137145 2839 6684 1 15 1
24 158207 2839 3930 1 40 0
24 172601 2840 9352 1 7 0
24 75462 2844 442 1 8 1
24 104631 2848 4656 1 14 0
24 60687 2852 209 1 18 1
24 93180 2853 4987 1 46 1
24 92403 2854 2245 1 30 1
24 97534 2857 4770 1 44 0
24 140460 2864 1160 1 33 1
24 143555 2864 1895 1 11 1
24 116779 2865 4772 1 38 0
24 78599 2868 684 1 43 1
24 174732 2870 1929 1 44 0
24 64681 2875 1778 1 1 1
24 63331 2877 2654 1 22 1
24 132448 2878 5985 1 44 1
24 139769 2880 6994 1 3 1
24 121941 2880 2950 1 16 1
24 165369 2885 165 1 23 0
24 163742 2893 2899 1 11 1
24 171324 2896 1101 1 26 0
24 125414 2901 742 1 37 0
24 170663 2901 9254 1 7 1
24 178991 2901 1150 1 7 0
24 151788 2901 5768 1 9 1
24 110591 2907 2156 1 7 1
24 155998 2908 7857 1 3 1
24 65518 2912 719 1 15 0
24 175133 2913 2330 1 12 1
24 111262 2915 5938 1 46 1
24 111046 2919 6218 1 3 0
24 81235 2919 276 1 33 0
24 81235 2919 3286 1 29 0
24 83182 2920 3426 1 13 1
24 106685 2922 2867 1 12 1
24 100001 2931 4666 1 43 1
24 84556 2933 1514 1 41 1
24 166868 2940 508 1 6 1
24 125927 2940 7460 1 15 1
24 151822 2941 2144 1 43 1
24 148572 2943 1353 1 16 0
24 158795 2943 4533 1 16 0
24 151324 2945 6054 1 38 1
24 172604 2947 623 1 42 0
24 82304 2949 4298 1 32 1
24 60892 2965 1440 1 25 1
24 145914 2965 1792 1 36 0
24 169837 2970 9081 1 8 0
24 152706 2972 2637 1 26 1
24 162447 2973 3307 1 5 0
24 69392 2977 545 1 16 1
24 73283 2977 2644 1 35 0
24 114827 2980 4424 1 41 0
24 150743 2980 7008 1 7 0
24 117728 2982 3256 1 29 1
24 119173 2985 833 1 15 0
24 164480 2989 5058 1 1 1
24 133101 2990 2061 1 16 1
24 138864 2991 3919 1 26 0
24 86831 2992 5162 1 42 0
24 114804 3000 6222 1 37 0
24 80301 3000 658 1 21 1
24 123395 3001 5729 1 1 1
24 87330 3005 1155 1 15 1
24 97303 3008 663 1 50 0
24 115116 3014 2219 1 37 0
24 177669 3015 9064 1 9 0
24 128490 3017 3749 1 24 0
24 90094 3017 4883 1 44 1
24 138227 3018 4864 1 26 0
24 144635 3018 1355 1 36 0
24 153792 3018 4335 1 9 1
24 176062 3023 835 1 34 0
24 78904 3026 1557 1 11 1
24 169259 3026 1626 1 7 1
24 157189 3028 4482 1 16 0
24 65867 3034 2696 1 6 1
24 123698 3034 871 1 7 1
24 110479 3037 955 1 48 0
24 71075 3039 314 1 24 1
24 60999 3040 2896 1 6 0
24 172905 3040 1567 1 19 0
24 100896 3049 5506 1 42 1
24 84784 3050 3297 1 41 1
24 174134 3057 9265 1 8 1
24 61332 3061 591 1 46 0
24 141903 3065 1917 1 23 0
24 152090 3067 1468 1 9 1
24 171016 3071 8188 1 6 1
24 170597 3074 3648 1 12 0
24 168725 3075 6901 1 47 0
24 98160 3081 3220 1 37 1
24 142561 3085 4430 1 48 0
24 156129 3089 5774 1 34 1
24 75375 3096 3795 1 47 0
24 116884 3099 4878 1 48 0
24 147735 3101 2197 1 2 1
24 81158 3106 1770 1 6 1
24 71099 3109 2386 1 45 1
24 91703 3109 3985 1 40 0
24 92678 3110 2594 1 36 1
24 104898 3111 3422 1 13 0
24 133680 3112 6415 1 42 1
24 132281 3115 2835 1 51 1
24 78863 3123 4705 1 38 0
24 92448 3123 4071 1 21 1
24 160793 3124 8864 1 39 1
24 152564 3125 3344 1 13 1
24 60585 3129 2896 1 32 0
24 137167 3130 5500 1 50 1
24 128282 3132 4685 1 14 1
24 175091 3132 8508 1 51 0
24 117916 3132 3290 1 20 0
24 154244 3140 6613 1 31 0
24 162087 3140 814 1 29 0
24 78904 3145 2643 1 48 0
24 92219 3149 3506 1 18 1
24 98738 3153 2490 1 30 1
24 125223 3156 5554 1 5 0
24 70546 3161 1631 1 25 1
24 121179 3165 3723 1 15 0
24 151196 3166 2410 1 30 1
24 80604 3169 2359 1 12 0
24 178884 3170 556 1 39 0
24 108077 3172 842 1 25 1
24 69325 3176 1029 1 12 0
24 168247 3177 1209 1 51 0
24 123524 3178 4367 1 39 1
24 178958 3178 513 1 33 1
24 147683 3180 6473 1 24 1
24 62447 3183 224 1 42 0
24 145973 3187 5166 1 20 1
24 120642 3187 4295 1 37 1
24 137356 3189 4056 1 29 1
24 173489 3196 5280 1 25 0
24 137738 3197 3998 1 34 0
24 78926 3198 2099 1 19 0
24 169014 3203 6834 1 29 1
24 170010 3203 5679 1 7 0
24 149431 3204 3799 1 10 0
24 67971 3206 1546 1 50 0
24 150736 3206 2225 1 38 1
24 152592 3207 8733 1 13 0
24 145068 3208 2611 1 29 1
24 158634 3208 1813 1 8 0
24 131997 3211 4706 1 47 0
24 165276 3212 3872 1 9 0
24 178825 3216 1913 1 17 0
24 125651 3216 5342 1 19 0
24 72986 3222 711 1 5 0
24 77212 3227 897 1 40 0
24 139322 3228 6295 1 1 1
24 69788 3229 1901 1 18 0
24 136869 3230 6406 1 23 1
24 112227 3232 1869 1 34 0
24 118600 3232 434 1 36 0
24 170577 3232 7884 1 9 1
24 90775 3235 2243 1 35 1
24 110597 3235 3353 1 8 0
24 119349 3238 2407 1 19 0
24 114374 3241 4043 1 37 0
24 119893 3242 184 1 39 0
24 140258 3245 4202 1 39 0
24 105707 3247 3884 1 29 1
24 114757 3252 3670 1 51 0
24 133033 3256 2457 1 37 0
24 107298 3259 3567 1 50 1
24 125997 3262 6173 1 42 0
24 99121 3267 2443 1 20 1
24 169921 3269 3946 1 31 0
24 85811 3272 5106 1 10 0
24 103190 3273 4530 1 13 0
24 103830 3277 3266 1 7 0
24 67049 3283 1678 1 5 1
24 164093 3283 1973 1 1 1
24 148857 3285 8633 1 49 1
24 171911 3287 9872 1 40 1
24 104023 3287 2033 1 32 0
24 154320 3288 3629 1 47 1
24 92519 3296 127 1 25 0
24 157657 3299 4393 1 44 0
24 100576 3304 2737 1 31 0
24 122795 3308 603 1 25 0
24 121621 3311 1476 1 31 0
24 147911 3315 3524 1 12 1
24 119239 3319 5268 1 23 0
24 70521 3320 4215 1 4 1
24 171000 3322 6882 1 4 1
24 151817 3327 3652 1 26 0
24 71168 3334 197 1 43 1
24 155699 3337 7969 1 20 1
24 164783 3337 8743 1 46 1
24 160791 3338 558 1 5 0
24 137717 3340 4258 1 4 0
24 134527 3341 899 1 15 1
24 124096 3341 1584 1 4 1
24 101098 3345 1417 1 43 0
24 71389 3346 990 1 3 1
24 156257 3347 7195 1 21 1
24 164366 3350 6908 1 49 0
24 167824 3351 2335 1 37 1
24 171778 3352 8327 1 26 1
24 124604 3353 6933 1 11 0
24 101019 3358 3360 1 22 1
24 90899 3359 5371 1 45 1
24 136414 3360 4864 1 51 1
24 92870 3371 739 1 32 0
24 72653 3371 2658 1 11 1
24 94308 3372 5412 1 28 1
24 137308 3373 8028 1 51 0
24 71605 3381 1393 1 11 1
24 88685 3382 3362 1 7 1
24 145724 3383 4944 1 37 0
24 161397 3384 8649 1 41 0
24 74398 3385 1979 1 8 1
24 81271 3389 2690 1 24 0
24 122323 3393 6736 1 37 1
24 128712 3393 6401 1 43 0
24 145256 3395 7638 1 1 0
24 118804 3397 3603 1 21 0
24 81745 3410 3455 1 51 1
24 73043 3414 865 1 39 0
24 119377 3415 4869 1 40 0
24 164212 3420 9681 1 51 0
24 129648 3424 5641 1 45 0
24 88648 3426 4605 1 25 0
24 123809 3433 2461 1 10 1
24 139282 3435 4002 1 11 1
24 135063 3438 6105 1 29 0
24 119572 3439 7160 1 34 1
24 165297 3444 3855 1 22 0
24 72647 3446 3184 1 23 1
24 75370 3448 1352 1 42 0
24 73060 3450 1324 1 45 1
24 161926 3451 6560 1 8 0
24 149294 3451 384 1 48 1
24 130091 3460 1659 1 40 1
24 89771 3462 1655 1 39 1
24 171609 3467 4825 1 15 1
24 120748 3473 5636 1 29 1
24 142523 3473 1340 1 48 0
24 71191 3474 4046 1 49 1
24 147043 3476 7519 1 19 0
24 94726 3479 1238 1 17 1
24 115341 3481 124 1 4 1
24 125960 3481 5888 1 17 1
24 94016 3482 4274 1 41 0
24 63782 3486 3257 1 8 0
24 126766 3490 3247 1 44 0
24 75090 3496 1272 1 28 1
24 96639 3500 5038 1 31 0
24 136266 3502 3313 1 41 1
24 116846 3503 3784 1 1 0
24 117412 3503 6598 1 37 0
24 167176 3507 2133 1 51 0
24 109477 3511 4653 1 5 1
24 84869 3514 3973 1 12 0
24 69300 3516 980 1 26 1
24 110754 3518 6052 1 18 1
24 93305 3519 1724 1 42 1
24 144740 3519 3358 1 27 1
24 106695 3522 6275 1 46 0
24 148442 3526 7783 1 34 0
24 64785 3528 1759 1 24 0
24 164675 3539 6615 1 48 1
24 106150 3544 1189 1 49 1
24 137124 3551 7570 1 17 1
24 70793 3553 707 1 44 1
24 155042 3559 677 1 22 0
24 67848 3564 2513 1 38 0
24 169418 3567 9335 1 33 1
24 179500 3569 7370 1 25 1
24 72051 3570 1614 1 32 0
24 117800 3572 2986 1 14 0
24 132573 3573 4949 1 11 1
24 150898 3573 3073 1 39 0
24 70960 3573 2704 1 11 1
24 95915 3577 950 1 4 1
24 123975 3577 1858 1 23 1
24 112343 3579 5193 1 23 0
24 92773 3580 4788 1 39 1
24 137918 3582 5483 1 9 0
24 114030 3584 4869 1 50 0
24 91453 3588 4761 1 9 1
24 87443 3589 1727 1 18 0
24 100024 3589 921 1 32 0
24 87334 3592 3719 1 37 0
24 153975 3592 4380 1 16 1
24 141128 3593 7393 1 24 1
24 103302 3595 2637 1 30 1
24 155204 3598 3145 1 49 1
