1500
26 136559 9 7447 1 16 0
26 96036 9 4755 1 45 1
26 108479 10 1292 1 23 1
26 107783 11 6278 1 19 1
26 116375 18 5859 1 39 0
26 66824 18 320 1 45 1
26 165452 22 7777 1 23 0
26 171641 31 10124 1 20 0
26 120410 31 2564 1 4 1
26 111543 31 4181 1 24 0
26 92752 35 332 1 30 1
26 88156 38 379 1 45 0
26 125080 38 2425 1 32 0
26 95790 39 5661 1 42 1
26 69839 39 1952 1 14 0
26 173214 40 4526 1 24 0
26 144727 40 4628 1 26 0
26 166364 50 2031 1 46 1
26 174274 52 7166 1 24 0
26 74003 53 3649 1 29 0
26 178109 56 7280 1 28 0
26 173311 57 7659 1 5 0
26 124666 62 3622 1 23 1
26 133053 63 2374 1 39 0
26 80326 64 4758 1 33 0
26 94632 67 1708 1 22 1
26 97862 69 4115 1 16 1
26 165389 71 5404 1 5 0
26 92832 71 2503 1 33 0
26 128556 74 4862 1 32 1
26 141398 78 5316 1 32 0
26 96712 78 1862 1 36 1
26 147788 80 5089 1 16 1
26 120328 82 3270 1 36 0
26 103261 85 4634 1 48 1
26 90797 93 2171 1 32 1
26 136046 97 5839 1 28 1
26 100819 100 3289 1 37 1
26 129336 108 4174 1 31 0
26 128235 108 632 1 11 1
26 120460 110 479 1 33 1
26 146030 113 2529 1 39 1
26 179476 114 2932 1 45 0
26 75229 114 2540 1 32 0
26 170358 115 552 1 49 0
26 83056 115 4510 1 1 1
26 92289 116 2659 1 18 1
26 134586 118 7404 1 51 0
26 165498 121 5503 1 28 1
26 66940 122 1841 1 46 1
26 130709 125 2017 1 26 1
26 108377 126 4376 1 16 1
26 82352 127 2460 1 34 1
26 140028 130 4023 1 31 0
26 102583 133 210 1 10 0
26 104801 137 1922 1 42 1
26 63482 137 1242 1 16 1
26 65581 139 3269 1 7 0
26 75139 141 1466 1 20 1
26 120944 141 7138 1 2 1
26 76958 144 3004 1 20 1
26 92482 146 4260 1 32 0
26 61580 146 2010 1 33 1
26 68422 147 3870 1 18 1
26 132276 147 5434 1 4 0
26 143776 160 6613 1 3 0
26 81928 162 1111 1 26 1
26 171984 166 5244 1 34 0
26 120666 167 3926 1 33 0
26 152854 168 3583 1 51 1
26 77285 169 268 1 7 1
26 101010 170 1880 1 22 1
26 174698 172 3725 1 37 0
26 97452 172 384 1 40 0
26 101894 173 6074 1 20 1
26 130068 175 2244 1 44 1
26 173232 177 4983 1 11 1
26 71210 177 4161 1 26 0
26 155394 178 8315 1 25 1
26 173328 180 8178 1 51 0
26 172377 181 8901 1 12 1
26 109597 185 4893 1 28 1
26 119919 189 841 1 43 0
26 132702 192 5809 1 16 1
26 92923 193 2185 1 39 0
26 164665 193 5304 1 26 1
26 137258 194 7795 1 37 0
26 106935 197 5148 1 11 1
26 68196 197 2643 1 35 0
26 149036 198 2366 1 36 1
26 163666 203 9447 1 43 1
26 62813 205 3243 1 48 0
26 149044 206 6412 1 33 0
26 109483 207 2231 1 30 0
26 151130 208 2862 1 5 0
26 165076 213 8572 1 10 0
26 153944 214 4542 1 48 0
26 95491 214 5632 1 20 1
26 119184 219 4012 1 29 0
26 75227 220 1935 1 51 1
26 175189 222 6033 1 48 1
26 116262 231 2545 1 27 0
26 121708 234 3427 1 36 0
26 122892 236 764 1 5 0
26 179132 241 3205 1 27 1
26 167609 245 9587 1 7 0
26 129406 245 1385 1 2 1
26 123372 249 7024 1 36 1
26 113353 251 2394 1 3 0
26 68224 254 3669 1 41 0
26 173913 257 7474 1 28 0
26 140722 260 4493 1 5 0
26 98875 262 182 1 39 1
26 172520 267 7764 1 40 1
26 121153 267 326 1 46 0
26 65947 271 1560 1 31 0
26 77715 275 2219 1 7 0
26 64973 277 428 1 27 0
26 64940 277 715 1 16 0
26 68166 279 383 1 45 1
26 60294 279 2327 1 26 1
26 69930 279 1011 1 6 0
26 160325 281 9124 1 50 0
26 93322 282 3472 1 44 0
26 152338 285 6959 1 37 1
26 168264 288 6014 1 13 0
26 77045 288 439 1 31 0
26 143909 288 1810 1 23 0
26 150821 293 357 1 51 1
26 116816 294 777 1 27 1
26 120923 296 1720 1 11 1
26 73237 298 2303 1 3 1
26 64999 300 3371 1 24 0
26 85276 302 2348 1 46 1
26 150342 306 4528 1 39 0
26 64549 307 253 1 5 0
26 120637 321 2719 1 21 0
26 124163 322 1591 1 21 0
26 139734 325 6949 1 7 1
26 160942 325 1035 1 39 1
26 130878 325 5703 1 25 0
26 92167 332 1777 1 10 0
26 74433 332 1029 1 37 1
26 170409 332 7370 1 42 1
26 75021 332 1606 1 27 1
26 149573 334 7199 1 46 1
26 87340 334 4488 1 6 1
26 140743 334 7148 1 50 1
26 126223 338 6066 1 38 0
26 90055 339 2986 1 38 1
26 95365 341 3934 1 19 1
26 110648 341 2995 1 8 0
26 96661 342 5470 1 33 1
26 105464 342 3358 1 42 1
26 149827 343 1878 1 3 1
26 104059 344 2568 1 10 0
26 93180 344 1811 1 11 0
26 99156 346 510 1 22 0
26 100562 348 3783 1 14 1
26 145028 348 4894 1 38 0
26 159769 350 2125 1 22 1
26 149565 353 4268 1 1 1
26 83047 358 4680 1 21 0
26 126113 364 1971 1 9 1
26 158248 366 2701 1 51 0
26 149594 371 1610 1 22 0
26 148420 371 8016 1 34 0
26 120340 372 5911 1 8 1
26 117710 376 1534 1 18 1
26 126478 380 1003 1 44 1
26 124899 382 3668 1 51 1
26 178688 384 8384 1 2 1
26 67155 390 346 1 8 1
26 82525 392 557 1 19 1
26 113294 397 5932 1 37 0
26 122835 398 2959 1 29 1
26 164444 403 6259 1 3 0
26 160788 405 756 1 33 0
26 173383 406 5940 1 28 0
26 62862 406 976 1 41 0
26 109366 407 5775 1 51 0
26 170466 407 6740 1 29 0
26 64104 407 371 1 23 1
26 70454 408 1042 1 26 0
26 120548 409 4668 1 26 0
26 65629 411 3190 1 10 1
26 101310 412 4805 1 31 0
26 167461 413 6279 1 17 0
26 83160 414 1732 1 28 0
26 145071 416 5986 1 43 1
26 159912 418 8967 1 38 0
26 82238 423 966 1 27 1
26 99668 426 316 1 19 1
26 146840 429 1132 1 31 1
26 113635 432 2150 1 15 0
26 105557 435 3163 1 3 0
26 76236 439 4189 1 2 1
26 155234 446 2010 1 49 0
26 79157 451 861 1 7 1
26 65789 454 866 1 40 1
26 135364 454 7926 1 5 1
26 151195 455 2980 1 2 1
26 97809 459 3439 1 28 1
26 159205 462 7632 1 38 0
26 179311 462 10399 1 5 0
26 161403 464 6694 1 1 0
26 75919 465 1514 1 41 0
26 73657 465 2376 1 18 0
26 100218 470 4988 1 27 0
26 127684 471 4694 1 4 0
26 116190 472 4561 1 4 1
26 73753 472 351 1 1 1
26 157185 474 8806 1 41 0
26 126490 476 2156 1 34 1
26 168721 478 3875 1 47 0
26 158283 480 3108 1 25 0
26 168034 482 729 1 14 1
26 73068 485 1275 1 45 0
26 156589 489 7009 1 14 0
26 111510 490 1977 1 24 0
26 68377 495 1620 1 26 1
26 146887 496 2432 1 29 0
26 167815 496 4103 1 2 1
26 163887 496 6587 1 13 1
26 130504 497 2174 1 10 1
26 150890 503 1601 1 43 1
26 129476 507 1660 1 18 0
26 153293 511 7533 1 1 1
26 176851 514 10342 1 44 0
26 99100 515 3453 1 14 1
26 95965 520 5241 1 40 0
26 106853 525 2206 1 29 0
26 95560 528 2831 1 4 0
26 166181 531 369 1 1 1
26 62254 533 3159 1 41 1
26 71742 534 3909 1 19 0
26 172112 534 1629 1 50 1
26 95980 534 814 1 14 0
26 62612 537 1915 1 51 1
26 81789 538 2670 1 22 0
26 73418 539 1069 1 48 0
26 132127 544 5728 1 12 1
26 70516 550 3771 1 17 1
26 168823 551 6759 1 2 0
26 97336 553 4050 1 29 0
26 114917 554 674 1 3 1
26 123100 555 7272 1 45 0
26 121187 556 2238 1 3 1
26 138923 556 992 1 6 1
26 166737 557 5225 1 13 0
26 88472 559 1388 1 23 1
26 174186 559 3823 1 44 0
26 159735 567 9167 1 17 1
26 127649 569 7575 1 49 1
26 69647 579 1610 1 15 1
26 172891 586 1952 1 34 1
26 119349 586 762 1 3 0
26 150242 589 2877 1 2 0
26 67206 589 892 1 20 1
26 72353 594 2701 1 29 1
26 141923 595 5572 1 44 1
26 140020 603 3432 1 51 0
26 100900 619 2445 1 28 0
26 122490 621 4940 1 7 1
26 175926 622 9092 1 38 1
26 130594 623 1515 1 9 0
26 120968 624 1803 1 5 1
26 108757 626 5725 1 8 0
26 126184 629 4034 1 3 1
26 61482 632 1090 1 4 0
26 123250 640 7073 1 30 1
26 105565 640 4516 1 41 1
26 100903 642 1402 1 45 0
26 95359 647 1121 1 41 0
26 68873 650 3682 1 38 0
26 151608 652 8965 1 25 0
26 66265 653 2697 1 37 1
26 143671 658 2389 1 4 0
26 77106 662 4074 1 38 0
26 119843 664 210 1 1 0
26 132148 666 2118 1 5 0
26 155752 666 4637 1 39 0
26 175275 671 1700 1 28 0
26 157217 672 7509 1 46 0
26 112096 674 1739 1 30 1
26 145884 674 2685 1 26 1
26 176373 682 7740 1 33 0
26 65652 685 603 1 30 0
26 141004 687 6102 1 40 0
26 98479 688 2423 1 25 0
26 95018 689 1383 1 45 0
26 81992 690 2086 1 37 0
26 77037 695 3207 1 16 0
26 126337 698 7274 1 50 0
26 161327 701 737 1 40 1
26 70821 704 1436 1 47 1
26 178714 704 1843 1 9 0
26 74852 704 2169 1 30 0
26 86409 706 4211 1 13 1
26 130331 706 4060 1 46 1
26 104557 711 6136 1 3 0
26 110723 713 6275 1 8 1
26 149302 715 6269 1 13 0
26 105850 718 4023 1 16 0
26 149698 719 2829 1 27 1
26 177310 720 460 1 38 1
26 105405 721 4013 1 46 0
26 148040 725 6841 1 36 1
26 134495 726 2424 1 19 1
26 170840 727 4033 1 25 0
26 106885 729 6367 1 38 1
26 101447 734 212 1 2 0
26 166860 734 4616 1 36 0
26 81572 735 1262 1 35 1
26 150486 735 1332 1 40 0
26 142436 737 5955 1 3 1
26 162864 741 6692 1 37 1
26 137004 743 3666 1 8 0
26 100554 744 4308 1 48 0
26 74736 747 2351 1 20 0
26 158307 748 2619 1 27 0
26 69192 749 2727 1 51 1
26 154557 749 2839 1 5 0
26 160354 751 709 1 36 1
26 108647 751 2270 1 22 1
26 171691 755 8143 1 4 0
26 95453 761 3575 1 45 1
26 93595 762 1387 1 8 0
26 145578 762 8689 1 29 0
26 75356 764 3275 1 6 0
26 116687 766 1007 1 12 1
26 155192 766 7161 1 8 0
26 163828 767 666 1 3 0
26 96448 767 4278 1 34 1
26 153992 769 4246 1 11 0
26 171658 772 1044 1 47 0
26 101888 777 1119 1 42 1
26 92086 778 2412 1 40 0
26 137746 781 3300 1 33 1
26 83587 781 2034 1 42 0
26 69647 784 846 1 34 1
26 89034 784 3924 1 16 0
26 90209 785 5364 1 2 0
26 104350 786 939 1 2 1
26 123570 787 7071 1 14 1
26 75096 789 3782 1 23 0
26 135585 789 3498 1 17 0
26 87312 789 2626 1 36 1
26 127262 791 4724 1 6 0
26 99838 794 1391 1 39 0
26 88039 796 4587 1 47 1
26 146144 800 3113 1 49 1
26 144669 803 818 1 46 0
26 82344 806 4703 1 30 0
26 122479 807 3218 1 30 0
26 86295 810 1070 1 30 1
26 119978 810 5067 1 41 0
26 72612 810 2453 1 42 0
26 171591 811 4216 1 49 1
26 94926 811 2387 1 36 0
26 112901 812 5732 1 32 1
26 104849 817 1250 1 48 1
26 74231 818 1834 1 33 0
26 168430 819 5735 1 50 0
26 138663 821 2485 1 13 1
26 133231 824 3431 1 46 0
26 161317 827 4957 1 43 1
26 113218 827 4019 1 28 1
26 164329 830 3251 1 35 1
26 127056 831 2608 1 34 0
26 115805 831 2850 1 26 1
26 107561 834 335 1 30 0
26 74937 837 2490 1 33 1
26 142099 844 6391 1 26 1
26 104223 844 4494 1 30 0
26 177830 847 3265 1 6 1
26 114749 860 2937 1 42 1
26 141853 863 2250 1 31 1
26 136234 873 3138 1 48 0
26 161570 874 4897 1 18 1
26 155475 875 2535 1 41 1
26 142470 876 8338 1 43 1
26 170315 888 522 1 10 1
26 99831 889 1712 1 20 1
26 92630 889 1324 1 12 0
26 62503 890 2129 1 34 0
26 129192 898 6169 1 40 1
26 111986 899 1161 1 31 0
26 132993 900 3181 1 12 1
26 100320 901 2948 1 20 1
26 134513 901 4065 1 43 0
26 76725 908 3106 1 42 0
26 78449 908 3054 1 45 0
26 84773 909 4216 1 16 0
26 153443 911 527 1 34 1
26 167130 916 5317 1 9 0
26 173902 916 6575 1 31 1
26 99352 921 1790 1 48 0
26 70639 922 1818 1 48 0
26 159680 924 3297 1 33 0
26 162249 924 1459 1 26 1
26 132662 926 1207 1 36 0
26 84511 928 1930 1 40 1
26 93518 928 1882 1 51 0
26 167581 930 8460 1 23 1
26 174746 932 935 1 29 1
26 133380 933 6826 1 8 1
26 94665 934 1398 1 5 0
26 135103 937 7141 1 38 1
26 64060 938 1866 1 2 1
26 62104 947 776 1 48 1
26 116277 949 1558 1 24 1
26 144873 951 5189 1 5 1
26 107030 962 2027 1 2 1
26 155016 965 3188 1 7 1
26 147079 966 5693 1 10 0
26 110311 967 2554 1 23 1
26 111217 968 3220 1 5 0
26 179804 968 7169 1 18 1
26 165795 976 6328 1 30 0
26 134484 978 3104 1 15 0
26 128917 981 157 1 10 0
26 96030 986 4720 1 10 1
26 87382 987 2744 1 14 1
26 86683 990 576 1 17 0
26 144353 995 1517 1 20 1
26 134124 995 1860 1 32 1
26 70073 997 4005 1 20 0
26 173770 1002 8725 1 51 1
26 65588 1002 1550 1 40 1
26 76503 1003 450 1 42 1
26 76169 1008 2435 1 9 0
26 151673 1009 5812 1 19 0
26 84326 1009 2848 1 44 0
26 111535 1010 3319 1 18 0
26 122178 1014 2712 1 15 1
26 123663 1021 1708 1 17 1
26 138022 1021 3589 1 4 0
26 171278 1023 4192 1 30 1
26 173666 1026 4925 1 28 1
26 161107 1028 2942 1 41 0
26 166444 1032 2788 1 49 0
26 161987 1034 6941 1 49 1
26 151114 1035 4776 1 26 1
26 137858 1035 7090 1 39 0
26 107433 1043 3942 1 51 1
26 134323 1045 7782 1 4 0
26 161995 1046 8810 1 45 1
26 94812 1050 668 1 5 1
26 83640 1050 2450 1 32 0
26 62002 1053 857 1 30 1
26 145039 1053 2821 1 21 0
26 146938 1062 3271 1 8 0
26 95858 1067 4232 1 1 1
26 87694 1068 2462 1 36 0
26 97164 1069 2975 1 28 0
26 133115 1072 5852 1 34 1
26 91508 1077 2851 1 9 0
26 146309 1082 2351 1 16 0
26 128083 1090 6983 1 50 0
26 90015 1091 2098 1 16 0
26 113928 1092 2965 1 5 1
26 63377 1095 1294 1 20 0
26 80967 1100 4396 1 10 1
26 133642 1100 7057 1 33 0
26 144383 1100 7971 1 21 1
26 155946 1104 5476 1 39 1
26 103154 1105 5335 1 51 1
26 153261 1106 4263 1 13 1
26 149579 1107 7106 1 36 1
26 151557 1107 556 1 36 0
26 132914 1109 4351 1 24 1
26 154321 1113 3528 1 12 0
26 172901 1113 1641 1 51 1
26 175196 1113 1174 1 36 1
26 128495 1115 3523 1 49 1
26 63869 1117 2934 1 18 1
26 110263 1125 3127 1 11 1
26 73270 1125 1423 1 19 1
26 101520 1127 2725 1 30 0
26 113335 1127 6061 1 20 0
26 76878 1135 3183 1 21 1
26 73878 1138 506 1 13 0
26 82811 1139 136 1 34 1
26 116482 1142 1894 1 37 0
26 177169 1144 4289 1 6 1
26 158291 1144 2768 1 14 0
26 79852 1151 1988 1 11 1
26 82970 1153 2678 1 24 1
26 106430 1155 3803 1 51 1
26 157184 1155 1372 1 49 0
26 166561 1158 4190 1 45 1
26 136515 1159 7300 1 13 1
26 83958 1159 3145 1 46 0
26 91375 1160 5069 1 26 1
26 68550 1161 1917 1 45 1
26 159646 1167 1273 1 31 1
26 125134 1167 4726 1 37 1
26 72703 1172 2691 1 23 0
26 168530 1177 3022 1 40 1
26 177612 1179 5351 1 7 1
26 162377 1179 8217 1 38 1
26 99398 1180 2862 1 4 1
26 72310 1184 3345 1 15 1
26 64586 1185 3632 1 48 0
26 74820 1185 3158 1 1 0
26 175516 1185 1991 1 40 1
26 94709 1187 3711 1 46 0
26 169439 1187 7163 1 22 1
26 93430 1191 5034 1 24 0
26 138618 1192 699 1 32 1
26 130250 1197 804 1 16 1
26 160192 1200 5344 1 37 1
26 85424 1202 4194 1 51 1
26 144758 1203 7968 1 42 0
26 165989 1203 5861 1 50 1
26 127964 1204 4673 1 24 0
26 113243 1205 4617 1 33 1
26 143624 1206 7457 1 2 1
26 109518 1208 3341 1 37 0
26 71686 1210 2716 1 27 0
26 92362 1214 3314 1 50 1
26 87149 1214 2350 1 2 1
26 113209 1218 268 1 38 0
26 96301 1221 2368 1 22 1
26 126544 1224 6043 1 36 0
26 113168 1225 200 1 2 0
26 65759 1229 3419 1 16 1
26 145431 1229 945 1 34 1
26 144592 1231 5941 1 10 0
26 155525 1240 8697 1 11 0
26 96986 1242 4762 1 23 1
26 118747 1244 1601 1 19 1
26 77773 1244 3076 1 39 0
26 111525 1245 3354 1 18 0
26 152767 1246 8355 1 29 1
26 163147 1247 412 1 8 0
26 83667 1250 600 1 51 0
26 78296 1251 3279 1 39 1
26 61203 1253 2443 1 43 1
26 162418 1254 5157 1 45 0
26 130213 1257 736 1 23 1
26 155051 1258 316 1 2 0
26 145867 1262 995 1 45 1
26 138446 1263 1741 1 32 0
26 82579 1264 3398 1 45 0
26 172284 1266 3544 1 51 1
26 114105 1266 4308 1 24 1
26 103727 1267 1586 1 9 1
26 90240 1268 1274 1 38 0
26 88876 1270 4230 1 50 0
26 159185 1271 9086 1 34 1
26 110381 1271 4479 1 23 1
26 72191 1277 3173 1 31 1
26 87848 1279 2149 1 46 0
26 114002 1281 3822 1 3 0
26 106490 1286 4100 1 3 1
26 131379 1287 1021 1 33 0
26 103058 1287 1909 1 16 1
26 177808 1288 7328 1 14 0
26 166659 1290 8201 1 36 1
26 134212 1300 3113 1 33 1
26 176550 1304 6295 1 32 0
26 151970 1306 1748 1 34 0
26 89754 1317 804 1 23 1
26 66888 1324 506 1 37 0
26 174350 1327 9230 1 1 1
26 156931 1327 1173 1 39 1
26 66151 1330 3773 1 28 0
26 112613 1330 2928 1 5 1
26 121317 1331 6311 1 1 1
26 128871 1332 185 1 40 0
26 143484 1333 2124 1 27 0
26 78002 1334 3142 1 49 1
26 133279 1334 6556 1 46 1
26 155528 1336 7463 1 15 1
26 141225 1339 2120 1 24 1
26 62075 1339 1685 1 38 1
26 114691 1346 5012 1 8 0
26 120922 1348 3980 1 17 1
26 160643 1348 8012 1 29 1
26 66858 1351 2174 1 37 1
26 158512 1353 513 1 16 0
26 154125 1354 3861 1 43 1
26 111609 1355 6576 1 27 1
26 78388 1357 3496 1 27 1
26 150232 1358 1307 1 51 1
26 107763 1358 1179 1 21 0
26 148817 1360 852 1 14 1
26 119416 1360 5019 1 8 0
26 150654 1361 4835 1 25 1
26 151598 1366 930 1 38 1
26 120246 1368 1322 1 10 0
26 80124 1368 2823 1 45 0
26 157230 1370 5396 1 45 0
26 155070 1371 6877 1 5 1
26 147016 1374 2033 1 16 0
26 106847 1374 642 1 32 0
26 63039 1377 1430 1 47 0
26 127662 1380 7520 1 11 1
26 151123 1382 4073 1 30 0
26 148699 1389 5089 1 32 0
26 163307 1392 594 1 7 1
26 73763 1392 1926 1 43 0
26 151768 1393 277 1 35 1
26 129875 1400 5294 1 7 0
26 110851 1400 6084 1 14 1
26 121737 1402 2666 1 37 0
26 131535 1408 2344 1 36 1
26 77787 1409 3837 1 16 0
26 136456 1410 5233 1 50 1
26 143777 1412 7055 1 15 0
26 92257 1413 1367 1 2 0
26 135668 1415 1093 1 19 1
26 114657 1416 3586 1 40 1
26 148227 1421 3033 1 35 1
26 123560 1421 5231 1 10 1
26 130682 1426 6142 1 13 0
26 168313 1427 2419 1 33 1
26 170762 1428 2060 1 38 1
26 70405 1429 416 1 12 1
26 72135 1434 3398 1 9 0
26 77838 1434 3052 1 25 1
26 166691 1439 5561 1 39 0
26 77890 1444 2183 1 30 1
26 150335 1447 761 1 51 1
26 110782 1450 4466 1 51 1
26 108958 1451 1183 1 3 0
26 179513 1451 4756 1 15 1
26 82316 1451 3491 1 51 1
26 119028 1459 5180 1 14 0
26 71832 1462 406 1 27 1
26 105969 1463 4841 1 36 0
26 81626 1470 4611 1 16 0
26 93740 1470 3130 1 51 1
26 168394 1475 2080 1 40 0
26 160405 1477 9347 1 49 0
26 167317 1478 7633 1 24 1
26 85388 1486 3760 1 34 0
26 72790 1491 930 1 37 0
26 70745 1494 2260 1 29 0
26 107710 1494 1221 1 29 0
26 152797 1501 7389 1 31 1
26 145138 1505 6686 1 14 0
26 120454 1506 3887 1 20 1
26 164059 1507 5796 1 5 1
26 73432 1508 178 1 40 1
26 75277 1510 3575 1 40 0
26 116195 1513 6819 1 28 1
26 130882 1517 767 1 39 1
26 62016 1518 2497 1 45 1
26 166517 1522 3117 1 13 1
26 170693 1525 8649 1 28 1
26 129664 1529 6560 1 48 0
26 91214 1529 469 1 44 0
26 168131 1534 6689 1 26 1
26 126847 1534 7191 1 40 1
26 78224 1537 1224 1 22 0
26 98914 1537 4744 1 21 1
26 154793 1538 7966 1 10 0
26 101548 1540 5298 1 9 1
26 123193 1544 1039 1 46 0
26 79553 1544 4595 1 7 1
26 119125 1545 2404 1 38 0
26 103554 1546 5186 1 6 1
26 85191 1549 4301 1 4 1
26 97812 1551 5294 1 49 1
26 109884 1555 5355 1 20 0
26 139759 1555 1705 1 24 1
26 91179 1558 1697 1 34 1
26 110301 1560 5644 1 51 0
26 111159 1564 704 1 29 1
26 163657 1566 4902 1 18 1
26 69760 1570 2529 1 24 0
26 102480 1572 1012 1 8 0
26 177330 1576 3193 1 8 0
26 99894 1577 871 1 21 0
26 119792 1578 3484 1 49 1
26 177411 1579 5972 1 31 1
26 179684 1587 7376 1 25 0
26 121892 1587 7247 1 9 0
26 70454 1588 2404 1 8 0
26 178915 1589 9068 1 42 1
26 122786 1591 3563 1 38 1
26 120417 1594 6423 1 16 1
26 113386 1594 2110 1 4 0
26 69751 1599 2625 1 37 0
26 65822 1600 570 1 29 0
26 176262 1608 10094 1 19 1
26 72233 1608 988 1 5 1
26 155815 1612 5488 1 48 1
26 145311 1613 2787 1 3 0
26 66142 1615 1937 1 2 1
26 105647 1629 5067 1 9 1
26 145079 1630 8635 1 13 1
26 87426 1640 2814 1 14 1
26 88435 1640 339 1 9 1
26 166578 1651 9334 1 25 0
26 167575 1652 8260 1 25 0
26 128823 1654 736 1 27 1
26 157069 1657 2921 1 22 0
26 135351 1662 5717 1 40 0
26 96284 1664 2836 1 31 0
26 168326 1668 5394 1 27 0
26 100578 1671 373 1 3 1
26 135514 1672 6906 1 22 0
26 91286 1675 1034 1 10 0
26 147874 1675 1795 1 31 1
26 105268 1691 2384 1 25 1
26 172265 1701 5464 1 42 1
26 168591 1706 5332 1 51 1
26 143266 1708 697 1 32 1
26 65315 1710 3767 1 40 0
26 139220 1716 4342 1 1 1
26 116207 1717 2625 1 38 0
26 105433 1719 1205 1 37 1
26 116834 1720 3130 1 46 0
26 80315 1725 761 1 38 0
26 132961 1727 5576 1 19 0
26 139065 1731 7595 1 4 0
26 135226 1735 6817 1 44 0
26 74844 1735 559 1 46 1
26 154435 1737 7038 1 39 0
26 137411 1740 507 1 44 1
26 116047 1740 5098 1 47 1
26 173946 1743 7437 1 27 0
26 106922 1744 5952 1 7 1
26 130790 1746 7606 1 24 1
26 137798 1746 5946 1 23 1
26 115262 1748 423 1 19 0
26 165238 1751 3997 1 18 1
26 179885 1756 2205 1 51 0
26 155777 1757 3963 1 17 0
26 151125 1758 3673 1 26 1
26 98935 1767 5932 1 12 1
26 82669 1776 1611 1 40 1
26 135509 1776 951 1 46 1
26 69467 1780 2453 1 49 1
26 94802 1781 5489 1 38 0
26 65843 1783 2397 1 19 1
26 80762 1783 528 1 12 1
26 74453 1784 603 1 47 0
26 130954 1788 7503 1 6 0
26 170019 1788 6560 1 31 0
26 125150 1794 2515 1 22 1
26 177852 1796 8009 1 6 0
26 107589 1798 2332 1 9 0
26 120275 1801 6767 1 49 1
26 178041 1801 3509 1 16 0
26 175245 1806 4575 1 21 0
26 81277 1808 2991 1 2 0
26 60477 1809 960 1 41 0
26 136730 1812 1578 1 11 0
26 71997 1813 3494 1 29 0
26 71440 1813 1287 1 39 1
26 168437 1818 1352 1 41 0
26 159536 1819 8759 1 44 1
26 158663 1821 2810 1 28 0
26 152047 1822 8652 1 38 1
26 130971 1825 4452 1 38 1
26 106192 1833 1033 1 23 1
26 66593 1834 3319 1 4 0
26 107462 1837 4835 1 18 0
26 104610 1839 116 1 14 0
26 151111 1844 7149 1 5 0
26 95808 1844 3036 1 44 1
26 144199 1844 6294 1 13 1
26 85072 1845 4900 1 43 0
26 162322 1847 1835 1 35 1
26 117901 1853 6248 1 27 0
26 169979 1855 4930 1 45 1
26 61062 1860 1919 1 7 0
26 159390 1860 8270 1 12 0
26 144002 1862 5650 1 8 1
26 178654 1865 7034 1 45 1
26 72352 1866 1988 1 20 0
26 134537 1871 650 1 29 0
26 66417 1877 2386 1 31 1
26 73375 1885 290 1 19 1
26 122150 1887 288 1 49 1
26 136085 1887 4143 1 21 0
26 171141 1895 6027 1 31 0
26 66087 1899 912 1 25 0
26 135186 1900 6673 1 8 1
26 142787 1907 2277 1 35 0
26 65263 1908 2051 1 40 0
26 79994 1909 1454 1 5 0
26 95890 1909 136 1 35 0
26 129246 1911 4113 1 50 1
26 120376 1912 304 1 35 1
26 154257 1921 1313 1 11 0
26 88468 1923 399 1 1 0
26 125525 1924 4221 1 24 1
26 161130 1927 8103 1 33 0
26 71733 1930 3506 1 24 0
26 99790 1940 3154 1 43 1
26 71892 1940 2770 1 13 1
26 64142 1940 3657 1 51 0
26 87843 1942 775 1 49 1
26 153859 1944 2972 1 51 0
26 78768 1945 244 1 1 0
26 69587 1946 4017 1 6 0
26 83557 1948 3103 1 42 1
26 169292 1948 2229 1 44 1
26 175163 1950 1105 1 49 1
26 138951 1953 6709 1 30 0
26 130789 1954 1835 1 34 1
26 95496 1954 4005 1 23 0
26 93628 1954 5196 1 21 0
26 72503 1956 1646 1 12 0
26 151339 1958 8598 1 40 0
26 90460 1959 633 1 26 1
26 117857 1963 3300 1 36 1
26 114974 1963 5454 1 47 1
26 105305 1965 1656 1 17 1
26 154997 1965 4271 1 6 1
26 124109 1968 1349 1 34 1
26 73202 1972 963 1 24 0
26 87738 1973 4923 1 25 1
26 68925 1974 1129 1 31 0
26 169909 1979 4282 1 22 1
26 136454 1985 7557 1 20 0
26 150124 1985 2664 1 23 0
26 75583 1986 2273 1 30 1
26 93506 1990 3992 1 13 0
26 78511 1992 1568 1 49 0
26 108403 1995 5947 1 51 1
26 87499 2001 2929 1 18 0
26 158581 2002 3568 1 43 0
26 128346 2003 4436 1 10 1
26 135331 2004 4390 1 45 1
26 84468 2005 2711 1 7 0
26 168679 2009 9457 1 3 1
26 152554 2009 6869 1 3 1
26 154618 2010 1879 1 1 0
26 68074 2019 485 1 29 1
26 63184 2023 3396 1 7 1
26 70412 2023 2881 1 1 1
26 97975 2025 631 1 27 1
26 142370 2025 6137 1 35 1
26 100096 2026 1196 1 7 1
26 171588 2029 9389 1 9 0
26 84133 2034 436 1 7 0
26 172580 2038 1127 1 5 1
26 89433 2038 2815 1 31 1
26 105202 2040 1664 1 39 1
26 121538 2046 2417 1 26 1
26 97214 2048 3089 1 33 0
26 70017 2048 1618 1 26 1
26 113245 2049 1934 1 17 1
26 176113 2052 4465 1 50 1
26 147465 2052 253 1 25 1
26 106099 2054 2021 1 5 0
26 100309 2056 1413 1 32 0
26 129023 2056 7034 1 19 1
26 133377 2059 1556 1 24 1
26 78367 2061 247 1 50 0
26 86940 2062 1015 1 12 0
26 139413 2065 207 1 23 1
26 65408 2066 2157 1 40 1
26 176730 2070 10229 1 35 1
26 144074 2072 4816 1 20 0
26 86719 2073 1501 1 36 0
26 129285 2075 4444 1 48 0
26 84963 2076 2174 1 29 1
26 65244 2086 3453 1 10 0
26 140766 2087 7496 1 37 1
26 135813 2089 1648 1 36 1
26 145749 2090 6276 1 35 0
26 86104 2092 5006 1 40 1
26 133429 2094 1442 1 2 1
26 61961 2099 365 1 18 1
26 129211 2099 6871 1 8 1
26 125099 2102 2261 1 47 1
26 118057 2103 895 1 4 1
26 89778 2104 1125 1 1 0
26 84076 2104 3982 1 43 1
26 149590 2110 6632 1 49 1
26 171573 2114 4449 1 28 1
26 67317 2116 3620 1 1 0
26 172327 2119 6930 1 31 1
26 73549 2130 2169 1 22 0
26 126074 2130 5775 1 3 1
26 175063 2131 6204 1 47 0
26 151219 2131 6464 1 28 0
26 73458 2132 3653 1 24 1
26 116526 2141 5692 1 28 1
26 179685 2142 2222 1 14 0
26 108234 2146 2413 1 49 0
26 177101 2146 5670 1 48 0
26 140087 2148 1601 1 22 1
26 70396 2150 1137 1 12 1
26 155451 2153 1734 1 12 0
26 107019 2157 5865 1 18 0
26 76111 2159 150 1 29 0
26 89398 2159 1012 1 46 1
26 97951 2166 5442 1 35 1
26 157099 2170 5260 1 45 1
26 110345 2172 6394 1 33 0
26 120332 2173 2897 1 10 0
26 61502 2173 2467 1 17 1
26 62196 2174 2205 1 25 1
26 119025 2187 6066 1 40 1
26 80534 2188 3676 1 14 0
26 114639 2190 4895 1 41 1
26 163181 2191 8330 1 51 0
26 73434 2192 4309 1 30 0
26 84532 2195 4169 1 42 1
26 67201 2197 497 1 5 0
26 110879 2197 1041 1 30 1
26 166952 2202 6101 1 8 0
26 64879 2202 3002 1 16 1
26 64167 2203 3680 1 7 1
26 104412 2204 211 1 48 0
26 71822 2206 249 1 7 1
26 79756 2207 3751 1 22 1
26 107136 2208 3646 1 4 0
26 97877 2211 3048 1 34 0
26 67410 2213 553 1 44 1
26 70479 2215 2729 1 35 1
26 91307 2217 3992 1 23 1
26 129005 2217 662 1 46 1
26 83682 2218 1963 1 26 1
26 76365 2221 1848 1 32 0
26 93101 2224 3492 1 11 1
26 170620 2226 6653 1 4 0
26 78607 2228 4167 1 18 1
26 141155 2228 3206 1 46 1
26 127933 2229 978 1 51 1
26 166815 2230 3438 1 51 0
26 116254 2231 2469 1 8 1
26 127540 2232 3352 1 21 0
26 127080 2232 5782 1 36 1
26 143470 2236 2984 1 37 1
26 134853 2239 6378 1 23 1
26 67878 2239 3651 1 26 1
26 87785 2240 2248 1 11 1
26 69371 2241 1249 1 3 1
26 105871 2242 596 1 49 0
26 144549 2242 5013 1 42 0
26 171472 2243 7743 1 14 1
26 82607 2245 1972 1 13 1
26 112581 2249 4795 1 21 0
26 137522 2253 1259 1 41 0
26 87332 2255 888 1 20 1
26 159200 2255 6832 1 21 0
26 67596 2257 1327 1 45 0
26 174019 2265 3027 1 51 0
26 134100 2271 5889 1 42 0
26 169120 2273 217 1 27 1
26 169975 2277 873 1 43 0
26 156634 2278 5440 1 31 1
26 154022 2279 8102 1 34 1
26 128179 2280 2296 1 18 0
26 172368 2281 7144 1 30 1
26 142589 2282 5737 1 44 0
26 168904 2291 9620 1 46 0
26 67401 2291 3075 1 45 1
26 84494 2296 5006 1 20 0
26 109634 2299 6454 1 51 0
26 159996 2299 7739 1 51 1
26 157643 2300 8952 1 35 0
26 96703 2304 5218 1 46 1
26 85985 2304 2085 1 16 1
26 153406 2311 6114 1 40 0
26 144892 2319 2049 1 50 1
26 171871 2326 253 1 29 0
26 152297 2332 327 1 44 1
26 105071 2334 2263 1 40 0
26 102195 2335 3939 1 34 0
26 101688 2339 714 1 27 1
26 123281 2342 4650 1 34 1
26 125742 2344 6215 1 41 0
26 83213 2346 2639 1 33 0
26 178878 2351 869 1 50 1
26 125207 2353 2752 1 30 0
26 125590 2357 4857 1 27 0
26 63799 2357 337 1 10 1
26 87009 2361 1085 1 10 1
26 154738 2372 1406 1 6 1
26 101031 2374 5335 1 12 0
26 82277 2375 215 1 10 0
26 122279 2376 1759 1 25 1
26 95322 2381 4767 1 17 1
26 108618 2385 1039 1 18 1
26 143639 2386 1832 1 45 1
26 80888 2387 1918 1 35 1
26 169474 2392 3553 1 47 0
26 74881 2392 3091 1 35 0
26 106378 2397 3800 1 31 1
26 122718 2403 7248 1 42 0
26 89709 2406 2252 1 20 1
26 104877 2408 5452 1 24 1
26 125105 2412 4060 1 11 0
26 177592 2413 3978 1 13 0
26 82945 2414 4099 1 12 0
26 60506 2414 1519 1 20 1
26 97879 2415 1541 1 13 0
26 102873 2417 5134 1 21 1
26 168115 2422 4837 1 2 1
26 104173 2424 843 1 27 1
26 91494 2434 5253 1 25 0
26 65337 2436 2992 1 51 0
26 77406 2441 1806 1 12 1
26 158927 2441 8126 1 31 0
26 119752 2441 3972 1 48 0
26 77277 2447 3623 1 8 0
26 78768 2449 1607 1 27 0
26 149077 2450 3130 1 46 1
26 156777 2452 1593 1 48 1
26 155566 2453 7260 1 10 1
26 118372 2454 5151 1 39 0
26 125516 2457 1821 1 23 0
26 73260 2458 4159 1 6 1
26 149989 2462 8042 1 4 0
26 167758 2463 2505 1 25 1
26 142784 2463 2101 1 37 1
26 68804 2469 1328 1 51 1
26 167375 2471 8099 1 27 1
26 149747 2479 3780 1 6 1
26 125252 2479 7324 1 8 0
26 169325 2480 4122 1 4 1
26 60408 2481 1980 1 43 0
26 114437 2481 2374 1 30 1
26 129719 2484 6245 1 39 1
26 112383 2488 3076 1 27 1
26 153370 2489 5736 1 12 0
26 105921 2489 522 1 40 1
26 174463 2492 4948 1 6 0
26 61410 2493 2976 1 11 1
26 73632 2495 4063 1 23 1
26 82905 2503 4713 1 16 1
26 118964 2505 3566 1 5 0
26 155166 2507 1454 1 51 1
26 160870 2508 6209 1 47 0
26 67571 2516 2131 1 47 0
26 161840 2517 565 1 43 1
26 85351 2520 3251 1 47 1
26 71749 2521 3862 1 16 1
26 165200 2521 5760 1 17 0
26 102190 2526 1901 1 14 1
26 60005 2527 3139 1 18 0
26 81973 2527 854 1 27 1
26 108895 2528 1948 1 32 0
26 145249 2530 5073 1 23 0
26 174928 2532 2785 1 19 1
26 179760 2532 8643 1 7 0
26 139564 2532 6760 1 48 0
26 179781 2535 9835 1 1 1
26 173807 2535 7942 1 3 1
26 113461 2537 418 1 44 0
26 100082 2539 2142 1 28 0
26 135549 2540 1566 1 3 1
26 150564 2544 7573 1 8 1
26 125739 2546 216 1 19 0
26 158313 2546 4234 1 17 1
26 72868 2546 3495 1 36 1
26 133294 2547 2268 1 35 1
26 72027 2549 4101 1 43 0
26 142390 2549 4049 1 46 1
26 72961 2553 2242 1 43 0
26 163005 2553 2049 1 40 1
26 72898 2553 138 1 27 0
26 120031 2554 5820 1 37 0
26 140583 2555 629 1 32 0
26 145741 2558 790 1 36 0
26 147998 2560 2848 1 12 1
26 116862 2560 2534 1 4 1
26 98254 2561 1790 1 51 1
26 79194 2563 2163 1 39 1
26 178625 2565 7799 1 45 0
26 169292 2566 9258 1 12 1
26 159317 2567 3942 1 1 1
26 106545 2568 571 1 41 0
26 157386 2570 1714 1 33 0
26 117116 2570 2364 1 44 1
26 108787 2571 4393 1 20 0
26 177445 2572 6224 1 4 1
26 161616 2579 4804 1 12 0
26 73665 2582 1283 1 29 0
26 99872 2582 472 1 50 0
26 89958 2586 4508 1 46 0
26 117477 2589 5669 1 46 0
26 85596 2591 130 1 34 1
26 85392 2595 3511 1 4 0
26 137621 2595 1876 1 21 0
26 100908 2596 4078 1 9 1
26 163253 2596 7970 1 45 0
26 61785 2598 578 1 23 0
26 150821 2598 1893 1 31 0
26 148268 2600 6553 1 32 1
26 170259 2602 1508 1 47 0
26 174095 2604 1273 1 23 1
26 152140 2608 7692 1 24 0
26 133074 2611 3323 1 2 0
26 125509 2611 6097 1 21 0
26 97693 2614 4539 1 38 1
26 107205 2614 3996 1 44 1
26 62597 2615 2075 1 18 0
26 144825 2622 2969 1 30 0
26 117706 2624 2397 1 36 1
26 124010 2626 7238 1 17 1
26 75625 2627 3493 1 5 0
26 86267 2627 1743 1 25 1
26 165584 2630 6013 1 49 0
26 97540 2634 935 1 32 1
26 154024 2643 2657 1 19 1
26 86087 2644 806 1 13 1
26 115808 2646 610 1 15 0
26 71982 2647 463 1 1 1
26 169486 2651 2521 1 23 1
26 163158 2653 346 1 24 0
26 70615 2654 1036 1 48 1
26 163396 2657 5910 1 11 0
26 104912 2657 5001 1 38 1
26 124837 2658 199 1 30 1
26 62770 2663 1008 1 19 0
26 110379 2670 6084 1 45 0
26 172895 2671 6403 1 1 1
26 114692 2675 4005 1 32 1
26 76178 2676 2204 1 42 0
26 143006 2677 8057 1 27 1
26 163428 2681 2866 1 50 0
26 113104 2686 3690 1 37 0
26 131069 2686 1532 1 25 0
26 74156 2686 1581 1 31 0
26 116382 2686 5386 1 18 1
26 79481 2689 614 1 36 0
26 143431 2689 7282 1 46 1
26 99924 2692 607 1 45 1
26 69901 2692 1136 1 4 0
26 152388 2700 3541 1 37 1
26 135196 2704 239 1 22 1
26 163473 2704 7503 1 47 1
26 136036 2704 7956 1 16 0
26 94603 2704 4159 1 12 0
26 114287 2706 2488 1 12 1
26 154193 2707 4403 1 43 0
26 97662 2709 1532 1 35 1
26 144337 2710 8544 1 27 1
26 161599 2712 2260 1 7 1
26 171611 2713 6230 1 12 1
26 83102 2714 3481 1 46 1
26 91233 2714 2049 1 23 1
26 171951 2718 905 1 22 1
26 94988 2719 560 1 25 0
26 154675 2722 1031 1 47 1
26 70441 2722 1877 1 11 0
26 118814 2724 1110 1 32 0
26 64158 2728 2922 1 29 1
26 160124 2729 7399 1 37 0
26 153470 2731 3915 1 31 1
26 146713 2732 1678 1 28 0
26 134705 2732 7374 1 7 0
26 103806 2733 3907 1 47 1
26 97478 2735 5576 1 24 0
26 166061 2739 4416 1 26 0
26 148447 2747 2528 1 14 0
26 69057 2760 1170 1 5 1
26 104951 2766 4741 1 45 1
26 69211 2772 3563 1 22 1
26 162666 2772 4670 1 50 1
26 66442 2783 1414 1 37 1
26 136446 2785 4949 1 20 1
26 120674 2794 5420 1 50 1
26 176286 2796 7557 1 5 0
26 169040 2796 7897 1 27 1
26 160089 2799 6689 1 33 1
26 90783 2799 4656 1 10 0
26 175360 2799 9422 1 48 0
26 112422 2801 1285 1 7 0
26 137917 2810 613 1 2 1
26 114455 2814 1997 1 46 1
26 63222 2816 2314 1 34 1
26 89229 2816 2616 1 39 0
26 107375 2819 721 1 21 0
26 178677 2819 5150 1 16 1
26 92309 2819 2876 1 17 0
26 156931 2819 3077 1 16 1
26 114871 2821 6201 1 34 1
26 67646 2822 2712 1 51 0
26 89040 2822 5256 1 17 1
26 96548 2822 2057 1 20 0
26 127240 2822 6436 1 26 1
26 109478 2825 4355 1 12 0
26 171671 2828 7734 1 12 1
26 108123 2831 310 1 12 0
26 143762 2832 3434 1 48 0
26 120118 2832 2626 1 5 1
26 166033 2832 4371 1 8 1
26 149626 2834 7416 1 2 1
26 141632 2835 2560 1 1 1
26 109953 2836 4793 1 34 0
26 141485 2837 326 1 5 0
26 139577 2839 4391 1 24 1
26 132668 2842 7076 1 20 1
26 117207 2850 825 1 34 0
26 106956 2851 5685 1 24 0
26 79446 2851 1808 1 10 0
26 171178 2853 3387 1 40 0
26 71367 2854 2390 1 29 1
26 71857 2857 4152 1 29 0
26 113534 2859 891 1 23 1
26 71927 2861 2534 1 46 1
26 154990 2861 800 1 20 1
26 71592 2865 1269 1 2 1
26 164757 2868 3803 1 40 1
26 176687 2868 4383 1 30 0
26 159943 2879 3190 1 5 1
26 104588 2883 1084 1 34 1
26 85669 2883 1344 1 11 1
26 76085 2891 274 1 38 0
26 125299 2893 460 1 45 1
26 80685 2898 2440 1 28 1
26 97318 2899 3839 1 33 1
26 123313 2900 2705 1 33 1
26 114080 2902 3775 1 30 0
26 91335 2904 4144 1 44 0
26 169645 2908 9109 1 16 0
26 98734 2912 5202 1 50 0
26 82133 2916 228 1 4 0
26 145558 2916 7942 1 37 0
26 61788 2917 885 1 23 1
26 161366 2917 7278 1 27 0
26 152517 2919 6120 1 24 1
26 144721 2920 7982 1 13 1
26 170137 2921 9280 1 39 1
26 164317 2926 4434 1 31 0
26 160133 2930 4380 1 36 1
26 119354 2933 2541 1 44 1
26 118963 2940 3682 1 13 1
26 92712 2952 1578 1 43 1
26 153567 2953 6890 1 16 1
26 89534 2954 4089 1 31 0
26 139713 2956 2743 1 33 1
26 64231 2958 614 1 11 1
26 138010 2959 4427 1 11 1
26 169706 2960 3505 1 22 0
26 80523 2965 1438 1 46 0
26 164191 2967 3247 1 49 0
26 116761 2968 1860 1 21 0
26 126829 2969 2077 1 38 0
26 60739 2974 3432 1 44 1
26 130263 2975 5035 1 2 1
26 166622 2976 9336 1 34 0
26 101717 2977 5075 1 8 1
26 63551 2979 515 1 37 1
26 83559 2980 2087 1 37 0
26 141016 2981 4023 1 43 1
26 163269 2983 3892 1 39 1
26 123530 2985 2841 1 17 1
26 130409 2987 7793 1 39 0
26 160826 2988 8363 1 49 0
26 71433 2989 3086 1 31 0
26 121760 2995 7063 1 32 0
26 89959 2995 4570 1 45 1
26 161983 2998 6546 1 14 0
26 104957 3000 1676 1 35 1
26 110140 3001 2249 1 10 1
26 74897 3005 231 1 12 1
26 69315 3007 1545 1 20 0
26 162647 3009 5076 1 28 1
26 172665 3010 2177 1 25 0
26 102435 3012 1185 1 12 1
26 96325 3015 5684 1 45 1
26 156631 3020 7281 1 22 0
26 113824 3022 1674 1 40 0
26 153460 3030 6498 1 9 0
26 157755 3030 4418 1 11 0
26 132890 3031 3399 1 4 1
26 97923 3031 3220 1 43 0
26 82988 3035 4503 1 33 1
26 121999 3039 5279 1 15 0
26 64694 3047 3494 1 12 1
26 163401 3053 5927 1 5 1
26 67943 3055 3600 1 49 0
26 85752 3055 719 1 43 1
26 143296 3058 1985 1 36 1
26 81554 3059 473 1 23 1
26 167080 3064 2049 1 43 0
26 170949 3066 4554 1 12 0
26 76302 3067 1136 1 32 0
26 163432 3073 5893 1 39 0
26 161883 3074 9246 1 30 1
26 140880 3075 4553 1 27 1
26 75640 3077 1459 1 22 1
26 107346 3078 5336 1 7 0
26 127334 3083 2224 1 42 0
26 138584 3085 8108 1 8 0
26 138030 3087 5422 1 49 1
26 130368 3091 1596 1 33 1
26 104092 3097 2103 1 35 0
26 114463 3098 1441 1 51 0
26 90589 3101 2066 1 8 0
26 127621 3101 719 1 14 0
26 165961 3102 1830 1 21 1
26 99251 3104 1688 1 20 1
26 81363 3107 4214 1 13 1
26 84315 3110 619 1 26 1
26 172830 3111 7647 1 14 0
26 63479 3112 925 1 13 1
26 89726 3115 3681 1 19 0
26 113661 3117 2663 1 4 1
26 82366 3122 112 1 35 0
26 109648 3126 2096 1 2 1
26 110825 3128 5522 1 31 0
26 156140 3130 7388 1 29 1
26 143557 3130 2840 1 26 0
26 70111 3138 4097 1 29 1
26 105064 3145 5671 1 4 1
26 161605 3145 9023 1 48 0
26 174677 3145 3602 1 17 1
26 145642 3146 7260 1 17 1
26 162083 3151 595 1 23 0
26 148666 3156 3105 1 22 1
26 89050 3156 832 1 6 0
26 113891 3159 4380 1 19 0
26 161975 3160 3582 1 19 0
26 92307 3160 4717 1 50 0
26 137538 3160 2098 1 17 1
26 80420 3161 381 1 28 0
26 81430 3161 682 1 15 1
26 131979 3162 7367 1 3 1
26 136486 3171 358 1 4 0
26 77412 3173 1616 1 15 0
26 65744 3173 664 1 18 1
26 175818 3174 1970 1 7 0
26 141279 3177 2145 1 38 0
26 76208 3178 3475 1 22 0
26 65687 3182 3477 1 8 0
26 143382 3189 1133 1 49 1
26 154814 3189 685 1 30 1
26 164036 3192 9728 1 5 0
26 152992 3195 1630 1 14 0
26 73177 3199 3780 1 21 1
26 175650 3200 9719 1 47 1
26 115348 3201 4879 1 22 0
26 158140 3207 7032 1 30 0
26 116674 3207 1444 1 22 1
26 110761 3211 546 1 45 0
26 68959 3214 3622 1 37 1
26 144818 3214 4260 1 25 1
26 72634 3215 2900 1 5 0
26 138075 3217 1090 1 48 0
26 147026 3227 388 1 36 1
26 90420 3228 4590 1 5 1
26 170406 3231 3192 1 29 0
26 169478 3233 5815 1 45 0
26 159503 3234 5663 1 33 0
26 110004 3235 6352 1 37 1
26 98189 3235 3996 1 38 1
26 115069 3235 4403 1 33 1
26 75200 3238 1382 1 25 1
26 149736 3239 4483 1 43 0
26 95516 3240 2383 1 18 0
26 154501 3242 5766 1 5 1
26 74350 3245 2502 1 13 0
26 101135 3250 1670 1 49 0
26 162682 3250 4350 1 11 1
26 124797 3252 907 1 16 0
26 111604 3259 2174 1 15 1
26 99627 3259 4940 1 35 1
26 114734 3260 5814 1 12 0
26 133821 3260 3199 1 21 1
26 99033 3262 1742 1 12 0
26 77723 3262 1281 1 44 1
26 150507 3264 6090 1 34 1
26 116422 3272 4808 1 47 1
26 133457 3272 5613 1 13 0
26 146437 3272 3783 1 46 1
26 90900 3274 1329 1 15 1
26 76201 3274 1445 1 45 0
26 153370 3275 6504 1 44 1
26 72855 3281 375 1 3 1
26 60208 3283 2457 1 44 1
26 92867 3284 1904 1 35 0
26 104321 3286 5522 1 51 0
26 74559 3286 3715 1 13 0
26 156388 3287 8332 1 28 1
26 91753 3288 526 1 21 1
26 179321 3290 3519 1 24 1
26 108292 3291 5167 1 41 1
26 175355 3293 3394 1 8 1
26 122978 3295 546 1 21 0
26 111527 3296 1967 1 32 0
26 112414 3300 4585 1 48 0
26 69406 3302 3365 1 17 0
26 172018 3303 2027 1 51 0
26 128501 3304 1262 1 33 0
26 72618 3306 3781 1 5 1
26 145035 3306 6613 1 1 0
26 178931 3309 1031 1 4 0
26 148250 3310 7167 1 15 0
26 75901 3315 3237 1 24 1
26 73059 3316 4116 1 48 0
26 141649 3316 7603 1 25 1
26 133186 3331 5667 1 10 0
26 77427 3332 1916 1 46 1
26 123674 3335 4310 1 30 1
26 77862 3338 1990 1 45 1
26 154989 3341 8714 1 40 1
26 172353 3345 7553 1 34 1
26 141171 3345 3672 1 38 1
26 86225 3346 2824 1 5 1
26 71149 3350 4066 1 9 1
26 106668 3355 5759 1 14 0
26 171374 3360 8134 1 33 1
26 140683 3361 3572 1 25 0
26 103489 3362 4090 1 34 0
26 152267 3365 8169 1 28 1
26 65161 3366 3308 1 19 1
26 63952 3371 1059 1 48 0
26 61367 3371 1674 1 13 1
26 138822 3375 3976 1 50 0
26 130688 3377 4248 1 12 1
26 105755 3382 2045 1 2 0
26 111138 3382 1407 1 9 0
26 115313 3384 589 1 44 1
26 124715 3389 5651 1 35 1
26 169046 3392 8584 1 9 0
26 142559 3392 6158 1 2 1
26 173030 3393 9585 1 37 0
26 170830 3397 1780 1 46 0
26 159861 3401 6373 1 3 1
26 88697 3405 2853 1 20 0
26 127812 3406 674 1 42 0
26 101246 3407 5287 1 16 1
26 74407 3411 2323 1 23 0
26 105201 3411 5817 1 47 0
26 148304 3411 7621 1 5 1
26 125068 3420 6816 1 47 0
26 165870 3421 826 1 25 0
26 162893 3421 8550 1 34 0
26 151060 3421 5175 1 19 1
26 162420 3421 7182 1 4 1
26 88249 3428 651 1 6 0
26 87648 3428 2438 1 50 0
26 162411 3434 4999 1 47 0
26 139275 3437 7286 1 9 0
26 111103 3444 1754 1 22 1
26 173937 3446 8520 1 14 1
26 131048 3449 4436 1 7 1
26 135202 3463 4285 1 10 1
26 73260 3468 4162 1 26 1
26 79278 3471 2873 1 11 1
26 60843 3476 2749 1 42 1
26 122624 3476 1478 1 14 1
26 135383 3476 8048 1 24 1
26 86105 3482 1397 1 15 1
26 94242 3483 1807 1 1 0
26 168732 3487 4259 1 14 1
26 144177 3488 3932 1 44 1
26 84585 3499 2954 1 34 0
26 62093 3502 223 1 34 0
26 85743 3503 3960 1 39 1
26 87837 3505 4503 1 43 0
26 160365 3508 9191 1 25 1
26 140078 3511 6264 1 11 0
26 112004 3513 6544 1 34 0
26 111562 3513 4143 1 42 0
26 110635 3513 3342 1 31 0
26 149027 3514 7457 1 49 1
26 66096 3514 3510 1 19 1
26 126124 3515 3508 1 16 0
26 166483 3515 5575 1 49 0
26 97069 3518 934 1 7 0
26 61592 3518 941 1 23 0
26 129228 3524 1635 1 24 1
26 133391 3525 3917 1 29 0
26 99287 3526 1414 1 28 0
26 98511 3531 4801 1 33 0
26 130287 3533 7282 1 35 1
26 77188 3534 3689 1 33 1
26 62280 3536 3582 1 44 0
26 124286 3540 534 1 4 0
26 93735 3543 1560 1 6 0
26 179512 3543 9586 1 30 1
26 121683 3544 6641 1 45 1
26 83943 3552 5031 1 17 0
26 155645 3555 2384 1 48 0
26 164342 3556 6360 1 3 0
26 142726 3557 7556 1 11 1
26 93868 3558 3063 1 44 0
26 71878 3559 3928 1 18 1
26 172113 3559 907 1 19 0
26 90466 3560 1249 1 2 1
26 146433 3564 1374 1 20 1
26 110952 3569 3238 1 50 0
26 171247 3570 5632 1 1 0
26 126351 3574 2145 1 7 1
26 155128 3575 3836 1 40 1
26 176133 3579 4268 1 40 1
26 139728 3581 5407 1 24 0
26 119300 3585 1282 1 15 0
26 165179 3586 475 1 29 0
26 150581 3590 5402 1 2 1
26 101328 3594 1923 1 2 0
26 151076 3596 2076 1 41 0
26 149079 3597 3463 1 10 1
26 72287 3597 3856 1 17 0
