1500
27 156321 5 1903 1 40 0
27 92281 11 1451 1 37 1
27 69167 11 419 1 40 1
27 148102 12 4846 1 35 0
27 91969 13 2703 1 20 0
27 79187 15 4529 1 1 0
27 75627 15 876 1 1 0
27 164903 16 6612 1 22 1
27 171293 21 7887 1 1 0
27 134191 22 7273 1 37 0
27 157981 23 4336 1 33 0
27 149429 24 283 1 11 1
27 162115 26 7468 1 24 1
27 94413 27 3399 1 49 1
27 95151 27 4352 1 37 1
27 175105 28 8763 1 14 0
27 177195 31 3720 1 23 1
27 133115 33 4520 1 42 0
27 89878 36 2531 1 14 0
27 138271 37 3401 1 23 1
27 163294 41 8420 1 40 0
27 137453 41 4675 1 32 0
27 166724 41 4730 1 20 1
27 89426 46 3689 1 42 1
27 61397 48 2959 1 12 0
27 146383 48 7426 1 43 1
27 99453 51 5557 1 11 1
27 126282 52 3965 1 42 0
27 149148 55 7269 1 2 1
27 113060 55 1440 1 10 0
27 146139 58 2185 1 21 0
27 132327 60 4733 1 40 1
27 67899 63 696 1 20 0
27 132999 63 7298 1 9 1
27 139128 66 5284 1 31 0
27 169210 69 1850 1 12 0
27 76642 70 4585 1 18 1
27 80962 71 4330 1 18 1
27 126775 74 6687 1 33 1
27 73767 74 709 1 3 0
27 168654 74 3218 1 41 0
27 134639 76 6044 1 36 1
27 100598 77 1008 1 42 0
27 131762 78 4911 1 3 0
27 83028 78 1287 1 44 0
27 175557 84 8729 1 37 1
27 87765 85 4038 1 11 0
27 110385 86 2404 1 25 1
27 157139 91 4551 1 46 0
27 88543 95 4479 1 13 1
27 135643 95 6991 1 13 0
27 148675 97 8140 1 35 0
27 82032 102 2971 1 15 0
27 67729 107 1391 1 11 1
27 73712 109 1933 1 48 0
27 134226 110 1324 1 27 1
27 121969 115 3753 1 21 1
27 131134 117 356 1 20 0
27 93146 120 1566 1 15 1
27 87696 121 526 1 21 1
27 142139 122 3712 1 32 1
27 113027 124 6180 1 38 0
27 87187 128 4563 1 32 0
27 106401 128 6381 1 27 0
27 89648 129 1592 1 32 1
27 161995 130 5503 1 9 0
27 177210 134 3782 1 51 0
27 62127 138 2794 1 25 0
27 92433 140 3149 1 42 0
27 129580 143 4132 1 45 1
27 124537 147 5494 1 35 0
27 126463 148 4660 1 49 1
27 63470 149 1102 1 16 0
27 167507 151 1294 1 47 0
27 77435 152 1066 1 40 0
27 172075 153 7991 1 32 1
27 160474 154 9432 1 8 1
27 115510 158 3971 1 25 1
27 126552 158 4320 1 1 1
27 128232 159 6048 1 6 1
27 68861 161 1259 1 39 1
27 118988 166 1396 1 22 1
27 63639 171 2608 1 22 1
27 73619 171 4166 1 15 0
27 175108 172 1848 1 19 1
27 131991 174 5524 1 5 0
27 131677 175 3980 1 33 0
27 157149 184 361 1 48 1
27 120665 187 1694 1 15 0
27 91690 189 4361 1 23 0
27 95693 190 1149 1 19 1
27 135439 196 5436 1 48 0
27 121172 197 5902 1 1 0
27 85625 198 2700 1 46 1
27 64399 201 3505 1 28 0
27 99518 202 4836 1 40 1
27 171806 203 3671 1 32 1
27 154302 205 3402 1 6 1
27 98654 209 1930 1 24 1
27 127924 209 2714 1 24 1
27 101168 216 2011 1 24 1
27 147876 226 6516 1 2 1
27 163905 230 3613 1 42 1
27 170127 232 2014 1 40 1
27 94926 232 2319 1 45 1
27 134221 239 5186 1 45 1
27 108350 240 6437 1 48 0
27 77721 241 2434 1 44 1
27 68493 243 1944 1 45 1
27 64800 257 1804 1 45 0
27 144972 257 2606 1 38 1
27 75176 263 497 1 20 0
27 105718 265 4523 1 46 0
27 129736 266 3562 1 51 0
27 173205 268 9322 1 9 0
27 178043 268 4450 1 2 1
27 121115 269 2765 1 45 1
27 93810 272 4351 1 33 1
27 160375 279 1252 1 41 0
27 94828 279 3345 1 38 1
27 107842 281 1332 1 24 0
27 94873 283 5405 1 34 1
27 141921 284 7486 1 10 0
27 93570 289 5195 1 7 0
27 91270 290 3781 1 21 1
27 170997 290 2397 1 14 1
27 176159 291 1643 1 9 0
27 81465 292 2964 1 22 1
27 157046 292 2972 1 10 0
27 154741 296 1609 1 14 1
27 172858 296 4959 1 36 1
27 167424 300 8734 1 38 1
27 94971 300 941 1 47 0
27 159796 302 2042 1 31 1
27 135064 304 8066 1 49 0
27 129111 307 5487 1 38 1
27 162524 307 3337 1 8 0
27 99023 308 5696 1 7 1
27 118601 310 3915 1 28 1
27 85946 315 4380 1 1 1
27 107978 316 6433 1 43 0
27 105298 318 2073 1 34 0
27 173750 320 2754 1 8 1
27 110463 320 2231 1 28 1
27 129488 322 2304 1 36 0
27 80532 326 1640 1 17 1
27 103754 328 2315 1 38 1
27 159253 331 7548 1 3 1
27 117632 331 3391 1 13 1
27 64004 331 3207 1 2 0
27 141752 332 2443 1 46 1
27 130833 333 6150 1 26 0
27 136660 335 3726 1 11 0
27 76021 342 755 1 2 1
27 164576 345 7782 1 35 1
27 107745 347 1517 1 39 0
27 171155 347 3499 1 20 0
27 69895 348 1234 1 18 1
27 98108 348 2971 1 14 1
27 109160 359 4367 1 12 0
27 102436 360 1215 1 36 1
27 66535 365 3384 1 16 0
27 155252 372 6503 1 20 1
27 84580 373 1743 1 23 1
27 90522 375 4018 1 9 1
27 130711 375 3334 1 23 1
27 169691 375 948 1 17 0
27 68249 378 3651 1 1 1
27 138947 380 6378 1 47 1
27 168523 382 3960 1 29 0
27 118239 383 4924 1 9 0
27 119534 386 6085 1 10 1
27 151391 386 4271 1 35 1
27 74131 387 521 1 22 0
27 124653 391 7326 1 16 1
27 122882 391 5534 1 32 0
27 140953 395 4631 1 15 1
27 125157 400 6818 1 16 1
27 179024 405 1877 1 11 1
27 146393 406 235 1 44 0
27 65907 413 3317 1 44 1
27 77620 421 426 1 29 0
27 143024 422 1418 1 31 1
27 61813 424 93 1 50 1
27 97606 426 1537 1 2 0
27 130930 429 1968 1 20 0
27 90931 431 2862 1 33 1
27 84024 433 820 1 13 1
27 74001 438 3263 1 23 0
27 172154 440 3718 1 39 1
27 65236 442 3503 1 37 1
27 175000 449 1237 1 31 0
27 130066 449 7012 1 50 1
27 162897 452 6715 1 44 0
27 84852 452 964 1 49 1
27 88855 453 4017 1 36 0
27 179647 455 7840 1 8 0
27 160164 457 7170 1 36 1
27 92846 459 4561 1 6 1
27 159338 461 3954 1 22 1
27 176289 462 7053 1 31 0
27 175242 464 8993 1 36 0
27 123659 465 5463 1 18 0
27 106525 467 1791 1 3 0
27 90408 468 4844 1 39 1
27 146750 468 3782 1 6 0
27 175718 472 9260 1 28 1
27 132730 483 6914 1 34 1
27 77390 485 92 1 51 0
27 66243 487 2573 1 22 0
27 176216 489 2850 1 19 0
27 175329 490 5138 1 10 1
27 134848 492 3875 1 32 1
27 78781 496 1549 1 10 0
27 90269 497 1951 1 4 1
27 82622 498 1922 1 7 0
27 132109 499 1792 1 45 1
27 85792 506 2162 1 30 1
27 139117 510 2594 1 8 0
27 120345 512 3799 1 28 0
27 108289 513 3152 1 46 1
27 150588 519 2658 1 8 1
27 98046 520 4452 1 42 1
27 91019 521 3913 1 8 0
27 117904 521 5148 1 7 1
27 80576 522 3437 1 30 1
27 108851 524 2797 1 8 1
27 105368 525 4508 1 18 0
27 76291 529 522 1 36 0
27 75059 531 2603 1 38 1
27 129496 534 4986 1 47 0
27 133048 535 6588 1 40 1
27 101928 542 5707 1 18 1
27 127503 548 566 1 47 1
27 176039 554 5409 1 45 0
27 152733 555 8802 1 30 0
27 73649 555 2922 1 15 0
27 118884 557 6608 1 9 0
27 146393 559 6665 1 35 1
27 140960 561 5870 1 34 0
27 81310 562 2561 1 32 1
27 60977 567 280 1 51 0
27 70685 569 3716 1 11 1
27 142562 569 1769 1 31 0
27 124383 570 5329 1 26 1
27 155236 572 8483 1 50 0
27 148618 572 1746 1 21 0
27 71568 573 661 1 37 1
27 105142 574 1123 1 45 0
27 60792 576 813 1 19 1
27 162750 577 2024 1 40 1
27 69593 579 2789 1 26 0
27 143050 580 277 1 18 1
27 89599 581 213 1 41 1
27 77332 584 787 1 25 1
27 150521 585 819 1 40 1
27 147725 588 5650 1 25 1
27 70342 594 1214 1 49 1
27 115453 599 6806 1 13 0
27 167362 600 222 1 32 1
27 142784 600 2016 1 22 0
27 81524 605 3318 1 2 0
27 107523 605 805 1 15 0
27 140104 617 4020 1 33 0
27 166722 618 6964 1 43 1
27 130940 619 3871 1 15 0
27 123541 627 5509 1 9 1
27 82202 629 623 1 3 1
27 125155 642 2100 1 8 1
27 147892 643 3635 1 31 1
27 116767 644 6678 1 28 1
27 163129 646 6682 1 23 0
27 163438 651 3066 1 22 0
27 63598 655 1295 1 37 1
27 100970 658 4282 1 24 0
27 63156 660 2496 1 24 0
27 139944 660 2186 1 37 1
27 117344 661 1216 1 30 1
27 156872 671 5369 1 43 1
27 93324 676 4022 1 51 0
27 123779 678 2973 1 24 0
27 142127 679 6568 1 47 0
27 136974 680 4678 1 40 1
27 73519 682 4094 1 46 1
27 130091 684 2141 1 33 0
27 96900 685 2843 1 9 1
27 83329 685 1543 1 12 1
27 148602 697 6601 1 32 0
27 172393 698 7465 1 27 1
27 119300 699 2774 1 10 1
27 65911 703 2235 1 7 1
27 130444 703 5008 1 30 1
27 168350 704 2826 1 51 0
27 174983 707 10243 1 23 1
27 104246 710 792 1 44 1
27 154517 711 3833 1 40 0
27 63219 713 816 1 7 0
27 114627 714 5337 1 13 0
27 76326 717 2894 1 42 1
27 120133 718 4102 1 26 0
27 164411 719 8772 1 1 1
27 91212 722 327 1 16 0
27 150851 724 1834 1 7 1
27 165842 727 9444 1 7 0
27 135323 727 3288 1 50 1
27 125318 728 3594 1 13 1
27 80479 730 1383 1 46 0
27 160243 730 2957 1 8 0
27 132108 731 4703 1 4 0
27 68717 734 195 1 23 0
27 82584 739 3567 1 15 0
27 99629 739 4273 1 28 1
27 117713 746 3825 1 46 1
27 97781 746 364 1 3 0
27 173068 751 3392 1 10 0
27 76474 752 628 1 3 0
27 101976 755 3015 1 42 0
27 81154 757 534 1 15 1
27 177267 759 3967 1 30 0
27 86107 760 2857 1 41 1
27 78063 763 2530 1 15 0
27 87456 766 4496 1 13 1
27 157435 766 3663 1 6 1
27 146336 766 6609 1 44 1
27 84702 767 4111 1 40 0
27 149849 767 8546 1 28 0
27 178265 768 2380 1 16 0
27 155972 770 4125 1 42 1
27 110253 770 412 1 38 0
27 139801 772 4991 1 51 0
27 66987 772 792 1 19 1
27 129874 775 4495 1 37 0
27 113274 777 3172 1 5 1
27 64876 788 1533 1 36 1
27 122180 791 838 1 28 0
27 177086 799 2041 1 17 0
27 101388 799 5330 1 19 0
27 80725 801 3189 1 46 0
27 145527 802 1250 1 19 1
27 89120 802 1875 1 2 1
27 100753 803 2432 1 24 0
27 74728 805 4243 1 3 1
27 116388 808 1844 1 37 1
27 171007 809 7991 1 31 1
27 179134 809 663 1 22 1
27 92835 812 4182 1 37 0
27 120984 813 2372 1 23 1
27 140875 814 1004 1 17 1
27 129133 817 655 1 9 0
27 161476 819 8103 1 17 1
27 104227 822 5616 1 7 0
27 64970 823 3521 1 6 1
27 158986 827 780 1 1 1
27 77438 827 2057 1 40 0
27 163144 829 1694 1 26 0
27 124647 835 1868 1 10 1
27 153199 835 6107 1 30 0
27 143871 837 4472 1 9 1
27 67702 838 609 1 49 0
27 178654 842 3015 1 2 0
27 161914 842 6724 1 11 1
27 98285 843 4583 1 3 1
27 124037 843 6996 1 37 1
27 131611 850 2814 1 11 1
27 116509 850 949 1 18 0
27 170367 855 4003 1 25 0
27 99856 860 5409 1 25 0
27 81611 863 4547 1 17 0
27 160643 865 9578 1 12 0
27 129745 869 6325 1 43 1
27 163102 876 1704 1 48 1
27 91361 876 5065 1 20 0
27 60926 878 471 1 5 0
27 91070 882 5124 1 8 1
27 125988 884 5898 1 1 0
27 80734 886 837 1 30 1
27 83727 886 1169 1 25 1
27 81596 886 839 1 3 0
27 82404 887 2750 1 29 0
27 113212 888 420 1 4 0
27 88010 890 1838 1 10 0
27 127980 893 868 1 7 1
27 115018 898 3006 1 45 1
27 93053 902 896 1 4 0
27 122418 902 7262 1 12 0
27 69774 904 1748 1 37 0
27 98295 909 1472 1 35 0
27 124129 910 498 1 9 0
27 125695 910 7469 1 49 0
27 110236 911 5991 1 29 1
27 82923 912 2814 1 42 1
27 139254 914 5556 1 19 0
27 123448 918 2749 1 5 0
27 102411 922 4317 1 17 0
27 176571 925 4589 1 36 1
27 112051 928 5858 1 33 1
27 161294 930 707 1 38 1
27 99747 932 1616 1 23 1
27 99854 933 3266 1 2 1
27 147038 934 2196 1 38 0
27 113573 934 4355 1 44 1
27 130955 939 4557 1 44 1
27 147295 939 6758 1 13 0
27 136166 941 7507 1 31 0
27 94420 943 585 1 41 1
27 134935 945 6508 1 3 0
27 84778 948 2919 1 42 1
27 73463 948 2780 1 18 0
27 99033 949 4188 1 43 0
27 120602 949 4914 1 13 1
27 95591 952 2473 1 30 1
27 111195 954 6054 1 1 0
27 100761 955 1966 1 47 0
27 85033 955 3005 1 18 0
27 74395 959 2631 1 24 0
27 136090 960 521 1 5 1
27 143342 961 1474 1 47 1
27 116553 962 1864 1 30 1
27 82492 966 1797 1 40 0
27 103059 967 3034 1 24 1
27 91175 970 1717 1 47 0
27 118689 974 2787 1 29 1
27 134974 976 3371 1 4 1
27 68385 982 1375 1 10 0
27 169492 983 6912 1 32 1
27 139548 985 2827 1 11 0
27 103908 987 4782 1 16 0
27 96710 992 1936 1 2 1
27 60525 994 2856 1 47 0
27 128607 996 5934 1 5 0
27 81430 996 1539 1 14 1
27 62400 996 3713 1 49 1
27 71897 998 686 1 28 1
27 158000 1001 8008 1 46 0
27 179269 1003 9344 1 50 1
27 123254 1005 1622 1 50 1
27 71616 1011 3813 1 5 1
27 155234 1011 3775 1 45 0
27 97649 1012 544 1 13 1
27 151124 1014 8147 1 8 0
27 126915 1017 1264 1 19 1
27 81856 1018 2884 1 35 0
27 72198 1021 2822 1 20 0
27 81079 1021 3600 1 34 1
27 79964 1023 1466 1 21 1
27 137751 1023 6774 1 17 1
27 160778 1025 1611 1 49 0
27 109442 1027 6167 1 26 0
27 146985 1027 5341 1 42 0
27 84350 1033 2095 1 31 0
27 144357 1039 880 1 33 1
27 109524 1039 2167 1 38 1
27 171070 1040 1818 1 4 0
27 77187 1042 457 1 3 0
27 66524 1045 2497 1 6 1
27 131992 1048 6307 1 15 1
27 138304 1051 2982 1 16 1
27 113108 1052 5606 1 35 0
27 102291 1052 3156 1 36 1
27 159291 1053 1852 1 20 1
27 159652 1053 6913 1 15 1
27 125634 1055 2592 1 46 0
27 113528 1056 780 1 12 1
27 153358 1056 7541 1 45 1
27 131052 1060 5614 1 39 1
27 132948 1060 7564 1 45 0
27 166385 1063 7906 1 10 0
27 99717 1065 3604 1 24 1
27 131667 1066 1686 1 35 0
27 106075 1074 1821 1 46 1
27 165439 1088 3143 1 6 1
27 170143 1088 1926 1 38 0
27 174625 1090 4679 1 25 0
27 115497 1091 1335 1 22 1
27 116427 1092 3184 1 6 0
27 76358 1094 1590 1 43 1
27 170941 1095 3100 1 49 0
27 123200 1097 6358 1 43 1
27 65632 1099 2085 1 32 0
27 80255 1100 2888 1 45 1
27 155417 1101 5356 1 15 0
27 100113 1102 3325 1 10 0
27 175679 1103 1591 1 25 1
27 138416 1109 7899 1 45 1
27 119574 1119 4555 1 41 1
27 100728 1119 2597 1 28 0
27 177404 1121 7570 1 44 1
27 129147 1122 2347 1 33 1
27 124722 1124 1107 1 3 0
27 111255 1125 3883 1 49 1
27 71659 1125 3093 1 11 1
27 99928 1127 3484 1 22 1
27 164090 1128 6276 1 41 1
27 87425 1133 4963 1 2 1
27 75731 1133 465 1 28 0
27 128144 1133 5570 1 37 1
27 81926 1136 3825 1 31 1
27 91973 1137 2237 1 13 1
27 127108 1144 4667 1 5 1
27 165248 1144 8147 1 39 0
27 87600 1144 2421 1 20 1
27 147312 1153 1185 1 14 0
27 93622 1155 911 1 11 0
27 119938 1155 4677 1 21 0
27 120878 1156 6947 1 30 0
27 160756 1158 6831 1 49 1
27 123464 1159 5626 1 23 0
27 71267 1160 3018 1 31 1
27 172860 1160 520 1 9 1
27 114560 1165 6210 1 40 1
27 98211 1167 1175 1 37 0
27 164374 1171 5732 1 5 1
27 118273 1175 5660 1 50 1
27 86620 1178 3199 1 39 0
27 155500 1182 4932 1 22 0
27 120815 1187 3319 1 28 1
27 69446 1189 2692 1 16 1
27 103982 1191 2936 1 4 0
27 87672 1198 425 1 35 0
27 125455 1200 2623 1 20 1
27 173516 1200 9916 1 27 1
27 152588 1202 2368 1 48 0
27 153050 1205 5797 1 15 0
27 85340 1207 3589 1 16 0
27 97027 1207 3768 1 9 1
27 171448 1207 4625 1 43 0
27 106722 1208 4414 1 44 1
27 136812 1209 646 1 19 1
27 74549 1211 1211 1 34 0
27 173988 1211 2956 1 9 1
27 85281 1213 4296 1 11 1
27 170957 1214 5246 1 20 1
27 177082 1222 10044 1 16 0
27 155498 1223 3102 1 27 1
27 71081 1223 1962 1 8 1
27 75151 1227 2621 1 36 0
27 70364 1228 2168 1 25 1
27 124578 1233 4509 1 2 0
27 90966 1237 3856 1 27 1
27 140544 1238 4651 1 23 0
27 73491 1238 3852 1 50 1
27 146281 1238 2594 1 34 0
27 166552 1252 1224 1 46 1
27 139929 1265 4390 1 16 1
27 99927 1268 4739 1 35 1
27 118965 1276 3924 1 11 0
27 74273 1279 3915 1 34 0
27 119986 1280 5745 1 46 0
27 73450 1290 1866 1 16 0
27 72411 1291 2307 1 47 0
27 147320 1292 3786 1 41 0
27 163713 1296 4208 1 27 1
27 108984 1298 4720 1 38 1
27 74990 1300 548 1 6 0
27 157556 1301 8999 1 38 1
27 119998 1305 7002 1 1 1
27 99063 1311 2580 1 36 1
27 150809 1320 7197 1 39 0
27 87551 1321 1935 1 18 0
27 63383 1323 2085 1 33 1
27 115583 1326 938 1 24 0
27 144354 1329 2961 1 18 0
27 108353 1329 4660 1 12 0
27 160015 1334 1556 1 11 1
27 135678 1334 3256 1 23 0
27 65430 1341 2326 1 10 1
27 70446 1342 3571 1 38 0
27 118469 1343 6349 1 17 0
27 158060 1343 6018 1 37 0
27 87000 1346 4558 1 19 0
27 93537 1346 4658 1 41 1
27 168778 1350 9045 1 48 0
27 79725 1351 817 1 17 1
27 93891 1361 4715 1 5 0
27 94789 1363 1884 1 27 1
27 95076 1367 1572 1 42 1
27 78790 1374 466 1 5 1
27 87741 1375 4981 1 27 1
27 88867 1377 5319 1 21 0
27 114077 1377 5753 1 27 0
27 70156 1380 2909 1 47 1
27 71710 1386 4094 1 24 0
27 169525 1387 9552 1 14 1
27 178491 1396 5709 1 18 1
27 75830 1398 764 1 9 1
27 64636 1398 1740 1 19 0
27 138160 1399 4310 1 39 1
27 92321 1400 674 1 48 0
27 138721 1404 4882 1 35 0
27 150533 1410 2821 1 49 0
27 88686 1411 3848 1 42 1
27 159702 1413 4975 1 35 1
27 94937 1413 3773 1 34 1
27 177194 1413 6697 1 14 1
27 135489 1421 4556 1 40 1
27 157443 1422 2294 1 28 0
27 68436 1423 3703 1 9 0
27 146840 1426 8353 1 47 1
27 159035 1426 3496 1 25 1
27 112712 1427 4077 1 44 1
27 61488 1429 1436 1 29 0
27 64350 1432 2632 1 26 0
27 168003 1436 1350 1 3 1
27 170092 1438 3734 1 23 1
27 85226 1441 1655 1 8 1
27 82171 1442 4484 1 8 0
27 71244 1444 3831 1 16 0
27 79676 1447 1068 1 4 0
27 83501 1449 1129 1 30 1
27 120567 1451 4124 1 38 0
27 96535 1453 2364 1 24 1
27 133538 1454 5326 1 36 1
27 124470 1458 578 1 21 0
27 119779 1458 321 1 35 0
27 75294 1463 2981 1 31 0
27 68010 1466 2532 1 11 1
27 95150 1467 3779 1 36 1
27 65352 1467 442 1 21 0
27 94120 1478 1936 1 47 0
27 179470 1480 6468 1 6 1
27 75716 1489 1513 1 7 0
27 154998 1490 5731 1 42 0
27 97458 1491 1384 1 23 1
27 91452 1493 5366 1 5 0
27 102515 1503 1188 1 12 1
27 141268 1504 2807 1 19 0
27 106418 1507 3541 1 37 1
27 79934 1508 1926 1 13 1
27 100507 1508 4839 1 50 1
27 83092 1510 2875 1 9 1
27 109553 1516 3279 1 46 0
27 122643 1518 2796 1 36 0
27 79291 1524 1219 1 36 0
27 83462 1529 769 1 22 1
27 90819 1532 1493 1 13 1
27 107803 1543 1437 1 11 1
27 163654 1545 4067 1 1 1
27 174442 1546 4820 1 6 0
27 157398 1549 2373 1 15 1
27 171407 1551 1222 1 36 0
27 175837 1552 6880 1 33 1
27 130693 1555 2349 1 17 0
27 124360 1558 4614 1 40 0
27 79578 1560 1365 1 15 1
27 161029 1561 9138 1 38 1
27 61259 1562 2124 1 26 1
27 133214 1563 5789 1 40 1
27 124011 1565 5384 1 36 0
27 96083 1566 1230 1 22 0
27 139738 1566 1330 1 45 1
27 160770 1566 2488 1 29 0
27 158255 1569 1327 1 20 1
27 152616 1571 2351 1 14 1
27 97287 1571 671 1 26 0
27 108971 1571 4665 1 6 0
27 103934 1579 5976 1 30 0
27 122527 1579 4559 1 47 1
27 85189 1582 3207 1 29 0
27 97455 1582 5686 1 49 1
27 121213 1587 4893 1 30 1
27 132173 1589 2067 1 5 0
27 171172 1591 10258 1 28 0
27 112543 1592 4741 1 3 1
27 91282 1592 172 1 48 0
27 79211 1602 917 1 9 0
27 79157 1603 2177 1 49 1
27 154313 1603 5150 1 14 1
27 152472 1604 6996 1 47 0
27 142631 1606 3946 1 32 0
27 146393 1609 480 1 40 1
27 150882 1612 8867 1 26 1
27 102406 1620 2527 1 31 0
27 67092 1620 957 1 16 0
27 64195 1622 2767 1 19 1
27 163306 1624 2370 1 47 0
27 159479 1626 1582 1 22 0
27 77614 1629 374 1 51 1
27 115670 1632 3052 1 43 1
27 75304 1635 4255 1 33 1
27 159565 1636 4724 1 5 1
27 76865 1650 2125 1 8 1
27 112255 1651 128 1 24 1
27 120875 1653 6076 1 9 1
27 64239 1657 2858 1 40 0
27 95945 1659 1239 1 42 1
27 106395 1659 3247 1 16 1
27 94108 1663 5271 1 13 1
27 157410 1666 9069 1 51 1
27 109614 1667 5059 1 37 1
27 149526 1674 3845 1 28 0
27 172265 1675 5501 1 5 1
27 128959 1675 3832 1 43 0
27 179854 1675 7434 1 24 0
27 97207 1676 3107 1 42 0
27 100610 1677 4462 1 4 1
27 147264 1677 8153 1 23 1
27 84489 1679 3629 1 32 0
27 170767 1679 1598 1 17 1
27 173103 1681 3730 1 9 1
27 86942 1684 236 1 7 1
27 101909 1686 3056 1 51 0
27 132564 1688 5139 1 5 1
27 169124 1690 4564 1 47 1
27 163210 1690 239 1 10 0
27 129707 1704 5505 1 8 1
27 95250 1705 3908 1 41 0
27 96603 1709 2782 1 49 0
27 164335 1713 8392 1 4 1
27 170398 1719 5190 1 6 1
27 128924 1722 3073 1 47 1
27 93450 1725 4339 1 10 0
27 104587 1725 120 1 26 0
27 94059 1726 3878 1 25 0
27 105970 1726 1370 1 50 0
27 145471 1730 1196 1 6 0
27 62828 1733 1747 1 47 1
27 157898 1735 1201 1 12 0
27 92910 1735 2425 1 6 0
27 102391 1740 1084 1 44 1
27 107143 1741 5989 1 29 1
27 82839 1741 4131 1 37 0
27 132637 1742 2366 1 3 0
27 147822 1742 232 1 35 1
27 76201 1751 1770 1 18 1
27 111859 1752 5622 1 38 1
27 125215 1757 7036 1 30 1
27 100367 1758 621 1 39 1
27 73349 1758 4359 1 49 0
27 172464 1765 3142 1 28 0
27 163521 1781 6893 1 1 0
27 66511 1784 3814 1 1 1
27 92165 1786 5331 1 48 0
27 148716 1786 3283 1 6 1
27 108564 1786 910 1 31 0
27 151974 1787 2244 1 16 1
27 164662 1787 1707 1 35 0
27 88811 1789 4473 1 22 0
27 97418 1791 126 1 36 0
27 123838 1792 7155 1 3 1
27 80633 1795 1477 1 15 1
27 77890 1799 4071 1 18 1
27 119248 1800 6546 1 39 0
27 164303 1800 7216 1 36 0
27 108716 1813 4496 1 33 1
27 126493 1813 2324 1 42 0
27 126525 1814 951 1 3 1
27 161280 1819 3502 1 18 0
27 67564 1820 311 1 24 0
27 104257 1821 2640 1 35 1
27 86747 1822 2017 1 19 0
27 149671 1823 5829 1 50 0
27 110065 1826 6532 1 14 1
27 88607 1835 3506 1 28 1
27 60485 1837 1544 1 38 1
27 85739 1837 1137 1 15 0
27 145344 1844 6934 1 39 0
27 108579 1846 761 1 23 1
27 88314 1850 915 1 17 1
27 155864 1852 4644 1 25 1
27 118313 1859 6688 1 17 0
27 178621 1860 10192 1 51 0
27 128911 1861 6207 1 3 0
27 169045 1862 5590 1 48 0
27 110714 1867 2965 1 49 1
27 123527 1867 2137 1 48 1
27 106812 1869 5924 1 5 0
27 177811 1869 9092 1 1 0
27 174342 1873 4557 1 8 0
27 140795 1873 6267 1 38 1
27 96976 1874 4419 1 26 0
27 95325 1875 5653 1 13 1
27 119364 1877 5081 1 16 1
27 159248 1881 7302 1 29 0
27 173765 1881 5659 1 46 0
27 160795 1882 7810 1 46 0
27 87075 1883 1506 1 8 0
27 171824 1889 5062 1 26 0
27 98001 1891 3067 1 46 1
27 97541 1892 3944 1 45 1
27 79561 1892 2110 1 25 1
27 137836 1892 700 1 17 1
27 150995 1894 1789 1 20 0
27 142419 1901 3460 1 16 0
27 109168 1901 5376 1 29 1
27 138959 1906 1362 1 28 0
27 79173 1908 1697 1 27 0
27 174331 1909 1143 1 32 1
27 135414 1913 7264 1 39 0
27 141541 1914 156 1 35 1
27 134357 1917 2645 1 13 1
27 130469 1925 3526 1 44 0
27 173025 1931 2159 1 47 0
27 82653 1933 90 1 30 1
27 150629 1933 466 1 23 1
27 130897 1938 2768 1 21 0
27 64861 1941 2261 1 48 0
27 78371 1944 1986 1 47 1
27 174916 1944 1781 1 46 1
27 113184 1945 3452 1 24 0
27 62556 1946 2524 1 23 0
27 152195 1949 5579 1 29 1
27 139258 1949 8206 1 33 1
27 151295 1952 2797 1 43 0
27 93554 1955 3100 1 11 1
27 123747 1956 277 1 9 1
27 77998 1963 2990 1 35 0
27 115058 1964 4672 1 23 1
27 61036 1966 3434 1 35 0
27 118339 1966 1240 1 1 0
27 140012 1968 5557 1 14 0
27 152979 1973 5457 1 20 0
27 156282 1973 3090 1 47 0
27 160441 1973 8159 1 45 1
27 138815 1974 6722 1 12 0
27 87403 1975 3630 1 6 1
27 101874 1977 4799 1 34 0
27 131707 1979 7609 1 14 0
27 159135 1984 4555 1 45 1
27 126151 1985 290 1 36 1
27 71397 1985 1922 1 24 0
27 138118 1987 3114 1 17 1
27 165654 1989 7932 1 27 0
27 153515 1990 7517 1 38 0
27 99978 1991 1469 1 5 1
27 92765 1992 5017 1 19 0
27 144887 1993 5838 1 27 1
27 151339 1994 5666 1 3 1
27 105037 1998 5891 1 25 0
27 150860 1998 6029 1 38 0
27 72104 2000 3151 1 27 1
27 166419 2006 6570 1 27 1
27 89100 2006 4044 1 23 0
27 169743 2015 7514 1 48 0
27 64059 2016 2619 1 51 0
27 93973 2016 1467 1 3 0
27 156816 2017 3611 1 22 1
27 76459 2021 548 1 12 1
27 63850 2021 1955 1 39 1
27 169736 2021 9283 1 26 0
27 61030 2022 3182 1 28 0
27 129762 2025 1102 1 23 1
27 158242 2026 491 1 14 0
27 87119 2028 1003 1 18 0
27 124012 2028 240 1 44 0
27 82469 2029 989 1 15 1
27 157125 2029 3267 1 7 0
27 143477 2030 7196 1 4 1
27 166223 2031 8647 1 30 0
27 72272 2032 2384 1 50 0
27 151078 2033 7776 1 12 1
27 64671 2038 941 1 43 0
27 61491 2038 159 1 21 0
27 79447 2041 4045 1 10 1
27 68609 2042 609 1 41 0
27 150351 2044 1772 1 28 0
27 66880 2047 3385 1 6 0
27 166390 2052 7840 1 42 0
27 176133 2061 3527 1 15 1
27 146736 2065 216 1 1 1
27 177929 2068 2821 1 41 1
27 157668 2073 6809 1 40 1
27 176577 2077 2175 1 27 0
27 163697 2078 9154 1 27 0
27 71339 2078 2798 1 23 1
27 76244 2081 3885 1 25 1
27 120797 2086 3029 1 36 0
27 70901 2087 117 1 15 1
27 152546 2089 154 1 46 0
27 87000 2089 4779 1 24 1
27 98456 2090 102 1 8 1
27 68030 2092 465 1 2 0
27 66665 2094 3611 1 26 0
27 125141 2096 1817 1 5 0
27 144768 2101 2777 1 46 0
27 90324 2104 245 1 44 0
27 159206 2108 6083 1 42 0
27 173018 2109 298 1 51 0
27 139796 2113 8064 1 1 0
27 158803 2117 6765 1 33 0
27 114432 2121 5522 1 47 0
27 113817 2122 4798 1 51 1
27 131587 2124 789 1 15 0
27 143680 2130 6065 1 1 1
27 152260 2131 4857 1 35 0
27 133827 2132 6102 1 43 1
27 128878 2137 1616 1 48 1
27 149963 2142 7170 1 7 1
27 147693 2144 4786 1 30 0
27 82241 2149 2767 1 13 1
27 178543 2150 7390 1 3 1
27 102311 2152 4136 1 4 0
27 107232 2152 2756 1 34 1
27 87787 2158 1306 1 42 1
27 165987 2161 4584 1 9 1
27 135419 2168 4412 1 23 1
27 149453 2169 3706 1 28 0
27 88613 2177 5060 1 48 0
27 139679 2179 6873 1 47 1
27 67707 2185 3415 1 36 0
27 89092 2187 3213 1 29 0
27 98985 2187 4900 1 24 1
27 103690 2189 3728 1 47 1
27 73637 2189 270 1 15 1
27 145346 2190 2981 1 41 0
27 163980 2191 5065 1 47 1
27 112993 2192 5278 1 36 0
27 164426 2194 631 1 33 0
27 116978 2197 1267 1 2 0
27 88875 2198 3595 1 33 0
27 127253 2199 4625 1 25 1
27 118816 2205 6473 1 28 0
27 166485 2206 436 1 14 1
27 172457 2207 3161 1 23 1
27 75902 2209 2570 1 23 1
27 61273 2214 1094 1 28 0
27 75759 2215 3417 1 16 0
27 165994 2222 7324 1 20 0
27 78791 2223 3396 1 34 0
27 125580 2224 4310 1 38 1
27 147710 2224 2010 1 43 0
27 105979 2228 4452 1 42 0
27 91345 2228 372 1 12 0
27 81261 2229 4066 1 37 1
27 170020 2231 10095 1 40 1
27 136912 2232 6451 1 44 0
27 95167 2234 359 1 40 1
27 135059 2235 4653 1 43 1
27 168877 2236 3163 1 38 0
27 132294 2241 2029 1 14 0
27 99182 2245 1584 1 6 1
27 143122 2247 4291 1 8 0
27 100723 2249 3022 1 14 0
27 142172 2254 5389 1 34 1
27 90459 2257 1410 1 24 1
27 65925 2260 921 1 45 1
27 74226 2265 3370 1 1 0
27 126644 2271 2120 1 36 0
27 97352 2273 4195 1 43 0
27 70325 2274 2392 1 46 1
27 156156 2277 6975 1 12 1
27 174063 2280 8089 1 2 0
27 116468 2286 1502 1 50 0
27 120048 2290 1691 1 29 0
27 139887 2292 8172 1 40 0
27 86193 2298 2393 1 1 0
27 122991 2304 6443 1 39 0
27 129433 2310 4561 1 11 1
27 87987 2311 4455 1 34 1
27 79582 2319 3302 1 14 1
27 91074 2321 2205 1 13 0
27 171411 2325 8750 1 46 1
27 113615 2328 2680 1 9 1
27 102941 2330 6000 1 18 1
27 157035 2331 1728 1 23 1
27 140666 2332 1458 1 8 1
27 104956 2336 1784 1 27 1
27 147958 2338 2934 1 23 1
27 91186 2340 2111 1 28 1
27 148473 2340 8090 1 40 1
27 162354 2341 1410 1 39 1
27 140063 2341 5145 1 35 0
27 73023 2342 3536 1 2 0
27 105108 2342 1289 1 13 1
27 80939 2346 3040 1 9 1
27 66628 2347 2848 1 9 1
27 175253 2348 8124 1 19 1
27 131557 2352 2291 1 22 0
27 124248 2357 497 1 16 0
27 127371 2357 5312 1 43 0
27 162699 2362 641 1 48 1
27 126686 2364 6786 1 8 1
27 93263 2365 653 1 38 1
27 171508 2368 1224 1 50 1
27 169660 2368 6109 1 44 0
27 159980 2368 5684 1 17 1
27 65446 2371 1167 1 28 0
27 141813 2372 2069 1 5 0
27 179905 2374 9425 1 29 1
27 115340 2380 4585 1 18 1
27 162659 2386 3911 1 43 1
27 127422 2386 5406 1 29 1
27 122288 2396 1560 1 16 1
27 131185 2405 6872 1 48 0
27 127366 2406 5033 1 26 1
27 149612 2407 2334 1 47 1
27 123646 2411 5347 1 6 1
27 159641 2414 8204 1 6 1
27 77084 2415 2641 1 38 0
27 90670 2417 202 1 2 0
27 141972 2420 7377 1 24 0
27 169664 2420 2789 1 10 0
27 146947 2423 556 1 34 0
27 66885 2424 1731 1 2 0
27 109662 2426 3476 1 23 1
27 70651 2426 70 1 28 1
27 125828 2426 6664 1 26 1
27 70163 2427 1154 1 38 1
27 155842 2427 6211 1 13 0
27 86414 2433 3482 1 41 0
27 173419 2438 9570 1 21 1
27 116857 2440 5250 1 43 1
27 108290 2443 6181 1 25 1
27 77041 2446 477 1 35 0
27 102693 2447 741 1 49 1
27 169280 2447 9921 1 9 0
27 163157 2449 1186 1 36 1
27 134416 2450 6087 1 31 1
27 79773 2454 4207 1 34 1
27 141864 2460 164 1 29 1
27 116442 2463 383 1 18 0
27 102658 2465 2855 1 4 1
27 67823 2472 3069 1 2 0
27 132588 2477 6085 1 48 0
27 83305 2477 248 1 37 1
27 79978 2477 4038 1 50 0
27 100778 2480 4872 1 48 0
27 92412 2481 5393 1 10 0
27 63045 2484 1800 1 36 0
27 147015 2485 3013 1 42 0
27 173835 2486 463 1 48 0
27 162722 2491 8818 1 46 1
27 176757 2494 1442 1 31 1
27 65386 2495 3528 1 10 0
27 98458 2495 3350 1 49 0
27 162702 2497 3143 1 46 1
27 137870 2505 6328 1 14 0
27 172251 2507 3301 1 25 0
27 78805 2510 4325 1 27 1
27 90346 2510 1074 1 38 1
27 107893 2515 1354 1 51 1
27 164531 2515 6585 1 33 1
27 161814 2516 3308 1 32 1
27 107350 2521 5927 1 22 1
27 152710 2521 7383 1 32 1
27 168632 2526 8331 1 4 1
27 152301 2528 1373 1 41 0
27 121163 2530 618 1 2 1
27 92343 2531 784 1 10 0
27 179016 2534 2224 1 6 0
27 98026 2538 1233 1 51 1
27 83930 2538 4265 1 15 0
27 90939 2540 250 1 25 1
27 161778 2542 9607 1 12 0
27 94847 2543 5543 1 15 0
27 74361 2543 4416 1 33 0
27 157332 2545 1132 1 18 1
27 172587 2547 3139 1 48 1
27 107165 2548 3157 1 28 0
27 106362 2552 5356 1 33 0
27 66769 2553 2889 1 4 1
27 77217 2556 311 1 23 1
27 113429 2556 1293 1 2 0
27 140020 2563 3579 1 12 1
27 146126 2563 6491 1 34 1
27 161664 2564 4407 1 47 0
27 167047 2564 7962 1 5 0
27 70132 2567 2837 1 40 0
27 104689 2570 5448 1 46 1
27 90946 2572 2446 1 7 1
27 168854 2573 2485 1 46 1
27 171519 2577 474 1 38 1
27 73660 2579 3090 1 25 0
27 121001 2580 5188 1 22 1
27 125313 2582 1564 1 9 1
27 177566 2582 3625 1 20 1
27 103085 2585 4342 1 1 0
27 88570 2588 3638 1 19 0
27 165293 2588 3834 1 11 0
27 94439 2591 1933 1 42 1
27 141727 2595 1456 1 13 0
27 136590 2596 1343 1 37 1
27 96018 2599 3088 1 8 0
27 136599 2599 6588 1 22 0
27 134517 2601 5500 1 27 1
27 147520 2605 4155 1 48 1
27 159907 2606 6266 1 34 1
27 136391 2607 439 1 46 0
27 123433 2607 4321 1 38 1
27 97015 2609 1452 1 12 1
27 169963 2609 1947 1 1 1
27 175719 2610 7764 1 1 1
27 113583 2613 852 1 26 0
27 175467 2614 8380 1 22 1
27 131099 2621 6488 1 41 1
27 104252 2622 750 1 18 1
27 72883 2623 2087 1 23 0
27 99646 2624 5799 1 1 1
27 169500 2627 5826 1 51 0
27 82557 2628 1315 1 18 1
27 109564 2629 2443 1 20 0
27 162544 2634 4660 1 51 0
27 98309 2634 1409 1 14 1
27 170368 2635 4801 1 26 1
27 142214 2636 3188 1 8 0
27 111317 2637 2883 1 24 1
27 103502 2640 250 1 24 0
27 88680 2644 539 1 15 1
27 60035 2649 1841 1 31 1
27 145724 2649 1125 1 36 0
27 65668 2653 1462 1 18 0
27 162990 2655 5030 1 19 0
27 151826 2658 828 1 49 0
27 123947 2659 2152 1 10 1
27 71763 2662 2360 1 16 0
27 71115 2667 131 1 12 1
27 154986 2669 1767 1 31 0
27 173774 2669 7135 1 44 1
27 117935 2671 1880 1 22 0
27 81354 2676 1213 1 38 1
27 77550 2679 2824 1 34 0
27 167396 2686 1254 1 16 0
27 168260 2687 9930 1 36 1
27 153526 2689 1034 1 10 1
27 144517 2689 6989 1 26 0
27 98672 2690 4152 1 22 0
27 87494 2691 2436 1 19 1
27 140525 2693 8074 1 20 0
27 64548 2694 1148 1 9 1
27 78155 2696 1502 1 29 0
27 113507 2697 3876 1 26 1
27 87644 2697 1809 1 42 0
27 134981 2703 6558 1 46 1
27 145357 2704 1059 1 7 1
27 134459 2704 3609 1 37 0
27 120994 2704 416 1 28 1
27 175366 2708 8158 1 27 1
27 103420 2709 5554 1 6 0
27 112967 2712 5848 1 29 1
27 103366 2713 3838 1 9 0
27 69380 2714 310 1 2 0
27 125636 2715 2041 1 51 0
27 140059 2717 5890 1 20 1
27 158217 2718 4636 1 42 1
27 148469 2721 7505 1 17 0
27 68072 2722 3540 1 33 0
27 139211 2723 1938 1 36 1
27 85852 2724 1792 1 30 1
27 158145 2725 6587 1 22 1
27 157537 2728 6067 1 34 1
27 132331 2729 5956 1 12 0
27 92431 2730 1580 1 19 0
27 140941 2733 5242 1 4 0
27 83406 2734 1205 1 42 0
27 155116 2736 5134 1 5 1
27 84587 2737 4612 1 27 0
27 132662 2741 3058 1 22 0
27 91153 2742 5449 1 32 1
27 66388 2746 1889 1 30 1
27 151867 2746 6665 1 12 1
27 166773 2746 5289 1 8 1
27 119941 2748 736 1 1 0
27 65043 2754 1488 1 43 0
27 65144 2760 3132 1 44 1
27 171363 2760 7094 1 33 1
27 109545 2764 4243 1 12 1
27 111792 2764 2552 1 50 0
27 118479 2765 2451 1 24 0
27 111341 2765 2901 1 21 0
27 144560 2772 4878 1 19 0
27 179586 2775 9760 1 24 1
27 147764 2776 5775 1 50 1
27 64810 2778 1410 1 1 1
27 154801 2787 6830 1 39 1
27 86754 2788 211 1 1 0
27 112808 2788 4202 1 9 1
27 92836 2790 4893 1 33 0
27 89750 2790 5187 1 7 1
27 174058 2792 6807 1 12 0
27 139393 2793 7351 1 2 1
27 120054 2798 3883 1 37 1
27 169679 2805 4771 1 48 0
27 77617 2806 241 1 26 1
27 110018 2809 6154 1 50 1
27 123745 2810 5961 1 21 0
27 133332 2813 4082 1 36 1
27 101012 2815 5062 1 11 1
27 72203 2821 3376 1 11 1
27 97426 2821 542 1 6 1
27 86262 2823 462 1 33 1
27 172375 2825 1908 1 18 1
27 175185 2828 10455 1 44 0
27 103483 2829 1511 1 6 0
27 162122 2829 2612 1 33 0
27 112790 2830 3297 1 10 0
27 103641 2839 518 1 30 1
27 114649 2840 5979 1 3 1
27 159156 2846 4905 1 31 1
27 117932 2847 6136 1 44 0
27 158390 2849 5697 1 30 0
27 76141 2849 4169 1 19 0
27 86359 2849 4940 1 38 0
27 110240 2851 5208 1 6 1
27 113680 2862 1297 1 28 0
27 74196 2863 508 1 14 1
27 148449 2867 3497 1 28 1
27 76835 2869 3772 1 50 1
27 80688 2877 4708 1 50 0
27 174688 2878 9188 1 48 0
27 153614 2878 5099 1 37 0
27 148228 2884 8323 1 19 1
27 169219 2886 978 1 2 0
27 160985 2889 6634 1 9 1
27 149123 2890 7509 1 24 1
27 152716 2893 5812 1 19 1
27 125659 2907 6033 1 34 0
27 134357 2908 1052 1 38 1
27 138754 2908 4940 1 28 1
27 73741 2910 934 1 35 0
27 150842 2913 3898 1 45 0
27 80322 2913 1648 1 3 0
27 154822 2916 1611 1 16 0
27 160463 2921 4437 1 36 1
27 71293 2923 3089 1 12 1
27 72979 2927 1837 1 9 0
27 113933 2927 3721 1 23 0
27 77348 2928 687 1 35 1
27 97034 2930 2070 1 1 1
27 151471 2930 3983 1 4 0
27 90442 2931 156 1 20 1
27 164741 2932 4019 1 11 1
27 166822 2932 1267 1 26 1
27 81413 2933 1337 1 14 1
27 71187 2933 1253 1 37 1
27 92542 2934 3379 1 9 0
27 114125 2934 622 1 20 1
27 60281 2949 815 1 9 0
27 81808 2949 3335 1 49 0
27 112238 2949 2876 1 35 1
27 156724 2951 1900 1 36 0
27 160148 2952 7423 1 8 1
27 131915 2953 5125 1 15 1
27 87507 2953 1622 1 23 1
27 145458 2954 3931 1 35 1
27 109636 2960 2382 1 50 1
27 117155 2960 6213 1 17 0
27 164634 2964 6960 1 26 0
27 101309 2967 5037 1 20 0
27 140148 2971 7874 1 13 0
27 90672 2971 4685 1 37 0
27 116942 2973 183 1 46 0
27 149382 2974 7935 1 33 1
27 106916 2978 4099 1 42 1
27 86566 2978 1608 1 15 1
27 92719 2979 4667 1 22 1
27 73411 2984 2648 1 4 0
27 98124 2986 4284 1 41 0
27 107542 2987 5893 1 23 1
27 137917 2989 7792 1 21 0
27 64923 2991 2104 1 41 0
27 167721 2992 408 1 50 1
27 174944 2993 6675 1 9 0
27 147954 2996 4523 1 39 1
27 80957 2996 4577 1 19 0
27 163483 2997 3594 1 5 1
27 109626 2997 6447 1 39 0
27 157137 3002 290 1 42 1
27 156368 3002 5237 1 13 0
27 77107 3004 2033 1 36 0
27 69242 3011 1698 1 3 0
27 173021 3014 6177 1 26 1
27 113870 3024 2255 1 29 1
27 149735 3024 8709 1 3 1
27 76540 3026 3039 1 46 0
27 157057 3029 473 1 19 0
27 135797 3030 1750 1 13 1
27 120984 3033 6439 1 26 0
27 136324 3034 5967 1 37 1
27 105200 3035 3451 1 30 0
27 95481 3041 5077 1 46 0
27 161835 3043 2517 1 7 0
27 93563 3050 5595 1 19 1
27 158788 3051 9381 1 36 1
27 165697 3063 986 1 11 0
27 117734 3066 6333 1 27 1
27 134699 3067 3336 1 22 1
27 90540 3069 2290 1 42 0
27 158197 3070 1107 1 6 0
27 122095 3075 2537 1 35 1
27 134366 3076 5339 1 32 0
27 161250 3076 5176 1 3 0
27 143855 3076 5219 1 42 0
27 94596 3080 1423 1 20 0
27 125705 3081 949 1 9 0
27 78235 3081 119 1 39 0
27 138558 3085 5264 1 21 0
27 72820 3086 1722 1 51 0
27 147736 3087 6137 1 20 0
27 137483 3089 2963 1 21 1
27 124521 3089 483 1 21 0
27 169461 3091 5516 1 38 0
27 165376 3094 4960 1 46 1
27 152949 3096 7610 1 40 0
27 172327 3097 6863 1 40 0
27 160096 3106 548 1 26 0
27 93997 3113 4238 1 26 1
27 115839 3114 314 1 43 0
27 123065 3114 4898 1 12 1
27 82282 3116 1102 1 23 1
27 171091 3116 336 1 31 0
27 138500 3119 312 1 4 1
27 127963 3127 6585 1 13 1
27 124009 3129 1223 1 10 1
27 139924 3130 6134 1 4 0
27 163948 3131 8631 1 6 1
27 90357 3131 1286 1 5 0
27 163668 3131 7808 1 28 0
27 70775 3133 540 1 48 0
27 141980 3134 3862 1 29 0
27 159625 3140 2234 1 45 0
27 174318 3143 1691 1 18 1
27 165596 3146 8113 1 17 1
27 131624 3147 6406 1 7 1
27 127304 3150 2307 1 50 0
27 91316 3151 3210 1 35 1
27 78487 3160 2107 1 8 0
27 178248 3162 8046 1 22 0
27 130292 3163 2095 1 21 1
27 131378 3163 6095 1 34 0
27 71009 3168 1363 1 11 0
27 177757 3171 9745 1 42 0
27 77808 3176 1879 1 36 0
27 95688 3183 4036 1 24 0
27 155397 3185 5085 1 8 0
27 175380 3194 9350 1 45 1
27 175091 3197 2916 1 9 0
27 73553 3202 2932 1 32 0
27 175506 3210 7501 1 38 0
27 151320 3210 8298 1 9 1
27 74369 3213 2764 1 10 1
27 139792 3217 8042 1 25 1
27 115039 3218 5067 1 8 1
27 64165 3220 2767 1 13 0
27 112173 3224 3910 1 43 0
27 84539 3224 2652 1 29 1
27 174252 3225 8330 1 21 0
27 115114 3225 911 1 20 1
27 138920 3226 4342 1 45 0
27 155393 3230 5786 1 12 1
27 111800 3232 5765 1 5 0
27 169825 3237 7113 1 28 1
27 94733 3239 2198 1 4 1
27 140537 3240 2088 1 17 1
27 127759 3242 6532 1 28 0
27 113174 3245 5792 1 22 0
27 89002 3245 2818 1 7 0
27 118335 3255 1283 1 46 0
27 172255 3260 2720 1 48 1
27 118762 3261 1937 1 12 0
27 118121 3261 2224 1 29 1
27 97659 3262 5153 1 12 0
27 63913 3264 807 1 32 0
27 147174 3270 7848 1 1 1
27 74441 3274 3566 1 38 0
27 78244 3275 999 1 12 0
27 123024 3275 2886 1 22 0
27 166033 3275 707 1 21 0
27 120965 3276 6600 1 10 1
27 179399 3278 3363 1 30 1
27 77053 3278 2247 1 5 0
27 112973 3278 6622 1 1 0
27 88184 3282 2985 1 33 1
27 149807 3284 8730 1 17 1
27 132424 3284 2356 1 16 0
27 70520 3286 3407 1 11 1
27 110942 3290 1129 1 8 1
27 120675 3293 985 1 3 0
27 179771 3296 6898 1 28 0
27 101466 3304 4789 1 8 0
27 63240 3307 2155 1 41 1
27 141358 3310 7883 1 28 0
27 95073 3311 1586 1 29 1
27 158160 3314 7363 1 15 1
27 171106 3317 1396 1 51 0
27 120598 3317 208 1 12 0
27 115419 3318 597 1 31 0
27 176020 3319 727 1 9 1
27 174762 3324 8115 1 14 1
27 130672 3324 1923 1 3 1
27 155245 3327 902 1 17 1
27 176639 3327 8038 1 1 0
27 124367 3329 1456 1 21 0
27 86552 3334 87 1 24 0
27 178001 3341 3749 1 22 1
27 78739 3342 1541 1 25 1
27 76958 3346 3342 1 3 0
27 121708 3350 5854 1 18 1
27 72120 3350 878 1 42 0
27 160110 3352 3266 1 10 0
27 137272 3354 6429 1 50 1
27 119490 3356 6294 1 47 0
27 134300 3357 7146 1 41 0
27 173364 3357 5383 1 43 0
27 152227 3359 1617 1 13 0
27 135125 3360 7215 1 23 1
27 110507 3361 2642 1 46 0
27 120818 3365 2651 1 41 0
27 169034 3369 5424 1 30 1
27 152130 3370 8314 1 4 0
27 114976 3371 3271 1 8 0
27 62776 3374 3418 1 44 0
27 147520 3376 4163 1 24 1
27 69040 3377 2469 1 11 1
27 64524 3378 1923 1 16 0
27 150955 3388 8902 1 9 0
27 154423 3398 2723 1 3 1
27 132859 3398 1607 1 35 0
27 148039 3400 6391 1 37 0
27 69823 3410 1950 1 29 0
27 101337 3410 2374 1 3 0
27 114557 3412 892 1 20 0
27 143695 3416 1883 1 6 1
27 146154 3416 2151 1 26 1
27 106642 3421 4835 1 42 0
27 93978 3422 2709 1 29 0
27 105425 3423 5793 1 7 0
27 101246 3424 2650 1 21 1
27 86670 3427 4198 1 12 1
27 179651 3437 8095 1 27 1
27 179110 3444 4718 1 4 1
27 99589 3444 3754 1 15 0
27 67265 3447 2113 1 49 1
27 79574 3447 2951 1 42 1
27 60293 3448 1786 1 7 0
27 67612 3451 3178 1 41 0
27 66826 3454 383 1 23 1
27 66362 3454 3707 1 47 0
27 173495 3456 3956 1 43 1
27 93975 3460 2835 1 26 0
27 145895 3462 703 1 1 0
27 102206 3464 928 1 11 1
27 137496 3465 452 1 40 0
27 162308 3467 2968 1 25 0
27 123810 3467 5742 1 16 1
27 141318 3467 1282 1 40 0
27 128133 3469 2709 1 11 0
27 80220 3475 4799 1 11 1
27 179878 3478 2344 1 11 1
27 66966 3478 3333 1 34 1
27 149313 3479 1461 1 42 0
27 102929 3480 1991 1 1 1
27 176646 3484 3326 1 16 0
27 150482 3485 2739 1 12 0
27 123393 3487 6320 1 35 0
27 140739 3493 4196 1 5 1
27 83014 3494 1616 1 1 0
27 179638 3498 8136 1 41 1
27 174517 3499 1202 1 28 1
27 107797 3500 6031 1 41 1
27 75016 3502 2157 1 45 0
27 148256 3502 7234 1 34 0
27 170485 3502 2657 1 10 0
27 178685 3509 5689 1 29 1
27 158315 3510 5473 1 11 0
27 63463 3512 887 1 17 0
27 109077 3513 4395 1 27 1
27 88961 3521 173 1 26 0
27 140399 3521 6368 1 15 1
27 138799 3522 7654 1 30 0
27 106698 3522 5010 1 12 0
27 104818 3522 4766 1 36 0
27 131495 3524 683 1 40 0
27 89377 3524 2265 1 24 0
27 154180 3525 8649 1 23 1
27 118898 3526 6997 1 49 0
27 130179 3528 6787 1 44 0
27 106412 3534 1142 1 34 0
27 177429 3535 3959 1 36 1
27 100535 3536 1216 1 41 0
27 94397 3541 846 1 42 1
27 107611 3541 3010 1 16 1
27 76526 3545 182 1 35 1
27 98449 3547 347 1 15 0
27 81290 3547 3484 1 18 1
27 175801 3548 1771 1 13 1
27 137024 3551 8216 1 4 0
27 115962 3552 2024 1 7 1
27 86730 3553 333 1 16 1
27 112684 3556 1564 1 30 1
27 126462 3557 1380 1 5 1
27 83497 3558 1221 1 9 0
27 171994 3558 5392 1 42 0
27 137993 3560 719 1 21 1
27 155447 3561 5088 1 8 0
27 89432 3561 2698 1 5 0
27 149068 3565 165 1 44 0
27 66130 3570 1922 1 30 1
27 126029 3571 7045 1 20 0
27 98002 3574 2409 1 50 1
27 133437 3578 3436 1 15 1
27 139400 3579 2445 1 16 1
27 106529 3580 679 1 29 0
27 109076 3581 144 1 26 0
27 104963 3581 3943 1 34 0
27 100802 3582 3393 1 34 0
27 178842 3583 3007 1 32 0
27 176268 3588 1907 1 22 1
27 134677 3589 5075 1 36 1
27 63999 3592 2517 1 47 1
27 120829 3596 3565 1 10 1
27 153123 3597 8128 1 4 1
