1500
28 64187 4 1973 1 4 0
28 115066 7 960 1 39 0
28 143588 8 7100 1 15 0
28 99505 10 1552 1 46 0
28 179207 11 2767 1 23 1
28 176112 14 6370 1 4 1
28 115400 22 6562 1 8 1
28 112504 23 5923 1 40 0
28 147506 24 7401 1 21 1
28 82768 25 4930 1 25 1
28 101760 30 5293 1 11 0
28 152536 31 1092 1 11 0
28 84924 31 4884 1 37 0
28 117175 33 662 1 25 1
28 156660 36 1884 1 32 1
28 82598 38 3530 1 9 0
28 154219 42 2908 1 1 1
28 114568 43 2009 1 48 0
28 82517 45 2469 1 15 1
28 175295 45 2091 1 7 0
28 177048 47 1687 1 44 1
28 149527 47 6685 1 29 1
28 175629 50 7523 1 40 0
28 116762 50 662 1 30 0
28 128948 54 4586 1 27 1
28 102531 54 1851 1 13 0
28 147220 54 5175 1 25 0
28 109757 57 2881 1 47 1
28 99602 58 3822 1 46 1
28 173204 59 9795 1 51 1
28 161209 60 1911 1 25 1
28 165629 64 6739 1 50 0
28 63062 65 3610 1 34 1
28 119968 67 3808 1 34 0
28 170523 74 5998 1 46 1
28 79465 76 540 1 13 1
28 60555 77 2699 1 24 0
28 78642 77 2569 1 21 1
28 169248 82 8437 1 5 1
28 178038 84 9687 1 42 0
28 107251 92 2729 1 12 0
28 125903 93 4055 1 9 0
28 101563 97 4328 1 11 1
28 85570 100 3803 1 16 0
28 118692 101 1760 1 39 1
28 137996 103 5910 1 4 1
28 159930 110 3936 1 19 0
28 176597 121 1982 1 16 0
28 164288 122 8194 1 30 0
28 89305 123 3301 1 44 1
28 107976 125 1775 1 12 1
28 103830 126 6228 1 8 1
28 62792 132 2037 1 36 0
28 108816 137 6516 1 26 0
28 86499 137 3718 1 4 0
28 106689 139 1815 1 23 1
28 97523 144 4540 1 10 0
28 121186 146 4411 1 34 1
28 141065 148 237 1 25 1
28 134476 150 7602 1 49 0
28 154684 152 1234 1 11 0
28 155111 153 7915 1 42 0
28 93474 153 4235 1 47 0
28 64122 155 2304 1 42 0
28 87841 158 5257 1 33 0
28 94083 163 5573 1 37 0
28 131581 164 7862 1 12 1
28 70226 165 176 1 12 1
28 113939 167 2611 1 28 0
28 113929 168 1696 1 49 0
28 167004 169 6580 1 28 0
28 95973 169 4629 1 49 1
28 81915 174 4828 1 18 0
28 164537 177 6545 1 21 1
28 176329 179 3585 1 45 0
28 98533 180 5090 1 41 0
28 138764 185 7143 1 22 1
28 63652 187 2547 1 28 1
28 92767 189 4080 1 2 1
28 68807 190 1223 1 12 0
28 84932 190 3436 1 41 0
28 128649 194 4117 1 33 0
28 91011 194 1280 1 51 0
28 83464 201 861 1 28 0
28 100457 206 4118 1 10 1
28 89939 206 1506 1 19 0
28 68839 207 3145 1 18 1
28 168486 209 1437 1 7 1
28 123596 210 3408 1 33 0
28 77832 211 1567 1 20 0
28 97447 212 5169 1 9 0
28 97310 213 3782 1 10 0
28 73494 216 438 1 37 1
28 137323 221 3059 1 4 0
28 157678 223 8828 1 15 1
28 170734 225 498 1 31 0
28 179205 227 4092 1 6 0
28 158282 228 4291 1 40 1
28 78623 230 3669 1 23 0
28 99688 231 3751 1 13 0
28 95816 237 2321 1 8 1
28 109356 242 6467 1 3 0
28 166752 242 6118 1 16 1
28 103183 242 2222 1 44 0
28 78080 245 1532 1 17 0
28 157097 246 3849 1 38 0
28 170829 246 9829 1 50 0
28 152063 246 3414 1 14 1
28 164810 248 4299 1 6 1
28 174841 248 2161 1 23 1
28 159159 250 5151 1 7 0
28 113582 251 4555 1 20 0
28 60243 251 1286 1 33 1
28 100394 252 1368 1 8 0
28 126879 253 4101 1 40 1
28 160597 255 673 1 29 1
28 136906 259 1234 1 33 1
28 145112 259 2850 1 38 0
28 100229 260 1564 1 14 0
28 145519 262 4982 1 45 1
28 144721 263 1876 1 27 0
28 156780 264 3650 1 5 0
28 62854 269 454 1 44 1
28 132127 273 3812 1 26 1
28 123957 278 4647 1 34 0
28 163504 278 5704 1 21 0
28 156525 280 2819 1 12 0
28 148565 281 1993 1 32 1
28 159502 284 6116 1 9 0
28 111748 287 4695 1 14 0
28 161640 287 4761 1 35 0
28 69066 289 1098 1 51 1
28 155345 290 4138 1 31 1
28 68292 291 2055 1 39 0
28 73879 295 1028 1 47 0
28 144714 295 2480 1 13 1
28 174146 299 5195 1 1 0
28 135263 300 6385 1 29 0
28 154212 300 1284 1 38 1
28 77990 301 3911 1 28 1
28 71078 301 123 1 31 0
28 135988 303 4589 1 9 1
28 167024 303 1348 1 51 0
28 108900 303 2545 1 16 0
28 112158 304 3538 1 44 0
28 124993 306 2959 1 4 0
28 143402 309 4524 1 25 0
28 152765 312 8843 1 11 1
28 105269 312 1170 1 19 0
28 70476 312 1606 1 26 0
28 131598 313 268 1 33 0
28 176475 316 1954 1 18 1
28 173994 316 8939 1 11 0
28 70246 316 135 1 28 1
28 120816 323 4543 1 35 1
28 110297 323 2061 1 35 1
28 74048 324 1381 1 28 0
28 121207 324 4081 1 12 1
28 164620 326 7702 1 3 0
28 112214 327 3061 1 5 1
28 126814 330 2384 1 14 1
28 153970 332 8816 1 29 0
28 109302 337 6351 1 24 1
28 106482 340 3436 1 14 0
28 78483 341 4623 1 7 0
28 148063 343 153 1 45 0
28 119398 344 4105 1 19 1
28 165267 345 1013 1 7 0
28 176472 346 731 1 39 1
28 88643 347 2821 1 24 1
28 163610 348 8343 1 18 0
28 73748 350 1766 1 20 1
28 86435 354 623 1 26 0
28 122251 359 6274 1 51 0
28 68042 360 1459 1 19 0
28 93330 360 394 1 9 0
28 109760 370 1182 1 49 1
28 149739 375 3572 1 24 0
28 160498 376 2039 1 25 0
28 64612 379 458 1 3 0
28 107171 385 5293 1 51 0
28 177763 387 4722 1 40 1
28 163578 392 8509 1 36 0
28 117286 395 745 1 27 1
28 103916 396 4022 1 42 1
28 114148 399 6220 1 21 0
28 115449 406 1816 1 11 1
28 127511 411 4315 1 34 1
28 61772 414 3689 1 50 0
28 144700 415 2412 1 32 1
28 165855 416 1426 1 28 0
28 146891 416 5515 1 43 0
28 70226 417 724 1 22 0
28 145169 419 2577 1 5 0
28 120612 421 2389 1 1 1
28 118218 424 3621 1 33 1
28 149285 425 4733 1 36 0
28 72531 428 1721 1 17 1
28 155309 429 2297 1 2 1
28 109164 435 1209 1 33 1
28 124394 435 7076 1 12 0
28 90821 440 1775 1 2 0
28 118778 441 2187 1 29 1
28 91086 442 4578 1 10 0
28 132985 449 4543 1 2 0
28 116301 452 5839 1 33 1
28 98897 461 4018 1 12 1
28 78043 468 3237 1 13 0
28 150615 473 8209 1 4 1
28 107923 476 1854 1 19 1
28 165293 480 8781 1 7 0
28 138015 483 903 1 17 0
28 74849 484 623 1 9 0
28 171870 485 5863 1 38 1
28 144642 488 7884 1 37 0
28 151933 491 8042 1 12 1
28 157787 494 5702 1 31 0
28 65154 495 2060 1 23 0
28 78858 497 4060 1 39 1
28 150616 499 6208 1 30 0
28 157945 504 7066 1 5 0
28 65881 506 1489 1 18 1
28 100061 509 2783 1 23 1
28 62302 516 3491 1 19 0
28 119175 519 3574 1 29 1
28 78882 521 3078 1 19 1
28 128903 524 6202 1 40 0
28 174163 527 7633 1 32 0
28 121286 530 6835 1 3 1
28 139068 531 7752 1 36 0
28 138501 536 4554 1 45 1
28 68915 539 1128 1 3 0
28 161137 541 9239 1 32 0
28 117147 541 2260 1 38 1
28 168620 542 9439 1 27 0
28 75599 542 3169 1 29 0
28 137140 547 6434 1 19 1
28 125389 547 6676 1 2 0
28 79956 549 2267 1 21 1
28 148552 550 2322 1 7 1
28 174992 550 608 1 32 1
28 75073 550 1567 1 26 1
28 137259 551 1940 1 18 1
28 129747 551 6109 1 44 1
28 155975 552 7774 1 1 1
28 125013 554 5724 1 42 1
28 151053 555 4110 1 19 0
28 69920 555 208 1 19 0
28 107274 556 6237 1 49 1
28 60519 556 628 1 34 0
28 176371 557 1538 1 17 0
28 118735 563 3188 1 50 1
28 100292 564 861 1 21 1
28 107273 565 2583 1 1 1
28 119537 565 1089 1 27 1
28 158253 571 8327 1 16 0
28 137524 573 5413 1 14 0
28 112118 578 2564 1 26 0
28 163718 581 7999 1 41 1
28 177108 584 3722 1 27 1
28 138947 587 7330 1 10 0
28 91278 592 5419 1 37 1
28 129311 594 2965 1 46 0
28 141583 597 4340 1 8 0
28 96979 600 4507 1 16 0
28 69014 611 2517 1 51 1
28 128869 616 1649 1 14 1
28 60642 617 3419 1 30 1
28 131140 617 2490 1 51 0
28 63864 622 870 1 20 1
28 64927 625 2643 1 18 1
28 164292 628 9117 1 14 0
28 154874 632 612 1 32 0
28 80762 634 372 1 2 1
28 65842 645 575 1 3 0
28 105737 648 3853 1 43 0
28 169819 649 7206 1 34 0
28 114960 650 4100 1 44 1
28 81175 651 2182 1 11 0
28 134001 654 214 1 7 0
28 178209 657 447 1 40 1
28 78331 658 3714 1 44 1
28 151392 664 4717 1 43 0
28 144120 665 4152 1 45 1
28 97052 669 2993 1 27 1
28 96169 669 3374 1 48 1
28 75355 670 1498 1 28 1
28 108720 673 973 1 31 0
28 146919 673 8002 1 9 1
28 158164 680 5124 1 1 0
28 156030 681 7087 1 44 0
28 139565 681 1191 1 36 0
28 74505 682 4195 1 19 0
28 144829 686 5652 1 18 1
28 90966 686 1857 1 1 0
28 102985 687 3557 1 39 0
28 134030 688 4815 1 47 1
28 69803 690 2640 1 16 0
28 168475 691 9142 1 26 0
28 97791 692 5372 1 39 1
28 126057 694 7208 1 32 0
28 127492 696 1690 1 25 1
28 143156 698 8091 1 18 0
28 70618 700 894 1 40 1
28 134244 702 6548 1 15 0
28 160767 703 8481 1 42 1
28 97472 707 5693 1 25 1
28 133184 709 7379 1 23 1
28 85139 718 4531 1 8 1
28 81937 718 4471 1 36 0
28 143889 720 4169 1 15 0
28 160117 724 5940 1 34 0
28 178001 725 6443 1 15 0
28 86081 732 4225 1 4 0
28 157837 733 8080 1 11 0
28 124079 734 1098 1 27 0
28 131973 735 2524 1 37 1
28 126012 739 4892 1 17 0
28 93718 742 2986 1 27 0
28 179883 742 1462 1 3 0
28 177400 746 9284 1 30 0
28 73952 752 1010 1 37 1
28 119927 754 6536 1 34 0
28 128169 754 7268 1 44 0
28 62607 754 985 1 46 0
28 90297 757 5195 1 18 0
28 69075 757 662 1 9 0
28 169943 762 3887 1 40 0
28 145081 764 1224 1 29 0
28 78735 768 3834 1 29 1
28 107353 770 6008 1 37 1
28 75250 772 3176 1 42 0
28 80897 772 1088 1 49 0
28 108749 776 4572 1 12 1
28 96994 781 1131 1 34 1
28 87372 782 676 1 28 0
28 142793 786 7102 1 1 0
28 84576 786 624 1 9 0
28 166236 789 5532 1 11 1
28 86905 789 3019 1 10 1
28 148450 790 1067 1 38 1
28 112317 796 112 1 42 1
28 80439 800 4722 1 8 1
28 131500 801 3397 1 17 0
28 62034 802 932 1 44 0
28 124700 802 6555 1 36 0
28 153528 805 8569 1 3 0
28 69192 805 338 1 13 1
28 144187 811 3040 1 19 0
28 109363 812 3158 1 25 0
28 169316 814 2185 1 41 1
28 159005 816 7033 1 49 0
28 171138 819 458 1 9 0
28 60524 821 196 1 17 0
28 165591 821 5228 1 35 1
28 95255 823 3637 1 3 1
28 72926 828 2209 1 21 1
28 131992 832 2747 1 44 1
28 131677 832 2297 1 39 0
28 103359 833 5205 1 8 0
28 133641 838 4424 1 13 0
28 152653 842 772 1 31 0
28 65096 845 228 1 6 1
28 175034 847 6757 1 33 0
28 156524 847 1949 1 18 1
28 64853 848 3167 1 28 1
28 71921 854 2889 1 46 0
28 81968 855 4438 1 18 1
28 151120 858 3388 1 38 0
28 99935 858 1435 1 39 1
28 143551 859 1757 1 14 1
28 117888 860 4849 1 46 0
28 100468 860 2435 1 20 1
28 75837 863 1737 1 30 0
28 140644 865 5632 1 11 1
28 133675 866 1456 1 28 1
28 119073 868 3714 1 4 1
28 77892 868 4157 1 20 0
28 104037 869 6101 1 6 0
28 114179 870 4196 1 50 1
28 104771 874 3653 1 33 1
28 66692 874 493 1 9 1
28 94502 877 605 1 18 1
28 63745 878 2314 1 5 0
28 82820 879 4330 1 37 1
28 149290 880 3552 1 35 0
28 89129 881 993 1 5 1
28 172352 884 3986 1 5 1
28 96352 885 2205 1 17 0
28 167905 887 6944 1 28 1
28 122580 887 7257 1 28 1
28 159169 888 4085 1 13 0
28 61115 889 1131 1 26 0
28 66815 889 2209 1 21 1
28 64122 890 2305 1 18 0
28 115735 890 5429 1 46 1
28 173545 891 411 1 21 0
28 71197 893 3658 1 11 0
28 64714 893 2100 1 44 0
28 102539 901 5064 1 38 1
28 129573 911 1314 1 43 1
28 161064 911 1490 1 29 1
28 176730 911 8870 1 40 0
28 90453 915 591 1 25 0
28 117002 918 5716 1 12 0
28 135776 924 7787 1 1 0
28 60954 924 1886 1 30 0
28 72667 936 1832 1 7 1
28 130500 937 3915 1 37 1
28 77412 938 732 1 9 0
28 113930 940 2255 1 21 0
28 171159 944 6482 1 46 0
28 156284 950 6309 1 35 1
28 160248 950 1160 1 23 0
28 166197 951 4567 1 21 1
28 179298 953 2226 1 30 0
28 64210 958 2278 1 42 1
28 119200 958 4936 1 39 0
28 99808 959 1340 1 39 0
28 174329 961 4982 1 44 1
28 69233 965 2289 1 6 0
28 96686 972 3582 1 29 1
28 73655 975 3825 1 18 1
28 96419 976 4041 1 29 0
28 102559 985 2550 1 1 1
28 169095 985 8152 1 12 1
28 109982 991 5457 1 26 1
28 75564 995 1335 1 12 0
28 73918 996 2227 1 16 0
28 179768 997 6871 1 19 1
28 93806 997 2013 1 12 1
28 69006 998 172 1 27 1
28 151210 999 3960 1 27 0
28 156885 999 1580 1 22 1
28 165131 999 3506 1 37 1
28 60544 1000 2744 1 17 1
28 71038 1002 393 1 42 1
28 148607 1002 1012 1 23 1
28 66921 1009 1180 1 44 1
28 133746 1010 5759 1 5 1
28 177188 1015 4777 1 51 1
28 104505 1020 893 1 14 0
28 166041 1020 994 1 28 1
28 69605 1023 3756 1 14 0
28 170521 1023 1882 1 47 0
28 159198 1024 2330 1 15 0
28 117359 1036 6819 1 7 1
28 140560 1040 3781 1 5 1
28 123468 1041 185 1 47 0
28 122635 1051 5032 1 51 0
28 99004 1051 5758 1 41 1
28 111833 1053 349 1 43 1
28 162983 1053 6982 1 6 0
28 132039 1053 299 1 25 1
28 98392 1057 5630 1 22 1
28 105275 1058 1834 1 31 0
28 119816 1059 637 1 38 1
28 87556 1063 3097 1 30 0
28 159167 1068 4671 1 19 0
28 75654 1068 4062 1 8 1
28 89677 1069 722 1 8 0
28 128839 1076 6741 1 8 1
28 130920 1078 1181 1 13 1
28 153623 1082 6524 1 48 1
28 60941 1084 3103 1 13 0
28 127267 1087 229 1 15 1
28 114835 1089 2190 1 18 1
28 86913 1091 3090 1 40 1
28 154030 1091 7254 1 24 0
28 65664 1100 450 1 44 0
28 72353 1111 2639 1 50 0
28 162662 1111 6431 1 24 1
28 173263 1114 8091 1 25 1
28 131138 1114 5406 1 9 0
28 163864 1116 3775 1 41 1
28 168926 1117 9521 1 46 1
28 107380 1118 5787 1 50 0
28 100276 1119 3198 1 50 1
28 107621 1119 4030 1 15 0
28 80191 1122 1760 1 37 1
28 179877 1122 185 1 51 0
28 82918 1125 4285 1 12 0
28 69626 1125 2028 1 49 1
28 133824 1128 2770 1 31 1
28 140884 1128 4038 1 41 1
28 94953 1139 3487 1 48 0
28 118257 1141 1283 1 11 0
28 159955 1142 3940 1 41 0
28 130681 1143 4656 1 10 1
28 108867 1143 1265 1 47 0
28 78157 1146 1524 1 38 1
28 163233 1148 8335 1 21 0
28 76687 1149 2350 1 21 0
28 160882 1149 271 1 3 0
28 131695 1151 1093 1 22 1
28 95084 1153 4954 1 34 1
28 68629 1153 1896 1 21 0
28 116650 1155 4235 1 27 0
28 98877 1155 1566 1 8 0
28 156945 1163 7517 1 27 1
28 157486 1163 7426 1 48 0
28 150660 1167 5983 1 22 0
28 158226 1173 6359 1 29 1
28 125437 1175 1431 1 29 0
28 173246 1175 464 1 32 0
28 82479 1180 3142 1 21 1
28 127470 1181 4596 1 26 1
28 135901 1185 7889 1 27 0
28 99836 1186 5373 1 9 1
28 88894 1190 4973 1 50 0
28 131459 1192 6574 1 48 0
28 151459 1193 759 1 36 0
28 157163 1194 9254 1 46 1
28 119595 1196 6608 1 41 1
28 114423 1199 4015 1 31 1
28 172773 1207 809 1 30 0
28 92551 1209 1913 1 28 1
28 77671 1216 4171 1 32 1
28 128450 1220 6063 1 26 0
28 111491 1221 5336 1 7 0
28 115788 1222 5625 1 6 1
28 134251 1223 4408 1 46 1
28 132344 1224 1945 1 44 1
28 78793 1225 1321 1 12 1
28 99261 1233 1650 1 6 1
28 123857 1238 6998 1 9 0
28 156640 1243 7814 1 23 1
28 72344 1244 918 1 31 0
28 61132 1248 1737 1 1 0
28 132705 1248 2480 1 1 1
28 111870 1249 2967 1 21 0
28 173350 1251 3630 1 31 1
28 124571 1255 2541 1 1 0
28 65456 1258 1227 1 46 1
28 169471 1259 1024 1 24 1
28 126044 1262 1572 1 39 1
28 83454 1263 2320 1 9 1
28 76503 1264 4561 1 14 1
28 104595 1270 1736 1 29 0
28 137026 1271 5915 1 11 0
28 126771 1272 7571 1 33 0
28 143580 1278 629 1 18 0
28 132370 1282 5330 1 32 0
28 152299 1285 3173 1 2 0
28 124060 1292 1166 1 29 1
28 145833 1293 3751 1 50 1
28 60808 1294 503 1 5 0
28 86832 1295 4657 1 12 0
28 89526 1296 2739 1 42 1
28 102771 1297 1551 1 18 1
28 69783 1300 2585 1 7 1
28 106302 1305 5406 1 49 1
28 172690 1307 2068 1 49 1
28 70586 1307 564 1 25 0
28 167967 1308 2639 1 37 1
28 134901 1314 2277 1 14 1
28 102222 1318 5408 1 51 0
28 100618 1320 5568 1 45 0
28 101589 1321 3550 1 29 0
28 167071 1323 9470 1 43 1
28 166688 1325 2856 1 1 0
28 60134 1326 785 1 8 0
28 176525 1328 6642 1 18 0
28 60302 1329 810 1 29 0
28 171971 1330 7611 1 36 0
28 144168 1333 6897 1 5 1
28 121442 1341 5604 1 9 0
28 172475 1341 6676 1 41 0
28 171149 1342 1163 1 43 0
28 155525 1342 7921 1 43 0
28 61719 1345 687 1 40 1
28 102707 1346 1725 1 17 0
28 171143 1347 10180 1 29 1
28 113694 1347 5205 1 19 0
28 151769 1352 5909 1 44 0
28 78852 1354 691 1 51 1
28 67132 1355 330 1 44 1
28 67165 1357 3456 1 28 1
28 174359 1357 9899 1 2 1
28 128027 1359 2663 1 49 1
28 75799 1359 3870 1 14 1
28 135318 1359 5290 1 21 0
28 60462 1361 2067 1 28 1
28 139111 1361 828 1 15 0
28 132794 1361 971 1 28 0
28 177568 1365 9407 1 16 1
28 116690 1367 5691 1 3 0
28 138579 1367 5010 1 43 1
28 125817 1373 140 1 34 1
28 111324 1376 4599 1 36 0
28 174121 1378 8788 1 46 1
28 93968 1378 705 1 14 1
28 91644 1379 4097 1 45 1
28 110921 1380 462 1 18 0
28 172334 1381 6552 1 32 0
28 104457 1385 4919 1 44 1
28 174797 1385 3117 1 20 1
28 172486 1392 4934 1 4 0
28 61564 1395 3069 1 13 0
28 90809 1400 3112 1 32 1
28 155947 1403 1080 1 3 0
28 97799 1409 5255 1 42 1
28 108438 1409 4873 1 17 1
28 99838 1409 659 1 29 0
28 170401 1410 9184 1 47 1
28 143151 1411 2110 1 8 0
28 173078 1412 2555 1 33 1
28 81432 1420 784 1 39 0
28 120406 1421 5999 1 20 1
28 145205 1423 2068 1 26 0
28 69054 1425 3353 1 2 0
28 161020 1425 9530 1 48 0
28 146288 1426 3984 1 32 0
28 67743 1428 3376 1 5 0
28 68373 1428 397 1 20 0
28 159791 1430 8667 1 45 0
28 159979 1430 1550 1 19 1
28 127071 1433 5875 1 43 0
28 92102 1438 188 1 17 0
28 103829 1442 168 1 31 1
28 155544 1444 4031 1 43 0
28 66652 1449 1809 1 24 1
28 84216 1450 693 1 31 0
28 115364 1450 576 1 5 0
28 173033 1452 4266 1 49 0
28 104710 1455 297 1 18 1
28 65648 1456 3179 1 51 1
28 121485 1456 3263 1 39 0
28 118446 1458 5239 1 16 0
28 62331 1460 755 1 26 0
28 112581 1460 687 1 29 1
28 81701 1463 4707 1 6 1
28 75829 1465 656 1 45 1
28 64128 1471 3270 1 29 0
28 133053 1474 3876 1 1 0
28 148916 1477 544 1 13 0
28 111859 1485 3531 1 13 0
28 135457 1486 1418 1 36 1
28 120228 1491 1914 1 1 1
28 157752 1493 2306 1 32 0
28 147848 1496 2794 1 6 1
28 124658 1501 5008 1 2 1
28 165358 1506 7962 1 12 0
28 147069 1506 6321 1 18 0
28 141897 1507 2361 1 44 1
28 88057 1507 148 1 38 1
28 110288 1508 2983 1 39 1
28 72568 1511 590 1 33 1
28 90491 1512 3365 1 46 0
28 85415 1512 703 1 33 1
28 117830 1513 2314 1 49 0
28 82902 1514 1865 1 16 1
28 135069 1517 5112 1 4 0
28 103031 1518 1461 1 43 0
28 127515 1518 3508 1 7 1
28 135161 1519 6745 1 37 1
28 66652 1521 2249 1 13 1
28 155878 1523 1196 1 25 1
28 165949 1525 7155 1 29 1
28 165357 1534 813 1 21 1
28 123208 1535 5273 1 17 1
28 179327 1535 630 1 21 0
28 109206 1541 1120 1 31 1
28 107375 1541 477 1 21 0
28 90787 1542 4739 1 44 1
28 122266 1549 7068 1 31 0
28 71803 1549 3851 1 34 0
28 125277 1552 1586 1 12 1
28 159323 1553 6499 1 20 1
28 130077 1554 6957 1 29 1
28 155540 1555 6225 1 38 1
28 94867 1556 2448 1 16 1
28 78334 1560 1278 1 15 0
28 102995 1562 526 1 50 1
28 142186 1565 3630 1 43 1
28 115871 1566 3100 1 24 0
28 160673 1570 5540 1 40 1
28 147553 1571 7660 1 46 0
28 142309 1581 2441 1 40 1
28 177890 1581 1472 1 22 1
28 70396 1585 916 1 50 0
28 131445 1593 2652 1 50 1
28 136034 1595 7650 1 21 1
28 71916 1597 2417 1 3 0
28 80049 1602 2577 1 44 0
28 129277 1606 1178 1 9 1
28 67010 1607 3626 1 33 1
28 61581 1612 1932 1 51 0
28 67488 1612 2746 1 45 1
28 107250 1614 1605 1 34 1
28 153921 1615 4011 1 40 0
28 71267 1620 2481 1 14 0
28 78544 1628 3371 1 39 1
28 144635 1630 2817 1 36 0
28 83469 1636 3108 1 33 0
28 134884 1641 7629 1 10 0
28 174600 1649 1981 1 29 1
28 92091 1650 3171 1 45 1
28 150523 1653 6883 1 34 0
28 179178 1653 5379 1 44 0
28 103798 1656 5571 1 22 1
28 157196 1658 8517 1 5 1
28 121349 1658 2743 1 29 0
28 144289 1660 977 1 14 0
28 102496 1660 3123 1 21 1
28 132596 1666 5176 1 17 1
28 81720 1666 3880 1 14 0
28 150843 1673 1226 1 5 0
28 130574 1677 1449 1 29 0
28 164100 1679 3529 1 2 1
28 124844 1680 5237 1 20 1
28 175921 1681 10202 1 7 1
28 117809 1682 5137 1 51 0
28 151739 1682 1720 1 31 0
28 98011 1683 5091 1 33 0
28 152291 1683 635 1 51 1
28 144031 1684 1045 1 30 1
28 131225 1685 1400 1 4 1
28 133658 1686 5953 1 16 1
28 109368 1691 792 1 7 1
28 155179 1691 6672 1 37 0
28 164246 1692 315 1 1 1
28 88745 1694 458 1 51 1
28 147370 1703 5019 1 46 0
28 173213 1708 653 1 42 0
28 132784 1708 3879 1 2 0
28 118442 1714 5740 1 8 1
28 150950 1717 1767 1 13 0
28 121268 1719 3246 1 31 1
28 167228 1722 6590 1 49 0
28 85304 1727 298 1 4 1
28 86014 1728 2122 1 39 0
28 107721 1730 2499 1 47 1
28 139557 1732 2738 1 8 0
28 135029 1736 4934 1 27 0
28 143309 1739 3214 1 25 0
28 124421 1740 2557 1 7 1
28 85185 1741 412 1 3 0
28 74840 1742 301 1 38 1
28 99906 1745 4922 1 24 0
28 149211 1751 1207 1 47 1
28 65942 1751 1645 1 24 1
28 125302 1751 4797 1 11 0
28 171542 1753 6703 1 40 0
28 142368 1753 3557 1 32 1
28 85315 1753 677 1 43 0
28 116237 1753 6928 1 4 1
28 170259 1758 7145 1 32 1
28 129134 1759 5701 1 25 1
28 144409 1763 8006 1 4 1
28 63687 1764 1578 1 28 0
28 102394 1764 4367 1 14 1
28 91630 1765 1738 1 19 0
28 69628 1766 1465 1 25 0
28 112790 1767 1207 1 13 0
28 162081 1767 8884 1 4 1
28 132445 1768 314 1 16 1
28 112921 1768 5416 1 44 1
28 64880 1768 2282 1 46 0
28 179834 1772 8236 1 7 0
28 166134 1776 2603 1 40 1
28 80145 1779 558 1 19 0
28 93343 1782 5429 1 26 1
28 148593 1783 6404 1 8 1
28 153878 1784 231 1 15 1
28 156793 1786 8884 1 27 1
28 158934 1789 1684 1 40 0
28 89937 1790 4547 1 18 0
28 177197 1791 9097 1 45 1
28 168883 1797 6536 1 15 1
28 141323 1797 1478 1 13 0
28 167149 1797 8591 1 17 1
28 94009 1802 550 1 41 0
28 81085 1803 4419 1 27 0
28 165752 1805 6936 1 11 1
28 144095 1806 7822 1 45 1
28 98486 1808 3327 1 49 0
28 70342 1808 1389 1 1 0
28 108952 1809 2089 1 43 0
28 70900 1814 731 1 9 1
28 153528 1819 5687 1 6 1
28 108328 1823 4238 1 38 1
28 96763 1825 2211 1 1 0
28 102653 1828 5980 1 44 0
28 100683 1829 135 1 48 1
28 154082 1838 7461 1 4 0
28 128925 1844 2962 1 51 1
28 153298 1846 2128 1 12 1
28 75974 1846 2276 1 13 0
28 126092 1849 2563 1 32 0
28 110190 1854 4752 1 31 1
28 83915 1859 3214 1 42 0
28 136379 1864 2543 1 31 1
28 129206 1867 3243 1 22 1
28 116428 1867 3682 1 31 1
28 95384 1871 4788 1 3 1
28 87246 1872 513 1 12 0
28 100987 1874 3816 1 6 1
28 76038 1877 1937 1 38 0
28 161712 1878 1896 1 31 1
28 104693 1879 4045 1 26 1
28 119975 1881 5920 1 50 1
28 116330 1886 3095 1 21 0
28 155514 1886 5139 1 30 0
28 128178 1892 279 1 9 0
28 84752 1898 4674 1 31 0
28 79382 1899 622 1 24 0
28 80129 1899 424 1 48 0
28 146606 1900 3030 1 21 0
28 152674 1901 8571 1 5 1
28 179263 1902 1976 1 2 0
28 61201 1908 3253 1 48 1
28 87037 1911 4851 1 18 0
28 117974 1912 3347 1 50 1
28 128009 1912 4067 1 25 0
28 83686 1915 1600 1 2 1
28 167719 1926 3352 1 14 0
28 92065 1927 3855 1 20 0
28 131530 1929 2473 1 6 1
28 156395 1930 3941 1 5 1
28 171912 1930 7410 1 6 0
28 68655 1935 3367 1 3 0
28 138489 1945 1207 1 42 1
28 84838 1946 4486 1 6 1
28 148969 1946 8908 1 39 1
28 171690 1949 2395 1 46 0
28 175182 1952 6066 1 5 1
28 69711 1954 939 1 12 1
28 163691 1961 4280 1 44 0
28 66274 1962 238 1 41 1
28 175797 1964 6728 1 24 0
28 135454 1980 4316 1 34 1
28 146621 1983 4691 1 5 1
28 90055 1984 996 1 6 0
28 112749 1985 1282 1 16 0
28 93329 1990 2015 1 37 1
28 105576 1992 4182 1 49 1
28 61117 1993 145 1 10 0
28 68533 1994 812 1 11 1
28 150772 1994 733 1 34 0
28 87043 1995 747 1 21 0
28 162259 1996 3771 1 2 0
28 73348 2000 3373 1 18 0
28 69720 2000 625 1 18 0
28 134049 2001 4904 1 50 0
28 80984 2005 3697 1 28 0
28 168104 2009 5787 1 35 0
28 68286 2016 3556 1 1 0
28 97339 2018 1466 1 7 1
28 147377 2022 6982 1 38 0
28 104213 2024 4207 1 28 1
28 178624 2025 965 1 24 0
28 166912 2026 4272 1 35 1
28 92431 2033 4077 1 31 0
28 82268 2035 1143 1 34 1
28 66825 2036 2082 1 46 0
28 71516 2037 3640 1 39 0
28 62324 2041 2634 1 3 1
28 112656 2042 642 1 23 1
28 124129 2046 4992 1 51 1
28 128708 2047 4846 1 33 0
28 89988 2049 3029 1 20 0
28 65275 2051 935 1 41 1
28 133133 2052 6796 1 30 1
28 102792 2059 1033 1 51 0
28 100676 2063 5108 1 21 0
28 90385 2064 2052 1 45 1
28 68260 2067 3249 1 36 0
28 67993 2069 2375 1 9 0
28 86955 2070 1401 1 36 1
28 72386 2072 768 1 12 1
28 158866 2077 8256 1 12 1
28 176433 2079 2329 1 38 0
28 164261 2084 6934 1 50 1
28 61128 2085 2836 1 2 1
28 138569 2087 5110 1 37 0
28 158118 2094 1168 1 25 0
28 68653 2101 3180 1 32 1
28 151760 2101 9080 1 45 0
28 108507 2104 3433 1 46 1
28 130594 2105 1810 1 9 0
28 95547 2107 2996 1 49 1
28 91784 2108 4141 1 48 0
28 158749 2111 6379 1 27 0
28 70876 2113 597 1 15 1
28 132732 2115 1913 1 12 1
28 168170 2115 5706 1 27 1
28 156532 2115 7688 1 16 1
28 152931 2118 8115 1 32 1
28 129264 2119 3148 1 37 1
28 131518 2126 5323 1 15 1
28 84738 2127 4644 1 47 0
28 176457 2129 7020 1 34 0
28 156772 2129 2653 1 39 1
28 140008 2136 3178 1 27 1
28 160799 2147 2454 1 8 1
28 66188 2148 622 1 20 0
28 120192 2148 6911 1 17 1
28 135898 2150 2564 1 18 1
28 126165 2151 2930 1 19 1
28 119606 2152 5858 1 25 1
28 89521 2154 1046 1 7 0
28 77525 2155 4386 1 14 0
28 160789 2156 1107 1 14 1
28 172479 2157 1251 1 11 1
28 111843 2159 5192 1 43 1
28 101546 2163 2063 1 7 0
28 158790 2170 2476 1 49 1
28 147898 2171 4970 1 22 1
28 137837 2172 5045 1 11 0
28 145558 2174 974 1 14 1
28 170661 2174 3469 1 24 0
28 162793 2175 7519 1 40 1
28 113687 2175 5759 1 21 0
28 90479 2176 5273 1 30 0
28 84391 2177 2606 1 36 0
28 127517 2182 7253 1 26 1
28 150870 2182 489 1 11 1
28 141210 2193 2064 1 37 1
28 69903 2197 3582 1 20 0
28 147975 2197 4777 1 27 0
28 146406 2198 4290 1 23 1
28 89853 2200 865 1 18 1
28 135739 2203 6993 1 35 1
28 117094 2204 5661 1 30 1
28 100025 2207 258 1 7 0
28 117357 2208 4160 1 30 1
28 62193 2213 3204 1 36 1
28 113478 2215 2617 1 16 1
28 124908 2215 2126 1 42 0
28 97713 2216 1013 1 22 0
28 124604 2222 5997 1 13 1
28 175870 2226 6452 1 19 1
28 110521 2229 1330 1 41 1
28 156693 2229 3573 1 1 0
28 102889 2229 4387 1 4 1
28 76593 2231 2109 1 3 1
28 76159 2237 3968 1 26 0
28 91166 2239 1907 1 10 1
28 78453 2242 292 1 50 0
28 71615 2244 1795 1 49 0
28 115447 2245 1047 1 42 0
28 151107 2250 1145 1 7 1
28 125783 2253 6358 1 47 1
28 97319 2253 503 1 33 0
28 102661 2262 385 1 30 0
28 153652 2265 7362 1 34 1
28 144454 2265 6259 1 9 1
28 101266 2269 3535 1 46 0
28 106242 2269 3450 1 19 0
28 145894 2270 7067 1 29 0
28 152787 2270 4142 1 15 1
28 88892 2270 3178 1 36 0
28 85269 2270 1112 1 35 0
28 139079 2270 2045 1 34 0
28 89500 2272 3095 1 38 0
28 138115 2276 5318 1 29 0
28 76847 2277 3042 1 10 0
28 179573 2286 9711 1 48 1
28 75626 2293 2287 1 36 1
28 144811 2293 3376 1 22 1
28 67082 2294 670 1 45 0
28 99713 2299 2982 1 31 0
28 106515 2303 2045 1 31 0
28 172203 2305 4017 1 8 1
28 157161 2307 3686 1 32 0
28 123973 2312 5075 1 40 1
28 126493 2315 4417 1 44 1
28 153799 2317 3102 1 19 1
28 100314 2319 2365 1 38 1
28 75833 2326 3676 1 36 1
28 150500 2327 1354 1 38 1
28 176378 2328 8567 1 9 1
28 140598 2329 1782 1 29 0
28 69317 2332 549 1 15 0
28 72208 2342 3722 1 17 1
28 64385 2344 1307 1 35 1
28 116331 2346 4469 1 3 0
28 74424 2347 750 1 47 1
28 74405 2350 3971 1 45 0
28 114183 2354 1243 1 43 0
28 100726 2355 3721 1 6 0
28 131520 2356 4935 1 46 0
28 87136 2358 2576 1 16 0
28 108477 2363 971 1 51 0
28 129783 2363 1547 1 4 0
28 71095 2363 1592 1 17 0
28 81796 2364 4541 1 8 1
28 64830 2364 1647 1 49 1
28 93435 2367 515 1 3 1
28 61869 2369 1082 1 7 1
28 85101 2376 4329 1 29 1
28 98316 2377 5036 1 26 1
28 162379 2380 9203 1 27 1
28 147357 2380 3255 1 13 1
28 154229 2380 2212 1 20 1
28 80767 2383 2978 1 24 0
28 149199 2387 854 1 41 0
28 76472 2388 896 1 36 1
28 64689 2393 3208 1 31 1
28 142415 2394 6483 1 1 1
28 88244 2398 3156 1 2 1
28 92626 2399 3280 1 30 1
28 89505 2402 4695 1 24 0
28 68337 2403 3983 1 26 1
28 70257 2411 3474 1 14 0
28 127886 2412 5201 1 39 0
28 86461 2412 2821 1 36 1
28 147644 2413 2605 1 6 1
28 66377 2418 3355 1 1 0
28 67342 2419 2795 1 28 1
28 97372 2419 3311 1 37 1
28 97304 2420 4873 1 17 1
28 84874 2422 4310 1 20 1
28 114698 2422 4942 1 22 1
28 85332 2424 3819 1 1 0
28 170744 2424 2309 1 26 1
28 114906 2428 5894 1 46 1
28 147404 2431 3366 1 38 0
28 161835 2431 2978 1 4 1
28 136275 2433 2619 1 5 1
28 62498 2434 1059 1 6 1
28 96811 2437 2989 1 25 1
28 107857 2439 4602 1 51 0
28 64969 2442 1640 1 11 1
28 85127 2443 985 1 16 1
28 170842 2444 2763 1 33 0
28 159178 2445 5512 1 22 0
28 103841 2446 2379 1 10 1
28 62758 2448 1705 1 7 0
28 133173 2452 3556 1 22 0
28 156583 2456 814 1 15 1
28 179260 2458 3637 1 8 1
28 97515 2463 255 1 45 1
28 92933 2465 3929 1 48 1
28 92522 2473 2262 1 47 1
28 113984 2476 5045 1 3 1
28 172981 2476 2164 1 26 1
28 159715 2476 7894 1 4 0
28 162525 2480 8164 1 34 1
28 103896 2480 5031 1 30 0
28 157202 2480 7411 1 13 1
28 60054 2483 2295 1 6 0
28 93304 2484 2134 1 43 0
28 152142 2492 4211 1 27 1
28 146133 2498 8071 1 9 1
28 88233 2498 4219 1 36 0
28 73455 2499 1007 1 14 0
28 118446 2501 5326 1 3 0
28 97931 2502 3704 1 35 0
28 81729 2504 1497 1 49 0
28 162608 2505 6665 1 28 0
28 78114 2510 1212 1 29 1
28 145672 2511 8509 1 39 0
28 150024 2515 2815 1 48 0
28 130586 2518 3216 1 35 1
28 61079 2524 1682 1 34 1
28 64216 2525 2290 1 51 1
28 69911 2527 1418 1 9 1
28 156049 2531 1210 1 12 1
28 141193 2532 3839 1 43 1
28 60097 2536 394 1 27 0
28 152775 2537 2714 1 10 1
28 94145 2537 2038 1 31 0
28 86233 2537 1592 1 49 1
28 96846 2538 1722 1 32 0
28 73909 2548 946 1 5 0
28 72374 2552 476 1 40 1
28 97225 2557 4671 1 5 1
28 127900 2558 4748 1 34 0
28 159980 2559 5383 1 22 0
28 141384 2562 3269 1 22 1
28 161170 2564 5233 1 47 1
28 152179 2564 5939 1 11 0
28 126105 2567 1624 1 39 1
28 134450 2567 3306 1 30 0
28 139158 2567 1446 1 33 0
28 150360 2573 3077 1 45 0
28 60557 2574 2971 1 6 1
28 168819 2579 1091 1 11 0
28 143197 2580 7668 1 29 1
28 136962 2585 4559 1 36 0
28 77040 2589 786 1 27 1
28 156280 2589 7804 1 11 0
28 146736 2590 6308 1 15 0
28 91832 2590 3085 1 43 1
28 159533 2592 4717 1 40 0
28 108819 2600 3859 1 20 1
28 72949 2602 1212 1 31 1
28 126193 2609 147 1 1 1
28 150316 2612 7683 1 37 1
28 114942 2613 3788 1 29 0
28 70695 2615 1560 1 50 0
28 135547 2615 1784 1 13 0
28 162975 2621 9379 1 46 1
28 145029 2630 3835 1 2 1
28 122451 2636 4399 1 12 1
28 61299 2638 329 1 49 1
28 60449 2640 181 1 2 1
28 162240 2641 3315 1 42 1
28 122981 2643 7178 1 7 1
28 130607 2647 3223 1 34 0
28 77117 2651 3632 1 20 0
28 72550 2652 2681 1 23 1
28 96098 2657 1652 1 3 1
28 160032 2657 3123 1 2 0
28 83838 2657 4647 1 51 0
28 91004 2660 2424 1 25 0
28 166814 2662 6327 1 5 0
28 111960 2675 479 1 10 1
28 82424 2676 1611 1 8 1
28 157895 2678 2864 1 41 0
28 164983 2680 567 1 18 0
28 112757 2682 6119 1 13 0
28 144900 2684 2435 1 38 1
28 110279 2686 2601 1 37 1
28 86662 2686 765 1 16 1
28 164569 2687 4330 1 39 0
28 99124 2688 882 1 25 1
28 60992 2688 2793 1 24 0
28 116437 2689 5458 1 3 1
28 148771 2690 4947 1 49 1
28 104080 2691 3024 1 21 0
28 172316 2691 8227 1 15 1
28 161084 2694 8938 1 47 0
28 106092 2695 2438 1 18 1
28 81696 2698 1300 1 12 0
28 129878 2699 6799 1 19 1
28 70645 2703 1665 1 19 1
28 67798 2706 3320 1 8 1
28 72793 2708 886 1 7 0
28 112340 2711 4618 1 13 0
28 98087 2714 5029 1 31 0
28 171305 2716 5570 1 19 0
28 148846 2717 471 1 24 0
28 83308 2717 1046 1 49 0
28 135170 2720 7591 1 24 0
28 136243 2721 8148 1 20 0
28 178852 2722 2792 1 5 1
28 104140 2724 3424 1 3 0
28 119060 2724 5908 1 16 1
28 140928 2725 2190 1 19 0
28 138044 2726 7240 1 25 1
28 161138 2728 8505 1 40 1
28 143183 2730 2405 1 33 0
28 107482 2730 1622 1 48 1
28 66518 2732 3923 1 41 1
28 162670 2733 4976 1 23 0
28 95635 2734 3896 1 25 0
28 94629 2734 4635 1 19 0
28 146053 2739 3421 1 37 1
28 101583 2741 1597 1 2 0
28 77372 2741 3268 1 28 0
28 87279 2744 1830 1 14 0
28 167675 2747 9660 1 41 0
28 120641 2749 2496 1 51 1
28 63412 2750 137 1 15 1
28 119407 2759 6428 1 25 0
28 147558 2760 8396 1 29 1
28 77547 2762 763 1 6 1
28 68667 2763 3547 1 43 0
28 74351 2766 1998 1 12 0
28 89347 2767 395 1 11 0
28 162214 2768 5756 1 9 1
28 91224 2768 4339 1 40 1
28 172829 2772 8943 1 32 0
28 169688 2774 1637 1 34 0
28 62420 2774 1076 1 7 1
28 111230 2776 1081 1 40 1
28 112476 2781 6078 1 32 1
28 97289 2789 1708 1 17 0
28 100095 2790 5706 1 19 1
28 131036 2791 868 1 41 0
28 156471 2792 3473 1 3 0
28 63282 2794 3254 1 42 0
28 67257 2794 2473 1 41 0
28 93333 2795 3149 1 11 0
28 134904 2798 848 1 24 1
28 146704 2799 1490 1 31 0
28 125527 2800 434 1 19 0
28 176584 2801 2891 1 14 1
28 75997 2813 3912 1 13 1
28 66230 2815 1435 1 19 0
28 65457 2815 2121 1 28 1
28 150608 2816 383 1 8 1
28 175512 2824 213 1 30 0
28 86342 2832 4680 1 6 1
28 112518 2832 3968 1 13 1
28 163782 2838 5282 1 20 0
28 82329 2838 4722 1 51 0
28 121460 2839 4307 1 9 1
28 174950 2842 5410 1 24 1
28 124938 2846 1990 1 34 0
28 131806 2847 7004 1 19 0
28 62552 2847 3090 1 29 1
28 115583 2850 3999 1 15 0
28 78911 2851 1868 1 9 0
28 119041 2853 443 1 9 0
28 100021 2856 3110 1 43 0
28 155484 2857 8363 1 12 0
28 85161 2861 5020 1 18 0
28 147907 2864 998 1 19 0
28 133600 2869 4475 1 29 0
28 105095 2870 1290 1 46 0
28 176709 2872 6891 1 7 0
28 129319 2879 2797 1 49 1
28 124024 2881 4344 1 33 1
28 121751 2883 3336 1 33 1
28 73904 2885 1730 1 14 0
28 97676 2886 4810 1 36 0
28 140633 2889 3776 1 50 1
28 129917 2890 3832 1 37 0
28 139804 2891 2811 1 4 0
28 98087 2893 3850 1 8 1
28 177550 2893 1408 1 17 1
28 146594 2893 6113 1 14 1
28 139971 2894 5607 1 43 0
28 82455 2896 1949 1 36 1
28 169794 2897 3660 1 50 0
28 62401 2900 752 1 47 1
28 103985 2901 4526 1 22 1
28 167665 2904 6690 1 49 1
28 140458 2906 4672 1 23 1
28 140192 2907 601 1 49 1
28 86500 2909 3557 1 22 0
28 123650 2910 521 1 10 0
28 101599 2910 1125 1 16 1
28 126241 2911 7334 1 42 0
28 111375 2921 1943 1 5 0
28 68965 2921 532 1 42 1
28 143195 2923 8590 1 6 0
28 85018 2928 3075 1 14 1
28 110327 2930 2979 1 34 1
28 169602 2932 4104 1 4 0
28 151437 2935 2126 1 2 0
28 75523 2937 2191 1 41 0
28 76440 2939 1629 1 21 0
28 134123 2940 5004 1 18 1
28 151345 2941 5559 1 28 0
28 165284 2943 4858 1 25 0
28 132378 2945 3288 1 26 1
28 107232 2948 5483 1 14 1
28 77149 2948 2443 1 34 0
28 77121 2950 1585 1 42 0
28 94293 2951 4798 1 8 0
28 125801 2951 5986 1 46 0
28 157590 2953 8657 1 7 0
28 157034 2955 7773 1 38 0
28 174677 2956 8271 1 21 0
28 83353 2961 2055 1 19 1
28 60683 2964 1114 1 20 1
28 99088 2969 2046 1 7 0
28 105077 2972 2402 1 31 1
28 177709 2973 10134 1 10 0
28 129323 2975 711 1 21 0
28 116348 2978 5596 1 38 1
28 85074 2982 2687 1 6 1
28 163318 2986 6076 1 6 0
28 164493 2992 6223 1 22 0
28 112880 2995 3255 1 32 0
28 126007 2996 1927 1 42 1
28 99746 3000 3837 1 39 1
28 153998 3004 4926 1 11 0
28 125821 3004 2311 1 50 0
28 63777 3007 902 1 24 1
28 96311 3007 3555 1 46 0
28 102392 3008 4413 1 19 1
28 163179 3011 6502 1 3 1
28 162935 3011 2968 1 6 1
28 175664 3012 3334 1 44 1
28 175391 3014 2617 1 46 1
28 124533 3018 4843 1 5 1
28 90894 3018 5105 1 30 1
28 75548 3019 1601 1 32 0
28 71608 3020 1911 1 51 0
28 75858 3021 3335 1 19 0
28 115789 3021 3866 1 37 0
28 149180 3025 8094 1 25 0
28 105569 3027 3393 1 51 1
28 109723 3029 6527 1 27 1
28 74400 3029 3775 1 48 0
28 162725 3039 9591 1 10 1
28 142021 3041 8370 1 43 1
28 107186 3041 4456 1 50 0
28 73828 3044 1364 1 42 0
28 83619 3047 4638 1 26 1
28 107607 3047 5379 1 23 0
28 117220 3049 4849 1 5 0
28 147426 3055 3425 1 12 1
28 69055 3063 3079 1 28 0
28 60569 3067 973 1 46 0
28 88889 3070 4535 1 10 1
28 177757 3070 2140 1 8 0
28 85459 3074 1941 1 24 1
28 85249 3075 1440 1 12 0
28 124594 3077 3360 1 10 1
28 95764 3086 1294 1 9 1
28 105683 3087 4527 1 43 0
28 98744 3088 5317 1 39 0
28 147931 3093 6077 1 12 1
28 123023 3093 2477 1 20 0
28 118363 3097 4665 1 20 1
28 100749 3097 4923 1 39 1
28 134844 3098 583 1 15 1
28 97081 3098 2020 1 35 0
28 62977 3098 3630 1 26 1
28 82437 3100 1900 1 3 0
28 171912 3101 9330 1 11 1
28 70643 3101 2388 1 27 0
28 123090 3103 1174 1 29 0
28 142008 3103 7522 1 23 1
28 111428 3107 3452 1 23 1
28 69100 3107 79 1 1 0
28 110033 3109 3807 1 32 1
28 123683 3111 7382 1 37 1
28 160593 3114 7373 1 35 0
28 87214 3114 3396 1 31 0
28 132737 3116 7882 1 7 1
28 85100 3117 1689 1 19 0
28 150183 3119 3688 1 34 1
28 149227 3120 6005 1 2 1
28 114598 3125 1586 1 15 0
28 121351 3126 4576 1 40 0
28 171383 3126 6932 1 38 1
28 75119 3128 2538 1 18 1
28 98909 3129 2256 1 8 1
28 167128 3131 1968 1 20 0
28 114398 3132 3061 1 16 0
28 175461 3132 7934 1 43 0
28 173274 3136 689 1 40 0
28 65645 3143 354 1 18 1
28 130614 3144 1248 1 18 1
28 131731 3149 2473 1 48 0
28 171820 3156 852 1 35 1
28 121132 3164 1662 1 21 0
28 170946 3165 4393 1 15 0
28 165924 3166 4598 1 23 0
28 112880 3168 5391 1 38 1
28 90610 3168 945 1 45 1
28 140423 3169 2467 1 32 1
28 132678 3171 5922 1 32 0
28 149228 3172 2801 1 5 1
28 104484 3172 595 1 6 0
28 78435 3174 1530 1 46 1
28 90644 3175 5019 1 35 0
28 126733 3176 3810 1 41 0
28 145037 3177 7372 1 16 1
28 107980 3177 3162 1 33 1
28 152944 3181 6463 1 19 1
28 175466 3185 6186 1 22 0
28 134581 3186 3999 1 13 0
28 84354 3188 1552 1 41 1
28 75238 3191 2728 1 8 1
28 127996 3200 7278 1 49 1
28 75278 3201 2475 1 37 1
28 121495 3205 6610 1 28 0
28 113511 3207 1265 1 11 0
28 140159 3210 1355 1 41 1
28 161597 3216 3019 1 25 1
28 102411 3216 2429 1 17 1
28 85536 3219 3603 1 5 0
28 69837 3221 1234 1 14 0
28 160635 3228 339 1 27 1
28 85597 3230 2447 1 39 1
28 159734 3231 4780 1 4 1
28 113455 3232 4819 1 1 0
28 159948 3244 4893 1 43 0
28 75184 3245 2006 1 42 0
28 99786 3247 4639 1 20 1
28 75279 3248 1357 1 33 1
28 67275 3248 3033 1 2 0
28 85462 3249 1640 1 10 0
28 104942 3249 4282 1 17 0
28 98684 3250 5659 1 35 1
28 107577 3251 5895 1 7 1
28 174746 3253 4338 1 26 1
28 171471 3257 3476 1 19 0
28 85320 3257 4412 1 20 1
28 166939 3263 6116 1 26 1
28 169994 3264 8689 1 1 1
28 69934 3267 1750 1 3 0
28 60594 3269 1548 1 45 1
28 104354 3270 4757 1 15 0
28 130144 3274 902 1 12 1
28 102866 3276 3352 1 29 0
28 127805 3286 7276 1 35 0
28 151739 3293 5540 1 43 0
28 167852 3295 3995 1 17 1
28 99622 3296 3231 1 2 1
28 175965 3299 5485 1 5 0
28 72800 3307 3265 1 5 1
28 145740 3307 1690 1 42 0
28 177588 3309 9793 1 36 1
28 144455 3314 5307 1 33 0
28 167851 3326 5439 1 28 0
28 145100 3327 1813 1 48 0
28 156816 3331 662 1 29 1
28 110643 3335 2547 1 51 1
28 66188 3336 3748 1 39 1
28 111144 3336 3366 1 35 0
28 79391 3338 808 1 5 0
28 152673 3343 663 1 10 0
28 167964 3352 4047 1 21 0
28 87953 3356 3765 1 36 0
28 89607 3363 1586 1 37 0
28 169344 3367 3094 1 6 0
28 123256 3368 1999 1 14 1
28 89385 3372 2869 1 17 0
28 69185 3372 3157 1 3 1
28 142898 3373 3204 1 28 1
28 176489 3374 9680 1 44 1
28 115618 3377 4952 1 48 1
28 66417 3378 3870 1 41 0
28 127752 3378 1744 1 33 0
28 85689 3381 2870 1 14 1
28 131354 3382 7648 1 28 1
28 101693 3384 3472 1 21 1
28 116325 3386 6894 1 28 1
28 165702 3389 1812 1 2 0
28 105466 3389 2323 1 40 0
28 74019 3390 2454 1 7 1
28 125617 3394 5557 1 7 1
28 102555 3398 3498 1 35 0
28 91227 3400 4335 1 46 1
28 80609 3403 4083 1 49 0
28 129265 3409 1462 1 42 0
28 171557 3416 317 1 47 0
28 102334 3418 2620 1 37 1
28 80829 3418 482 1 44 1
28 141966 3419 7830 1 46 0
28 149315 3421 2072 1 4 0
28 179317 3424 6187 1 21 0
28 155099 3425 7005 1 25 0
28 136644 3426 5584 1 44 1
28 119008 3426 4353 1 24 0
28 171800 3432 3801 1 19 1
28 145275 3436 1203 1 33 1
28 129022 3437 7436 1 40 0
28 123171 3441 726 1 27 0
28 174212 3448 2800 1 27 1
28 131893 3448 6686 1 6 1
28 87087 3450 4025 1 48 0
28 112316 3457 4061 1 41 0
28 151526 3457 2122 1 38 1
28 117638 3459 1871 1 30 1
28 119466 3465 4580 1 6 1
28 107273 3467 6249 1 29 0
28 164738 3473 5864 1 5 0
28 117002 3475 4014 1 24 1
28 108250 3477 368 1 24 0
28 115885 3479 6673 1 2 0
28 91869 3479 3188 1 1 1
28 111978 3480 3619 1 18 1
28 132140 3484 6665 1 2 0
28 99938 3485 4136 1 45 1
28 141314 3491 3938 1 50 0
28 69524 3494 1349 1 2 0
28 129725 3494 6670 1 39 1
28 96878 3498 2231 1 50 1
28 126979 3498 3364 1 16 0
28 164899 3503 4568 1 31 0
28 124471 3503 220 1 32 0
28 134521 3504 6293 1 46 0
28 172126 3508 3161 1 9 1
28 109716 3511 6302 1 21 0
28 90737 3511 4313 1 10 0
28 175007 3511 2147 1 24 1
28 76770 3511 1033 1 22 1
28 129882 3518 1812 1 27 1
28 145985 3521 5063 1 48 1
28 118338 3522 6398 1 40 1
28 128195 3523 247 1 46 0
28 108278 3525 2883 1 43 1
28 99059 3530 5600 1 34 0
28 144294 3531 6822 1 27 1
28 89361 3533 2468 1 33 0
28 100654 3539 3501 1 6 0
28 150194 3541 6669 1 5 0
28 73165 3542 627 1 9 1
28 139011 3548 3970 1 15 0
28 177664 3550 2965 1 9 0
28 142465 3553 6906 1 50 1
28 130966 3556 1066 1 20 1
28 130339 3556 1720 1 30 1
28 81873 3557 528 1 33 1
28 97986 3557 1379 1 8 0
28 167606 3569 3459 1 39 0
28 78466 3574 3032 1 47 0
28 165500 3575 9535 1 50 0
28 171900 3576 5025 1 14 0
28 91648 3577 339 1 10 1
28 134601 3577 7166 1 27 0
28 91486 3585 3059 1 20 0
28 116964 3586 3911 1 19 1
28 149163 3586 2079 1 50 1
28 60018 3589 1272 1 43 0
28 104767 3589 2375 1 3 1
28 142250 3590 2416 1 46 1
28 156315 3592 8793 1 50 0
28 167774 3597 2444 1 39 1
