1500
29 97743 10 1810 1 4 1
29 116415 14 852 1 10 1
29 161229 19 8838 1 50 0
29 158714 20 1308 1 22 0
29 120061 21 1828 1 9 0
29 76518 22 2890 1 6 1
29 73193 26 2759 1 32 1
29 90648 27 274 1 25 0
29 139565 32 8176 1 26 0
29 119701 35 3842 1 43 0
29 65981 37 3156 1 37 0
29 62775 37 290 1 38 1
29 89470 41 2595 1 6 1
29 88812 41 3873 1 46 1
29 67726 54 3195 1 4 1
29 106778 54 5197 1 37 0
29 84281 58 1293 1 14 1
29 157660 59 1471 1 3 1
29 136584 60 2415 1 16 0
29 65454 66 1321 1 2 0
29 164507 66 9033 1 24 0
29 100624 69 3086 1 42 1
29 83116 70 981 1 32 1
29 102871 71 862 1 43 1
29 78579 72 3982 1 25 1
29 77657 77 3415 1 22 1
29 73658 81 3963 1 27 1
29 82342 82 4583 1 14 0
29 63838 83 2103 1 26 1
29 164381 92 646 1 21 0
29 72359 92 3109 1 19 1
29 68129 97 570 1 50 0
29 67909 98 3869 1 48 0
29 70749 98 323 1 35 1
29 93473 109 3476 1 2 0
29 160359 114 3714 1 38 1
29 174285 117 3545 1 51 0
29 118082 120 4116 1 2 1
29 75748 123 998 1 33 1
29 115788 123 2727 1 48 1
29 107783 125 3487 1 35 1
29 88702 126 1084 1 31 1
29 87021 128 4356 1 29 1
29 78080 130 431 1 43 1
29 97246 135 1532 1 19 0
29 164587 139 3939 1 25 0
29 152465 141 5084 1 48 1
29 144406 145 1463 1 34 1
29 60403 148 2688 1 17 1
29 164729 152 5986 1 22 1
29 119009 154 5509 1 29 1
29 80987 160 4033 1 21 0
29 60679 160 2688 1 28 0
29 173183 163 688 1 33 1
29 151465 163 6953 1 22 1
29 127215 163 679 1 5 1
29 79644 164 466 1 50 1
29 173835 164 709 1 2 0
29 150020 165 3274 1 4 1
29 73178 175 674 1 23 0
29 94730 176 1927 1 37 1
29 122671 176 3474 1 17 1
29 124820 179 6679 1 1 1
29 78291 182 4573 1 24 0
29 161640 186 1574 1 25 1
29 168485 188 3923 1 16 0
29 150843 189 2750 1 12 1
29 71358 189 3440 1 11 0
29 103469 189 4252 1 13 0
29 94781 191 1785 1 26 0
29 95060 198 5291 1 17 1
29 157956 200 3433 1 43 1
29 68297 204 630 1 32 1
29 163576 209 1029 1 9 1
29 172405 217 7729 1 12 0
29 133676 219 5412 1 19 0
29 158834 219 1940 1 47 0
29 118750 220 4166 1 7 0
29 150109 221 3400 1 50 1
29 179217 221 10154 1 23 0
29 83152 221 954 1 40 0
29 152792 225 2500 1 34 1
29 64443 225 734 1 47 0
29 179212 226 2946 1 46 1
29 143571 227 2877 1 40 0
29 95795 229 5625 1 14 0
29 66167 229 2668 1 45 0
29 91154 230 2638 1 12 1
29 97932 233 1163 1 18 1
29 174799 233 7230 1 51 1
29 113943 236 4289 1 44 1
29 121594 237 4183 1 24 1
29 147800 240 533 1 26 1
29 71947 243 1031 1 6 0
29 151225 248 2396 1 1 0
29 111889 254 1101 1 15 1
29 126926 258 4111 1 36 1
29 100318 259 3959 1 12 1
29 87111 260 1954 1 21 1
29 87643 263 1704 1 18 1
29 63662 263 3542 1 32 1
29 155676 264 7357 1 49 0
29 100240 271 4164 1 27 1
29 165573 272 1370 1 19 1
29 116173 275 5529 1 24 0
29 166314 276 1703 1 31 1
29 72234 276 2119 1 26 0
29 86187 277 2857 1 27 0
29 163572 280 3614 1 44 0
29 143008 285 1933 1 3 0
29 117622 286 5409 1 7 1
29 102273 287 2592 1 25 0
29 161573 290 5354 1 51 0
29 157412 295 7618 1 22 0
29 100253 298 534 1 39 1
29 155891 304 6326 1 17 1
29 130091 304 6189 1 16 1
29 68174 312 2551 1 17 1
29 167340 315 4077 1 47 0
29 124199 319 859 1 24 1
29 80349 320 953 1 42 1
29 100292 322 5473 1 14 1
29 136625 323 7302 1 14 0
29 111989 327 5138 1 41 1
29 65375 330 2499 1 14 1
29 171771 335 1627 1 28 1
29 97181 346 4501 1 45 1
29 101117 347 3417 1 21 1
29 151037 348 3207 1 17 1
29 77724 349 1152 1 38 1
29 119858 349 5586 1 21 0
29 142167 350 4124 1 44 0
29 173836 354 6421 1 40 1
29 146174 357 5039 1 15 1
29 169715 358 1833 1 26 0
29 132509 363 1910 1 38 0
29 110745 363 6620 1 15 1
29 70543 365 2223 1 4 1
29 63177 365 3415 1 17 0
29 138199 365 2987 1 26 1
29 76726 367 2305 1 42 0
29 101902 368 2560 1 19 1
29 95435 377 1457 1 45 1
29 69199 379 3215 1 26 0
29 95893 380 3906 1 25 0
29 179638 381 5184 1 37 1
29 74055 381 3667 1 14 0
29 107129 384 3811 1 2 0
29 120994 387 1813 1 51 1
29 118268 391 4393 1 22 0
29 143755 394 2798 1 13 0
29 141283 396 4459 1 42 1
29 72721 402 1406 1 41 0
29 177161 405 4072 1 26 1
29 152162 406 5368 1 8 0
29 85946 407 234 1 40 1
29 69089 412 2171 1 11 1
29 175670 415 7352 1 10 1
29 78133 415 1760 1 17 0
29 129384 421 3471 1 18 1
29 89676 422 2800 1 18 1
29 168763 423 3735 1 4 0
29 125024 425 5829 1 38 1
29 170294 426 6719 1 46 1
29 90280 427 1752 1 13 1
29 64582 437 2456 1 41 1
29 121134 439 717 1 17 0
29 150110 442 1412 1 47 1
29 99218 443 1260 1 27 0
29 163918 443 618 1 11 1
29 168770 446 3035 1 36 1
29 148836 449 7517 1 24 1
29 111137 453 2518 1 6 0
29 173095 458 6904 1 19 1
29 86974 460 1796 1 48 1
29 82939 461 2849 1 4 0
29 123965 465 187 1 44 0
29 95761 465 148 1 33 0
29 142894 467 5170 1 43 0
29 145626 472 367 1 13 0
29 172491 487 5943 1 45 1
29 146022 488 6980 1 44 0
29 126746 488 670 1 40 1
29 144574 490 7438 1 44 0
29 91129 496 1320 1 40 0
29 141465 502 4309 1 38 1
29 125839 508 5104 1 42 0
29 92518 509 2189 1 13 0
29 103775 514 2460 1 51 0
29 132965 515 4013 1 29 0
29 150505 517 1205 1 21 1
29 175929 517 5228 1 20 0
29 115452 519 202 1 51 0
29 157483 519 4693 1 51 1
29 157856 524 9181 1 12 1
29 121662 527 1582 1 45 1
29 136534 528 5553 1 30 0
29 120735 530 4021 1 50 0
29 140187 532 7796 1 49 0
29 100220 534 4781 1 32 0
29 138812 541 7496 1 18 0
29 64427 541 3546 1 34 1
29 99597 542 3122 1 29 0
29 174711 542 9852 1 40 1
29 154476 544 8304 1 47 1
29 157943 545 6514 1 33 0
29 179233 545 7688 1 15 0
29 140195 553 670 1 33 0
29 80619 554 4478 1 4 1
29 63921 555 1469 1 45 1
29 177616 556 815 1 38 0
29 90082 562 2045 1 27 0
29 120025 571 4577 1 22 1
29 76098 571 2777 1 42 1
29 110223 572 4841 1 25 0
29 178907 572 3431 1 16 1
29 127527 573 6865 1 18 1
29 120502 573 6336 1 29 0
29 113486 574 2263 1 9 0
29 86451 583 2397 1 43 0
29 178472 583 8804 1 34 1
29 163808 586 1027 1 34 1
29 126065 589 3809 1 37 1
29 92684 591 141 1 27 0
29 79356 593 902 1 16 0
29 74794 594 3883 1 46 1
29 84743 597 2760 1 22 0
29 115243 597 3673 1 12 1
29 100241 601 3078 1 1 1
29 95728 601 5129 1 10 0
29 116528 604 2975 1 42 0
29 93842 609 3232 1 33 0
29 81267 610 909 1 49 0
29 64377 612 2087 1 46 0
29 61801 613 2970 1 13 0
29 151953 619 847 1 26 0
29 123353 624 5138 1 37 0
29 142334 624 8432 1 34 0
29 127358 625 4365 1 44 1
29 85344 629 4877 1 2 1
29 90048 638 1963 1 38 0
29 108956 639 704 1 4 0
29 82962 639 650 1 30 1
29 95705 644 5164 1 5 0
29 79961 644 1932 1 26 0
29 126458 647 1228 1 18 0
29 93355 648 5182 1 39 0
29 111753 648 426 1 10 0
29 79658 649 1480 1 50 1
29 83925 650 1543 1 44 1
29 95247 652 3313 1 36 1
29 96056 654 2220 1 35 1
29 142701 654 4153 1 32 1
29 105265 655 5291 1 42 1
29 92132 655 1169 1 51 1
29 161351 656 5691 1 9 1
29 126303 656 3782 1 38 1
29 160064 657 3943 1 7 1
29 102185 658 3884 1 23 1
29 128103 661 4820 1 37 0
29 133603 662 4828 1 33 0
29 130538 663 283 1 30 1
29 175386 667 6199 1 18 1
29 75886 671 1689 1 24 0
29 152983 677 769 1 15 0
29 145845 682 5626 1 21 0
29 114290 684 160 1 40 0
29 171580 690 2425 1 2 1
29 167178 696 2121 1 28 1
29 134841 698 5314 1 42 1
29 179171 698 5967 1 41 1
29 123300 700 1170 1 3 0
29 82340 706 247 1 47 1
29 102505 707 5608 1 32 0
29 147115 714 5957 1 22 1
29 134538 720 2604 1 31 0
29 126279 722 7519 1 28 0
29 99634 730 4721 1 35 0
29 121355 732 6706 1 2 1
29 104322 738 3035 1 26 0
29 133097 738 4998 1 38 1
29 65913 741 3620 1 31 1
29 98823 742 304 1 7 0
29 141109 747 5908 1 51 1
29 123208 748 2953 1 47 0
29 68896 750 1711 1 44 1
29 78279 754 79 1 12 1
29 140815 755 6233 1 28 0
29 170069 756 5387 1 40 0
29 76455 757 1563 1 36 0
29 91314 757 759 1 32 0
29 81334 760 2219 1 38 0
29 104700 762 265 1 46 0
29 173908 762 10345 1 50 0
29 149654 762 3141 1 9 1
29 162662 766 6662 1 46 0
29 114422 768 3259 1 15 0
29 78625 773 3381 1 9 0
29 82983 774 3366 1 1 0
29 82227 777 4416 1 28 1
29 66888 777 2338 1 13 1
29 112808 784 4283 1 28 0
29 71374 784 4132 1 48 0
29 87147 784 4681 1 9 0
29 112676 787 2029 1 14 1
29 95396 788 1340 1 4 0
29 99619 788 714 1 29 1
29 103538 789 3035 1 15 0
29 79706 798 1738 1 39 0
29 61236 801 3168 1 3 0
29 158350 808 6174 1 41 1
29 76522 809 1340 1 13 1
29 167579 811 357 1 25 1
29 138921 812 1210 1 21 0
29 76420 814 2791 1 37 0
29 107410 818 371 1 44 1
29 109803 822 1949 1 41 0
29 177306 822 4782 1 50 0
29 159728 822 753 1 47 1
29 67389 824 2054 1 8 1
29 112410 826 3786 1 46 0
29 70035 830 2698 1 34 1
29 127292 833 5531 1 34 0
29 95158 837 1995 1 8 1
29 127678 838 7015 1 37 1
29 141051 841 8445 1 5 1
29 110209 842 5627 1 43 0
29 84881 842 752 1 12 1
29 66416 844 3529 1 46 0
29 109327 844 2317 1 44 1
29 60357 848 1782 1 48 1
29 112677 849 1358 1 10 0
29 62326 852 100 1 5 0
29 121163 856 7009 1 42 1
29 80599 857 2414 1 7 1
29 151892 859 4924 1 31 1
29 109502 861 5651 1 27 1
29 102960 862 827 1 15 0
29 176775 865 7681 1 19 0
29 143913 868 3532 1 5 0
29 116311 868 303 1 38 0
29 161731 870 9034 1 37 0
29 61315 872 3221 1 25 1
29 175749 873 9096 1 28 1
29 73711 874 102 1 9 0
29 74976 877 1882 1 9 1
29 141694 878 2276 1 41 1
29 148385 882 1367 1 5 1
29 111799 884 5125 1 41 1
29 103797 885 6016 1 46 0
29 168116 885 3425 1 14 0
29 91149 887 1990 1 44 0
29 61609 887 719 1 40 0
29 95144 889 761 1 34 1
29 133571 893 5880 1 29 0
29 170513 899 2245 1 26 0
29 137895 900 3402 1 3 0
29 143626 901 4650 1 35 0
29 94171 901 2450 1 1 1
29 161985 902 6991 1 9 0
29 130559 902 4082 1 30 1
29 67225 903 2735 1 24 1
29 120140 917 5461 1 17 1
29 127120 919 197 1 11 0
29 128999 922 1094 1 14 1
29 164863 923 6070 1 20 0
29 128820 929 303 1 25 1
29 165141 929 5203 1 8 0
29 153990 929 3809 1 11 1
29 114667 933 848 1 40 1
29 82590 934 3658 1 47 1
29 172106 938 5095 1 24 0
29 79821 939 284 1 50 0
29 85018 944 4186 1 41 1
29 81107 944 4054 1 29 0
29 111053 952 3557 1 31 0
29 71061 952 3195 1 24 1
29 105371 958 320 1 12 1
29 64794 959 3645 1 11 0
29 163703 964 4545 1 15 1
29 76835 967 2064 1 37 0
29 61693 972 1970 1 6 1
29 62774 974 1129 1 10 0
29 179470 974 10140 1 2 0
29 96528 977 1150 1 9 1
29 128078 977 3574 1 28 0
29 154856 978 8949 1 46 1
29 138303 978 7408 1 16 1
29 116982 982 1133 1 33 0
29 160593 982 1883 1 16 1
29 94155 985 4184 1 38 1
29 73421 985 2439 1 12 0
29 69868 986 2205 1 46 1
29 109616 989 1753 1 30 0
29 99118 989 3782 1 51 1
29 71468 993 1007 1 8 0
29 166238 995 4216 1 26 1
29 120577 1002 1471 1 18 0
29 66942 1002 4012 1 46 0
29 106080 1004 2774 1 32 0
29 82166 1005 4780 1 2 0
29 99732 1005 347 1 4 1
29 108758 1013 5180 1 17 0
29 83710 1014 4044 1 22 0
29 163995 1016 6065 1 28 0
29 172663 1017 5304 1 42 0
29 82491 1020 2557 1 41 0
29 164202 1022 1131 1 46 1
29 69955 1027 3450 1 36 0
29 93074 1029 3487 1 42 1
29 141175 1032 2908 1 36 0
29 95652 1034 5600 1 50 0
29 89793 1040 1088 1 41 1
29 144976 1046 7373 1 14 0
29 147860 1050 4078 1 45 1
29 63774 1053 1403 1 4 0
29 60132 1054 531 1 35 0
29 151652 1054 8635 1 46 1
29 60294 1059 1571 1 13 1
29 70322 1059 1159 1 50 1
29 118569 1066 1144 1 38 0
29 114665 1067 2915 1 46 0
29 102645 1067 4724 1 43 1
29 151557 1071 769 1 14 0
29 115268 1077 1544 1 30 0
29 121384 1082 2106 1 7 0
29 96201 1084 5598 1 22 1
29 163205 1086 973 1 3 0
29 98996 1086 466 1 7 0
29 143495 1086 2292 1 28 1
29 127802 1086 4117 1 20 0
29 126788 1087 6559 1 14 0
29 139754 1091 4408 1 38 0
29 120665 1093 804 1 43 1
29 115469 1093 5920 1 39 0
29 146271 1093 8142 1 19 1
29 158284 1097 1024 1 25 0
29 92295 1103 2406 1 22 0
29 129222 1105 1151 1 38 0
29 145748 1105 6387 1 33 0
29 154663 1105 8719 1 44 0
29 111132 1108 4166 1 27 0
29 96141 1111 4377 1 36 0
29 114846 1112 725 1 41 0
29 175183 1113 7798 1 25 0
29 138521 1115 7390 1 36 0
29 171461 1119 3215 1 50 1
29 67668 1125 2748 1 14 0
29 79986 1134 1492 1 11 1
29 99411 1134 1016 1 15 1
29 125429 1134 6432 1 36 0
29 115720 1135 713 1 32 1
29 91120 1144 2391 1 17 0
29 105030 1148 3417 1 16 1
29 158886 1151 7713 1 3 1
29 85052 1151 2299 1 44 1
29 137873 1153 3404 1 37 1
29 100662 1155 1759 1 47 1
29 88752 1157 4804 1 50 1
29 118325 1157 3698 1 17 0
29 160020 1162 1514 1 48 0
29 170072 1163 9723 1 8 0
29 94768 1167 719 1 43 1
29 152051 1167 5353 1 36 1
29 136828 1168 7406 1 48 1
29 133117 1168 7499 1 33 0
29 97549 1173 4878 1 9 0
29 116266 1176 1102 1 1 1
29 170894 1178 6494 1 35 1
29 93976 1180 1361 1 47 0
29 131675 1180 2234 1 28 1
29 107094 1182 4178 1 19 1
29 126466 1182 3799 1 8 1
29 97812 1184 1493 1 42 1
29 126605 1184 3717 1 23 1
29 179304 1188 9348 1 10 0
29 70871 1189 3354 1 33 0
29 146918 1190 6465 1 49 0
29 144383 1191 8378 1 43 1
29 143678 1192 6724 1 11 1
29 83298 1193 1088 1 30 0
29 120298 1195 1129 1 7 0
29 179837 1200 7420 1 33 0
29 108950 1206 305 1 30 0
29 156389 1206 614 1 8 1
29 66742 1219 1144 1 29 0
29 104531 1220 5480 1 29 1
29 114839 1221 933 1 9 1
29 92485 1222 5088 1 4 0
29 129781 1222 2941 1 18 0
29 92242 1226 2917 1 3 0
29 86032 1231 3707 1 24 1
29 141569 1232 1580 1 10 1
29 117572 1241 4527 1 39 1
29 76679 1246 4280 1 8 1
29 91252 1248 1239 1 27 0
29 147900 1254 4484 1 45 0
29 114484 1256 2954 1 49 1
29 121399 1256 1645 1 2 1
29 84616 1259 4098 1 2 1
29 152186 1264 1448 1 34 1
29 158116 1267 6862 1 24 0
29 106013 1268 1463 1 16 1
29 120047 1270 3259 1 47 1
29 135350 1274 3698 1 50 0
29 119222 1276 5828 1 34 1
29 154289 1276 7375 1 38 1
29 102400 1276 4145 1 14 1
29 123128 1277 6387 1 49 0
29 71364 1278 273 1 4 1
29 158251 1279 9432 1 14 0
29 102413 1280 3620 1 32 1
29 62827 1281 2696 1 49 1
29 123622 1281 3328 1 18 0
29 173427 1282 1756 1 39 0
29 137274 1282 4171 1 15 1
29 140812 1284 6095 1 6 0
29 148707 1290 4597 1 38 0
29 62140 1290 901 1 6 1
29 150284 1292 1042 1 40 0
29 90109 1293 4524 1 12 1
29 179016 1296 7892 1 39 0
29 175643 1296 666 1 8 0
29 132974 1296 2587 1 24 1
29 129930 1298 1498 1 16 0
29 113390 1301 3508 1 4 0
29 147557 1303 6801 1 24 0
29 76295 1303 4543 1 30 1
29 176182 1304 7427 1 22 1
29 109676 1304 2707 1 49 1
29 172255 1306 4706 1 36 1
29 94575 1309 1219 1 25 0
29 164319 1312 8146 1 42 0
29 95595 1314 938 1 30 0
29 79994 1315 1657 1 15 0
29 84371 1319 2223 1 39 0
29 122531 1324 6368 1 17 0
29 79677 1327 1815 1 45 1
29 89264 1328 3944 1 13 1
29 86200 1338 5095 1 27 0
29 84225 1339 1982 1 5 1
29 152079 1340 5395 1 19 0
29 67452 1342 928 1 15 1
29 106423 1342 2660 1 23 0
29 141967 1346 1794 1 16 0
29 125921 1346 6475 1 30 0
29 158573 1349 9282 1 3 1
29 69365 1349 3565 1 34 1
29 135285 1357 7391 1 44 1
29 70710 1359 535 1 8 0
29 137562 1360 3562 1 35 0
29 162893 1360 7516 1 6 0
29 84274 1364 998 1 27 0
29 126454 1364 7199 1 41 1
29 164065 1370 3352 1 30 0
29 152711 1371 4220 1 47 1
29 112933 1374 5821 1 22 1
29 72264 1376 1947 1 35 0
29 96505 1376 3082 1 44 1
29 139048 1378 3549 1 9 1
29 67483 1382 3667 1 3 0
29 68802 1385 1065 1 21 0
29 107692 1387 1311 1 5 0
29 60263 1388 1230 1 26 1
29 117513 1388 4111 1 46 0
29 140828 1388 5617 1 30 1
29 166082 1391 8580 1 17 0
29 170186 1396 10168 1 12 0
29 68677 1397 1510 1 21 1
29 70705 1399 1049 1 4 1
29 150804 1407 1957 1 25 1
29 101031 1408 2821 1 33 1
29 92126 1412 1475 1 36 1
29 81566 1413 2423 1 44 0
29 67799 1417 3337 1 49 0
29 134176 1421 153 1 25 0
29 88021 1422 2331 1 42 1
29 152141 1423 1864 1 16 0
29 166486 1425 1216 1 40 0
29 74255 1426 1981 1 44 0
29 123323 1430 3863 1 29 0
29 107881 1432 3088 1 37 1
29 149074 1433 1250 1 51 0
29 145418 1433 3815 1 3 1
29 88341 1433 4419 1 46 0
29 60047 1433 1678 1 38 1
29 108684 1434 3151 1 29 1
29 139682 1435 5500 1 4 0
29 145443 1436 2462 1 35 0
29 107096 1436 3623 1 18 1
29 179413 1437 4512 1 41 0
29 138387 1441 1243 1 46 1
29 140338 1445 6797 1 42 0
29 63890 1447 3415 1 20 0
29 100858 1449 1686 1 37 0
29 176700 1451 241 1 23 0
29 100302 1451 4644 1 16 1
29 86762 1454 134 1 14 1
29 84304 1455 1764 1 42 0
29 135177 1461 6071 1 28 0
29 80096 1462 490 1 13 0
29 166867 1466 9772 1 11 0
29 113827 1467 5576 1 28 1
29 74053 1468 2474 1 18 1
29 151405 1471 848 1 39 0
29 84718 1475 3087 1 19 1
29 108524 1483 4512 1 10 1
29 154523 1485 7272 1 27 1
29 78864 1486 3428 1 9 1
29 130238 1486 3737 1 5 1
29 66110 1489 1690 1 15 0
29 71774 1493 1370 1 36 0
29 150441 1495 2125 1 39 0
29 131008 1500 7757 1 16 0
29 95619 1500 1737 1 39 0
29 156788 1505 931 1 25 0
29 112298 1505 4612 1 19 1
29 130719 1505 5973 1 8 1
29 122140 1507 5931 1 35 0
29 159316 1507 212 1 36 0
29 79657 1510 2439 1 48 1
29 104192 1510 199 1 1 0
29 144706 1511 5498 1 23 0
29 115156 1513 3002 1 36 0
29 112868 1515 4948 1 27 1
29 107941 1517 2698 1 48 1
29 176797 1519 2697 1 37 1
29 80001 1519 1168 1 12 1
29 70718 1527 1365 1 28 0
29 66745 1528 1131 1 36 0
29 84805 1531 1719 1 8 0
29 76705 1533 4206 1 46 1
29 119205 1534 5529 1 10 1
29 124824 1535 2317 1 10 0
29 94026 1536 1882 1 39 0
29 104589 1539 1445 1 24 0
29 157490 1540 4811 1 41 0
29 164908 1541 9125 1 42 0
29 131054 1546 2156 1 44 1
29 156638 1548 360 1 48 1
29 155195 1549 8057 1 18 0
29 131372 1550 3984 1 21 1
29 112685 1553 3442 1 28 1
29 160799 1560 8290 1 45 0
29 73406 1562 3428 1 27 0
29 100880 1563 4571 1 21 1
29 63978 1564 2070 1 48 0
29 104311 1564 4671 1 6 1
29 106777 1565 3116 1 36 0
29 104541 1565 4076 1 35 1
29 128998 1566 3357 1 23 1
29 107511 1569 1633 1 42 0
29 107143 1571 127 1 9 0
29 132532 1572 491 1 2 0
29 137850 1573 1118 1 7 0
29 156157 1574 661 1 18 1
29 103273 1575 2381 1 31 1
29 157121 1576 6523 1 39 0
29 93961 1576 4635 1 29 1
29 101781 1577 162 1 11 0
29 84089 1577 3748 1 24 1
29 67686 1578 1131 1 3 0
29 106984 1579 3836 1 47 0
29 84929 1580 2140 1 48 0
29 171717 1581 6147 1 8 1
29 89339 1582 3996 1 51 1
29 83598 1585 1014 1 41 1
29 171032 1588 4112 1 10 1
29 126382 1589 6949 1 45 1
29 88874 1590 2501 1 5 1
29 168993 1590 9150 1 47 1
29 94697 1599 516 1 33 1
29 72636 1600 1718 1 2 1
29 66277 1603 2482 1 18 0
29 66538 1608 1328 1 27 1
29 111066 1610 3912 1 16 1
29 178201 1611 4266 1 48 0
29 148996 1612 781 1 45 0
29 107098 1617 4264 1 27 0
29 99633 1618 4917 1 21 1
29 177644 1621 6481 1 31 0
29 121641 1622 963 1 34 0
29 83585 1623 2409 1 28 1
29 146125 1626 6709 1 11 0
29 139450 1628 7042 1 14 0
29 64521 1633 3011 1 4 1
29 73484 1635 570 1 29 0
29 155928 1638 7052 1 2 0
29 112123 1639 609 1 6 0
29 150292 1642 1639 1 48 1
29 62582 1647 312 1 21 0
29 158293 1652 1922 1 8 0
29 85659 1653 1159 1 44 0
29 89036 1657 3737 1 12 0
29 138193 1658 8268 1 24 0
29 63017 1661 3539 1 45 1
29 172906 1662 4394 1 10 1
29 71143 1668 2913 1 35 1
29 62714 1679 1918 1 22 1
29 139567 1680 7746 1 50 1
29 121080 1680 5765 1 42 1
29 148996 1682 993 1 20 0
29 66422 1684 1222 1 45 0
29 126965 1689 6915 1 50 0
29 127250 1691 7597 1 34 0
29 166478 1693 3539 1 50 1
29 83870 1694 1492 1 51 1
29 91786 1698 4799 1 1 0
29 83198 1703 3059 1 4 0
29 116768 1705 6808 1 50 1
29 135436 1708 6773 1 15 1
29 143453 1710 3690 1 11 0
29 93410 1712 2135 1 14 0
29 63930 1717 2334 1 1 1
29 118838 1718 6338 1 14 1
29 122003 1719 1040 1 17 1
29 176854 1720 4137 1 3 0
29 94244 1720 4262 1 50 1
29 97937 1724 543 1 49 1
29 67743 1727 3038 1 3 1
29 100332 1728 327 1 36 1
29 171893 1732 602 1 36 0
29 126353 1738 6331 1 18 0
29 87580 1744 4049 1 39 0
29 131235 1746 3628 1 20 0
29 162735 1749 6928 1 37 0
29 107366 1749 3638 1 12 1
29 65925 1751 681 1 47 0
29 85491 1755 4274 1 28 0
29 92077 1756 4113 1 33 0
29 176973 1756 10463 1 4 0
29 136078 1757 1092 1 5 0
29 138687 1759 1454 1 38 0
29 87681 1759 343 1 19 0
29 72781 1763 2674 1 6 0
29 161669 1764 2364 1 47 0
29 108756 1770 4514 1 9 1
29 65367 1771 1086 1 6 1
29 134597 1779 437 1 42 0
29 69576 1786 814 1 7 0
29 170730 1798 7334 1 2 1
29 170546 1799 7768 1 20 1
29 102700 1803 6018 1 1 0
29 120450 1803 6987 1 39 1
29 83077 1810 4257 1 37 0
29 65884 1814 269 1 47 1
29 108282 1815 2540 1 44 0
29 75749 1815 4001 1 3 0
29 84626 1818 1894 1 2 1
29 125614 1819 1818 1 48 1
29 158188 1827 9097 1 45 1
29 114609 1828 4204 1 19 0
29 66615 1839 2599 1 22 1
29 110229 1840 5526 1 32 1
29 105404 1843 6110 1 32 0
29 161983 1847 7979 1 33 1
29 179499 1855 475 1 35 1
29 145070 1859 1060 1 30 0
29 125330 1860 2128 1 35 1
29 105733 1862 461 1 35 1
29 116961 1864 6737 1 8 1
29 85220 1869 3942 1 28 1
29 164910 1869 1280 1 7 1
29 129553 1871 668 1 1 1
29 94797 1879 4722 1 25 0
29 75187 1880 1962 1 10 1
29 146730 1881 1190 1 44 1
29 136593 1884 4421 1 9 0
29 112653 1884 3674 1 45 0
29 115233 1889 6323 1 14 0
29 67600 1903 3681 1 29 0
29 82752 1904 1531 1 36 1
29 171289 1910 1410 1 42 0
29 117938 1911 4907 1 43 0
29 86884 1912 1780 1 36 0
29 121650 1915 2824 1 4 1
29 90877 1916 94 1 35 0
29 125627 1918 3394 1 25 0
29 151140 1919 624 1 3 1
29 99569 1919 163 1 31 1
29 69371 1920 2705 1 3 0
29 128469 1920 2425 1 21 0
29 142809 1921 8053 1 12 1
29 110933 1921 2636 1 44 1
29 111627 1922 1406 1 17 0
29 75799 1925 824 1 4 0
29 164943 1925 9015 1 16 1
29 101740 1928 2813 1 33 0
29 119750 1929 1019 1 20 1
29 176239 1936 2181 1 27 1
29 136087 1939 2285 1 14 0
29 161646 1941 6350 1 28 0
29 102916 1946 4816 1 20 1
29 115116 1953 5698 1 7 1
29 66848 1954 1480 1 48 0
29 138921 1964 8210 1 20 0
29 142946 1968 6365 1 9 1
29 163308 1969 1139 1 31 1
29 125644 1970 3457 1 14 0
29 129492 1971 4496 1 11 1
29 164219 1975 312 1 35 1
29 79077 1976 1964 1 37 1
29 119138 1984 5399 1 50 1
29 115379 1987 5574 1 42 0
29 170288 1987 8414 1 44 1
29 177405 1995 10280 1 4 0
29 141820 1996 1334 1 44 1
29 160011 2005 3531 1 36 0
29 93299 2006 4286 1 17 0
29 144386 2007 1451 1 17 1
29 155007 2010 8607 1 48 1
29 152346 2010 2194 1 42 0
29 152318 2013 3254 1 33 0
29 121677 2014 7164 1 2 0
29 89000 2016 4888 1 28 1
29 81207 2016 1074 1 32 1
29 169255 2016 1609 1 7 0
29 94884 2017 4997 1 16 0
29 145048 2019 4613 1 42 0
29 124587 2020 4841 1 11 1
29 94838 2025 1441 1 10 0
29 145139 2027 909 1 18 1
29 85140 2032 1078 1 15 0
29 160497 2032 1690 1 6 1
29 143027 2035 6514 1 14 0
29 170781 2037 9640 1 2 0
29 166191 2038 3653 1 12 0
29 70495 2039 4012 1 35 0
29 67849 2041 2538 1 1 0
29 115571 2041 4100 1 23 0
29 110433 2044 6199 1 33 1
29 171431 2045 3869 1 31 1
29 116783 2047 116 1 40 0
29 166704 2047 2070 1 44 0
29 77943 2051 3241 1 20 0
29 112503 2052 5751 1 6 1
29 117394 2054 1653 1 49 0
29 100433 2056 2536 1 22 1
29 109641 2057 5133 1 36 0
29 175456 2059 8083 1 9 0
29 81471 2064 4862 1 42 0
29 97731 2069 3744 1 15 1
29 68091 2073 1886 1 24 1
29 151778 2074 4624 1 33 0
29 77512 2075 680 1 24 0
29 107162 2080 159 1 18 1
29 66526 2080 3839 1 1 0
29 74246 2082 3311 1 40 0
29 99479 2085 1533 1 31 0
29 118747 2087 2895 1 51 0
29 99709 2092 241 1 9 1
29 167287 2098 7528 1 30 1
29 115511 2099 2096 1 10 1
29 141897 2101 2170 1 29 0
29 116434 2107 6733 1 43 0
29 90869 2109 1108 1 19 1
29 120072 2109 3601 1 17 1
29 116226 2110 5592 1 13 0
29 71310 2113 4022 1 14 1
29 174591 2114 8741 1 27 0
29 89894 2115 3196 1 31 1
29 152882 2118 2708 1 22 0
29 154156 2119 620 1 27 1
29 146869 2120 4526 1 34 1
29 143126 2123 572 1 44 0
29 101659 2127 2712 1 33 1
29 171613 2130 5367 1 44 0
29 164579 2132 4667 1 51 1
29 179008 2137 7943 1 38 1
29 107196 2140 5089 1 50 1
29 147002 2141 3690 1 12 0
29 91161 2143 160 1 18 0
29 77238 2148 4289 1 43 0
29 113912 2151 1091 1 31 1
29 176182 2153 3532 1 49 1
29 177696 2153 10596 1 23 0
29 113160 2154 5187 1 39 1
29 127211 2154 6825 1 1 1
29 87084 2155 4076 1 35 1
29 168146 2156 2833 1 14 1
29 166696 2157 7518 1 21 1
29 150777 2159 7478 1 25 1
29 74602 2160 292 1 33 1
29 73964 2160 365 1 51 0
29 84305 2163 382 1 30 1
29 136961 2164 6842 1 15 1
29 141711 2165 5099 1 44 1
29 66609 2167 1581 1 2 1
29 169163 2173 6672 1 8 1
29 163633 2177 8561 1 39 1
29 161749 2177 3993 1 18 1
29 113042 2178 1124 1 13 0
29 179147 2180 700 1 11 0
29 95797 2183 3471 1 41 0
29 143652 2184 6224 1 21 0
29 104764 2191 1449 1 17 0
29 170139 2192 7704 1 33 0
29 150614 2192 4686 1 2 0
29 77452 2193 821 1 7 0
29 76013 2193 3661 1 4 0
29 114132 2196 6532 1 4 1
29 81093 2196 1968 1 2 1
29 169732 2200 1786 1 50 0
29 88659 2205 2107 1 40 0
29 91116 2205 3539 1 7 1
29 157269 2211 2613 1 51 1
29 61697 2213 709 1 36 1
29 122189 2219 4578 1 17 0
29 153163 2223 5944 1 31 0
29 115151 2226 4414 1 32 0
29 108506 2227 4806 1 3 1
29 153646 2228 5922 1 38 0
29 169182 2228 1599 1 38 0
29 91569 2232 1877 1 9 1
29 168521 2233 1531 1 12 0
29 129470 2236 3134 1 6 0
29 110573 2236 2332 1 25 1
29 125235 2238 4421 1 26 1
29 67438 2241 637 1 7 0
29 84541 2242 3841 1 16 0
29 120845 2242 496 1 21 0
29 73514 2243 542 1 51 1
29 90559 2244 1578 1 34 0
29 140281 2245 3988 1 32 1
29 96002 2246 3843 1 18 1
29 69602 2246 1001 1 46 1
29 95951 2257 730 1 4 0
29 122232 2262 6217 1 42 0
29 113420 2264 3988 1 5 1
29 163604 2264 3864 1 33 0
29 103293 2268 3172 1 3 0
29 103602 2269 1700 1 19 1
29 90062 2272 2963 1 7 0
29 149744 2274 7818 1 22 1
29 150367 2283 4161 1 50 1
29 93049 2285 3783 1 10 1
29 125956 2288 3384 1 48 1
29 97561 2291 4595 1 24 1
29 86514 2295 2027 1 42 1
29 151721 2296 4956 1 34 0
29 119983 2297 653 1 49 1
29 177810 2298 10553 1 45 0
29 76765 2299 1777 1 14 0
29 140457 2300 3189 1 10 1
29 112846 2303 4289 1 12 0
29 114340 2305 3452 1 46 1
29 154669 2307 3992 1 21 0
29 63403 2307 1293 1 40 0
29 150907 2309 5179 1 42 1
29 165193 2314 5377 1 20 0
29 77845 2319 4308 1 12 1
29 103284 2320 5693 1 1 1
29 161605 2324 9357 1 48 0
29 124051 2328 2431 1 43 0
29 69916 2328 3601 1 51 1
29 160155 2329 5407 1 25 0
29 94288 2331 3886 1 45 1
29 164640 2332 2622 1 13 0
29 137834 2333 3307 1 6 1
29 87501 2333 4898 1 40 0
29 151344 2337 5574 1 5 0
29 141053 2339 1350 1 48 1
29 136270 2340 3134 1 34 1
29 176553 2345 2157 1 17 1
29 136432 2347 3622 1 20 1
29 123887 2350 3125 1 46 1
29 109441 2351 4200 1 15 0
29 99583 2357 4774 1 13 0
29 79448 2358 685 1 11 0
29 178898 2360 2877 1 12 0
29 147397 2361 2482 1 37 1
29 76926 2364 3597 1 36 1
29 65454 2368 2515 1 50 1
29 176179 2374 7976 1 19 1
29 159570 2374 5589 1 49 0
29 97426 2375 1211 1 47 1
29 137615 2375 586 1 12 0
29 120071 2376 6317 1 2 1
29 92096 2379 5137 1 29 0
29 156056 2383 2651 1 23 1
29 94657 2383 4826 1 19 1
29 156112 2384 941 1 31 1
29 75454 2386 2501 1 4 1
29 172108 2387 6062 1 23 1
29 61427 2389 692 1 26 1
29 111100 2390 747 1 10 0
29 109373 2394 5889 1 45 1
29 137190 2398 832 1 3 1
29 87417 2399 4912 1 6 1
29 125330 2401 6400 1 35 0
29 171832 2402 5399 1 40 1
29 151762 2404 1339 1 36 0
29 134581 2407 4973 1 31 0
29 143724 2408 4640 1 40 0
29 82153 2413 1542 1 42 1
29 130456 2416 4770 1 45 0
29 130049 2420 5262 1 4 0
29 91999 2424 369 1 13 1
29 110872 2426 1098 1 25 0
29 136452 2441 6621 1 8 0
29 91925 2443 3369 1 27 0
29 62068 2445 971 1 18 1
29 121539 2445 1622 1 17 0
29 101266 2446 3306 1 42 1
29 127409 2448 6782 1 21 1
29 144125 2451 8588 1 28 0
29 75592 2453 3335 1 15 1
29 143222 2456 2353 1 12 0
29 167416 2467 1358 1 44 0
29 170017 2467 1167 1 40 1
29 144741 2473 4285 1 40 1
29 90929 2475 4252 1 24 1
29 164179 2476 6052 1 30 0
29 115577 2477 5259 1 37 1
29 77589 2481 2089 1 51 0
29 134644 2481 6026 1 30 0
29 162314 2483 6404 1 15 1
29 126774 2483 4623 1 2 1
29 117156 2483 4574 1 8 1
29 153744 2485 508 1 31 0
29 73294 2485 3480 1 36 1
29 168457 2488 5104 1 5 0
29 95780 2491 3048 1 29 1
29 60635 2494 3446 1 11 0
29 75134 2496 4121 1 23 0
29 170503 2498 1428 1 1 0
29 140140 2503 4386 1 8 0
29 125999 2506 5125 1 33 1
29 138704 2509 7835 1 21 0
29 164495 2511 5460 1 18 1
29 106711 2515 5598 1 51 1
29 94597 2519 1568 1 42 0
29 108595 2519 627 1 34 0
29 94835 2519 1377 1 15 0
29 84579 2520 3973 1 25 1
29 109469 2521 4645 1 35 0
29 156158 2521 7240 1 32 0
29 82627 2522 3070 1 19 1
29 117363 2525 5032 1 20 1
29 68000 2527 2138 1 30 0
29 130578 2531 3797 1 16 0
29 130593 2532 5349 1 44 0
29 156549 2533 1555 1 25 1
29 60529 2537 1112 1 25 1
29 144757 2538 3395 1 16 0
29 137797 2542 6357 1 8 1
29 153669 2543 6093 1 8 1
29 76694 2548 175 1 6 1
29 175133 2548 3443 1 51 1
29 145531 2550 4668 1 42 1
29 80140 2555 4020 1 45 0
29 119911 2558 6845 1 30 1
29 142653 2560 3202 1 10 1
29 102184 2561 3700 1 2 0
29 148809 2561 7569 1 30 1
29 140685 2565 2407 1 43 0
29 123445 2568 4176 1 30 0
29 103396 2568 4917 1 15 0
29 72331 2570 4287 1 51 1
29 158878 2570 3471 1 24 1
29 98609 2576 3714 1 36 1
29 168683 2577 2436 1 36 0
29 99019 2579 4811 1 43 1
29 71806 2581 2449 1 22 0
29 114411 2581 6676 1 12 0
29 175238 2584 5688 1 42 0
29 129983 2587 2207 1 31 0
29 122607 2588 1194 1 43 0
29 135900 2588 7423 1 35 1
29 140903 2590 6786 1 20 1
29 60360 2593 2369 1 26 1
29 67438 2594 959 1 12 0
29 123365 2594 505 1 30 1
29 98424 2595 1811 1 40 1
29 120493 2597 6060 1 51 1
29 101994 2597 5958 1 22 1
29 121517 2598 5429 1 22 1
29 139147 2598 851 1 33 1
29 108603 2601 4823 1 24 0
29 67025 2611 1398 1 14 0
29 173517 2611 6537 1 40 1
29 86266 2616 3729 1 24 0
29 61571 2616 904 1 48 1
29 67372 2616 1472 1 13 0
29 90678 2618 2757 1 49 0
29 110534 2620 658 1 7 0
29 147778 2621 3517 1 38 0
29 151738 2624 8227 1 38 0
29 83928 2631 4975 1 24 0
29 158988 2635 1097 1 50 0
29 109372 2637 1119 1 13 0
29 168395 2638 4632 1 39 1
29 114657 2642 909 1 24 0
29 172254 2649 2332 1 15 1
29 92043 2650 2736 1 45 0
29 112228 2654 632 1 48 1
29 127463 2654 1535 1 44 1
29 60891 2656 2663 1 1 0
29 117873 2661 2501 1 36 0
29 64990 2662 138 1 21 0
29 129445 2662 6282 1 30 1
29 128293 2662 2986 1 44 0
29 126609 2666 2419 1 20 0
29 163070 2666 897 1 11 0
29 69173 2667 3854 1 9 1
29 170115 2668 6897 1 30 1
29 76624 2672 4372 1 2 0
29 122778 2677 2427 1 40 0
29 120892 2679 4109 1 29 0
29 177975 2680 4606 1 44 1
29 143305 2681 478 1 35 1
29 68347 2682 3894 1 51 0
29 98298 2682 1458 1 50 0
29 141595 2683 7948 1 37 0
29 83838 2683 2837 1 1 1
29 171425 2686 3302 1 46 0
29 75735 2688 191 1 11 0
29 154358 2688 2195 1 31 1
29 147509 2688 949 1 30 0
29 170828 2689 6919 1 7 0
29 163110 2689 6381 1 38 0
29 146222 2690 1771 1 1 0
29 67745 2691 3551 1 47 1
29 112808 2691 3909 1 40 1
29 87478 2692 2772 1 18 0
29 107423 2692 140 1 24 0
29 95820 2693 4642 1 43 1
29 97119 2694 1406 1 22 1
29 124220 2695 4278 1 7 0
29 78026 2695 347 1 31 1
29 87735 2696 3120 1 34 0
29 147534 2702 308 1 3 1
29 163324 2705 9711 1 26 1
29 178171 2715 2499 1 27 0
29 123175 2715 2059 1 31 0
29 130988 2718 7043 1 29 0
29 172722 2720 1804 1 15 0
29 69936 2723 1703 1 23 0
29 122686 2728 6554 1 4 1
29 117651 2734 6917 1 39 1
29 105276 2736 6234 1 30 0
29 88601 2738 1781 1 23 1
29 85972 2739 4264 1 28 1
29 149820 2739 1057 1 27 0
29 68435 2740 1303 1 28 0
29 74940 2741 3371 1 37 1
29 160169 2745 2886 1 16 1
29 121049 2745 2660 1 40 1
29 75346 2747 320 1 11 1
29 112193 2751 3738 1 30 1
29 71399 2754 3139 1 21 1
29 81476 2755 2585 1 33 1
29 145299 2760 6002 1 50 1
29 154731 2761 5626 1 32 1
29 174654 2764 2425 1 49 0
29 69985 2765 3371 1 21 1
29 121059 2766 5533 1 13 0
29 134258 2766 6292 1 4 0
29 113886 2775 997 1 12 0
29 122762 2778 7231 1 45 0
29 60672 2779 912 1 33 0
29 128278 2779 6829 1 42 0
29 128874 2780 3970 1 20 0
29 148423 2781 3659 1 32 1
29 67935 2784 2724 1 36 0
29 151168 2785 4497 1 12 0
29 104261 2788 1724 1 48 0
29 165380 2801 2258 1 35 1
29 77698 2802 2680 1 46 1
29 145579 2804 3190 1 12 0
29 110819 2804 5992 1 50 1
29 154070 2807 1897 1 46 1
29 130146 2811 1273 1 8 1
29 99907 2812 237 1 34 0
29 170813 2813 3681 1 17 1
29 89951 2813 5252 1 36 1
29 101316 2814 6004 1 26 0
29 120385 2815 1893 1 28 0
29 118841 2816 5823 1 51 0
29 79474 2822 592 1 47 1
29 122207 2823 987 1 36 0
29 100799 2825 2834 1 4 1
29 167529 2825 1792 1 8 1
29 74380 2836 3666 1 35 1
29 89007 2838 4970 1 48 0
29 175144 2838 383 1 38 0
29 162377 2841 2452 1 13 1
29 98951 2849 4797 1 41 1
29 103436 2850 317 1 32 0
29 157680 2854 2695 1 16 0
29 113709 2855 958 1 8 0
29 142908 2860 1467 1 49 1
29 101283 2861 3880 1 31 0
29 127726 2864 1968 1 16 0
29 104481 2866 1938 1 20 0
29 91063 2867 364 1 23 0
29 125982 2868 822 1 38 0
29 100951 2869 2831 1 44 0
29 87805 2872 414 1 38 0
29 126722 2873 975 1 33 0
29 171020 2874 8733 1 49 0
29 93482 2879 1380 1 43 1
29 145463 2883 7218 1 4 0
29 170828 2887 5551 1 9 0
29 80586 2888 2580 1 49 1
29 174218 2896 971 1 37 0
29 177036 2896 3382 1 49 1
29 87574 2896 3971 1 24 1
29 69647 2897 1709 1 15 1
29 177886 2897 3656 1 34 1
29 128794 2899 132 1 11 0
29 123207 2900 1792 1 29 0
29 128082 2900 5382 1 26 0
29 178387 2907 2677 1 4 0
29 72324 2909 1350 1 37 1
29 92115 2912 379 1 49 1
29 81563 2912 2965 1 19 0
29 77269 2914 4331 1 50 0
29 108803 2915 597 1 51 1
29 105485 2917 5266 1 21 1
29 69557 2925 3770 1 24 0
29 170975 2926 9310 1 29 0
29 115965 2929 5320 1 14 1
29 140346 2933 3168 1 21 1
29 167762 2936 3530 1 28 1
29 127130 2947 7244 1 34 1
29 123451 2947 2268 1 17 0
29 165780 2947 3240 1 1 1
29 105487 2948 5444 1 47 1
29 173198 2949 6714 1 37 1
29 173893 2950 1636 1 17 0
29 165025 2953 7093 1 45 0
29 169325 2958 3606 1 30 1
29 156464 2959 1223 1 2 0
29 150660 2960 7478 1 33 0
29 69309 2961 4108 1 6 0
29 102541 2962 2113 1 23 0
29 161850 2965 1267 1 18 0
29 125815 2971 2521 1 31 1
29 147725 2973 3858 1 12 1
29 87181 2974 2900 1 5 0
29 102355 2975 3403 1 37 0
29 102901 2976 655 1 46 1
29 134536 2980 1387 1 48 0
29 112361 2984 6601 1 18 1
29 124882 2989 7306 1 42 1
29 143451 2989 6349 1 15 1
29 90399 2992 3219 1 3 1
29 89943 2995 4116 1 35 0
29 66734 3007 3271 1 26 1
29 73892 3011 1953 1 1 0
29 65308 3011 2568 1 28 0
29 115058 3013 5234 1 11 0
29 115358 3015 1930 1 25 0
29 106895 3018 2534 1 25 0
29 110189 3019 2616 1 31 1
29 175157 3025 3105 1 48 0
29 112829 3027 1695 1 30 1
29 70412 3028 4117 1 21 0
29 152581 3028 6754 1 35 0
29 165410 3029 9017 1 1 1
29 169669 3031 1176 1 40 1
29 112779 3033 965 1 28 1
29 178868 3037 6465 1 4 0
29 61859 3042 310 1 40 0
29 62314 3046 3342 1 20 1
29 161812 3049 1377 1 32 1
29 122200 3049 2326 1 46 0
29 82414 3050 2356 1 50 1
29 80291 3051 4115 1 25 1
29 107116 3054 2163 1 38 1
29 80122 3055 1155 1 18 0
29 161102 3057 3464 1 1 1
29 114180 3058 1724 1 25 0
29 116742 3061 498 1 39 0
29 81527 3061 1028 1 44 1
29 84859 3062 1200 1 35 1
29 145591 3063 6226 1 38 0
29 133112 3066 7365 1 49 1
29 149038 3068 5682 1 18 0
29 102178 3069 2345 1 25 0
29 124983 3070 7396 1 22 1
29 108581 3070 502 1 9 1
29 167889 3073 3509 1 27 1
29 177238 3074 1540 1 26 1
29 107546 3076 1256 1 36 0
29 102708 3077 5536 1 40 0
29 65389 3081 2633 1 33 1
29 131331 3084 5260 1 23 1
29 134218 3090 2424 1 34 0
29 101308 3091 670 1 17 1
29 177286 3094 5774 1 2 0
29 174003 3095 10225 1 19 1
29 169261 3098 6220 1 33 0
29 68946 3100 3653 1 36 0
29 69138 3101 3350 1 39 0
29 116879 3109 192 1 22 1
29 148062 3110 4535 1 1 0
29 91771 3115 4238 1 21 0
29 107972 3116 538 1 30 0
29 142566 3117 7528 1 29 0
29 163837 3120 3216 1 14 1
29 153441 3122 395 1 38 1
29 108583 3124 2203 1 36 1
29 127633 3124 7019 1 6 1
29 154551 3133 3562 1 15 1
29 174320 3136 6627 1 31 1
29 66595 3140 3894 1 14 1
29 84526 3141 3986 1 4 0
29 135137 3141 6392 1 19 1
29 169539 3142 9476 1 37 1
29 127234 3145 1412 1 43 1
29 139192 3147 2211 1 1 1
29 67031 3148 2366 1 13 0
29 122467 3151 752 1 50 1
29 93360 3153 1040 1 14 0
29 121681 3157 1279 1 37 1
29 101235 3161 1431 1 16 1
29 84977 3161 3323 1 14 0
29 156230 3162 6217 1 17 1
29 109586 3164 4076 1 26 0
29 175385 3165 7923 1 45 1
29 135338 3165 2959 1 34 1
29 163538 3166 8091 1 30 1
29 139597 3166 237 1 44 1
29 159132 3176 1489 1 1 0
29 156803 3178 8909 1 2 0
29 139396 3178 6425 1 24 0
29 76196 3180 265 1 18 0
29 164217 3184 5357 1 32 1
29 64379 3192 1992 1 12 0
29 149871 3194 1013 1 42 0
29 92933 3195 1499 1 50 0
29 155598 3197 2993 1 40 1
29 153882 3200 6044 1 1 1
29 143976 3207 3252 1 43 1
29 109978 3207 4993 1 24 0
29 103948 3212 789 1 41 1
29 62838 3213 656 1 13 0
29 145482 3214 404 1 18 1
29 67433 3221 3954 1 7 0
29 126619 3223 2799 1 13 1
29 102927 3223 1467 1 38 0
29 75056 3226 2996 1 37 0
29 174720 3227 6839 1 44 0
29 145769 3230 2796 1 27 1
29 79580 3230 2342 1 42 1
29 109237 3240 4796 1 5 1
29 172599 3243 6726 1 13 0
29 125382 3244 7220 1 50 1
29 160905 3254 6938 1 35 1
29 145079 3254 4717 1 7 1
29 129005 3259 594 1 1 0
29 165612 3260 9427 1 46 0
29 66800 3262 1703 1 35 0
29 143415 3268 3478 1 32 0
29 60968 3270 1320 1 33 0
29 149820 3271 7492 1 32 0
29 145281 3272 1788 1 38 0
29 122462 3275 626 1 29 1
29 157853 3286 1569 1 4 1
29 174974 3287 9396 1 2 0
29 134073 3289 8005 1 15 0
29 173342 3291 7154 1 31 0
29 90986 3293 4273 1 3 1
29 152278 3303 6559 1 30 1
29 98019 3303 5162 1 3 1
29 74221 3305 666 1 27 1
29 149262 3306 3345 1 30 0
29 91658 3314 4894 1 49 1
29 79661 3315 4183 1 17 1
29 126921 3315 493 1 43 1
29 167154 3318 1269 1 49 0
29 90597 3318 5391 1 7 0
29 106840 3321 2731 1 25 0
29 178787 3326 6224 1 19 1
29 142143 3328 4556 1 3 1
29 154728 3329 2132 1 32 1
29 102302 3331 1119 1 33 0
29 84778 3331 332 1 40 1
29 138479 3331 7788 1 11 0
29 147365 3333 7734 1 3 1
29 160497 3333 9049 1 3 0
29 93279 3333 3634 1 5 0
29 68192 3334 2612 1 32 0
29 154354 3336 4728 1 45 1
29 72737 3336 758 1 19 1
29 82235 3342 1353 1 28 1
29 163201 3344 6370 1 19 0
29 133847 3345 639 1 21 0
29 75496 3346 161 1 48 1
29 67500 3351 1581 1 17 0
29 175476 3352 3308 1 26 0
29 89709 3353 2975 1 29 1
29 160049 3355 6257 1 40 0
29 74379 3356 3197 1 15 0
29 121520 3358 5508 1 25 1
29 176105 3360 2572 1 27 0
29 113343 3360 5577 1 47 1
29 164847 3363 8838 1 48 1
29 91503 3369 2210 1 42 0
29 62869 3370 1751 1 30 1
29 60296 3374 2181 1 4 0
29 127955 3375 5550 1 20 1
29 117825 3375 1398 1 44 0
29 157234 3376 9225 1 25 1
29 63535 3376 3021 1 41 1
29 157962 3379 7207 1 24 0
29 178770 3379 2983 1 9 0
29 94931 3382 3426 1 44 1
29 168998 3384 5607 1 23 1
29 112614 3384 1909 1 26 0
29 92866 3384 5244 1 32 0
29 147261 3385 2355 1 32 0
29 132752 3387 5537 1 1 0
29 62673 3390 1610 1 43 0
29 89667 3392 544 1 28 1
29 148242 3393 1977 1 47 0
29 147027 3398 4269 1 45 0
29 69735 3406 3181 1 50 0
29 166561 3411 2639 1 32 1
29 122837 3412 3623 1 17 0
29 98964 3413 4629 1 18 0
29 123075 3413 6944 1 14 0
29 70874 3415 1419 1 45 1
29 78300 3418 4243 1 49 0
29 174882 3422 10488 1 36 0
29 70197 3422 1994 1 4 0
29 95041 3424 5444 1 29 1
29 61850 3425 3075 1 40 0
29 158804 3426 1583 1 21 1
29 68917 3431 2501 1 47 1
29 96013 3432 985 1 20 1
29 111637 3433 4430 1 49 1
29 144832 3435 6787 1 45 0
29 161752 3436 4444 1 39 0
29 100801 3446 741 1 27 1
29 82303 3448 2756 1 11 0
29 127534 3449 5281 1 34 1
29 107095 3450 4361 1 15 1
29 89279 3450 3204 1 26 1
29 150703 3452 3486 1 23 0
29 69881 3453 2441 1 36 0
29 159183 3453 8140 1 44 1
29 143666 3456 4733 1 30 1
29 60253 3457 3566 1 38 0
29 91586 3457 5294 1 29 0
29 92798 3459 2061 1 20 0
29 163396 3460 9206 1 33 1
29 154865 3461 808 1 51 0
29 65231 3463 717 1 23 0
29 163384 3465 1949 1 46 0
29 86046 3466 771 1 9 0
29 170208 3467 2111 1 34 0
29 106567 3468 1696 1 35 0
29 137149 3472 3580 1 47 1
29 129858 3475 279 1 47 0
29 121408 3476 1201 1 49 0
29 169210 3477 2008 1 36 1
29 85316 3479 2241 1 49 0
29 103493 3480 258 1 50 1
29 152555 3481 6605 1 18 0
29 88144 3482 4029 1 10 1
29 161549 3483 6870 1 34 0
29 130082 3486 2616 1 25 0
29 97005 3487 5035 1 6 0
29 86230 3492 2816 1 17 0
29 124661 3497 263 1 38 1
29 69273 3498 3942 1 42 0
29 84272 3506 4016 1 14 1
29 67036 3507 387 1 5 0
29 69737 3510 3215 1 47 0
29 168884 3511 4412 1 3 0
29 76718 3515 441 1 4 0
29 73867 3532 4151 1 13 1
29 164325 3532 1133 1 40 1
29 100491 3536 2243 1 1 0
29 121886 3539 3167 1 17 0
29 137290 3540 6818 1 30 1
29 124311 3552 561 1 7 0
29 76694 3555 3472 1 29 1
29 129560 3555 2876 1 34 0
29 154599 3556 8373 1 24 0
29 84500 3560 4923 1 51 1
29 141617 3561 342 1 39 1
29 112304 3564 1259 1 36 1
29 125361 3567 3550 1 21 0
29 80983 3573 437 1 44 0
29 73823 3573 2641 1 28 1
29 133307 3575 7860 1 6 0
29 77573 3575 4059 1 51 1
29 163975 3575 936 1 33 0
29 81514 3578 1913 1 45 0
29 111757 3579 4264 1 34 1
29 96861 3581 2058 1 11 1
29 169878 3581 2207 1 51 1
29 101415 3591 282 1 12 1
29 93883 3595 3045 1 45 1
29 60437 3598 2885 1 20 1
29 61658 3599 1753 1 49 1
