1500
3 153866 0 1729 1 24 1
3 90318 2 4641 1 8 1
3 70190 9 3743 1 6 1
3 68547 10 2781 1 43 0
3 111272 14 3558 1 7 1
3 109629 16 1782 1 28 1
3 86386 18 1071 1 1 1
3 138526 21 7243 1 43 0
3 64291 26 2497 1 25 1
3 123506 30 5260 1 35 0
3 132263 33 1443 1 6 1
3 76336 37 4284 1 18 1
3 74089 38 1562 1 46 1
3 69454 43 621 1 10 1
3 77613 47 1236 1 43 0
3 170795 49 4738 1 23 0
3 72792 49 2934 1 33 0
3 139849 52 4322 1 50 1
3 152013 54 6271 1 24 0
3 166225 54 3180 1 35 1
3 145202 57 1978 1 24 0
3 173648 58 5022 1 28 0
3 86575 59 158 1 23 1
3 64089 59 805 1 39 0
3 94498 60 2226 1 25 1
3 132952 61 4287 1 49 0
3 70836 62 831 1 24 0
3 120417 71 4420 1 42 1
3 105544 71 5612 1 12 0
3 97524 72 499 1 39 0
3 62516 72 1802 1 35 0
3 100686 72 5434 1 25 0
3 91600 74 715 1 28 1
3 164807 78 8200 1 16 1
3 130239 79 4208 1 6 0
3 68343 80 1374 1 37 0
3 137386 84 7073 1 35 1
3 132545 86 638 1 2 0
3 124982 87 1559 1 32 0
3 153778 89 3035 1 17 0
3 136795 91 4051 1 11 1
3 86470 94 416 1 42 0
3 164203 94 9110 1 26 1
3 134120 96 5952 1 44 0
3 161945 100 569 1 7 0
3 123892 101 5556 1 33 0
3 148120 102 8505 1 48 0
3 97470 105 2293 1 26 0
3 147867 106 5047 1 46 1
3 102196 107 1494 1 33 1
3 149209 108 6609 1 31 1
3 116537 108 3539 1 35 0
3 99224 110 5052 1 12 0
3 109963 113 568 1 45 0
3 105860 118 5313 1 37 0
3 129607 121 4957 1 10 0
3 72120 124 2228 1 16 0
3 68323 125 1331 1 44 1
3 104225 126 4189 1 46 1
3 129798 131 2032 1 32 0
3 62288 132 1237 1 42 1
3 104929 138 3199 1 21 1
3 103284 138 1268 1 28 0
3 83538 140 2812 1 41 1
3 168155 140 4545 1 49 0
3 159028 147 3045 1 1 1
3 122994 149 5696 1 24 1
3 74849 152 1107 1 38 1
3 177805 154 1297 1 40 0
3 163949 156 1041 1 32 1
3 105862 157 5837 1 41 0
3 124239 162 5930 1 7 1
3 94851 163 4564 1 24 1
3 137181 164 5395 1 8 0
3 98596 166 5775 1 8 0
3 150450 166 2015 1 28 1
3 161285 172 4992 1 24 0
3 123419 175 4252 1 39 0
3 108114 182 3049 1 27 0
3 167229 183 5863 1 42 1
3 164675 183 7409 1 23 1
3 160777 188 991 1 17 1
3 162394 194 5609 1 31 0
3 127807 208 1907 1 5 1
3 88005 216 3598 1 10 0
3 75138 216 3167 1 46 1
3 166603 218 6885 1 12 0
3 95348 219 3641 1 20 0
3 133882 219 4276 1 17 0
3 145014 221 2264 1 35 0
3 80697 225 4654 1 26 1
3 62688 226 1255 1 11 1
3 177686 227 3650 1 14 0
3 144038 230 4709 1 6 0
3 132278 230 561 1 3 0
3 114839 231 333 1 19 1
3 80122 234 725 1 24 0
3 142319 235 6803 1 11 1
3 141630 236 4556 1 33 1
3 173428 236 8752 1 37 0
3 159868 241 7588 1 36 1
3 178641 242 513 1 23 1
3 62688 245 155 1 50 0
3 177570 252 5654 1 14 1
3 60049 253 1158 1 21 0
3 97646 254 5629 1 50 0
3 135507 254 4851 1 25 1
3 125577 255 5177 1 15 1
3 177543 255 10528 1 21 0
3 94707 257 2584 1 16 1
3 125294 260 1814 1 40 0
3 90683 261 3094 1 16 1
3 167706 263 7383 1 39 1
3 163607 266 262 1 45 0
3 64835 273 328 1 18 0
3 99334 274 4611 1 35 1
3 62639 275 1319 1 7 0
3 129786 275 4126 1 21 1
3 177452 277 1583 1 26 0
3 84844 277 3088 1 24 1
3 96493 277 4838 1 30 1
3 97260 280 1744 1 20 1
3 141476 283 4149 1 51 0
3 146171 295 2036 1 24 1
3 79616 300 276 1 3 1
3 166556 302 2278 1 6 1
3 111959 304 5678 1 29 0
3 91998 307 3164 1 40 1
3 73093 313 3550 1 26 1
3 140231 317 8398 1 24 0
3 135502 317 5697 1 32 1
3 86236 317 224 1 15 0
3 87065 318 2172 1 51 1
3 75686 327 1970 1 22 1
3 73824 331 3451 1 43 1
3 156142 334 601 1 2 1
3 64723 334 75 1 10 0
3 159958 343 7458 1 1 1
3 152101 348 3772 1 26 1
3 116165 349 3122 1 34 0
3 69797 349 253 1 42 1
3 175510 350 1016 1 4 1
3 93836 352 5393 1 37 0
3 116982 354 6575 1 34 1
3 157123 355 3021 1 36 1
3 147829 356 3160 1 13 0
3 107962 367 244 1 1 1
3 83323 371 4197 1 46 0
3 101964 373 3415 1 20 1
3 76749 373 3416 1 34 0
3 112569 375 3103 1 38 0
3 150766 381 3610 1 32 0
3 163053 385 738 1 48 1
3 87738 386 2624 1 15 1
3 166159 387 598 1 10 1
3 74449 394 270 1 39 1
3 60741 394 1186 1 47 0
3 145184 396 4977 1 26 0
3 80422 398 986 1 32 0
3 146161 399 6725 1 37 0
3 126292 411 2667 1 51 1
3 85542 411 4536 1 17 1
3 86848 413 401 1 41 0
3 155661 414 746 1 17 0
3 102536 417 6118 1 43 1
3 66302 418 1136 1 40 0
3 144726 420 5707 1 24 1
3 61694 420 1569 1 7 0
3 133381 421 7588 1 10 0
3 90869 423 2025 1 7 0
3 135479 425 2309 1 15 1
3 176269 427 8423 1 14 0
3 75989 427 1526 1 16 0
3 76633 427 4551 1 19 1
3 62649 429 1217 1 43 0
3 118423 433 1052 1 40 1
3 112811 436 6003 1 15 1
3 175969 438 6065 1 51 1
3 134854 440 558 1 35 1
3 87610 446 1862 1 22 1
3 179964 448 1889 1 8 1
3 171950 452 465 1 35 0
3 160702 453 1015 1 19 1
3 74566 453 1201 1 46 0
3 119731 459 5384 1 22 0
3 78355 461 1295 1 14 0
3 64008 462 159 1 15 1
3 101247 462 1032 1 18 1
3 60545 463 3318 1 47 0
3 142716 466 3149 1 25 0
3 131109 466 6328 1 50 0
3 118642 466 5612 1 19 1
3 86638 467 4767 1 8 0
3 92325 468 4276 1 28 0
3 171454 474 7412 1 46 0
3 77616 475 1019 1 28 1
3 77486 479 973 1 9 1
3 122465 485 446 1 1 0
3 157018 488 3840 1 4 1
3 121123 489 959 1 50 1
3 71933 493 2201 1 47 0
3 158206 495 7840 1 26 0
3 139796 495 4550 1 48 1
3 128275 503 3859 1 8 1
3 142845 505 4947 1 6 1
3 83083 508 4164 1 22 0
3 172023 512 8174 1 48 1
3 78803 515 1507 1 47 1
3 121042 516 3208 1 28 0
3 130151 520 7736 1 25 0
3 145469 520 6427 1 17 1
3 147815 522 7460 1 51 0
3 154896 523 8407 1 27 0
3 118114 525 3795 1 50 0
3 168834 529 9736 1 17 0
3 128206 532 951 1 47 0
3 154361 538 1760 1 47 1
3 112806 543 5487 1 47 0
3 143686 544 1789 1 36 0
3 86208 545 3110 1 27 0
3 120605 546 5166 1 44 0
3 136293 549 1997 1 20 0
3 77374 549 4078 1 32 0
3 158624 550 7606 1 35 1
3 151440 552 1268 1 24 1
3 174197 556 9436 1 49 0
3 171410 565 5286 1 4 1
3 139100 566 7306 1 31 1
3 113918 569 2480 1 36 0
3 63144 569 2312 1 18 1
3 121184 591 4332 1 27 0
3 146799 592 6143 1 51 0
3 163335 593 7473 1 2 0
3 85098 600 3646 1 22 0
3 99074 600 3788 1 25 1
3 78545 601 1840 1 36 0
3 100800 604 4694 1 38 0
3 61707 605 3450 1 36 1
3 117831 605 2525 1 38 0
3 111391 605 5752 1 6 1
3 130637 607 1730 1 36 1
3 67680 608 3405 1 47 1
3 158150 608 1176 1 46 1
3 98830 612 3873 1 40 0
3 138777 615 2172 1 14 0
3 149052 618 7719 1 21 1
3 171941 622 7125 1 47 0
3 128177 622 4441 1 44 1
3 146254 625 3009 1 33 1
3 140218 626 6797 1 11 0
3 127423 632 7126 1 3 1
3 140087 634 8161 1 7 0
3 150148 635 661 1 24 1
3 153594 635 3994 1 20 0
3 166830 645 965 1 4 1
3 137969 651 3315 1 3 1
3 64118 653 3186 1 2 1
3 151373 656 6055 1 21 0
3 138246 658 1560 1 49 1
3 66518 658 2700 1 47 1
3 120866 658 4992 1 35 1
3 178872 660 5915 1 39 1
3 88793 663 3337 1 17 0
3 103646 666 5287 1 42 0
3 161261 667 6630 1 15 0
3 88796 668 4454 1 25 0
3 174560 669 542 1 16 1
3 111529 670 4114 1 30 1
3 84063 672 2753 1 46 0
3 178990 675 6648 1 8 0
3 137586 683 2590 1 37 0
3 99243 683 1939 1 30 0
3 102732 685 2527 1 35 1
3 158432 689 8933 1 3 1
3 129876 689 6311 1 40 0
3 81713 693 2673 1 1 1
3 172165 699 8763 1 13 0
3 72373 701 157 1 11 1
3 107519 702 3516 1 3 0
3 169450 717 3296 1 39 1
3 93939 720 404 1 5 1
3 133466 720 5215 1 36 1
3 127784 723 777 1 24 1
3 64854 724 3790 1 10 0
3 125296 724 812 1 3 1
3 80339 729 4236 1 9 0
3 84256 733 3177 1 14 1
3 158100 733 8928 1 23 0
3 121568 734 1309 1 35 1
3 150308 735 7797 1 14 0
3 95331 738 3030 1 49 1
3 109858 738 2794 1 24 0
3 116088 739 2875 1 3 0
3 129675 739 6534 1 24 0
3 68099 739 1583 1 9 0
3 103719 748 1873 1 5 1
3 153791 757 1484 1 42 0
3 163052 757 9420 1 11 0
3 69994 761 525 1 11 0
3 136098 762 421 1 50 1
3 118370 763 6426 1 5 1
3 162429 764 1617 1 49 1
3 167806 765 559 1 32 0
3 136495 766 4671 1 24 1
3 169469 766 4710 1 25 0
3 122733 770 3195 1 45 1
3 173957 771 4181 1 16 0
3 158181 773 2989 1 13 1
3 154632 773 1058 1 24 0
3 76957 774 2879 1 37 1
3 106800 775 5050 1 25 0
3 104370 777 4734 1 2 0
3 156105 777 1511 1 17 0
3 79574 779 3148 1 37 1
3 76128 780 2600 1 35 1
3 97796 784 693 1 8 1
3 97337 785 5711 1 46 1
3 141970 786 2256 1 1 0
3 63257 787 2765 1 2 1
3 133157 787 2852 1 37 1
3 119029 791 2454 1 44 0
3 160951 791 6213 1 13 0
3 80377 792 2725 1 9 1
3 117419 793 3682 1 34 1
3 76769 794 1170 1 5 1
3 107630 795 5463 1 3 1
3 157419 798 3574 1 9 0
3 168482 802 1446 1 40 1
3 107825 810 2985 1 40 0
3 85517 819 3301 1 27 1
3 85463 819 4086 1 14 0
3 172223 821 6298 1 27 1
3 109813 823 3632 1 33 0
3 149900 825 468 1 6 0
3 161702 826 2066 1 28 0
3 63616 827 3524 1 11 1
3 128406 832 4394 1 11 0
3 119014 832 7117 1 28 0
3 176577 834 3409 1 15 1
3 114991 835 171 1 51 0
3 143084 837 733 1 14 0
3 114912 838 6322 1 51 0
3 110687 839 171 1 26 0
3 143901 840 4011 1 5 1
3 148508 840 3540 1 49 0
3 117655 843 2414 1 27 0
3 84336 848 2956 1 19 1
3 138173 849 7786 1 37 0
3 148454 858 1379 1 3 0
3 132217 858 2621 1 9 0
3 98531 861 4233 1 7 1
3 178392 861 6179 1 19 1
3 152006 866 4112 1 32 0
3 90211 866 5285 1 51 0
3 165688 870 3832 1 19 1
3 78424 871 3757 1 21 1
3 108834 871 6127 1 27 0
3 84910 875 1170 1 46 1
3 127815 876 4204 1 42 1
3 105165 878 4604 1 9 0
3 89322 878 1887 1 18 1
3 139492 879 3096 1 44 1
3 149763 880 5793 1 48 1
3 118635 881 1293 1 13 0
3 173970 884 3929 1 1 1
3 68312 884 949 1 20 0
3 129696 884 4153 1 41 1
3 106967 885 2840 1 9 1
3 153652 889 1586 1 17 0
3 125805 893 7488 1 15 1
3 108678 897 4366 1 27 0
3 128769 897 2914 1 23 1
3 170208 898 5439 1 49 1
3 177799 899 9306 1 28 1
3 85876 900 688 1 48 0
3 174677 901 8276 1 20 0
3 160208 902 171 1 12 0
3 111382 909 2693 1 11 1
3 157853 909 2253 1 2 1
3 150678 909 7892 1 41 0
3 164346 915 9356 1 31 1
3 113802 916 3238 1 19 1
3 100456 918 4685 1 48 0
3 99957 920 1512 1 16 1
3 128254 921 3506 1 39 1
3 113116 924 3066 1 38 1
3 90492 928 5377 1 46 0
3 122845 928 2988 1 12 0
3 141195 930 3110 1 19 0
3 178888 931 3908 1 42 0
3 129255 932 1476 1 39 0
3 100229 934 627 1 41 0
3 165578 934 1959 1 17 0
3 130160 935 4311 1 17 0
3 65932 936 562 1 36 1
3 110344 938 1160 1 20 0
3 62205 946 2379 1 41 0
3 155524 951 1417 1 41 1
3 160996 951 4113 1 22 1
3 104391 956 2339 1 31 1
3 60660 957 784 1 39 1
3 119382 964 258 1 19 1
3 135552 970 1496 1 51 1
3 65645 972 2060 1 2 0
3 107270 973 1061 1 23 0
3 142465 978 2428 1 42 1
3 64611 981 1747 1 20 0
3 60318 982 3481 1 34 0
3 171818 991 5367 1 41 1
3 176423 992 9302 1 9 1
3 79061 996 978 1 42 1
3 67377 996 2974 1 42 1
3 116926 997 1043 1 49 1
3 81007 1000 2317 1 6 0
3 67279 1001 3911 1 12 1
3 97877 1004 5515 1 7 0
3 173012 1006 10247 1 47 1
3 70942 1007 2978 1 17 0
3 139045 1007 2640 1 10 1
3 61411 1010 1230 1 17 0
3 94414 1016 3081 1 27 1
3 105274 1017 6165 1 33 1
3 160310 1021 3511 1 26 1
3 170805 1021 1819 1 4 0
3 146645 1023 1515 1 40 0
3 127052 1024 3178 1 15 0
3 77337 1030 3527 1 44 0
3 76974 1037 3165 1 8 0
3 151872 1038 3697 1 34 1
3 73034 1042 4158 1 27 1
3 177144 1044 10007 1 7 0
3 76768 1045 4136 1 3 1
3 153917 1050 2187 1 26 1
3 179763 1051 10732 1 50 0
3 89351 1055 3470 1 18 0
3 161507 1056 9287 1 27 0
3 100661 1057 3826 1 31 1
3 173678 1060 5515 1 26 0
3 153104 1062 5520 1 29 1
3 168627 1062 7376 1 35 0
3 136924 1062 5497 1 4 1
3 123946 1065 275 1 1 0
3 99504 1067 5600 1 38 1
3 161689 1068 3602 1 51 0
3 129111 1072 1812 1 7 0
3 172800 1074 9314 1 20 1
3 146283 1074 5021 1 27 1
3 87474 1074 1897 1 25 0
3 132807 1076 7560 1 9 1
3 130738 1077 6646 1 19 1
3 139569 1080 2869 1 22 0
3 77823 1083 4192 1 35 0
3 96735 1083 4449 1 3 1
3 75636 1084 1595 1 29 0
3 152202 1089 1977 1 15 0
3 145402 1090 3692 1 51 0
3 97259 1090 4193 1 39 1
3 142143 1092 3827 1 16 0
3 83991 1092 2666 1 22 0
3 161563 1093 6297 1 9 1
3 104347 1102 2914 1 50 1
3 126900 1103 7608 1 48 1
3 130404 1109 6672 1 47 1
3 135712 1111 3971 1 6 0
3 167917 1113 1103 1 30 0
3 94085 1115 1333 1 50 1
3 110628 1117 5333 1 36 0
3 154864 1123 8294 1 14 0
3 135891 1124 3519 1 6 0
3 145485 1126 986 1 18 1
3 92558 1133 3239 1 35 1
3 98865 1137 3031 1 31 0
3 117776 1138 6076 1 25 0
3 127260 1138 5192 1 17 1
3 118644 1144 5291 1 38 0
3 139139 1145 4130 1 47 1
3 89122 1148 2063 1 51 1
3 127711 1152 6622 1 20 1
3 131999 1154 1117 1 19 1
3 117563 1154 1119 1 48 0
3 154278 1157 8083 1 46 1
3 141322 1158 1472 1 29 1
3 102107 1161 2970 1 2 1
3 123774 1166 3380 1 2 0
3 104726 1173 4880 1 29 1
3 103292 1178 5385 1 44 0
3 156125 1179 5045 1 51 1
3 145442 1180 4546 1 18 1
3 177590 1183 2117 1 1 0
3 151766 1184 7290 1 44 0
3 109610 1186 5486 1 30 1
3 103903 1187 4341 1 21 1
3 91758 1188 230 1 6 1
3 131801 1188 3581 1 23 0
3 76235 1189 2020 1 50 0
3 94175 1195 1830 1 14 0
3 167782 1196 1036 1 13 1
3 64787 1198 1410 1 38 1
3 99648 1198 509 1 23 0
3 135215 1199 5645 1 36 0
3 161216 1201 7765 1 34 1
3 128052 1203 6959 1 5 1
3 153289 1205 3204 1 33 0
3 79003 1207 750 1 15 0
3 128828 1208 6083 1 36 0
3 85051 1211 173 1 13 0
3 94197 1212 1076 1 7 0
3 103370 1215 1097 1 11 1
3 123107 1216 1040 1 31 0
3 140671 1220 7411 1 12 0
3 144416 1223 8040 1 30 0
3 62029 1225 3548 1 35 1
3 94470 1226 4782 1 25 0
3 148961 1229 7399 1 33 0
3 99920 1232 1341 1 30 0
3 139398 1234 3328 1 18 0
3 109203 1240 5954 1 29 0
3 166928 1244 8589 1 43 1
3 102436 1249 5535 1 9 1
3 67669 1258 494 1 7 1
3 148665 1261 2791 1 19 0
3 154973 1262 8525 1 11 0
3 97628 1262 5578 1 33 1
3 114666 1267 1523 1 10 0
3 170139 1267 7911 1 7 1
3 76199 1271 1980 1 39 1
3 120885 1273 3001 1 1 1
3 167477 1273 2148 1 46 0
3 159611 1274 3627 1 45 0
3 150683 1275 3105 1 27 0
3 85436 1278 4819 1 43 0
3 128620 1283 7096 1 14 1
3 132895 1284 3400 1 1 0
3 70842 1286 3110 1 29 1
3 170874 1288 9309 1 35 0
3 100422 1288 5000 1 28 1
3 77276 1292 3524 1 24 1
3 175173 1294 2802 1 32 1
3 179615 1302 1882 1 3 0
3 150176 1304 2626 1 12 0
3 81095 1308 1119 1 51 0
3 78679 1311 3430 1 36 0
3 111674 1311 3280 1 2 1
3 137237 1312 6874 1 40 1
3 169797 1314 1229 1 49 1
3 72356 1316 440 1 48 0
3 70924 1317 1409 1 36 1
3 96323 1317 3882 1 35 1
3 81097 1321 1429 1 2 1
3 64587 1323 1861 1 4 1
3 124664 1324 6164 1 22 1
3 81063 1326 4256 1 22 0
3 68803 1327 2232 1 1 1
3 67943 1330 2347 1 22 1
3 157485 1330 3892 1 19 0
3 102161 1334 4450 1 37 1
3 160449 1338 1131 1 37 1
3 74346 1338 1975 1 26 0
3 92468 1339 3429 1 46 0
3 176931 1341 10092 1 27 0
3 141455 1352 5719 1 31 0
3 76993 1352 3327 1 26 0
3 155939 1354 1382 1 31 1
3 98913 1357 818 1 26 0
3 179738 1359 1815 1 2 0
3 78868 1359 3310 1 36 1
3 107997 1360 1029 1 33 1
3 121670 1367 5782 1 8 1
3 89214 1368 1846 1 24 0
3 138376 1377 660 1 30 0
3 173351 1378 6131 1 5 0
3 76506 1382 1375 1 23 1
3 133373 1382 4780 1 30 1
3 67293 1389 320 1 24 1
3 76740 1390 2728 1 40 0
3 149166 1391 2350 1 3 1
3 138259 1396 2515 1 49 0
3 162622 1397 9071 1 16 0
3 149740 1397 3042 1 22 1
3 73373 1398 1968 1 18 0
3 77205 1404 4308 1 3 0
3 103435 1407 2757 1 29 0
3 150605 1415 1132 1 40 0
3 100248 1415 2895 1 43 1
3 172989 1419 8028 1 29 1
3 178665 1420 10341 1 22 0
3 143553 1422 3679 1 22 1
3 110305 1422 4171 1 39 0
3 94086 1423 2978 1 49 0
3 130238 1435 5773 1 26 1
3 62819 1436 955 1 41 1
3 165784 1439 8532 1 20 1
3 77810 1440 493 1 5 0
3 105232 1448 4445 1 6 1
3 141390 1450 4929 1 20 1
3 129613 1454 4812 1 28 1
3 89829 1459 636 1 46 0
3 75205 1460 2328 1 49 0
3 95363 1462 4318 1 21 0
3 162885 1463 795 1 33 0
3 91016 1464 846 1 38 1
3 87027 1468 5176 1 46 1
3 96830 1469 2365 1 19 1
3 104549 1472 674 1 41 0
3 150583 1473 3247 1 46 0
3 69590 1474 2031 1 21 0
3 123141 1477 7285 1 6 1
3 79422 1477 150 1 40 0
3 130682 1479 3192 1 48 0
3 99288 1479 5114 1 39 1
3 120588 1481 649 1 47 0
3 148868 1486 4529 1 35 1
3 70122 1490 2555 1 36 0
3 127957 1492 5247 1 2 0
3 145837 1494 4728 1 2 1
3 71479 1497 1265 1 26 1
3 112173 1498 261 1 26 1
3 106442 1500 6138 1 20 1
3 134064 1502 6075 1 17 0
3 98215 1504 2105 1 33 0
3 108917 1506 3762 1 8 0
3 61251 1508 616 1 40 1
3 150474 1510 1061 1 13 1
3 159558 1512 6090 1 12 0
3 72169 1512 1637 1 12 0
3 173451 1515 6442 1 30 0
3 161543 1519 8743 1 40 0
3 131288 1524 6602 1 17 0
3 63198 1526 3063 1 38 1
3 80660 1526 2335 1 46 1
3 159617 1527 6494 1 43 1
3 141102 1529 6100 1 14 0
3 92369 1529 1257 1 14 0
3 178618 1531 10050 1 34 0
3 133577 1537 4450 1 22 1
3 176601 1540 310 1 7 0
3 82017 1544 4282 1 50 1
3 128243 1545 536 1 15 0
3 79554 1547 1003 1 21 0
3 127994 1548 7520 1 15 1
3 168411 1552 10083 1 43 0
3 63829 1552 2089 1 29 0
3 165045 1554 5012 1 21 1
3 96580 1559 2674 1 40 1
3 144739 1563 6540 1 45 0
3 60496 1569 1288 1 1 1
3 153060 1572 4595 1 42 0
3 72644 1574 121 1 42 0
3 160322 1575 8016 1 26 1
3 83542 1578 1734 1 34 0
3 72097 1583 783 1 1 1
3 174467 1584 4373 1 1 1
3 175126 1585 5627 1 15 1
3 123323 1586 2508 1 17 0
3 110000 1586 4434 1 28 1
3 157623 1587 848 1 10 1
3 97000 1589 2190 1 42 1
3 161423 1592 7630 1 44 0
3 85995 1593 1174 1 5 0
3 173569 1596 9961 1 5 1
3 118563 1596 3351 1 33 0
3 109453 1597 5927 1 34 1
3 119216 1600 739 1 20 0
3 63156 1603 3553 1 34 0
3 155196 1607 6770 1 32 0
3 140551 1608 2851 1 11 0
3 160397 1610 4149 1 20 1
3 171426 1610 4456 1 1 0
3 134899 1611 699 1 9 1
3 75475 1611 1719 1 35 1
3 113861 1612 3848 1 47 1
3 147093 1612 5832 1 7 0
3 169848 1614 5504 1 49 1
3 154853 1617 6353 1 17 0
3 94911 1622 2819 1 25 0
3 84286 1624 4561 1 47 1
3 144792 1624 6509 1 16 0
3 146483 1632 1916 1 10 0
3 74992 1633 2567 1 37 1
3 96568 1636 336 1 33 1
3 162223 1637 8219 1 4 1
3 140635 1637 6781 1 43 0
3 137244 1638 4493 1 20 1
3 127946 1641 2417 1 18 0
3 117339 1643 3416 1 44 1
3 157478 1647 3163 1 31 0
3 160706 1648 9151 1 36 0
3 102721 1648 963 1 46 1
3 146827 1655 2084 1 49 1
3 102284 1656 2789 1 40 0
3 139251 1658 5161 1 38 0
3 160961 1659 214 1 25 1
3 62204 1662 1125 1 24 0
3 74566 1665 3747 1 15 0
3 162744 1665 5669 1 50 1
3 86465 1666 3699 1 48 0
3 80850 1671 1854 1 44 1
3 121364 1674 4296 1 1 0
3 167500 1675 1285 1 6 0
3 62972 1680 1688 1 12 0
3 151459 1685 6874 1 50 0
3 178692 1687 10372 1 47 0
3 158499 1688 645 1 23 1
3 83165 1689 267 1 13 0
3 84999 1692 1459 1 2 1
3 74074 1696 4393 1 24 1
3 174215 1698 6850 1 31 1
3 62186 1699 3536 1 34 1
3 138957 1702 4856 1 38 0
3 127761 1705 2070 1 25 1
3 83577 1706 2899 1 17 0
3 75908 1708 2174 1 7 0
3 89501 1709 4729 1 37 0
3 118929 1713 227 1 50 0
3 71694 1713 2638 1 8 0
3 79421 1717 480 1 43 1
3 153540 1721 1893 1 10 0
3 161957 1722 1155 1 48 1
3 93098 1727 5196 1 28 1
3 122208 1727 1945 1 22 0
3 72919 1731 387 1 13 0
3 144119 1740 6421 1 51 1
3 134442 1742 7378 1 37 1
3 121448 1742 2857 1 27 0
3 132465 1742 2209 1 45 0
3 110595 1745 1955 1 35 1
3 89178 1747 2588 1 35 1
3 97117 1753 3398 1 16 1
3 169008 1754 7157 1 7 1
3 172714 1759 6439 1 7 0
3 162958 1760 822 1 5 0
3 123245 1763 6017 1 11 0
3 89153 1766 1552 1 11 1
3 140653 1766 6877 1 40 0
3 104893 1767 5708 1 7 0
3 116406 1768 4623 1 20 0
3 133505 1769 2376 1 1 1
3 64516 1774 1579 1 21 1
3 107009 1775 3317 1 13 1
3 143062 1777 5840 1 1 1
3 78921 1781 4241 1 49 1
3 125482 1786 2997 1 37 1
3 82834 1792 2235 1 10 0
3 106042 1793 2825 1 20 1
3 145381 1793 3159 1 26 1
3 124167 1794 3243 1 40 0
3 128066 1799 2263 1 18 1
3 150585 1799 5293 1 20 1
3 152595 1800 1999 1 19 0
3 83156 1801 1948 1 25 1
3 101387 1804 4141 1 5 1
3 79918 1806 4514 1 45 0
3 80664 1807 914 1 15 0
3 62984 1808 2743 1 44 0
3 92454 1813 3719 1 17 0
3 81810 1815 4083 1 10 0
3 101661 1820 4887 1 25 0
3 112818 1822 2383 1 10 0
3 128578 1822 5020 1 38 1
3 140179 1825 8085 1 17 0
3 152377 1826 8547 1 10 0
3 127476 1828 6194 1 2 0
3 61628 1829 791 1 10 0
3 63982 1831 3804 1 50 1
3 163235 1836 5354 1 14 1
3 170029 1836 4373 1 36 0
3 81795 1844 210 1 47 0
3 124696 1844 2008 1 37 0
3 131121 1847 6980 1 22 0
3 142474 1847 2321 1 25 0
3 143041 1849 6264 1 31 0
3 141290 1850 593 1 10 1
3 113844 1852 2061 1 46 0
3 86346 1853 1744 1 36 1
3 158593 1863 6038 1 42 0
3 104043 1864 4515 1 50 1
3 123661 1865 275 1 8 0
3 108317 1874 264 1 38 0
3 150964 1876 2096 1 24 1
3 163818 1879 3523 1 38 1
3 149349 1880 3165 1 29 1
3 105322 1884 3819 1 32 1
3 144613 1884 4365 1 33 0
3 108275 1885 2960 1 51 1
3 152477 1891 595 1 49 0
3 64515 1891 2449 1 16 1
3 141797 1895 6165 1 32 0
3 70339 1896 1405 1 48 0
3 144660 1898 7230 1 12 0
3 90580 1899 3750 1 38 1
3 140391 1899 4991 1 39 1
3 60966 1904 3438 1 44 0
3 138692 1905 4968 1 10 0
3 126476 1914 418 1 6 1
3 70242 1914 271 1 4 1
3 113764 1915 601 1 26 1
3 128113 1916 539 1 29 1
3 88353 1920 1487 1 29 0
3 66209 1924 3294 1 48 1
3 88911 1925 4472 1 38 0
3 135335 1928 3268 1 2 1
3 60449 1930 3355 1 31 1
3 170123 1932 1277 1 24 1
3 154855 1936 2636 1 28 0
3 67725 1937 965 1 15 1
3 95830 1937 669 1 19 0
3 154453 1945 969 1 16 0
3 139643 1946 4271 1 32 0
3 95788 1952 2766 1 23 0
3 104416 1953 3105 1 21 0
3 78605 1955 1616 1 27 1
3 64512 1956 623 1 6 1
3 140481 1959 7597 1 8 0
3 159366 1960 4080 1 19 0
3 151303 1975 8215 1 13 0
3 148640 1979 8232 1 12 1
3 156188 1980 7515 1 4 0
3 66899 1986 3481 1 17 0
3 124764 1988 4663 1 6 1
3 140970 1993 5400 1 39 0
3 118523 1994 626 1 49 0
3 94866 2000 2055 1 21 1
3 124079 2000 250 1 39 0
3 129189 2002 2127 1 47 0
3 106151 2003 236 1 14 0
3 169025 2004 6850 1 6 1
3 71260 2008 2025 1 48 1
3 144871 2010 6900 1 34 1
3 112011 2019 1191 1 46 0
3 140351 2024 5489 1 14 1
3 104643 2024 6266 1 26 0
3 106311 2027 4683 1 5 1
3 63639 2028 1981 1 39 0
3 172139 2031 9038 1 44 0
3 95512 2032 2928 1 18 1
3 136367 2044 690 1 38 1
3 92706 2046 1408 1 23 1
3 114401 2057 2969 1 27 0
3 85631 2058 2865 1 8 0
3 176531 2060 955 1 4 0
3 114423 2063 3416 1 27 1
3 167048 2065 2271 1 25 0
3 164736 2068 6571 1 22 1
3 159657 2069 6442 1 8 1
3 143604 2072 4343 1 28 0
3 136492 2073 4753 1 20 1
3 108760 2073 145 1 41 1
3 170213 2075 2183 1 10 1
3 163220 2077 3240 1 46 1
3 72484 2081 1727 1 24 0
3 137911 2087 3285 1 41 0
3 174181 2094 6908 1 35 0
3 168870 2096 5370 1 25 0
3 103453 2096 3021 1 44 1
3 88138 2102 443 1 23 0
3 104376 2104 1034 1 6 1
3 106564 2109 3581 1 37 0
3 79566 2111 4218 1 10 1
3 152312 2115 7346 1 50 1
3 104203 2118 3555 1 3 0
3 133497 2121 3215 1 9 1
3 69489 2122 3541 1 16 0
3 89476 2122 2886 1 20 1
3 157213 2123 2789 1 33 0
3 118508 2125 2650 1 5 0
3 121395 2125 2969 1 2 1
3 67281 2126 765 1 27 1
3 155439 2126 8519 1 48 1
3 66280 2130 3232 1 37 0
3 93767 2131 1176 1 48 1
3 89450 2131 3615 1 45 1
3 78902 2131 4076 1 18 1
3 74134 2135 3673 1 40 0
3 140993 2139 164 1 35 1
3 88194 2141 2220 1 50 0
3 103661 2141 836 1 25 1
3 111149 2144 1164 1 36 0
3 101240 2144 3877 1 1 1
3 93992 2145 4487 1 21 0
3 175660 2146 4957 1 43 1
3 93160 2146 5137 1 41 1
3 161859 2148 9321 1 25 0
3 168667 2150 8470 1 38 1
3 147805 2150 556 1 27 1
3 69649 2151 190 1 1 1
3 102084 2151 5831 1 19 0
3 169798 2151 2517 1 21 1
3 70289 2153 149 1 10 0
3 78830 2154 1938 1 6 1
3 117804 2157 2601 1 13 0
3 103315 2157 248 1 7 0
3 71888 2162 3205 1 33 1
3 128602 2166 6048 1 21 1
3 172632 2166 1487 1 25 1
3 177634 2166 5506 1 38 0
3 140304 2167 3750 1 25 0
3 124945 2168 1225 1 47 0
3 167684 2168 4421 1 42 1
3 129068 2169 2956 1 40 0
3 78449 2173 635 1 45 1
3 64908 2183 2048 1 31 0
3 115418 2188 3051 1 13 0
3 139391 2191 7149 1 26 0
3 68304 2198 2100 1 4 1
3 111149 2201 5475 1 34 0
3 134040 2203 7030 1 48 0
3 124935 2204 3772 1 4 0
3 142243 2209 8030 1 49 0
3 159578 2211 9137 1 25 0
3 100230 2215 6010 1 32 0
3 108118 2216 5795 1 7 1
3 175559 2216 5792 1 44 1
3 154196 2216 5491 1 45 0
3 99889 2220 3281 1 37 0
3 65610 2220 3249 1 29 1
3 135799 2224 2324 1 35 1
3 67647 2228 3210 1 12 1
3 72484 2228 3769 1 2 0
3 129286 2229 2225 1 22 1
3 109695 2232 2272 1 1 1
3 160339 2234 6579 1 9 0
3 120407 2242 3579 1 18 0
3 101204 2243 5372 1 24 1
3 154953 2246 6218 1 15 0
3 129160 2247 847 1 35 0
3 123649 2250 3685 1 14 1
3 94930 2252 4245 1 42 1
3 102264 2253 4885 1 8 0
3 93594 2257 4440 1 15 1
3 120475 2259 7224 1 17 1
3 151320 2261 2558 1 8 0
3 131074 2269 3754 1 40 1
3 64993 2274 2231 1 27 0
3 96757 2276 3128 1 18 1
3 151150 2279 7057 1 50 1
3 90590 2279 90 1 20 1
3 136727 2279 6681 1 24 0
3 170435 2282 2567 1 10 1
3 71122 2287 3364 1 42 1
3 75914 2288 3822 1 1 0
3 175275 2288 4101 1 2 0
3 88957 2296 107 1 6 1
3 133605 2298 5876 1 28 1
3 170799 2298 1114 1 29 1
3 134012 2300 3729 1 20 0
3 100872 2306 5282 1 38 1
3 92663 2306 1384 1 4 1
3 83027 2307 686 1 51 0
3 135003 2308 4394 1 25 0
3 117114 2311 621 1 32 0
3 130035 2314 3708 1 48 1
3 70602 2318 1288 1 28 0
3 144574 2318 1527 1 41 1
3 143146 2324 3941 1 11 1
3 74801 2326 3400 1 32 1
3 87205 2326 1267 1 26 1
3 135806 2326 357 1 3 0
3 137080 2328 359 1 31 0
3 149827 2330 3419 1 15 0
3 167272 2335 2895 1 10 0
3 71440 2337 1856 1 46 1
3 163383 2339 3245 1 1 1
3 72239 2339 1122 1 14 0
3 111252 2341 2896 1 25 0
3 162406 2343 3290 1 23 1
3 162697 2343 6225 1 37 0
3 60253 2345 1390 1 29 1
3 62332 2346 471 1 39 0
3 115713 2347 5259 1 1 0
3 75921 2347 985 1 34 0
3 119133 2356 4876 1 32 0
3 162887 2356 3306 1 44 1
3 67116 2357 811 1 39 1
3 80108 2357 1949 1 4 1
3 61018 2367 338 1 12 0
3 107494 2371 6113 1 4 1
3 171455 2372 7722 1 9 0
3 151100 2372 1460 1 44 0
3 108011 2375 2222 1 28 1
3 97865 2375 2961 1 11 1
3 127220 2376 5654 1 19 0
3 108375 2376 678 1 25 0
3 164484 2378 2155 1 5 1
3 79967 2382 1759 1 33 0
3 65299 2383 3304 1 11 1
3 96247 2384 309 1 51 1
3 150117 2384 2446 1 6 1
3 143024 2385 3036 1 26 1
3 168861 2385 9273 1 36 0
3 68252 2385 1254 1 21 0
3 157619 2389 5028 1 25 1
3 101956 2395 2008 1 50 1
3 87870 2397 524 1 34 0
3 160139 2406 3526 1 20 0
3 167552 2406 8248 1 22 0
3 71553 2410 2979 1 44 0
3 81602 2410 869 1 43 1
3 63426 2415 2053 1 11 1
3 121001 2424 4742 1 44 1
3 170187 2427 9022 1 36 0
3 68316 2428 1824 1 44 1
3 170736 2428 7099 1 46 0
3 73901 2438 985 1 16 1
3 126104 2438 7032 1 37 1
3 134331 2442 616 1 31 0
3 167118 2444 10023 1 28 0
3 80791 2444 1953 1 21 0
3 65298 2451 1225 1 49 1
3 179703 2455 8906 1 22 0
3 101263 2455 4604 1 34 1
3 79350 2455 1425 1 19 0
3 102932 2456 3053 1 16 0
3 174279 2458 8535 1 41 0
3 111288 2461 1978 1 25 0
3 158948 2461 8110 1 46 1
3 128070 2463 3353 1 14 0
3 176886 2463 8041 1 50 1
3 62015 2464 310 1 40 1
3 167854 2466 2378 1 32 0
3 157027 2467 1964 1 45 1
3 120165 2469 245 1 7 1
3 164236 2471 4859 1 4 1
3 102567 2472 4302 1 49 1
3 169489 2472 1078 1 48 0
3 93561 2473 2584 1 7 1
3 147612 2474 2759 1 15 0
3 159098 2474 3299 1 14 0
3 156802 2476 4418 1 43 1
3 150739 2478 8148 1 10 0
3 74326 2480 1185 1 39 1
3 72002 2480 1494 1 48 1
3 79359 2482 1767 1 1 0
3 119495 2485 1818 1 26 1
3 115316 2488 5015 1 3 0
3 143438 2498 2404 1 47 1
3 96905 2499 3255 1 6 0
3 162789 2506 8140 1 21 1
3 149782 2507 542 1 10 1
3 171073 2508 547 1 20 1
3 147167 2514 2579 1 13 0
3 103396 2514 2401 1 14 1
3 109874 2524 4554 1 29 1
3 82153 2525 568 1 20 1
3 108632 2526 748 1 20 1
3 102910 2531 807 1 4 1
3 73325 2535 3421 1 39 1
3 166507 2540 4540 1 10 1
3 117513 2544 3051 1 15 1
3 163648 2550 2618 1 49 1
3 60177 2550 1266 1 4 1
3 163725 2552 7929 1 5 0
3 144871 2554 7274 1 27 1
3 136501 2559 2295 1 42 0
3 162038 2565 1692 1 10 1
3 144411 2567 8197 1 51 0
3 93763 2572 2548 1 10 0
3 79984 2576 4673 1 13 0
3 81639 2582 3287 1 34 0
3 120087 2583 666 1 46 0
3 69804 2585 3483 1 22 0
3 87755 2588 4854 1 28 0
3 100302 2590 3730 1 18 0
3 133598 2593 3856 1 6 1
3 85305 2597 1143 1 19 0
3 175362 2600 7896 1 9 1
3 165473 2601 1636 1 15 0
3 146839 2603 8794 1 40 1
3 138931 2611 5922 1 33 0
3 162336 2611 4847 1 19 0
3 138740 2611 6871 1 27 1
3 149554 2612 3289 1 36 0
3 106271 2612 1075 1 39 0
3 165315 2612 1570 1 51 1
3 152075 2615 8179 1 38 0
3 147380 2617 7653 1 5 1
3 135056 2620 5900 1 29 1
3 103047 2621 3906 1 37 1
3 174948 2621 2848 1 42 0
3 113346 2621 3300 1 3 1
3 123370 2621 5260 1 37 1
3 112221 2624 172 1 33 1
3 140103 2627 962 1 14 0
3 96282 2628 908 1 45 0
3 139105 2632 363 1 7 0
3 81731 2637 97 1 39 0
3 135544 2643 2588 1 44 1
3 148625 2656 6732 1 49 0
3 168675 2657 5617 1 40 0
3 158145 2659 7246 1 7 1
3 96225 2659 3981 1 31 1
3 81100 2664 3888 1 33 0
3 159623 2666 9245 1 5 1
3 72896 2669 2036 1 17 0
3 60022 2672 738 1 16 0
3 131720 2672 4708 1 9 1
3 154985 2676 9158 1 15 1
3 85047 2677 2270 1 19 0
3 90530 2678 2723 1 35 0
3 146807 2682 1415 1 15 1
3 104599 2685 4611 1 28 1
3 153590 2686 3522 1 21 1
3 97286 2686 5766 1 11 1
3 157152 2687 7851 1 34 0
3 94934 2687 2688 1 46 1
3 151256 2690 3641 1 43 1
3 134291 2691 4647 1 18 1
3 125693 2692 4797 1 15 1
3 176267 2692 3803 1 50 1
3 170837 2694 6717 1 17 0
3 147444 2696 292 1 19 1
3 179121 2696 4832 1 31 0
3 167774 2697 913 1 14 1
3 174860 2698 9271 1 44 0
3 88915 2700 194 1 37 0
3 178554 2701 1373 1 50 1
3 70210 2705 3208 1 45 1
3 94147 2707 5284 1 6 1
3 150502 2709 5360 1 29 0
3 172063 2713 2783 1 38 0
3 128095 2713 3200 1 49 0
3 145806 2714 7981 1 23 0
3 150842 2715 675 1 6 1
3 139875 2722 2524 1 42 1
3 150528 2722 3922 1 11 0
3 135819 2722 3130 1 12 1
3 116587 2723 6409 1 24 0
3 102830 2723 969 1 45 0
3 124255 2726 1593 1 26 1
3 164643 2726 5915 1 39 0
3 67674 2729 3839 1 4 0
3 96841 2732 3173 1 28 1
3 107553 2733 2725 1 17 1
3 83794 2735 965 1 44 0
3 67912 2736 1686 1 32 0
3 167355 2739 329 1 27 0
3 97717 2742 709 1 40 1
3 129289 2743 6819 1 20 1
3 104001 2747 3124 1 3 1
3 141003 2747 7529 1 21 0
3 68132 2747 3425 1 21 1
3 100182 2748 4448 1 28 0
3 99069 2749 4910 1 14 0
3 91514 2752 4914 1 21 1
3 121259 2754 6285 1 28 1
3 119714 2756 7115 1 15 0
3 130961 2760 1248 1 6 0
3 100193 2761 631 1 47 0
3 64264 2761 3369 1 17 1
3 66105 2762 1616 1 23 0
3 94268 2768 2897 1 42 1
3 90498 2771 1962 1 7 1
3 129677 2771 508 1 5 1
3 105320 2773 261 1 3 0
3 89930 2774 3101 1 51 1
3 163689 2774 8529 1 8 1
3 135801 2775 407 1 20 1
3 164688 2775 9839 1 19 0
3 137581 2781 2827 1 25 1
3 172002 2784 2803 1 11 1
3 122805 2787 4544 1 4 1
3 106062 2787 166 1 49 1
3 77244 2787 666 1 39 0
3 130175 2787 5201 1 9 1
3 134140 2791 526 1 33 0
3 175273 2791 4316 1 7 0
3 89841 2794 1168 1 19 0
3 82486 2801 4443 1 14 0
3 75375 2805 1899 1 51 1
3 123201 2805 4081 1 45 0
3 161660 2807 9297 1 19 1
3 111098 2807 5287 1 48 1
3 154280 2815 2837 1 1 0
3 104015 2824 570 1 39 0
3 150007 2826 1084 1 12 1
3 80875 2827 1651 1 29 1
3 178835 2833 9582 1 3 1
3 107141 2834 5448 1 46 1
3 87861 2840 5007 1 4 1
3 169903 2842 3509 1 42 1
3 168006 2842 2971 1 5 1
3 135891 2848 2905 1 33 0
3 90996 2849 1941 1 43 1
3 80491 2856 3379 1 1 1
3 143379 2866 6739 1 48 1
3 102323 2867 1838 1 34 0
3 147397 2869 4065 1 21 0
3 138904 2870 7775 1 24 0
3 115666 2872 4747 1 5 1
3 89337 2877 354 1 27 0
3 104395 2879 3132 1 9 0
3 81252 2881 850 1 21 0
3 130654 2884 3712 1 31 1
3 117948 2886 1334 1 44 0
3 145199 2887 7104 1 26 1
3 150410 2887 373 1 32 0
3 83979 2889 4417 1 11 1
3 89299 2890 3421 1 14 0
3 122671 2891 3696 1 1 0
3 178325 2894 4811 1 50 0
3 155066 2900 8118 1 42 0
3 144000 2907 8639 1 38 1
3 75002 2909 3894 1 26 0
3 126281 2912 6215 1 8 0
3 86153 2919 294 1 27 0
3 150603 2920 3526 1 23 1
3 100769 2921 4837 1 28 0
3 159365 2922 6712 1 24 1
3 141565 2923 5168 1 2 1
3 173738 2924 6779 1 7 0
3 101046 2928 5238 1 49 1
3 93474 2928 1510 1 3 1
3 91232 2928 3699 1 33 0
3 171970 2929 9105 1 34 0
3 61614 2933 480 1 25 1
3 130243 2934 7071 1 7 1
3 128587 2938 3918 1 41 0
3 141585 2942 7776 1 14 1
3 67208 2944 2872 1 32 1
3 144427 2944 6534 1 29 1
3 125214 2946 4771 1 4 0
3 88600 2948 1605 1 43 1
3 111527 2950 359 1 49 1
3 71348 2952 1431 1 11 1
3 107186 2955 1506 1 35 0
3 116805 2957 5205 1 48 0
3 130620 2961 146 1 20 1
3 151972 2964 3199 1 30 0
3 177422 2966 2438 1 22 1
3 92614 2967 1927 1 13 0
3 62113 2968 1837 1 4 0
3 154670 2968 8964 1 24 0
3 106312 2971 621 1 17 1
3 141475 2975 6552 1 17 0
3 79944 2979 131 1 12 0
3 156770 2979 8989 1 45 0
3 64030 2983 2350 1 37 0
3 139296 2983 3953 1 46 0
3 98117 2985 4035 1 6 0
3 178270 2987 4980 1 17 1
3 75123 2988 1510 1 25 1
3 106286 2994 4007 1 32 0
3 128216 2995 306 1 23 1
3 138372 2996 1614 1 45 0
3 76676 2997 999 1 10 1
3 154538 2998 5842 1 11 1
3 175485 2998 8923 1 32 0
3 66817 3000 236 1 8 0
3 126085 3001 7134 1 43 1
3 172871 3001 6414 1 33 0
3 64161 3002 2258 1 38 1
3 178515 3009 9727 1 10 1
3 120120 3009 6651 1 46 0
3 140696 3009 6188 1 49 0
3 116394 3011 5699 1 31 1
3 172895 3013 8986 1 20 1
3 150955 3015 7107 1 5 1
3 104482 3015 3846 1 11 1
3 163092 3016 9183 1 47 0
3 67568 3026 226 1 37 1
3 98132 3031 555 1 47 1
3 91383 3032 4479 1 46 0
3 108130 3032 4008 1 15 0
3 122840 3035 2525 1 19 0
3 155652 3037 8025 1 36 1
3 172526 3038 6544 1 45 0
3 168627 3041 10108 1 29 0
3 153867 3044 8345 1 31 0
3 128590 3044 1953 1 43 1
3 126304 3045 2085 1 13 1
3 94779 3048 3608 1 14 1
3 178061 3057 4396 1 3 1
3 78668 3062 451 1 28 0
3 132093 3063 1054 1 37 0
3 173080 3069 6132 1 8 0
3 69269 3069 920 1 16 1
3 130344 3072 5995 1 43 0
3 136392 3074 8077 1 37 1
3 173235 3074 5699 1 44 1
3 102599 3078 4428 1 21 1
3 156594 3079 9212 1 34 0
3 92821 3081 453 1 8 0
3 101617 3084 195 1 33 1
3 162708 3085 322 1 27 1
3 118698 3086 1817 1 24 1
3 105325 3090 3483 1 29 1
3 95776 3091 1557 1 7 0
3 142527 3092 3212 1 48 0
3 160532 3093 4387 1 25 1
3 129733 3099 693 1 3 1
3 93549 3103 2353 1 36 0
3 146999 3103 8721 1 17 1
3 131845 3104 7163 1 26 1
3 173015 3104 6544 1 23 0
3 130537 3106 2556 1 15 0
3 161174 3106 2269 1 26 0
3 98478 3110 3200 1 29 0
3 170823 3112 9794 1 36 0
3 118510 3114 6396 1 24 0
3 88273 3115 2586 1 38 0
3 100104 3118 479 1 25 0
3 94191 3119 4505 1 8 0
3 113075 3119 4588 1 4 0
3 123802 3120 6136 1 21 1
3 91816 3120 573 1 9 1
3 161899 3125 2118 1 47 0
3 149346 3127 1194 1 50 1
3 112549 3135 2396 1 44 0
3 82383 3140 4361 1 20 1
3 86174 3141 3456 1 39 1
3 107220 3144 2340 1 15 1
3 179825 3147 5785 1 39 0
3 130164 3147 142 1 35 1
3 176538 3150 8568 1 47 1
3 112060 3153 4194 1 3 1
3 121816 3155 5932 1 14 0
3 146566 3160 5395 1 14 0
3 140246 3171 929 1 38 1
3 86583 3175 4694 1 15 1
3 169104 3178 6474 1 36 0
3 81942 3179 2685 1 39 0
3 141504 3180 3059 1 30 1
3 102128 3182 2370 1 6 1
3 64593 3184 2488 1 49 1
3 158839 3185 4761 1 33 1
3 146547 3186 1429 1 22 0
3 103744 3187 2159 1 14 1
3 90324 3188 4310 1 46 0
3 86891 3190 1051 1 17 0
3 151457 3191 6854 1 47 0
3 96230 3191 1497 1 43 0
3 70226 3192 3731 1 40 0
3 112559 3195 6070 1 49 1
3 127091 3196 466 1 7 0
3 140508 3203 1867 1 36 1
3 127007 3208 267 1 41 1
3 142035 3212 569 1 27 0
3 142027 3212 4570 1 39 1
3 109052 3213 4701 1 44 1
3 124435 3214 348 1 26 0
3 108999 3216 4342 1 2 1
3 106574 3218 6320 1 36 0
3 72709 3231 2572 1 33 0
3 139650 3232 3210 1 35 0
3 101731 3233 918 1 1 1
3 150250 3233 1799 1 14 1
3 120225 3235 1568 1 46 1
3 162423 3236 4722 1 8 0
3 170554 3239 6646 1 3 1
3 171780 3239 8152 1 17 0
3 160757 3240 9436 1 6 0
3 88185 3241 3357 1 48 0
3 159553 3245 6379 1 42 0
3 177548 3257 1612 1 12 1
3 138287 3262 7754 1 11 0
3 140194 3264 3077 1 18 0
3 108287 3267 2935 1 8 1
3 113171 3268 2622 1 32 1
3 112210 3270 2161 1 17 1
3 138419 3270 2965 1 30 1
3 161583 3271 7030 1 1 0
3 155550 3277 2403 1 31 1
3 80377 3282 456 1 27 0
3 111333 3286 2246 1 19 0
3 85762 3293 2299 1 45 1
3 149323 3297 2046 1 51 0
3 176550 3299 7795 1 51 0
3 64513 3302 1560 1 44 0
3 64837 3305 2470 1 9 0
3 93727 3306 2743 1 24 1
3 100549 3306 5061 1 1 1
3 81625 3308 97 1 10 1
3 151255 3313 6220 1 10 1
3 122965 3317 4308 1 42 1
3 113261 3318 2837 1 6 1
3 150635 3319 7564 1 49 1
3 69109 3322 2795 1 33 0
3 159135 3324 5015 1 16 1
3 70134 3326 2914 1 15 0
3 92500 3327 4602 1 26 1
3 62652 3329 2702 1 26 1
3 159295 3335 3709 1 12 1
3 62071 3335 454 1 27 1
3 75316 3338 1034 1 46 0
3 85417 3340 4625 1 44 0
3 111958 3340 1185 1 6 1
3 77727 3349 3773 1 13 1
3 121606 3350 6610 1 33 1
3 120052 3350 2068 1 48 1
3 71196 3350 2906 1 27 1
3 162644 3352 3428 1 51 1
3 77088 3352 2019 1 39 1
3 91050 3356 827 1 13 1
3 121791 3360 4818 1 51 1
3 92771 3361 5087 1 12 1
3 80757 3363 2625 1 39 1
3 143718 3366 6275 1 27 0
3 135281 3368 3581 1 24 0
3 82778 3369 3159 1 24 0
3 81466 3371 3288 1 40 0
3 102644 3371 5425 1 40 0
3 171076 3372 5326 1 33 1
3 149142 3379 1179 1 15 0
3 167860 3390 7457 1 50 1
3 99916 3392 2317 1 2 0
3 141967 3392 292 1 6 0
3 106998 3393 4281 1 32 0
3 131346 3400 7480 1 27 1
3 90189 3400 1131 1 22 0
3 129045 3401 4848 1 19 1
3 146877 3402 1187 1 30 0
3 149505 3405 4725 1 35 1
3 120291 3408 3117 1 37 1
3 64795 3413 3372 1 28 0
3 161103 3414 2724 1 25 0
3 136239 3417 5173 1 33 0
3 148204 3419 747 1 8 0
3 102107 3430 2526 1 10 0
3 154866 3431 4655 1 10 0
3 116553 3431 245 1 31 1
3 100287 3431 2687 1 7 1
3 69470 3435 625 1 34 0
3 67543 3440 3888 1 49 1
3 121348 3440 4701 1 30 0
3 106730 3444 3991 1 39 0
3 110555 3445 6571 1 8 1
3 100313 3445 2711 1 18 1
3 75587 3448 3622 1 21 0
3 70641 3449 3931 1 34 1
3 168600 3449 966 1 40 1
3 63069 3451 805 1 17 0
3 155771 3454 561 1 7 0
3 124266 3456 3318 1 39 1
3 131375 3457 3288 1 1 1
3 175364 3458 9671 1 37 0
3 95270 3460 3158 1 34 0
3 111273 3466 723 1 12 0
3 146498 3468 7222 1 11 0
3 101253 3469 3501 1 48 1
3 164900 3473 7591 1 24 0
3 81166 3478 3721 1 37 1
3 173115 3479 4395 1 5 0
3 130575 3485 3990 1 36 1
3 98246 3485 1851 1 18 0
3 77539 3486 962 1 48 0
3 116492 3486 2826 1 50 1
3 109434 3487 874 1 47 0
3 81355 3487 2093 1 36 0
3 83688 3490 4454 1 22 1
3 160963 3491 8079 1 9 0
3 172713 3494 7141 1 21 1
3 110604 3495 3614 1 12 0
3 179301 3498 3950 1 28 0
3 65550 3500 3192 1 39 1
3 74026 3502 2557 1 33 0
3 101748 3502 2156 1 14 1
3 151453 3504 547 1 7 0
3 83783 3514 504 1 26 0
3 68955 3516 2083 1 43 1
3 115738 3517 2007 1 48 1
3 125136 3520 3805 1 40 1
3 99259 3521 330 1 51 1
3 84402 3521 4021 1 38 1
3 83001 3533 1704 1 48 0
3 74103 3539 1630 1 46 1
3 84645 3541 3957 1 20 0
3 118325 3543 2619 1 18 0
3 114512 3551 1487 1 33 1
3 168975 3551 2172 1 2 0
3 138109 3553 6627 1 22 0
3 170222 3553 6686 1 22 0
3 140356 3553 7656 1 20 0
3 148741 3558 1651 1 22 1
3 75083 3562 964 1 23 1
3 114827 3563 1325 1 6 0
3 95922 3563 1801 1 44 1
3 90477 3563 1851 1 34 0
3 155261 3569 3021 1 34 0
3 112840 3569 276 1 30 1
3 165435 3570 6654 1 26 1
3 116567 3570 1384 1 45 1
3 76107 3570 2687 1 39 0
3 118978 3572 3040 1 30 1
3 85229 3578 2213 1 17 0
3 95741 3579 2109 1 7 1
3 153908 3580 3423 1 38 0
3 115685 3581 6620 1 9 1
3 62756 3582 472 1 32 0
3 178158 3583 8996 1 10 1
3 95824 3586 5723 1 44 1
3 109829 3587 3751 1 11 1
3 156968 3588 6611 1 38 0
3 144872 3589 6669 1 19 0
3 100581 3591 5060 1 18 0
3 82130 3593 4275 1 1 1
3 170905 3594 1492 1 27 1
3 71523 3596 3260 1 1 0
3 172315 3597 403 1 31 1
3 133233 3598 298 1 36 1
3 97189 3599 1096 1 11 1
3 125212 3599 2883 1 31 0
