1500
30 126198 0 2942 1 37 0
30 109703 2 5727 1 33 1
30 116025 5 132 1 6 0
30 79843 5 4039 1 10 1
30 169384 7 10069 1 2 0
30 109811 9 934 1 32 1
30 155830 15 5406 1 29 1
30 80262 16 3458 1 43 1
30 168570 16 1793 1 44 1
30 161582 16 4573 1 30 0
30 171044 24 9366 1 37 0
30 160241 27 6376 1 50 0
30 134471 30 3863 1 9 1
30 166975 32 8479 1 12 0
30 149036 34 7991 1 17 1
30 64057 35 3146 1 50 1
30 96235 38 4361 1 23 0
30 63339 42 1876 1 3 0
30 150756 42 4791 1 39 1
30 64484 42 2664 1 12 0
30 87522 43 4270 1 33 1
30 118941 46 1640 1 16 1
30 150432 46 3893 1 30 1
30 81872 47 2311 1 50 1
30 76289 54 345 1 48 1
30 151399 54 2906 1 21 0
30 176390 57 9796 1 25 1
30 172397 58 7556 1 2 0
30 157449 61 2293 1 31 0
30 122958 72 5967 1 31 0
30 136829 82 3002 1 8 1
30 170810 89 6185 1 3 1
30 141164 98 7298 1 42 0
30 129071 98 2649 1 45 1
30 94012 100 4346 1 38 0
30 148144 107 867 1 37 0
30 71983 108 2186 1 9 0
30 99122 111 1718 1 9 0
30 157108 113 2923 1 9 1
30 124231 115 5716 1 31 1
30 71575 116 3808 1 30 0
30 89970 117 161 1 35 0
30 65886 127 3104 1 20 0
30 79741 130 4290 1 38 0
30 159624 131 1353 1 29 0
30 165408 132 3517 1 29 1
30 95664 134 2674 1 29 1
30 119861 135 5408 1 47 1
30 115855 141 2936 1 42 0
30 111608 143 1393 1 12 1
30 120516 153 476 1 7 1
30 74857 161 215 1 10 0
30 123466 162 6916 1 29 0
30 112836 164 932 1 33 1
30 151300 164 921 1 48 0
30 142519 167 4378 1 19 1
30 65608 170 165 1 35 1
30 100938 172 3109 1 41 0
30 83520 179 2728 1 26 0
30 167005 185 7051 1 49 0
30 133495 186 3062 1 14 1
30 115384 188 3555 1 32 0
30 105174 190 6078 1 26 0
30 103227 194 1598 1 47 1
30 155329 197 8414 1 50 0
30 146296 201 5827 1 12 0
30 106283 202 3054 1 22 0
30 89516 206 4473 1 19 0
30 61592 207 997 1 26 0
30 102540 208 639 1 50 1
30 67796 210 3326 1 4 0
30 106206 210 3888 1 35 1
30 165658 210 8236 1 11 0
30 126183 210 2816 1 11 0
30 146303 211 7473 1 33 1
30 71527 218 751 1 4 1
30 163758 218 4261 1 33 0
30 104456 227 4670 1 47 1
30 117963 228 2762 1 23 1
30 153641 228 6707 1 38 1
30 77754 233 3256 1 37 1
30 175655 233 5141 1 51 1
30 135527 237 870 1 49 1
30 126248 244 3252 1 16 1
30 161525 246 5067 1 6 0
30 83195 249 4234 1 51 1
30 144788 256 5514 1 38 1
30 179032 258 3933 1 49 0
30 130364 258 5561 1 18 1
30 89668 261 4849 1 15 1
30 97891 265 4633 1 2 0
30 70302 268 461 1 31 0
30 73643 270 3886 1 2 1
30 142534 271 5314 1 34 1
30 88343 271 2317 1 7 0
30 88164 271 1368 1 19 1
30 118993 275 3253 1 29 0
30 85297 278 3771 1 18 1
30 169210 279 3191 1 13 1
30 122993 282 7192 1 26 0
30 73504 285 3271 1 25 0
30 65895 286 2148 1 16 1
30 127094 286 3246 1 45 0
30 156222 288 1034 1 50 1
30 134827 289 3903 1 10 0
30 79322 293 1006 1 26 1
30 151138 293 2544 1 19 0
30 120790 298 2395 1 6 0
30 157331 300 2279 1 29 1
30 132381 303 3113 1 3 1
30 66360 303 1110 1 30 1
30 78884 304 1775 1 45 1
30 65512 306 352 1 17 0
30 114722 309 2398 1 35 1
30 106725 313 692 1 48 1
30 171882 316 197 1 10 1
30 112793 319 5488 1 11 0
30 168748 321 1162 1 46 1
30 123609 322 7381 1 31 1
30 148044 329 6559 1 51 1
30 141743 330 6278 1 21 0
30 146870 330 2545 1 25 1
30 146337 330 7742 1 19 1
30 70528 331 3014 1 32 0
30 154020 333 855 1 4 0
30 78168 333 2264 1 24 0
30 155213 334 4396 1 50 0
30 117431 334 1937 1 45 1
30 177297 335 8413 1 18 0
30 133235 335 1211 1 38 0
30 116149 338 6507 1 7 0
30 167817 345 3972 1 23 0
30 66434 348 1492 1 31 0
30 129700 350 5150 1 25 0
30 172431 352 7546 1 4 0
30 63923 354 419 1 11 0
30 141048 359 7155 1 18 0
30 135782 363 3673 1 36 0
30 66901 366 1054 1 17 1
30 131572 369 2309 1 2 0
30 108210 372 6260 1 14 1
30 100904 375 2513 1 7 0
30 73676 376 1534 1 12 1
30 90542 377 2975 1 39 1
30 124004 377 2580 1 39 0
30 163711 380 2488 1 37 1
30 146046 383 7735 1 13 1
30 93387 388 5527 1 23 1
30 98046 389 4639 1 17 0
30 148197 393 8529 1 3 0
30 87638 395 3043 1 4 1
30 171171 396 8511 1 21 0
30 60221 398 2997 1 36 0
30 134163 400 5712 1 8 1
30 68067 401 604 1 46 1
30 67178 406 2937 1 24 0
30 178516 411 5227 1 26 0
30 89137 411 2681 1 2 0
30 78547 413 3882 1 17 1
30 150749 414 4858 1 25 1
30 179544 421 2647 1 43 1
30 137510 421 7335 1 27 1
30 126097 421 3236 1 27 0
30 142738 422 7943 1 8 0
30 68893 423 2396 1 26 0
30 143800 425 3230 1 44 0
30 167597 426 8182 1 34 0
30 63382 427 891 1 25 1
30 158871 429 422 1 19 1
30 165704 431 1273 1 31 1
30 150748 434 6427 1 35 1
30 71946 438 4151 1 50 1
30 105815 441 240 1 30 1
30 106947 445 5449 1 18 1
30 82047 446 3579 1 26 0
30 80539 446 2609 1 3 1
30 143845 451 1344 1 28 0
30 131398 451 6718 1 51 1
30 71059 454 3119 1 28 0
30 167049 455 6375 1 49 0
30 161852 456 2717 1 44 0
30 117914 457 1178 1 36 0
30 152932 459 5159 1 7 0
30 149636 464 6746 1 51 0
30 69319 470 289 1 25 0
30 146754 473 449 1 17 0
30 113315 479 4633 1 17 0
30 87899 482 5032 1 8 1
30 157706 486 3241 1 30 1
30 158977 486 5896 1 37 1
30 74800 486 1238 1 19 0
30 148366 488 5061 1 1 0
30 160773 489 1585 1 20 1
30 156256 490 3703 1 44 0
30 89791 490 562 1 18 1
30 137921 491 7961 1 51 1
30 104183 492 2639 1 50 0
30 90954 494 3018 1 1 1
30 84344 499 4590 1 26 1
30 82421 499 3763 1 2 1
30 90049 501 4925 1 35 0
30 127893 501 1833 1 44 1
30 71803 503 3980 1 41 0
30 132924 507 1791 1 1 0
30 177982 509 6020 1 27 0
30 60721 511 183 1 14 1
30 92681 521 5329 1 26 0
30 75313 523 920 1 47 1
30 111788 524 2585 1 14 1
30 117015 528 5196 1 19 1
30 129856 531 6176 1 3 0
30 101032 543 1071 1 9 1
30 117295 544 233 1 50 0
30 142665 549 4936 1 1 1
30 115044 551 3435 1 26 1
30 177129 553 471 1 33 1
30 64728 556 1762 1 26 0
30 171854 557 2891 1 22 0
30 110155 557 1754 1 10 0
30 75981 558 1627 1 51 1
30 114111 558 1218 1 50 0
30 107066 563 4383 1 39 0
30 60687 575 2772 1 50 0
30 75247 575 1064 1 9 1
30 139507 583 5398 1 46 1
30 151833 584 4262 1 1 0
30 143118 585 3992 1 29 1
30 116282 587 4126 1 31 1
30 167802 589 6839 1 21 0
30 176664 589 1805 1 20 1
30 168403 596 5498 1 25 1
30 77998 600 4397 1 19 0
30 100036 604 2752 1 20 1
30 116827 607 6665 1 24 1
30 151401 609 3421 1 21 0
30 77138 610 1420 1 10 0
30 155905 612 2149 1 14 0
30 154154 613 163 1 1 1
30 156509 613 5517 1 23 1
30 112190 614 2368 1 42 0
30 143257 623 3740 1 45 0
30 87285 623 5057 1 24 1
30 151441 624 6419 1 31 1
30 100174 625 931 1 49 1
30 66285 628 289 1 15 0
30 126352 629 2453 1 14 1
30 120077 629 6226 1 48 1
30 110385 629 5252 1 48 0
30 73200 631 953 1 36 1
30 109305 633 2316 1 36 1
30 116940 633 695 1 10 1
30 103509 641 3671 1 19 0
30 118389 645 6851 1 36 0
30 162368 645 1584 1 10 1
30 113938 649 4041 1 50 0
30 129239 649 2951 1 11 0
30 84041 650 4423 1 3 1
30 65250 650 874 1 18 1
30 72256 650 3814 1 3 1
30 84297 653 4321 1 11 1
30 104339 658 2877 1 16 0
30 103258 659 4048 1 8 0
30 165335 659 5139 1 28 0
30 160322 660 6274 1 14 1
30 66130 662 521 1 31 0
30 114606 663 4667 1 38 0
30 69765 665 3304 1 26 1
30 105292 672 5004 1 5 0
30 105481 672 4305 1 45 0
30 96582 673 2766 1 6 1
30 165653 681 3396 1 2 0
30 122088 686 530 1 6 1
30 67218 688 1230 1 24 1
30 148917 691 2944 1 35 1
30 97375 700 4516 1 21 0
30 82066 704 4041 1 16 0
30 89015 706 3391 1 25 0
30 143243 715 6754 1 13 1
30 99794 716 3110 1 16 1
30 148332 717 5638 1 41 0
30 169144 718 3095 1 10 0
30 129626 719 3356 1 17 0
30 113643 719 3788 1 19 0
30 115701 720 5661 1 19 1
30 87351 721 3652 1 15 1
30 179069 722 8364 1 8 0
30 98351 722 5294 1 6 0
30 65259 727 828 1 29 0
30 99883 734 4272 1 5 0
30 152913 735 5682 1 34 1
30 144507 737 5149 1 51 0
30 171465 745 10264 1 37 1
30 110254 748 256 1 34 1
30 128528 748 3562 1 48 0
30 138991 762 3432 1 10 0
30 118231 766 5153 1 10 0
30 101785 766 3884 1 33 1
30 75883 768 935 1 24 1
30 147331 768 5539 1 34 1
30 175822 769 2576 1 20 0
30 117758 772 5009 1 15 1
30 139525 778 3210 1 46 1
30 128365 797 3458 1 36 1
30 61125 797 3304 1 29 1
30 170396 799 7567 1 6 1
30 172596 802 10240 1 46 1
30 118744 803 2801 1 8 1
30 100926 803 3984 1 4 0
30 171227 811 7906 1 4 0
30 141462 812 6672 1 19 0
30 70473 813 2895 1 30 1
30 142161 814 3348 1 26 0
30 172173 814 8907 1 6 1
30 150784 816 5157 1 50 0
30 121016 818 1439 1 9 1
30 141111 819 4349 1 5 1
30 64517 822 1138 1 33 1
30 101154 824 4797 1 44 1
30 120977 825 6166 1 23 0
30 135363 832 6422 1 36 1
30 130254 832 1107 1 28 1
30 124034 832 1535 1 27 1
30 97956 832 2556 1 9 0
30 71899 833 722 1 9 0
30 119450 846 4278 1 18 1
30 161886 848 389 1 25 0
30 84916 848 3109 1 6 0
30 116112 852 2136 1 44 0
30 79270 852 2208 1 26 0
30 172509 853 6686 1 40 1
30 73978 853 2942 1 28 0
30 114855 853 1236 1 10 0
30 114583 855 4778 1 41 1
30 106420 860 4295 1 28 0
30 137095 868 4583 1 43 1
30 117129 869 399 1 16 0
30 60208 874 3349 1 11 1
30 129001 890 2919 1 7 1
30 70128 890 3488 1 3 1
30 161964 895 7080 1 44 0
30 101113 895 514 1 26 0
30 60527 896 2318 1 24 1
30 118109 896 1168 1 37 1
30 69822 898 1364 1 44 0
30 119952 900 3503 1 18 0
30 174010 904 2889 1 4 0
30 83040 905 2433 1 41 0
30 140697 909 2610 1 44 0
30 174229 910 1883 1 29 0
30 131925 911 4127 1 23 1
30 174228 915 3278 1 12 0
30 96242 921 1327 1 16 1
30 129560 924 4950 1 35 1
30 87360 927 3093 1 14 0
30 73189 930 2689 1 12 0
30 168898 930 5890 1 47 1
30 145639 939 1037 1 48 0
30 165208 943 489 1 13 1
30 114707 943 574 1 9 0
30 176697 944 6622 1 35 0
30 97668 945 1094 1 28 0
30 60295 951 2049 1 10 0
30 111902 954 491 1 32 0
30 165076 954 5123 1 28 1
30 177925 954 379 1 33 0
30 163595 956 4336 1 48 0
30 171818 957 5366 1 41 1
30 68010 962 3865 1 1 1
30 86329 963 2838 1 21 1
30 179305 964 1911 1 28 1
30 119637 968 5615 1 25 1
30 93571 968 5259 1 20 0
30 142574 969 3672 1 26 1
30 173291 974 6837 1 50 1
30 139318 978 8096 1 42 0
30 129460 978 7355 1 44 0
30 140956 980 6697 1 44 0
30 155404 982 4902 1 36 0
30 127235 983 3756 1 14 0
30 174079 983 7058 1 6 0
30 87634 984 3840 1 23 0
30 72036 993 1690 1 46 0
30 80863 996 1846 1 21 1
30 96453 997 1421 1 44 1
30 70999 1004 3724 1 34 1
30 66967 1005 1016 1 31 0
30 87887 1006 781 1 10 1
30 152687 1007 1264 1 8 1
30 160500 1009 4954 1 3 0
30 92241 1012 2515 1 18 0
30 77744 1012 3019 1 36 0
30 153423 1015 9049 1 31 0
30 155247 1016 8385 1 15 0
30 172390 1017 9132 1 41 1
30 90002 1018 5099 1 13 1
30 144300 1018 4742 1 27 0
30 90959 1021 4031 1 22 1
30 159457 1027 7826 1 34 0
30 93482 1029 2716 1 24 0
30 125442 1034 6639 1 23 0
30 156462 1036 4157 1 51 0
30 84581 1038 2846 1 33 1
30 123832 1039 4051 1 1 0
30 109516 1039 5482 1 33 1
30 65879 1045 1789 1 3 1
30 92628 1046 657 1 41 0
30 116193 1050 2662 1 50 1
30 172219 1052 8026 1 47 0
30 164428 1054 6580 1 6 0
30 85562 1057 959 1 42 1
30 120767 1058 4029 1 6 0
30 157562 1062 6707 1 39 1
30 118498 1063 1876 1 36 0
30 105466 1065 4156 1 41 1
30 62067 1066 840 1 46 0
30 107718 1067 5922 1 46 1
30 96802 1067 1320 1 50 0
30 163278 1074 2360 1 19 1
30 113623 1076 4881 1 18 1
30 79187 1076 4405 1 39 0
30 76121 1081 3950 1 21 1
30 89915 1085 3839 1 11 0
30 122858 1086 723 1 23 0
30 87738 1087 4647 1 39 1
30 65438 1089 817 1 18 0
30 157626 1090 4617 1 38 1
30 60151 1090 965 1 20 1
30 73684 1090 3607 1 36 0
30 154933 1091 8159 1 40 1
30 70608 1096 2288 1 48 1
30 67589 1099 1394 1 17 1
30 85657 1099 134 1 6 1
30 149411 1099 4889 1 46 0
30 176158 1100 10172 1 12 0
30 111358 1102 2729 1 38 0
30 143663 1103 6196 1 32 0
30 135136 1104 1996 1 49 1
30 155190 1104 2443 1 47 1
30 117487 1105 2958 1 23 0
30 116412 1108 3760 1 15 1
30 179275 1109 3210 1 38 1
30 139707 1110 4928 1 19 0
30 121692 1111 2657 1 32 1
30 112132 1114 3747 1 49 0
30 107696 1116 2833 1 4 0
30 175844 1117 466 1 33 0
30 170371 1120 6641 1 15 1
30 155844 1124 1787 1 22 0
30 72493 1126 714 1 29 1
30 109144 1132 1936 1 40 0
30 109186 1134 1269 1 19 0
30 161509 1136 6768 1 12 1
30 160247 1137 3317 1 40 1
30 167702 1142 6462 1 24 1
30 155435 1144 7654 1 12 1
30 154306 1146 8616 1 26 0
30 120056 1147 2009 1 49 1
30 135995 1147 7944 1 38 0
30 110040 1149 5121 1 19 1
30 149283 1155 2023 1 10 0
30 96886 1155 845 1 8 0
30 89315 1156 878 1 10 0
30 135400 1160 1486 1 27 0
30 175674 1161 2750 1 2 0
30 129362 1162 4927 1 50 0
30 123395 1163 6575 1 26 0
30 119452 1167 984 1 34 1
30 175441 1169 10457 1 26 1
30 93348 1170 3568 1 12 0
30 75779 1171 4385 1 43 1
30 124415 1171 6328 1 36 1
30 145701 1174 4299 1 50 0
30 161618 1176 8937 1 27 0
30 62611 1177 1052 1 49 0
30 139103 1177 1163 1 44 0
30 83334 1177 100 1 30 1
30 144195 1182 7504 1 47 1
30 150675 1183 748 1 14 1
30 123397 1184 506 1 37 0
30 60029 1184 2972 1 8 0
30 122361 1186 1804 1 4 0
30 112063 1187 1252 1 47 0
30 146568 1189 6044 1 51 0
30 152428 1190 6173 1 44 0
30 167411 1193 1578 1 8 1
30 169011 1194 5363 1 40 0
30 62239 1196 476 1 43 1
30 143522 1197 659 1 4 0
30 115692 1198 3258 1 25 1
30 75913 1199 3143 1 49 0
30 68563 1201 752 1 46 1
30 172064 1202 6065 1 7 0
30 156423 1209 2885 1 46 0
30 168135 1215 9428 1 2 0
30 110145 1215 3189 1 41 0
30 146169 1223 2178 1 48 0
30 73612 1223 3973 1 46 1
30 125186 1226 1298 1 6 0
30 178110 1227 4589 1 19 1
30 153651 1227 6011 1 29 0
30 146968 1229 4751 1 12 1
30 139182 1229 3051 1 47 0
30 175483 1230 8100 1 29 1
30 85696 1238 4290 1 49 0
30 177866 1239 5768 1 41 1
30 78863 1241 1197 1 22 1
30 158431 1242 492 1 41 1
30 67876 1242 447 1 46 0
30 169322 1243 3313 1 21 0
30 86306 1244 1267 1 8 0
30 140270 1249 1184 1 21 0
30 109971 1250 5525 1 50 0
30 149068 1251 3089 1 30 0
30 164803 1251 4807 1 14 0
30 126921 1257 4250 1 6 0
30 77695 1258 3460 1 31 1
30 147171 1261 6932 1 23 1
30 115564 1265 4111 1 31 1
30 85330 1265 1265 1 6 0
30 126991 1269 7617 1 42 0
30 105668 1271 1196 1 51 1
30 162043 1276 9465 1 15 1
30 165827 1278 5415 1 10 1
30 168851 1279 1509 1 31 0
30 117174 1279 6906 1 3 0
30 66145 1281 668 1 31 1
30 115809 1281 2807 1 4 1
30 63638 1283 2205 1 32 1
30 121903 1285 4926 1 15 1
30 119745 1285 2832 1 12 1
30 161140 1286 7393 1 21 0
30 161597 1286 9222 1 39 0
30 117682 1293 5383 1 50 0
30 163021 1295 6507 1 50 1
30 113597 1300 3325 1 29 0
30 133179 1301 6148 1 33 0
30 103905 1301 2706 1 9 0
30 71282 1304 2608 1 38 0
30 136226 1306 708 1 14 0
30 137823 1306 4061 1 17 1
30 101986 1308 4082 1 32 0
30 77276 1312 4042 1 6 0
30 159301 1312 1713 1 9 0
30 90944 1312 3765 1 34 0
30 156016 1316 4459 1 17 1
30 76771 1322 1306 1 6 1
30 95274 1324 2350 1 6 0
30 172239 1325 7615 1 41 1
30 157463 1327 787 1 29 1
30 93804 1328 5091 1 46 0
30 174734 1335 6506 1 5 0
30 111095 1335 5051 1 3 1
30 134132 1339 2610 1 12 1
30 89826 1340 4003 1 19 0
30 62643 1340 3006 1 44 0
30 132263 1342 1448 1 43 0
30 146676 1343 4325 1 50 1
30 75542 1343 122 1 20 0
30 137785 1344 2029 1 23 1
30 123437 1345 5856 1 15 0
30 130297 1346 5524 1 47 0
30 172345 1351 7493 1 15 0
30 132795 1358 631 1 3 0
30 177155 1360 3555 1 42 1
30 70781 1360 424 1 40 0
30 120951 1363 5884 1 1 0
30 81957 1371 1095 1 9 1
30 152152 1371 3789 1 16 1
30 77606 1373 302 1 48 1
30 83979 1379 2410 1 27 0
30 63616 1380 3555 1 11 0
30 84058 1382 850 1 22 0
30 123895 1383 1987 1 8 0
30 153090 1385 5038 1 21 0
30 162554 1389 7551 1 47 1
30 132657 1389 5027 1 11 1
30 82070 1390 1185 1 31 1
30 123603 1394 4331 1 17 0
30 165258 1396 551 1 50 0
30 100547 1397 2809 1 40 1
30 127611 1397 4567 1 28 0
30 77737 1399 2219 1 17 1
30 135373 1404 3388 1 8 0
30 108485 1405 6362 1 22 1
30 168681 1410 1130 1 20 1
30 136285 1413 5751 1 44 1
30 166638 1414 9447 1 8 1
30 122972 1416 1767 1 41 0
30 90628 1418 1173 1 18 1
30 67766 1422 2141 1 33 0
30 165252 1422 5898 1 41 0
30 83885 1427 2031 1 38 0
30 115914 1428 5693 1 6 0
30 155064 1430 2533 1 26 0
30 82095 1431 4628 1 6 1
30 152697 1434 5200 1 7 0
30 68110 1435 1761 1 22 0
30 111567 1439 6281 1 9 0
30 74240 1442 1088 1 30 0
30 114478 1445 3923 1 23 0
30 154869 1446 5124 1 18 0
30 137282 1448 464 1 49 1
30 106788 1449 4929 1 10 1
30 132089 1450 1272 1 47 0
30 86685 1453 1244 1 47 0
30 150228 1454 1106 1 12 1
30 72096 1454 361 1 45 0
30 104451 1458 5829 1 23 0
30 167783 1463 3579 1 37 1
30 153640 1466 592 1 37 1
30 86241 1466 416 1 24 1
30 129302 1468 6530 1 37 1
30 164679 1470 5940 1 28 1
30 159559 1471 8651 1 3 0
30 165051 1473 7235 1 25 0
30 154245 1475 7673 1 30 1
30 84818 1477 4522 1 29 1
30 165439 1478 6692 1 35 0
30 153667 1479 3797 1 15 1
30 67432 1480 3989 1 2 0
30 91705 1482 3344 1 31 1
30 75126 1482 4109 1 17 1
30 117764 1482 4963 1 11 1
30 114328 1487 3073 1 35 0
30 156595 1494 7489 1 32 0
30 68905 1495 2795 1 42 1
30 88179 1503 284 1 13 1
30 68887 1514 1295 1 26 0
30 107447 1518 2574 1 17 0
30 124549 1525 2612 1 28 1
30 112631 1531 3118 1 51 1
30 111755 1532 3097 1 24 1
30 71132 1537 3943 1 40 0
30 157248 1537 2265 1 8 1
30 88039 1538 1052 1 46 0
30 99911 1538 3661 1 22 1
30 172446 1541 7604 1 50 0
30 62798 1543 1144 1 14 1
30 91230 1543 4499 1 22 0
30 60620 1559 2186 1 50 1
30 76535 1561 3521 1 15 0
30 151336 1567 1086 1 11 1
30 64800 1570 3343 1 38 0
30 168285 1570 4116 1 11 0
30 88372 1572 1489 1 20 0
30 141804 1573 4522 1 39 0
30 67428 1573 3316 1 7 0
30 89339 1575 2798 1 32 1
30 112276 1588 3294 1 1 0
30 169675 1590 5627 1 20 1
30 68223 1591 2844 1 26 0
30 127255 1596 4141 1 45 1
30 83522 1597 4253 1 51 0
30 105496 1604 5769 1 43 1
30 139738 1608 7800 1 12 0
30 160795 1609 2162 1 31 0
30 80345 1613 1859 1 5 1
30 95014 1614 1581 1 22 0
30 126665 1618 1658 1 33 0
30 65420 1622 176 1 21 0
30 74815 1625 534 1 36 0
30 102314 1625 135 1 36 0
30 131366 1627 4750 1 45 1
30 64367 1632 2464 1 3 0
30 110164 1632 1459 1 17 1
30 78782 1636 2998 1 21 1
30 146918 1641 6978 1 25 1
30 75150 1641 2425 1 18 1
30 63500 1643 271 1 35 1
30 124851 1644 943 1 7 0
30 127884 1649 5954 1 36 0
30 60356 1653 1785 1 10 1
30 69010 1656 1902 1 6 0
30 79986 1656 1339 1 43 0
30 63817 1659 104 1 27 1
30 73419 1659 3721 1 38 0
30 90587 1659 3052 1 30 1
30 165265 1664 4550 1 43 0
30 155786 1665 8294 1 15 1
30 110251 1667 4221 1 4 0
30 120144 1668 1814 1 43 1
30 160063 1669 8497 1 4 0
30 142883 1671 6919 1 47 0
30 136620 1674 1643 1 44 0
30 104907 1678 513 1 9 1
30 98087 1679 258 1 28 1
30 127727 1680 4044 1 49 0
30 131761 1688 3104 1 41 0
30 66814 1689 483 1 27 0
30 108686 1691 1377 1 42 1
30 80059 1693 4058 1 31 1
30 155565 1694 4554 1 34 1
30 172733 1694 5148 1 42 1
30 81910 1694 1768 1 3 0
30 85053 1696 1058 1 10 0
30 75250 1696 4088 1 44 0
30 173313 1697 4630 1 45 0
30 156734 1708 3714 1 23 0
30 99867 1711 2510 1 31 0
30 153967 1713 3938 1 37 0
30 83424 1716 2938 1 42 1
30 135077 1721 2628 1 18 0
30 173357 1721 10230 1 22 1
30 111817 1722 2095 1 46 1
30 110494 1726 4873 1 28 0
30 163732 1730 2462 1 23 1
30 166722 1731 7598 1 41 1
30 168103 1731 2005 1 26 0
30 119235 1731 3971 1 33 1
30 115439 1732 1535 1 8 0
30 138050 1733 3934 1 21 0
30 81473 1735 2344 1 43 1
30 78580 1736 1017 1 34 0
30 170084 1738 2799 1 1 0
30 63156 1738 2102 1 18 0
30 71727 1740 2574 1 50 1
30 129391 1742 2151 1 16 0
30 74230 1743 3343 1 33 0
30 127526 1744 1339 1 10 0
30 156890 1750 223 1 51 0
30 145761 1750 3797 1 42 1
30 163669 1751 3769 1 11 0
30 174101 1752 6817 1 9 1
30 81296 1753 3262 1 39 1
30 170581 1755 1225 1 23 0
30 86313 1758 3148 1 44 1
30 171130 1758 6505 1 18 1
30 154729 1759 6472 1 5 0
30 67715 1761 1199 1 10 0
30 113253 1764 429 1 32 1
30 169334 1764 2306 1 4 1
30 119952 1766 3504 1 26 1
30 121728 1766 541 1 26 1
30 62871 1767 215 1 39 0
30 133077 1768 141 1 21 0
30 160296 1768 3983 1 11 0
30 120934 1771 2724 1 24 0
30 125175 1779 4578 1 45 1
30 139044 1780 1679 1 5 0
30 112138 1781 3824 1 21 1
30 106139 1782 3506 1 6 1
30 138903 1783 1446 1 44 0
30 156482 1783 1163 1 49 0
30 166530 1785 3881 1 38 1
30 122608 1790 7017 1 2 0
30 162977 1794 9634 1 20 0
30 116920 1797 913 1 3 0
30 142464 1800 3439 1 41 0
30 70311 1805 3714 1 27 1
30 160800 1810 7171 1 37 0
30 107070 1812 384 1 45 1
30 124021 1813 1742 1 48 0
30 100314 1813 1678 1 45 1
30 101564 1815 1333 1 10 0
30 165098 1816 3452 1 45 0
30 88653 1816 199 1 26 1
30 95631 1816 4634 1 25 0
30 102325 1822 594 1 1 1
30 95126 1824 4103 1 32 1
30 94298 1825 2818 1 4 1
30 72233 1832 3200 1 45 0
30 141217 1837 4184 1 34 0
30 96952 1838 4205 1 45 0
30 62088 1838 2784 1 28 0
30 133620 1839 7812 1 51 0
30 116930 1840 3993 1 43 1
30 101196 1840 3716 1 4 1
30 126230 1843 5604 1 13 1
30 175913 1845 7877 1 14 1
30 87453 1846 2211 1 1 1
30 158235 1848 6677 1 45 1
30 73827 1851 3491 1 33 0
30 66003 1852 1627 1 25 1
30 62287 1853 1417 1 51 0
30 92903 1854 2738 1 37 0
30 124439 1858 1247 1 26 0
30 134223 1859 1771 1 7 0
30 95707 1860 521 1 33 1
30 166770 1862 8253 1 4 1
30 66507 1864 765 1 30 1
30 121433 1864 1726 1 3 1
30 97204 1865 598 1 15 0
30 148797 1865 2565 1 12 0
30 146016 1868 5925 1 49 1
30 170847 1869 3803 1 22 1
30 104343 1871 2614 1 22 1
30 102285 1872 5992 1 37 0
30 170760 1875 1036 1 31 0
30 81470 1877 1170 1 17 1
30 158389 1877 9281 1 24 1
30 90693 1880 268 1 47 0
30 141983 1881 7854 1 42 1
30 148262 1881 7800 1 49 1
30 118980 1883 3062 1 11 1
30 138848 1887 8197 1 8 0
30 92952 1887 1427 1 28 1
30 165648 1891 7960 1 17 0
30 168260 1898 9083 1 25 1
30 155836 1898 7780 1 18 1
30 127114 1901 3203 1 10 0
30 66224 1907 636 1 48 0
30 64156 1909 645 1 26 1
30 110301 1912 5594 1 20 1
30 161877 1914 8962 1 38 1
30 119715 1915 6236 1 27 0
30 112418 1919 4467 1 19 1
30 63583 1922 3507 1 13 1
30 85860 1927 3329 1 20 0
30 73510 1927 3274 1 51 1
30 112483 1930 2920 1 50 1
30 106216 1931 2693 1 43 0
30 141927 1931 4534 1 50 0
30 65062 1933 1331 1 31 1
30 178071 1939 2587 1 41 1
30 75646 1941 3135 1 44 1
30 169090 1943 9814 1 31 0
30 77775 1944 438 1 17 1
30 139646 1944 2137 1 7 0
30 166599 1948 4248 1 24 0
30 121916 1948 6636 1 5 1
30 155715 1949 2465 1 45 1
30 61529 1952 237 1 28 0
30 149706 1953 4094 1 5 1
30 121165 1954 1518 1 37 0
30 149513 1959 4496 1 28 1
30 126436 1960 6340 1 43 0
30 84479 1968 3822 1 48 0
30 71254 1968 3480 1 14 1
30 142509 1970 1594 1 9 0
30 120762 1973 3666 1 32 1
30 81658 1976 1078 1 48 1
30 75725 1977 4381 1 7 0
30 117971 1978 6546 1 29 0
30 179551 1981 3396 1 50 1
30 81688 1984 869 1 29 0
30 123711 1988 6002 1 10 1
30 77862 1991 2977 1 32 1
30 71519 1995 332 1 6 1
30 68009 2001 2514 1 20 0
30 64341 2002 1284 1 15 0
30 117517 2003 2224 1 22 1
30 160952 2004 9453 1 39 0
30 89678 2016 4345 1 9 0
30 146139 2022 1523 1 3 0
30 126256 2024 6415 1 21 1
30 88141 2028 704 1 44 1
30 173477 2029 3891 1 11 1
30 150991 2030 5726 1 30 1
30 144429 2032 343 1 6 0
30 150238 2035 6017 1 36 1
30 72877 2038 2285 1 13 1
30 126389 2043 1497 1 28 1
30 60193 2047 2229 1 42 0
30 63423 2050 2114 1 33 0
30 111035 2051 2763 1 16 0
30 176262 2052 4286 1 3 1
30 152255 2060 5117 1 14 1
30 105234 2061 4035 1 21 1
30 154719 2065 7558 1 48 1
30 68164 2068 416 1 42 1
30 147567 2073 6942 1 4 0
30 167264 2075 6161 1 15 0
30 104129 2079 5559 1 48 0
30 142664 2080 5842 1 23 1
30 150996 2080 2930 1 8 0
30 179770 2082 2735 1 42 1
30 118250 2082 3277 1 43 1
30 161933 2084 5953 1 21 1
30 75494 2085 4166 1 3 0
30 63646 2087 3680 1 8 0
30 115513 2090 1691 1 4 0
30 60542 2091 1432 1 2 1
30 173573 2094 9344 1 30 0
30 129979 2096 4694 1 43 0
30 78840 2099 3653 1 3 0
30 136772 2102 3446 1 40 0
30 97207 2104 1227 1 28 1
30 79363 2108 1475 1 37 1
30 75977 2115 1009 1 29 0
30 139195 2118 2199 1 45 1
30 124192 2124 1851 1 41 0
30 96053 2124 702 1 43 0
30 94082 2125 5229 1 4 0
30 121612 2137 1277 1 11 0
30 131812 2138 2673 1 33 1
30 115266 2140 6627 1 1 1
30 77890 2146 839 1 51 0
30 147447 2152 5546 1 37 0
30 122298 2152 3995 1 24 1
30 97022 2153 3105 1 33 0
30 90278 2153 620 1 21 0
30 106198 2154 4481 1 6 0
30 79003 2154 3687 1 29 0
30 61468 2165 1564 1 51 1
30 67745 2166 3233 1 9 0
30 148800 2169 2210 1 18 0
30 174665 2169 6235 1 32 1
30 133897 2171 2885 1 42 1
30 103173 2176 4455 1 32 0
30 95617 2178 3558 1 25 1
30 64976 2178 3353 1 11 1
30 91778 2180 4544 1 17 1
30 96868 2183 492 1 31 1
30 148592 2186 8688 1 45 1
30 151639 2191 7948 1 13 1
30 85198 2192 3819 1 43 0
30 141314 2192 850 1 38 0
30 149096 2197 6028 1 24 0
30 152459 2198 8510 1 16 1
30 178342 2202 9666 1 50 1
30 114587 2207 6302 1 34 1
30 82108 2207 1689 1 12 1
30 116840 2209 3573 1 18 1
30 109593 2210 947 1 40 1
30 105899 2212 4756 1 11 1
30 145797 2213 8279 1 23 1
30 160985 2215 658 1 41 1
30 98371 2216 2996 1 35 1
30 111799 2217 3536 1 23 0
30 66907 2218 578 1 9 0
30 83967 2221 4603 1 44 1
30 105727 2222 1349 1 41 1
30 163677 2223 3779 1 48 0
30 79872 2229 679 1 43 0
30 99011 2230 5610 1 19 1
30 135594 2230 3038 1 33 1
30 120870 2233 6144 1 42 1
30 133865 2235 780 1 11 1
30 65253 2236 1330 1 51 1
30 122646 2237 5607 1 14 0
30 132435 2239 343 1 48 1
30 66817 2239 2234 1 22 0
30 136704 2245 551 1 5 0
30 152147 2250 932 1 26 0
30 97212 2250 5123 1 20 0
30 97046 2251 5494 1 9 0
30 131287 2252 7635 1 28 1
30 92319 2253 2725 1 3 1
30 63855 2255 433 1 12 0
30 136692 2255 6985 1 11 1
30 176057 2263 5063 1 40 0
30 168935 2266 9750 1 1 1
30 68735 2267 155 1 32 1
30 116030 2272 1338 1 31 1
30 109625 2274 768 1 45 0
30 155140 2282 1284 1 4 1
30 68858 2283 2635 1 49 0
30 93519 2288 4071 1 14 0
30 176457 2292 10558 1 45 0
30 68441 2295 3435 1 19 1
30 102825 2299 5540 1 8 1
30 103029 2299 4287 1 41 1
30 127921 2306 4699 1 12 0
30 86345 2308 5100 1 20 1
30 160166 2308 3805 1 46 1
30 122312 2311 1722 1 14 0
30 87166 2317 2572 1 9 0
30 101206 2320 4989 1 46 0
30 85558 2321 2749 1 12 0
30 155655 2322 5602 1 33 0
30 96965 2323 5507 1 11 0
30 121172 2323 6857 1 11 0
30 154637 2323 2217 1 3 1
30 73838 2326 1820 1 1 0
30 64645 2327 3385 1 22 0
30 87555 2332 4471 1 13 0
30 86197 2333 1588 1 46 1
30 141937 2338 6041 1 51 0
30 151338 2338 2551 1 2 1
30 178127 2338 4248 1 49 0
30 146823 2344 2477 1 26 1
30 72858 2347 4126 1 40 1
30 109990 2349 891 1 12 0
30 140954 2349 5089 1 18 1
30 78609 2350 2810 1 27 1
30 140155 2352 2005 1 48 0
30 106042 2353 1958 1 25 0
30 109304 2355 3059 1 37 1
30 118068 2357 4012 1 47 1
30 146481 2363 4808 1 45 1
30 168813 2371 1024 1 25 0
30 79258 2375 2881 1 41 1
30 120183 2383 5886 1 12 1
30 83854 2384 1507 1 29 1
30 130454 2392 449 1 38 0
30 76146 2393 233 1 34 0
30 145349 2397 3207 1 32 1
30 110236 2409 2209 1 30 0
30 116868 2410 863 1 51 0
30 102867 2414 1567 1 49 0
30 117611 2415 1972 1 30 0
30 141438 2417 7672 1 29 1
30 167053 2418 3085 1 36 1
30 139490 2419 6104 1 33 0
30 172535 2426 8653 1 28 0
30 62455 2433 3124 1 7 1
30 72130 2434 1907 1 31 1
30 84746 2440 4268 1 2 1
30 121193 2443 4996 1 36 0
30 145609 2444 692 1 39 1
30 66747 2445 2426 1 50 1
30 95047 2449 2212 1 8 0
30 160317 2450 5517 1 27 0
30 94688 2454 2847 1 36 0
30 126592 2457 1676 1 10 1
30 65742 2457 1243 1 26 0
30 124452 2457 6677 1 42 0
30 72506 2461 1064 1 49 0
30 167220 2461 8503 1 15 0
30 163237 2462 3575 1 46 1
30 64026 2462 881 1 43 1
30 119649 2464 5329 1 22 1
30 163625 2466 7750 1 14 1
30 105283 2468 6186 1 9 0
30 93943 2470 4945 1 35 0
30 63142 2470 2773 1 36 0
30 112171 2474 1637 1 14 0
30 81909 2476 4775 1 30 1
30 110376 2481 1339 1 48 0
30 86210 2482 1115 1 27 1
30 103739 2483 6032 1 4 0
30 172305 2483 2593 1 14 0
30 70312 2487 2625 1 5 0
30 114507 2489 2219 1 8 1
30 60707 2489 3173 1 19 0
30 86203 2490 4579 1 43 1
30 134053 2491 5766 1 6 1
30 115930 2496 490 1 11 0
30 115679 2504 5682 1 23 1
30 120721 2506 2976 1 30 1
30 82832 2506 2623 1 5 0
30 60403 2506 1567 1 32 1
30 126268 2506 771 1 48 0
30 63453 2508 3370 1 10 0
30 92458 2508 2325 1 37 1
30 166827 2508 6555 1 21 1
30 131629 2511 1815 1 48 0
30 155992 2513 3600 1 5 0
30 144313 2514 2817 1 46 1
30 163141 2519 4703 1 18 1
30 151714 2521 2927 1 26 1
30 64481 2525 671 1 36 1
30 100537 2527 3160 1 44 1
30 145310 2530 1061 1 25 0
30 144893 2536 2816 1 24 1
30 89066 2538 2028 1 2 0
30 174308 2538 177 1 10 0
30 86068 2541 2021 1 35 1
30 137430 2543 5848 1 30 0
30 107988 2549 2081 1 18 1
30 108709 2551 3610 1 13 0
30 68475 2552 1662 1 41 0
30 81266 2553 1925 1 47 0
30 67387 2553 1292 1 12 1
30 74264 2554 3947 1 17 1
30 125143 2556 128 1 24 1
30 159029 2556 5564 1 48 1
30 151372 2557 2354 1 26 1
30 143331 2560 529 1 15 1
30 156654 2564 689 1 13 0
30 134416 2567 4917 1 5 1
30 114640 2571 5765 1 43 1
30 101614 2572 3265 1 47 0
30 105076 2575 2879 1 41 0
30 94741 2575 5097 1 2 0
30 173998 2575 4291 1 8 0
30 78489 2580 1266 1 16 0
30 80074 2582 2982 1 34 0
30 119632 2584 3984 1 23 0
30 178325 2585 9013 1 3 1
30 138428 2590 6619 1 20 0
30 95458 2591 4577 1 14 0
30 121143 2592 2312 1 18 0
30 125976 2592 2277 1 10 1
30 174154 2595 8182 1 44 0
30 65721 2595 1831 1 12 1
30 97674 2597 1941 1 22 1
30 161392 2597 4469 1 33 1
30 108689 2598 6224 1 46 0
30 87912 2599 3356 1 19 0
30 65180 2601 3284 1 40 0
30 136158 2603 951 1 8 0
30 63341 2605 2473 1 9 0
30 89229 2607 3805 1 48 1
30 170940 2611 4582 1 33 1
30 135372 2613 3763 1 37 1
30 121534 2615 2305 1 35 0
30 113666 2616 3431 1 5 0
30 78874 2616 1036 1 41 0
30 165951 2619 6343 1 38 0
30 142077 2621 7386 1 21 0
30 76777 2621 3905 1 45 1
30 136643 2627 4480 1 40 1
30 115507 2631 4568 1 35 1
30 121954 2635 338 1 29 1
30 145680 2636 1867 1 40 0
30 152617 2636 5289 1 22 0
30 178158 2638 10037 1 34 0
30 149041 2645 5545 1 36 0
30 134161 2650 192 1 14 0
30 132563 2652 6646 1 14 0
30 85859 2658 3967 1 43 1
30 92634 2659 3380 1 39 0
30 122798 2662 6852 1 51 0
30 110281 2665 3479 1 24 1
30 164308 2665 4316 1 21 1
30 140621 2672 6343 1 5 1
30 133708 2672 2457 1 27 0
30 160133 2674 1777 1 22 1
30 74417 2676 3210 1 17 0
30 135853 2678 1149 1 40 0
30 76940 2683 3799 1 5 0
30 172978 2684 9088 1 5 1
30 178537 2685 10505 1 15 0
30 174388 2689 2190 1 20 1
30 77047 2697 3484 1 25 0
30 162752 2699 5555 1 30 1
30 101163 2702 2039 1 11 1
30 150984 2709 8713 1 39 0
30 133747 2709 720 1 18 0
30 97540 2710 841 1 3 1
30 84501 2710 845 1 35 0
30 170166 2713 8273 1 9 1
30 102952 2716 5929 1 8 1
30 147455 2718 2091 1 13 1
30 113260 2719 2661 1 13 1
30 75604 2723 1829 1 44 0
30 119630 2727 6292 1 31 1
30 112275 2733 268 1 42 1
30 66381 2746 3749 1 22 1
30 99334 2747 4428 1 4 0
30 138204 2747 8132 1 40 0
30 122567 2749 4418 1 51 0
30 103442 2749 3065 1 3 0
30 99881 2750 2641 1 26 0
30 177366 2750 8585 1 41 0
30 103455 2751 4396 1 17 0
30 177404 2752 7258 1 36 0
30 124016 2756 421 1 25 1
30 177628 2756 7608 1 11 0
30 106206 2757 1249 1 49 1
30 160480 2759 5739 1 34 0
30 63344 2760 1300 1 48 1
30 124815 2760 2992 1 22 1
30 169692 2763 4465 1 48 0
30 160354 2764 2429 1 34 1
30 171445 2768 2236 1 3 1
30 158740 2770 6425 1 47 0
30 164854 2772 3958 1 17 0
30 160455 2772 8114 1 26 1
30 172447 2772 1331 1 8 0
30 88585 2773 209 1 42 0
30 84420 2778 3073 1 20 1
30 160374 2778 8016 1 13 0
30 144045 2781 8457 1 11 1
30 166072 2788 6086 1 4 0
30 75627 2790 3448 1 19 0
30 78925 2791 4160 1 29 0
30 137386 2792 6913 1 34 1
30 176280 2792 2012 1 43 0
30 107149 2793 2098 1 22 0
30 171654 2797 234 1 44 0
30 108568 2798 2404 1 15 1
30 178463 2798 9563 1 21 0
30 62727 2802 3150 1 34 0
30 90973 2803 2859 1 46 1
30 97205 2804 3704 1 47 1
30 116224 2807 1491 1 2 0
30 76013 2807 2503 1 46 0
30 82340 2807 3440 1 5 1
30 79660 2807 162 1 22 0
30 153220 2811 3938 1 38 1
30 147103 2814 6645 1 20 0
30 95921 2822 766 1 21 0
30 104872 2824 533 1 13 1
30 67708 2824 3191 1 16 0
30 72850 2825 3909 1 34 1
30 166098 2830 7449 1 47 0
30 172469 2833 1682 1 32 1
30 71716 2833 3063 1 14 0
30 72085 2836 1181 1 17 1
30 62101 2837 3722 1 14 0
30 133173 2837 3306 1 15 1
30 144202 2838 7567 1 42 0
30 137236 2842 5566 1 8 1
30 110573 2844 6584 1 18 1
30 63016 2847 1521 1 7 0
30 139627 2850 6949 1 17 0
30 81169 2852 4114 1 28 0
30 91736 2853 5404 1 40 0
30 169085 2854 10053 1 13 1
30 67627 2855 2777 1 10 1
30 98578 2855 1684 1 29 0
30 117835 2860 3751 1 3 0
30 138891 2868 8181 1 45 1
30 73038 2868 2211 1 40 0
30 91918 2877 1267 1 42 0
30 165784 2879 3133 1 12 1
30 141902 2881 4402 1 10 1
30 81849 2884 1965 1 48 0
30 125072 2887 2358 1 30 0
30 76451 2888 3555 1 11 0
30 171315 2897 4692 1 37 1
30 116704 2897 6246 1 42 1
30 171341 2898 7020 1 26 1
30 62605 2899 689 1 51 0
30 108467 2900 3498 1 46 0
30 105815 2902 1575 1 26 0
30 89547 2904 2176 1 26 1
30 84796 2918 3712 1 13 1
30 91893 2918 435 1 7 0
30 77921 2926 1478 1 15 0
30 116274 2930 5600 1 24 1
30 164863 2934 7193 1 43 1
30 165235 2935 3402 1 14 0
30 76309 2936 2971 1 42 1
30 175146 2945 9368 1 39 0
30 110733 2947 2192 1 30 0
30 71346 2955 4260 1 29 0
30 176723 2955 6827 1 47 1
30 124696 2956 2186 1 39 1
30 114140 2957 4962 1 22 1
30 139828 2958 2753 1 32 1
30 124655 2960 3308 1 1 0
30 95468 2961 5273 1 8 1
30 74321 2962 1126 1 27 0
30 64898 2963 2898 1 40 1
30 86708 2963 317 1 15 1
30 95762 2964 4481 1 3 1
30 158551 2964 4367 1 43 1
30 171317 2969 4697 1 1 0
30 68562 2970 2110 1 14 1
30 152146 2975 4802 1 36 0
30 146363 2975 3749 1 24 0
30 174866 2977 4296 1 46 0
30 144940 2978 1160 1 15 1
30 135657 2979 6805 1 12 0
30 163069 2980 9491 1 7 1
30 72365 2982 2426 1 15 1
30 156165 2984 2672 1 44 0
30 118176 2988 2496 1 12 0
30 137885 2993 2669 1 13 1
30 152093 2995 7459 1 11 0
30 127155 2995 2194 1 38 1
30 88748 2997 899 1 15 1
30 125215 3001 2684 1 7 0
30 83210 3006 1467 1 29 0
30 167817 3007 5657 1 16 0
30 150545 3007 154 1 4 0
30 112761 3013 4462 1 42 0
30 98212 3028 4829 1 22 0
30 177856 3037 8804 1 30 1
30 60269 3037 2399 1 24 1
30 82449 3039 1249 1 42 0
30 143274 3042 5393 1 27 0
30 176271 3042 9367 1 45 0
30 73474 3047 852 1 27 0
30 90720 3052 1233 1 51 0
30 135532 3053 3247 1 12 1
30 108342 3054 1408 1 19 1
30 132264 3054 7032 1 7 1
30 122439 3056 3286 1 3 0
30 173064 3063 6713 1 24 0
30 177655 3065 8810 1 22 0
30 98378 3066 1637 1 12 1
30 119537 3071 4394 1 2 0
30 75182 3080 86 1 46 0
30 123464 3081 2973 1 3 0
30 126484 3081 3315 1 21 1
30 158806 3082 6972 1 36 0
30 152878 3084 1377 1 29 1
30 72679 3085 930 1 17 1
30 91000 3089 332 1 36 0
30 85150 3090 1402 1 4 1
30 159176 3091 1230 1 13 0
30 95171 3093 2611 1 18 1
30 132950 3096 379 1 41 1
30 178759 3097 3468 1 15 0
30 126907 3101 2031 1 43 0
30 97407 3103 2998 1 35 1
30 159900 3108 6640 1 13 1
30 66070 3111 1656 1 10 1
30 95007 3112 3762 1 51 1
30 60596 3115 473 1 27 1
30 154136 3117 6250 1 37 1
30 176171 3117 2021 1 18 0
30 157797 3121 3308 1 27 1
30 106610 3121 1303 1 37 1
30 107536 3123 4201 1 10 1
30 112051 3123 2804 1 13 1
30 92497 3126 4509 1 22 1
30 82977 3127 316 1 47 0
30 153817 3131 6058 1 7 0
30 87729 3133 2148 1 7 1
30 81167 3134 992 1 45 0
30 74050 3138 1301 1 27 0
30 176623 3141 4177 1 5 0
30 84819 3144 128 1 26 0
30 115892 3144 2432 1 25 0
30 94374 3149 4054 1 43 1
30 170192 3153 1573 1 24 0
30 165507 3154 1211 1 48 1
30 135747 3157 6385 1 11 1
30 86841 3163 578 1 50 1
30 65760 3164 2730 1 6 0
30 145910 3167 8128 1 13 0
30 170805 3171 7976 1 51 1
30 169250 3171 7276 1 16 0
30 127885 3178 3677 1 30 0
30 125973 3180 5516 1 43 0
30 140233 3182 8031 1 6 1
30 90841 3183 5338 1 22 0
30 160978 3187 5560 1 34 1
30 116749 3187 6701 1 21 0
30 172443 3193 5336 1 39 1
30 170620 3193 1319 1 41 0
30 72581 3193 540 1 42 1
30 164772 3194 2095 1 23 1
30 94782 3197 5647 1 14 0
30 172060 3198 2256 1 5 1
30 144866 3202 4116 1 34 1
30 108445 3209 5808 1 46 0
30 96371 3209 5191 1 20 1
30 68653 3210 3904 1 48 1
30 165889 3213 8494 1 10 1
30 72194 3213 2621 1 12 1
30 94731 3215 2476 1 1 1
30 85599 3218 1285 1 31 1
30 173285 3219 4591 1 16 1
30 112930 3220 1350 1 18 0
30 85937 3221 2349 1 48 0
30 111374 3230 4280 1 35 1
30 68912 3234 2319 1 15 0
30 96048 3234 1142 1 22 1
30 106006 3234 6057 1 21 0
30 125742 3236 6160 1 17 1
30 131539 3240 5723 1 42 0
30 69651 3246 2983 1 44 0
30 121612 3252 3458 1 10 0
30 156670 3257 7926 1 20 0
30 117542 3262 3704 1 7 0
30 134916 3262 792 1 33 1
30 85542 3262 3441 1 14 1
30 88883 3265 745 1 18 1
30 156774 3266 1037 1 21 0
30 135369 3266 4790 1 10 0
30 159646 3266 5616 1 24 1
30 100029 3267 263 1 14 1
30 70650 3270 3364 1 37 0
30 116145 3270 3866 1 31 1
30 143384 3277 2420 1 49 1
30 172607 3280 891 1 29 0
30 140961 3281 8285 1 41 1
30 105790 3283 6182 1 33 1
30 138718 3283 4497 1 37 1
30 116606 3285 5306 1 41 0
30 139317 3288 1435 1 29 0
30 115673 3291 1855 1 12 1
30 119595 3297 3959 1 3 0
30 105285 3301 2104 1 51 1
30 157684 3302 7598 1 15 0
30 157766 3303 8035 1 22 0
30 79341 3311 3188 1 23 0
30 175018 3312 3812 1 31 1
30 88295 3314 97 1 35 0
30 71047 3317 3866 1 7 0
30 160913 3318 8747 1 48 0
30 168810 3318 4954 1 43 1
30 81122 3323 3645 1 47 1
30 126768 3323 372 1 18 1
30 145173 3324 6994 1 26 0
30 167579 3325 276 1 47 1
30 112071 3332 391 1 45 0
30 76192 3332 716 1 40 1
30 173041 3333 1517 1 11 1
30 81820 3333 815 1 17 0
30 157476 3333 1207 1 10 0
30 97236 3333 2790 1 49 1
30 123644 3337 2490 1 9 1
30 73028 3340 1177 1 39 0
30 161466 3342 3312 1 10 1
30 142481 3348 3443 1 14 0
30 74012 3348 2638 1 19 0
30 73751 3348 3236 1 31 0
30 143735 3349 3138 1 26 1
30 166034 3354 2457 1 2 1
30 69614 3354 2512 1 24 1
30 163849 3358 5957 1 19 0
30 140861 3361 2797 1 20 0
30 133276 3362 6531 1 41 0
30 146695 3364 309 1 45 0
30 110308 3373 6474 1 25 1
30 133616 3374 4581 1 7 0
30 124254 3375 5862 1 29 1
30 61715 3375 1600 1 41 0
30 60930 3382 2425 1 31 1
30 114009 3384 6491 1 48 0
30 177861 3385 4277 1 26 0
30 164472 3387 7246 1 50 1
30 64838 3389 3800 1 35 1
30 71186 3392 2881 1 23 1
30 157279 3392 7100 1 50 1
30 179418 3392 495 1 23 1
30 104760 3393 4294 1 32 0
30 113166 3396 4988 1 6 0
30 139031 3398 1472 1 37 1
30 157071 3403 2031 1 43 1
30 122834 3405 4535 1 50 1
30 120090 3406 6546 1 31 1
30 72954 3407 209 1 21 1
30 103286 3407 1031 1 7 0
30 68166 3407 1378 1 12 1
30 73121 3410 209 1 36 0
30 106989 3415 5370 1 47 0
30 87442 3415 1772 1 11 1
30 63064 3418 667 1 22 1
30 62072 3420 1004 1 24 1
30 141266 3421 7205 1 23 0
30 110137 3421 5329 1 9 0
30 73315 3422 1300 1 32 1
30 118749 3426 6950 1 37 1
30 142688 3427 8257 1 22 1
30 121245 3429 7214 1 24 1
30 178233 3431 10120 1 50 0
30 148978 3433 4480 1 3 1
30 175703 3434 5895 1 30 0
30 128658 3437 5148 1 21 1
30 178238 3438 5940 1 37 0
30 156033 3438 1116 1 38 0
30 61651 3440 3515 1 23 1
30 79879 3446 2550 1 41 1
30 66681 3447 2886 1 51 0
30 154362 3449 7900 1 25 0
30 78941 3449 3876 1 12 0
30 138027 3450 6857 1 25 1
30 140785 3450 1745 1 32 1
30 145946 3452 4459 1 44 1
30 118258 3455 6302 1 4 1
30 65098 3456 447 1 48 1
30 144760 3456 4843 1 9 0
30 137134 3457 3955 1 42 1
30 157097 3457 4815 1 33 0
30 81585 3457 4711 1 47 1
30 117081 3461 150 1 43 1
30 116694 3464 3292 1 42 1
30 165192 3465 5091 1 38 0
30 151924 3467 3670 1 47 0
30 112857 3471 1262 1 37 0
30 137397 3471 371 1 49 0
30 152873 3477 1446 1 18 1
30 81423 3481 3267 1 29 1
30 172916 3481 4644 1 4 0
30 177376 3490 2272 1 20 0
30 113742 3490 4773 1 11 0
30 106688 3494 5361 1 32 1
30 103470 3494 3585 1 37 0
30 83321 3496 3560 1 38 0
30 159905 3500 6563 1 25 0
30 60542 3501 1894 1 50 0
30 82631 3503 3654 1 22 1
30 71328 3504 686 1 5 0
30 147202 3504 1360 1 45 1
30 93796 3506 338 1 18 0
30 95504 3511 4631 1 11 1
30 117660 3512 2389 1 3 0
30 176733 3517 9204 1 28 1
30 177615 3517 4230 1 2 0
30 74779 3518 3701 1 49 1
30 93113 3527 2101 1 25 0
30 77557 3532 3498 1 44 0
30 104256 3544 280 1 2 1
30 72977 3546 2399 1 38 0
30 145737 3550 2562 1 21 0
30 91662 3553 5295 1 15 0
30 100796 3554 3568 1 45 0
30 109697 3555 5139 1 37 0
30 68777 3555 2847 1 17 1
30 78659 3556 3014 1 6 0
30 111648 3556 4619 1 9 0
30 174709 3557 2740 1 2 1
30 63037 3559 3103 1 23 1
30 149160 3560 7761 1 7 1
30 166594 3565 7810 1 18 0
30 63441 3566 1956 1 3 1
30 86433 3571 3951 1 46 0
30 173604 3575 2563 1 32 0
30 161207 3579 6287 1 45 0
30 171247 3579 6235 1 16 1
30 106740 3582 2949 1 33 1
30 79537 3582 2024 1 25 1
30 135839 3582 7936 1 12 1
30 117606 3583 2519 1 31 1
30 136787 3584 6300 1 45 0
30 91053 3585 1150 1 45 0
30 97061 3591 4449 1 30 1
30 104152 3592 1922 1 20 1
30 86162 3594 1118 1 10 1
30 61542 3595 357 1 5 1
30 177120 3596 5882 1 36 1
30 89406 3597 2644 1 44 1
