1500
35 120823 4 2774 1 39 1
35 148841 5 7829 1 14 0
35 76217 7 3960 1 44 1
35 168058 9 4651 1 12 0
35 176717 10 10515 1 51 1
35 114389 11 6704 1 35 1
35 167100 12 1361 1 31 0
35 124384 14 3718 1 21 1
35 106501 15 6098 1 30 1
35 175091 16 6146 1 12 0
35 110689 23 6268 1 2 1
35 148183 24 252 1 23 0
35 113384 24 3874 1 18 1
35 137369 24 821 1 33 0
35 102127 25 1448 1 7 0
35 98290 25 4931 1 47 1
35 79290 27 2238 1 18 0
35 115542 30 210 1 48 1
35 103919 33 4484 1 49 0
35 73850 34 1356 1 22 1
35 126399 36 2809 1 34 1
35 157501 37 8039 1 11 1
35 160302 38 2742 1 13 0
35 163839 42 7925 1 16 0
35 83429 42 2277 1 4 1
35 113111 43 5684 1 3 1
35 156215 44 1668 1 34 1
35 103829 45 4772 1 2 1
35 125171 51 2095 1 30 0
35 159269 54 6158 1 13 0
35 75664 56 1003 1 33 0
35 126973 60 4488 1 51 0
35 97263 74 1971 1 34 0
35 71642 80 2588 1 37 1
35 72942 85 1285 1 39 0
35 157913 93 9303 1 33 0
35 76828 101 805 1 10 0
35 138610 103 3570 1 11 0
35 95855 104 4927 1 50 1
35 97483 111 5725 1 31 0
35 103921 113 3833 1 36 0
35 67382 115 333 1 26 1
35 102777 120 5423 1 5 0
35 76401 121 2994 1 30 0
35 72229 129 3218 1 7 0
35 112607 135 3792 1 26 1
35 74617 139 743 1 28 0
35 76043 141 1463 1 3 0
35 172030 141 5352 1 12 1
35 86916 144 4675 1 20 0
35 121759 145 3395 1 35 1
35 125368 147 5063 1 25 1
35 86855 151 4552 1 5 1
35 104551 155 5343 1 9 0
35 73781 156 1661 1 18 0
35 86310 157 835 1 48 1
35 140981 157 2607 1 31 1
35 80213 161 2289 1 28 1
35 166363 172 6148 1 16 0
35 100361 175 1078 1 30 0
35 164863 176 8099 1 9 0
35 111112 183 2128 1 46 1
35 101803 185 2524 1 37 0
35 77949 187 752 1 15 0
35 113632 190 5293 1 13 1
35 114221 192 4974 1 1 1
35 164133 195 4675 1 13 0
35 138812 197 6117 1 34 1
35 122196 201 2048 1 42 1
35 164463 203 8152 1 11 1
35 146516 203 5571 1 44 1
35 72162 204 3082 1 42 0
35 64719 205 320 1 40 0
35 133959 207 5913 1 35 0
35 109921 207 4915 1 8 1
35 82836 210 2429 1 39 0
35 175232 214 10003 1 40 0
35 111744 219 6153 1 19 0
35 111874 224 6654 1 33 1
35 145786 228 1607 1 26 1
35 153357 232 8008 1 40 0
35 123433 235 4550 1 18 0
35 170606 235 1209 1 3 0
35 97724 238 1381 1 13 0
35 167743 244 4450 1 13 0
35 158073 244 4983 1 35 0
35 137225 248 6589 1 13 1
35 120250 251 2131 1 36 0
35 119456 252 4153 1 29 1
35 175651 256 4121 1 28 0
35 130118 257 1365 1 23 0
35 74868 259 4456 1 4 1
35 128039 261 5058 1 8 1
35 76538 262 1209 1 17 0
35 92140 264 3648 1 27 0
35 73759 270 3934 1 24 0
35 152539 273 7585 1 30 0
35 169951 274 3970 1 30 0
35 177370 277 10500 1 34 0
35 88457 283 2915 1 42 0
35 120209 284 999 1 6 1
35 121974 284 4641 1 8 1
35 151594 286 5778 1 15 1
35 87416 291 3311 1 43 0
35 61343 293 1208 1 11 1
35 143125 297 8271 1 30 0
35 170266 298 3068 1 30 1
35 138397 302 4031 1 3 0
35 93823 302 4071 1 16 0
35 115046 310 395 1 2 1
35 139806 317 8037 1 49 1
35 84891 319 4467 1 44 1
35 134320 326 1603 1 17 0
35 165926 328 6961 1 46 1
35 139959 329 3445 1 34 0
35 113207 329 5004 1 22 0
35 114362 330 3064 1 18 0
35 85022 333 3476 1 9 1
35 150646 336 1313 1 12 0
35 143435 339 3437 1 48 0
35 60041 341 361 1 19 0
35 72194 345 234 1 21 1
35 103151 351 261 1 1 0
35 78375 354 2781 1 18 1
35 97937 355 3856 1 8 1
35 147732 355 7629 1 42 0
35 169952 360 5184 1 9 1
35 177448 361 3440 1 51 0
35 74104 361 1098 1 23 1
35 156246 363 2037 1 19 0
35 121551 363 7116 1 50 0
35 117575 363 1790 1 33 1
35 123774 372 7267 1 51 0
35 92039 374 101 1 30 0
35 141192 376 8052 1 19 1
35 85565 376 1889 1 51 0
35 98754 376 3775 1 38 0
35 120814 378 2751 1 14 0
35 100689 383 2154 1 18 0
35 68701 384 2350 1 19 0
35 120567 386 2929 1 1 1
35 152530 386 7595 1 11 0
35 93873 396 1243 1 26 0
35 170982 396 6955 1 18 1
35 178823 398 3408 1 13 1
35 151629 404 7215 1 13 0
35 84207 406 4367 1 8 0
35 96643 406 3927 1 23 1
35 64744 407 2667 1 14 1
35 93726 408 2951 1 26 0
35 161056 408 8079 1 23 1
35 114150 409 1700 1 42 1
35 78633 413 4335 1 35 0
35 130281 416 6833 1 37 1
35 171936 417 6891 1 30 0
35 121191 429 3348 1 44 0
35 163032 430 2222 1 35 0
35 69517 431 3639 1 43 0
35 173562 434 8420 1 2 1
35 82941 438 104 1 7 1
35 140612 444 5382 1 50 0
35 93279 445 2813 1 14 1
35 64959 446 3453 1 30 1
35 146007 450 3619 1 38 1
35 134821 450 5659 1 32 0
35 101481 451 3051 1 37 0
35 153322 455 6756 1 48 0
35 153888 458 211 1 32 1
35 74267 460 2052 1 21 1
35 152693 462 219 1 12 0
35 151932 467 4191 1 31 1
35 90270 468 1012 1 39 1
35 165211 469 2558 1 10 1
35 158298 470 4422 1 46 1
35 116022 472 4786 1 14 0
35 86676 472 1283 1 26 0
35 109866 476 6023 1 50 1
35 171303 477 1907 1 34 1
35 68004 477 1469 1 14 0
35 72967 478 2450 1 30 1
35 76956 480 1110 1 41 0
35 90658 482 4283 1 13 0
35 75550 485 1931 1 37 1
35 64178 488 3337 1 34 1
35 149764 488 8460 1 11 1
35 100295 490 5590 1 39 0
35 153697 493 5601 1 3 0
35 108180 499 3951 1 44 0
35 122082 502 6606 1 2 0
35 125016 504 4858 1 30 1
35 60634 504 1716 1 31 0
35 130817 505 3847 1 38 1
35 122959 523 5028 1 41 0
35 150738 527 6993 1 2 0
35 119258 527 5468 1 26 1
35 68148 530 562 1 40 1
35 103243 534 4685 1 27 0
35 89145 534 3417 1 41 1
35 105716 535 4472 1 47 1
35 136535 540 5804 1 33 1
35 157622 540 157 1 7 0
35 111457 544 1342 1 30 1
35 137940 546 2034 1 8 0
35 151745 549 6524 1 4 1
35 108912 550 756 1 6 1
35 78142 551 1528 1 39 0
35 124957 556 1595 1 36 1
35 134029 558 7060 1 22 0
35 67600 559 955 1 48 0
35 137809 560 1655 1 1 1
35 170638 560 9770 1 18 0
35 92329 565 2254 1 23 0
35 64947 565 2062 1 49 0
35 71721 566 630 1 47 1
35 124472 571 7317 1 2 1
35 149659 572 3660 1 32 1
35 148889 579 7672 1 23 1
35 153202 581 4262 1 24 0
35 69075 583 3127 1 23 0
35 101251 584 935 1 25 1
35 146491 585 6731 1 43 1
35 80494 587 1050 1 47 0
35 123362 587 6060 1 47 0
35 100928 588 4337 1 49 0
35 153718 596 4406 1 3 0
35 168764 599 2289 1 51 1
35 128238 601 7073 1 22 0
35 77658 601 2738 1 35 1
35 144963 604 629 1 42 0
35 69750 606 3001 1 35 0
35 97080 612 4349 1 35 1
35 73832 625 2126 1 31 0
35 115315 626 5223 1 47 0
35 145034 630 4345 1 36 0
35 144480 631 7743 1 23 1
35 148600 641 3310 1 13 0
35 63417 642 1581 1 46 1
35 61003 643 73 1 32 1
35 163857 644 3405 1 11 1
35 141928 644 7313 1 18 0
35 101217 647 508 1 37 1
35 67278 650 3932 1 32 0
35 128231 653 5655 1 16 0
35 69373 655 436 1 5 0
35 99614 655 2045 1 40 0
35 138126 657 3393 1 22 1
35 179727 661 2115 1 17 0
35 70336 665 190 1 36 1
35 72370 668 1935 1 42 0
35 114460 670 5386 1 4 1
35 111317 671 5267 1 50 0
35 179345 672 6955 1 29 1
35 130775 673 6677 1 4 1
35 89127 682 2351 1 41 0
35 122341 687 6744 1 16 1
35 107473 690 2841 1 40 1
35 63225 692 1619 1 20 0
35 91808 693 2725 1 26 1
35 81626 695 4436 1 30 1
35 100627 699 2031 1 35 1
35 170198 700 4323 1 39 1
35 67597 702 441 1 31 0
35 97202 702 5730 1 38 1
35 75119 702 3884 1 13 0
35 87164 707 4999 1 9 0
35 168034 708 6321 1 38 0
35 118014 714 2470 1 31 0
35 157315 717 2489 1 24 1
35 142924 718 5558 1 8 1
35 174108 719 7513 1 15 1
35 71843 721 516 1 24 0
35 102976 721 281 1 23 1
35 69808 728 4143 1 21 1
35 164283 728 4853 1 13 0
35 119019 732 2429 1 42 0
35 169447 734 9218 1 32 1
35 75744 735 1795 1 46 1
35 173117 738 7564 1 8 0
35 154935 740 8178 1 12 1
35 75674 742 3471 1 15 0
35 105121 745 1707 1 51 0
35 66259 745 858 1 15 0
35 82745 747 2117 1 33 0
35 165465 748 4983 1 51 1
35 77369 748 3194 1 9 1
35 87707 752 4466 1 22 1
35 126916 753 1926 1 14 1
35 156675 757 6542 1 18 1
35 118491 758 2123 1 13 1
35 105438 760 4759 1 33 1
35 79030 761 446 1 19 1
35 171102 766 6960 1 32 1
35 81291 768 2316 1 16 1
35 148562 769 8307 1 49 0
35 73859 769 141 1 38 0
35 167385 770 9752 1 49 1
35 142884 773 5494 1 49 0
35 97048 774 1753 1 50 0
35 76386 774 2755 1 15 1
35 68060 777 2538 1 46 0
35 116727 781 6509 1 44 1
35 162035 782 8641 1 34 1
35 81868 784 1886 1 45 0
35 133742 786 1008 1 2 0
35 128481 790 1903 1 43 0
35 149338 796 5989 1 49 1
35 87779 798 692 1 31 0
35 101016 799 3083 1 2 1
35 132453 803 7747 1 50 0
35 121431 806 709 1 20 0
35 78240 808 3702 1 21 1
35 79955 810 4428 1 7 1
35 168428 810 2233 1 46 1
35 145540 812 5072 1 42 0
35 152857 813 2571 1 25 1
35 135539 820 7317 1 24 1
35 131590 820 5263 1 37 0
35 67080 822 2227 1 26 1
35 172340 822 7781 1 5 0
35 95081 823 3918 1 44 1
35 97579 834 5796 1 40 0
35 62909 839 2309 1 29 0
35 77507 839 1835 1 37 0
35 169825 842 8605 1 19 0
35 109754 844 1346 1 45 0
35 138014 845 5101 1 50 0
35 131865 845 3737 1 9 0
35 92715 846 2720 1 48 0
35 117552 848 2946 1 40 1
35 172213 851 2702 1 27 1
35 86763 853 4040 1 15 0
35 153268 853 6728 1 46 0
35 61438 858 3573 1 20 0
35 133384 858 3212 1 41 0
35 123502 862 6319 1 14 1
35 65192 863 1264 1 7 1
35 118486 866 4934 1 7 1
35 71619 868 1982 1 7 0
35 158097 869 5610 1 21 0
35 135985 870 5291 1 14 0
35 83640 870 4223 1 51 1
35 159899 871 4369 1 16 0
35 126971 874 471 1 27 1
35 148127 875 642 1 37 1
35 176657 877 2392 1 2 0
35 110498 880 1437 1 51 0
35 156361 883 8093 1 19 1
35 97732 888 4498 1 49 0
35 131420 892 7219 1 18 1
35 64670 896 784 1 43 0
35 136810 897 5701 1 4 1
35 138570 899 1896 1 25 0
35 95813 901 2510 1 15 1
35 69898 901 2942 1 2 0
35 90700 904 4065 1 7 0
35 64252 906 1503 1 40 0
35 177868 906 8043 1 5 0
35 101029 907 856 1 22 1
35 139228 907 4339 1 16 0
35 143239 907 8027 1 4 0
35 170970 910 623 1 45 1
35 80793 911 4136 1 30 0
35 145317 921 4901 1 22 1
35 89106 921 2635 1 12 1
35 156453 922 6599 1 2 1
35 148530 922 7992 1 50 1
35 104833 926 2826 1 11 1
35 105176 938 3266 1 50 1
35 145290 938 889 1 4 1
35 137245 939 2530 1 31 0
35 152338 944 6583 1 19 0
35 171814 945 1944 1 47 0
35 121387 946 1744 1 35 1
35 80615 947 4592 1 50 0
35 157544 948 2416 1 10 1
35 170181 948 9655 1 18 0
35 179394 948 5550 1 3 0
35 143398 949 615 1 36 1
35 62453 952 639 1 21 0
35 74982 954 2751 1 37 0
35 170936 957 4548 1 34 1
35 129652 964 2961 1 46 1
35 114290 964 4843 1 37 1
35 110511 965 4978 1 49 1
35 149041 966 2701 1 50 0
35 88685 971 1520 1 17 1
35 97115 972 2172 1 42 0
35 79968 975 4680 1 43 1
35 94557 978 1186 1 30 1
35 143696 978 754 1 14 1
35 94112 979 2974 1 42 0
35 74391 980 464 1 6 1
35 84037 981 2730 1 1 1
35 82524 983 676 1 31 1
35 142237 985 3467 1 16 0
35 127476 986 2471 1 48 0
35 106480 990 4422 1 11 0
35 89099 993 1145 1 10 1
35 139958 995 6399 1 50 0
35 152719 996 5914 1 45 0
35 96707 996 4082 1 38 0
35 74523 996 1646 1 16 1
35 176239 996 6173 1 36 0
35 178020 996 6465 1 11 1
35 116245 1001 6115 1 31 1
35 118694 1004 5972 1 46 1
35 169991 1004 2727 1 26 0
35 134834 1004 1263 1 47 1
35 81912 1009 1806 1 4 1
35 95530 1009 1331 1 27 1
35 70170 1019 2065 1 39 1
35 129651 1021 6884 1 4 1
35 111458 1024 5381 1 19 0
35 152819 1030 1771 1 17 1
35 111114 1032 5794 1 42 1
35 119881 1034 1306 1 14 1
35 126053 1035 7276 1 39 1
35 75346 1038 2200 1 24 0
35 157471 1043 1451 1 29 0
35 105600 1044 3958 1 27 1
35 169683 1046 7831 1 44 1
35 114347 1048 1818 1 34 1
35 131893 1049 2450 1 48 0
35 170609 1050 7380 1 30 0
35 119468 1057 1857 1 11 0
35 168862 1062 1957 1 31 0
35 71837 1064 3835 1 4 0
35 178690 1069 1947 1 15 1
35 158398 1071 9136 1 4 1
35 84182 1079 2638 1 5 0
35 138982 1081 7350 1 3 0
35 137047 1082 5565 1 32 1
35 119183 1082 1122 1 5 1
35 122169 1082 2903 1 33 1
35 72600 1083 3153 1 29 1
35 62492 1083 2119 1 22 1
35 157353 1085 7402 1 39 1
35 126396 1089 1029 1 43 0
35 68957 1090 3882 1 39 1
35 143900 1092 805 1 17 1
35 87155 1093 443 1 34 1
35 144005 1095 2196 1 3 1
35 162292 1096 5009 1 14 1
35 155961 1099 5112 1 6 0
35 75735 1102 1296 1 8 0
35 174461 1108 6003 1 33 0
35 74684 1110 3370 1 3 0
35 67805 1113 3038 1 10 1
35 115500 1113 4351 1 10 0
35 85128 1116 4761 1 47 1
35 168651 1118 5821 1 25 0
35 148879 1124 5596 1 17 0
35 137440 1131 4716 1 28 0
35 86885 1146 2550 1 33 1
35 137400 1149 4923 1 34 0
35 64446 1151 2308 1 17 1
35 110611 1151 3108 1 9 0
35 169443 1151 4308 1 20 0
35 111351 1153 801 1 6 0
35 72539 1153 291 1 32 1
35 167180 1154 2220 1 7 0
35 158518 1157 9422 1 32 1
35 171536 1158 4016 1 1 1
35 60032 1164 2112 1 41 1
35 173339 1166 6592 1 5 0
35 123791 1166 4474 1 4 1
35 135284 1175 2766 1 1 1
35 137616 1180 7162 1 33 1
35 159246 1180 5174 1 25 0
35 79000 1183 487 1 11 1
35 141359 1184 7769 1 17 0
35 145560 1186 6488 1 9 0
35 107018 1190 3960 1 6 0
35 101129 1193 810 1 35 1
35 170438 1196 7285 1 43 1
35 62817 1197 2077 1 2 0
35 93364 1197 5012 1 23 1
35 135964 1200 4383 1 47 1
35 94462 1206 1190 1 2 0
35 97936 1206 3132 1 47 1
35 125159 1215 4713 1 47 1
35 91047 1217 2473 1 27 0
35 85267 1220 5035 1 32 1
35 144046 1220 3502 1 49 1
35 87867 1222 605 1 25 0
35 178992 1226 6554 1 25 0
35 127854 1231 6730 1 30 0
35 149666 1233 6057 1 38 1
35 77514 1233 2680 1 39 1
35 63147 1237 959 1 43 1
35 153002 1240 1349 1 25 1
35 84978 1241 1098 1 17 1
35 145251 1242 853 1 44 1
35 100185 1243 4274 1 27 0
35 118567 1246 6729 1 26 0
35 103771 1249 707 1 15 1
35 162263 1250 8354 1 16 1
35 62770 1251 546 1 19 0
35 107424 1251 4655 1 13 0
35 86331 1255 4256 1 19 1
35 93177 1260 2752 1 42 1
35 166558 1264 6432 1 12 0
35 155981 1265 495 1 37 1
35 94302 1267 1664 1 16 1
35 87016 1268 3092 1 3 0
35 88374 1273 792 1 50 1
35 65558 1274 1935 1 43 1
35 130168 1274 6614 1 26 1
35 99304 1275 2718 1 43 1
35 176060 1276 3800 1 22 0
35 72241 1277 1958 1 11 1
35 86432 1288 2531 1 17 1
35 76385 1294 1634 1 32 1
35 146520 1298 2675 1 5 0
35 89958 1301 759 1 42 0
35 148495 1302 8557 1 24 0
35 71027 1303 493 1 34 0
35 91082 1308 5241 1 35 0
35 131108 1311 3440 1 13 0
35 74804 1311 3676 1 47 0
35 113893 1314 5859 1 29 1
35 155480 1317 1576 1 30 1
35 110235 1318 3950 1 31 0
35 116906 1328 6303 1 43 1
35 121361 1329 1071 1 11 1
35 133836 1330 4554 1 49 1
35 68148 1330 627 1 43 0
35 163820 1331 8462 1 48 0
35 172327 1331 1870 1 16 1
35 61255 1334 2620 1 26 0
35 89299 1335 2130 1 40 1
35 74787 1337 309 1 4 1
35 84071 1340 283 1 41 0
35 117563 1340 5145 1 16 0
35 79434 1342 811 1 1 0
35 128024 1349 3846 1 11 0
35 97492 1350 5784 1 20 0
35 79798 1350 2497 1 49 1
35 141926 1350 1686 1 14 0
35 75723 1353 377 1 42 1
35 161214 1354 9308 1 26 1
35 87572 1355 665 1 37 1
35 78348 1359 450 1 14 0
35 162920 1371 8531 1 11 1
35 151537 1373 4463 1 36 1
35 123856 1376 1755 1 43 0
35 172429 1378 5494 1 1 0
35 127305 1382 2148 1 11 0
35 130253 1382 2870 1 8 1
35 120506 1384 4348 1 7 1
35 171472 1386 4978 1 8 1
35 94360 1386 4832 1 26 0
35 138568 1389 5547 1 23 0
35 171134 1391 9020 1 21 1
35 107998 1392 5596 1 9 0
35 92554 1392 2773 1 13 0
35 115209 1394 1532 1 6 1
35 165748 1398 8362 1 3 1
35 136666 1400 5694 1 2 0
35 167954 1403 7982 1 37 0
35 69648 1403 1308 1 32 0
35 112500 1414 6012 1 33 1
35 65087 1415 659 1 41 0
35 99147 1420 675 1 26 1
35 85996 1423 1466 1 50 1
35 121017 1424 4087 1 17 1
35 112225 1424 3976 1 32 1
35 90179 1432 3813 1 6 0
35 162837 1432 9044 1 34 0
35 137092 1439 669 1 21 0
35 132723 1439 7470 1 45 0
35 130998 1440 1756 1 33 0
35 115141 1442 6261 1 8 0
35 167645 1443 8983 1 38 0
35 103533 1447 2307 1 40 1
35 153470 1448 4100 1 36 0
35 124486 1454 680 1 19 0
35 109374 1455 2240 1 25 0
35 100407 1460 3933 1 34 1
35 129539 1463 7388 1 49 1
35 126968 1463 2766 1 2 0
35 156086 1466 3897 1 16 1
35 113844 1467 4459 1 3 1
35 122183 1470 6194 1 41 1
35 119715 1470 395 1 15 1
35 82733 1471 4425 1 36 0
35 151980 1472 5570 1 12 0
35 171540 1482 846 1 30 0
35 90775 1485 4743 1 43 1
35 174737 1486 10317 1 25 1
35 93699 1487 1188 1 27 1
35 98811 1487 4845 1 5 1
35 82765 1494 3530 1 2 0
35 163531 1499 2558 1 25 1
35 123648 1501 6883 1 31 1
35 91370 1504 807 1 31 0
35 91263 1505 2437 1 25 1
35 95532 1507 1229 1 12 0
35 145713 1507 3123 1 46 0
35 95764 1511 2714 1 43 1
35 146973 1514 6730 1 35 0
35 172352 1515 5668 1 23 0
35 68014 1515 739 1 24 0
35 115415 1516 5792 1 7 1
35 92900 1519 2890 1 34 0
35 130823 1523 1175 1 40 0
35 61646 1523 1928 1 16 1
35 159538 1528 4237 1 29 1
35 82523 1532 655 1 31 1
35 132020 1535 6173 1 13 1
35 153353 1539 5166 1 17 1
35 95992 1541 3923 1 18 1
35 105788 1544 4868 1 22 0
35 130364 1544 7513 1 50 1
35 92912 1547 5240 1 41 0
35 147154 1548 5154 1 44 1
35 82856 1548 2569 1 20 1
35 149098 1549 2773 1 17 0
35 125863 1551 5413 1 51 1
35 117590 1556 4441 1 6 1
35 140806 1557 7200 1 33 0
35 74998 1560 653 1 48 0
35 141964 1561 278 1 4 1
35 155884 1563 2784 1 23 0
35 99110 1565 5199 1 31 1
35 175229 1566 9906 1 36 0
35 146757 1566 7979 1 33 0
35 86185 1572 5131 1 46 1
35 159819 1579 374 1 42 0
35 83437 1582 2054 1 46 1
35 119516 1582 5496 1 43 0
35 113895 1584 155 1 10 0
35 122864 1585 1358 1 15 0
35 92290 1591 4245 1 7 1
35 125180 1592 1620 1 33 0
35 86277 1594 1705 1 31 1
35 109505 1594 5026 1 2 0
35 155620 1597 3608 1 38 1
35 76851 1601 1425 1 12 0
35 77770 1601 2445 1 43 1
35 77441 1604 3624 1 18 0
35 88712 1605 3926 1 44 1
35 148747 1605 6223 1 51 0
35 157288 1606 6401 1 10 1
35 171999 1608 9404 1 48 0
35 108940 1611 1846 1 34 0
35 80734 1612 1760 1 44 1
35 176037 1613 4928 1 35 1
35 113422 1613 635 1 28 0
35 61943 1613 2980 1 18 0
35 148865 1614 2379 1 38 0
35 168912 1616 7405 1 48 1
35 72004 1617 2104 1 30 0
35 116737 1625 4676 1 44 0
35 128925 1626 1306 1 44 0
35 169376 1627 3039 1 2 1
35 101061 1627 147 1 28 1
35 75558 1630 2609 1 36 1
35 123199 1631 1523 1 5 1
35 175171 1632 10147 1 19 1
35 137224 1632 4137 1 11 1
35 73752 1633 2898 1 5 1
35 64001 1644 1250 1 42 1
35 93269 1645 5521 1 9 0
35 100913 1648 344 1 30 0
35 176356 1649 7352 1 8 1
35 172487 1651 9439 1 23 0
35 67238 1671 3305 1 36 0
35 160420 1674 5075 1 42 1
35 176609 1675 3906 1 18 0
35 152928 1676 3616 1 20 0
35 86235 1680 3986 1 18 1
35 142916 1681 6960 1 29 1
35 171133 1682 5273 1 30 0
35 87161 1682 1832 1 51 0
35 162570 1684 9206 1 26 0
35 169999 1688 3834 1 21 0
35 74171 1691 2636 1 40 1
35 106889 1693 3789 1 18 0
35 157417 1693 1260 1 23 0
35 112202 1694 5676 1 32 1
35 173082 1697 8545 1 36 0
35 171952 1702 944 1 10 0
35 135700 1703 4703 1 26 1
35 78965 1703 2438 1 10 0
35 92567 1708 539 1 46 1
35 136783 1709 4335 1 39 1
35 130450 1725 4228 1 46 0
35 64000 1733 1367 1 45 0
35 107741 1735 3037 1 45 1
35 147845 1736 3337 1 10 1
35 96386 1738 2803 1 2 0
35 146280 1741 3954 1 20 1
35 84417 1743 772 1 26 0
35 170096 1743 5351 1 13 1
35 96771 1748 848 1 18 1
35 149108 1748 2110 1 2 0
35 90833 1749 5312 1 5 1
35 63283 1752 2587 1 42 1
35 94963 1752 1204 1 37 0
35 66883 1753 1063 1 35 0
35 147841 1754 4263 1 16 1
35 168877 1763 1347 1 41 1
35 125854 1768 1852 1 32 1
35 153426 1769 8246 1 24 0
35 103361 1773 277 1 16 1
35 123683 1778 4289 1 17 1
35 93009 1780 2025 1 34 0
35 116772 1780 948 1 3 1
35 149638 1781 3636 1 10 0
35 154592 1784 9141 1 14 1
35 109790 1785 2327 1 19 0
35 176451 1785 7625 1 30 1
35 71262 1785 1266 1 41 0
35 108120 1791 1713 1 24 1
35 143346 1795 6147 1 9 1
35 163120 1796 8289 1 50 1
35 135817 1796 362 1 13 0
35 129213 1803 5931 1 34 0
35 110354 1807 2558 1 32 1
35 89979 1808 269 1 36 0
35 61073 1812 1526 1 40 1
35 103692 1818 5508 1 29 1
35 72458 1819 440 1 1 1
35 63378 1822 2589 1 6 1
35 174877 1822 4993 1 1 0
35 137834 1823 6263 1 8 0
35 100862 1827 364 1 11 0
35 144195 1829 3080 1 33 0
35 174893 1832 8104 1 51 0
35 67544 1833 3789 1 28 1
35 76273 1834 2559 1 49 0
35 95088 1834 1741 1 43 1
35 125890 1835 2352 1 30 1
35 97070 1838 4983 1 36 0
35 69481 1842 3081 1 12 1
35 167588 1843 8688 1 2 0
35 152640 1844 6505 1 34 0
35 79054 1845 1259 1 14 1
35 155139 1845 6922 1 2 0
35 95988 1848 5374 1 46 0
35 92340 1849 2876 1 41 1
35 124417 1853 2606 1 50 0
35 106907 1853 4764 1 24 0
35 84101 1856 2415 1 1 0
35 112947 1856 1464 1 39 0
35 60071 1856 1531 1 26 0
35 90693 1857 4062 1 20 0
35 78981 1858 165 1 43 1
35 91848 1862 4806 1 50 1
35 139110 1866 7711 1 51 0
35 106173 1866 1542 1 2 1
35 173001 1867 1526 1 25 0
35 161049 1869 9497 1 38 1
35 162394 1871 846 1 46 1
35 164689 1876 3060 1 21 1
35 148668 1878 5346 1 12 1
35 124313 1878 1765 1 3 1
35 160962 1879 2292 1 41 1
35 74178 1879 2616 1 33 1
35 117148 1879 3828 1 2 0
35 175152 1881 8240 1 31 1
35 84489 1881 629 1 35 1
35 110823 1889 3175 1 26 1
35 97739 1895 905 1 22 0
35 126468 1900 3952 1 20 1
35 152374 1905 8798 1 37 1
35 121067 1908 3744 1 11 1
35 175576 1909 8418 1 37 1
35 156593 1910 222 1 38 0
35 86918 1910 2370 1 36 1
35 161185 1912 9636 1 11 0
35 76047 1917 3536 1 25 1
35 102707 1917 2948 1 35 0
35 127970 1919 5819 1 37 0
35 77963 1922 2942 1 47 1
35 63183 1923 3426 1 8 0
35 64096 1926 3337 1 36 0
35 65953 1932 1471 1 6 1
35 72845 1940 2423 1 22 0
35 66442 1941 3610 1 3 1
35 169443 1944 4976 1 2 0
35 145464 1947 8335 1 48 1
35 82325 1948 3948 1 46 0
35 137521 1950 3639 1 12 0
35 67359 1954 159 1 19 0
35 157108 1956 970 1 6 1
35 155862 1958 2560 1 2 0
35 129152 1959 6884 1 47 0
35 96794 1959 741 1 21 0
35 122731 1960 7227 1 5 1
35 114788 1960 5109 1 25 1
35 147899 1967 4156 1 18 0
35 63141 1969 568 1 25 1
35 121977 1975 4959 1 46 1
35 168641 1976 3180 1 50 1
35 144031 1977 3444 1 38 1
35 156260 1980 8713 1 42 1
35 91164 1981 5268 1 26 1
35 145195 1986 5243 1 19 0
35 141685 1987 528 1 43 1
35 125764 1988 7386 1 38 1
35 173611 1988 6651 1 45 0
35 132432 1995 7270 1 16 0
35 70500 1999 1906 1 27 1
35 138296 2005 726 1 45 1
35 88029 2013 4119 1 39 1
35 137189 2014 8106 1 47 0
35 145521 2016 2351 1 25 1
35 175325 2017 5254 1 44 0
35 161540 2019 4944 1 48 0
35 104269 2022 1207 1 2 1
35 67764 2024 468 1 12 0
35 76705 2027 2011 1 5 0
35 157168 2028 9201 1 15 0
35 74082 2028 4028 1 21 0
35 162268 2032 4488 1 36 0
35 74638 2034 3695 1 7 1
35 99515 2034 4465 1 25 1
35 173106 2035 8822 1 8 0
35 148159 2036 2240 1 17 1
35 159603 2043 451 1 6 0
35 128560 2043 201 1 13 0
35 83880 2046 1674 1 12 0
35 148363 2046 7543 1 11 1
35 159294 2046 209 1 39 1
35 87846 2050 5183 1 38 1
35 108748 2054 1877 1 45 1
35 145313 2055 2079 1 7 0
35 82597 2058 745 1 48 1
35 167283 2060 3159 1 23 0
35 147956 2061 731 1 11 1
35 161059 2061 3282 1 38 0
35 142665 2070 4802 1 14 1
35 107006 2071 4655 1 30 0
35 78041 2072 3449 1 36 0
35 150535 2075 4108 1 17 1
35 97405 2078 1435 1 11 0
35 177196 2080 9428 1 28 0
35 67548 2084 1256 1 22 0
35 123147 2085 5148 1 32 0
35 140588 2088 5878 1 16 1
35 73852 2090 3364 1 28 0
35 162223 2090 6336 1 3 0
35 173513 2090 8085 1 35 0
35 122290 2094 1999 1 30 1
35 70727 2095 3844 1 17 1
35 95495 2096 3618 1 18 1
35 140950 2107 1135 1 4 0
35 77789 2107 2568 1 14 0
35 145561 2108 1071 1 33 0
35 108801 2120 4046 1 6 0
35 94158 2121 2616 1 35 0
35 106760 2124 172 1 27 0
35 91612 2124 920 1 2 1
35 146282 2125 6030 1 34 1
35 81639 2126 2062 1 39 1
35 100796 2128 4197 1 36 0
35 175963 2129 7554 1 37 1
35 78809 2133 1184 1 12 0
35 121606 2134 382 1 14 1
35 80863 2135 4323 1 15 0
35 154020 2139 4202 1 32 0
35 105750 2142 5249 1 39 0
35 128244 2143 4895 1 36 1
35 142659 2144 6481 1 38 0
35 82951 2145 3014 1 5 1
35 80714 2149 2884 1 1 1
35 112280 2150 1394 1 22 1
35 107899 2151 2900 1 2 1
35 169961 2153 7507 1 47 0
35 76982 2156 2452 1 12 1
35 171255 2163 5943 1 44 1
35 83945 2163 690 1 11 1
35 85150 2164 1445 1 16 0
35 72921 2166 1154 1 18 1
35 154133 2166 9109 1 19 1
35 112504 2167 5700 1 8 1
35 107797 2169 3296 1 51 0
35 130852 2170 7175 1 16 1
35 172740 2177 4615 1 47 1
35 73780 2181 1238 1 8 0
35 81238 2183 2124 1 50 1
35 73762 2183 2926 1 38 0
35 70593 2184 4175 1 39 1
35 125116 2193 7502 1 21 0
35 78941 2201 3464 1 14 0
35 94263 2202 1710 1 15 0
35 149319 2203 5290 1 11 1
35 79167 2206 4594 1 36 0
35 98332 2206 4712 1 29 0
35 65837 2207 774 1 15 1
35 172342 2208 3080 1 18 1
35 128101 2208 5125 1 46 0
35 110301 2209 1561 1 15 1
35 119231 2211 6817 1 51 0
35 131796 2213 2779 1 10 0
35 152114 2214 1670 1 34 0
35 148043 2223 8826 1 23 1
35 82056 2224 357 1 46 1
35 80632 2226 718 1 30 1
35 83039 2228 3529 1 11 0
35 164907 2230 2814 1 51 0
35 64891 2235 3650 1 24 1
35 163387 2236 9169 1 18 1
35 90169 2241 4642 1 51 0
35 166755 2241 6582 1 36 0
35 90615 2244 690 1 41 1
35 86077 2247 645 1 20 1
35 157187 2248 1045 1 28 0
35 123068 2252 679 1 42 1
35 90161 2254 2903 1 11 0
35 138313 2260 6639 1 2 0
35 175601 2260 6977 1 1 1
35 127759 2261 6004 1 37 1
35 91193 2264 3971 1 50 1
35 71407 2265 376 1 3 1
35 78574 2266 1519 1 47 0
35 146542 2266 395 1 16 0
35 62981 2272 1374 1 6 1
35 68407 2272 1126 1 36 0
35 65064 2273 322 1 7 1
35 173374 2275 4612 1 22 1
35 83163 2277 2373 1 44 1
35 70964 2278 125 1 38 1
35 101852 2278 2029 1 11 0
35 161458 2280 2904 1 25 0
35 137702 2285 6475 1 18 0
35 148299 2285 6660 1 29 1
35 107756 2287 2136 1 38 1
35 160886 2288 2809 1 36 0
35 151323 2289 6218 1 8 1
35 68534 2289 2649 1 18 0
35 179721 2289 9771 1 12 0
35 90989 2291 188 1 48 1
35 111022 2293 6340 1 11 1
35 134110 2299 1524 1 29 0
35 170556 2299 5236 1 29 1
35 124272 2300 1548 1 32 0
35 102725 2305 4671 1 8 1
35 117200 2308 3489 1 35 1
35 146079 2310 2693 1 5 1
35 63089 2315 1865 1 16 0
35 77997 2315 2623 1 39 0
35 99874 2318 2924 1 20 0
35 162434 2318 638 1 4 0
35 110398 2319 1961 1 41 1
35 142710 2320 1135 1 19 0
35 106480 2320 2347 1 22 0
35 114318 2324 4017 1 25 1
35 85685 2325 2660 1 15 0
35 156675 2326 1149 1 3 0
35 151449 2328 2698 1 14 1
35 73242 2332 3534 1 22 0
35 130053 2338 293 1 15 0
35 126773 2340 6154 1 20 0
35 72606 2341 3394 1 1 0
35 108667 2342 6007 1 36 0
35 90601 2345 612 1 45 0
35 154912 2348 5935 1 7 1
35 176428 2352 247 1 38 1
35 120636 2356 6680 1 31 0
35 108354 2366 645 1 29 1
35 98145 2368 5426 1 49 0
35 60143 2372 2657 1 41 1
35 107205 2372 2713 1 20 0
35 90854 2372 5157 1 18 1
35 67007 2376 2506 1 12 1
35 113190 2377 3247 1 9 0
35 149109 2381 7600 1 6 0
35 86058 2381 3829 1 11 0
35 156591 2383 8831 1 24 0
35 123980 2389 3262 1 21 0
35 123810 2390 3145 1 50 1
35 131649 2392 5346 1 16 1
35 118679 2394 2336 1 50 1
35 121314 2398 4844 1 48 0
35 133940 2399 3879 1 13 0
35 78668 2401 4497 1 49 1
35 121383 2401 6398 1 10 0
35 71132 2406 2293 1 34 1
35 98132 2408 1379 1 26 0
35 84546 2409 1448 1 27 1
35 95396 2410 4252 1 39 1
35 60879 2413 1019 1 1 1
35 67531 2418 1274 1 46 0
35 83635 2420 4747 1 46 1
35 126588 2421 1737 1 18 1
35 155687 2421 1392 1 7 1
35 147841 2424 1429 1 29 0
35 150947 2427 8540 1 5 0
35 153927 2427 4835 1 26 0
35 89418 2429 1293 1 39 1
35 178792 2433 8891 1 41 0
35 62027 2434 1414 1 41 0
35 99784 2439 1875 1 16 0
35 98872 2440 4565 1 44 1
35 135324 2441 1372 1 44 1
35 117321 2443 4488 1 34 0
35 60184 2444 3000 1 18 1
35 82680 2445 1780 1 18 1
35 116755 2447 5739 1 25 0
35 119556 2447 1407 1 12 1
35 100290 2448 248 1 33 1
35 132685 2449 3625 1 46 0
35 118477 2456 569 1 36 0
35 125710 2457 6342 1 31 0
35 82775 2457 1345 1 51 1
35 121053 2458 2904 1 7 0
35 110032 2458 4805 1 31 1
35 166870 2459 5560 1 36 0
35 112462 2461 4312 1 18 1
35 121684 2463 6302 1 36 0
35 136342 2465 3551 1 9 0
35 73247 2466 3219 1 25 1
35 108983 2468 2798 1 31 0
35 128323 2469 7168 1 18 0
35 156708 2471 1939 1 41 1
35 173392 2474 4379 1 30 0
35 68491 2476 1256 1 3 1
35 149884 2481 6493 1 51 0
35 104927 2483 5516 1 29 0
35 83648 2485 4558 1 7 1
35 96305 2487 4458 1 25 1
35 62516 2497 1600 1 4 1
35 111066 2501 4300 1 46 0
35 132404 2501 4039 1 16 0
35 106224 2502 5508 1 6 0
35 68255 2504 1682 1 29 0
35 160422 2505 6542 1 11 1
35 118707 2506 6631 1 45 0
35 99131 2509 3315 1 15 0
35 86368 2513 311 1 12 1
35 60379 2513 2494 1 23 0
35 101611 2513 4752 1 27 1
35 153477 2518 6811 1 44 0
35 129105 2521 3198 1 45 1
35 113370 2522 2110 1 49 0
35 115396 2524 4714 1 35 0
35 105581 2525 2306 1 18 0
35 69934 2532 379 1 50 0
35 114274 2534 616 1 11 1
35 174941 2534 1204 1 49 0
35 91229 2534 1991 1 9 1
35 117409 2536 5631 1 27 0
35 179966 2537 2809 1 23 0
35 161219 2538 9496 1 24 1
35 171433 2540 9459 1 12 1
35 101221 2542 2270 1 1 1
35 159238 2543 7260 1 45 0
35 77464 2543 2202 1 40 1
35 146402 2547 1926 1 16 0
35 114076 2547 4712 1 33 0
35 141899 2551 834 1 25 0
35 61163 2552 1324 1 35 1
35 108710 2552 5026 1 16 1
35 126932 2557 4413 1 51 1
35 73692 2561 4000 1 51 1
35 114803 2563 6169 1 39 1
35 107108 2563 386 1 17 1
35 135189 2568 6338 1 7 0
35 165407 2570 5700 1 33 1
35 103846 2572 834 1 12 0
35 88548 2574 2545 1 35 1
35 171815 2583 8940 1 7 0
35 168038 2584 3433 1 49 1
35 161079 2585 7646 1 28 1
35 134661 2586 6400 1 18 1
35 171418 2588 8596 1 11 0
35 81696 2593 3547 1 4 1
35 156990 2599 6952 1 45 1
35 176760 2605 2586 1 51 1
35 160301 2607 4351 1 20 1
35 60715 2607 2922 1 39 1
35 84908 2608 1618 1 42 0
35 96244 2609 2879 1 26 1
35 100287 2609 2540 1 34 0
35 77367 2610 1474 1 11 1
35 174038 2610 8876 1 9 0
35 169235 2618 2409 1 33 1
35 72579 2620 4123 1 2 1
35 125359 2624 3078 1 44 1
35 87170 2625 4054 1 44 1
35 161250 2629 8126 1 1 1
35 90599 2631 574 1 43 0
35 131375 2631 4966 1 38 1
35 72040 2632 1087 1 9 0
35 124591 2632 426 1 36 1
35 177131 2636 10185 1 27 0
35 77663 2637 1172 1 7 1
35 146375 2640 6092 1 41 0
35 70291 2643 122 1 33 1
35 147823 2646 1251 1 1 0
35 159919 2651 5240 1 14 1
35 72722 2651 2620 1 17 1
35 172905 2656 5472 1 38 1
35 153013 2657 4815 1 25 0
35 167155 2659 1226 1 5 1
35 102068 2662 764 1 50 0
35 118818 2662 6579 1 23 0
35 105878 2663 2652 1 35 1
35 157624 2668 5226 1 30 0
35 76517 2670 1599 1 17 0
35 101697 2674 2439 1 36 1
35 89346 2683 4600 1 42 1
35 144831 2687 7347 1 21 1
35 171381 2688 5299 1 11 0
35 159174 2688 4280 1 21 1
35 65297 2693 1308 1 6 0
35 72709 2696 2878 1 46 0
35 84826 2697 1115 1 35 0
35 107552 2698 427 1 14 0
35 178103 2699 8206 1 41 1
35 84919 2699 139 1 16 1
35 144154 2700 2839 1 7 0
35 66901 2701 641 1 19 0
35 161146 2702 2887 1 21 1
35 93958 2703 2050 1 38 0
35 100598 2705 2495 1 15 0
35 72488 2710 1918 1 11 0
35 109624 2710 3198 1 15 1
35 124366 2713 6689 1 38 0
35 140328 2716 3464 1 14 1
35 62563 2716 1292 1 30 1
35 78073 2718 1164 1 51 0
35 135777 2722 819 1 7 1
35 65722 2722 1420 1 8 1
35 105247 2724 1364 1 14 1
35 174313 2724 3814 1 6 1
35 177750 2724 4702 1 23 1
35 74329 2727 3257 1 18 0
35 114957 2729 4502 1 28 1
35 117781 2731 1588 1 13 0
35 115837 2734 3556 1 37 0
35 68055 2735 561 1 21 1
35 76089 2735 3639 1 17 1
35 113759 2736 5399 1 9 0
35 67625 2738 3937 1 13 1
35 156152 2740 8884 1 14 1
35 145136 2742 3601 1 44 0
35 178735 2746 9258 1 20 1
35 132733 2747 2782 1 11 0
35 111825 2748 3063 1 18 0
35 124869 2753 7455 1 31 0
35 92783 2753 3419 1 1 1
35 156629 2754 8519 1 38 1
35 62549 2756 1269 1 51 1
35 111143 2758 3560 1 22 1
35 124585 2760 391 1 27 0
35 118243 2765 6413 1 11 1
35 93717 2766 3818 1 42 1
35 89137 2767 5276 1 43 1
35 110132 2768 312 1 30 1
35 141513 2772 790 1 13 0
35 68003 2772 2197 1 16 1
35 141041 2774 2077 1 42 0
35 127611 2774 3242 1 38 0
35 153099 2776 7372 1 3 0
35 134602 2784 3326 1 35 0
35 62858 2787 1617 1 18 0
35 68373 2789 1746 1 23 1
35 154281 2790 2179 1 49 0
35 77707 2795 172 1 29 0
35 61569 2796 247 1 43 0
35 177962 2797 2447 1 23 1
35 119495 2801 1053 1 15 0
35 134094 2807 3167 1 34 1
35 66435 2807 3521 1 50 0
35 136034 2813 4581 1 12 0
35 76289 2814 1340 1 31 0
35 92207 2817 5385 1 2 1
35 62108 2817 2941 1 1 0
35 80245 2819 2480 1 35 0
35 80321 2820 4456 1 27 0
35 124442 2821 1701 1 9 1
35 70464 2823 3222 1 18 0
35 71185 2831 266 1 37 0
35 101709 2831 1941 1 42 0
35 63858 2836 3276 1 42 1
35 113072 2837 599 1 31 1
35 66839 2838 3146 1 42 1
35 84781 2847 3488 1 15 0
35 116146 2849 3270 1 44 0
35 65511 2850 819 1 14 0
35 162044 2852 2981 1 44 1
35 78798 2853 3704 1 38 1
35 136512 2857 5638 1 31 0
35 74096 2858 2426 1 51 0
35 134848 2858 2985 1 4 0
35 131252 2859 6023 1 1 1
35 85502 2860 3822 1 10 1
35 151785 2867 4535 1 7 1
35 162387 2870 756 1 18 0
35 71256 2870 4207 1 45 1
35 115679 2871 3720 1 13 0
35 85952 2874 4973 1 32 1
35 90287 2880 1890 1 50 0
35 138285 2881 290 1 39 1
35 107697 2881 3108 1 37 1
35 130542 2887 1049 1 17 1
35 60230 2887 2291 1 28 1
35 132725 2889 3592 1 30 0
35 173702 2891 7769 1 4 1
35 170855 2892 8914 1 6 1
35 98068 2896 5118 1 29 0
35 151230 2898 1383 1 25 1
35 162093 2901 2182 1 21 1
35 145082 2910 7842 1 25 0
35 65866 2913 303 1 48 1
35 140665 2914 4591 1 23 1
35 124743 2919 2932 1 17 0
35 108839 2920 5463 1 23 0
35 69350 2922 3018 1 12 1
35 152250 2925 922 1 1 0
35 89159 2926 3912 1 33 0
35 178565 2929 3865 1 39 0
35 91187 2930 138 1 5 1
35 73342 2930 3329 1 41 0
35 119226 2932 5511 1 51 1
35 75693 2934 3071 1 8 1
35 151579 2935 6390 1 17 1
35 170428 2938 5237 1 19 1
35 96900 2938 2579 1 33 0
35 87155 2939 4667 1 47 0
35 97913 2940 3164 1 30 1
35 95872 2940 2754 1 40 1
35 64432 2942 3435 1 19 0
35 98205 2955 4316 1 39 1
35 144831 2958 2791 1 4 0
35 89671 2958 920 1 37 0
35 124413 2961 4032 1 12 0
35 173080 2963 3485 1 35 0
35 131828 2967 1910 1 49 0
35 122569 2967 5406 1 2 0
35 159476 2970 2948 1 32 0
35 178346 2971 6982 1 30 0
35 100836 2973 162 1 46 0
35 109375 2976 4636 1 40 1
35 129136 2977 1788 1 12 1
35 108807 2982 1175 1 38 0
35 100819 2985 1647 1 36 0
35 89463 2985 2945 1 37 1
35 98956 2989 2107 1 50 0
35 153924 2990 3545 1 41 1
35 113565 2996 4254 1 6 1
35 155349 3000 4443 1 16 1
35 88990 3002 2588 1 5 0
35 80877 3002 4220 1 35 1
35 70365 3004 1506 1 9 0
35 131667 3006 5876 1 13 0
35 112050 3013 6383 1 11 0
35 132452 3015 3455 1 18 0
35 99809 3017 384 1 27 1
35 70696 3028 3066 1 44 1
35 161340 3029 5722 1 25 1
35 127944 3035 378 1 49 0
35 77965 3042 2334 1 48 1
35 130283 3046 3412 1 11 0
35 99435 3047 4287 1 19 1
35 79600 3048 2947 1 36 1
35 102055 3059 4129 1 30 1
35 108994 3060 2930 1 4 0
35 170894 3064 2281 1 15 0
35 160987 3065 2987 1 26 0
35 86108 3066 1403 1 18 1
35 85855 3066 4260 1 18 0
35 87934 3067 295 1 32 0
35 78086 3068 1910 1 31 0
35 108016 3068 733 1 39 1
35 89821 3070 174 1 1 0
35 65308 3071 2740 1 16 0
35 113043 3073 4915 1 18 1
35 88953 3074 2263 1 19 1
35 171806 3075 5146 1 18 1
35 104377 3079 1057 1 11 1
35 163390 3080 6732 1 42 1
35 65967 3080 555 1 32 1
35 113472 3085 2130 1 45 1
35 77903 3085 1448 1 16 0
35 89255 3085 4599 1 40 1
35 63287 3090 2830 1 27 0
35 158034 3094 8908 1 8 0
35 86703 3096 417 1 36 0
35 127180 3098 903 1 1 0
35 131362 3101 7382 1 41 1
35 170886 3103 1356 1 6 0
35 91081 3111 259 1 1 0
35 96970 3114 3471 1 7 1
35 148260 3121 4215 1 20 0
35 122962 3121 6952 1 20 0
35 138844 3122 7560 1 16 0
35 112993 3122 4340 1 16 0
35 158929 3142 7000 1 21 1
35 98547 3143 2722 1 37 0
35 62805 3143 2133 1 19 1
35 109591 3148 779 1 11 0
35 140059 3149 5631 1 15 0
35 99029 3152 729 1 41 0
35 78980 3154 4207 1 6 1
35 134410 3155 4402 1 5 1
35 138504 3159 2160 1 3 1
35 112155 3163 5190 1 50 0
35 169489 3171 9306 1 4 0
35 97372 3172 2346 1 13 0
35 63616 3173 1701 1 43 1
35 74407 3174 2809 1 4 0
35 126667 3174 1641 1 41 0
35 151288 3175 8392 1 16 1
35 177023 3175 9056 1 21 0
35 150389 3178 3868 1 13 0
35 103835 3178 408 1 30 0
35 88645 3180 1371 1 49 1
35 175183 3182 8827 1 37 1
35 124413 3186 3566 1 27 0
35 121786 3187 5832 1 29 0
35 111178 3189 3986 1 30 0
35 147815 3189 8270 1 3 0
35 166088 3191 2019 1 15 0
35 155075 3193 2582 1 44 0
35 111887 3195 815 1 6 1
35 121367 3200 1808 1 44 1
35 102688 3200 3510 1 2 0
35 104325 3201 4046 1 8 0
35 69987 3205 304 1 4 1
35 90660 3206 4365 1 38 1
35 178523 3207 8395 1 45 0
35 135070 3209 5402 1 4 1
35 144751 3210 2312 1 30 1
35 113415 3214 2776 1 32 1
35 77172 3215 4096 1 25 1
35 102217 3222 201 1 45 1
35 89913 3229 2902 1 7 1
35 119637 3240 5239 1 38 0
35 163674 3240 7861 1 46 0
35 127272 3240 3888 1 49 1
35 132362 3241 5653 1 39 0
35 117392 3249 2674 1 46 1
35 155858 3251 6372 1 40 1
35 106368 3255 6349 1 47 0
35 140351 3257 5766 1 50 0
35 132548 3261 6385 1 35 1
35 108318 3261 1835 1 6 0
35 95647 3262 2130 1 31 1
35 113326 3263 3546 1 1 1
35 153441 3264 7182 1 2 0
35 84516 3265 3911 1 12 1
35 139527 3266 4138 1 18 1
35 96333 3267 1207 1 13 0
35 155884 3267 4119 1 15 1
35 135015 3268 3373 1 48 1
35 77528 3269 2304 1 51 0
35 122869 3271 4754 1 21 0
35 90743 3278 330 1 11 0
35 93560 3278 3817 1 9 1
35 106402 3283 1777 1 42 0
35 94313 3288 2712 1 30 1
35 173513 3289 10357 1 27 1
35 153256 3290 1265 1 6 1
35 61117 3292 2082 1 40 0
35 140083 3293 5795 1 5 1
35 105026 3297 2700 1 29 0
35 91100 3301 4999 1 26 1
35 152460 3305 7438 1 17 0
35 171525 3306 4222 1 34 1
35 165961 3310 5695 1 34 0
35 171644 3311 594 1 10 1
35 111761 3312 4078 1 49 0
35 70555 3313 2399 1 24 0
35 94966 3314 967 1 47 0
35 79650 3316 3383 1 17 0
35 87026 3318 1710 1 47 0
35 94543 3322 3059 1 14 1
35 98789 3323 2073 1 30 1
35 82196 3325 3150 1 36 1
35 63916 3326 2527 1 34 1
35 91690 3328 185 1 9 1
35 73100 3332 793 1 30 0
35 178121 3332 6029 1 36 0
35 163788 3333 6228 1 21 1
35 152305 3335 1000 1 25 1
35 151005 3337 2198 1 22 0
35 169318 3343 1458 1 44 0
35 153702 3344 7172 1 19 1
35 88283 3348 4319 1 47 1
35 101735 3350 1379 1 33 0
35 167335 3351 2652 1 8 0
35 146965 3357 6938 1 30 0
35 60043 3357 3235 1 9 0
35 103486 3359 5611 1 34 0
35 178620 3360 8918 1 46 0
35 142079 3361 2359 1 18 1
35 174950 3366 7597 1 8 1
35 70481 3368 1280 1 37 0
35 80014 3370 502 1 24 1
35 73701 3373 1826 1 1 0
35 120063 3373 397 1 26 0
35 94733 3373 4235 1 8 0
35 137616 3375 1897 1 17 1
35 90306 3380 4149 1 10 0
35 94545 3383 5118 1 14 1
35 142973 3385 537 1 24 0
35 106747 3386 4727 1 40 0
35 88232 3391 315 1 31 0
35 93096 3391 5481 1 30 1
35 101021 3392 3148 1 35 1
35 105008 3392 2154 1 22 0
35 129093 3393 6828 1 33 1
35 69611 3393 4007 1 5 0
35 169876 3396 4611 1 34 1
35 163956 3398 8907 1 1 0
35 167058 3398 272 1 24 0
35 131388 3399 1041 1 11 0
35 86819 3402 1326 1 22 0
35 113751 3403 2169 1 8 1
35 109797 3404 1876 1 48 1
35 158036 3405 6090 1 11 0
35 110757 3406 4996 1 21 0
35 120260 3409 4170 1 3 0
35 154509 3411 8187 1 34 0
35 170533 3411 4835 1 7 0
35 159187 3416 3912 1 28 1
35 126873 3416 6904 1 31 1
35 175964 3420 4401 1 24 0
35 167144 3421 9666 1 44 1
35 168672 3423 7938 1 19 0
35 159902 3424 3510 1 49 0
35 94651 3425 3636 1 44 0
35 153453 3432 2377 1 29 1
35 161841 3437 3673 1 29 1
35 66878 3438 1065 1 45 0
35 77048 3444 3834 1 23 1
35 155911 3444 5320 1 14 0
35 85215 3449 5043 1 7 1
35 83545 3451 309 1 36 1
35 153424 3452 7636 1 43 1
35 170120 3453 3015 1 21 0
35 64082 3453 569 1 48 1
35 159314 3456 1407 1 49 1
35 145392 3458 1338 1 28 0
35 158196 3458 1979 1 25 1
35 163309 3459 9568 1 29 1
35 80192 3466 170 1 29 1
35 133115 3468 7552 1 29 0
35 80546 3468 4134 1 5 0
35 127340 3476 3024 1 31 1
35 67404 3478 2450 1 23 1
35 136345 3480 5574 1 10 0
35 103790 3481 3245 1 2 0
35 177306 3486 9338 1 13 1
35 108771 3489 394 1 40 1
35 82403 3491 1489 1 22 1
35 175017 3493 6672 1 19 1
35 128386 3500 4668 1 46 1
35 122807 3501 1495 1 32 1
35 154309 3501 2987 1 35 0
35 157960 3502 3295 1 38 1
35 104978 3503 2011 1 4 1
35 82061 3505 3500 1 27 1
35 112635 3505 2387 1 11 1
35 123510 3507 1769 1 24 0
35 124288 3510 2138 1 27 1
35 160252 3512 5423 1 20 0
35 70127 3516 1497 1 50 0
35 68985 3520 1962 1 38 0
35 103196 3522 5170 1 4 1
35 78674 3523 851 1 20 0
35 68773 3526 2738 1 24 1
35 157621 3527 3567 1 9 1
35 72451 3528 1294 1 34 1
35 161914 3532 7876 1 22 0
35 176197 3532 9275 1 14 0
35 94545 3535 623 1 14 0
35 160980 3542 6590 1 16 1
35 116213 3542 3008 1 7 0
35 135225 3548 2179 1 7 1
35 96741 3550 1812 1 20 0
35 151129 3550 6077 1 37 1
35 157237 3553 6550 1 28 0
35 73443 3556 593 1 3 0
35 162827 3556 1935 1 19 0
35 160456 3557 5922 1 5 1
35 150598 3558 4265 1 3 1
35 97250 3562 4572 1 49 1
35 114993 3562 3627 1 17 0
35 167524 3563 9944 1 37 0
35 158296 3564 9461 1 12 1
35 155574 3565 266 1 6 1
35 164570 3565 5258 1 7 1
35 121499 3572 775 1 22 1
35 86079 3576 4769 1 13 0
35 103848 3578 693 1 27 0
35 79411 3578 1036 1 35 0
35 160375 3581 1098 1 13 0
35 164180 3590 1533 1 7 1
35 72988 3591 1528 1 26 1
35 89184 3593 1210 1 18 1
35 152731 3594 2931 1 34 1
35 116819 3594 6528 1 50 1
35 176497 3595 4286 1 14 0
35 158042 3597 7161 1 45 1
