1500
36 79928 0 621 1 9 1
36 113337 4 4677 1 19 0
36 82630 5 823 1 21 1
36 122384 9 1053 1 3 0
36 79170 11 4204 1 9 0
36 152537 12 7158 1 20 0
36 66817 16 2295 1 4 0
36 107717 17 4645 1 22 1
36 103150 18 402 1 42 1
36 72500 26 1479 1 30 0
36 90823 27 339 1 5 0
36 171818 27 3766 1 41 0
36 82791 28 1102 1 21 0
36 63288 33 799 1 1 0
36 150180 34 3389 1 28 1
36 135693 37 6440 1 48 0
36 123717 38 2467 1 27 1
36 171968 41 4604 1 7 1
36 65089 42 1469 1 5 0
36 117603 44 6365 1 14 1
36 178556 48 10526 1 47 1
36 65245 55 3041 1 36 0
36 117124 62 1578 1 21 0
36 173218 63 5155 1 48 0
36 137079 67 1532 1 36 1
36 133967 68 7604 1 24 0
36 127995 69 3965 1 6 1
36 99562 70 3882 1 19 1
36 125169 70 5091 1 18 0
36 165171 73 7767 1 25 0
36 160239 77 7580 1 39 1
36 166616 77 685 1 34 0
36 75667 82 4219 1 41 0
36 164389 90 1076 1 7 0
36 175701 94 10341 1 9 1
36 120426 96 765 1 47 0
36 133750 100 7493 1 19 1
36 177131 100 5059 1 37 1
36 165313 101 9597 1 50 0
36 102503 103 4063 1 49 0
36 68480 104 2460 1 25 0
36 128329 105 4913 1 47 1
36 90225 107 2326 1 20 0
36 99075 118 2706 1 3 0
36 91909 121 4697 1 48 0
36 126714 122 4288 1 47 1
36 157961 136 784 1 26 0
36 149194 136 745 1 30 0
36 145377 137 1013 1 9 0
36 105248 139 6007 1 49 0
36 155343 147 3140 1 12 0
36 78319 147 839 1 25 0
36 177680 152 7205 1 40 1
36 99989 154 4042 1 24 0
36 77624 160 3299 1 16 1
36 155030 162 3490 1 46 0
36 135224 162 2320 1 31 1
36 119375 167 5122 1 41 1
36 90007 168 4008 1 40 1
36 131312 170 550 1 20 1
36 174057 171 9002 1 43 0
36 63349 194 3394 1 12 1
36 64451 196 1162 1 26 1
36 165279 198 4339 1 11 0
36 115556 198 6280 1 29 1
36 81606 199 3635 1 40 0
36 155579 200 5020 1 14 0
36 120356 201 2937 1 10 1
36 86548 203 3854 1 26 0
36 111872 207 4061 1 4 1
36 152630 207 921 1 51 1
36 156394 211 6405 1 39 0
36 179826 211 2854 1 21 0
36 147172 212 3397 1 40 0
36 64172 214 210 1 2 0
36 161501 215 2373 1 15 0
36 80499 218 4176 1 8 1
36 171784 224 4213 1 33 1
36 81939 226 4697 1 29 0
36 109059 226 4780 1 27 1
36 97432 228 4978 1 18 0
36 173555 229 9034 1 32 0
36 157692 231 1637 1 6 0
36 81446 235 2143 1 31 0
36 165484 242 9011 1 16 0
36 86945 244 3958 1 3 1
36 147937 248 7504 1 31 0
36 116041 248 5988 1 37 0
36 177201 251 5638 1 3 0
36 80742 252 1978 1 9 0
36 95238 255 1026 1 34 0
36 105673 256 5531 1 49 0
36 163048 260 7304 1 27 0
36 176887 261 2829 1 1 0
36 93222 262 3242 1 44 1
36 76011 263 1792 1 5 1
36 94787 266 3369 1 40 1
36 133839 271 5910 1 34 1
36 90152 272 1655 1 7 1
36 161713 273 6776 1 13 1
36 94602 274 3085 1 39 0
36 87905 275 2810 1 40 1
36 146657 277 6837 1 19 0
36 69092 282 3181 1 34 1
36 119348 283 928 1 37 0
36 171543 285 3862 1 48 1
36 77591 288 158 1 22 1
36 137086 291 2387 1 4 1
36 79171 292 2051 1 28 0
36 162402 293 980 1 48 1
36 149117 293 4536 1 48 0
36 165741 293 3809 1 12 0
36 115608 294 6776 1 23 0
36 79687 297 462 1 43 1
36 165076 299 9475 1 38 1
36 164158 301 751 1 49 0
36 61154 304 2725 1 40 0
36 110702 306 3332 1 28 1
36 130046 306 6357 1 38 1
36 94604 310 436 1 17 1
36 137285 310 1153 1 35 0
36 142024 316 432 1 48 1
36 61635 317 2130 1 17 1
36 92173 319 4500 1 11 1
36 71815 319 1231 1 40 1
36 136826 320 2111 1 42 1
36 167175 324 5509 1 39 1
36 100386 326 4478 1 17 0
36 93658 326 1064 1 46 1
36 100037 327 4562 1 29 1
36 77975 328 4040 1 35 1
36 60657 329 1602 1 38 0
36 79041 333 3703 1 27 1
36 149856 333 5506 1 12 1
36 133248 336 7232 1 39 0
36 169527 337 4473 1 38 1
36 68826 337 2546 1 37 0
36 109983 339 4579 1 5 0
36 102007 340 5234 1 50 0
36 74545 341 3448 1 10 0
36 97115 342 1160 1 3 1
36 153770 343 7402 1 48 0
36 97588 344 1429 1 3 0
36 167339 346 4569 1 42 1
36 137723 349 494 1 31 1
36 94132 351 261 1 21 0
36 151957 354 6547 1 46 1
36 177531 354 10119 1 32 0
36 60986 357 2228 1 43 0
36 115491 357 1285 1 31 1
36 118339 358 3673 1 3 1
36 102097 359 1967 1 16 0
36 130037 359 3502 1 39 1
36 128891 361 462 1 45 1
36 86173 363 2147 1 37 1
36 103891 363 2777 1 39 1
36 60084 372 3408 1 45 1
36 167494 373 8828 1 16 1
36 165516 374 7132 1 29 0
36 66109 374 3360 1 37 0
36 123138 375 3720 1 26 0
36 147269 376 5625 1 19 1
36 178613 377 5750 1 14 1
36 134459 378 1828 1 45 0
36 102915 379 116 1 51 0
36 91433 380 4029 1 38 0
36 130447 380 5468 1 13 1
36 175222 381 9356 1 7 1
36 140163 381 682 1 7 1
36 174816 383 1284 1 36 1
36 64023 385 1751 1 48 1
36 117589 392 2583 1 29 1
36 61545 392 1201 1 7 0
36 117342 397 1340 1 36 1
36 168321 398 7693 1 47 1
36 90625 403 1298 1 36 0
36 174516 403 1351 1 49 1
36 174198 403 2901 1 25 1
36 173574 412 9061 1 11 0
36 170260 412 454 1 34 1
36 63083 413 3390 1 12 0
36 102974 414 3179 1 46 0
36 179735 414 516 1 1 0
36 82178 415 1125 1 12 0
36 170284 421 3806 1 9 0
36 139638 423 7561 1 43 0
36 154982 425 2436 1 36 1
36 137525 425 6519 1 8 1
36 114505 427 4585 1 7 1
36 94302 427 3145 1 23 1
36 82334 434 1003 1 29 1
36 80258 442 4070 1 16 1
36 124248 446 7081 1 42 0
36 66559 447 78 1 21 1
36 103949 453 752 1 19 0
36 93428 455 2305 1 32 0
36 95871 461 1379 1 38 0
36 165580 465 1119 1 25 1
36 81412 467 1881 1 21 1
36 116392 468 186 1 24 1
36 151661 471 449 1 18 0
36 125010 471 341 1 21 1
36 94229 473 3743 1 15 0
36 66317 473 3703 1 38 0
36 102231 475 3440 1 27 0
36 122577 478 4661 1 4 0
36 124093 480 2295 1 36 0
36 170905 487 4728 1 25 1
36 84863 487 2077 1 23 0
36 170857 491 3723 1 4 0
36 66603 492 255 1 42 0
36 108048 492 1029 1 9 1
36 91238 493 3480 1 46 0
36 76837 494 626 1 4 0
36 167250 496 354 1 10 1
36 143011 498 7007 1 36 0
36 107379 498 4851 1 1 0
36 105583 499 2586 1 49 1
36 97457 501 4964 1 25 0
36 65114 503 729 1 42 1
36 95584 504 613 1 9 1
36 102110 505 4608 1 40 0
36 62277 509 1957 1 39 1
36 94032 515 4073 1 20 1
36 161792 516 4141 1 36 0
36 78763 517 3244 1 30 0
36 101349 524 3641 1 41 0
36 117152 528 4602 1 45 0
36 146051 530 1171 1 47 0
36 88915 532 1671 1 40 0
36 138141 541 923 1 24 0
36 105295 547 466 1 17 1
36 94620 551 3622 1 44 0
36 152277 553 4848 1 29 0
36 132036 554 5501 1 37 0
36 91420 555 3265 1 26 1
36 66866 556 3085 1 34 0
36 72800 556 887 1 44 0
36 147225 559 6551 1 15 1
36 88001 561 3651 1 47 0
36 100656 563 4876 1 34 0
36 87286 574 3810 1 45 1
36 66414 578 3022 1 19 1
36 85275 580 3579 1 41 0
36 157015 580 5471 1 44 1
36 76382 584 4561 1 30 0
36 134244 584 5015 1 8 1
36 68605 589 2313 1 4 1
36 66838 590 585 1 5 1
36 76501 591 2144 1 16 1
36 160956 592 428 1 18 1
36 153684 594 5374 1 43 0
36 146879 597 938 1 49 0
36 110861 600 956 1 36 0
36 94028 600 5544 1 9 1
36 64355 602 3730 1 13 0
36 112056 602 1147 1 40 1
36 89637 604 4361 1 28 0
36 163967 605 4598 1 33 0
36 82575 605 1113 1 7 1
36 107399 608 2538 1 30 0
36 67639 610 1266 1 38 1
36 112850 611 6158 1 30 1
36 62898 617 3067 1 32 1
36 123639 628 3475 1 3 0
36 111352 630 524 1 47 0
36 132691 632 2967 1 48 0
36 124093 633 5969 1 13 1
36 71829 634 708 1 44 0
36 114853 635 6779 1 10 1
36 63078 637 1692 1 35 1
36 87375 640 1259 1 43 0
36 150699 642 7298 1 24 1
36 104946 642 669 1 48 1
36 145505 642 5502 1 23 0
36 105380 646 4883 1 32 1
36 152507 647 7966 1 3 1
36 158398 648 2593 1 30 0
36 140626 652 4704 1 21 0
36 179296 656 656 1 50 0
36 108201 661 2633 1 12 1
36 161709 662 8158 1 27 1
36 76041 663 2744 1 43 1
36 115653 663 3892 1 38 1
36 61412 664 3009 1 19 0
36 128264 669 7349 1 10 1
36 177349 673 7073 1 20 0
36 72827 674 2527 1 48 0
36 98507 674 3927 1 26 1
36 129735 681 2017 1 21 0
36 133595 685 7378 1 41 0
36 175709 687 8361 1 21 1
36 179052 691 439 1 23 0
36 154969 698 3699 1 18 1
36 80149 705 2446 1 32 1
36 118783 707 2093 1 28 0
36 96337 710 870 1 26 1
36 167491 711 2632 1 6 1
36 93105 711 3421 1 50 0
36 161263 712 1403 1 12 0
36 143275 712 7206 1 6 0
36 89557 714 3343 1 11 0
36 140023 715 7231 1 1 0
36 88589 715 3412 1 29 1
36 101062 720 2355 1 10 1
36 65698 722 2106 1 23 1
36 177343 723 6644 1 6 1
36 166213 733 1183 1 44 0
36 117439 736 3085 1 41 0
36 82087 745 3599 1 36 1
36 110238 745 3115 1 3 0
36 132652 747 4655 1 46 0
36 137585 753 3795 1 19 0
36 99014 754 316 1 11 1
36 67512 760 3605 1 10 0
36 63007 763 822 1 48 1
36 128940 766 692 1 3 0
36 128527 768 793 1 24 1
36 101514 770 2579 1 25 0
36 63692 777 3438 1 29 0
36 104414 782 4801 1 51 1
36 112057 787 6027 1 33 1
36 151663 788 8481 1 33 1
36 136758 789 6901 1 34 0
36 145267 790 4078 1 26 1
36 102119 790 440 1 21 1
36 108721 792 1682 1 36 1
36 157404 795 627 1 28 0
36 119106 795 387 1 21 0
36 95282 796 1433 1 42 0
36 118417 798 3295 1 27 1
36 167320 808 995 1 41 1
36 169561 809 6526 1 13 1
36 172401 809 5708 1 3 1
36 173077 810 2374 1 42 1
36 127013 811 6725 1 31 0
36 95219 814 5487 1 28 1
36 125638 818 3267 1 45 0
36 76125 830 4021 1 47 0
36 113286 830 3789 1 40 0
36 151460 830 2313 1 6 0
36 106376 832 2358 1 24 1
36 95443 833 3893 1 6 0
36 122324 838 6077 1 14 1
36 168696 840 9437 1 37 0
36 178003 841 5909 1 38 1
36 78625 842 3220 1 27 1
36 131399 844 6848 1 13 0
36 132005 850 506 1 5 1
36 77980 850 628 1 27 1
36 69005 851 3095 1 22 1
36 134138 855 7261 1 17 0
36 134066 862 3863 1 36 1
36 144553 862 7409 1 6 1
36 67977 864 3944 1 37 0
36 136713 865 1095 1 19 1
36 138634 867 1476 1 30 0
36 77501 868 1737 1 38 1
36 70590 874 133 1 5 0
36 168310 875 5972 1 9 0
36 81612 877 105 1 7 0
36 162911 879 1859 1 38 0
36 142915 880 5667 1 29 0
36 132430 881 4831 1 42 1
36 118837 881 3759 1 51 1
36 143810 889 557 1 45 1
36 130684 890 771 1 39 1
36 163885 893 6328 1 39 0
36 108741 897 2557 1 28 0
36 70819 906 2071 1 3 1
36 81670 909 183 1 2 1
36 137631 910 3217 1 18 1
36 177341 913 2015 1 18 1
36 81703 913 1049 1 30 1
36 90563 914 3214 1 50 0
36 101513 916 2842 1 6 1
36 177033 916 5950 1 45 0
36 108156 920 1919 1 25 0
36 71754 921 1594 1 25 0
36 95592 922 5049 1 51 1
36 88446 923 4363 1 21 0
36 63401 926 1855 1 1 1
36 125190 927 5861 1 14 0
36 80850 927 4020 1 26 0
36 165268 928 5324 1 12 1
36 114506 929 6835 1 48 0
36 101612 929 1836 1 16 1
36 78392 929 4077 1 4 1
36 67520 939 1851 1 24 0
36 64285 940 2069 1 5 1
36 154664 941 5896 1 36 1
36 147049 945 1108 1 31 0
36 131213 954 5029 1 13 1
36 88611 959 3907 1 12 1
36 171732 959 3788 1 45 0
36 152612 962 7474 1 15 0
36 145726 968 272 1 44 0
36 142078 974 4930 1 5 1
36 62621 976 481 1 26 0
36 168755 976 8144 1 12 0
36 105557 977 5235 1 28 1
36 118975 981 4817 1 42 0
36 129367 982 1510 1 39 1
36 169909 983 3368 1 41 0
36 132744 983 2583 1 14 0
36 146033 985 2056 1 37 0
36 164268 993 3082 1 29 0
36 69547 994 2769 1 38 1
36 120864 1001 3121 1 12 1
36 109678 1002 5664 1 47 0
36 158355 1004 8408 1 4 1
36 168013 1007 2342 1 11 0
36 84846 1008 4157 1 23 1
36 79287 1009 2655 1 10 0
36 137232 1010 2813 1 21 1
36 156889 1013 8912 1 3 0
36 174630 1014 7060 1 3 1
36 104247 1014 5066 1 7 0
36 160835 1015 3184 1 27 0
36 104769 1021 4919 1 28 1
36 140260 1021 2409 1 19 0
36 147151 1021 2897 1 17 1
36 85084 1025 2130 1 20 1
36 111735 1026 1638 1 11 1
36 114247 1029 3386 1 51 1
36 175298 1034 10266 1 18 0
36 154207 1035 8132 1 28 1
36 111045 1035 1946 1 12 1
36 119550 1036 3226 1 22 1
36 125747 1036 884 1 49 0
36 158421 1038 747 1 21 0
36 141732 1041 4648 1 32 1
36 105703 1041 964 1 30 0
36 114693 1042 2427 1 51 1
36 174639 1046 3839 1 36 1
36 108651 1047 3897 1 18 1
36 92362 1051 2194 1 32 1
36 144095 1055 3677 1 45 1
36 163838 1055 7872 1 11 0
36 139407 1056 2737 1 24 1
36 127581 1059 3409 1 17 1
36 108586 1060 2046 1 24 0
36 80794 1061 1513 1 33 0
36 99412 1062 746 1 45 1
36 127371 1067 5396 1 10 0
36 132577 1070 984 1 49 0
36 116063 1071 5041 1 10 0
36 124784 1081 6715 1 8 1
36 66627 1083 2301 1 50 1
36 64879 1090 115 1 25 0
36 127779 1090 6570 1 29 0
36 122591 1091 4173 1 6 0
36 130064 1097 780 1 1 1
36 137770 1098 3632 1 42 0
36 82972 1099 2049 1 46 1
36 107673 1103 4157 1 13 0
36 149978 1104 1548 1 4 0
36 115611 1106 1382 1 20 0
36 104465 1106 1165 1 42 0
36 141666 1106 6336 1 36 0
36 135236 1110 5624 1 23 0
36 176427 1116 2583 1 4 0
36 166800 1120 393 1 14 1
36 172125 1122 4172 1 39 0
36 75838 1131 913 1 5 1
36 69871 1132 2255 1 38 0
36 60890 1134 154 1 14 1
36 123623 1136 2154 1 32 1
36 157282 1137 2419 1 2 0
36 150810 1138 3479 1 17 0
36 77266 1140 2697 1 30 0
36 136069 1140 7637 1 4 1
36 93602 1142 2162 1 47 0
36 75643 1149 4488 1 22 0
36 171126 1154 6606 1 33 1
36 116691 1154 972 1 33 0
36 93796 1155 4926 1 21 0
36 158412 1155 3957 1 33 1
36 161384 1156 4307 1 11 0
36 69429 1160 3298 1 3 1
36 178608 1162 2955 1 3 0
36 68032 1162 870 1 5 0
36 126968 1173 4160 1 51 1
36 95064 1174 1481 1 4 1
36 179407 1175 1198 1 24 1
36 117055 1178 3991 1 7 1
36 71105 1182 552 1 42 0
36 131099 1185 6106 1 42 0
36 150363 1191 7502 1 12 1
36 113270 1193 6611 1 4 1
36 95185 1199 4634 1 44 1
36 113553 1200 5795 1 43 1
36 137537 1204 4912 1 18 1
36 139695 1208 6883 1 24 0
36 69199 1210 284 1 46 1
36 169766 1213 6508 1 11 0
36 140730 1216 4809 1 28 0
36 61264 1217 1206 1 51 0
36 156243 1217 5492 1 47 0
36 117927 1221 2257 1 41 0
36 167911 1225 7646 1 43 1
36 173560 1226 9174 1 46 0
36 172412 1230 8554 1 2 1
36 161803 1231 8835 1 6 1
36 131692 1233 3015 1 29 0
36 86509 1233 4429 1 44 1
36 151310 1234 2802 1 25 1
36 140827 1239 3355 1 46 0
36 177132 1239 3505 1 5 0
36 72028 1245 2437 1 1 0
36 87086 1248 1324 1 8 0
36 90942 1249 1425 1 37 0
36 85188 1250 418 1 23 1
36 107134 1251 4355 1 44 1
36 162282 1252 6450 1 33 1
36 138471 1253 1177 1 23 0
36 70047 1257 4065 1 39 0
36 90357 1259 3058 1 38 0
36 168567 1259 5946 1 44 0
36 115368 1261 5445 1 10 1
36 101455 1267 5805 1 34 1
36 165772 1269 5609 1 49 1
36 159501 1269 6824 1 11 0
36 174802 1270 349 1 12 1
36 150491 1271 4298 1 26 1
36 137685 1272 8245 1 12 0
36 124776 1278 3320 1 28 0
36 156187 1282 8991 1 12 1
36 164986 1284 8412 1 21 1
36 134285 1286 6142 1 38 0
36 71292 1291 481 1 17 1
36 147753 1293 7863 1 21 0
36 146237 1296 5324 1 34 0
36 170700 1296 6484 1 17 1
36 116153 1297 994 1 34 1
36 170582 1297 8743 1 4 1
36 143511 1303 4530 1 39 0
36 74591 1306 3634 1 26 0
36 69357 1306 3408 1 37 0
36 63204 1312 3005 1 37 1
36 172283 1313 3880 1 6 0
36 126886 1315 2182 1 48 0
36 90627 1320 3029 1 13 1
36 96979 1321 3167 1 45 0
36 92368 1324 1931 1 8 0
36 165888 1339 3793 1 13 0
36 154231 1340 2161 1 44 0
36 88193 1341 4000 1 23 0
36 117951 1341 1459 1 50 1
36 74000 1345 1367 1 23 1
36 128371 1348 5859 1 29 1
36 133343 1349 3060 1 42 1
36 143921 1351 8428 1 8 1
36 153756 1352 8938 1 20 0
36 174829 1354 9900 1 51 1
36 141607 1356 232 1 37 1
36 179903 1357 3992 1 38 1
36 118799 1359 1579 1 11 0
36 133880 1362 1439 1 47 0
36 102703 1372 5758 1 38 1
36 173149 1372 7652 1 7 0
36 165895 1378 1030 1 10 0
36 95152 1381 2702 1 48 0
36 178250 1382 9226 1 32 1
36 171823 1386 3737 1 49 0
36 121250 1386 6818 1 35 1
36 96937 1387 4567 1 2 1
36 130188 1390 6277 1 29 0
36 108356 1393 3608 1 45 1
36 74239 1394 2285 1 15 0
36 148296 1398 3416 1 14 0
36 161814 1399 7790 1 36 1
36 77572 1400 3503 1 23 0
36 171672 1400 5066 1 2 0
36 104049 1407 530 1 16 0
36 174921 1409 1157 1 20 0
36 127846 1409 7244 1 51 0
36 109002 1416 6236 1 14 0
36 144390 1418 6667 1 27 1
36 154675 1419 2312 1 50 0
36 165891 1420 4182 1 38 1
36 163614 1427 7513 1 10 1
36 85522 1427 1778 1 39 1
36 146217 1428 4522 1 23 1
36 114627 1430 3387 1 41 0
36 164684 1433 6113 1 15 0
36 96894 1434 4053 1 4 0
36 149960 1435 5433 1 13 0
36 99800 1436 317 1 45 1
36 127452 1437 6030 1 44 1
36 116245 1439 6797 1 2 1
36 131454 1441 6389 1 36 0
36 86005 1441 222 1 37 0
36 148510 1442 3239 1 46 0
36 153420 1443 4928 1 49 0
36 109926 1443 3316 1 9 0
36 64576 1444 2893 1 1 0
36 124752 1445 1599 1 13 1
36 131004 1447 3273 1 27 1
36 178367 1451 7319 1 8 0
36 168317 1453 1837 1 12 0
36 159756 1453 3078 1 28 1
36 61019 1456 108 1 33 1
36 164529 1463 2395 1 35 0
36 85997 1463 4600 1 35 1
36 92080 1467 2048 1 17 1
36 87270 1467 1836 1 21 1
36 153538 1472 2037 1 35 1
36 139239 1473 3641 1 22 1
36 83783 1478 4811 1 37 1
36 149627 1479 3904 1 17 0
36 136371 1482 2052 1 41 1
36 158561 1484 7048 1 25 0
36 128128 1488 4305 1 32 0
36 109170 1488 3101 1 37 1
36 154783 1489 7509 1 37 1
36 91123 1489 1359 1 28 0
36 115964 1494 3624 1 5 1
36 63668 1496 2673 1 31 0
36 121512 1499 3996 1 33 1
36 133710 1501 2398 1 49 1
36 142098 1501 7496 1 37 1
36 79301 1504 4390 1 37 0
36 106764 1512 3528 1 5 1
36 135056 1514 1970 1 12 0
36 107242 1515 1510 1 18 1
36 162192 1522 5433 1 32 0
36 155952 1525 5003 1 36 0
36 132093 1528 7149 1 37 0
36 136687 1528 1305 1 32 0
36 141106 1534 2844 1 3 1
36 159058 1536 2258 1 19 0
36 91084 1542 1798 1 44 1
36 139484 1551 3891 1 20 0
36 67708 1551 3865 1 16 1
36 96752 1559 1180 1 20 1
36 137427 1561 667 1 21 1
36 100155 1563 4601 1 20 1
36 156447 1565 9204 1 50 1
36 159614 1574 9567 1 7 0
36 68399 1577 572 1 45 1
36 92107 1578 1574 1 13 0
36 124823 1579 3276 1 11 1
36 107344 1586 3648 1 15 0
36 66810 1587 2867 1 5 1
36 61383 1588 222 1 43 0
36 117766 1591 2389 1 17 0
36 165054 1595 4897 1 14 1
36 170169 1596 6767 1 33 0
36 91685 1596 4403 1 3 1
36 143761 1598 1281 1 29 0
36 88502 1605 2922 1 38 1
36 156141 1606 1970 1 8 0
36 167815 1607 4464 1 32 0
36 168454 1607 488 1 42 0
36 116015 1607 1695 1 12 1
36 85529 1617 1498 1 46 1
36 66875 1621 2683 1 4 0
36 71289 1623 1936 1 45 0
36 73738 1623 2597 1 36 1
36 62865 1625 3654 1 22 0
36 147418 1629 5995 1 39 0
36 135510 1630 6417 1 4 1
36 179126 1632 8307 1 38 0
36 129052 1632 6505 1 7 1
36 93562 1633 816 1 48 0
36 111342 1634 6533 1 20 0
36 158662 1636 1236 1 10 1
36 63559 1637 2788 1 10 1
36 143945 1637 6465 1 37 0
36 154836 1641 982 1 15 0
36 129627 1641 2659 1 21 0
36 90649 1642 4225 1 6 1
36 109326 1644 2323 1 29 0
36 174350 1648 7668 1 51 1
36 65899 1648 1978 1 20 1
36 175254 1649 5522 1 48 1
36 76151 1652 2493 1 12 1
36 116958 1656 2942 1 28 0
36 152702 1656 8956 1 36 0
36 165140 1657 6679 1 15 0
36 64657 1660 1371 1 49 0
36 124806 1660 3721 1 16 1
36 78906 1664 1841 1 8 1
36 91487 1665 4049 1 29 1
36 114679 1665 5673 1 35 0
36 104223 1670 1217 1 41 0
36 102111 1670 4811 1 49 0
36 86972 1672 661 1 10 0
36 106088 1673 3665 1 9 0
36 143861 1674 4211 1 28 0
36 154701 1675 3129 1 39 0
36 103334 1675 6058 1 37 0
36 139298 1679 4670 1 17 0
36 91300 1679 5178 1 45 1
36 161776 1686 5542 1 49 0
36 83930 1692 4203 1 36 0
36 122745 1694 6607 1 45 1
36 122862 1696 6042 1 9 1
36 100263 1696 2457 1 35 1
36 93980 1696 4717 1 3 1
36 170624 1697 1980 1 37 1
36 105213 1698 1864 1 34 1
36 145185 1700 6631 1 38 1
36 176629 1703 356 1 3 1
36 83570 1707 1125 1 13 0
36 149816 1709 4376 1 44 1
36 94244 1710 4902 1 44 0
36 175672 1710 7825 1 39 0
36 66342 1713 2659 1 3 1
36 171785 1718 8532 1 14 1
36 108984 1720 2652 1 23 1
36 170837 1722 9061 1 48 0
36 101911 1729 5187 1 4 1
36 139308 1731 8313 1 5 0
36 95674 1734 164 1 38 1
36 68034 1734 284 1 41 0
36 167556 1742 8121 1 46 0
36 123246 1745 2481 1 25 1
36 140589 1745 695 1 41 0
36 174549 1748 9659 1 42 1
36 98832 1749 1458 1 8 0
36 147692 1749 3189 1 28 0
36 72777 1750 2595 1 6 0
36 114145 1751 6403 1 12 0
36 169706 1751 7095 1 44 0
36 162093 1752 2607 1 43 1
36 77498 1755 1994 1 2 1
36 81559 1756 3227 1 39 0
36 113148 1759 1948 1 40 1
36 70425 1761 3074 1 29 0
36 143674 1763 2156 1 5 1
36 63717 1765 1758 1 47 1
36 157053 1768 806 1 4 0
36 127834 1779 3611 1 25 1
36 127281 1780 4119 1 43 1
36 138371 1785 2622 1 5 1
36 157870 1789 312 1 47 1
36 114043 1789 1904 1 50 1
36 151671 1790 5692 1 12 0
36 93184 1790 3221 1 50 0
36 89315 1790 4848 1 20 0
36 135290 1793 5118 1 47 1
36 97236 1794 663 1 29 0
36 166257 1799 8191 1 22 0
36 148084 1802 3756 1 1 1
36 147964 1804 1592 1 26 1
36 140627 1805 2662 1 37 0
36 66827 1806 2611 1 20 0
36 179676 1806 9173 1 42 0
36 91391 1807 4555 1 41 1
36 70545 1813 4177 1 11 1
36 78091 1813 3788 1 42 1
36 80740 1817 4453 1 25 1
36 89089 1822 2577 1 32 0
36 112380 1824 4864 1 34 0
36 143039 1830 425 1 30 0
36 127930 1831 1884 1 11 1
36 105065 1832 2776 1 5 1
36 92113 1833 4978 1 25 1
36 60807 1833 1640 1 16 1
36 132744 1836 230 1 16 1
36 64081 1838 199 1 50 0
36 108528 1840 4452 1 39 0
36 65628 1840 94 1 49 0
36 87199 1842 4987 1 5 1
36 119282 1858 3396 1 20 1
36 65837 1859 1942 1 51 0
36 176587 1860 7406 1 18 0
36 177714 1864 680 1 6 0
36 140720 1864 1915 1 49 1
36 75544 1869 3000 1 45 0
36 120448 1869 1847 1 4 1
36 177704 1871 10135 1 43 0
36 62944 1872 1328 1 35 0
36 111853 1874 6355 1 44 0
36 61241 1876 1092 1 21 0
36 166625 1880 2443 1 11 1
36 88238 1881 3727 1 48 0
36 62677 1884 3726 1 17 1
36 127076 1884 3951 1 47 0
36 98546 1885 3617 1 13 1
36 62028 1894 578 1 15 1
36 108788 1902 2552 1 21 0
36 61852 1903 390 1 22 1
36 62831 1909 860 1 28 1
36 135030 1911 2195 1 44 0
36 150710 1912 6149 1 48 0
36 159663 1918 5588 1 44 1
36 110278 1921 3271 1 41 0
36 124083 1923 5103 1 11 1
36 136869 1924 1715 1 8 1
36 113194 1925 2392 1 50 0
36 76520 1933 117 1 25 1
36 82979 1934 3335 1 44 1
36 99858 1935 1157 1 40 1
36 79172 1937 101 1 4 0
36 89144 1938 895 1 20 0
36 60746 1941 1335 1 46 1
36 132499 1942 3908 1 24 0
36 165559 1944 8551 1 40 1
36 156351 1945 8601 1 16 1
36 83691 1946 2911 1 20 1
36 76802 1946 3186 1 36 0
36 107271 1949 5270 1 19 1
36 115083 1955 1886 1 51 0
36 109259 1955 5162 1 39 1
36 98389 1956 136 1 1 0
36 170428 1957 10139 1 3 1
36 163485 1961 6280 1 32 1
36 135893 1963 5083 1 29 0
36 111467 1967 888 1 13 0
36 119310 1970 4079 1 32 0
36 135323 1971 2878 1 6 1
36 68637 1972 4097 1 41 0
36 144408 1972 7895 1 17 1
36 86608 1975 2639 1 50 1
36 156231 1978 1140 1 48 1
36 113480 1979 3737 1 22 1
36 149463 1984 4832 1 15 0
36 103598 1984 2847 1 33 1
36 77095 1986 1744 1 46 1
36 119732 1992 6702 1 39 1
36 84488 1992 1528 1 1 0
36 154181 1993 3933 1 36 0
36 167128 1995 9608 1 32 1
36 89915 2000 3755 1 39 0
36 124327 2016 4943 1 25 1
36 114090 2016 4597 1 35 1
36 72564 2016 883 1 36 1
36 121011 2020 4224 1 46 0
36 126890 2022 400 1 25 0
36 155032 2031 2010 1 19 0
36 178452 2034 9959 1 40 0
36 67385 2037 2096 1 30 0
36 150428 2039 627 1 23 1
36 91962 2041 3940 1 19 1
36 147647 2043 4878 1 34 0
36 82398 2044 4417 1 18 1
36 116317 2045 4365 1 10 0
36 80113 2046 1351 1 8 1
36 71094 2049 3936 1 33 0
36 104907 2049 1644 1 11 1
36 82187 2049 3471 1 41 1
36 139547 2053 5324 1 38 1
36 113222 2053 2852 1 28 0
36 99288 2053 1105 1 42 0
36 109520 2055 4157 1 20 0
36 174505 2059 5221 1 2 0
36 91219 2062 4298 1 28 0
36 63093 2064 1304 1 35 1
36 129687 2065 2205 1 15 1
36 87972 2065 3696 1 41 1
36 125880 2065 7227 1 3 1
36 168105 2066 667 1 29 1
36 62296 2066 1650 1 44 0
36 166406 2066 3380 1 17 0
36 104693 2070 3912 1 1 1
36 169116 2072 7267 1 12 1
36 82086 2072 160 1 37 0
36 133385 2074 7470 1 3 0
36 162045 2077 3202 1 38 1
36 120777 2077 1209 1 31 0
36 142950 2079 8323 1 37 1
36 178277 2080 8389 1 47 0
36 153228 2083 7394 1 37 1
36 158925 2084 3865 1 49 1
36 89715 2086 3536 1 14 0
36 145351 2087 3503 1 18 1
36 174143 2087 10259 1 21 1
36 169977 2087 8559 1 39 1
36 149485 2088 3875 1 21 1
36 172265 2092 7876 1 17 0
36 145729 2092 5303 1 36 0
36 152772 2095 3755 1 6 0
36 177234 2098 2701 1 4 1
36 124881 2098 748 1 31 0
36 93209 2099 4157 1 41 0
36 83384 2100 1409 1 47 1
36 173286 2101 5409 1 15 0
36 130832 2103 627 1 21 0
36 169984 2104 8584 1 27 1
36 144730 2106 3130 1 15 0
36 85861 2116 2325 1 13 1
36 166366 2117 1228 1 13 1
36 64421 2118 3788 1 22 1
36 178153 2120 6495 1 19 0
36 79529 2120 2733 1 47 0
36 102335 2130 3538 1 15 0
36 137545 2130 8210 1 21 0
36 61107 2130 2698 1 39 1
36 126484 2131 5582 1 19 0
36 81796 2133 1895 1 30 1
36 86533 2133 4581 1 32 0
36 101900 2136 999 1 46 1
36 148896 2138 6166 1 8 1
36 60815 2139 1582 1 21 1
36 65861 2140 821 1 30 0
36 64887 2142 954 1 11 1
36 83127 2144 1627 1 30 1
36 120248 2148 1636 1 19 0
36 126347 2148 6347 1 46 0
36 131232 2149 911 1 30 0
36 175996 2151 9824 1 42 0
36 129332 2154 6269 1 30 1
36 163801 2160 3734 1 35 0
36 161318 2164 5784 1 9 0
36 100390 2175 3870 1 35 1
36 159774 2175 1900 1 18 1
36 68069 2176 511 1 32 0
36 103868 2177 1916 1 47 0
36 116255 2179 4982 1 3 0
36 148960 2179 7929 1 17 1
36 147189 2182 4133 1 51 0
36 105450 2185 5085 1 38 0
36 94637 2186 620 1 1 1
36 90050 2186 1135 1 35 1
36 79544 2187 943 1 25 1
36 113951 2189 5833 1 19 1
36 106023 2192 2895 1 12 0
36 171554 2192 523 1 21 0
36 92045 2195 1165 1 47 1
36 161792 2199 1897 1 49 1
36 101109 2200 5349 1 48 0
36 89304 2207 1294 1 8 1
36 93757 2207 2414 1 46 0
36 73629 2213 1259 1 45 0
36 103254 2215 3516 1 15 0
36 117118 2216 3776 1 31 1
36 153611 2218 6809 1 15 1
36 139851 2221 2255 1 30 0
36 126725 2226 764 1 28 1
36 156335 2228 6348 1 3 0
36 73335 2229 187 1 16 1
36 172984 2231 4944 1 12 1
36 85493 2232 4326 1 26 0
36 89291 2233 135 1 45 1
36 98601 2233 1164 1 14 0
36 97165 2236 2232 1 35 0
36 124390 2246 964 1 4 0
36 98548 2246 1691 1 35 1
36 88755 2247 2371 1 16 0
36 174166 2251 8695 1 30 0
36 118122 2253 4821 1 20 0
36 151936 2254 2182 1 31 1
36 130731 2256 7458 1 1 1
36 65468 2256 2603 1 4 1
36 124289 2256 4806 1 16 1
36 129940 2257 3101 1 42 0
36 89922 2259 2763 1 39 1
36 125996 2261 5232 1 17 1
36 177704 2262 311 1 31 1
36 108876 2267 2167 1 23 1
36 148869 2267 269 1 32 1
36 155988 2267 2525 1 27 1
36 163089 2267 3074 1 39 1
36 106916 2272 2330 1 34 0
36 105065 2277 2960 1 20 1
36 168034 2280 1802 1 8 1
36 144206 2280 3347 1 27 0
36 70106 2281 2181 1 9 0
36 158888 2286 4558 1 29 1
36 82717 2287 2349 1 44 0
36 62274 2287 1995 1 47 1
36 69987 2287 1098 1 38 1
36 99328 2290 3065 1 12 0
36 75623 2292 2686 1 14 1
36 93131 2293 4845 1 20 0
36 174845 2296 1304 1 29 1
36 101871 2296 5408 1 21 0
36 127518 2301 2769 1 48 0
36 139952 2304 4734 1 1 0
36 82208 2304 2109 1 32 0
36 100086 2305 2542 1 37 1
36 136530 2306 1195 1 4 0
36 163703 2310 6952 1 17 0
36 164235 2311 5744 1 2 1
36 79221 2311 1385 1 29 0
36 149629 2313 1985 1 9 0
36 93501 2315 3481 1 3 1
36 90267 2318 1997 1 29 1
36 139182 2321 2881 1 5 1
36 152283 2321 5353 1 12 1
36 78973 2330 2818 1 2 1
36 108905 2333 3908 1 39 0
36 141418 2334 2981 1 35 1
36 80268 2336 2796 1 39 1
36 106504 2337 3920 1 36 0
36 140228 2337 3143 1 48 0
36 123807 2338 1598 1 5 1
36 102015 2339 3648 1 11 1
36 105622 2339 1933 1 5 0
36 88552 2344 3359 1 51 0
36 137715 2345 5527 1 12 0
36 105726 2348 1432 1 45 1
36 163848 2348 523 1 32 0
36 81708 2353 1830 1 22 1
36 124794 2355 270 1 43 0
36 159748 2357 298 1 47 0
36 63805 2363 2552 1 50 1
36 69542 2367 1221 1 36 0
36 75761 2372 2296 1 51 1
36 79301 2374 1124 1 48 0
36 77689 2377 1767 1 51 0
36 166147 2379 1791 1 10 1
36 99568 2383 4380 1 8 1
36 131139 2386 4459 1 10 0
36 73277 2388 722 1 23 0
36 126677 2389 3210 1 34 1
36 91035 2391 4849 1 48 0
36 157874 2394 4259 1 8 1
36 154863 2397 2478 1 44 0
36 151622 2399 1934 1 42 1
36 171688 2400 8069 1 37 0
36 176347 2400 7269 1 36 1
36 67506 2401 1773 1 16 0
36 156646 2404 5106 1 23 1
36 133329 2404 7777 1 36 0
36 177856 2404 4992 1 40 0
36 72686 2405 413 1 50 0
36 174856 2407 730 1 41 1
36 148998 2408 4326 1 1 1
36 137162 2409 2521 1 11 0
36 106947 2410 1262 1 27 0
36 84142 2415 718 1 11 1
36 155656 2419 7340 1 43 0
36 63568 2422 850 1 42 0
36 67135 2424 594 1 15 0
36 61453 2428 3626 1 9 1
36 162269 2428 4296 1 37 0
36 109460 2429 4588 1 10 1
36 108784 2431 1648 1 9 1
36 95669 2431 4241 1 46 1
36 128161 2431 3036 1 46 0
36 140699 2434 3416 1 17 0
36 108745 2434 4750 1 16 1
36 60588 2440 249 1 7 0
36 161756 2441 5237 1 22 1
36 170458 2441 6959 1 34 1
36 110795 2444 927 1 18 1
36 65332 2449 3731 1 8 0
36 168869 2452 2654 1 33 0
36 169387 2454 6477 1 51 0
36 125103 2457 4661 1 33 1
36 129533 2457 2041 1 19 1
36 129891 2461 7587 1 42 0
36 120447 2464 1958 1 49 1
36 143957 2465 3679 1 42 1
36 83368 2466 1910 1 5 0
36 117768 2467 4289 1 10 0
36 119669 2470 6510 1 19 0
36 158716 2471 3557 1 27 1
36 114233 2471 2831 1 27 0
36 127389 2475 4189 1 4 1
36 178602 2479 8695 1 22 0
36 152405 2482 3844 1 50 0
36 113446 2485 1695 1 8 1
36 146453 2488 3288 1 29 0
36 134335 2492 3232 1 32 0
36 155148 2495 4894 1 35 0
36 170940 2496 9087 1 12 1
36 176086 2498 1247 1 10 0
36 81163 2501 332 1 44 1
36 101135 2507 3423 1 34 1
36 71229 2510 1292 1 39 0
36 110280 2517 5149 1 39 1
36 83130 2519 701 1 4 0
36 64802 2524 674 1 16 1
36 101111 2526 3850 1 51 1
36 172420 2526 5067 1 30 0
36 118092 2528 2105 1 33 1
36 126013 2530 1365 1 2 0
36 105244 2532 6304 1 10 1
36 107713 2541 5787 1 5 1
36 114668 2547 6407 1 34 0
36 61992 2547 1303 1 30 1
36 133442 2549 5528 1 44 0
36 130474 2549 5581 1 3 1
36 81402 2549 1011 1 2 1
36 107749 2549 184 1 12 0
36 144157 2557 386 1 19 1
36 121524 2573 944 1 21 0
36 140448 2574 2780 1 28 0
36 130038 2581 5823 1 24 1
36 89453 2583 2376 1 44 1
36 95878 2585 4935 1 5 0
36 154140 2587 4328 1 28 1
36 170062 2591 5673 1 17 0
36 91956 2591 3435 1 49 1
36 159095 2592 3241 1 38 1
36 75727 2602 3053 1 7 0
36 126435 2609 6596 1 4 1
36 103628 2612 3034 1 17 0
36 97377 2614 1700 1 28 1
36 173197 2616 3788 1 12 0
36 123763 2618 2615 1 40 1
36 118892 2620 6529 1 6 0
36 97281 2624 3396 1 10 0
36 99571 2629 1451 1 12 1
36 77502 2632 1002 1 2 0
36 95309 2638 1177 1 16 1
36 96458 2640 3347 1 16 0
36 168261 2641 3119 1 48 0
36 94151 2643 2272 1 38 1
36 134340 2648 7620 1 19 0
36 134568 2653 5375 1 42 1
36 130261 2653 5078 1 12 0
36 86091 2653 321 1 47 0
36 153633 2656 7988 1 3 0
36 85154 2657 674 1 8 1
36 160527 2659 809 1 5 0
36 66358 2666 1350 1 26 0
36 158361 2668 531 1 10 1
36 170840 2673 2358 1 42 0
36 91014 2674 5399 1 7 0
36 169159 2678 9016 1 5 0
36 94944 2678 1615 1 22 0
36 163720 2680 651 1 25 0
36 78429 2680 3689 1 43 1
36 169959 2683 1222 1 22 0
36 133607 2683 165 1 48 1
36 115813 2683 609 1 38 1
36 165951 2687 2556 1 11 0
36 153940 2687 8955 1 47 1
36 89185 2689 1834 1 28 0
36 132887 2692 7137 1 28 0
36 153649 2694 8113 1 13 0
36 132790 2695 2843 1 45 0
36 174675 2695 1775 1 8 1
36 174848 2697 3499 1 20 1
36 79074 2698 2544 1 28 0
36 139070 2701 7223 1 10 1
36 81625 2701 1299 1 42 0
36 144996 2702 8562 1 35 0
36 157025 2708 2525 1 6 1
36 176484 2715 1043 1 2 0
36 71007 2720 1220 1 2 0
36 163195 2720 7096 1 41 0
36 132766 2721 2521 1 10 0
36 146050 2722 3218 1 3 0
36 76798 2726 1253 1 28 1
36 146872 2727 307 1 26 0
36 74341 2728 227 1 23 0
36 70164 2730 3922 1 6 1
36 92124 2739 1042 1 47 1
36 122635 2739 1066 1 40 0
36 175158 2746 1163 1 26 1
36 132251 2746 6259 1 38 1
36 175321 2753 4792 1 30 0
36 155973 2758 6311 1 3 1
36 146294 2766 6612 1 12 1
36 110584 2769 1397 1 10 1
36 155809 2774 546 1 14 0
36 161114 2778 4457 1 23 1
36 68557 2779 1211 1 23 0
36 117056 2781 1035 1 46 0
36 99615 2782 1088 1 29 0
36 117224 2782 282 1 7 0
36 76794 2783 349 1 10 0
36 100378 2786 1936 1 22 1
36 92401 2788 1503 1 8 0
36 123561 2792 3656 1 49 0
36 66036 2792 2106 1 7 0
36 163684 2793 3500 1 23 1
36 89413 2794 4988 1 19 1
36 60420 2794 2641 1 24 1
36 87924 2797 4203 1 3 1
36 133646 2797 5189 1 14 1
36 85913 2812 4577 1 2 1
36 105840 2812 2374 1 3 1
36 152784 2813 1058 1 33 0
36 150520 2813 6725 1 40 1
36 88229 2816 1226 1 41 0
36 85758 2817 1135 1 11 1
36 156850 2819 4052 1 24 1
36 176024 2821 5989 1 42 1
36 167402 2825 1366 1 44 0
36 107713 2829 4760 1 41 0
36 120263 2835 4211 1 1 0
36 125882 2838 6587 1 40 0
36 151279 2839 7037 1 9 1
36 108027 2845 4328 1 31 1
36 126002 2846 5172 1 40 1
36 60622 2846 2558 1 25 0
36 146013 2847 5808 1 39 1
36 72448 2848 1022 1 37 0
36 83724 2849 4099 1 51 1
36 68673 2851 604 1 17 1
36 73521 2852 483 1 1 0
36 178197 2854 6504 1 17 0
36 84377 2858 2830 1 35 0
36 157077 2858 5650 1 1 1
36 131198 2864 5646 1 5 0
36 165479 2866 4203 1 21 0
36 148239 2875 3197 1 44 1
36 74222 2877 1256 1 32 0
36 87930 2880 3727 1 37 1
36 118762 2881 1888 1 47 0
36 151668 2886 7110 1 37 0
36 173629 2887 5228 1 29 1
36 142643 2890 1625 1 12 1
36 133271 2891 3868 1 32 1
36 105704 2892 2100 1 17 1
36 74492 2902 2194 1 15 1
36 60058 2902 3002 1 47 0
36 83209 2903 1123 1 10 0
36 109074 2904 5516 1 26 1
36 68842 2905 3852 1 31 1
36 141980 2907 7858 1 43 0
36 126540 2907 2511 1 29 0
36 143991 2908 2591 1 1 1
36 138966 2909 1144 1 30 1
36 124578 2911 4980 1 35 0
36 173763 2911 1286 1 35 0
36 155271 2913 2767 1 45 1
36 154138 2914 5763 1 50 1
36 165487 2915 602 1 31 0
36 100297 2917 649 1 1 1
36 85689 2918 2820 1 46 1
36 71537 2922 4092 1 12 0
36 110418 2922 5304 1 5 1
36 73958 2925 3098 1 33 1
36 178542 2930 7208 1 34 0
36 132472 2931 6954 1 17 0
36 110326 2931 4207 1 16 1
36 156224 2931 3453 1 2 0
36 92285 2933 582 1 43 0
36 81315 2934 3591 1 31 0
36 172234 2940 243 1 17 1
36 81415 2941 4459 1 23 0
36 75319 2944 1972 1 23 1
36 78722 2951 4079 1 22 1
36 99205 2951 2927 1 50 0
36 108018 2953 4113 1 8 0
36 151645 2956 604 1 7 1
36 174114 2956 7798 1 11 1
36 143888 2960 3075 1 21 1
36 144853 2964 1893 1 45 1
36 64809 2966 1409 1 13 0
36 118546 2972 3455 1 20 0
36 168508 2972 2805 1 10 1
36 99319 2978 2178 1 11 1
36 91565 2980 3869 1 4 1
36 114367 2983 403 1 49 1
36 108019 2985 726 1 9 0
36 113264 2986 635 1 43 0
36 82924 2986 2650 1 12 1
36 110336 2987 2748 1 8 0
36 166757 2998 1016 1 7 1
36 80990 3000 3170 1 18 1
36 90653 3002 268 1 5 0
36 166512 3002 8828 1 35 0
36 92458 3005 5344 1 9 1
36 78529 3009 1261 1 18 0
36 147540 3011 7350 1 11 0
36 87268 3011 3391 1 24 0
36 76494 3014 4324 1 40 1
36 83084 3019 4586 1 4 0
36 73700 3020 3598 1 2 1
36 75693 3023 824 1 24 0
36 160916 3024 3726 1 39 0
36 143735 3029 2733 1 44 0
36 178194 3030 9272 1 51 0
36 122660 3030 5254 1 34 1
36 72764 3032 4181 1 34 1
36 60842 3032 1436 1 18 1
36 104298 3034 2922 1 30 1
36 123069 3040 3307 1 32 1
36 102845 3043 3580 1 3 0
36 88529 3045 772 1 39 1
36 102261 3057 5634 1 26 1
36 64706 3058 1204 1 29 1
36 107415 3059 1462 1 16 0
36 95839 3060 456 1 33 0
36 118597 3064 368 1 12 1
36 99418 3064 3451 1 41 1
36 116574 3071 5302 1 16 0
36 73846 3075 1437 1 14 1
36 104169 3079 2372 1 36 1
36 73300 3085 3980 1 5 0
36 143911 3086 3666 1 37 1
36 137885 3088 242 1 19 1
36 98781 3088 3489 1 47 0
36 147233 3090 2455 1 16 0
36 106041 3091 2570 1 31 1
36 77062 3091 1302 1 19 1
36 138331 3092 7581 1 5 0
36 115377 3094 1154 1 39 1
36 122917 3095 1026 1 12 1
36 79516 3102 3011 1 51 0
36 111255 3104 313 1 51 1
36 118328 3107 2098 1 32 1
36 96477 3112 4164 1 17 1
36 75081 3112 1846 1 43 0
36 144868 3115 5543 1 28 0
36 118336 3115 1195 1 3 0
36 160449 3120 7556 1 16 1
36 93795 3120 122 1 16 1
36 102373 3121 2135 1 47 0
36 87570 3121 3865 1 14 0
36 138337 3123 4991 1 5 1
36 156379 3125 9180 1 16 1
36 111857 3125 5541 1 12 1
36 179290 3138 3726 1 28 1
36 146617 3143 911 1 40 1
36 119810 3146 4831 1 11 0
36 111175 3147 3681 1 32 0
36 135243 3148 6262 1 5 1
36 158497 3163 5021 1 4 1
36 81691 3164 701 1 34 1
36 93477 3164 2364 1 19 0
36 65269 3165 1843 1 51 1
36 169471 3168 1042 1 48 0
36 137938 3169 5021 1 40 0
36 159477 3170 7964 1 19 1
36 62082 3172 3553 1 23 1
36 119941 3176 4628 1 50 0
36 167911 3181 4067 1 5 1
36 96309 3186 487 1 32 0
36 115605 3188 1392 1 18 1
36 86204 3189 560 1 10 1
36 126742 3194 7262 1 35 1
36 146736 3194 4913 1 40 0
36 103666 3195 3196 1 26 1
36 144905 3198 5713 1 14 1
36 92479 3199 1576 1 44 0
36 90646 3200 1107 1 17 1
36 86147 3201 2802 1 28 1
36 147961 3205 7151 1 42 0
36 144900 3206 7373 1 51 1
36 93678 3206 1967 1 51 1
36 112610 3214 5169 1 1 1
36 144299 3217 166 1 27 0
36 89771 3218 2452 1 41 0
36 161556 3221 8747 1 22 0
36 122531 3221 835 1 28 1
36 164566 3222 4438 1 10 1
36 159907 3225 1126 1 34 0
36 155500 3225 3992 1 11 0
36 92996 3226 3797 1 6 1
36 103681 3226 6201 1 7 0
36 110900 3226 4593 1 29 0
36 91513 3229 2674 1 38 0
36 138102 3233 6767 1 23 0
36 162753 3234 8937 1 40 1
36 95143 3235 886 1 20 1
36 118894 3240 6006 1 6 0
36 75365 3249 1263 1 5 0
36 81362 3250 1321 1 10 0
36 115996 3250 551 1 48 0
36 125109 3255 6878 1 21 0
36 106763 3258 5660 1 32 1
36 80273 3259 2883 1 47 1
36 114933 3261 3131 1 19 1
36 95685 3261 3515 1 18 1
36 123036 3262 782 1 30 1
36 137072 3262 1856 1 18 1
36 173743 3264 4122 1 1 1
36 62575 3264 456 1 37 1
36 153992 3269 1391 1 45 1
36 177913 3278 1695 1 17 0
36 64308 3279 3245 1 38 0
36 177636 3279 6369 1 21 1
36 99205 3284 1731 1 17 1
36 171886 3289 3648 1 51 1
36 157916 3290 3168 1 34 1
36 73575 3293 4049 1 40 1
36 112689 3296 4408 1 29 1
36 136326 3296 5490 1 5 1
36 95873 3298 2466 1 46 0
36 168164 3300 4463 1 3 1
36 155578 3305 1209 1 24 0
36 67388 3307 2753 1 38 1
36 153612 3308 8904 1 6 0
36 143018 3313 6198 1 18 1
36 65876 3314 88 1 41 1
36 69709 3317 1359 1 45 0
36 77654 3317 334 1 40 1
36 136593 3318 6140 1 12 0
36 137035 3318 1401 1 43 1
36 173840 3319 5063 1 14 1
36 82928 3320 364 1 13 0
36 95730 3320 1895 1 40 0
36 89150 3320 3059 1 8 1
36 169474 3321 5106 1 30 0
36 63069 3328 2555 1 20 0
36 167300 3328 8360 1 4 0
36 162991 3330 3537 1 34 1
36 72339 3331 2432 1 32 1
36 174350 3331 10148 1 15 0
36 118978 3334 2152 1 45 0
36 97377 3336 4284 1 43 1
36 168756 3341 8538 1 49 0
36 145081 3341 6499 1 20 1
36 117353 3345 4638 1 14 0
36 64427 3350 2712 1 21 0
36 179448 3351 5139 1 21 1
36 130752 3352 3382 1 45 1
36 136437 3353 6738 1 37 0
36 167285 3354 7713 1 22 1
36 170647 3363 6062 1 27 0
36 93689 3363 400 1 7 0
36 153651 3364 5744 1 3 1
36 149747 3371 4242 1 50 0
36 125516 3373 5812 1 30 1
36 73690 3375 3587 1 29 0
36 171220 3379 2303 1 14 1
36 81686 3379 3654 1 48 1
36 164001 3381 4455 1 48 1
36 119201 3383 5463 1 47 1
36 100907 3388 4239 1 32 0
36 61602 3396 2886 1 27 1
36 90960 3397 435 1 8 1
36 167796 3397 6070 1 41 0
36 164672 3398 3992 1 7 1
36 165122 3405 9519 1 12 1
36 165560 3406 6075 1 7 1
36 129598 3408 5443 1 22 1
36 159629 3410 6531 1 48 1
36 129205 3410 2301 1 28 0
36 155888 3413 5377 1 30 0
36 71571 3414 2823 1 21 0
36 81075 3416 826 1 24 0
36 127418 3421 2328 1 7 1
36 136837 3422 1282 1 8 0
36 136817 3424 5324 1 43 1
36 161308 3425 5439 1 43 0
36 103361 3427 4441 1 16 0
36 113724 3430 992 1 22 0
36 166289 3431 6203 1 22 0
36 161071 3435 2649 1 42 1
36 130527 3439 4208 1 34 1
36 144670 3442 7998 1 14 1
36 179913 3442 9458 1 7 1
36 171661 3442 7572 1 9 0
36 82600 3449 4124 1 28 1
36 88681 3449 2337 1 50 1
36 83842 3451 2560 1 13 0
36 154896 3453 5220 1 6 0
36 90333 3454 373 1 49 0
36 163495 3462 462 1 40 0
36 98460 3462 3820 1 45 0
36 134912 3463 648 1 39 1
36 108108 3467 5870 1 3 0
36 171768 3470 5277 1 42 0
36 168191 3471 7858 1 45 1
36 99626 3475 1094 1 1 0
36 95607 3476 1712 1 18 1
36 142756 3479 8007 1 7 0
36 124664 3485 3269 1 25 0
36 153543 3487 7086 1 20 0
36 86582 3490 3327 1 2 1
36 98232 3491 3129 1 44 1
36 168514 3491 5058 1 22 1
36 149210 3493 3862 1 24 1
36 91975 3495 138 1 12 0
36 157996 3496 7166 1 36 0
36 129324 3498 4750 1 11 1
36 90414 3499 1676 1 29 1
36 85887 3501 1607 1 3 1
36 85362 3503 4432 1 7 0
36 163252 3503 6272 1 50 1
36 97248 3504 386 1 20 1
36 127131 3505 7493 1 13 0
36 70267 3506 364 1 4 1
36 120552 3514 2509 1 32 1
36 116279 3515 6172 1 12 1
36 95631 3515 5213 1 34 0
36 169277 3516 9174 1 7 1
36 140489 3522 7350 1 19 1
36 128020 3523 3683 1 26 0
36 149712 3525 6060 1 37 0
36 155309 3526 3538 1 46 1
36 122321 3528 3542 1 14 0
36 124015 3529 6482 1 21 1
36 81239 3533 2543 1 35 1
36 63190 3538 2626 1 50 1
36 101772 3538 592 1 28 0
36 179848 3542 7611 1 44 0
36 124425 3543 3641 1 36 1
36 61029 3544 2141 1 27 0
36 158323 3544 3959 1 7 0
36 125050 3544 7118 1 27 0
36 74201 3546 3863 1 12 1
36 77623 3547 3644 1 19 1
36 88606 3551 869 1 7 0
36 108402 3560 4510 1 30 0
36 114269 3560 4504 1 20 0
36 167988 3566 344 1 45 0
36 153786 3571 2076 1 28 0
36 84487 3571 642 1 33 1
36 130462 3574 5689 1 17 1
36 140044 3575 7019 1 24 0
36 69905 3584 3347 1 12 1
36 125206 3585 3756 1 38 1
36 174968 3591 440 1 1 0
36 68179 3594 2088 1 4 1
36 155903 3594 5036 1 23 0
36 88286 3595 4275 1 16 1
36 173693 3595 1740 1 23 0
