1500
37 108794 4 5855 1 11 1
37 71703 7 767 1 6 1
37 91972 9 257 1 28 0
37 169288 9 2319 1 16 0
37 119700 11 5056 1 19 0
37 156021 14 6978 1 25 0
37 127970 15 6181 1 7 0
37 166475 19 2892 1 51 1
37 120224 20 3185 1 10 1
37 126561 28 3060 1 33 0
37 170060 28 4040 1 12 0
37 136642 30 2745 1 11 1
37 101753 33 983 1 2 0
37 165466 35 1255 1 19 0
37 123804 38 5516 1 43 1
37 178116 40 6589 1 26 1
37 111408 42 2597 1 7 1
37 178635 52 7267 1 10 1
37 109323 53 5843 1 1 0
37 144037 53 7220 1 36 1
37 80119 55 4589 1 8 0
37 125766 57 6723 1 15 1
37 141146 58 5629 1 38 0
37 89356 63 4473 1 10 1
37 103925 64 2163 1 40 0
37 79127 69 4377 1 31 0
37 171693 72 392 1 32 1
37 66847 81 500 1 19 0
37 94208 82 4017 1 10 0
37 141140 82 5726 1 50 1
37 141927 86 1327 1 30 0
37 72436 86 2751 1 51 1
37 114598 87 3790 1 28 0
37 107519 88 5875 1 45 0
37 81466 88 4791 1 21 1
37 171382 91 3606 1 34 0
37 154070 95 4646 1 24 0
37 170917 98 8809 1 29 0
37 179878 99 10733 1 14 1
37 101435 100 1397 1 10 1
37 150034 101 4940 1 19 1
37 172553 109 2544 1 44 1
37 155682 110 9032 1 10 1
37 113705 111 837 1 18 1
37 60203 112 2110 1 50 1
37 176789 112 5104 1 9 1
37 97606 118 2983 1 39 1
37 74643 120 1698 1 6 0
37 105605 128 1435 1 7 1
37 136220 129 4964 1 13 0
37 125447 130 2573 1 48 1
37 113512 130 4811 1 37 0
37 125984 132 6203 1 4 1
37 171768 133 9111 1 18 0
37 137617 135 5579 1 20 1
37 136321 136 994 1 48 0
37 70048 138 3682 1 6 0
37 128778 140 7117 1 20 1
37 125667 142 6917 1 22 0
37 72138 143 3805 1 31 0
37 77557 145 4050 1 26 0
37 130376 145 5224 1 11 1
37 123607 147 5734 1 2 0
37 120170 150 7003 1 43 0
37 167663 150 3308 1 4 1
37 121039 152 2250 1 25 1
37 111116 156 4547 1 9 0
37 67550 157 3867 1 25 1
37 86659 158 2392 1 41 0
37 177573 162 7998 1 32 1
37 154800 164 5905 1 42 0
37 90459 165 2230 1 8 0
37 120460 167 392 1 44 1
37 162339 168 8979 1 25 0
37 106633 174 852 1 30 0
37 105834 177 226 1 47 1
37 73107 179 2353 1 43 1
37 149878 191 2403 1 44 0
37 166640 193 3117 1 3 0
37 128705 194 6774 1 3 0
37 160780 195 5495 1 29 1
37 142467 196 7022 1 29 1
37 122965 200 2841 1 33 1
37 71924 201 676 1 2 0
37 65480 202 2759 1 29 1
37 94612 209 3002 1 25 1
37 156649 209 7460 1 19 0
37 149387 211 4482 1 46 1
37 61965 212 856 1 13 1
37 169949 213 8033 1 37 1
37 99828 213 3613 1 22 0
37 84131 217 509 1 29 0
37 129963 218 6176 1 29 0
37 111355 218 3020 1 33 0
37 143720 221 5261 1 5 1
37 90205 224 4165 1 8 1
37 62712 225 1110 1 27 0
37 165268 225 6520 1 30 0
37 89043 226 135 1 5 1
37 123881 230 5496 1 27 1
37 178628 233 9851 1 31 1
37 129115 234 3543 1 25 0
37 61094 242 2071 1 32 0
37 68946 248 1844 1 21 0
37 141863 251 2677 1 13 0
37 125005 253 3534 1 4 1
37 78016 255 3090 1 11 1
37 92977 261 688 1 45 1
37 159320 261 6340 1 29 0
37 132539 262 7937 1 49 1
37 128148 264 457 1 6 1
37 114804 266 3520 1 50 1
37 147864 266 6563 1 16 0
37 105992 269 2189 1 50 1
37 104061 271 5552 1 9 1
37 146163 272 5909 1 13 1
37 74353 276 2079 1 30 1
37 96738 276 2034 1 12 1
37 107091 281 4983 1 5 0
37 120610 284 1765 1 47 1
37 174122 289 1773 1 42 0
37 140728 290 1405 1 27 1
37 159935 302 1394 1 9 1
37 106310 307 5592 1 31 1
37 88930 307 2974 1 5 0
37 79841 307 1643 1 12 1
37 157648 307 1182 1 5 0
37 136294 309 6531 1 37 1
37 95158 311 1858 1 12 1
37 143003 312 8139 1 47 1
37 145938 313 6349 1 22 1
37 174845 314 7813 1 8 0
37 150929 314 3472 1 5 1
37 110261 316 512 1 5 1
37 146439 316 5619 1 5 1
37 108469 318 943 1 2 0
37 161752 320 9692 1 3 0
37 130132 324 4969 1 36 1
37 65848 333 1288 1 29 1
37 158427 337 9014 1 21 0
37 145797 347 5798 1 48 0
37 176393 349 9216 1 16 1
37 144201 351 4168 1 18 1
37 83052 351 4728 1 47 0
37 151515 357 2429 1 25 1
37 155924 361 1596 1 13 0
37 72999 362 3578 1 20 1
37 155511 364 8181 1 47 1
37 146088 365 1231 1 24 0
37 171030 368 6496 1 24 1
37 104917 372 4256 1 6 1
37 169532 375 3635 1 48 1
37 124794 377 5909 1 28 0
37 151407 380 6675 1 38 1
37 168966 381 2554 1 5 1
37 108591 386 6082 1 37 1
37 157938 386 971 1 1 1
37 140285 390 947 1 49 1
37 142309 395 4973 1 17 1
37 161485 396 479 1 49 1
37 172202 397 6675 1 21 0
37 74501 401 1168 1 45 1
37 77046 401 770 1 5 0
37 80168 405 1410 1 50 0
37 169502 408 666 1 2 0
37 139625 411 6597 1 38 0
37 89559 412 985 1 50 0
37 118978 412 3959 1 39 0
37 85433 415 3530 1 28 1
37 165528 424 766 1 40 0
37 124219 426 242 1 2 0
37 136498 427 5262 1 28 1
37 179667 430 8051 1 23 0
37 104954 434 3803 1 48 1
37 165919 435 9778 1 3 1
37 96098 438 1943 1 18 0
37 162780 438 7168 1 51 1
37 135847 439 3867 1 21 0
37 126850 439 800 1 6 1
37 103410 441 753 1 5 1
37 123215 442 1074 1 1 1
37 158051 445 3191 1 51 0
37 138760 446 6460 1 35 0
37 146630 447 4287 1 15 1
37 149859 451 7784 1 43 1
37 137719 451 4380 1 4 1
37 97853 452 2239 1 40 0
37 60320 454 1575 1 48 0
37 79650 457 1698 1 36 1
37 64023 458 1083 1 38 1
37 72357 459 3921 1 2 0
37 175585 463 8081 1 13 1
37 92562 464 4269 1 31 0
37 122929 482 2586 1 32 0
37 60962 482 2560 1 46 0
37 114542 483 5730 1 5 1
37 124671 483 6798 1 40 0
37 63521 487 1777 1 4 1
37 122993 488 2149 1 49 0
37 141779 488 5146 1 37 1
37 117061 493 2406 1 41 0
37 161461 493 4175 1 20 0
37 103860 494 6039 1 23 1
37 134187 496 1871 1 17 0
37 163444 497 3140 1 6 0
37 127003 500 4919 1 17 1
37 95850 502 3967 1 19 1
37 151401 502 8262 1 45 1
37 165464 505 5751 1 32 1
37 162190 513 3143 1 26 0
37 158550 513 3507 1 12 0
37 103750 514 664 1 26 1
37 88369 515 4423 1 4 0
37 137805 517 7771 1 9 0
37 156584 520 3921 1 50 1
37 154609 520 8628 1 44 0
37 173688 521 5991 1 32 0
37 66560 526 3425 1 37 0
37 164149 529 5504 1 28 0
37 154547 529 6842 1 29 1
37 101738 532 5226 1 5 0
37 177977 536 9650 1 36 1
37 115093 538 6647 1 45 1
37 105605 540 1545 1 34 1
37 110072 543 1834 1 25 0
37 74958 547 427 1 48 0
37 65083 551 1448 1 25 0
37 110655 553 4634 1 45 0
37 157388 553 4953 1 47 1
37 111643 558 4222 1 32 1
37 176241 560 2198 1 9 1
37 132294 561 7049 1 22 0
37 126896 563 5981 1 43 1
37 63829 566 3018 1 29 1
37 158600 570 4158 1 33 1
37 152508 570 4041 1 36 1
37 64126 572 850 1 31 0
37 79736 573 1440 1 15 0
37 123407 574 7384 1 35 1
37 169261 574 8368 1 25 0
37 87938 575 5270 1 25 0
37 60382 575 1095 1 8 1
37 69719 577 1763 1 50 1
37 115123 579 516 1 51 0
37 163437 580 3200 1 9 0
37 169216 584 10028 1 17 0
37 162944 589 1689 1 49 0
37 122937 591 2726 1 31 1
37 177392 592 4512 1 23 0
37 61414 593 1382 1 17 0
37 163723 594 8645 1 28 0
37 105764 596 4466 1 28 0
37 174263 597 10433 1 34 1
37 60033 598 3446 1 24 0
37 129991 603 2839 1 15 0
37 68930 605 169 1 10 1
37 77235 606 1163 1 31 0
37 68671 607 2511 1 46 1
37 127038 611 4861 1 1 1
37 103308 612 1482 1 1 0
37 156104 612 8430 1 14 1
37 94300 616 105 1 15 0
37 111097 621 4164 1 13 1
37 109773 622 5230 1 51 0
37 175453 623 3324 1 41 1
37 172456 627 3937 1 33 1
37 152801 628 4131 1 24 1
37 69296 630 849 1 40 0
37 177426 633 1621 1 16 0
37 163160 634 2624 1 29 0
37 87356 635 2056 1 9 0
37 165867 637 688 1 48 0
37 120633 639 2394 1 3 1
37 63359 641 263 1 20 1
37 108651 650 2990 1 12 0
37 77470 651 509 1 38 1
37 148512 653 3696 1 48 0
37 82848 655 3908 1 5 1
37 119646 658 1649 1 47 0
37 178039 660 8501 1 21 1
37 94802 668 5394 1 21 0
37 82739 671 1644 1 33 1
37 76716 673 3113 1 3 0
37 88497 674 2414 1 24 1
37 121578 676 6648 1 17 0
37 140953 678 4537 1 35 0
37 154376 679 6828 1 9 0
37 74843 680 4278 1 42 1
37 129960 687 2127 1 42 0
37 120497 687 3578 1 11 0
37 64692 688 715 1 15 0
37 130273 689 7193 1 13 0
37 147706 691 1196 1 6 1
37 114123 695 3556 1 42 1
37 83896 698 4299 1 8 1
37 74137 701 3162 1 50 0
37 74909 706 398 1 32 1
37 162652 710 5955 1 25 1
37 160564 713 7655 1 30 0
37 105706 716 2207 1 32 0
37 116506 718 5393 1 34 0
37 117313 720 1043 1 44 0
37 67619 723 437 1 42 1
37 171805 724 7095 1 31 1
37 160481 724 8113 1 36 1
37 161480 725 2956 1 44 1
37 117624 725 3585 1 20 1
37 108018 728 166 1 26 0
37 143007 729 6505 1 8 0
37 129471 730 1802 1 38 1
37 167662 732 4202 1 6 1
37 64426 739 2399 1 22 0
37 79427 740 89 1 2 1
37 70209 742 199 1 30 0
37 74509 745 1899 1 48 0
37 148438 747 2107 1 43 1
37 121393 749 7140 1 32 0
37 156364 749 1978 1 7 1
37 76187 753 1457 1 51 1
37 120114 757 2334 1 3 0
37 163340 758 387 1 45 1
37 167013 758 9288 1 32 1
37 174858 759 1882 1 48 0
37 97100 760 5622 1 45 1
37 105777 761 4898 1 23 1
37 67533 762 3365 1 37 0
37 74304 763 1538 1 43 1
37 70304 766 2936 1 15 0
37 157085 767 1928 1 13 0
37 117964 768 2091 1 2 0
37 135522 770 5805 1 18 1
37 105345 775 266 1 39 1
37 176856 775 9165 1 20 1
37 75413 786 2843 1 41 1
37 136260 789 5510 1 43 0
37 146949 792 7459 1 11 0
37 154628 796 6831 1 3 1
37 178672 796 1128 1 21 0
37 112253 798 3514 1 26 1
37 169094 800 379 1 16 0
37 166646 802 7255 1 12 1
37 116670 802 636 1 45 0
37 179049 804 7907 1 18 1
37 134785 806 3202 1 42 1
37 79735 807 2273 1 49 1
37 113693 809 3997 1 8 1
37 132277 809 4866 1 36 0
37 145362 813 2659 1 34 0
37 70687 814 1385 1 44 1
37 163211 818 8921 1 20 0
37 132962 818 2317 1 43 0
37 134836 818 6857 1 5 1
37 95634 820 4685 1 1 0
37 111617 835 2743 1 6 1
37 176054 838 2584 1 48 0
37 108999 842 5255 1 20 1
37 100682 850 5900 1 19 1
37 80810 854 697 1 26 1
37 172433 856 3882 1 4 1
37 100319 856 5948 1 23 1
37 85234 859 3646 1 12 1
37 170314 859 4864 1 15 0
37 96276 860 2534 1 20 1
37 116779 867 2219 1 15 1
37 76680 869 2353 1 10 0
37 70242 869 333 1 14 1
37 74212 870 2879 1 46 1
37 145448 871 1414 1 19 0
37 79791 873 644 1 23 0
37 144873 873 6254 1 35 0
37 176819 875 6870 1 38 0
37 171001 881 1316 1 40 0
37 122377 884 4002 1 48 0
37 164019 888 2985 1 41 1
37 119417 888 1193 1 17 1
37 98341 889 2140 1 51 0
37 134554 893 257 1 10 1
37 79754 894 3890 1 34 1
37 171431 899 3443 1 30 1
37 146909 904 611 1 2 0
37 175672 905 363 1 10 0
37 135719 907 5801 1 26 0
37 80073 909 353 1 42 0
37 60894 911 1363 1 44 0
37 82312 912 136 1 43 1
37 143698 913 2635 1 49 0
37 165173 914 231 1 31 1
37 96079 916 3218 1 41 1
37 93980 918 603 1 2 1
37 85659 919 4803 1 33 0
37 140327 920 394 1 30 0
37 145030 930 4026 1 30 1
37 109629 930 865 1 14 1
37 99336 930 3052 1 34 0
37 155071 935 5306 1 9 1
37 126827 939 1580 1 14 0
37 160450 941 7439 1 26 1
37 127011 943 5938 1 35 1
37 89210 943 3996 1 31 0
37 93890 947 3971 1 29 1
37 99106 949 1342 1 3 0
37 106084 950 4123 1 7 0
37 128364 951 5512 1 3 1
37 147344 958 4579 1 30 1
37 113955 960 2917 1 48 0
37 114172 962 3018 1 25 0
37 78641 963 4272 1 25 0
37 81253 963 2356 1 46 0
37 103692 966 645 1 29 1
37 175471 969 8270 1 22 0
37 174756 972 2199 1 22 1
37 93079 978 4795 1 14 1
37 94736 978 4514 1 49 0
37 111647 979 3440 1 18 0
37 110194 982 1314 1 31 1
37 171646 984 8686 1 20 0
37 110595 987 354 1 47 1
37 165078 990 2072 1 33 1
37 92876 991 1589 1 10 1
37 174159 995 4040 1 15 0
37 152780 998 7178 1 39 0
37 139666 1000 4436 1 7 0
37 64896 1001 166 1 48 1
37 129119 1004 4531 1 32 1
37 152344 1009 5170 1 41 0
37 95697 1010 2411 1 10 0
37 100905 1011 1983 1 50 1
37 155200 1011 3885 1 32 1
37 161125 1012 566 1 10 0
37 136858 1012 4760 1 26 0
37 100783 1015 3151 1 32 0
37 168765 1024 9367 1 31 0
37 156001 1025 8112 1 13 1
37 76369 1026 2489 1 9 1
37 98476 1030 2393 1 24 1
37 127464 1032 5487 1 7 1
37 175055 1033 5506 1 9 0
37 151610 1034 8551 1 42 1
37 175524 1035 1279 1 1 1
37 131574 1037 3402 1 48 1
37 131643 1037 2715 1 38 0
37 116609 1038 6135 1 44 1
37 125164 1043 3114 1 16 1
37 126278 1046 5348 1 13 1
37 120439 1046 412 1 28 0
37 139406 1049 7471 1 8 0
37 127873 1051 3701 1 4 0
37 139993 1056 1850 1 5 1
37 94728 1057 1362 1 21 0
37 111747 1057 4222 1 8 1
37 94681 1057 4936 1 46 0
37 170825 1059 4273 1 18 0
37 159924 1062 3204 1 40 1
37 131236 1064 2868 1 28 1
37 147218 1064 7518 1 22 0
37 110520 1064 2294 1 18 0
37 90082 1069 4075 1 39 1
37 155200 1071 9297 1 16 0
37 122551 1072 7071 1 36 0
37 178105 1075 5096 1 1 0
37 133969 1077 4687 1 37 1
37 103324 1081 4311 1 33 0
37 120590 1089 5936 1 44 0
37 118966 1091 6640 1 39 1
37 65789 1091 1018 1 13 0
37 149721 1093 6011 1 15 1
37 78551 1093 316 1 19 1
37 68032 1096 308 1 21 1
37 71464 1097 3590 1 42 0
37 149158 1098 3760 1 33 0
37 142613 1100 7300 1 17 0
37 84958 1102 3253 1 47 1
37 95102 1103 4380 1 43 1
37 80470 1105 2893 1 51 0
37 72945 1108 2161 1 34 1
37 171341 1110 1212 1 24 1
37 158993 1111 2082 1 28 0
37 60833 1111 825 1 10 1
37 82030 1112 730 1 23 1
37 118245 1114 997 1 16 1
37 179858 1115 2870 1 9 1
37 104191 1119 1345 1 1 0
37 145761 1119 5346 1 13 0
37 142763 1122 6151 1 5 0
37 97991 1123 5769 1 8 1
37 81274 1127 2329 1 31 0
37 112041 1128 3973 1 32 0
37 71213 1131 3735 1 46 1
37 135590 1137 6661 1 48 0
37 130655 1139 7254 1 22 0
37 122750 1139 1400 1 6 1
37 87849 1146 3090 1 41 1
37 143760 1146 5256 1 26 0
37 139980 1153 5552 1 49 0
37 66336 1155 689 1 49 0
37 114117 1157 5857 1 23 1
37 120985 1158 2061 1 27 0
37 85317 1166 1279 1 41 0
37 141733 1167 8194 1 4 1
37 125383 1168 6486 1 3 0
37 103140 1169 3885 1 18 1
37 145834 1171 7951 1 3 1
37 145572 1171 1848 1 4 0
37 170717 1173 491 1 43 1
37 144066 1183 5067 1 10 1
37 146842 1183 7488 1 11 0
37 107392 1183 4205 1 48 1
37 159740 1183 1621 1 4 0
37 104310 1184 4838 1 10 0
37 174827 1186 5526 1 51 1
37 151527 1187 3474 1 49 1
37 155070 1188 2779 1 2 0
37 84341 1201 3418 1 1 1
37 145236 1203 3423 1 13 0
37 153489 1204 5486 1 45 0
37 178648 1205 653 1 2 0
37 93112 1210 4915 1 50 0
37 90246 1212 3581 1 14 0
37 178508 1212 7155 1 14 0
37 92314 1213 3835 1 9 0
37 129866 1213 550 1 25 1
37 70234 1216 3904 1 21 0
37 111351 1216 652 1 42 1
37 69305 1217 3976 1 27 0
37 63414 1220 373 1 25 0
37 115783 1221 6092 1 8 0
37 137524 1223 7745 1 13 0
37 170036 1224 1909 1 6 1
37 122089 1228 2831 1 17 1
37 60930 1228 3045 1 3 0
37 108208 1228 1369 1 21 0
37 105323 1229 1574 1 8 0
37 127123 1233 4412 1 3 0
37 169196 1233 6055 1 18 0
37 97043 1235 3140 1 31 1
37 82809 1240 699 1 16 1
37 157270 1240 9359 1 22 0
37 66195 1242 2189 1 44 1
37 143094 1244 6382 1 6 0
37 159851 1250 5780 1 5 0
37 154964 1251 8048 1 46 1
37 123051 1251 1491 1 47 1
37 100586 1251 2950 1 8 0
37 60236 1251 1985 1 18 0
37 73322 1257 2432 1 16 0
37 163803 1260 2352 1 39 1
37 164781 1262 3317 1 1 0
37 126235 1264 3257 1 39 1
37 137087 1266 5277 1 38 1
37 89578 1268 5343 1 48 0
37 162886 1271 5679 1 27 1
37 133388 1274 611 1 34 1
37 142013 1279 7145 1 39 1
37 158253 1281 2562 1 12 1
37 132838 1283 366 1 17 1
37 62758 1283 3293 1 9 1
37 85965 1289 472 1 37 1
37 91935 1294 2298 1 28 0
37 104409 1294 1022 1 14 0
37 138282 1294 4430 1 11 0
37 66101 1299 2465 1 19 1
37 142530 1300 712 1 43 0
37 71530 1305 2236 1 5 0
37 93301 1305 235 1 4 1
37 142200 1306 1040 1 17 0
37 157074 1307 4114 1 4 1
37 138095 1307 7600 1 10 1
37 95269 1308 1610 1 37 0
37 65836 1314 2876 1 4 1
37 138909 1318 7911 1 25 1
37 108013 1322 4969 1 12 1
37 164719 1324 1049 1 29 1
37 76408 1325 4236 1 14 1
37 80319 1325 1596 1 49 1
37 142805 1327 5211 1 29 0
37 97514 1328 5754 1 26 1
37 148990 1329 1786 1 20 1
37 160796 1337 5116 1 39 1
37 102552 1339 5043 1 51 0
37 142656 1341 2321 1 30 0
37 179012 1342 3849 1 5 1
37 77950 1347 4459 1 42 1
37 164072 1348 4594 1 29 0
37 78108 1350 865 1 2 0
37 87487 1355 2352 1 32 0
37 79785 1361 3150 1 19 1
37 96544 1364 4127 1 7 0
37 172360 1366 4392 1 7 0
37 68670 1368 1227 1 42 0
37 163535 1371 7750 1 3 1
37 65803 1375 3217 1 37 1
37 96695 1376 533 1 42 1
37 107956 1380 701 1 24 0
37 163401 1386 450 1 31 0
37 76126 1387 4029 1 30 1
37 101624 1389 3204 1 45 1
37 150090 1390 6233 1 7 1
37 168776 1392 8739 1 24 1
37 129719 1395 2969 1 39 0
37 78007 1400 2584 1 29 0
37 87567 1401 813 1 30 1
37 147463 1403 2350 1 25 1
37 93947 1407 2102 1 48 0
37 156693 1408 4020 1 45 1
37 90080 1409 3725 1 44 1
37 170547 1415 7703 1 29 0
37 73945 1415 1438 1 33 1
37 162044 1431 6961 1 14 0
37 67425 1441 386 1 5 0
37 119842 1443 4127 1 23 1
37 76754 1443 3202 1 1 1
37 125947 1444 6603 1 22 0
37 93348 1445 4322 1 37 0
37 101694 1445 2786 1 15 1
37 103622 1449 2975 1 17 1
37 169805 1451 6348 1 25 0
37 82242 1451 679 1 5 0
37 173325 1452 10350 1 13 0
37 64982 1452 3524 1 28 1
37 66157 1454 2081 1 21 0
37 76161 1456 1330 1 28 1
37 111132 1456 3894 1 16 1
37 156180 1457 3101 1 16 1
37 129847 1459 3076 1 42 1
37 108588 1460 1075 1 28 1
37 118448 1462 2193 1 10 0
37 163593 1463 9541 1 39 1
37 111114 1463 5602 1 20 0
37 73389 1469 3428 1 43 0
37 108509 1469 3540 1 27 1
37 176467 1470 2519 1 41 0
37 143876 1471 4181 1 22 1
37 123380 1472 1544 1 3 1
37 100610 1472 3758 1 1 0
37 85032 1475 2657 1 42 0
37 87510 1480 3112 1 20 0
37 129003 1482 3362 1 7 0
37 134821 1489 5593 1 2 1
37 166303 1495 5302 1 41 1
37 92531 1497 423 1 43 0
37 108426 1498 1491 1 26 0
37 95798 1499 1940 1 49 1
37 143230 1501 4399 1 15 1
37 61841 1504 1519 1 11 1
37 124530 1507 4606 1 24 1
37 109500 1507 1826 1 2 0
37 90656 1517 480 1 15 1
37 63050 1517 2129 1 11 0
37 148802 1524 7541 1 38 1
37 122212 1524 5189 1 27 1
37 88299 1526 4163 1 17 1
37 127619 1528 1779 1 25 0
37 78206 1530 2544 1 21 0
37 141738 1534 3093 1 9 1
37 154757 1537 2728 1 25 1
37 95612 1537 717 1 13 1
37 122481 1537 6567 1 17 0
37 142491 1541 1485 1 42 0
37 79446 1544 4711 1 24 0
37 124672 1547 1437 1 24 1
37 97323 1548 1553 1 36 0
37 171539 1549 9238 1 27 0
37 136875 1550 4673 1 20 1
37 83644 1556 1165 1 19 0
37 129421 1556 5601 1 18 1
37 138614 1560 5284 1 15 1
37 177694 1560 1360 1 11 1
37 78445 1564 3566 1 43 1
37 88232 1564 545 1 3 0
37 67023 1566 1033 1 17 1
37 65628 1577 573 1 21 0
37 166548 1578 6631 1 51 0
37 73035 1583 325 1 32 1
37 64557 1583 1421 1 8 1
37 108807 1585 4862 1 16 1
37 97736 1590 3774 1 13 1
37 82364 1592 4329 1 14 0
37 110156 1592 3982 1 29 0
37 89907 1593 2756 1 24 0
37 88393 1594 1262 1 41 0
37 63774 1594 1954 1 10 0
37 161579 1598 9351 1 25 0
37 106485 1601 1088 1 29 0
37 128202 1603 4663 1 10 0
37 177377 1605 294 1 13 1
37 163844 1605 4713 1 49 0
37 120983 1607 6013 1 47 1
37 138733 1611 5732 1 23 0
37 129828 1613 2872 1 32 0
37 142762 1613 4675 1 20 0
37 164950 1615 9426 1 8 0
37 76333 1620 4299 1 29 1
37 68254 1624 1803 1 36 1
37 154819 1628 4960 1 46 1
37 90932 1629 4397 1 36 1
37 108728 1630 4814 1 17 0
37 145693 1633 5668 1 26 1
37 133321 1634 6371 1 43 0
37 139474 1635 1482 1 26 1
37 143114 1635 7980 1 45 1
37 130325 1640 4999 1 31 1
37 61653 1640 1840 1 38 0
37 173874 1640 1237 1 42 1
37 179997 1641 7961 1 13 0
37 119099 1643 2129 1 43 0
37 94719 1645 1249 1 35 1
37 138493 1646 208 1 50 0
37 116678 1650 2027 1 13 0
37 151429 1651 2254 1 39 0
37 85956 1652 2981 1 28 0
37 141842 1652 2989 1 5 0
37 175430 1655 10446 1 29 0
37 102501 1657 1706 1 50 0
37 153253 1658 3573 1 31 0
37 63224 1660 2881 1 6 1
37 75286 1666 1494 1 43 1
37 159896 1667 4267 1 25 0
37 103212 1670 4371 1 42 0
37 90762 1672 5418 1 1 1
37 100091 1679 1266 1 18 0
37 170800 1680 786 1 32 1
37 129606 1681 5413 1 16 1
37 77873 1693 3486 1 1 1
37 179108 1695 6908 1 7 1
37 123908 1698 6394 1 27 1
37 142854 1698 4709 1 25 0
37 142837 1699 1392 1 4 1
37 121463 1703 3099 1 42 1
37 162077 1705 3971 1 47 0
37 69907 1705 2403 1 17 0
37 72185 1710 683 1 45 1
37 75118 1715 4097 1 31 0
37 159027 1716 1069 1 44 0
37 80588 1716 2510 1 16 0
37 159329 1721 2446 1 10 0
37 136096 1723 7810 1 21 0
37 135462 1723 4866 1 39 0
37 124831 1729 2380 1 13 0
37 158816 1732 9031 1 22 1
37 85937 1736 2374 1 36 1
37 146239 1743 1149 1 10 1
37 68045 1745 1495 1 24 0
37 141886 1745 6233 1 21 0
37 109321 1747 541 1 4 0
37 118650 1748 7014 1 28 1
37 111207 1752 2936 1 1 1
37 143945 1762 5314 1 35 1
37 125907 1771 4135 1 18 0
37 80407 1774 2213 1 34 0
37 132175 1774 3054 1 44 0
37 72725 1775 4092 1 21 1
37 128084 1777 6192 1 19 1
37 85303 1777 1316 1 6 0
37 109049 1778 5706 1 9 0
37 132051 1781 1086 1 18 1
37 76691 1781 3482 1 51 1
37 162986 1782 3118 1 16 0
37 176639 1783 8527 1 40 1
37 116153 1785 5212 1 22 1
37 167626 1787 2875 1 18 1
37 129888 1787 2515 1 12 1
37 103961 1788 2430 1 36 0
37 138870 1791 2311 1 37 1
37 110785 1793 2627 1 11 0
37 69078 1807 1069 1 38 0
37 86264 1808 3443 1 20 0
37 64389 1809 1368 1 41 0
37 60136 1817 1560 1 10 1
37 60961 1817 1203 1 27 1
37 85517 1823 414 1 23 0
37 134178 1824 7693 1 46 0
37 174201 1825 984 1 46 0
37 169135 1828 2984 1 6 1
37 154672 1829 6700 1 12 0
37 149868 1830 5622 1 35 0
37 85980 1839 3823 1 27 0
37 78418 1841 772 1 15 1
37 88011 1843 1949 1 3 0
37 91562 1845 4184 1 31 0
37 80420 1846 4086 1 1 1
37 76228 1846 4548 1 49 1
37 137977 1847 2619 1 10 0
37 139897 1849 8255 1 4 0
37 114761 1850 3417 1 20 1
37 85925 1852 3261 1 3 0
37 125375 1854 1736 1 50 1
37 95959 1857 5506 1 10 0
37 77794 1858 2539 1 46 1
37 133902 1858 399 1 32 1
37 159324 1864 5580 1 43 0
37 138966 1869 2972 1 39 0
37 132856 1871 6521 1 25 0
37 147002 1873 2967 1 15 0
37 71927 1877 1560 1 36 0
37 70917 1892 2755 1 6 0
37 175934 1893 1291 1 15 0
37 135842 1895 930 1 8 1
37 102775 1896 1923 1 16 1
37 103829 1897 3094 1 36 0
37 137453 1903 7280 1 26 0
37 82232 1906 89 1 22 0
37 143075 1909 1910 1 27 0
37 68865 1909 1312 1 40 0
37 113624 1910 5042 1 23 1
37 120518 1915 1498 1 36 1
37 71143 1921 1833 1 24 0
37 97960 1925 1489 1 46 0
37 150743 1926 6527 1 33 1
37 152395 1926 7690 1 39 1
37 141245 1927 7806 1 7 0
37 177775 1927 6965 1 33 1
37 134265 1930 924 1 34 0
37 72949 1932 4094 1 11 1
37 66449 1934 1980 1 18 1
37 85224 1936 4878 1 39 0
37 141490 1939 5319 1 36 1
37 102393 1941 2195 1 21 0
37 89666 1943 1770 1 30 1
37 152850 1945 5730 1 50 0
37 150195 1945 1324 1 2 1
37 70738 1945 3769 1 38 0
37 107144 1947 6372 1 2 1
37 147569 1948 598 1 25 1
37 136513 1953 587 1 7 0
37 72088 1955 4049 1 8 1
37 91252 1956 1398 1 7 0
37 62722 1958 1400 1 46 1
37 70573 1961 2943 1 27 1
37 133283 1963 7567 1 19 1
37 114813 1964 2360 1 22 1
37 96141 1965 5147 1 4 0
37 176825 1971 2931 1 47 0
37 67815 1975 4039 1 28 1
37 65714 1977 3596 1 31 0
37 77594 1978 4036 1 47 0
37 84872 1980 4833 1 31 1
37 96256 1981 2707 1 6 0
37 151659 1984 6537 1 32 0
37 127493 1985 2339 1 35 1
37 93992 1987 562 1 33 0
37 150984 1989 5699 1 41 1
37 143447 1990 2385 1 34 0
37 90199 1992 4839 1 46 0
37 68304 1995 4046 1 17 0
37 168610 1995 4736 1 37 1
37 62992 1996 1860 1 41 1
37 172871 1996 5488 1 44 0
37 78404 1997 2462 1 24 0
37 61986 1998 421 1 2 1
37 149041 2000 4992 1 35 0
37 98827 2001 1654 1 43 0
37 68306 2002 656 1 48 1
37 128452 2003 5732 1 22 1
37 133724 2005 1143 1 39 1
37 74182 2005 808 1 17 1
37 64930 2007 91 1 40 0
37 134024 2016 4477 1 42 1
37 162387 2017 1441 1 21 1
37 61195 2018 1408 1 47 1
37 145192 2021 973 1 40 0
37 118508 2023 772 1 26 1
37 141570 2026 529 1 45 1
37 104005 2028 5067 1 28 0
37 166640 2030 1264 1 47 0
37 124013 2030 6321 1 10 0
37 130019 2031 3615 1 22 0
37 63245 2033 3754 1 42 1
37 157977 2043 3565 1 11 0
37 95181 2043 4586 1 17 1
37 160445 2044 3121 1 49 1
37 147568 2046 6097 1 39 1
37 149281 2049 3020 1 31 0
37 73161 2051 3809 1 6 0
37 131568 2052 4395 1 4 0
37 178064 2053 1125 1 22 1
37 125655 2053 6174 1 43 0
37 161613 2068 6369 1 30 0
37 62442 2069 1014 1 38 1
37 88042 2070 4216 1 23 0
37 161379 2070 5745 1 8 1
37 74497 2072 2274 1 9 1
37 71500 2072 1879 1 4 0
37 98259 2072 4666 1 48 1
37 60755 2074 2903 1 33 1
37 156014 2075 7337 1 29 0
37 169581 2077 2872 1 41 1
37 83138 2091 4141 1 10 1
37 90755 2092 237 1 40 1
37 157736 2097 2125 1 9 1
37 125515 2101 6362 1 41 1
37 106406 2104 6176 1 31 0
37 156599 2104 7292 1 19 0
37 159385 2116 1049 1 24 1
37 122438 2118 1688 1 20 1
37 142680 2121 5105 1 45 0
37 60089 2124 2984 1 47 0
37 97210 2125 633 1 37 1
37 110982 2126 987 1 1 0
37 71183 2132 3952 1 43 0
37 144800 2137 2912 1 21 1
37 69159 2139 2895 1 50 1
37 134038 2141 3630 1 37 1
37 140965 2145 8088 1 8 1
37 164256 2150 3643 1 37 1
37 96392 2153 3848 1 18 1
37 85603 2154 830 1 12 1
37 109221 2156 550 1 45 1
37 91943 2156 2438 1 40 1
37 86821 2157 2702 1 41 1
37 130653 2161 6908 1 23 0
37 124344 2163 6861 1 47 1
37 83213 2168 1997 1 2 1
37 160336 2175 3129 1 35 0
37 125384 2186 477 1 49 1
37 137665 2189 222 1 2 0
37 69016 2190 2934 1 33 0
37 172648 2196 1358 1 34 0
37 122655 2196 7332 1 14 1
37 96999 2200 5062 1 10 1
37 153814 2209 7905 1 9 0
37 108383 2211 4872 1 11 0
37 100304 2212 1735 1 37 0
37 85606 2214 256 1 4 1
37 100976 2222 1558 1 48 1
37 157152 2225 6154 1 48 0
37 179998 2225 7115 1 4 1
37 177206 2227 9227 1 45 0
37 126617 2230 7184 1 27 1
37 171097 2239 1708 1 41 0
37 123338 2242 7136 1 43 1
37 125070 2244 6767 1 41 1
37 123353 2245 1341 1 32 0
37 175034 2245 9010 1 21 0
37 63169 2245 162 1 20 0
37 120375 2247 4158 1 24 1
37 160895 2249 5709 1 7 1
37 146003 2250 8675 1 12 0
37 176846 2252 10388 1 46 0
37 103452 2252 4158 1 32 1
37 161408 2252 7781 1 32 1
37 93003 2254 5279 1 18 0
37 74855 2254 2101 1 17 1
37 168088 2254 3505 1 33 1
37 64724 2255 3697 1 22 0
37 143473 2255 5809 1 50 1
37 119123 2256 6481 1 32 1
37 147907 2258 5564 1 21 0
37 88888 2261 4963 1 8 1
37 170807 2262 6531 1 26 1
37 172271 2266 7155 1 14 0
37 89244 2266 1227 1 16 0
37 153868 2267 5909 1 13 1
37 82198 2273 3966 1 42 0
37 177050 2275 7388 1 43 0
37 135124 2281 4646 1 26 1
37 125012 2282 705 1 28 0
37 73845 2288 3813 1 34 0
37 162925 2290 563 1 43 0
37 88403 2292 3634 1 33 0
37 177165 2294 6105 1 49 1
37 125568 2298 6707 1 34 1
37 124907 2301 2814 1 48 0
37 124128 2301 1601 1 23 0
37 107449 2302 5003 1 31 0
37 156604 2306 3573 1 8 0
37 139265 2307 5295 1 25 0
37 93772 2312 111 1 51 0
37 101053 2313 2969 1 13 0
37 151547 2314 8490 1 9 1
37 122187 2318 824 1 49 1
37 71902 2331 2066 1 35 0
37 143596 2335 1867 1 20 0
37 106381 2342 2369 1 25 1
37 176844 2343 4126 1 19 0
37 91577 2345 2143 1 33 0
37 80848 2346 2906 1 11 1
37 165637 2347 4603 1 14 0
37 97517 2347 5059 1 29 0
37 124612 2348 5604 1 9 0
37 175809 2348 8329 1 29 0
37 140115 2348 765 1 49 0
37 64240 2351 3635 1 14 1
37 152077 2351 8175 1 38 0
37 167259 2352 2148 1 11 1
37 113408 2354 5997 1 12 1
37 127451 2354 7582 1 1 1
37 150905 2355 7390 1 45 1
37 122618 2357 6254 1 32 0
37 124351 2357 4633 1 28 0
37 98550 2358 4907 1 49 1
37 147076 2359 1204 1 19 0
37 108360 2360 1202 1 47 1
37 86881 2364 4867 1 21 1
37 170340 2372 3038 1 37 0
37 143571 2373 5458 1 14 0
37 151930 2381 5259 1 37 1
37 157411 2384 5505 1 9 0
37 162093 2384 8481 1 12 0
37 130768 2388 6203 1 49 0
37 169133 2399 7313 1 11 0
37 75306 2408 4099 1 22 1
37 162688 2410 2736 1 3 0
37 174952 2410 1792 1 46 1
37 134067 2410 3566 1 40 1
37 149588 2412 7045 1 39 1
37 68950 2414 1637 1 26 0
37 96035 2414 3421 1 24 0
37 157271 2416 1721 1 46 1
37 102731 2417 5681 1 37 0
37 76205 2422 1292 1 5 1
37 152626 2424 8783 1 18 1
37 85784 2426 1095 1 8 0
37 147741 2429 1653 1 25 0
37 139547 2433 4123 1 7 1
37 88057 2436 3029 1 50 0
37 89608 2438 775 1 42 0
37 175633 2447 3823 1 40 0
37 176927 2448 194 1 36 0
37 62965 2448 2929 1 3 0
37 162378 2453 6594 1 6 0
37 130491 2455 5779 1 15 0
37 119722 2457 2018 1 51 1
37 153599 2463 2264 1 4 1
37 170724 2463 2037 1 2 1
37 167885 2464 2757 1 50 1
37 168287 2465 4984 1 15 1
37 155646 2467 1216 1 21 0
37 157385 2468 4020 1 3 0
37 84115 2469 2687 1 49 0
37 138247 2470 6865 1 1 0
37 111342 2472 1161 1 15 0
37 114899 2472 1058 1 21 1
37 161893 2476 899 1 12 0
37 93012 2479 2338 1 23 1
37 61494 2483 2828 1 28 1
37 81880 2490 4828 1 28 0
37 62750 2496 1926 1 31 0
37 98020 2499 4826 1 40 0
37 100489 2501 2971 1 46 0
37 86346 2503 3100 1 45 1
37 98235 2503 592 1 23 1
37 115106 2506 4752 1 34 0
37 126965 2508 1714 1 20 0
37 144179 2509 6184 1 15 0
37 159958 2513 367 1 20 1
37 115918 2522 2628 1 5 1
37 140786 2525 1815 1 2 1
37 174712 2527 5949 1 20 0
37 161045 2527 9517 1 16 1
37 120349 2531 1108 1 3 0
37 107542 2533 2333 1 9 0
37 86203 2540 3973 1 51 0
37 70142 2542 2488 1 8 1
37 93921 2543 2084 1 35 1
37 154428 2543 3347 1 7 0
37 111155 2545 4882 1 10 0
37 131694 2548 919 1 18 1
37 65371 2549 1247 1 18 0
37 90478 2550 5346 1 32 1
37 122982 2558 7115 1 8 0
37 84528 2565 4744 1 38 0
37 119610 2567 2068 1 19 0
37 165575 2567 9050 1 21 0
37 144725 2569 2165 1 21 0
37 141979 2570 2803 1 35 0
37 159266 2570 8557 1 45 1
37 130100 2570 6307 1 37 0
37 132358 2575 4724 1 50 0
37 95816 2578 4271 1 37 1
37 67465 2579 1486 1 5 1
37 131581 2580 1535 1 14 0
37 80929 2584 565 1 23 0
37 109905 2593 6361 1 40 0
37 135622 2597 1693 1 20 0
37 135241 2598 6654 1 49 0
37 113670 2599 6428 1 12 0
37 79610 2601 1799 1 13 1
37 162563 2605 3469 1 20 0
37 153661 2607 564 1 50 1
37 140300 2617 8149 1 40 1
37 161277 2617 7399 1 10 1
37 126127 2618 3686 1 44 1
37 122250 2619 4688 1 20 1
37 146293 2619 1161 1 6 0
37 152497 2625 8038 1 34 1
37 171756 2625 6483 1 9 0
37 115325 2626 5301 1 29 1
37 155892 2629 6347 1 4 0
37 87029 2632 1597 1 6 1
37 115598 2633 6908 1 47 1
37 111725 2633 2226 1 28 1
37 87590 2640 1544 1 19 0
37 95840 2641 1845 1 32 1
37 154897 2648 501 1 38 0
37 82831 2649 3727 1 25 0
37 159121 2650 3776 1 1 0
37 126696 2660 5938 1 49 1
37 157011 2661 2860 1 22 0
37 66687 2664 3951 1 18 0
37 170461 2664 2962 1 4 0
37 110499 2667 2272 1 12 0
37 114715 2673 4105 1 38 1
37 98955 2674 892 1 30 0
37 118676 2675 4945 1 50 0
37 133672 2678 6478 1 43 0
37 60773 2683 515 1 41 1
37 82952 2686 554 1 45 0
37 92404 2689 2793 1 34 1
37 62920 2689 3000 1 19 1
37 108084 2691 3805 1 43 1
37 150645 2693 7918 1 16 1
37 146836 2694 6763 1 33 1
37 130040 2707 2352 1 8 0
37 113491 2708 4998 1 7 0
37 141424 2709 7428 1 8 1
37 171894 2711 4404 1 44 1
37 93715 2711 4750 1 37 1
37 76288 2714 436 1 50 1
37 152083 2716 2038 1 9 1
37 97155 2717 883 1 51 1
37 162054 2721 9236 1 8 0
37 139081 2725 3590 1 12 0
37 140411 2726 1512 1 44 0
37 85974 2729 1898 1 35 1
37 114160 2730 5669 1 9 0
37 115086 2732 604 1 15 0
37 135786 2739 2649 1 20 1
37 142463 2740 3160 1 30 1
37 106092 2740 1550 1 8 1
37 122852 2741 6073 1 27 0
37 92332 2747 1953 1 42 0
37 96440 2748 3572 1 37 0
37 126874 2748 6709 1 19 0
37 93050 2750 2270 1 6 1
37 108779 2752 3071 1 9 0
37 96855 2754 5106 1 13 0
37 71232 2754 662 1 41 0
37 178062 2759 1272 1 17 0
37 81310 2760 2115 1 36 1
37 170191 2761 599 1 30 1
37 109502 2766 1055 1 39 1
37 107246 2769 3482 1 20 0
37 91286 2770 3966 1 8 1
37 107937 2787 3480 1 13 1
37 84638 2788 2068 1 30 1
37 171082 2792 9286 1 35 0
37 132260 2797 3415 1 23 1
37 60303 2797 520 1 10 0
37 71746 2798 1311 1 16 0
37 69443 2798 2456 1 6 1
37 128341 2800 4159 1 34 1
37 74230 2800 74 1 25 1
37 66029 2803 1892 1 17 1
37 79880 2807 3278 1 25 1
37 168683 2810 5330 1 27 0
37 92705 2817 679 1 47 0
37 99926 2817 1635 1 27 0
37 136442 2817 5475 1 15 1
37 81035 2817 2473 1 11 1
37 140074 2819 4238 1 35 1
37 92910 2830 1294 1 12 1
37 166699 2831 3760 1 33 0
37 156509 2832 1867 1 28 1
37 100930 2835 1340 1 36 0
37 100747 2837 206 1 22 0
37 64862 2844 1815 1 10 1
37 101937 2851 1803 1 44 0
37 152258 2854 3443 1 34 1
37 140072 2856 911 1 13 1
37 155846 2856 5071 1 12 0
37 99168 2857 1131 1 22 0
37 153383 2857 298 1 42 0
37 97412 2858 5384 1 49 0
37 137002 2858 227 1 11 1
37 104322 2859 2772 1 21 0
37 106607 2859 2462 1 43 0
37 158676 2865 3768 1 41 1
37 134786 2865 4122 1 15 1
37 85463 2866 1530 1 32 1
37 130093 2867 231 1 46 1
37 127098 2868 3628 1 43 0
37 121733 2873 2506 1 22 0
37 128748 2874 1563 1 20 0
37 122556 2875 5362 1 4 1
37 82753 2878 1345 1 41 0
37 155602 2878 1032 1 1 1
37 99360 2879 3375 1 39 0
37 166970 2886 1958 1 20 0
37 120492 2886 6645 1 43 1
37 74351 2888 3563 1 28 1
37 172110 2890 8591 1 36 1
37 95510 2893 2081 1 42 1
37 67108 2895 3323 1 8 0
37 166209 2896 423 1 47 0
37 89340 2900 255 1 9 0
37 107300 2902 2168 1 1 0
37 86315 2902 3120 1 20 1
37 74979 2903 1594 1 8 1
37 65934 2906 1006 1 34 0
37 145565 2909 1285 1 30 0
37 144495 2910 2257 1 32 0
37 66031 2923 960 1 3 1
37 131097 2924 5636 1 44 1
37 105806 2928 3266 1 3 0
37 66014 2930 924 1 43 0
37 167104 2936 8114 1 39 0
37 88722 2938 267 1 20 0
37 106256 2939 2164 1 47 1
37 77479 2939 2936 1 49 1
37 172344 2942 6214 1 5 1
37 82439 2942 4653 1 32 1
37 88927 2943 3655 1 18 1
37 116663 2946 6596 1 34 1
37 165086 2948 1676 1 47 1
37 84386 2948 3385 1 31 0
37 122743 2950 326 1 34 0
37 84844 2950 4257 1 35 0
37 133948 2951 235 1 49 1
37 127784 2952 5464 1 33 1
37 94711 2955 570 1 38 1
37 89839 2957 589 1 26 0
37 111977 2961 1014 1 44 0
37 175591 2961 5854 1 27 1
37 155816 2963 6731 1 4 1
37 74853 2964 3811 1 32 0
37 133461 2964 1701 1 24 0
37 151649 2974 6392 1 4 0
37 143069 2975 3610 1 17 1
37 65560 2978 3160 1 40 1
37 83031 2978 2614 1 44 1
37 67029 2981 2057 1 41 0
37 63976 2983 3258 1 31 0
37 100570 2984 3157 1 32 1
37 81474 2984 2030 1 29 0
37 103718 2986 3962 1 6 1
37 172562 2989 4695 1 47 1
37 82258 2990 4199 1 8 1
37 155418 2997 1888 1 20 0
37 161243 2999 7168 1 32 0
37 107898 2999 2902 1 46 1
37 158550 3000 2543 1 43 0
37 93419 3003 296 1 12 1
37 79758 3006 2301 1 47 1
37 119844 3008 4767 1 41 0
37 99334 3010 441 1 38 1
37 86060 3011 1110 1 7 0
37 169967 3015 4366 1 38 1
37 81075 3016 2626 1 41 1
37 154517 3018 1395 1 32 1
37 60297 3019 2126 1 14 1
37 102389 3019 4579 1 40 1
37 142520 3021 4923 1 32 0
37 167928 3022 1010 1 38 0
37 88044 3024 2951 1 50 1
37 64069 3027 1109 1 44 0
37 176734 3031 591 1 47 0
37 113215 3035 5663 1 5 0
37 136215 3037 4925 1 37 0
37 81276 3039 4054 1 28 0
37 68982 3040 829 1 42 1
37 161279 3047 1822 1 31 0
37 166903 3055 329 1 1 1
37 102012 3056 4973 1 46 1
37 154592 3062 4574 1 7 0
37 77582 3063 3870 1 4 0
37 177648 3063 2715 1 42 1
37 113219 3064 5577 1 36 0
37 143108 3066 3826 1 24 1
37 68182 3066 610 1 31 0
37 159261 3068 9384 1 38 1
37 102604 3069 4149 1 15 0
37 118190 3071 3809 1 50 1
37 166561 3073 9851 1 25 0
37 72154 3077 2286 1 19 1
37 155971 3087 6674 1 11 1
37 82115 3088 2145 1 40 1
37 120273 3091 7039 1 27 0
37 64924 3091 2535 1 47 1
37 133472 3095 442 1 30 1
37 154023 3096 3879 1 41 1
37 117910 3098 1475 1 20 0
37 85077 3098 2979 1 3 1
37 128542 3099 7026 1 4 0
37 118143 3101 5446 1 28 0
37 174265 3104 7477 1 45 0
37 77874 3111 1190 1 28 0
37 151102 3112 7324 1 3 0
37 89544 3115 5156 1 21 0
37 128201 3118 6910 1 26 1
37 151077 3119 8350 1 10 0
37 63629 3122 3370 1 41 0
37 76488 3123 766 1 20 0
37 109604 3133 2033 1 21 1
37 109392 3135 4098 1 24 1
37 142297 3136 6868 1 39 0
37 144870 3138 2077 1 41 0
37 126958 3139 3075 1 48 1
37 167184 3142 1865 1 28 0
37 116084 3143 4105 1 7 1
37 88618 3144 4699 1 4 0
37 114765 3146 319 1 44 0
37 120787 3146 2096 1 51 1
37 170179 3150 8733 1 50 0
37 150046 3151 741 1 23 0
37 144533 3152 1555 1 34 1
37 145329 3155 4343 1 38 0
37 89831 3157 960 1 23 1
37 145258 3161 8201 1 36 0
37 81927 3163 2407 1 31 0
37 157478 3165 8213 1 32 1
37 171003 3166 4772 1 32 1
37 144470 3171 2024 1 48 1
37 80937 3171 4436 1 6 0
37 134047 3171 2482 1 3 1
37 157511 3171 1890 1 12 0
37 113921 3173 1270 1 36 0
37 123196 3174 3648 1 22 1
37 132378 3175 2675 1 45 1
37 179761 3177 7284 1 49 1
37 115789 3178 2990 1 38 0
37 176745 3178 1102 1 18 1
37 106952 3179 3146 1 21 1
37 117472 3181 5058 1 36 0
37 178292 3183 3564 1 9 1
37 102523 3185 5258 1 41 0
37 94391 3188 1807 1 2 1
37 75725 3188 416 1 6 1
37 120569 3188 2607 1 43 1
37 156200 3190 4204 1 42 0
37 162781 3194 7880 1 17 1
37 155449 3194 8547 1 14 1
37 105613 3195 1125 1 38 0
37 139391 3196 2798 1 11 0
37 139117 3206 4426 1 43 1
37 163607 3209 3979 1 16 0
37 106908 3209 4972 1 44 0
37 121061 3210 4587 1 22 0
37 98997 3211 4162 1 22 1
37 136977 3211 3826 1 27 1
37 166320 3212 8101 1 48 0
37 175043 3213 3364 1 25 0
37 85840 3214 602 1 20 1
37 129447 3219 4826 1 22 0
37 129195 3220 3478 1 15 1
37 103366 3220 2958 1 28 1
37 143424 3227 4717 1 10 0
37 177349 3232 9834 1 14 0
37 85117 3232 3518 1 10 0
37 138086 3236 1641 1 36 0
37 95691 3238 5538 1 46 1
37 154140 3241 2874 1 19 1
37 129595 3242 4126 1 9 0
37 150425 3242 4154 1 2 0
37 152657 3244 1523 1 36 0
37 65648 3245 2329 1 9 0
37 175177 3246 4312 1 34 1
37 107364 3246 2970 1 13 0
37 61196 3248 3356 1 16 0
37 169564 3256 5105 1 30 0
37 155834 3256 7734 1 20 1
37 91632 3256 4158 1 25 0
37 87578 3259 1262 1 27 1
37 91583 3261 4158 1 14 1
37 145076 3265 5635 1 2 1
37 79342 3277 2313 1 36 1
37 96506 3279 3719 1 48 1
37 165326 3280 6104 1 20 0
37 162483 3282 1735 1 21 1
37 146543 3284 4418 1 7 0
37 115707 3286 4199 1 42 1
37 107094 3287 6157 1 47 0
37 68668 3293 2390 1 1 0
37 132135 3293 7312 1 8 1
37 140221 3293 4834 1 7 1
37 68348 3299 3342 1 46 1
37 71710 3305 479 1 32 1
37 171780 3311 6340 1 10 0
37 131216 3313 1950 1 2 0
37 129855 3314 968 1 49 1
37 88049 3315 243 1 38 1
37 171689 3316 3791 1 18 1
37 97799 3321 3778 1 26 0
37 101073 3325 5363 1 21 0
37 67538 3327 313 1 23 0
37 122791 3334 5343 1 40 0
37 172487 3339 5891 1 42 1
37 73046 3341 4237 1 43 0
37 118699 3341 4705 1 37 0
37 106073 3343 4539 1 47 0
37 114619 3347 2350 1 15 1
37 63737 3348 2008 1 42 0
37 126980 3350 5907 1 12 1
37 157903 3352 1495 1 32 1
37 101364 3361 458 1 51 0
37 137894 3362 6599 1 5 0
37 133015 3362 7426 1 25 1
37 94912 3363 3768 1 40 1
37 120002 3368 5865 1 25 0
37 148923 3369 5551 1 37 0
37 140686 3372 6099 1 10 1
37 150160 3378 6559 1 22 0
37 97075 3379 2919 1 48 0
37 80416 3379 3566 1 2 1
37 90282 3383 5401 1 26 1
37 136455 3384 2357 1 18 1
37 179779 3386 7580 1 29 1
37 136880 3387 7683 1 45 0
37 159881 3387 335 1 19 1
37 80840 3390 2633 1 15 1
37 140039 3392 6181 1 41 0
37 170180 3394 8763 1 1 0
37 101117 3395 2061 1 25 1
37 119345 3396 4942 1 21 0
37 164310 3397 310 1 49 1
37 69115 3397 3572 1 21 1
37 76819 3400 723 1 4 0
37 77268 3401 4486 1 43 0
37 106915 3404 2406 1 47 0
37 68618 3404 2106 1 3 0
37 131065 3406 2011 1 49 0
37 110642 3407 5457 1 20 1
37 163977 3408 2457 1 28 1
37 124900 3411 1179 1 27 1
37 74509 3415 3650 1 41 0
37 72014 3422 2891 1 28 1
37 148968 3422 650 1 47 0
37 119350 3424 4186 1 4 1
37 87400 3425 1777 1 1 1
37 104557 3426 3883 1 50 0
37 128380 3427 2444 1 25 1
37 106182 3429 1433 1 16 1
37 102403 3430 1000 1 33 1
37 119543 3434 4323 1 16 0
37 144118 3441 8524 1 22 0
37 150621 3442 8150 1 4 0
37 101934 3443 312 1 16 1
37 85411 3445 4574 1 28 0
37 62095 3451 889 1 12 1
37 110950 3457 3121 1 6 0
37 68709 3457 962 1 34 0
37 60545 3463 2760 1 25 1
37 174870 3464 9600 1 11 0
37 151553 3466 6270 1 11 1
37 143090 3470 5728 1 51 0
37 108054 3470 816 1 13 1
37 68333 3470 68 1 43 1
37 169405 3471 2940 1 11 1
37 134181 3471 6227 1 5 0
37 108997 3474 6326 1 23 1
37 126273 3476 6314 1 3 0
37 110494 3478 5808 1 39 1
37 86217 3479 2487 1 16 0
37 153778 3482 1963 1 13 1
37 164890 3488 435 1 19 1
37 65285 3491 1477 1 2 1
37 88446 3493 4560 1 19 1
37 82970 3494 3775 1 7 0
37 151197 3497 3478 1 39 1
37 135196 3497 1390 1 36 1
37 72944 3503 2962 1 41 0
37 169892 3506 9756 1 28 1
37 168445 3511 5651 1 13 1
37 145794 3511 884 1 10 1
37 66298 3512 3711 1 9 0
37 120087 3522 6964 1 13 1
37 78136 3523 2070 1 28 1
37 102275 3525 3969 1 11 1
37 66919 3525 1098 1 47 1
37 62788 3527 2283 1 17 1
37 171982 3530 8511 1 32 0
37 144383 3533 3517 1 22 0
37 63079 3534 127 1 45 0
37 67422 3535 2538 1 4 1
37 129421 3537 2390 1 34 0
37 63417 3541 169 1 24 0
37 108495 3545 5899 1 10 0
37 124131 3548 6695 1 43 0
37 106453 3548 5111 1 36 1
37 105705 3550 3916 1 31 1
37 168769 3555 1163 1 9 0
37 159299 3558 1246 1 12 0
37 108161 3558 5622 1 13 0
37 77435 3559 3076 1 26 0
37 114625 3560 4314 1 7 0
37 78484 3560 1193 1 46 1
37 95370 3563 2358 1 44 1
37 149596 3565 6173 1 2 1
37 66870 3567 2775 1 8 0
37 149222 3568 8134 1 20 1
37 168154 3568 6710 1 51 0
37 136920 3571 350 1 43 0
37 146324 3572 4136 1 19 0
37 154012 3577 3725 1 20 1
37 144675 3581 8670 1 36 0
37 169200 3586 2048 1 49 0
37 110053 3587 1114 1 13 0
37 144121 3593 5134 1 15 0
37 176395 3595 2256 1 17 0
37 119481 3595 2891 1 34 0
37 99133 3598 1813 1 32 0
