1500
38 146282 0 1591 1 25 1
38 103759 3 4446 1 45 1
38 162774 6 5082 1 30 1
38 84853 6 145 1 32 0
38 117144 9 1924 1 11 1
38 122891 15 2079 1 51 1
38 145680 17 7326 1 23 0
38 172749 17 6059 1 20 1
38 149177 20 4710 1 48 1
38 72154 20 717 1 10 0
38 129004 20 6711 1 8 0
38 140907 24 2509 1 23 1
38 142239 25 4335 1 5 1
38 73739 25 2851 1 36 1
38 133354 26 4874 1 5 1
38 97874 33 1282 1 48 0
38 69605 34 3292 1 4 0
38 84898 36 1525 1 39 1
38 65293 39 3138 1 28 1
38 172431 40 3248 1 39 0
38 71147 41 4069 1 29 1
38 149928 42 973 1 34 0
38 132379 52 837 1 31 0
38 139577 58 3003 1 30 0
38 60748 60 711 1 38 0
38 159122 62 2826 1 15 1
38 161576 63 7541 1 30 0
38 107364 67 1311 1 47 0
38 167240 75 8964 1 26 1
38 97163 79 2953 1 12 0
38 104450 79 3277 1 35 1
38 102664 81 2505 1 10 0
38 129746 82 1217 1 42 0
38 169495 85 7234 1 43 0
38 144105 89 6175 1 23 1
38 115856 92 4243 1 2 0
38 150068 94 8304 1 27 1
38 95264 102 3662 1 13 1
38 133475 102 5486 1 12 1
38 128121 103 1487 1 11 1
38 138904 104 5134 1 19 0
38 83526 105 1284 1 17 1
38 135116 106 7226 1 39 1
38 158571 108 2906 1 38 1
38 77269 111 84 1 36 0
38 177218 113 5055 1 15 0
38 103123 114 5241 1 9 1
38 74650 117 4372 1 4 0
38 105499 120 4796 1 12 1
38 90111 125 664 1 3 0
38 161114 127 3732 1 19 0
38 143612 129 5378 1 47 1
38 134354 132 2096 1 26 1
38 109396 135 5812 1 49 1
38 178220 135 2672 1 41 1
38 73247 143 1007 1 47 0
38 78492 145 2385 1 41 0
38 112489 146 2995 1 28 0
38 127296 147 4284 1 41 0
38 175890 147 8524 1 27 0
38 153698 150 1205 1 24 1
38 89043 151 2189 1 21 1
38 130101 151 1640 1 8 0
38 119058 152 2442 1 49 1
38 101386 153 711 1 16 0
38 178467 153 10249 1 38 1
38 74230 158 3067 1 2 1
38 179851 171 9300 1 33 0
38 168484 175 3773 1 46 0
38 111071 180 4921 1 47 0
38 83690 181 4935 1 32 1
38 115240 182 4816 1 29 0
38 70601 184 376 1 22 1
38 62986 187 1782 1 7 1
38 79531 187 1308 1 21 0
38 106735 190 3028 1 15 0
38 138434 190 834 1 33 1
38 110176 191 6550 1 30 0
38 125286 193 1714 1 22 0
38 104809 197 5976 1 21 1
38 104082 201 4936 1 7 0
38 108858 201 3348 1 10 1
38 104165 202 673 1 40 0
38 115608 204 5648 1 39 0
38 176485 206 712 1 43 0
38 108145 208 2375 1 18 1
38 65978 212 520 1 35 1
38 166387 214 9513 1 38 0
38 120667 214 7117 1 33 1
38 138168 215 160 1 45 1
38 144123 215 3757 1 24 1
38 99564 216 2271 1 44 1
38 158240 218 3258 1 47 0
38 168182 220 1449 1 37 1
38 71010 220 2943 1 29 1
38 67095 223 2590 1 3 0
38 102446 225 1301 1 1 0
38 116123 225 2797 1 7 1
38 62681 235 3420 1 5 1
38 93899 238 4834 1 28 1
38 69378 238 865 1 37 0
38 138989 239 3278 1 6 0
38 82658 245 2540 1 47 0
38 161345 246 8143 1 1 0
38 158021 255 5766 1 42 0
38 165319 257 5527 1 6 0
38 75047 257 240 1 47 1
38 100178 260 467 1 42 0
38 122977 263 3009 1 36 1
38 141623 265 1137 1 15 1
38 172512 266 7988 1 17 1
38 172707 276 1158 1 25 1
38 174948 281 1301 1 36 1
38 88254 283 3845 1 23 1
38 75713 286 4201 1 14 1
38 109638 287 5386 1 40 0
38 178914 291 9255 1 36 0
38 99679 291 2980 1 5 1
38 161495 294 4424 1 1 0
38 124496 297 1197 1 28 0
38 168443 297 5081 1 9 0
38 79593 299 4238 1 9 1
38 119110 299 1165 1 17 1
38 127228 301 6065 1 37 0
38 62448 304 3722 1 13 1
38 102735 309 5371 1 26 1
38 148778 312 895 1 38 0
38 99425 314 2130 1 12 1
38 172539 316 7145 1 35 0
38 154604 316 6871 1 36 1
38 84964 317 4888 1 14 0
38 88640 317 716 1 7 0
38 153023 319 221 1 23 0
38 150455 321 2250 1 7 1
38 119257 325 4169 1 4 1
38 165362 328 9192 1 23 1
38 121320 329 404 1 31 0
38 129909 331 296 1 17 0
38 89273 331 3986 1 34 0
38 99749 333 1773 1 44 1
38 153338 334 5793 1 13 0
38 97665 336 4895 1 46 1
38 130986 337 7695 1 16 0
38 142995 338 4940 1 28 0
38 86336 345 4086 1 44 0
38 169736 346 998 1 37 1
38 177775 347 3508 1 19 0
38 126628 358 3242 1 2 1
38 155113 362 829 1 32 0
38 91833 363 5192 1 13 0
38 161304 364 1588 1 8 1
38 71525 364 4010 1 33 0
38 173216 368 446 1 14 1
38 116436 370 942 1 7 1
38 137565 371 3705 1 7 1
38 116531 373 499 1 43 1
38 136835 375 2800 1 11 1
38 83333 376 226 1 50 1
38 174935 378 3699 1 8 0
38 132974 384 3023 1 17 0
38 150195 388 7926 1 48 0
38 159084 394 2708 1 26 0
38 163205 394 3238 1 45 0
38 84841 396 3205 1 21 1
38 155241 397 9312 1 48 1
38 103797 399 1565 1 36 0
38 88719 399 1470 1 14 0
38 99825 400 473 1 37 0
38 144117 400 7515 1 32 0
38 65759 405 3066 1 51 0
38 138043 405 5282 1 29 0
38 172683 409 492 1 31 1
38 127368 418 3986 1 43 0
38 139420 418 4178 1 20 0
38 177078 420 4086 1 45 0
38 125888 422 3164 1 35 0
38 115070 422 1512 1 6 0
38 148354 423 5799 1 5 0
38 125721 427 6665 1 17 0
38 61589 430 723 1 49 0
38 158787 430 1931 1 38 1
38 97259 431 384 1 38 1
38 107689 433 1562 1 46 1
38 105552 434 4287 1 20 0
38 176253 441 8302 1 27 1
38 126335 447 2419 1 6 1
38 175114 451 9001 1 48 0
38 106680 458 2192 1 35 0
38 154757 458 8583 1 13 1
38 146043 462 2179 1 40 0
38 160334 463 8890 1 39 0
38 101307 463 3240 1 7 1
38 72480 468 2313 1 37 1
38 66900 471 3435 1 51 0
38 176837 484 9298 1 43 0
38 177297 488 3585 1 7 0
38 111879 491 5045 1 34 0
38 94930 491 1551 1 34 0
38 100381 497 3068 1 44 1
38 87413 498 222 1 3 1
38 68719 500 3831 1 28 1
38 91826 504 750 1 38 1
38 137298 504 382 1 27 0
38 65743 504 1925 1 40 0
38 84181 506 280 1 25 0
38 161047 506 5611 1 9 1
38 131025 510 1248 1 30 1
38 101987 512 1457 1 11 1
38 142911 513 8123 1 38 0
38 94141 515 355 1 19 1
38 111165 516 464 1 19 1
38 63679 518 1750 1 27 0
38 94889 520 4168 1 48 1
38 151285 521 7400 1 9 0
38 174613 527 4886 1 37 0
38 132776 528 1589 1 15 0
38 164909 528 1009 1 17 1
38 169057 531 4513 1 20 0
38 163274 532 5183 1 32 1
38 81533 534 4113 1 39 0
38 68341 534 1237 1 13 0
38 138441 536 5844 1 12 1
38 95619 536 858 1 32 1
38 124466 537 1862 1 10 0
38 106487 540 3638 1 31 1
38 110186 547 3964 1 19 0
38 106678 548 574 1 48 1
38 60509 549 128 1 24 0
38 171041 550 2727 1 51 1
38 97536 550 5474 1 8 0
38 143954 553 1259 1 37 1
38 175229 554 8457 1 28 1
38 147801 562 347 1 43 0
38 162386 565 7667 1 46 0
38 132335 566 4190 1 40 0
38 107895 570 2410 1 32 0
38 94511 570 1814 1 3 1
38 108918 572 1598 1 41 0
38 105218 573 3937 1 49 0
38 99879 574 2746 1 30 1
38 141740 576 3318 1 15 0
38 96749 578 3658 1 34 1
38 68386 579 676 1 34 1
38 109361 582 3416 1 16 1
38 140644 586 2349 1 18 0
38 168704 588 6101 1 6 0
38 72989 592 578 1 17 0
38 129338 595 5843 1 30 0
38 179941 596 8566 1 40 0
38 124977 597 5015 1 39 1
38 168259 599 9917 1 44 0
38 82901 602 1511 1 28 1
38 65585 603 3717 1 49 1
38 62530 603 607 1 23 0
38 168854 604 3450 1 29 0
38 128838 605 1726 1 10 1
38 115549 605 5652 1 12 1
38 108195 606 5901 1 7 0
38 83487 607 1704 1 15 1
38 72602 609 3231 1 21 0
38 97554 610 3852 1 15 0
38 89010 610 1656 1 35 1
38 163512 610 2601 1 15 0
38 163318 612 374 1 3 0
38 66761 617 1088 1 28 1
38 77800 618 691 1 44 0
38 102274 619 5296 1 15 0
38 105104 619 4466 1 21 1
38 149770 621 1152 1 2 1
38 94132 627 1325 1 21 0
38 168346 630 5067 1 31 1
38 125247 632 501 1 1 0
38 103165 638 1868 1 28 1
38 82928 641 2414 1 16 1
38 126415 643 4434 1 14 1
38 141924 645 4421 1 28 1
38 172182 646 4284 1 20 1
38 110907 646 2072 1 34 0
38 76654 655 1714 1 17 0
38 142828 656 6054 1 28 0
38 70997 663 822 1 11 0
38 155038 664 2746 1 44 1
38 81454 665 4490 1 30 1
38 167989 668 792 1 6 0
38 132773 672 5119 1 8 1
38 166739 676 2503 1 38 1
38 177673 678 2985 1 7 0
38 140457 678 7306 1 3 0
38 74044 682 4294 1 23 0
38 111738 684 1465 1 35 0
38 76671 689 580 1 9 1
38 125525 691 7357 1 36 1
38 137736 693 3091 1 41 0
38 109479 701 3063 1 24 1
38 170863 702 4577 1 3 0
38 108340 705 2522 1 5 1
38 121869 708 6277 1 23 0
38 108570 709 3367 1 8 1
38 154121 711 9144 1 45 0
38 158829 714 8594 1 30 0
38 159311 715 5562 1 20 1
38 140125 716 765 1 51 1
38 122146 716 3034 1 37 1
38 157718 717 3382 1 2 1
38 173392 718 776 1 42 0
38 135600 720 7146 1 9 0
38 176091 728 3377 1 37 0
38 166754 728 3387 1 46 0
38 150359 731 6685 1 8 1
38 107526 731 114 1 26 1
38 139207 732 2101 1 48 1
38 125248 733 5347 1 2 1
38 97512 733 1732 1 38 1
38 88555 736 4903 1 40 1
38 99214 736 5089 1 31 1
38 169731 742 6226 1 45 0
38 118886 745 7027 1 49 0
38 73803 746 3549 1 5 1
38 96761 750 230 1 35 0
38 137908 752 2416 1 41 0
38 167167 753 6141 1 27 0
38 134701 755 4794 1 4 0
38 100113 757 5953 1 46 0
38 76831 761 3931 1 8 1
38 156153 761 4446 1 31 0
38 171107 762 4585 1 43 0
38 177771 763 5389 1 51 0
38 84029 765 2737 1 42 0
38 64986 766 1935 1 11 0
38 177413 766 5677 1 28 0
38 96294 769 3870 1 49 0
38 137731 771 3470 1 5 0
38 89116 780 4389 1 36 0
38 127495 781 4445 1 50 1
38 76473 782 3405 1 32 0
38 74075 784 2992 1 16 0
38 85895 787 211 1 30 1
38 134469 788 277 1 30 0
38 79066 788 2950 1 23 1
38 85474 795 452 1 49 0
38 144994 796 5519 1 22 1
38 94774 796 4170 1 37 0
38 86948 809 3262 1 20 0
38 62720 809 724 1 11 0
38 174192 809 3262 1 9 0
38 88430 809 3448 1 16 0
38 75401 812 2361 1 33 1
38 76225 816 350 1 18 0
38 128842 817 3264 1 2 0
38 114202 820 3272 1 36 1
38 126188 821 217 1 4 1
38 107939 824 3347 1 29 1
38 150649 828 1600 1 40 1
38 179203 830 3410 1 13 1
38 166725 831 9649 1 7 1
38 143789 832 224 1 45 0
38 107148 833 3515 1 19 0
38 112749 833 5564 1 15 1
38 176010 836 7150 1 26 0
38 171441 836 4570 1 13 0
38 165729 840 7621 1 30 0
38 103658 840 3689 1 10 1
38 124006 841 5870 1 38 1
38 138152 842 1763 1 42 1
38 167114 846 6018 1 28 1
38 84661 857 2252 1 37 0
38 65437 861 94 1 11 0
38 106441 862 2345 1 31 1
38 67876 872 788 1 16 1
38 123065 872 6993 1 38 0
38 120925 879 2525 1 13 0
38 118357 880 4296 1 35 1
38 71255 883 3715 1 3 0
38 74991 884 1977 1 19 1
38 81345 887 4447 1 15 1
38 157343 887 3976 1 14 1
38 121894 887 7254 1 8 1
38 168117 889 1128 1 23 0
38 128039 890 7297 1 11 0
38 118547 891 5241 1 27 0
38 158621 893 709 1 36 0
38 109985 899 3169 1 19 0
38 166269 902 7254 1 32 1
38 129402 903 6082 1 5 1
38 87177 905 388 1 17 1
38 126733 905 2851 1 51 0
38 62089 906 593 1 18 1
38 113417 909 1175 1 24 0
38 62416 919 2833 1 41 1
38 156079 921 3011 1 12 0
38 73768 922 2098 1 40 0
38 154588 922 6440 1 29 1
38 129491 922 6857 1 25 1
38 148641 924 371 1 48 0
38 167709 926 1525 1 27 1
38 154063 932 2021 1 13 1
38 62491 932 1030 1 24 0
38 93320 933 2389 1 1 0
38 152280 934 4110 1 37 0
38 177579 936 8162 1 12 1
38 127104 939 2605 1 21 0
38 100005 941 4330 1 7 0
38 176123 944 10077 1 24 0
38 78037 944 4291 1 34 0
38 103679 948 5102 1 16 0
38 74377 949 642 1 50 1
38 137999 951 1466 1 1 0
38 101982 956 391 1 22 1
38 173432 960 729 1 29 0
38 137077 961 8087 1 3 1
38 93166 963 121 1 18 1
38 175881 964 6472 1 29 1
38 124939 964 914 1 23 1
38 120484 965 4444 1 27 1
38 78839 969 243 1 20 0
38 112860 970 4255 1 12 1
38 93582 972 1206 1 42 1
38 142653 974 3084 1 26 0
38 139844 974 5967 1 23 1
38 161518 975 6735 1 5 0
38 133563 977 5993 1 37 1
38 138657 981 1330 1 4 0
38 74664 981 1242 1 8 0
38 89283 981 1177 1 24 1
38 135897 984 180 1 20 0
38 161247 987 8101 1 4 1
38 120699 989 6100 1 20 1
38 74447 991 4445 1 19 1
38 133405 994 767 1 8 1
38 122847 995 3669 1 21 1
38 74961 996 3529 1 43 1
38 176478 998 10008 1 51 0
38 174630 1000 3525 1 19 0
38 116357 1005 3781 1 5 1
38 66340 1008 948 1 6 1
38 159080 1013 7499 1 7 0
38 147794 1016 3888 1 26 0
38 121177 1020 1794 1 24 1
38 156684 1023 661 1 6 0
38 97821 1027 4648 1 4 1
38 105002 1035 1796 1 39 0
38 90169 1035 1865 1 24 1
38 104303 1037 5047 1 9 1
38 134410 1037 4873 1 26 0
38 106948 1037 2262 1 36 1
38 79788 1040 90 1 16 1
38 64288 1041 2797 1 43 1
38 120378 1043 801 1 48 1
38 117919 1043 387 1 26 0
38 160261 1044 2648 1 47 0
38 98745 1044 4917 1 16 1
38 112918 1048 5358 1 36 1
38 155576 1049 8700 1 25 1
38 148324 1050 8343 1 16 0
38 128239 1057 6523 1 36 0
38 99193 1058 3633 1 31 1
38 146889 1062 3056 1 46 1
38 72387 1062 1355 1 45 1
38 170646 1067 2263 1 18 0
38 131509 1068 864 1 27 1
38 128852 1068 5790 1 3 1
38 71196 1069 3387 1 43 0
38 66201 1072 2774 1 49 1
38 161287 1072 9022 1 33 0
38 137562 1074 994 1 2 1
38 131803 1080 396 1 7 1
38 143856 1081 1396 1 45 0
38 172422 1081 5017 1 29 1
38 172897 1081 5159 1 5 0
38 107737 1083 4355 1 45 1
38 64961 1084 2793 1 43 1
38 138775 1084 2482 1 2 0
38 141144 1087 4107 1 51 0
38 101160 1088 1914 1 15 0
38 121370 1089 5309 1 26 0
38 86154 1090 3505 1 44 0
38 128471 1090 7522 1 11 1
38 94000 1092 5375 1 39 1
38 145667 1095 6117 1 39 0
38 125197 1099 4374 1 15 0
38 76248 1100 4468 1 24 1
38 110336 1101 5712 1 23 0
38 153902 1104 8248 1 33 0
38 115973 1110 2868 1 7 0
38 178542 1110 4721 1 51 1
38 148868 1112 2071 1 23 0
38 143829 1115 7508 1 30 0
38 106985 1122 4011 1 15 1
38 80710 1124 3318 1 42 0
38 155481 1126 8509 1 4 0
38 71395 1130 161 1 41 1
38 170467 1131 1514 1 18 1
38 154726 1131 5070 1 4 1
38 124722 1132 6238 1 28 1
38 73150 1133 367 1 8 1
38 145671 1140 3687 1 50 0
38 76347 1145 89 1 16 1
38 138926 1145 6824 1 20 0
38 89835 1146 5167 1 46 1
38 108472 1152 2154 1 40 0
38 109771 1154 356 1 35 1
38 115823 1156 1990 1 41 0
38 109913 1159 265 1 20 1
38 83837 1160 2584 1 36 1
38 76291 1166 2208 1 7 1
38 87034 1168 2307 1 29 0
38 130957 1168 6397 1 15 1
38 169769 1173 5611 1 50 1
38 80967 1177 2073 1 13 1
38 68366 1177 2854 1 50 1
38 83625 1180 3425 1 23 0
38 135687 1182 7539 1 13 0
38 156406 1183 8617 1 37 1
38 114027 1185 4256 1 31 1
38 148829 1186 8006 1 10 0
38 119616 1187 3752 1 21 0
38 154930 1188 7215 1 47 1
38 154249 1188 7404 1 26 0
38 118504 1189 2069 1 36 0
38 138663 1190 5465 1 14 0
38 133842 1192 6859 1 10 0
38 101744 1194 1396 1 11 1
38 88585 1196 869 1 13 1
38 96893 1197 1402 1 42 0
38 71468 1207 1308 1 24 0
38 129137 1208 4434 1 14 0
38 166355 1211 3533 1 45 0
38 179857 1229 2164 1 13 1
38 122961 1229 3033 1 38 0
38 161248 1235 1147 1 18 1
38 162578 1238 5549 1 26 0
38 109950 1239 4010 1 1 1
38 114460 1240 226 1 11 0
38 119043 1240 4800 1 18 1
38 162703 1241 4752 1 31 0
38 128923 1242 6562 1 12 0
38 76211 1243 1708 1 10 0
38 143415 1253 3867 1 50 0
38 88072 1254 248 1 36 1
38 112165 1255 445 1 15 0
38 130233 1256 5780 1 31 1
38 128411 1258 577 1 17 1
38 65598 1259 1092 1 22 1
38 179652 1260 778 1 51 1
38 106703 1269 1755 1 39 1
38 164693 1272 5892 1 10 0
38 70753 1274 989 1 22 0
38 178706 1287 7914 1 26 1
38 122487 1287 6583 1 25 1
38 166522 1289 5073 1 19 1
38 119219 1292 2356 1 48 0
38 101326 1294 5924 1 13 1
38 127487 1295 6314 1 40 0
38 139059 1297 3107 1 42 1
38 156900 1301 7166 1 20 0
38 153922 1304 4348 1 14 0
38 143250 1306 4444 1 44 1
38 128161 1311 3432 1 22 0
38 106278 1311 4834 1 11 1
38 72589 1317 1942 1 14 1
38 87044 1322 4077 1 40 0
38 92596 1324 607 1 42 0
38 94914 1328 968 1 14 0
38 78217 1329 2991 1 51 1
38 91828 1329 936 1 37 1
38 163016 1332 359 1 30 0
38 151348 1336 7818 1 13 0
38 92507 1340 1068 1 28 0
38 75472 1344 2114 1 39 1
38 162560 1345 5021 1 50 1
38 129270 1346 4056 1 44 1
38 168130 1354 8303 1 18 1
38 100268 1356 1115 1 33 1
38 128389 1356 850 1 22 0
38 145969 1360 6674 1 24 1
38 142705 1361 3812 1 21 0
38 116229 1361 4131 1 1 1
38 97839 1362 891 1 42 0
38 80279 1370 100 1 45 0
38 93199 1371 2864 1 20 1
38 177565 1373 801 1 24 1
38 84773 1374 3885 1 13 0
38 124416 1378 4636 1 11 1
38 114953 1382 6576 1 9 0
38 161969 1383 1535 1 44 1
38 114762 1388 3519 1 5 0
38 164800 1389 4016 1 29 1
38 96053 1389 3684 1 28 0
38 171091 1390 3834 1 2 1
38 176452 1392 1175 1 47 1
38 144154 1392 6177 1 36 1
38 63250 1394 2717 1 3 0
38 146874 1395 3098 1 36 0
38 116395 1396 4193 1 14 0
38 154672 1397 1002 1 36 0
38 122627 1398 991 1 33 1
38 75822 1398 2777 1 11 0
38 137320 1399 5902 1 40 0
38 95987 1400 2436 1 35 0
38 129799 1403 2497 1 9 0
38 171014 1404 4615 1 6 0
38 109832 1406 2915 1 47 0
38 102736 1409 2187 1 48 1
38 161228 1410 8247 1 21 0
38 85260 1412 3649 1 5 0
38 87346 1413 2765 1 3 0
38 151524 1414 340 1 45 0
38 90721 1416 1479 1 45 1
38 66862 1424 3484 1 41 1
38 130195 1424 4423 1 10 0
38 136772 1425 6439 1 38 1
38 153540 1425 6282 1 36 0
38 72183 1426 3928 1 28 0
38 60845 1427 2586 1 27 0
38 81015 1430 1227 1 49 1
38 172655 1435 7258 1 40 0
38 64829 1435 2631 1 25 0
38 81264 1435 785 1 43 0
38 100448 1440 3886 1 24 1
38 65321 1440 82 1 3 1
38 78231 1442 2384 1 22 1
38 142654 1448 311 1 46 1
38 105022 1448 3385 1 41 1
38 88576 1450 4839 1 47 1
38 112208 1450 3630 1 40 1
38 148470 1455 3390 1 33 0
38 72622 1458 4023 1 30 1
38 83083 1460 3936 1 8 1
38 126938 1464 3980 1 31 0
38 80734 1464 432 1 6 1
38 166043 1465 700 1 36 0
38 88647 1465 4581 1 6 1
38 124966 1465 5224 1 33 1
38 157895 1469 2352 1 32 0
38 108209 1472 2335 1 13 1
38 169133 1474 322 1 45 0
38 131995 1481 5072 1 7 0
38 117273 1485 5071 1 40 0
38 86309 1485 1165 1 9 1
38 61162 1486 1244 1 37 1
38 140681 1495 5568 1 34 1
38 155104 1497 5750 1 22 0
38 76512 1498 1781 1 34 0
38 69670 1498 2190 1 36 0
38 99426 1501 5387 1 5 0
38 139336 1503 264 1 47 1
38 134593 1507 3961 1 32 1
38 162710 1508 8347 1 4 1
38 147297 1508 7895 1 25 1
38 105557 1511 5839 1 7 0
38 177694 1514 9384 1 11 1
38 124390 1516 1320 1 29 0
38 84021 1516 1596 1 18 1
38 124757 1521 3596 1 8 1
38 91979 1522 3060 1 34 1
38 63466 1525 2555 1 17 1
38 143810 1526 8603 1 21 1
38 154447 1528 5895 1 7 0
38 103526 1529 4706 1 18 0
38 95641 1529 1234 1 31 0
38 156293 1531 3260 1 13 0
38 124317 1534 1083 1 6 1
38 92835 1537 1729 1 7 1
38 113498 1543 2662 1 30 1
38 143334 1546 1628 1 50 1
38 155471 1547 8149 1 44 0
38 163215 1548 5703 1 31 1
38 120393 1554 2990 1 43 0
38 65457 1554 1462 1 27 0
38 176892 1555 3165 1 51 1
38 130857 1565 5370 1 5 1
38 60304 1568 1084 1 38 1
38 113710 1569 1593 1 3 1
38 120132 1570 6085 1 34 0
38 67275 1573 1945 1 38 0
38 133727 1573 3687 1 20 1
38 170163 1574 2472 1 49 0
38 179952 1582 7643 1 23 1
38 72892 1583 3982 1 22 0
38 105902 1586 1353 1 11 1
38 99864 1586 369 1 22 0
38 87342 1589 1641 1 7 0
38 107403 1591 121 1 5 1
38 170267 1592 3168 1 18 1
38 83673 1592 885 1 20 0
38 79159 1594 4308 1 9 1
38 152793 1595 7830 1 26 1
38 139397 1596 2636 1 26 1
38 106359 1597 3460 1 44 0
38 122512 1597 6843 1 21 1
38 99299 1602 1462 1 39 1
38 109367 1602 3377 1 38 0
38 157761 1606 7897 1 7 0
38 99306 1615 2103 1 29 1
38 83785 1618 4331 1 21 1
38 60293 1619 1396 1 26 0
38 177621 1621 177 1 33 0
38 65555 1622 944 1 31 1
38 105731 1623 2758 1 34 0
38 172371 1625 10160 1 23 0
38 110154 1625 3472 1 23 0
38 79463 1627 4540 1 44 0
38 172728 1628 1693 1 50 0
38 79312 1630 1049 1 17 0
38 148956 1633 447 1 43 0
38 63026 1634 895 1 18 1
38 150907 1641 8599 1 11 0
38 76380 1641 585 1 48 0
38 163237 1642 9180 1 14 0
38 106672 1644 4374 1 16 1
38 90351 1645 333 1 42 0
38 95107 1647 3222 1 12 1
38 134112 1649 4432 1 50 0
38 138943 1649 5589 1 40 0
38 167595 1650 6250 1 44 0
38 150090 1650 1881 1 4 1
38 151033 1655 4491 1 25 0
38 146308 1669 8612 1 31 0
38 172109 1670 8766 1 47 1
38 171720 1675 8330 1 35 1
38 147530 1676 1044 1 18 1
38 156891 1680 6922 1 45 0
38 84284 1681 4868 1 44 1
38 103310 1682 2536 1 46 1
38 125858 1685 6018 1 39 1
38 127918 1686 632 1 23 0
38 131260 1687 3558 1 28 0
38 104333 1692 2702 1 8 1
38 129603 1700 684 1 48 1
38 77992 1701 1266 1 29 0
38 63936 1701 1358 1 45 1
38 94798 1703 1006 1 5 0
38 168057 1708 1598 1 5 0
38 105441 1715 4391 1 44 1
38 136166 1716 1627 1 41 1
38 76982 1718 4075 1 18 1
38 89249 1720 2561 1 14 0
38 88361 1724 2787 1 9 0
38 154786 1728 8760 1 27 1
38 104338 1729 2897 1 25 0
38 117095 1733 322 1 17 0
38 140506 1738 2807 1 51 1
38 143023 1738 361 1 48 1
38 171800 1742 6760 1 23 1
38 178972 1744 9841 1 32 1
38 81222 1746 672 1 48 1
38 93274 1748 3918 1 20 0
38 127817 1751 2094 1 51 1
38 124689 1751 2658 1 49 0
38 161285 1753 221 1 26 0
38 171121 1754 10040 1 46 0
38 66420 1755 1174 1 36 1
38 135519 1756 3910 1 5 0
38 128529 1757 4353 1 2 0
38 120566 1758 3817 1 20 1
38 113586 1759 3865 1 40 0
38 146822 1762 3500 1 39 1
38 174800 1763 284 1 49 1
38 112154 1765 2108 1 10 0
38 76675 1770 1148 1 31 0
38 125084 1774 3054 1 43 0
38 121391 1775 3094 1 11 1
38 153652 1775 8767 1 35 1
38 132975 1776 1408 1 11 1
38 74304 1778 1214 1 35 1
38 122126 1783 5043 1 11 1
38 146627 1784 1497 1 33 0
38 128658 1785 5385 1 5 1
38 79577 1786 2417 1 39 0
38 71888 1787 1242 1 51 0
38 114568 1788 4442 1 13 0
38 117885 1791 4380 1 44 1
38 141580 1797 4996 1 36 0
38 141869 1799 3213 1 8 0
38 109561 1801 2354 1 35 0
38 178493 1802 10480 1 21 0
38 78951 1803 3191 1 31 1
38 144067 1804 2462 1 17 1
38 83361 1805 2018 1 49 1
38 85197 1807 2780 1 4 0
38 179006 1808 9336 1 7 0
38 115988 1810 6130 1 9 0
38 131832 1819 5708 1 47 1
38 120967 1825 1689 1 4 1
38 103945 1825 2726 1 8 1
38 95091 1825 2472 1 3 0
38 164642 1830 2008 1 30 0
38 134275 1831 3112 1 4 0
38 87164 1834 1292 1 24 1
38 150487 1835 3112 1 8 0
38 121307 1836 6320 1 42 1
38 154197 1837 5808 1 20 1
38 88470 1838 3208 1 9 0
38 175600 1838 3300 1 49 1
38 161797 1841 7360 1 36 0
38 168872 1841 9356 1 4 1
38 96532 1841 2376 1 1 1
38 123702 1845 5228 1 29 1
38 174439 1847 4293 1 29 0
38 139512 1849 2162 1 46 0
38 165228 1852 5020 1 4 1
38 72258 1855 2731 1 4 1
38 151158 1856 2797 1 21 1
38 160286 1857 3375 1 4 0
38 63475 1859 657 1 6 0
38 104726 1862 3987 1 2 0
38 64163 1869 3258 1 36 1
38 119327 1872 3769 1 36 1
38 115086 1873 799 1 28 1
38 161574 1882 6492 1 46 1
38 147224 1882 4328 1 17 1
38 129490 1884 1529 1 32 1
38 117139 1888 1616 1 15 1
38 68326 1893 3068 1 2 0
38 168435 1900 7511 1 43 1
38 79978 1901 2741 1 15 0
38 136701 1901 2145 1 5 0
38 120953 1902 322 1 9 1
38 142408 1902 8021 1 20 1
38 73875 1903 533 1 11 1
38 61922 1906 2895 1 39 0
38 176189 1906 4847 1 22 1
38 69230 1908 3391 1 14 1
38 88010 1908 4380 1 50 0
38 141981 1915 4304 1 2 1
38 69618 1916 2549 1 40 1
38 175830 1917 7460 1 21 0
38 70816 1919 3264 1 35 1
38 133433 1919 1438 1 39 0
38 103369 1927 5670 1 24 1
38 133348 1931 3999 1 21 1
38 101052 1931 2845 1 48 0
38 142988 1933 7391 1 31 1
38 111778 1933 2324 1 49 0
38 127346 1934 1442 1 24 0
38 86531 1938 4978 1 47 0
38 87964 1942 632 1 12 0
38 72207 1945 922 1 38 0
38 125818 1946 1630 1 51 1
38 177455 1946 4743 1 16 1
38 95402 1947 5001 1 49 1
38 124496 1947 2119 1 50 1
38 156315 1951 5887 1 37 1
38 88540 1953 1032 1 40 1
38 101172 1955 688 1 41 1
38 67348 1956 3764 1 45 0
38 77978 1957 2628 1 15 0
38 148385 1958 1355 1 38 0
38 128595 1960 4025 1 27 0
38 151634 1967 7096 1 20 1
38 131134 1969 689 1 39 0
38 120904 1971 1943 1 44 1
38 144487 1973 5241 1 45 1
38 77725 1977 3179 1 10 1
38 79696 1985 553 1 2 1
38 82927 1988 3206 1 36 1
38 90744 1993 3492 1 7 0
38 129149 1996 5580 1 6 0
38 169127 1998 10125 1 44 0
38 135301 2002 2146 1 32 1
38 117469 2004 2437 1 16 0
38 140970 2004 3037 1 45 1
38 93546 2006 1901 1 51 1
38 123556 2006 7264 1 21 1
38 177607 2007 3278 1 17 1
38 118502 2016 5789 1 25 1
38 138480 2016 8281 1 26 0
38 146156 2018 6986 1 12 0
38 148477 2021 2529 1 35 0
38 74348 2024 788 1 17 1
38 157439 2024 7718 1 46 0
38 143187 2030 3447 1 33 0
38 165190 2034 1202 1 30 0
38 144720 2036 7382 1 31 0
38 165830 2039 715 1 1 1
38 142122 2040 465 1 9 0
38 116722 2057 4415 1 1 0
38 80250 2061 332 1 4 1
38 81795 2066 871 1 29 0
38 85327 2066 3435 1 2 1
38 102608 2073 1860 1 31 1
38 92863 2073 2119 1 45 0
38 140880 2074 8314 1 25 1
38 95633 2074 473 1 38 1
38 102606 2077 1269 1 12 1
38 111573 2078 5259 1 22 1
38 117478 2090 2890 1 7 0
38 122177 2091 2957 1 6 0
38 79276 2096 1255 1 31 1
38 154098 2101 1100 1 42 1
38 130761 2103 2636 1 26 1
38 73647 2108 3677 1 8 0
38 65568 2111 1643 1 21 0
38 73870 2115 521 1 2 0
38 139017 2119 6200 1 34 0
38 142007 2120 201 1 1 0
38 137957 2121 328 1 32 0
38 76224 2122 3309 1 25 1
38 74390 2123 1799 1 5 1
38 145020 2123 4488 1 19 1
38 155144 2124 4501 1 29 0
38 111852 2127 4057 1 47 0
38 60382 2129 2637 1 11 0
38 178259 2136 2134 1 42 0
38 91831 2142 597 1 24 0
38 110587 2143 4510 1 36 0
38 171605 2145 3224 1 37 0
38 127199 2149 359 1 35 0
38 173809 2153 4526 1 3 1
38 138546 2154 5435 1 44 1
38 110639 2155 2574 1 39 1
38 179662 2157 6959 1 51 0
38 108303 2158 5691 1 21 1
38 179644 2159 9946 1 51 1
38 170349 2160 1972 1 11 1
38 157301 2166 8206 1 3 0
38 90780 2167 5339 1 45 0
38 154512 2170 6091 1 33 1
38 132730 2172 7538 1 50 1
38 91697 2174 4306 1 37 0
38 109475 2175 4240 1 29 0
38 123221 2184 578 1 45 0
38 112915 2185 4870 1 7 1
38 129589 2188 1643 1 51 1
38 87136 2190 183 1 16 0
38 132962 2190 7427 1 7 0
38 114884 2191 3926 1 4 0
38 117405 2194 4882 1 25 0
38 61034 2196 379 1 34 1
38 174176 2196 5570 1 34 1
38 141425 2212 3370 1 29 0
38 84100 2215 3090 1 49 1
38 151012 2216 5431 1 4 0
38 85177 2216 2670 1 3 1
38 118199 2217 5326 1 9 1
38 139913 2219 1681 1 36 1
38 97470 2220 3122 1 16 0
38 92387 2221 814 1 45 1
38 60773 2223 3177 1 40 1
38 84550 2224 4437 1 4 0
38 91602 2229 1474 1 8 1
38 118574 2231 3433 1 27 1
38 153530 2232 2962 1 14 0
38 164066 2232 189 1 6 0
38 97185 2233 2630 1 22 0
38 109534 2241 5669 1 8 1
38 97618 2241 5163 1 19 0
38 82811 2241 4383 1 39 0
38 150270 2242 498 1 26 0
38 93059 2250 404 1 51 0
38 172516 2251 6872 1 15 1
38 69082 2258 546 1 6 1
38 89147 2259 3968 1 48 0
38 118365 2274 4701 1 30 1
38 110078 2277 1033 1 7 0
38 81714 2280 3241 1 2 0
38 86471 2281 5070 1 22 1
38 115691 2283 2184 1 18 1
38 165444 2284 3213 1 29 0
38 73868 2287 1326 1 44 1
38 147198 2287 6101 1 15 0
38 169134 2287 1570 1 20 1
38 83632 2289 95 1 4 1
38 124938 2294 5704 1 23 0
38 75340 2305 4032 1 37 1
38 69934 2307 3480 1 46 0
38 172946 2311 9267 1 42 1
38 103173 2315 2422 1 35 0
38 78082 2315 2186 1 16 1
38 138982 2322 1704 1 18 0
38 167396 2324 9013 1 38 0
38 121294 2326 5113 1 38 0
38 98610 2327 180 1 26 0
38 125199 2327 3043 1 1 0
38 166465 2328 7456 1 19 1
38 175719 2332 9936 1 1 1
38 95018 2334 5551 1 20 0
38 171930 2337 5193 1 5 0
38 141223 2337 3491 1 19 0
38 95717 2342 3948 1 44 1
38 85644 2342 453 1 49 0
38 118735 2342 5740 1 21 0
38 71323 2342 130 1 32 1
38 93647 2345 406 1 25 1
38 145631 2350 3174 1 17 1
38 80336 2351 1074 1 18 0
38 104580 2353 5808 1 51 1
38 83478 2355 1371 1 12 1
38 62586 2357 316 1 29 1
38 78301 2359 2505 1 17 1
38 175700 2360 5071 1 2 1
38 142657 2365 5961 1 16 1
38 62494 2366 1906 1 10 0
38 79911 2366 512 1 43 1
38 92436 2367 3740 1 45 0
38 173762 2374 4440 1 24 1
38 155945 2387 1661 1 25 0
38 83161 2389 2745 1 44 0
38 114014 2390 1359 1 28 1
38 132737 2391 3781 1 14 1
38 141440 2393 3794 1 13 0
38 154993 2393 380 1 41 1
38 63764 2394 3198 1 16 0
38 126363 2395 1572 1 44 0
38 139127 2398 2767 1 28 0
38 160231 2399 4609 1 48 0
38 82548 2402 4753 1 36 1
38 159646 2403 8998 1 45 1
38 75320 2403 3649 1 51 0
38 120742 2407 1892 1 48 1
38 162819 2413 6427 1 26 1
38 65297 2417 195 1 32 0
38 137303 2419 4005 1 11 1
38 137777 2421 8036 1 4 0
38 119940 2423 1898 1 45 0
38 71933 2423 4169 1 19 0
38 129879 2426 4911 1 12 0
38 104125 2432 1337 1 43 1
38 128404 2436 2209 1 26 0
38 175862 2436 3973 1 6 1
38 148975 2436 174 1 9 1
38 177992 2440 6295 1 3 1
38 115719 2451 5846 1 5 1
38 150697 2454 3232 1 51 1
38 112323 2455 1299 1 10 1
38 111173 2466 4995 1 18 0
38 148477 2467 1952 1 27 0
38 97905 2467 4862 1 37 0
38 61429 2469 625 1 47 0
38 112045 2474 1605 1 20 0
38 126150 2477 629 1 15 0
38 107362 2480 1821 1 36 1
38 114230 2480 3872 1 36 0
38 142531 2483 4155 1 30 1
38 97628 2484 3937 1 3 1
38 79559 2485 2586 1 8 0
38 72716 2485 3790 1 18 1
38 133179 2486 5153 1 16 0
38 103329 2486 3363 1 14 0
38 79143 2487 2782 1 12 0
38 149821 2495 4315 1 15 1
38 103958 2497 4645 1 14 0
38 112637 2506 1631 1 19 1
38 140075 2512 4660 1 46 1
38 67436 2513 3133 1 11 0
38 161277 2515 4562 1 21 0
38 65366 2525 2924 1 39 1
38 89966 2534 2694 1 12 0
38 81301 2541 2188 1 15 0
38 88313 2546 3204 1 50 0
38 90656 2548 2842 1 6 1
38 167008 2549 4204 1 10 1
38 179630 2556 6682 1 4 0
38 62806 2557 805 1 44 1
38 173021 2559 2659 1 4 1
38 169392 2560 1136 1 29 1
38 118660 2567 736 1 30 0
38 65882 2568 331 1 48 1
38 142514 2569 6628 1 16 1
38 117694 2571 5486 1 13 0
38 127077 2575 2894 1 2 0
38 170006 2576 5002 1 31 1
38 100279 2578 2620 1 28 1
38 84555 2578 2927 1 12 0
38 102587 2581 2074 1 24 1
38 132762 2582 6783 1 43 0
38 120883 2583 478 1 25 1
38 140085 2583 4407 1 25 1
38 64096 2584 2735 1 18 1
38 92341 2585 4715 1 21 1
38 105315 2586 4623 1 6 1
38 95064 2597 2428 1 29 0
38 80418 2602 442 1 43 1
38 143978 2605 6565 1 1 0
38 66244 2606 629 1 11 1
38 114891 2607 1897 1 20 0
38 79928 2609 4042 1 2 1
38 83465 2611 1140 1 39 1
38 103718 2613 1559 1 16 0
38 151310 2616 8629 1 40 1
38 132455 2617 7922 1 15 0
38 170831 2618 8756 1 33 0
38 105391 2625 5183 1 32 1
38 107158 2627 471 1 51 0
38 164099 2627 6978 1 19 1
38 178977 2628 3128 1 17 1
38 73806 2628 3689 1 49 1
38 132897 2633 4277 1 35 1
38 172874 2635 1702 1 7 0
38 125107 2637 4246 1 25 0
38 103100 2637 5222 1 19 1
38 70273 2638 1994 1 6 0
38 146198 2641 6782 1 18 1
38 171601 2647 9803 1 23 1
38 164081 2647 2416 1 16 0
38 71107 2649 563 1 42 1
38 65494 2652 1690 1 15 1
38 115801 2653 261 1 34 0
38 88826 2656 2376 1 17 0
38 105410 2656 5911 1 15 0
38 168869 2657 6799 1 9 1
38 121733 2661 1012 1 41 0
38 118801 2661 1805 1 30 1
38 126162 2663 1773 1 5 1
38 68063 2669 1207 1 26 1
38 71228 2671 1469 1 46 0
38 121308 2672 2805 1 7 1
38 177402 2673 8636 1 51 0
38 68863 2674 1874 1 46 0
38 178363 2675 6836 1 37 1
38 143880 2677 528 1 12 1
38 147682 2678 4132 1 5 0
38 79495 2679 2279 1 47 1
38 85736 2681 2016 1 31 1
38 66358 2684 2291 1 2 0
38 90985 2684 127 1 31 0
38 103956 2688 4188 1 22 1
38 152869 2690 3718 1 17 1
38 86348 2691 4179 1 15 0
38 148460 2692 6837 1 40 1
38 93072 2693 4444 1 26 1
38 126491 2694 570 1 44 0
38 132529 2695 4729 1 48 1
38 135517 2696 1019 1 27 1
38 99229 2697 985 1 27 0
38 122749 2697 5616 1 29 0
38 128223 2699 6539 1 49 1
38 83039 2701 276 1 11 1
38 125888 2701 5127 1 3 1
38 80409 2703 3438 1 3 1
38 124929 2706 6482 1 4 0
38 83736 2711 3155 1 48 1
38 96287 2711 3577 1 18 0
38 116500 2711 6238 1 2 1
38 160495 2716 1508 1 47 0
38 165328 2719 7633 1 12 1
38 72773 2722 2369 1 35 0
38 157764 2727 4111 1 30 0
38 71117 2727 1415 1 39 0
38 84120 2730 1263 1 30 1
38 157235 2731 6601 1 10 0
38 171491 2732 10166 1 49 0
38 146447 2737 7018 1 26 1
38 171919 2740 2237 1 9 0
38 91464 2748 1309 1 16 0
38 165936 2749 3726 1 14 1
38 175117 2750 9709 1 13 0
38 129807 2751 6139 1 31 1
38 156161 2751 3229 1 50 0
38 98475 2751 4152 1 14 1
38 146446 2752 1827 1 20 0
38 169120 2755 2984 1 22 0
38 79798 2757 3727 1 34 0
38 117831 2757 5959 1 43 1
38 64163 2759 538 1 9 1
38 147709 2764 601 1 47 1
38 103200 2764 5379 1 36 1
38 174695 2765 10111 1 22 0
38 133523 2769 1674 1 10 0
38 166499 2770 2416 1 42 1
38 146504 2771 8420 1 8 0
38 159123 2773 5457 1 45 1
38 147146 2774 6745 1 14 1
38 177114 2775 7287 1 31 0
38 80612 2777 2094 1 36 1
38 149300 2792 793 1 12 1
38 154618 2793 7079 1 30 1
38 110250 2794 5363 1 51 0
38 176470 2800 3093 1 39 0
38 107043 2800 852 1 39 0
38 88284 2801 4838 1 13 0
38 130704 2802 5720 1 17 0
38 73080 2804 4212 1 25 0
38 136053 2805 4847 1 47 0
38 86179 2805 2268 1 34 1
38 177968 2811 835 1 36 1
38 86884 2811 3551 1 8 1
38 143052 2819 5289 1 23 0
38 135930 2821 5226 1 4 0
38 156254 2821 738 1 9 1
38 109286 2822 6390 1 48 1
38 113894 2822 1031 1 11 1
38 87655 2824 3251 1 2 1
38 134034 2827 2443 1 51 1
38 159157 2828 9203 1 11 0
38 125083 2839 2329 1 8 1
38 85430 2839 4210 1 23 0
38 64105 2840 298 1 39 1
38 71760 2840 4296 1 49 0
38 116011 2844 890 1 42 0
38 172598 2848 2497 1 36 1
38 60244 2848 1113 1 34 0
38 101713 2851 5006 1 44 0
38 167349 2854 9784 1 45 1
38 76508 2856 1316 1 36 0
38 161716 2859 5882 1 42 1
38 126863 2860 1802 1 21 1
38 120688 2862 3112 1 41 1
38 91388 2863 5328 1 41 0
38 108295 2871 1809 1 40 0
38 90388 2872 4130 1 1 1
38 100279 2874 2179 1 31 1
38 83190 2875 3787 1 8 0
38 154492 2882 6875 1 35 0
38 126061 2891 5973 1 13 0
38 120046 2891 4862 1 37 1
38 177614 2892 1119 1 13 1
38 116881 2892 610 1 31 1
38 154536 2893 2902 1 50 0
38 68474 2894 999 1 21 1
38 81983 2902 3016 1 17 1
38 60279 2902 3415 1 5 0
38 160602 2906 4449 1 26 0
38 123467 2916 3654 1 24 0
38 75691 2924 2744 1 6 1
38 159684 2924 6022 1 46 1
38 97833 2927 5797 1 39 0
38 96569 2929 4001 1 48 1
38 78081 2929 831 1 9 0
38 93959 2934 3480 1 32 0
38 72030 2935 1145 1 25 0
38 150265 2940 8025 1 21 0
38 111395 2941 3664 1 30 0
38 105337 2945 5334 1 20 1
38 114321 2949 1948 1 22 0
38 75761 2951 4468 1 43 0
38 143696 2953 7379 1 19 1
38 124019 2956 5091 1 50 1
38 60689 2960 955 1 51 0
38 64955 2963 2292 1 44 1
38 153471 2967 8843 1 49 1
38 176477 2970 2189 1 16 1
38 83762 2974 768 1 33 1
38 101738 2977 5213 1 47 1
38 134625 2983 6482 1 15 0
38 178211 2984 8129 1 20 1
38 147049 2990 1911 1 16 0
38 144982 2990 1367 1 33 0
38 116431 2996 6375 1 18 1
38 128184 2997 2645 1 41 0
38 86959 3000 552 1 31 0
38 164423 3001 3588 1 46 0
38 81718 3002 875 1 38 1
38 61414 3002 1792 1 2 1
38 171117 3004 707 1 33 0
38 80890 3005 2610 1 26 0
38 105804 3006 194 1 21 0
38 169209 3007 524 1 29 1
38 91650 3010 4912 1 51 0
38 111308 3011 4546 1 46 0
38 80804 3012 3975 1 33 1
38 95788 3014 4875 1 41 1
38 172053 3015 9543 1 20 1
38 128553 3016 5996 1 37 0
38 98039 3019 5047 1 1 0
38 84913 3020 3647 1 15 1
38 178450 3021 9399 1 20 1
38 146663 3027 3297 1 3 1
38 83848 3028 1006 1 3 1
38 128687 3032 7395 1 9 0
38 145885 3033 4665 1 32 0
38 63839 3034 2988 1 21 1
38 79567 3039 2834 1 20 1
38 152672 3046 6643 1 47 1
38 100319 3049 1256 1 5 1
38 173859 3054 6851 1 10 0
38 84532 3056 2334 1 47 1
38 71788 3056 2595 1 1 1
38 118489 3058 629 1 25 0
38 145311 3060 5308 1 36 0
38 145633 3061 6981 1 51 1
38 141971 3062 5186 1 50 0
38 161544 3065 5014 1 41 1
38 67838 3066 828 1 13 0
38 89131 3073 2499 1 16 0
38 154570 3074 5020 1 12 0
38 126077 3074 4547 1 35 1
38 132001 3081 5643 1 6 0
38 134845 3082 5244 1 8 0
38 91460 3085 1281 1 46 0
38 70846 3086 3086 1 37 1
38 61826 3088 3537 1 17 0
38 144609 3089 1800 1 17 0
38 76058 3092 766 1 32 1
38 85630 3092 5123 1 1 1
38 167781 3093 9147 1 34 0
38 147279 3100 2655 1 48 0
38 119709 3100 6804 1 28 1
38 62445 3103 322 1 37 1
38 170915 3105 237 1 22 1
38 166319 3107 3384 1 10 1
38 78996 3111 3356 1 14 1
38 176809 3112 8294 1 1 1
38 131592 3115 5140 1 5 0
38 74069 3117 3921 1 17 0
38 129213 3118 7299 1 5 1
38 60486 3119 1298 1 8 1
38 86651 3120 3386 1 19 1
38 99877 3122 2135 1 25 1
38 137229 3123 5190 1 25 0
38 147614 3123 7895 1 11 0
38 128459 3125 2135 1 47 0
38 154824 3126 2590 1 46 1
38 147708 3127 2074 1 10 0
38 127736 3128 4733 1 20 0
38 139265 3138 4197 1 29 1
38 73864 3140 3078 1 31 1
38 75602 3140 4111 1 23 1
38 62114 3146 2088 1 16 1
38 64002 3146 951 1 44 0
38 82015 3152 525 1 43 1
38 121225 3152 1718 1 43 1
38 104125 3156 5212 1 15 0
38 68534 3156 694 1 44 1
38 135465 3160 7288 1 31 1
38 105480 3170 1754 1 27 1
38 136501 3171 1757 1 17 0
38 176471 3171 6354 1 37 1
38 81398 3174 2600 1 25 0
38 149494 3176 7292 1 43 0
38 126923 3176 196 1 43 0
38 63459 3181 2708 1 43 1
38 108204 3183 5812 1 34 1
38 92061 3183 4217 1 40 1
38 71009 3184 2237 1 41 1
38 60263 3187 2690 1 43 0
38 96045 3187 1443 1 49 1
38 72853 3189 3079 1 41 0
38 67993 3193 3392 1 29 0
38 75248 3200 3767 1 32 0
38 75155 3202 1975 1 5 1
38 86606 3205 3033 1 4 1
38 86492 3206 305 1 13 0
38 122188 3206 7107 1 12 1
38 89818 3206 277 1 45 1
38 86981 3211 417 1 21 1
38 95590 3214 1126 1 35 0
38 67493 3218 1947 1 48 1
38 165327 3220 8130 1 8 1
38 78531 3221 3382 1 25 0
38 62394 3222 982 1 23 0
38 94798 3222 638 1 44 0
38 60468 3224 1754 1 37 0
38 88638 3226 3908 1 4 0
38 141537 3229 3312 1 12 0
38 135542 3231 687 1 11 1
38 131636 3233 6501 1 38 1
38 90296 3233 927 1 6 1
38 107157 3234 6365 1 23 0
38 96154 3234 5742 1 1 1
38 68563 3236 2727 1 46 1
38 162573 3239 1663 1 34 1
38 98963 3240 1654 1 38 0
38 94995 3240 3081 1 24 0
38 150793 3244 7110 1 15 0
38 71038 3246 3186 1 9 1
38 88004 3251 2050 1 26 0
38 123831 3251 5739 1 39 0
38 140401 3251 4004 1 45 1
38 144546 3253 6238 1 39 0
38 91216 3254 4367 1 43 0
38 75747 3255 1388 1 31 1
38 130779 3255 3900 1 28 1
38 73341 3256 4140 1 21 1
38 146896 3259 7293 1 37 0
38 99083 3260 5719 1 17 0
38 65675 3262 2637 1 16 0
38 110071 3262 4781 1 51 1
38 65044 3264 1565 1 23 1
38 159512 3265 7424 1 22 1
38 140167 3266 3869 1 20 0
38 70969 3267 2633 1 6 1
38 141559 3267 7811 1 49 1
38 110734 3268 5350 1 21 1
38 108375 3268 669 1 49 1
38 158434 3275 882 1 29 0
38 129873 3276 3842 1 39 0
38 120553 3276 6117 1 37 1
38 96889 3278 2663 1 42 0
38 123159 3286 5266 1 19 0
38 94177 3286 2843 1 40 0
38 94539 3293 4842 1 30 1
38 122151 3299 2288 1 37 1
38 139161 3304 6578 1 15 1
38 132605 3306 3484 1 6 0
38 68429 3311 114 1 40 1
38 67963 3312 3406 1 34 1
38 92823 3313 3173 1 10 0
38 142402 3319 5078 1 48 0
38 122987 3324 7141 1 42 1
38 65067 3324 2176 1 35 0
38 173000 3327 512 1 9 1
38 112602 3329 3362 1 7 0
38 79916 3330 419 1 31 1
38 177773 3330 2203 1 5 1
38 151744 3336 5768 1 33 0
38 170613 3340 2630 1 14 1
38 93128 3342 2033 1 5 0
38 165783 3343 2235 1 20 0
38 160025 3344 8685 1 38 0
38 87856 3348 4199 1 26 0
38 140502 3360 3909 1 21 1
38 129468 3360 5006 1 32 0
38 133739 3361 3320 1 28 1
38 100296 3364 5449 1 26 1
38 116496 3368 2331 1 20 1
38 173141 3370 1524 1 6 0
38 104363 3373 2377 1 9 0
38 84532 3374 4086 1 7 1
38 179176 3383 10317 1 3 0
38 62873 3388 3177 1 17 0
38 84334 3395 4804 1 16 0
38 137642 3396 4899 1 36 1
38 64033 3396 813 1 13 1
38 87850 3398 1906 1 40 1
38 179487 3401 307 1 40 1
38 62527 3402 2483 1 51 0
38 92670 3403 4027 1 28 1
38 71486 3403 3144 1 48 1
38 160829 3409 3331 1 40 0
38 141759 3410 513 1 37 0
38 62490 3412 2860 1 3 0
38 84451 3413 1406 1 50 0
38 88559 3419 3572 1 9 0
38 82843 3424 4246 1 44 0
38 101099 3426 5736 1 14 1
38 88439 3428 2421 1 2 1
38 159636 3429 4455 1 2 1
38 125573 3435 4788 1 49 0
38 162571 3436 9663 1 32 1
38 108274 3437 4556 1 15 0
38 138179 3438 2715 1 41 1
38 73298 3439 1161 1 44 0
38 101494 3439 1858 1 3 0
38 71978 3443 1616 1 12 1
38 114178 3443 2654 1 39 0
38 158610 3443 798 1 43 1
38 105497 3446 1909 1 30 0
38 177668 3456 5612 1 13 1
38 134980 3456 5092 1 19 0
38 108099 3456 3788 1 50 0
38 168528 3459 1260 1 8 0
38 154885 3461 8320 1 40 1
38 79866 3462 4644 1 42 0
38 138169 3465 2866 1 42 1
38 166250 3466 2376 1 25 0
38 134503 3466 2273 1 28 0
38 168833 3469 1812 1 14 0
38 82606 3470 2130 1 40 1
38 176741 3471 9430 1 45 0
38 69277 3475 1345 1 43 0
38 68782 3481 1631 1 28 1
38 77358 3483 3246 1 3 1
38 132149 3483 357 1 14 0
38 60483 3487 1635 1 34 0
38 127511 3493 4688 1 50 1
38 158206 3495 3177 1 4 1
38 68613 3497 3671 1 17 0
38 63588 3497 3720 1 12 0
38 168292 3499 5593 1 38 0
38 74941 3499 1319 1 43 1
38 136289 3503 3280 1 8 0
38 111979 3505 1791 1 11 0
38 93590 3511 5054 1 50 0
38 118914 3511 2291 1 32 1
38 139320 3514 2302 1 49 1
38 120510 3515 296 1 44 0
38 75042 3517 3550 1 2 0
38 143396 3527 4627 1 49 1
38 158609 3528 7831 1 3 1
38 77519 3531 1448 1 12 1
38 135782 3534 2294 1 50 1
38 143908 3546 3237 1 33 0
38 112725 3549 2446 1 19 1
38 77644 3550 4131 1 49 1
38 108199 3552 1939 1 30 0
38 138031 3553 6293 1 10 1
38 171404 3556 1123 1 11 0
38 97769 3556 4475 1 11 1
38 108540 3557 3359 1 3 0
38 162023 3559 7744 1 39 0
38 150754 3567 5858 1 38 0
38 103640 3570 5712 1 41 0
38 60720 3574 2719 1 25 0
38 144355 3574 4138 1 45 1
38 103442 3579 4896 1 22 1
38 175582 3579 8168 1 3 0
38 116409 3579 3965 1 20 0
38 136731 3581 2469 1 27 0
38 106404 3585 2528 1 27 1
38 117114 3585 588 1 4 1
38 76383 3587 4002 1 21 1
38 105500 3587 2576 1 50 0
38 146471 3588 3956 1 6 1
38 94366 3588 5288 1 14 0
38 127637 3590 1937 1 42 1
38 92084 3591 921 1 27 1
38 95706 3593 2223 1 46 1
38 128840 3593 2589 1 35 1
38 64980 3595 940 1 49 0
