1500
4 175386 6 2886 1 10 1
4 94376 7 2016 1 51 0
4 173661 8 5812 1 2 1
4 154197 8 2959 1 29 0
4 179227 10 600 1 40 1
4 87385 10 868 1 37 0
4 93025 14 2284 1 35 1
4 155311 25 4753 1 6 0
4 95059 26 2663 1 28 1
4 128329 30 7417 1 22 0
4 111386 31 5366 1 25 1
4 140858 33 8061 1 48 1
4 72349 39 2860 1 39 0
4 69564 43 2528 1 25 0
4 162115 44 4618 1 22 0
4 104982 50 1979 1 19 0
4 167513 51 3110 1 37 1
4 121145 51 6394 1 11 0
4 126485 53 3822 1 28 1
4 149061 55 5686 1 14 0
4 175040 56 5397 1 45 0
4 94701 56 4732 1 17 1
4 162548 56 7895 1 44 0
4 155337 57 353 1 50 0
4 74770 57 2519 1 25 0
4 132640 61 7451 1 47 0
4 127394 63 2537 1 8 1
4 82372 67 3819 1 35 1
4 151954 68 6150 1 36 0
4 172619 69 4316 1 18 1
4 63041 72 3738 1 32 0
4 83857 80 2659 1 22 1
4 176623 81 3532 1 24 1
4 87519 87 427 1 20 1
4 165700 88 6238 1 12 0
4 87529 89 1364 1 51 0
4 166998 99 9502 1 10 1
4 158568 99 4232 1 45 0
4 60060 101 3033 1 20 1
4 93490 101 2716 1 11 0
4 142305 108 4003 1 18 0
4 141332 109 7402 1 45 1
4 80832 111 4520 1 2 1
4 154006 113 2674 1 2 1
4 72734 114 3336 1 46 0
4 177225 115 9038 1 47 0
4 68792 117 2799 1 46 0
4 78697 117 3566 1 51 1
4 81574 117 3890 1 11 1
4 107685 119 3246 1 19 1
4 147714 120 3034 1 18 0
4 97868 121 3101 1 37 0
4 96568 121 3733 1 23 1
4 76949 123 2147 1 29 0
4 67478 125 1793 1 45 0
4 122254 125 6384 1 50 1
4 102299 127 4876 1 21 1
4 162139 127 5524 1 13 0
4 124227 130 4542 1 14 1
4 60186 138 2525 1 31 0
4 93592 142 4145 1 7 0
4 66863 143 704 1 51 0
4 153990 146 5073 1 44 1
4 163713 152 1830 1 4 1
4 126981 160 1768 1 22 0
4 87724 160 1640 1 17 1
4 154052 163 9016 1 51 1
4 79541 163 2629 1 46 0
4 140020 166 1146 1 45 0
4 124984 169 4080 1 28 1
4 125267 169 5975 1 10 0
4 123266 170 4043 1 32 0
4 114718 173 1274 1 21 1
4 86168 173 3785 1 7 1
4 106605 174 552 1 48 1
4 135494 178 4078 1 32 1
4 92339 181 141 1 38 0
4 80615 181 2903 1 26 1
4 89623 183 521 1 41 0
4 90351 189 1316 1 9 0
4 148566 190 4817 1 26 1
4 95113 190 3749 1 13 1
4 101479 196 4457 1 1 1
4 162695 197 6707 1 12 1
4 146224 198 2008 1 23 0
4 179184 201 8051 1 48 1
4 137612 204 3209 1 51 1
4 169637 208 8702 1 43 0
4 177943 211 8301 1 49 0
4 134984 212 2207 1 10 0
4 85585 214 4183 1 14 1
4 127734 215 1466 1 49 0
4 80827 221 3346 1 47 0
4 120767 221 5438 1 18 1
4 69287 228 2654 1 35 0
4 136533 228 961 1 45 1
4 116212 228 6529 1 20 1
4 150725 229 7599 1 49 0
4 105603 234 4170 1 14 1
4 98367 235 826 1 43 1
4 139430 235 4999 1 22 0
4 60208 235 1737 1 35 0
4 100575 238 2239 1 17 1
4 164655 241 3565 1 30 1
4 162822 242 3846 1 2 1
4 173888 248 9112 1 4 1
4 146945 249 6853 1 8 0
4 120439 249 863 1 8 0
4 70120 250 712 1 4 1
4 151902 259 6355 1 2 1
4 93174 261 5202 1 19 0
4 179844 261 8519 1 31 1
4 88554 264 2887 1 18 0
4 122423 265 393 1 28 0
4 96517 266 5173 1 32 1
4 131295 266 5714 1 9 1
4 109987 270 2829 1 26 1
4 169273 273 1808 1 35 1
4 76093 273 1464 1 31 1
4 91807 275 5481 1 9 0
4 128580 276 582 1 9 1
4 81229 278 4868 1 4 0
4 173206 278 4093 1 16 1
4 120342 283 3815 1 41 0
4 103816 284 5354 1 9 1
4 64836 284 2136 1 40 0
4 67641 286 2451 1 19 1
4 120893 287 1626 1 34 1
4 92363 288 4041 1 15 1
4 85354 290 1529 1 31 1
4 174024 290 7894 1 11 0
4 157300 301 3370 1 34 0
4 84050 308 1246 1 10 1
4 178282 309 4172 1 26 1
4 160430 315 5182 1 37 0
4 144440 316 8102 1 23 0
4 85199 319 5071 1 7 0
4 115417 320 5909 1 7 0
4 70867 327 3559 1 42 0
4 86000 328 1363 1 42 0
4 130842 331 2878 1 6 0
4 61774 333 509 1 47 0
4 173499 336 3365 1 27 1
4 105754 340 2508 1 14 1
4 94376 341 3972 1 23 0
4 175789 345 2062 1 8 0
4 156734 346 6656 1 10 1
4 69018 347 1146 1 26 0
4 157193 348 5579 1 15 1
4 164363 350 5436 1 20 1
4 102857 351 5141 1 3 0
4 149673 353 1412 1 12 0
4 62978 353 2753 1 33 1
4 128792 356 3661 1 29 1
4 131933 356 6902 1 19 1
4 139442 356 4389 1 13 0
4 85910 358 2075 1 27 1
4 63992 361 3791 1 9 0
4 177470 367 9614 1 10 0
4 111443 370 813 1 40 0
4 142136 371 2384 1 24 0
4 87845 376 465 1 49 1
4 173469 378 436 1 21 0
4 175889 379 10450 1 11 0
4 82068 381 4920 1 19 0
4 99270 381 1807 1 21 1
4 121392 384 2966 1 3 0
4 96293 386 1548 1 42 0
4 142604 398 8219 1 25 1
4 88639 402 3593 1 4 0
4 177229 404 789 1 37 0
4 173767 405 6654 1 41 1
4 139131 405 156 1 7 0
4 126907 410 1164 1 14 1
4 162148 411 6073 1 38 0
4 155949 414 6838 1 37 0
4 89682 414 5071 1 36 0
4 86185 415 5113 1 22 0
4 164763 419 4721 1 23 1
4 85682 422 1002 1 18 1
4 130459 431 7548 1 31 1
4 175006 441 5577 1 8 0
4 77908 442 2177 1 19 0
4 106081 442 860 1 3 0
4 130014 444 465 1 11 1
4 126144 444 3275 1 8 0
4 85013 445 4418 1 33 1
4 80116 445 4362 1 47 1
4 147320 448 7856 1 4 0
4 147767 450 2201 1 36 0
4 110533 451 6438 1 41 1
4 152273 454 8832 1 34 0
4 165624 456 1423 1 44 1
4 146055 463 4195 1 41 0
4 115306 468 4214 1 31 0
4 61269 469 1999 1 45 0
4 67410 472 2739 1 2 1
4 149227 473 3563 1 38 1
4 160108 475 8824 1 4 0
4 95852 478 4092 1 47 1
4 126068 480 3467 1 47 1
4 154548 482 8689 1 5 1
4 144725 488 737 1 12 0
4 92860 493 3046 1 17 0
4 142720 493 3524 1 20 1
4 76619 494 1030 1 19 1
4 115789 502 2689 1 19 1
4 144389 505 2229 1 46 0
4 121829 507 5800 1 23 1
4 177904 507 6412 1 16 0
4 68298 508 1005 1 27 0
4 175348 509 934 1 44 0
4 136680 512 6675 1 14 0
4 61688 513 3157 1 2 0
4 165182 513 2423 1 19 0
4 113762 517 2256 1 37 1
4 153462 523 1468 1 39 0
4 105694 530 3474 1 38 0
4 146515 533 327 1 34 0
4 145045 536 6268 1 23 1
4 157753 536 2649 1 10 1
4 65964 546 1875 1 35 0
4 106885 549 878 1 50 0
4 111377 555 668 1 1 1
4 71769 557 1337 1 30 0
4 85470 559 4814 1 20 0
4 90277 562 3052 1 20 0
4 143584 566 1073 1 1 1
4 124953 566 3606 1 47 1
4 141728 567 6896 1 13 1
4 120450 568 6571 1 3 0
4 162500 569 1341 1 46 0
4 115983 576 4789 1 51 1
4 168549 577 4308 1 49 0
4 87078 580 2773 1 21 1
4 159772 581 6414 1 49 1
4 66392 582 2941 1 9 0
4 68989 583 3969 1 48 0
4 96073 583 5549 1 20 1
4 145836 585 5070 1 45 1
4 65619 585 1389 1 22 1
4 177712 586 180 1 28 1
4 176649 586 5573 1 7 1
4 94350 588 3574 1 31 0
4 171020 589 4199 1 51 0
4 133147 595 7666 1 24 1
4 93547 596 219 1 24 1
4 101463 596 5463 1 19 0
4 157995 599 1985 1 12 1
4 153496 603 501 1 11 0
4 119248 604 986 1 7 0
4 145983 606 8585 1 16 1
4 110054 607 1794 1 49 1
4 109112 608 2600 1 20 0
4 165163 610 3238 1 40 1
4 135356 612 1011 1 11 1
4 150081 613 3551 1 23 0
4 151500 614 4627 1 31 0
4 142908 614 4134 1 45 0
4 166752 624 1170 1 9 0
4 137132 630 6207 1 13 1
4 175286 631 905 1 45 1
4 163759 638 4268 1 25 1
4 92461 638 148 1 23 1
4 121819 640 3039 1 49 1
4 103744 641 5354 1 44 0
4 109171 642 1447 1 40 1
4 119422 647 615 1 14 1
4 98425 652 1192 1 5 1
4 90594 654 5432 1 37 0
4 111551 660 2346 1 40 1
4 161726 661 6134 1 23 1
4 176346 662 1684 1 19 0
4 142876 663 3911 1 23 0
4 123100 665 5744 1 45 0
4 166831 669 8745 1 11 1
4 160235 669 400 1 26 0
4 79319 669 4686 1 15 0
4 84275 670 2986 1 31 1
4 94775 670 3768 1 47 1
4 97500 672 168 1 50 1
4 70371 673 806 1 14 0
4 131718 674 7410 1 22 1
4 178791 682 7035 1 5 1
4 160401 685 548 1 45 0
4 112836 689 2845 1 48 1
4 144960 689 7978 1 3 0
4 175078 695 9506 1 21 0
4 135782 696 3525 1 37 0
4 116045 700 3291 1 28 1
4 125311 701 5075 1 26 1
4 73143 711 2472 1 29 1
4 131235 718 2877 1 19 0
4 79306 719 2302 1 34 0
4 133985 723 5586 1 3 0
4 177613 725 2812 1 5 0
4 87526 725 1834 1 37 0
4 117765 727 983 1 37 1
4 116918 728 5855 1 26 0
4 97104 729 3309 1 15 1
4 140530 736 6158 1 18 0
4 70695 736 2977 1 9 1
4 177949 738 3971 1 24 1
4 113752 739 6683 1 15 0
4 157931 742 964 1 5 0
4 139517 744 182 1 17 1
4 162950 744 640 1 22 0
4 145824 748 6592 1 47 1
4 141646 749 5008 1 42 0
4 172128 755 9625 1 36 0
4 62759 756 3154 1 3 0
4 169331 760 5692 1 17 0
4 174909 762 8161 1 33 1
4 157631 766 5353 1 46 0
4 166838 769 6924 1 51 0
4 151232 771 2255 1 12 1
4 171919 771 10268 1 19 0
4 136170 772 4610 1 20 0
4 147568 774 3041 1 47 0
4 178199 774 10151 1 35 1
4 134199 776 1738 1 17 0
4 94947 781 489 1 17 0
4 108949 782 1397 1 7 0
4 135282 782 2837 1 3 1
4 172058 790 6812 1 3 0
4 173184 792 7266 1 17 1
4 141316 793 7443 1 2 1
4 166971 795 9767 1 10 1
4 80241 798 3802 1 4 1
4 88998 798 4221 1 41 0
4 108003 803 4980 1 23 0
4 142332 803 1699 1 47 0
4 168228 812 527 1 16 0
4 91325 812 3478 1 9 0
4 84682 816 4176 1 36 0
4 92651 818 1977 1 7 0
4 172193 827 5801 1 30 0
4 74503 831 3557 1 33 1
4 135663 831 5890 1 28 1
4 96372 838 3571 1 6 0
4 165672 840 7957 1 10 0
4 113486 845 5107 1 2 0
4 167877 847 7414 1 2 1
4 114960 852 1614 1 44 0
4 66297 857 2005 1 20 1
4 172984 859 4166 1 14 0
4 68157 862 1829 1 42 0
4 154446 863 5348 1 22 0
4 81127 863 2265 1 22 0
4 71558 865 3719 1 42 1
4 147347 866 8469 1 10 1
4 170042 868 7823 1 38 1
4 130561 869 1197 1 48 0
4 113780 869 4913 1 1 0
4 93141 870 4051 1 21 1
4 100725 872 3923 1 47 1
4 158911 872 7577 1 4 1
4 144198 876 7551 1 20 0
4 164530 876 8142 1 45 1
4 142545 880 3558 1 23 1
4 170677 883 7584 1 26 0
4 114942 887 1915 1 12 1
4 115979 887 2468 1 4 0
4 67507 890 2855 1 45 0
4 140874 897 6648 1 11 1
4 111378 899 982 1 33 1
4 136467 900 517 1 9 0
4 85396 900 3969 1 15 1
4 160707 902 6266 1 32 0
4 154678 904 5613 1 1 0
4 86645 904 3076 1 33 1
4 92196 907 1812 1 49 1
4 142170 912 5091 1 13 1
4 128387 913 7661 1 40 0
4 68382 913 890 1 31 0
4 142931 918 6273 1 3 0
4 77367 921 3749 1 43 0
4 111983 923 1877 1 39 1
4 115482 926 1653 1 5 1
4 119953 927 4187 1 1 1
4 174159 929 4587 1 14 0
4 73816 937 1855 1 4 1
4 90658 940 761 1 1 0
4 136179 941 5809 1 15 1
4 66773 942 951 1 47 0
4 82031 942 924 1 40 0
4 111026 943 5024 1 32 0
4 161014 943 6507 1 50 1
4 106793 943 476 1 14 0
4 145718 945 1673 1 24 1
4 101338 945 1602 1 30 1
4 84885 951 707 1 4 0
4 168266 955 8856 1 28 0
4 148588 955 6992 1 44 0
4 104416 967 160 1 6 0
4 172549 970 1723 1 50 0
4 111237 973 6417 1 12 0
4 148091 975 7999 1 39 0
4 127385 976 4246 1 23 1
4 63869 978 3602 1 8 0
4 149353 980 3986 1 30 0
4 84131 980 427 1 3 0
4 163397 984 9765 1 14 1
4 101745 985 3026 1 3 1
4 98929 988 4572 1 18 1
4 101607 991 3940 1 12 1
4 90250 991 3163 1 14 0
4 128487 995 4970 1 1 1
4 81018 996 3546 1 47 0
4 151989 1000 2160 1 16 0
4 167805 1002 1322 1 33 0
4 125896 1002 3395 1 19 0
4 63379 1005 1836 1 10 1
4 72014 1007 1891 1 48 1
4 121922 1010 146 1 31 0
4 86833 1012 3493 1 19 0
4 146562 1013 3568 1 19 0
4 178720 1014 792 1 35 0
4 72115 1017 357 1 23 1
4 177502 1022 211 1 17 0
4 76503 1024 1537 1 37 0
4 169038 1029 2282 1 51 0
4 119749 1033 5667 1 17 0
4 61656 1034 3371 1 20 0
4 67265 1034 1619 1 47 0
4 77205 1035 4518 1 50 1
4 87112 1038 144 1 8 0
4 172972 1041 3801 1 3 1
4 161950 1044 6256 1 13 0
4 117566 1044 1443 1 19 0
4 126003 1049 892 1 31 0
4 154066 1054 2181 1 38 1
4 178500 1056 8836 1 42 0
4 81762 1067 3745 1 40 0
4 60923 1071 260 1 46 0
4 62927 1073 2696 1 28 0
4 149022 1073 4248 1 33 0
4 131045 1075 4956 1 27 0
4 86771 1075 871 1 43 0
4 174230 1077 6736 1 21 1
4 146622 1080 5036 1 13 0
4 84115 1080 1417 1 4 1
4 137907 1087 4858 1 47 0
4 84420 1087 3572 1 20 0
4 77428 1088 82 1 10 0
4 175195 1092 7674 1 10 0
4 75562 1092 529 1 28 1
4 86132 1095 2064 1 21 0
4 173137 1100 6425 1 28 1
4 101595 1104 2047 1 23 1
4 149584 1106 6780 1 28 1
4 74796 1106 3356 1 22 0
4 108358 1110 6256 1 33 1
4 176978 1112 1869 1 41 1
4 168486 1115 6222 1 11 0
4 65509 1117 3862 1 44 1
4 72507 1119 458 1 36 0
4 72042 1119 2172 1 16 0
4 177097 1121 7550 1 11 1
4 170402 1124 4255 1 3 1
4 92376 1125 4647 1 2 0
4 102116 1128 2055 1 11 0
4 160166 1137 4509 1 30 0
4 83218 1139 1676 1 30 0
4 120253 1140 411 1 30 0
4 80713 1141 4751 1 39 0
4 71837 1142 247 1 39 1
4 156548 1142 7063 1 33 1
4 175333 1145 2481 1 49 0
4 71321 1145 3730 1 38 0
4 60652 1147 1642 1 24 1
4 164618 1147 7654 1 40 1
4 96515 1154 4466 1 35 0
4 145931 1154 8256 1 38 1
4 179860 1156 6361 1 22 0
4 91716 1156 1267 1 7 0
4 148980 1163 3788 1 24 0
4 65351 1163 805 1 2 1
4 88039 1166 3095 1 16 1
4 165992 1169 4269 1 13 0
4 61432 1169 734 1 29 0
4 164812 1171 7139 1 22 0
4 109565 1177 929 1 11 0
4 179786 1177 1825 1 29 1
4 65708 1182 3532 1 49 0
4 115735 1184 5295 1 8 0
4 173767 1186 9298 1 4 0
4 74755 1187 1629 1 20 0
4 130842 1188 6982 1 47 1
4 78149 1188 3162 1 9 1
4 140938 1194 2538 1 26 1
4 117962 1202 1703 1 10 1
4 85842 1207 947 1 26 0
4 122682 1208 6664 1 33 1
4 116037 1210 221 1 36 1
4 147718 1211 158 1 42 0
4 113759 1212 1010 1 4 1
4 161868 1213 7171 1 30 0
4 173107 1221 7659 1 25 0
4 90138 1222 1542 1 40 0
4 145558 1225 8544 1 46 0
4 79642 1225 2478 1 48 1
4 154845 1225 9066 1 28 1
4 114679 1230 611 1 23 0
4 95669 1230 599 1 25 1
4 108144 1230 5686 1 26 0
4 145260 1231 7046 1 1 0
4 132957 1235 7387 1 14 1
4 86816 1243 1775 1 5 0
4 148268 1246 1506 1 26 0
4 95263 1256 5088 1 41 1
4 147134 1270 8174 1 30 1
4 67167 1270 3818 1 12 1
4 111580 1272 5816 1 33 0
4 117934 1274 4920 1 24 1
4 160673 1275 2592 1 33 0
4 175597 1276 6243 1 3 1
4 115028 1278 3609 1 18 1
4 130839 1282 881 1 15 1
4 115910 1283 185 1 38 1
4 152739 1283 4597 1 16 1
4 65567 1292 1237 1 4 1
4 126593 1295 3503 1 20 1
4 145093 1302 1139 1 15 0
4 145859 1302 4346 1 34 1
4 155176 1307 7462 1 47 1
4 163513 1308 7896 1 6 1
4 160526 1310 1042 1 27 0
4 60212 1315 1861 1 28 0
4 121585 1319 5358 1 16 0
4 83864 1320 4268 1 48 1
4 63974 1325 737 1 40 1
4 157159 1326 8095 1 39 0
4 171066 1327 4455 1 38 0
4 121674 1327 6624 1 4 0
4 137157 1328 7741 1 14 0
4 151457 1328 4517 1 49 1
4 65474 1328 3842 1 45 1
4 140134 1329 4886 1 18 0
4 154477 1329 8202 1 7 1
4 74382 1330 79 1 35 1
4 147377 1332 373 1 5 0
4 150968 1333 274 1 19 1
4 167385 1335 2915 1 1 1
4 175916 1339 3456 1 6 1
4 144317 1347 3770 1 35 1
4 177724 1352 7081 1 27 0
4 120183 1353 5266 1 25 1
4 147403 1353 5274 1 16 0
4 73765 1353 3997 1 47 1
4 73056 1353 2601 1 34 0
4 157872 1353 4186 1 48 1
4 144950 1355 5162 1 46 1
4 146273 1357 3205 1 29 0
4 127187 1358 494 1 21 0
4 143698 1359 4450 1 41 0
4 77400 1363 440 1 12 0
4 112815 1364 3874 1 50 0
4 95591 1365 5552 1 11 1
4 157309 1365 6994 1 26 0
4 134296 1367 6200 1 50 0
4 103059 1367 2012 1 50 0
4 107930 1371 180 1 32 1
4 108030 1374 1541 1 25 1
4 153298 1375 8817 1 41 0
4 77963 1378 2325 1 51 0
4 104117 1379 4956 1 21 0
4 177704 1380 6822 1 37 0
4 66387 1380 2894 1 40 0
4 120722 1380 7162 1 10 1
4 99168 1382 3143 1 32 0
4 175570 1387 6461 1 11 1
4 157406 1387 5517 1 6 1
4 86746 1388 4855 1 35 1
4 104561 1388 4485 1 39 0
4 178473 1395 2820 1 45 1
4 87099 1397 1885 1 9 1
4 150442 1397 1791 1 32 1
4 113930 1399 6132 1 32 1
4 73929 1399 4218 1 31 1
4 106306 1403 171 1 7 1
4 90170 1413 1947 1 7 1
4 171830 1414 4356 1 38 0
4 139418 1414 4856 1 24 1
4 103000 1417 4354 1 14 0
4 103729 1417 937 1 18 1
4 139059 1418 2845 1 32 0
4 73807 1419 2721 1 29 1
4 106422 1424 1173 1 6 1
4 72018 1433 1813 1 13 1
4 74632 1440 260 1 35 1
4 71020 1449 955 1 29 0
4 88338 1456 1820 1 10 1
4 136430 1461 468 1 34 0
4 79167 1461 788 1 39 0
4 124612 1462 6740 1 43 1
4 78408 1464 3769 1 11 1
4 174757 1468 4562 1 17 1
4 176450 1470 7771 1 11 0
4 63172 1470 2407 1 39 0
4 79220 1470 1083 1 23 1
4 137315 1474 7975 1 29 1
4 116922 1474 1387 1 18 1
4 72136 1475 2727 1 24 1
4 121702 1477 907 1 23 1
4 152479 1478 4174 1 39 1
4 112790 1489 5784 1 10 1
4 108277 1489 3498 1 5 1
4 96776 1490 1598 1 37 0
4 138220 1491 613 1 34 1
4 138969 1491 7275 1 16 0
4 74618 1492 4033 1 15 1
4 88182 1493 2358 1 41 1
4 146061 1493 8441 1 41 0
4 123937 1495 5429 1 45 1
4 102664 1500 3333 1 5 1
4 66174 1500 2071 1 9 1
4 90942 1502 352 1 36 1
4 129107 1505 4574 1 3 1
4 151703 1508 8763 1 37 1
4 161161 1511 2196 1 14 1
4 103703 1513 5240 1 37 0
4 105343 1514 4611 1 30 1
4 120618 1515 6171 1 33 1
4 73136 1518 3994 1 28 1
4 170983 1523 6226 1 42 0
4 61745 1525 2758 1 7 1
4 74516 1525 3338 1 45 1
4 143574 1525 5744 1 36 0
4 178915 1532 2924 1 26 1
4 74044 1534 514 1 49 0
4 156074 1535 8929 1 25 0
4 60434 1537 2393 1 35 1
4 82339 1539 3255 1 9 0
4 166321 1541 5060 1 4 0
4 129342 1541 6977 1 29 0
4 172969 1542 3914 1 24 0
4 154657 1549 720 1 12 0
4 72681 1549 1331 1 47 1
4 174013 1549 9557 1 49 0
4 178716 1550 3780 1 12 0
4 107033 1551 4922 1 22 0
4 163436 1552 1290 1 47 0
4 178545 1553 5569 1 34 1
4 79360 1557 1290 1 22 1
4 144753 1561 856 1 31 0
4 166378 1561 2985 1 4 0
4 91796 1562 5458 1 6 0
4 85811 1562 1388 1 32 0
4 121596 1563 6832 1 48 1
4 173066 1565 1188 1 44 1
4 103977 1567 3312 1 43 0
4 173162 1568 1874 1 32 1
4 130678 1575 1738 1 10 1
4 139779 1575 7020 1 33 0
4 119284 1576 2972 1 33 0
4 110796 1587 4393 1 32 0
4 118501 1587 4176 1 15 1
4 72137 1588 1937 1 15 0
4 165455 1590 1912 1 35 1
4 167017 1591 7988 1 47 1
4 170769 1591 1846 1 1 0
4 124532 1598 3934 1 18 0
4 151903 1599 597 1 7 1
4 63451 1599 2221 1 45 1
4 93183 1600 3466 1 27 0
4 132510 1601 5882 1 18 1
4 62713 1603 463 1 4 1
4 79005 1605 2582 1 21 1
4 115139 1607 1775 1 7 1
4 86675 1620 2074 1 2 0
4 86262 1624 553 1 14 0
4 70938 1628 325 1 22 0
4 159334 1630 1993 1 12 0
4 168605 1633 9275 1 41 0
4 162598 1633 1188 1 41 0
4 111669 1636 482 1 7 1
4 64023 1637 1132 1 5 1
4 172531 1644 6776 1 38 1
4 125270 1645 5436 1 3 1
4 149688 1645 4084 1 38 0
4 176105 1649 7710 1 41 0
4 148665 1650 8735 1 9 0
4 136079 1652 2756 1 4 1
4 60352 1653 2603 1 38 0
4 118155 1653 2294 1 33 0
4 91175 1653 850 1 38 1
4 157715 1658 6720 1 15 0
4 171154 1659 7309 1 6 0
4 111637 1660 3361 1 28 1
4 146189 1665 3027 1 32 0
4 141202 1666 7945 1 20 0
4 119902 1666 4873 1 40 0
4 66504 1670 906 1 12 0
4 114166 1670 1573 1 40 1
4 85161 1672 4495 1 6 0
4 146048 1674 2056 1 19 0
4 96363 1676 3466 1 23 1
4 114217 1681 2471 1 3 1
4 136166 1681 3048 1 33 0
4 127773 1682 5732 1 23 1
4 159373 1687 3649 1 42 1
4 132886 1689 3073 1 19 0
4 119663 1689 4470 1 16 0
4 62488 1691 1441 1 23 0
4 173825 1692 6462 1 23 0
4 70438 1693 1423 1 33 1
4 142454 1695 3114 1 44 0
4 81246 1697 349 1 23 1
4 178913 1699 7039 1 42 1
4 72924 1700 3745 1 18 1
4 135770 1703 1831 1 50 0
4 136934 1710 518 1 11 1
4 102860 1711 4307 1 19 0
4 163462 1713 8797 1 48 1
4 150001 1715 3008 1 1 1
4 165381 1715 6408 1 26 1
4 154604 1717 7292 1 34 0
4 84442 1720 495 1 11 1
4 152274 1723 4991 1 12 1
4 104333 1724 4724 1 14 1
4 74349 1727 1780 1 21 0
4 113458 1730 6240 1 29 1
4 77817 1730 3393 1 33 1
4 176825 1731 7651 1 27 0
4 121759 1734 2522 1 38 0
4 133865 1734 301 1 24 0
4 70548 1736 1117 1 6 0
4 110325 1737 5089 1 7 0
4 75244 1739 492 1 27 0
4 171248 1740 6923 1 18 0
4 159146 1742 1779 1 26 0
4 94249 1744 2840 1 35 0
4 144951 1746 1757 1 51 1
4 93891 1749 4342 1 22 1
4 149151 1750 2309 1 51 1
4 82594 1751 432 1 5 0
4 170601 1753 7253 1 39 1
4 177722 1759 10366 1 44 1
4 161577 1760 6460 1 48 1
4 120200 1761 5866 1 48 0
4 110596 1763 3478 1 34 0
4 107999 1764 272 1 20 0
4 93043 1766 5486 1 1 0
4 74852 1766 4008 1 36 1
4 91371 1766 1602 1 11 1
4 90715 1768 3636 1 25 1
4 149690 1769 1911 1 47 1
4 143896 1770 3361 1 34 0
4 122308 1774 7064 1 25 1
4 80830 1777 3879 1 14 1
4 83237 1778 1906 1 1 1
4 62483 1783 2492 1 50 1
4 118553 1784 548 1 30 1
4 171240 1785 2376 1 7 1
4 128929 1790 3370 1 20 1
4 114434 1791 2072 1 48 0
4 103349 1793 5830 1 28 1
4 143370 1797 2130 1 24 0
4 105773 1808 4013 1 27 1
4 151258 1810 6188 1 44 1
4 157718 1811 3549 1 14 0
4 70055 1814 2762 1 41 1
4 145274 1818 4929 1 45 1
4 71464 1819 3690 1 41 1
4 107159 1823 2423 1 5 0
4 75731 1823 90 1 50 0
4 161859 1828 4931 1 38 1
4 63083 1829 1384 1 11 0
4 145935 1829 1300 1 38 0
4 152517 1829 3864 1 28 1
4 106271 1831 3752 1 41 1
4 169833 1836 6360 1 39 1
4 164139 1838 710 1 4 1
4 67700 1839 3797 1 40 0
4 93210 1839 4135 1 30 1
4 126314 1845 1731 1 16 1
4 179234 1849 4677 1 51 1
4 141557 1849 2920 1 11 0
4 119396 1856 4475 1 50 0
4 146954 1857 8071 1 30 1
4 125137 1861 6365 1 23 0
4 138791 1863 2480 1 25 1
4 81690 1868 3790 1 16 1
4 157065 1868 4300 1 50 0
4 98375 1875 3815 1 9 0
4 102040 1875 4016 1 20 1
4 149989 1877 798 1 13 1
4 96880 1881 2140 1 51 1
4 103164 1884 756 1 43 0
4 108680 1886 3784 1 37 0
4 109911 1888 1149 1 33 0
4 117710 1894 4607 1 6 0
4 60215 1898 2662 1 14 0
4 70433 1901 2064 1 41 1
4 66877 1904 700 1 4 1
4 69102 1906 806 1 24 1
4 112719 1907 6298 1 30 0
4 147806 1909 5045 1 38 0
4 66096 1910 1493 1 51 0
4 144275 1910 5488 1 51 0
4 178763 1911 5037 1 34 1
4 147583 1912 3164 1 20 1
4 154955 1921 7125 1 30 1
4 148008 1921 2209 1 45 1
4 128818 1922 5896 1 31 0
4 150717 1924 5469 1 31 0
4 151159 1928 8120 1 42 1
4 85204 1934 3450 1 9 0
4 82232 1935 3227 1 3 0
4 145766 1937 3766 1 38 1
4 121583 1937 1230 1 36 0
4 137890 1938 6075 1 33 1
4 124517 1939 6583 1 25 0
4 68804 1941 2390 1 41 1
4 71766 1942 1538 1 27 1
4 109582 1943 5999 1 41 1
4 170570 1951 7931 1 10 0
4 72476 1955 3513 1 41 1
4 117051 1956 2314 1 22 1
4 122817 1960 2566 1 47 0
4 151598 1966 293 1 41 1
4 148602 1969 3094 1 30 1
4 133259 1975 6699 1 46 1
4 128378 1981 4812 1 8 0
4 151253 1981 7692 1 2 1
4 61730 1982 3133 1 43 1
4 98738 1985 2533 1 50 1
4 81897 1989 312 1 4 0
4 105348 1992 4030 1 29 0
4 109565 1994 1097 1 2 0
4 171751 1998 376 1 48 0
4 153077 1998 5793 1 23 1
4 164378 1999 2750 1 43 1
4 115151 2002 4210 1 12 1
4 148428 2009 1109 1 18 0
4 118660 2012 5147 1 6 0
4 154301 2012 6477 1 23 0
4 84648 2015 1674 1 17 1
4 110106 2017 3368 1 12 0
4 147607 2018 2722 1 49 0
4 107536 2021 4869 1 51 1
4 61445 2025 790 1 25 0
4 148014 2026 5261 1 34 1
4 177507 2027 6473 1 45 0
4 73993 2028 2998 1 48 1
4 174768 2029 2969 1 36 1
4 145908 2032 4142 1 7 1
4 108585 2035 1470 1 34 0
4 144323 2037 485 1 7 0
4 178334 2038 710 1 40 1
4 159662 2039 6940 1 21 0
4 149113 2042 4722 1 51 0
4 104922 2045 4755 1 35 0
4 157374 2049 3144 1 41 1
4 155312 2052 8127 1 16 0
4 164211 2053 3075 1 50 1
4 65698 2059 1192 1 32 0
4 131967 2067 4422 1 11 0
4 106700 2068 5320 1 21 0
4 126572 2068 4490 1 19 1
4 97498 2070 224 1 16 1
4 66422 2070 2854 1 50 0
4 123455 2071 248 1 33 0
4 79407 2071 2756 1 30 1
4 140220 2072 552 1 1 0
4 61196 2073 3151 1 20 0
4 78426 2078 1539 1 27 1
4 95630 2078 5353 1 22 0
4 126688 2080 2540 1 41 1
4 169768 2081 9580 1 27 0
4 68925 2081 3208 1 34 1
4 72064 2084 3028 1 28 1
4 155314 2088 1905 1 3 1
4 172306 2089 9121 1 22 1
4 176401 2090 5145 1 6 0
4 139538 2091 6530 1 28 1
4 170670 2093 1349 1 14 1
4 89987 2094 1835 1 22 0
4 96910 2097 4461 1 33 0
4 108516 2099 3985 1 2 0
4 91251 2107 2920 1 14 0
4 62629 2110 2961 1 44 0
4 98603 2115 5464 1 4 0
4 115126 2121 6292 1 36 1
4 136613 2124 3831 1 4 0
4 95342 2135 723 1 5 0
4 105986 2138 5813 1 15 0
4 113418 2138 2018 1 16 1
4 125331 2139 2526 1 33 0
4 73758 2140 2593 1 27 0
4 136657 2144 1108 1 33 1
4 100028 2147 4940 1 1 0
4 82262 2154 4044 1 20 0
4 116166 2154 1063 1 39 0
4 93320 2155 195 1 45 0
4 159948 2156 6670 1 14 1
4 75689 2157 3195 1 1 0
4 121678 2163 3624 1 41 1
4 96902 2167 165 1 2 1
4 139217 2167 5018 1 26 0
4 171356 2168 869 1 49 1
4 139079 2168 5630 1 18 0
4 150818 2170 3734 1 36 0
4 150874 2171 4612 1 39 0
4 141352 2172 4342 1 23 0
4 176760 2175 2151 1 28 0
4 141569 2184 7800 1 4 0
4 167681 2187 6957 1 42 0
4 118203 2191 4086 1 19 1
4 164583 2191 3186 1 40 0
4 129076 2193 4514 1 7 0
4 171985 2194 250 1 12 1
4 116170 2195 6750 1 34 0
4 172396 2195 823 1 6 1
4 150070 2199 7380 1 15 1
4 166363 2208 5132 1 50 0
4 178041 2211 9719 1 44 0
4 81512 2212 3101 1 47 0
4 60493 2219 172 1 27 0
4 135486 2219 1867 1 4 0
4 174335 2221 8032 1 28 1
4 168707 2222 2109 1 29 1
4 138853 2225 4057 1 24 0
4 105893 2234 4024 1 28 0
4 153569 2236 5107 1 28 1
4 161447 2236 4961 1 14 0
4 103780 2240 4405 1 25 1
4 156307 2245 5960 1 12 1
4 150574 2246 434 1 44 1
4 78750 2247 1897 1 45 0
4 179936 2248 3335 1 18 0
4 115019 2250 5922 1 51 0
4 108474 2251 4755 1 49 1
4 65134 2254 471 1 18 1
4 71075 2261 2577 1 38 1
4 75730 2261 2899 1 35 1
4 139673 2270 3553 1 39 1
4 150645 2270 8371 1 29 0
4 72112 2271 2045 1 25 0
4 133677 2271 914 1 8 1
4 90062 2272 5373 1 3 0
4 144094 2275 3698 1 29 1
4 158841 2280 8007 1 28 0
4 88689 2281 703 1 23 1
4 61072 2283 3060 1 19 1
4 161832 2284 2407 1 23 0
4 157214 2290 4024 1 15 1
4 173603 2290 5617 1 32 1
4 93235 2291 4584 1 2 1
4 97308 2292 1090 1 35 1
4 170085 2292 8253 1 35 1
4 136760 2292 6963 1 46 0
4 72465 2296 3974 1 20 1
4 130957 2297 6885 1 21 1
4 76180 2298 2933 1 46 0
4 65762 2298 444 1 46 0
4 113133 2298 3344 1 49 1
4 80749 2300 627 1 35 0
4 117279 2301 4884 1 41 0
4 84348 2301 4078 1 11 0
4 78579 2305 3415 1 38 0
4 140789 2307 2390 1 19 1
4 140330 2317 7070 1 32 0
4 162951 2321 9461 1 2 0
4 162876 2325 5011 1 3 1
4 163427 2326 3799 1 48 0
4 136685 2327 6688 1 14 0
4 179770 2329 9347 1 9 0
4 120767 2329 4328 1 12 1
4 96571 2330 3030 1 49 1
4 117603 2331 6342 1 23 0
4 115848 2332 5637 1 30 1
4 107838 2334 4903 1 19 0
4 94580 2336 5489 1 47 0
4 142861 2338 5979 1 13 0
4 169716 2339 1682 1 11 1
4 64400 2342 2881 1 6 0
4 132967 2346 6082 1 10 1
4 127775 2350 4297 1 44 1
4 144547 2352 6574 1 13 1
4 102660 2353 5146 1 41 0
4 101298 2362 5199 1 47 0
4 146389 2368 7761 1 36 0
4 67833 2370 3339 1 26 0
4 85282 2372 2181 1 16 0
4 165363 2381 530 1 28 0
4 134454 2386 2185 1 48 1
4 82469 2391 3330 1 3 0
4 177297 2392 9507 1 9 1
4 70506 2392 947 1 13 1
4 66755 2393 1471 1 16 0
4 164628 2396 1530 1 4 1
4 89927 2397 2714 1 13 0
4 117444 2397 5322 1 1 0
4 87875 2398 657 1 42 1
4 79975 2400 1381 1 29 1
4 75776 2402 1918 1 22 0
4 74726 2408 2695 1 17 0
4 62037 2408 601 1 33 0
4 62555 2409 818 1 2 0
4 69749 2414 1534 1 31 0
4 175583 2415 8617 1 5 1
4 113716 2419 567 1 47 0
4 67311 2425 2671 1 43 0
4 134858 2427 3799 1 4 1
4 104465 2427 4145 1 39 1
4 89395 2428 1086 1 23 1
4 127823 2429 7459 1 7 1
4 162940 2433 7840 1 30 0
4 109043 2434 6123 1 32 1
4 91236 2437 4160 1 7 1
4 123329 2439 6790 1 16 0
4 111666 2448 1714 1 35 1
4 63337 2449 520 1 47 1
4 133964 2450 4327 1 24 0
4 134932 2453 5958 1 25 1
4 116617 2456 6624 1 50 0
4 82693 2457 638 1 37 0
4 81957 2459 1534 1 41 0
4 127041 2461 3107 1 43 1
4 88436 2461 5206 1 9 0
4 123799 2463 6833 1 4 1
4 172328 2463 4260 1 31 0
4 95213 2463 5142 1 8 0
4 61938 2463 3593 1 37 1
4 69428 2464 1133 1 30 0
4 114089 2466 2565 1 24 1
4 144970 2467 4475 1 33 0
4 102846 2468 1187 1 22 1
4 132369 2468 2353 1 49 0
4 82429 2475 3007 1 31 0
4 88561 2477 1095 1 34 1
4 73685 2478 2541 1 22 0
4 149552 2479 6506 1 15 0
4 85415 2479 4066 1 45 0
4 134057 2482 4570 1 3 1
4 74388 2485 3829 1 28 1
4 177336 2488 6068 1 32 1
4 161078 2489 170 1 20 0
4 134976 2497 3896 1 40 1
4 136507 2498 2387 1 16 1
4 157278 2501 2097 1 49 1
4 160865 2503 8543 1 28 0
4 100806 2508 3749 1 47 0
4 158247 2514 5299 1 34 1
4 168252 2514 3120 1 34 1
4 176910 2515 8017 1 43 1
4 141018 2518 603 1 11 1
4 98889 2521 4524 1 38 1
4 164629 2523 7340 1 4 0
4 172799 2524 3164 1 28 0
4 78762 2525 2076 1 31 0
4 83231 2526 2474 1 40 1
4 70180 2527 3709 1 21 1
4 174993 2527 6268 1 40 1
4 149806 2527 2149 1 42 1
4 153520 2528 2382 1 38 1
4 127372 2528 7112 1 7 0
4 80048 2530 2234 1 2 1
4 77549 2531 4561 1 5 0
4 88513 2531 2332 1 2 0
4 115086 2534 2422 1 30 0
4 67949 2537 1794 1 39 0
4 61757 2540 2612 1 6 1
4 109929 2546 2428 1 40 0
4 65762 2548 3427 1 3 0
4 101066 2549 1485 1 38 0
4 171986 2549 3694 1 1 0
4 174515 2555 1083 1 18 1
4 81006 2558 1027 1 20 1
4 136871 2559 1622 1 32 1
4 175783 2561 3948 1 43 1
4 132582 2566 7839 1 21 0
4 77102 2569 1237 1 32 1
4 165198 2571 7935 1 18 1
4 103547 2576 5766 1 15 0
4 177255 2577 8261 1 38 0
4 174356 2578 1129 1 17 0
4 178996 2581 9661 1 26 0
4 140914 2584 8222 1 36 0
4 83867 2584 4522 1 8 1
4 124408 2590 1195 1 41 0
4 94086 2600 4361 1 1 0
4 104417 2600 1988 1 36 1
4 121472 2601 6126 1 10 0
4 94541 2601 1382 1 38 0
4 165866 2605 6675 1 31 0
4 173092 2610 3405 1 11 0
4 99998 2612 4543 1 51 0
4 88338 2617 2723 1 10 1
4 60254 2619 1602 1 4 0
4 173202 2620 6373 1 8 0
4 95886 2620 4659 1 22 0
4 68255 2620 1734 1 32 0
4 173017 2620 4610 1 15 0
4 97060 2623 2549 1 42 1
4 127909 2624 5560 1 4 1
4 85887 2626 5053 1 13 1
4 143548 2626 6540 1 43 1
4 91800 2628 3115 1 36 0
4 69837 2630 2643 1 21 1
4 154113 2633 7605 1 34 1
4 105014 2633 5228 1 26 0
4 147542 2634 1654 1 17 1
4 139006 2635 5224 1 37 1
4 156873 2640 4670 1 32 0
4 62715 2641 1225 1 39 1
4 125351 2645 2399 1 39 1
4 174823 2647 6348 1 7 0
4 156996 2654 3810 1 25 0
4 70302 2656 3828 1 6 1
4 121945 2657 1635 1 10 1
4 171446 2660 8010 1 26 1
4 128372 2664 6865 1 41 0
4 173845 2670 6263 1 43 1
4 95692 2676 3498 1 21 1
4 73491 2677 1777 1 46 1
4 148456 2677 1885 1 40 0
4 78414 2679 1941 1 50 0
4 108699 2681 4143 1 33 1
4 106992 2682 1493 1 8 0
4 178023 2690 3015 1 27 1
4 110053 2691 4376 1 18 1
4 154771 2692 8440 1 3 0
4 103199 2694 4258 1 31 0
4 96270 2698 5355 1 38 1
4 74617 2698 4063 1 13 1
4 138663 2705 1098 1 16 1
4 166425 2705 2994 1 33 0
4 83087 2707 4165 1 34 0
4 141079 2708 3776 1 50 1
4 77292 2710 855 1 18 1
4 117969 2711 3345 1 29 0
4 107481 2712 1044 1 41 1
4 175158 2720 8116 1 38 0
4 70898 2720 663 1 10 1
4 108610 2721 1499 1 22 1
4 91704 2722 1215 1 14 1
4 71402 2724 4126 1 35 0
4 84874 2727 4654 1 20 1
4 108997 2731 2965 1 9 0
4 100642 2733 3833 1 22 1
4 144197 2736 3739 1 19 1
4 146761 2740 3940 1 26 0
4 165718 2746 522 1 39 1
4 96895 2747 2531 1 24 0
4 117291 2748 2065 1 42 0
4 170909 2749 6848 1 30 1
4 156161 2750 491 1 24 0
4 154812 2754 6035 1 26 1
4 165083 2758 2011 1 8 0
4 113503 2768 3223 1 25 0
4 163947 2771 8828 1 36 1
4 133468 2775 7172 1 21 0
4 101217 2778 1348 1 15 1
4 81192 2779 3259 1 36 0
4 62098 2781 1665 1 9 0
4 75815 2783 2595 1 25 1
4 71129 2786 3477 1 43 1
4 177772 2789 7871 1 28 0
4 86572 2791 3853 1 34 0
4 166551 2792 4656 1 18 0
4 158646 2795 6631 1 15 0
4 87953 2803 2044 1 37 1
4 114190 2804 4429 1 31 1
4 108780 2806 1809 1 8 1
4 161584 2814 9370 1 30 0
4 62255 2818 1422 1 10 1
4 152029 2819 6047 1 31 0
4 106645 2820 5302 1 6 1
4 136973 2822 3852 1 11 1
4 179345 2823 470 1 22 1
4 119933 2825 5666 1 49 0
4 129240 2828 2687 1 17 0
4 65440 2833 1812 1 34 0
4 77973 2837 1785 1 5 1
4 78017 2840 917 1 15 1
4 172627 2842 514 1 47 1
4 93074 2844 2516 1 41 0
4 145993 2851 3448 1 20 0
4 80140 2852 4095 1 20 0
4 83628 2852 4501 1 17 0
4 176343 2854 7300 1 47 0
4 159205 2856 1732 1 15 1
4 174999 2856 1392 1 47 0
4 71768 2858 2167 1 30 0
4 129963 2859 6760 1 18 0
4 127143 2861 6385 1 4 0
4 172334 2864 8036 1 19 1
4 128429 2866 6399 1 39 1
4 104311 2867 4235 1 43 1
4 63596 2867 1207 1 11 1
4 130782 2870 2459 1 40 0
4 139268 2871 2698 1 21 1
4 158840 2873 2207 1 5 1
4 86528 2874 4727 1 11 0
4 131093 2877 1408 1 18 1
4 98793 2881 1148 1 50 0
4 66519 2887 3196 1 22 0
4 75725 2887 4180 1 36 0
4 170505 2891 7127 1 42 1
4 167646 2893 5035 1 26 1
4 149545 2893 5576 1 26 1
4 68442 2894 3788 1 1 1
4 90864 2897 239 1 27 0
4 174005 2897 6089 1 5 0
4 149594 2900 7044 1 11 0
4 169195 2901 7062 1 47 0
4 104629 2901 1753 1 26 1
4 169250 2904 9253 1 49 1
4 92970 2905 3618 1 32 1
4 172081 2906 7738 1 15 0
4 112762 2908 4922 1 6 0
4 82900 2910 710 1 15 0
4 89392 2914 3463 1 14 0
4 134466 2917 4534 1 9 0
4 82056 2918 4649 1 32 1
4 90222 2918 1880 1 10 0
4 149832 2919 2262 1 29 1
4 162374 2927 6485 1 6 0
4 150238 2933 8197 1 5 1
4 85990 2934 3185 1 47 1
4 81189 2934 2852 1 18 1
4 179551 2937 5944 1 24 0
4 125609 2938 749 1 28 0
4 145298 2942 1309 1 40 0
4 140108 2943 3085 1 51 1
4 99468 2949 2073 1 34 1
4 144459 2949 1356 1 17 0
4 82888 2952 919 1 23 1
4 74464 2954 4349 1 3 1
4 105568 2957 3724 1 33 1
4 112532 2961 6584 1 31 1
4 67040 2962 2486 1 13 0
4 158149 2964 4180 1 36 1
4 89895 2964 5119 1 25 1
4 65160 2966 279 1 5 1
4 155899 2966 8525 1 29 0
4 101236 2967 681 1 4 0
4 139042 2967 220 1 50 0
4 148857 2968 770 1 49 1
4 162095 2972 9607 1 32 0
4 110791 2972 5622 1 51 1
4 127807 2977 1885 1 46 0
4 111710 2980 3580 1 37 0
4 148514 2981 3185 1 30 0
4 139402 2982 4409 1 43 1
4 79166 2982 4407 1 3 0
4 97701 2984 2357 1 5 0
4 101506 2985 2292 1 2 1
4 154795 2987 6521 1 26 0
4 100084 2988 4620 1 49 0
4 89955 2989 154 1 38 1
4 110559 2990 5603 1 39 0
4 176418 2990 1973 1 42 1
4 156618 2992 9119 1 49 0
4 82179 2993 4477 1 48 1
4 132543 2993 4608 1 41 1
4 135893 2994 1331 1 7 1
4 160133 2996 3109 1 25 0
4 112904 2997 3853 1 23 0
4 82156 2999 185 1 4 0
4 134659 3001 5872 1 9 1
4 160110 3001 8999 1 37 0
4 159288 3002 3927 1 32 1
4 76235 3008 2998 1 11 0
4 162342 3009 4748 1 34 1
4 147958 3018 4133 1 46 1
4 149119 3020 6894 1 18 1
4 109719 3021 4968 1 18 0
4 177042 3024 6539 1 17 1
4 93860 3028 2227 1 3 0
4 64452 3036 613 1 8 0
4 110557 3042 3866 1 15 1
4 151660 3043 8700 1 30 1
4 170418 3045 4775 1 9 1
4 102140 3048 1514 1 12 1
4 154242 3050 1674 1 19 0
4 158800 3054 9157 1 11 0
4 147136 3055 1880 1 45 1
4 122729 3056 1309 1 21 0
4 129693 3058 1964 1 18 1
4 89319 3061 4491 1 49 1
4 116667 3063 3731 1 14 1
4 176678 3066 4231 1 11 0
4 151310 3069 3713 1 17 0
4 89910 3075 3075 1 33 0
4 98812 3081 5750 1 35 0
4 75200 3083 3500 1 12 0
4 73967 3084 3595 1 48 0
4 166337 3088 5095 1 1 1
4 146554 3091 4833 1 26 0
4 160754 3093 2514 1 11 0
4 96198 3094 3965 1 36 0
4 115800 3096 995 1 47 1
4 123732 3097 219 1 7 1
4 72012 3103 859 1 13 1
4 65049 3116 263 1 5 1
4 60266 3116 2911 1 17 0
4 165989 3117 5655 1 32 1
4 126270 3118 5043 1 51 0
4 111847 3120 589 1 11 1
4 106813 3120 6071 1 32 1
4 123409 3122 4415 1 7 0
4 89138 3130 3874 1 9 1
4 155524 3131 2775 1 40 0
4 172453 3133 3405 1 11 1
4 171767 3137 1983 1 13 0
4 62476 3142 1821 1 44 0
4 90214 3148 835 1 24 0
4 87671 3150 4452 1 41 0
4 111670 3154 1746 1 47 0
4 73887 3155 3478 1 10 1
4 142049 3155 3396 1 21 1
4 96638 3157 1714 1 26 1
4 140593 3157 2487 1 47 0
4 122328 3158 3686 1 19 0
4 121151 3160 2697 1 51 0
4 95525 3163 3140 1 43 0
4 156227 3164 7606 1 18 0
4 147969 3169 5526 1 1 1
4 93343 3171 3666 1 19 1
4 87307 3172 4845 1 7 0
4 165328 3172 4661 1 38 0
4 72013 3173 2703 1 38 1
4 104382 3174 5352 1 20 0
4 134106 3177 333 1 47 1
4 115390 3180 510 1 18 0
4 126459 3186 3883 1 42 0
4 156198 3186 2258 1 29 1
4 170374 3186 6402 1 2 0
4 81793 3188 1623 1 22 0
4 179166 3188 9436 1 15 1
4 130802 3188 4928 1 25 0
4 73186 3190 3407 1 38 1
4 119104 3190 722 1 30 1
4 124411 3191 808 1 25 1
4 124031 3192 6701 1 12 0
4 64933 3192 3740 1 27 1
4 60163 3193 427 1 25 1
4 156900 3194 610 1 30 0
4 71435 3194 2095 1 28 0
4 81473 3198 2503 1 25 0
4 146235 3198 3444 1 26 1
4 68264 3199 3297 1 37 0
4 101949 3207 3296 1 1 1
4 96910 3207 3822 1 45 1
4 69163 3209 1791 1 22 1
4 90050 3209 4546 1 36 0
4 174685 3213 571 1 21 0
4 66158 3214 646 1 20 0
4 90480 3216 3152 1 18 1
4 64818 3216 1830 1 11 0
4 111033 3219 363 1 27 0
4 77878 3219 2161 1 5 0
4 84428 3228 2007 1 8 0
4 108779 3229 2515 1 28 0
4 167594 3230 1635 1 31 0
4 110391 3233 4170 1 32 0
4 130378 3233 5011 1 37 1
4 148259 3237 1363 1 8 1
4 175085 3237 905 1 18 1
4 97176 3247 555 1 31 1
4 133171 3249 656 1 1 0
4 69421 3250 1365 1 50 1
4 73174 3251 1754 1 5 0
4 132254 3253 2251 1 7 1
4 135720 3255 6532 1 38 1
4 104597 3257 2554 1 39 0
4 178136 3258 10048 1 44 0
4 65942 3260 1156 1 16 1
4 110946 3262 4099 1 44 0
4 133424 3265 6174 1 30 1
4 104537 3267 2410 1 39 1
4 168935 3268 2780 1 45 0
4 116563 3271 890 1 13 0
4 91997 3271 899 1 43 1
4 133819 3272 6494 1 45 0
4 70156 3276 285 1 15 1
4 126099 3282 6458 1 25 0
4 97696 3282 3758 1 8 0
4 98044 3285 3666 1 13 0
4 179575 3287 5139 1 7 1
4 123278 3292 3328 1 25 0
4 132898 3303 328 1 17 1
4 146708 3313 5538 1 10 0
4 179081 3314 5925 1 29 0
4 80639 3314 2804 1 14 0
4 103848 3314 591 1 19 0
4 102935 3315 5713 1 35 0
4 72874 3315 3100 1 1 1
4 128903 3318 3529 1 31 0
4 110935 3320 1566 1 25 1
4 124757 3321 5223 1 11 1
4 170547 3327 2856 1 49 0
4 103872 3330 1601 1 48 0
4 77527 3331 3057 1 28 0
4 64233 3340 989 1 12 1
4 96214 3342 3362 1 42 0
4 127228 3345 4669 1 29 1
4 77256 3346 3604 1 18 1
4 126764 3346 4036 1 18 0
4 80095 3347 2147 1 31 0
4 67115 3348 3557 1 24 1
4 100572 3350 111 1 8 0
4 81450 3350 4497 1 40 1
4 97798 3352 3899 1 21 0
4 143080 3357 5498 1 12 1
4 160349 3359 3303 1 33 1
4 104247 3361 5565 1 11 1
4 153881 3362 8155 1 44 1
4 178823 3363 5501 1 36 0
4 162334 3366 5344 1 6 0
4 90634 3367 4041 1 16 1
4 138686 3370 3919 1 48 1
4 99905 3374 5939 1 6 0
4 130858 3374 2371 1 19 1
4 68319 3377 1302 1 44 0
4 83835 3381 4083 1 27 0
4 170240 3384 4173 1 48 1
4 140564 3387 7156 1 19 0
4 118869 3391 200 1 18 1
4 160922 3391 6535 1 15 0
4 167970 3394 4672 1 28 1
4 74547 3394 4000 1 16 1
4 117271 3394 5978 1 5 1
4 78037 3395 3839 1 18 1
4 97526 3398 2563 1 21 0
4 151508 3398 1771 1 19 0
4 173084 3399 4366 1 2 1
4 166933 3401 385 1 26 0
4 105429 3405 1485 1 31 1
4 107355 3406 3573 1 13 0
4 156496 3408 1694 1 37 0
4 105741 3412 5014 1 16 0
4 152895 3415 2105 1 23 1
4 108919 3417 4711 1 48 0
4 179484 3422 1500 1 31 1
4 81635 3422 3018 1 28 1
4 81133 3427 2493 1 44 0
4 143921 3432 4537 1 23 1
4 122035 3434 268 1 39 0
4 116110 3442 1427 1 7 1
4 162907 3442 2483 1 10 0
4 162398 3443 7066 1 7 1
4 162146 3448 412 1 49 1
4 89705 3450 3941 1 17 1
4 110196 3450 2889 1 31 0
4 127364 3451 3342 1 46 0
4 144883 3452 566 1 7 0
4 100053 3452 1375 1 26 0
4 83503 3453 2675 1 45 0
4 176513 3464 3740 1 14 1
4 124811 3467 4160 1 33 0
4 146331 3468 2696 1 10 0
4 80860 3472 4357 1 19 0
4 132369 3478 4695 1 48 0
4 136460 3479 6846 1 15 1
4 151882 3480 8485 1 27 1
4 166296 3485 4506 1 8 0
4 100270 3490 1409 1 17 1
4 89011 3493 1576 1 2 0
4 82200 3496 2939 1 19 0
4 121113 3499 882 1 47 1
4 168323 3503 8218 1 11 1
4 155732 3504 3393 1 4 0
4 160983 3504 8393 1 16 0
4 153292 3504 5502 1 26 0
4 84068 3510 3480 1 43 0
4 107582 3514 6393 1 32 0
4 164936 3516 4338 1 20 1
4 153662 3518 6118 1 48 1
4 73949 3518 2484 1 42 1
4 170746 3518 8097 1 19 0
4 111227 3523 3797 1 50 0
4 96956 3526 2433 1 9 1
4 94920 3526 5598 1 26 1
4 93180 3527 2473 1 17 1
4 114838 3533 2047 1 51 0
4 167045 3539 5542 1 38 0
4 158552 3540 5072 1 9 0
4 155391 3542 5438 1 6 1
4 137251 3545 2925 1 12 1
4 84596 3548 2171 1 16 0
4 144257 3550 5890 1 25 0
4 67410 3550 1878 1 17 1
4 169009 3551 188 1 40 0
4 117012 3551 5605 1 13 1
4 171275 3552 9085 1 10 1
4 167680 3559 5828 1 4 1
4 89394 3569 2097 1 36 1
4 60511 3571 1109 1 15 1
4 77223 3572 4105 1 5 0
4 125641 3576 5451 1 51 0
4 167390 3580 7634 1 1 0
4 86084 3580 1000 1 6 1
4 63434 3583 490 1 30 1
4 137754 3583 3754 1 12 0
4 156431 3584 6612 1 15 1
