1500
41 144470 1 5518 1 1 0
41 72129 6 1456 1 28 0
41 96988 10 5544 1 18 0
41 60794 24 1423 1 7 1
41 169421 26 704 1 43 0
41 103875 33 3256 1 5 1
41 66650 39 1377 1 46 0
41 124497 42 2834 1 16 1
41 68239 45 171 1 41 1
41 109219 47 4438 1 5 1
41 110629 48 814 1 36 0
41 72537 50 3197 1 29 0
41 164691 52 1511 1 15 1
41 145591 54 703 1 14 1
41 147936 56 5008 1 8 0
41 60524 58 2483 1 1 1
41 63730 62 1532 1 15 0
41 115513 64 940 1 12 1
41 136176 65 7256 1 22 0
41 116661 67 6628 1 38 0
41 68512 68 3031 1 32 0
41 99966 68 3569 1 49 1
41 65353 69 2102 1 10 1
41 149271 74 5357 1 46 0
41 101051 75 5823 1 28 1
41 95211 75 1496 1 17 1
41 177738 76 1496 1 20 1
41 153082 83 3932 1 51 1
41 60398 86 3506 1 15 1
41 108822 86 3234 1 48 1
41 69621 87 3912 1 36 0
41 174920 88 7602 1 4 0
41 73015 91 534 1 5 1
41 155507 91 3256 1 5 0
41 80459 94 3244 1 43 1
41 101415 96 5574 1 18 1
41 102595 96 2417 1 37 0
41 70936 98 2971 1 50 1
41 113792 109 2282 1 6 1
41 127109 110 2095 1 3 0
41 87278 110 4556 1 29 1
41 115340 112 1035 1 29 1
41 131986 114 6501 1 11 0
41 167941 126 7944 1 33 1
41 155171 127 7280 1 32 1
41 176229 129 6921 1 5 0
41 91747 132 2451 1 43 0
41 157469 133 4655 1 14 1
41 171883 134 1312 1 15 0
41 94438 135 2612 1 17 1
41 102052 139 2687 1 29 0
41 153434 140 3009 1 32 0
41 105678 143 1403 1 10 0
41 89577 145 703 1 11 1
41 162780 146 1125 1 1 0
41 87333 147 3580 1 51 1
41 167177 151 7241 1 42 1
41 85824 151 245 1 24 1
41 109243 158 2489 1 8 0
41 178469 161 7870 1 39 0
41 165662 163 1841 1 28 1
41 118909 164 614 1 14 1
41 118635 168 2852 1 9 1
41 120462 171 1718 1 13 0
41 132696 176 4646 1 33 0
41 169347 176 4960 1 12 1
41 107328 180 3507 1 12 0
41 88235 182 3369 1 22 0
41 84733 184 3010 1 17 0
41 89380 187 3541 1 10 0
41 170339 188 3358 1 4 0
41 132255 191 1343 1 37 0
41 86053 197 3404 1 39 0
41 144762 197 3762 1 48 0
41 63240 200 1249 1 20 1
41 123737 200 1232 1 43 1
41 168908 200 8214 1 27 1
41 92779 202 4103 1 45 1
41 81571 209 2039 1 22 1
41 105061 212 4963 1 24 1
41 92022 213 4249 1 48 0
41 70890 213 1341 1 11 0
41 101378 214 4785 1 24 0
41 155863 218 8603 1 10 1
41 70688 218 2748 1 2 0
41 155597 219 2103 1 6 0
41 176132 219 2683 1 6 1
41 114264 220 750 1 6 1
41 107266 225 6430 1 34 0
41 79332 227 4370 1 16 0
41 166355 230 7170 1 8 1
41 61009 232 1311 1 8 0
41 171629 234 6558 1 17 1
41 92524 235 727 1 38 0
41 124416 239 4345 1 39 0
41 81077 239 1567 1 43 1
41 120307 241 3026 1 22 1
41 107181 242 4928 1 22 1
41 102430 246 5763 1 19 1
41 78526 247 4044 1 39 0
41 128699 247 752 1 24 0
41 82091 247 2044 1 35 1
41 96830 252 5517 1 48 1
41 92985 253 2387 1 29 0
41 90183 258 2609 1 40 1
41 127949 262 7194 1 5 0
41 95009 266 2223 1 14 1
41 82952 266 2242 1 28 0
41 84464 269 1451 1 28 0
41 98644 270 3437 1 20 0
41 130647 272 2853 1 9 1
41 88422 273 629 1 6 0
41 111062 274 1279 1 18 1
41 117120 274 5296 1 43 0
41 168667 275 815 1 34 0
41 178331 276 6097 1 1 1
41 121551 277 5850 1 11 0
41 82472 277 4701 1 40 0
41 122137 278 5031 1 3 0
41 101248 279 4649 1 39 0
41 112313 285 3764 1 51 1
41 171143 286 5662 1 33 1
41 178803 287 1571 1 40 1
41 170125 287 334 1 17 1
41 140736 291 1043 1 9 1
41 161640 291 6434 1 26 0
41 96202 294 5553 1 17 0
41 136706 294 1151 1 37 1
41 61334 295 3657 1 21 1
41 72242 301 2823 1 33 0
41 135896 302 7152 1 40 0
41 65872 304 1561 1 41 1
41 168087 309 1274 1 24 1
41 89495 319 2151 1 23 0
41 137780 319 3129 1 31 1
41 114942 319 1104 1 12 1
41 72197 327 833 1 34 0
41 127496 328 2361 1 37 1
41 106096 328 3575 1 24 1
41 118405 330 2900 1 5 0
41 122983 337 4741 1 16 0
41 97566 338 1949 1 7 1
41 154771 338 8663 1 24 1
41 79115 344 3204 1 8 1
41 117803 350 1083 1 38 0
41 141103 351 3573 1 2 1
41 71315 353 3282 1 21 1
41 146593 356 2272 1 9 0
41 149758 356 4536 1 17 0
41 89614 362 134 1 13 1
41 67944 362 1323 1 17 0
41 66917 364 1321 1 32 0
41 142754 366 7844 1 9 1
41 138269 367 4597 1 19 0
41 118172 370 1663 1 41 1
41 78199 372 2863 1 2 1
41 112123 374 4492 1 2 0
41 74080 377 2685 1 33 1
41 123258 379 6870 1 27 1
41 114202 379 5462 1 43 0
41 101404 382 4854 1 20 0
41 172273 384 7046 1 32 0
41 83022 388 2464 1 28 1
41 107387 388 277 1 27 1
41 109034 393 386 1 36 0
41 134030 397 5734 1 21 0
41 97898 398 1677 1 15 0
41 132714 398 6165 1 5 1
41 147346 400 7821 1 21 1
41 123656 403 1418 1 49 0
41 146963 405 6528 1 31 0
41 69154 408 3732 1 26 0
41 105338 410 5735 1 3 1
41 121652 411 2473 1 9 0
41 141200 413 6303 1 12 0
41 85224 413 4600 1 48 0
41 109538 419 942 1 39 0
41 122634 420 4345 1 38 0
41 160746 421 4175 1 28 0
41 84203 425 2441 1 6 1
41 118288 425 6996 1 23 0
41 75259 429 845 1 37 0
41 86647 429 1629 1 6 0
41 143298 433 2750 1 9 0
41 60110 434 3581 1 49 0
41 158092 435 2639 1 19 1
41 115886 435 3246 1 23 1
41 132415 437 3436 1 28 1
41 77183 438 3376 1 42 0
41 65004 438 2272 1 42 0
41 159097 440 8216 1 46 1
41 98592 443 2527 1 11 0
41 177412 444 5495 1 27 1
41 122936 449 3584 1 12 0
41 74367 451 4397 1 47 0
41 107879 451 5813 1 27 1
41 68634 454 1601 1 5 1
41 120323 455 3716 1 12 1
41 102263 455 5628 1 22 0
41 176976 462 1031 1 12 0
41 108715 465 3890 1 36 0
41 155470 470 7491 1 36 1
41 123489 470 334 1 41 0
41 92834 471 2758 1 30 1
41 66033 482 3783 1 12 0
41 128289 483 5507 1 41 0
41 109070 486 6163 1 9 0
41 118778 494 3611 1 3 1
41 86082 495 2232 1 40 0
41 178727 496 674 1 41 0
41 111871 497 2773 1 6 1
41 97026 499 5303 1 46 1
41 88351 504 4455 1 51 0
41 169284 505 6003 1 25 1
41 83696 506 4471 1 47 0
41 120854 513 1166 1 24 1
41 127502 514 4505 1 42 1
41 172331 518 3044 1 10 1
41 85306 521 4376 1 41 1
41 155702 538 1617 1 16 0
41 95060 540 2143 1 44 1
41 77149 541 1124 1 34 1
41 137316 541 5804 1 45 1
41 153710 544 2548 1 51 1
41 168817 544 6381 1 5 0
41 175322 545 458 1 9 0
41 72527 549 1885 1 19 1
41 123929 549 2370 1 1 1
41 115384 552 235 1 23 0
41 112958 554 2879 1 36 0
41 127292 556 3243 1 31 1
41 80669 559 4043 1 10 1
41 89292 560 246 1 36 0
41 110026 562 3521 1 24 1
41 172664 577 8497 1 38 0
41 89735 583 2199 1 39 0
41 128028 584 5119 1 6 1
41 109705 585 5491 1 18 0
41 117254 590 2452 1 4 1
41 110883 591 3910 1 33 0
41 74722 592 3400 1 7 0
41 68221 599 2382 1 24 0
41 102697 599 2455 1 16 1
41 154346 602 1274 1 48 1
41 125531 604 2449 1 15 0
41 90059 607 2859 1 46 1
41 71639 607 331 1 50 0
41 60847 610 3574 1 45 1
41 131782 611 1708 1 2 1
41 155773 611 7627 1 26 1
41 67823 614 3199 1 39 1
41 157273 615 4460 1 27 1
41 112219 616 5790 1 13 0
41 65879 617 2861 1 27 1
41 129409 621 2157 1 10 1
41 153699 625 4583 1 15 1
41 99851 626 3206 1 20 0
41 132345 629 5635 1 30 0
41 171462 634 7221 1 17 0
41 149452 636 461 1 29 1
41 129531 638 2890 1 37 1
41 105024 638 1560 1 28 0
41 116079 640 6727 1 38 0
41 110388 641 913 1 16 0
41 114695 641 2002 1 2 1
41 72995 645 2613 1 38 0
41 63619 654 879 1 49 1
41 147127 655 7389 1 28 0
41 175412 655 1092 1 21 0
41 91587 657 3933 1 2 0
41 145902 664 2274 1 1 0
41 124835 666 4887 1 39 1
41 110774 667 4887 1 13 0
41 145957 669 7953 1 1 0
41 60615 669 1094 1 45 1
41 159362 669 323 1 43 0
41 88708 670 1587 1 43 0
41 154836 671 1130 1 32 1
41 141409 673 3684 1 29 0
41 74859 676 3469 1 24 0
41 165665 677 9502 1 4 0
41 155605 683 1417 1 28 0
41 105799 688 1978 1 12 1
41 88097 691 2152 1 42 1
41 96654 691 2691 1 46 1
41 82174 693 4101 1 16 1
41 171074 696 4730 1 10 0
41 146899 698 3064 1 24 0
41 83515 700 3632 1 37 1
41 118562 703 3266 1 51 1
41 134291 704 5492 1 14 0
41 142062 712 7395 1 51 1
41 117704 712 3999 1 6 1
41 106003 713 2771 1 46 0
41 83810 714 2753 1 51 1
41 123506 714 4257 1 42 1
41 93659 714 3907 1 40 1
41 135613 714 7418 1 38 0
41 85473 722 1340 1 8 1
41 132764 723 4613 1 23 1
41 117993 728 6836 1 23 1
41 106774 728 5498 1 23 1
41 120236 733 1735 1 2 0
41 74497 738 2275 1 20 0
41 123679 739 6834 1 1 0
41 66718 743 3836 1 9 1
41 108544 744 2809 1 22 0
41 113235 748 4115 1 39 1
41 89467 754 3504 1 48 1
41 177513 756 5666 1 30 0
41 146858 757 3777 1 22 1
41 74782 757 4331 1 8 1
41 146149 760 2828 1 10 1
41 166117 760 7345 1 22 0
41 70508 762 2743 1 6 1
41 130689 767 4044 1 38 0
41 102911 767 1492 1 42 1
41 70705 771 2475 1 44 0
41 62409 771 2791 1 47 0
41 79255 772 4298 1 39 0
41 166603 776 577 1 38 0
41 71603 777 3030 1 5 1
41 77361 777 1635 1 15 1
41 118601 778 5290 1 23 1
41 159683 781 1865 1 46 1
41 121591 784 6125 1 5 0
41 156275 787 999 1 11 0
41 64126 787 3110 1 7 0
41 103004 791 4529 1 1 1
41 164809 797 5238 1 5 1
41 179250 799 7290 1 1 1
41 165387 799 8677 1 26 1
41 100681 803 2235 1 8 1
41 119928 804 1568 1 39 1
41 72799 804 1117 1 16 1
41 141234 805 1581 1 2 1
41 161294 806 519 1 32 0
41 110078 807 6272 1 51 0
41 69872 807 1651 1 18 1
41 79037 809 2893 1 9 1
41 168063 809 7890 1 33 0
41 148068 814 8322 1 49 0
41 123704 819 1479 1 45 0
41 125532 822 6021 1 13 1
41 149501 824 2573 1 27 0
41 81919 825 3277 1 33 1
41 165713 825 9938 1 21 0
41 73519 826 1622 1 8 0
41 146401 827 904 1 8 1
41 116841 830 3814 1 38 1
41 126678 838 2782 1 5 0
41 170502 843 7360 1 43 0
41 90985 845 1665 1 21 1
41 74872 846 2936 1 30 1
41 114471 847 1552 1 23 1
41 62254 847 69 1 23 1
41 95013 847 169 1 19 0
41 84993 848 378 1 38 1
41 113554 850 2156 1 37 0
41 97616 850 5437 1 33 1
41 170320 852 1619 1 45 0
41 65813 852 2200 1 32 1
41 101495 855 4766 1 20 0
41 112201 856 5650 1 21 1
41 145178 856 750 1 16 0
41 137793 856 4380 1 8 1
41 96064 862 3016 1 31 1
41 84961 863 373 1 7 0
41 87826 871 3991 1 50 0
41 137548 871 6899 1 14 0
41 133419 881 7803 1 6 0
41 97161 883 5311 1 9 0
41 148616 883 3815 1 20 0
41 64436 887 889 1 36 1
41 114687 890 1333 1 27 0
41 144480 893 2182 1 51 1
41 159489 896 6693 1 36 0
41 91062 896 2196 1 16 0
41 174010 896 5027 1 44 1
41 98064 900 3516 1 36 1
41 108581 902 5827 1 48 0
41 65793 914 701 1 3 0
41 123894 915 1496 1 43 0
41 130155 915 6047 1 17 1
41 70663 917 1642 1 16 1
41 135637 918 7956 1 36 1
41 141251 919 6918 1 34 0
41 88313 924 2202 1 45 0
41 116348 926 5639 1 25 0
41 85102 928 250 1 4 1
41 75741 929 4115 1 40 1
41 110619 930 1237 1 21 1
41 111096 932 1085 1 35 0
41 90867 934 1291 1 23 1
41 89220 934 2055 1 45 0
41 178198 937 4102 1 14 0
41 175085 938 3590 1 38 0
41 65103 954 2474 1 23 1
41 106580 954 2563 1 5 0
41 150720 955 8491 1 6 0
41 145498 960 2162 1 29 1
41 77789 961 2329 1 4 1
41 93369 963 4483 1 29 0
41 115575 964 4430 1 16 1
41 166424 965 3151 1 39 1
41 66783 965 2916 1 16 1
41 63231 966 832 1 10 0
41 62263 968 963 1 46 1
41 166376 972 933 1 26 1
41 135917 972 3785 1 36 0
41 163714 973 3623 1 30 0
41 66399 977 1642 1 50 0
41 130380 979 1169 1 9 0
41 113173 983 2748 1 30 1
41 92560 990 4386 1 16 0
41 74165 990 2680 1 14 0
41 136119 991 4028 1 21 1
41 173479 992 6670 1 28 1
41 98083 996 5123 1 28 0
41 97872 998 5490 1 43 1
41 74406 1016 3992 1 31 1
41 172834 1017 7033 1 22 0
41 116289 1019 5995 1 35 0
41 161495 1019 536 1 8 0
41 124703 1020 7041 1 48 0
41 92464 1023 899 1 18 0
41 118903 1025 1646 1 33 1
41 142444 1026 6753 1 1 1
41 100464 1027 3944 1 46 1
41 102397 1031 1443 1 2 1
41 142147 1032 2674 1 15 0
41 83459 1037 937 1 35 0
41 78695 1037 667 1 39 1
41 150405 1043 7785 1 19 0
41 148614 1044 7428 1 4 1
41 101414 1046 2029 1 38 0
41 64575 1047 727 1 1 0
41 107034 1050 3417 1 42 0
41 101444 1050 812 1 18 1
41 166091 1054 5831 1 45 0
41 111433 1055 3714 1 34 0
41 164251 1055 189 1 33 1
41 82735 1057 1893 1 19 1
41 138369 1059 6699 1 42 1
41 175712 1059 10288 1 7 0
41 147567 1063 6875 1 30 1
41 120919 1066 7159 1 38 0
41 103566 1067 1588 1 19 1
41 171398 1071 1428 1 5 1
41 137291 1071 2658 1 12 1
41 60203 1071 1913 1 33 0
41 127946 1078 3612 1 2 1
41 153854 1079 7761 1 43 1
41 137241 1080 1279 1 50 1
41 127923 1082 4588 1 24 0
41 128880 1082 1592 1 3 0
41 118731 1083 3450 1 45 1
41 124102 1083 3740 1 13 0
41 102840 1087 1534 1 29 0
41 68736 1091 2378 1 28 1
41 171404 1097 10009 1 20 0
41 174568 1100 586 1 1 0
41 76553 1101 1071 1 18 0
41 143889 1104 3001 1 4 0
41 139456 1106 1410 1 11 0
41 129583 1107 2018 1 20 0
41 143647 1108 3762 1 32 0
41 100653 1109 4134 1 44 0
41 140567 1109 7854 1 42 1
41 123966 1109 3782 1 30 1
41 166921 1112 2097 1 41 1
41 178881 1114 1625 1 44 1
41 112563 1116 1288 1 20 0
41 71508 1116 3913 1 23 0
41 109270 1120 3117 1 48 0
41 95942 1122 1503 1 2 0
41 156574 1123 2165 1 16 1
41 160831 1125 7169 1 45 1
41 60124 1129 1849 1 22 1
41 114575 1131 2753 1 42 1
41 127269 1136 2566 1 19 1
41 83657 1137 3423 1 51 0
41 119284 1141 2585 1 1 0
41 79409 1143 801 1 18 0
41 128404 1146 7141 1 23 1
41 99666 1147 5590 1 32 1
41 113648 1147 2785 1 11 1
41 177946 1148 1819 1 47 0
41 129011 1148 3135 1 10 1
41 167963 1149 3058 1 25 1
41 158583 1153 4998 1 11 0
41 93085 1154 1027 1 44 1
41 168461 1155 2442 1 11 1
41 122550 1155 3939 1 20 0
41 67589 1155 3665 1 18 0
41 116585 1155 5034 1 24 0
41 68434 1155 103 1 8 0
41 171650 1159 277 1 35 1
41 82893 1169 4847 1 30 0
41 85798 1174 2248 1 36 1
41 140172 1178 2230 1 42 0
41 141137 1180 1354 1 20 1
41 83506 1180 4981 1 23 0
41 160568 1187 2170 1 18 0
41 107475 1188 2826 1 5 1
41 110879 1198 882 1 13 1
41 83351 1200 2734 1 4 1
41 150947 1204 1663 1 44 0
41 114510 1208 837 1 33 0
41 130264 1209 3985 1 8 1
41 79576 1210 2615 1 9 1
41 179909 1213 4096 1 50 0
41 82392 1213 3981 1 13 0
41 107091 1215 4678 1 49 0
41 144968 1216 5482 1 51 1
41 119326 1218 2339 1 50 1
41 100746 1221 3906 1 1 1
41 69139 1222 1607 1 46 1
41 158889 1225 2165 1 40 1
41 144431 1226 6258 1 40 1
41 102436 1228 4486 1 26 0
41 122543 1232 6986 1 47 0
41 77798 1233 621 1 7 1
41 141389 1239 2282 1 11 1
41 156072 1249 7686 1 15 0
41 168359 1249 9184 1 20 1
41 86287 1249 2471 1 5 1
41 142990 1252 7192 1 7 0
41 92380 1254 844 1 11 1
41 80273 1257 1578 1 13 1
41 166107 1259 1662 1 40 1
41 102848 1260 4713 1 24 1
41 76615 1262 1068 1 13 0
41 159783 1264 7745 1 5 0
41 140999 1273 4272 1 34 1
41 62978 1273 761 1 3 1
41 106095 1273 1902 1 32 0
41 126382 1274 7142 1 17 0
41 91698 1274 4775 1 12 1
41 177097 1276 2440 1 30 1
41 133853 1279 4690 1 25 1
41 122701 1279 638 1 27 0
41 115208 1285 5839 1 46 1
41 144623 1286 4718 1 7 0
41 64893 1288 1103 1 39 1
41 127243 1291 5424 1 20 1
41 83830 1293 3225 1 38 0
41 60391 1297 3123 1 46 1
41 123090 1297 2551 1 46 0
41 122422 1300 3302 1 30 0
41 79452 1301 2436 1 2 1
41 65337 1301 2058 1 25 1
41 70260 1302 3245 1 51 1
41 147737 1304 7198 1 36 1
41 160401 1306 1417 1 1 1
41 142283 1307 842 1 1 0
41 165902 1307 9582 1 8 0
41 78883 1307 1936 1 8 0
41 96957 1311 4259 1 9 0
41 142541 1314 8007 1 6 1
41 99284 1318 5104 1 28 1
41 76115 1319 556 1 50 0
41 86476 1320 4273 1 47 0
41 144431 1321 6779 1 32 1
41 126178 1324 3159 1 3 1
41 146027 1331 6818 1 14 1
41 94556 1335 5389 1 48 0
41 148037 1339 3314 1 40 1
41 107262 1340 3987 1 10 1
41 104922 1340 2311 1 27 1
41 95503 1341 1219 1 18 0
41 143288 1341 3526 1 10 0
41 93984 1345 874 1 39 0
41 109057 1349 5341 1 16 0
41 131126 1350 741 1 36 0
41 69117 1351 2713 1 50 1
41 158310 1352 8048 1 26 0
41 62377 1353 1333 1 25 0
41 155782 1357 2789 1 29 1
41 78805 1358 1894 1 34 0
41 146982 1367 3392 1 8 1
41 101991 1367 5987 1 49 0
41 138866 1369 5168 1 8 0
41 76412 1369 3468 1 20 1
41 105575 1378 2772 1 49 0
41 121428 1381 1336 1 33 0
41 78022 1383 418 1 47 1
41 71581 1384 3062 1 7 1
41 168083 1405 3851 1 5 0
41 129352 1408 6276 1 8 0
41 114924 1409 2295 1 1 0
41 136727 1413 1128 1 41 0
41 89021 1415 1173 1 4 1
41 174689 1419 348 1 38 1
41 135515 1422 3921 1 1 1
41 118966 1422 325 1 6 0
41 107136 1422 2996 1 22 1
41 169185 1423 9930 1 2 1
41 68566 1429 2606 1 50 0
41 150533 1429 8889 1 25 1
41 158475 1429 3375 1 10 1
41 79905 1429 1230 1 10 0
41 153429 1436 3514 1 15 0
41 143452 1440 1525 1 48 0
41 94197 1440 2375 1 21 0
41 86812 1442 4504 1 2 1
41 149472 1450 3635 1 33 0
41 70633 1453 2837 1 26 1
41 111752 1453 1145 1 47 1
41 98315 1457 4300 1 43 1
41 99479 1462 2003 1 42 0
41 174745 1462 3833 1 6 0
41 85077 1465 2817 1 35 0
41 83523 1466 3883 1 4 1
41 169129 1472 8919 1 50 1
41 75163 1475 1985 1 41 0
41 141391 1478 5064 1 46 1
41 91281 1479 2725 1 39 1
41 133245 1479 5529 1 11 1
41 135220 1481 3118 1 29 0
41 153639 1487 7012 1 49 1
41 127757 1489 4321 1 2 0
41 64097 1494 2617 1 49 0
41 103960 1495 3438 1 46 0
41 107081 1497 4861 1 41 1
41 123395 1502 5361 1 16 1
41 139263 1502 1303 1 36 0
41 134935 1506 7537 1 39 1
41 64505 1507 2977 1 8 0
41 131662 1509 5149 1 22 0
41 153503 1510 6229 1 20 0
41 123155 1512 1814 1 35 1
41 85124 1513 4165 1 18 0
41 93856 1514 2317 1 22 1
41 73165 1516 511 1 28 0
41 80615 1519 1497 1 39 0
41 168034 1520 7446 1 50 0
41 123253 1524 4403 1 43 1
41 63410 1530 924 1 27 0
41 92524 1530 5200 1 47 0
41 152797 1531 9130 1 34 0
41 74122 1532 645 1 35 0
41 129035 1535 4646 1 51 0
41 146185 1536 3147 1 25 1
41 116184 1539 1084 1 41 0
41 114222 1541 1164 1 2 1
41 101029 1543 4890 1 41 1
41 145074 1547 5427 1 10 0
41 131741 1549 2791 1 40 1
41 121049 1551 5806 1 32 0
41 161360 1555 7386 1 45 1
41 129888 1557 7276 1 1 0
41 75289 1557 3885 1 8 0
41 160866 1560 6156 1 12 0
41 107231 1562 1015 1 41 1
41 114690 1562 1799 1 39 0
41 113292 1566 2533 1 44 0
41 149717 1568 283 1 44 0
41 170549 1568 8187 1 17 1
41 91682 1570 2076 1 24 0
41 61889 1572 612 1 8 0
41 152987 1572 2623 1 17 0
41 132638 1576 2299 1 41 1
41 106449 1587 1609 1 1 0
41 82209 1588 2044 1 31 1
41 123469 1588 1298 1 24 1
41 76823 1588 1598 1 1 0
41 178177 1589 4262 1 41 0
41 89076 1603 132 1 2 1
41 151032 1603 7112 1 16 0
41 159642 1605 2294 1 46 0
41 77584 1606 3013 1 4 1
41 153867 1608 9161 1 19 0
41 70994 1611 3066 1 40 1
41 137588 1613 4306 1 43 0
41 65887 1615 1035 1 38 1
41 143940 1617 3995 1 5 0
41 99101 1619 2488 1 36 0
41 84518 1621 1328 1 34 1
41 120944 1623 4656 1 14 1
41 92761 1627 1098 1 11 1
41 65659 1627 2508 1 39 1
41 106781 1628 712 1 4 1
41 154633 1632 4461 1 45 1
41 136318 1633 6776 1 1 0
41 86674 1636 3084 1 47 1
41 66247 1637 2241 1 42 0
41 84325 1645 1836 1 46 1
41 115229 1648 6465 1 2 1
41 65916 1653 2182 1 37 1
41 75919 1660 1707 1 45 0
41 132700 1664 6689 1 8 0
41 155076 1666 2850 1 9 0
41 88625 1671 4104 1 6 1
41 117303 1672 728 1 17 0
41 126026 1672 6570 1 30 1
41 72096 1674 3291 1 41 0
41 70016 1677 894 1 35 0
41 78091 1683 2624 1 29 1
41 71874 1686 1454 1 6 1
41 141069 1689 435 1 43 1
41 139693 1690 568 1 6 1
41 139006 1695 7275 1 45 1
41 75214 1697 894 1 33 1
41 159639 1698 9191 1 4 0
41 62939 1700 3103 1 48 0
41 104618 1701 3438 1 4 1
41 169460 1704 9000 1 50 0
41 73287 1707 3664 1 32 0
41 78127 1710 2454 1 45 0
41 81572 1713 4583 1 5 0
41 118451 1714 2234 1 21 0
41 100888 1715 2418 1 20 1
41 142877 1717 2954 1 29 1
41 102252 1719 4538 1 24 0
41 72529 1719 3492 1 38 0
41 128433 1722 630 1 21 0
41 80380 1723 4761 1 27 0
41 135733 1725 5497 1 32 1
41 139051 1726 3200 1 35 1
41 106593 1728 3578 1 33 1
41 99027 1730 824 1 50 1
41 81883 1730 776 1 25 0
41 91179 1730 4900 1 14 1
41 90177 1731 239 1 27 0
41 99750 1732 5061 1 26 1
41 134926 1736 5152 1 38 0
41 139654 1737 2628 1 13 0
41 74158 1739 1211 1 4 1
41 178289 1741 3791 1 12 1
41 153544 1741 4211 1 13 0
41 72044 1746 2122 1 30 1
41 66195 1750 2931 1 34 1
41 109156 1751 1238 1 19 0
41 72961 1752 2995 1 17 0
41 65135 1752 2454 1 33 1
41 119609 1753 1530 1 44 0
41 116740 1755 5815 1 7 1
41 161076 1761 9363 1 37 0
41 89801 1762 3367 1 47 0
41 161309 1762 8200 1 32 1
41 143353 1765 7639 1 19 1
41 153833 1766 6656 1 9 1
41 169801 1775 3010 1 41 1
41 164060 1777 3029 1 15 1
41 108080 1780 3968 1 7 0
41 133284 1783 7939 1 38 0
41 140359 1784 2098 1 42 1
41 67768 1784 3663 1 43 0
41 86882 1785 1182 1 33 0
41 62920 1785 1312 1 28 1
41 87711 1786 1177 1 18 0
41 75306 1787 1621 1 6 1
41 87333 1787 3872 1 51 1
41 62608 1791 872 1 14 0
41 79045 1795 3545 1 33 0
41 121815 1800 6557 1 8 0
41 123517 1800 679 1 5 1
41 167754 1803 3684 1 22 0
41 109404 1805 3917 1 51 1
41 106012 1810 481 1 34 0
41 116497 1814 5076 1 31 0
41 162028 1818 5755 1 10 1
41 98929 1819 2113 1 35 1
41 73387 1819 3282 1 39 1
41 99089 1821 930 1 4 0
41 152190 1822 2372 1 49 1
41 64455 1824 2248 1 26 1
41 113286 1825 1526 1 49 1
41 135696 1827 6244 1 27 0
41 172651 1827 6444 1 4 0
41 88840 1831 2124 1 32 1
41 80826 1833 3645 1 44 0
41 163130 1842 420 1 17 1
41 72147 1844 474 1 36 1
41 111059 1846 5601 1 9 0
41 146857 1852 8768 1 6 1
41 143691 1855 2683 1 47 0
41 142798 1856 6216 1 30 0
41 93785 1859 3800 1 42 0
41 94376 1860 2880 1 16 1
41 65424 1861 1050 1 29 0
41 128054 1861 6830 1 2 1
41 132869 1862 7248 1 27 1
41 127293 1863 5095 1 47 0
41 151796 1864 3194 1 40 1
41 77024 1864 4489 1 50 1
41 70183 1866 4203 1 38 1
41 145426 1867 8367 1 14 0
41 63699 1883 2942 1 6 1
41 62579 1886 2577 1 5 1
41 93389 1887 398 1 9 0
41 179152 1895 984 1 29 1
41 144619 1896 7505 1 1 0
41 164134 1896 356 1 9 1
41 161914 1899 4931 1 44 0
41 149532 1901 2506 1 11 1
41 150866 1901 6557 1 39 1
41 150995 1901 622 1 4 0
41 179787 1901 6012 1 2 1
41 159290 1903 8890 1 27 0
41 74857 1903 94 1 32 1
41 125631 1909 5177 1 18 0
41 143372 1910 7198 1 34 1
41 143769 1911 767 1 45 1
41 156485 1914 1724 1 7 0
41 178169 1915 5307 1 6 0
41 172182 1917 5703 1 12 1
41 111356 1919 1941 1 2 1
41 178928 1922 8121 1 1 0
41 118104 1923 2094 1 21 1
41 100510 1924 2148 1 23 0
41 171498 1928 2294 1 38 1
41 94088 1930 647 1 9 0
41 113172 1935 2512 1 12 1
41 106436 1938 908 1 37 1
41 71242 1950 3359 1 1 0
41 105009 1951 460 1 41 1
41 170814 1966 4038 1 7 1
41 60092 1968 1232 1 49 0
41 66127 1968 902 1 37 1
41 122509 1970 340 1 15 0
41 117657 1973 3636 1 51 1
41 179215 1973 5820 1 15 0
41 128756 1983 7363 1 19 0
41 178893 1983 7218 1 44 0
41 129861 1985 5351 1 23 1
41 124359 1988 3071 1 5 1
41 109633 1991 4008 1 42 1
41 79151 1993 2013 1 16 0
41 63888 1993 2658 1 6 1
41 172776 1994 9867 1 34 0
41 118428 1997 3477 1 34 1
41 88017 1998 2346 1 46 1
41 174471 1999 3885 1 43 0
41 146123 1999 1271 1 40 1
41 177416 2001 8448 1 4 1
41 126303 2003 5562 1 9 0
41 123909 2005 2151 1 35 1
41 157580 2007 5540 1 14 0
41 130162 2007 4273 1 9 1
41 139473 2009 3670 1 30 0
41 61301 2010 507 1 12 0
41 129782 2012 7165 1 24 0
41 107551 2016 5951 1 33 0
41 166326 2018 2221 1 25 1
41 96173 2019 1493 1 31 0
41 82827 2019 743 1 36 1
41 67343 2020 3186 1 10 1
41 83525 2021 4701 1 48 1
41 111713 2022 6658 1 24 0
41 66128 2024 1147 1 38 1
41 131273 2032 2317 1 21 1
41 90717 2034 2835 1 45 0
41 156617 2034 7808 1 8 0
41 99124 2036 1827 1 42 0
41 98894 2042 3121 1 14 0
41 113572 2043 979 1 26 1
41 119736 2043 6546 1 24 1
41 111157 2046 1700 1 41 0
41 146396 2046 6533 1 20 0
41 96692 2047 5469 1 43 0
41 163350 2049 206 1 49 1
41 165013 2050 3906 1 44 1
41 113228 2051 6184 1 43 0
41 134748 2052 4510 1 17 1
41 101385 2057 5453 1 48 0
41 157567 2058 2629 1 41 1
41 97960 2061 1881 1 5 0
41 173464 2064 4314 1 19 1
41 138594 2065 808 1 43 0
41 126518 2066 5650 1 6 0
41 112699 2074 3373 1 48 1
41 174199 2078 6760 1 15 1
41 99814 2079 1043 1 21 0
41 140779 2081 3753 1 44 0
41 130874 2081 7554 1 11 1
41 176217 2087 1667 1 16 1
41 61570 2087 919 1 14 0
41 127763 2096 4771 1 43 1
41 121444 2096 4958 1 42 0
41 80729 2097 296 1 43 1
41 85366 2100 3974 1 23 1
41 174198 2100 10259 1 17 1
41 179766 2111 5251 1 23 0
41 113743 2116 2103 1 28 0
41 74415 2116 257 1 48 1
41 157826 2120 1383 1 26 0
41 179515 2126 6432 1 36 1
41 137500 2127 4564 1 3 1
41 62230 2133 2201 1 38 0
41 143628 2133 8108 1 39 0
41 77569 2135 2185 1 29 0
41 171542 2136 689 1 26 1
41 101114 2141 3745 1 31 0
41 94012 2142 2167 1 33 1
41 70844 2142 3847 1 25 1
41 89727 2142 260 1 8 1
41 133986 2144 3655 1 29 0
41 62481 2144 476 1 27 1
41 138677 2146 6731 1 9 0
41 118825 2147 2920 1 4 0
41 162557 2148 7812 1 49 1
41 157548 2151 2999 1 30 1
41 161166 2153 6784 1 20 0
41 103131 2154 459 1 38 0
41 79332 2160 2987 1 43 0
41 159165 2162 180 1 12 0
41 105918 2177 3124 1 35 0
41 176890 2177 7365 1 36 1
41 86193 2178 1280 1 9 1
41 108156 2185 995 1 45 0
41 110931 2186 5637 1 44 1
41 132203 2186 3151 1 43 0
41 169526 2186 9598 1 7 0
41 165835 2187 8445 1 24 0
41 122496 2191 840 1 10 1
41 88506 2192 3281 1 3 0
41 109084 2193 2124 1 12 0
41 160906 2196 8744 1 43 1
41 173070 2198 9441 1 44 1
41 66885 2203 3228 1 6 1
41 129237 2204 5829 1 2 1
41 169880 2205 9070 1 12 0
41 110714 2205 6388 1 27 0
41 143367 2208 2787 1 36 1
41 73188 2213 2668 1 49 0
41 123152 2214 4377 1 32 1
41 154270 2215 987 1 21 1
41 115995 2216 1512 1 11 0
41 94239 2217 5068 1 29 1
41 128043 2218 5777 1 37 0
41 75420 2222 500 1 12 0
41 68480 2222 1912 1 48 1
41 100762 2227 1433 1 38 0
41 64404 2228 1149 1 26 1
41 79808 2238 3693 1 36 0
41 158435 2243 1940 1 47 0
41 73567 2246 1550 1 51 1
41 148157 2247 3941 1 43 0
41 158246 2249 5750 1 20 1
41 127154 2249 4357 1 2 1
41 68234 2250 1555 1 12 0
41 87682 2250 1988 1 1 1
41 113511 2252 1771 1 14 0
41 179648 2256 1874 1 23 0
41 72309 2256 2004 1 49 0
41 143114 2267 7950 1 42 1
41 121774 2268 7207 1 46 1
41 109321 2271 4337 1 47 1
41 172876 2273 3804 1 50 0
41 170989 2273 7009 1 47 0
41 120198 2275 5035 1 5 1
41 102185 2276 409 1 20 0
41 97414 2278 2097 1 23 0
41 75927 2284 4540 1 25 0
41 168209 2287 2724 1 33 1
41 161295 2294 676 1 4 1
41 140375 2297 1207 1 16 1
41 77988 2301 2692 1 13 0
41 89817 2302 3151 1 1 1
41 147763 2302 7720 1 16 1
41 72457 2304 1644 1 28 0
41 148268 2305 7058 1 44 1
41 73432 2307 810 1 23 0
41 172341 2314 4456 1 7 1
41 69267 2315 2538 1 16 0
41 123554 2320 6117 1 45 1
41 165123 2322 9461 1 5 1
41 119899 2331 708 1 29 0
41 117144 2332 4343 1 19 1
41 171728 2338 7944 1 4 0
41 165399 2340 8524 1 25 0
41 61884 2344 1168 1 26 0
41 94282 2344 4924 1 29 0
41 122833 2344 6356 1 50 0
41 84087 2345 4627 1 45 1
41 175926 2349 4429 1 32 1
41 157696 2359 7299 1 37 0
41 174875 2359 5639 1 3 1
41 124974 2363 6521 1 26 0
41 133596 2364 6196 1 12 1
41 87192 2376 3218 1 34 1
41 87340 2379 4087 1 31 0
41 115125 2382 2506 1 4 0
41 139363 2383 2800 1 50 1
41 75690 2384 2102 1 49 0
41 177900 2384 5188 1 28 0
41 66665 2391 669 1 4 0
41 110366 2393 4611 1 45 1
41 156422 2394 4326 1 23 1
41 155114 2400 3421 1 39 1
41 60807 2406 2145 1 9 0
41 95068 2407 2575 1 7 0
41 171411 2408 349 1 22 1
41 91844 2417 2408 1 38 1
41 85540 2417 247 1 4 1
41 126117 2418 5123 1 47 0
41 124895 2420 6833 1 51 1
41 94333 2422 5367 1 15 0
41 178332 2425 6365 1 6 0
41 110253 2427 1003 1 2 1
41 147583 2429 446 1 15 1
41 156474 2437 7716 1 7 1
41 87876 2437 4382 1 41 1
41 128063 2440 5882 1 20 1
41 167753 2441 5853 1 3 0
41 122725 2442 3950 1 28 1
41 136791 2447 6652 1 26 0
41 117303 2454 3008 1 35 0
41 151394 2459 3746 1 51 0
41 118704 2459 4440 1 39 1
41 166466 2461 1293 1 10 0
41 131188 2466 751 1 26 1
41 146778 2468 7925 1 23 0
41 144662 2469 7345 1 49 0
41 168937 2471 6901 1 34 0
41 146425 2471 8706 1 3 1
41 156505 2472 5379 1 43 1
41 61989 2474 885 1 4 1
41 136816 2474 910 1 7 0
41 115096 2475 5725 1 33 1
41 137421 2476 3570 1 22 0
41 151308 2478 3662 1 35 1
41 124707 2480 2910 1 45 1
41 61092 2484 3419 1 15 1
41 81004 2485 773 1 16 1
41 145494 2487 3362 1 17 1
41 92769 2487 3288 1 31 0
41 104229 2489 3084 1 25 0
41 153654 2491 2112 1 15 0
41 118108 2491 6851 1 6 1
41 82815 2491 3389 1 5 1
41 149114 2492 5330 1 26 1
41 145864 2493 2310 1 46 0
41 171447 2494 1819 1 48 1
41 99600 2495 5768 1 15 1
41 85087 2495 3908 1 4 1
41 165564 2496 5516 1 18 1
41 145422 2498 4935 1 48 1
41 109464 2498 1257 1 45 0
41 96290 2507 2485 1 15 0
41 84458 2512 1924 1 34 0
41 87640 2513 443 1 19 0
41 107798 2514 5251 1 12 1
41 67816 2517 3103 1 10 1
41 134299 2521 507 1 44 0
41 75141 2522 3313 1 29 1
41 102420 2522 2570 1 4 0
41 114947 2524 5917 1 4 1
41 78601 2524 2134 1 26 1
41 67781 2524 1273 1 21 0
41 107383 2525 5015 1 28 1
41 88545 2525 5188 1 10 1
41 116723 2526 6220 1 8 0
41 175733 2526 5546 1 48 0
41 148579 2531 4619 1 38 1
41 178173 2535 5733 1 20 1
41 116829 2536 5758 1 49 0
41 174430 2538 9983 1 31 0
41 170547 2539 1201 1 18 1
41 167154 2541 363 1 51 1
41 108861 2542 4638 1 33 0
41 91924 2544 2160 1 35 1
41 102301 2546 5951 1 24 1
41 138009 2548 3210 1 51 1
41 88704 2549 2353 1 17 0
41 131895 2550 6130 1 8 1
41 85179 2556 3594 1 11 0
41 72081 2560 3921 1 13 0
41 151616 2561 6160 1 27 1
41 72953 2563 4261 1 49 1
41 163805 2564 4845 1 29 0
41 160834 2564 4566 1 33 1
41 169249 2565 1979 1 18 0
41 65976 2565 830 1 32 1
41 93605 2567 2674 1 2 1
41 120917 2568 5307 1 10 0
41 170188 2570 891 1 8 1
41 158233 2572 5196 1 14 0
41 102457 2573 1378 1 42 1
41 150431 2580 4272 1 19 1
41 128565 2581 607 1 48 1
41 139871 2588 2869 1 37 1
41 71294 2588 2383 1 29 0
41 84953 2590 3954 1 30 1
41 162010 2594 4681 1 50 0
41 109795 2597 1832 1 49 0
41 133972 2600 6645 1 50 0
41 106145 2600 2847 1 46 0
41 105407 2606 4959 1 16 1
41 115839 2607 1219 1 45 0
41 149026 2607 7987 1 50 1
41 70577 2608 627 1 19 1
41 104312 2612 3017 1 7 1
41 70878 2614 3875 1 15 0
41 155215 2619 7295 1 20 0
41 100064 2621 1838 1 50 1
41 82249 2623 4450 1 32 0
41 105654 2624 4655 1 13 1
41 159332 2625 6822 1 11 1
41 132413 2628 5521 1 25 0
41 166350 2628 2428 1 42 0
41 148350 2630 5428 1 51 0
41 164083 2631 5083 1 16 1
41 115342 2631 3236 1 32 1
41 96257 2633 1646 1 32 0
41 107673 2633 3217 1 26 1
41 135275 2633 4062 1 37 1
41 115734 2634 3250 1 37 0
41 168224 2638 6801 1 26 1
41 77881 2638 1907 1 28 1
41 159961 2650 1476 1 21 0
41 149175 2654 6212 1 37 0
41 153195 2654 2078 1 24 1
41 134394 2654 3576 1 16 1
41 76905 2656 2585 1 51 0
41 87367 2656 2221 1 28 0
41 122912 2658 1538 1 11 1
41 171873 2659 9947 1 12 0
41 110188 2663 5798 1 31 0
41 80883 2669 256 1 26 0
41 157461 2669 3342 1 31 1
41 92733 2670 5302 1 48 1
41 104929 2673 989 1 30 1
41 172563 2674 8849 1 51 1
41 98751 2675 3521 1 44 1
41 176568 2676 482 1 3 1
41 116027 2681 5812 1 42 0
41 108189 2681 1888 1 13 0
41 86321 2681 4973 1 18 1
41 143896 2684 3802 1 13 0
41 65973 2684 1357 1 9 1
41 88579 2685 2041 1 29 0
41 116571 2685 6813 1 4 0
41 70052 2685 220 1 38 0
41 139066 2690 4072 1 12 0
41 84192 2692 4188 1 36 0
41 103357 2693 3404 1 16 0
41 177756 2695 685 1 35 0
41 151356 2698 3256 1 38 0
41 152441 2701 2586 1 1 1
41 68700 2705 3741 1 4 1
41 127019 2705 1484 1 32 1
41 165909 2706 4172 1 23 0
41 156301 2710 7972 1 17 0
41 122213 2715 2546 1 4 0
41 113588 2716 2641 1 24 0
41 149786 2717 5979 1 9 1
41 116749 2720 3915 1 9 1
41 104091 2721 1398 1 7 1
41 77657 2724 2064 1 25 1
41 119530 2724 5071 1 40 0
41 79634 2734 4276 1 29 1
41 165997 2736 5025 1 30 0
41 112680 2742 4399 1 23 1
41 123069 2748 3115 1 40 1
41 96202 2749 5200 1 43 0
41 146844 2758 2303 1 24 0
41 178678 2759 361 1 22 1
41 105167 2765 4898 1 32 0
41 118089 2767 5713 1 47 1
41 138666 2769 8153 1 48 1
41 175521 2769 9350 1 30 1
41 113069 2771 2310 1 16 0
41 101704 2771 3121 1 8 0
41 142294 2775 1201 1 7 0
41 125382 2779 6238 1 23 0
41 149936 2780 6088 1 11 0
41 110616 2782 3295 1 3 0
41 91477 2785 2098 1 23 0
41 117092 2787 6775 1 7 0
41 109912 2789 3525 1 46 1
41 89262 2790 3629 1 20 0
41 132790 2793 4280 1 35 1
41 82855 2794 1826 1 43 0
41 75512 2797 1335 1 46 1
41 60319 2798 1244 1 19 0
41 112886 2798 5837 1 41 0
41 92448 2801 3215 1 48 0
41 89259 2801 2275 1 45 1
41 60527 2803 2786 1 48 0
41 141057 2806 6017 1 32 0
41 72589 2807 3232 1 31 1
41 173486 2807 2744 1 5 0
41 122450 2808 3759 1 20 1
41 86735 2809 517 1 31 1
41 71150 2810 2639 1 31 0
41 84077 2813 3408 1 24 1
41 147778 2813 1940 1 50 0
41 114637 2816 2011 1 43 1
41 116987 2817 3394 1 19 1
41 139728 2818 7463 1 33 1
41 177292 2822 3353 1 50 0
41 104755 2823 3603 1 31 1
41 146725 2826 6050 1 14 0
41 73877 2831 1127 1 50 1
41 152325 2834 6647 1 43 1
41 65784 2839 3390 1 42 1
41 92427 2841 3635 1 39 0
41 140836 2847 4883 1 9 0
41 157536 2851 2934 1 6 0
41 70750 2851 1940 1 45 1
41 136293 2855 4875 1 35 0
41 135405 2856 1709 1 11 0
41 145035 2859 5085 1 14 0
41 66325 2859 936 1 40 0
41 162703 2860 7605 1 1 1
41 173752 2860 211 1 31 1
41 177825 2862 7721 1 32 0
41 164668 2862 7997 1 42 1
41 157626 2864 6812 1 32 0
41 160145 2866 4742 1 42 0
41 142344 2880 5291 1 34 1
41 90313 2882 4164 1 50 1
41 61668 2884 3261 1 13 1
41 153319 2886 4174 1 13 0
41 127744 2888 1096 1 44 1
41 93098 2888 1295 1 1 0
41 173954 2889 8246 1 16 1
41 154539 2900 1551 1 26 0
41 113917 2900 5486 1 40 0
41 87748 2902 158 1 34 0
41 65746 2908 380 1 25 1
41 108528 2908 3532 1 45 1
41 92812 2909 4099 1 14 0
41 90158 2922 1774 1 20 0
41 70881 2923 555 1 50 1
41 115055 2925 1585 1 49 0
41 61716 2930 2677 1 39 1
41 145076 2930 5167 1 23 1
41 103824 2943 263 1 4 1
41 143434 2943 1345 1 29 1
41 149715 2945 5086 1 30 1
41 143134 2949 903 1 4 1
41 132468 2950 586 1 8 1
41 60998 2952 2600 1 7 1
41 69922 2953 1466 1 25 1
41 133108 2955 1860 1 19 1
41 85468 2961 5011 1 20 0
41 77536 2963 3984 1 11 1
41 160250 2964 7849 1 23 1
41 127655 2966 3843 1 34 0
41 113976 2979 5043 1 32 1
41 167468 2982 1542 1 35 1
41 164112 2984 5672 1 16 0
41 162950 2985 5984 1 26 0
41 73309 2987 3953 1 14 0
41 166408 2993 2701 1 26 1
41 135809 2994 4476 1 50 1
41 130121 2996 2215 1 18 0
41 128970 2996 2169 1 30 0
41 145911 2998 2057 1 24 0
41 164309 3002 5898 1 6 1
41 102489 3012 598 1 20 0
41 146099 3013 8477 1 30 1
41 93064 3018 2409 1 32 1
41 135279 3024 7754 1 15 1
41 176894 3028 8467 1 51 1
41 92652 3028 3094 1 11 0
41 127592 3031 625 1 28 1
41 130064 3036 7619 1 22 1
41 130150 3038 1995 1 37 1
41 135878 3039 5239 1 43 1
41 71274 3039 2374 1 47 0
41 87199 3041 2982 1 4 1
41 94026 3043 3721 1 7 0
41 62381 3050 3623 1 11 1
41 93040 3051 4093 1 1 0
41 113886 3058 3570 1 35 1
41 97542 3062 331 1 24 1
41 61021 3063 1104 1 51 1
41 159649 3072 8709 1 41 0
41 71485 3076 3156 1 44 1
41 126158 3081 7089 1 17 0
41 122755 3081 5932 1 17 0
41 158141 3083 9040 1 50 0
41 160321 3083 7923 1 9 0
41 159743 3084 2015 1 11 0
41 164617 3085 8740 1 39 1
41 161426 3088 7443 1 16 0
41 179095 3090 1811 1 47 1
41 132025 3097 284 1 4 0
41 108506 3099 5521 1 37 0
41 157476 3100 1876 1 5 1
41 109951 3102 2814 1 13 1
41 130800 3102 6588 1 25 1
41 88374 3104 4673 1 45 0
41 112772 3106 6222 1 38 0
41 170138 3108 8616 1 30 1
41 76946 3109 2766 1 15 1
41 148697 3115 1348 1 45 0
41 160650 3116 3395 1 20 1
41 138863 3116 4937 1 29 0
41 127354 3117 3856 1 18 1
41 147629 3117 7303 1 36 0
41 144396 3120 6927 1 39 0
41 164349 3122 8327 1 24 0
41 160094 3123 2447 1 26 0
41 87459 3123 2407 1 9 1
41 96652 3131 3228 1 3 0
41 126845 3136 7275 1 42 1
41 69996 3136 1664 1 12 1
41 79908 3142 760 1 15 1
41 131331 3142 2661 1 5 0
41 103324 3145 3336 1 10 1
41 146029 3150 5396 1 24 1
41 159448 3154 1069 1 2 0
41 70031 3158 362 1 16 1
41 137562 3161 5951 1 25 0
41 82389 3164 624 1 10 1
41 113757 3165 5706 1 5 0
41 75081 3172 411 1 24 1
41 137847 3173 7954 1 28 1
41 156564 3173 6515 1 32 1
41 159868 3174 4944 1 6 0
41 92725 3176 2505 1 18 1
41 147003 3178 3426 1 20 0
41 127418 3179 4706 1 21 0
41 118720 3179 1428 1 27 0
41 174178 3180 1462 1 41 0
41 72192 3181 3737 1 30 0
41 60589 3182 1337 1 34 1
41 96043 3187 3619 1 20 1
41 165132 3189 5800 1 3 1
41 132918 3193 3472 1 51 1
41 136688 3193 4158 1 23 0
41 87214 3194 3591 1 20 0
41 171392 3195 8608 1 3 0
41 155976 3196 6750 1 39 0
41 118324 3200 315 1 19 0
41 84549 3201 4443 1 17 1
41 66305 3204 2038 1 40 1
41 83813 3209 1736 1 23 1
41 154068 3211 164 1 21 1
41 75116 3213 4399 1 26 0
41 100543 3215 4026 1 36 0
41 164673 3218 2724 1 7 1
41 97710 3219 4233 1 32 0
41 115126 3220 1984 1 22 1
41 141360 3221 4354 1 26 1
41 126563 3225 6561 1 43 1
41 140864 3225 1108 1 29 1
41 151540 3227 2284 1 34 1
41 74061 3235 709 1 26 1
41 69898 3235 296 1 13 1
41 120580 3236 6891 1 4 1
41 157185 3237 3226 1 20 0
41 107678 3238 1421 1 49 0
41 140490 3238 2407 1 42 0
41 91518 3240 4596 1 20 1
41 110610 3241 1670 1 45 1
41 131004 3246 2416 1 6 0
41 158913 3249 5241 1 9 1
41 65018 3251 2861 1 9 0
41 99683 3259 4495 1 30 1
41 135154 3267 2798 1 36 0
41 95897 3267 4685 1 6 1
41 114485 3268 1262 1 43 0
41 131235 3269 1173 1 31 0
41 136791 3270 5149 1 29 1
41 148748 3272 4833 1 9 1
41 159445 3274 3604 1 18 1
41 127059 3274 4751 1 4 0
41 71225 3275 3440 1 13 1
41 147424 3281 3875 1 5 1
41 144596 3283 6641 1 19 1
41 119410 3285 5676 1 3 1
41 122799 3291 6546 1 1 1
41 99100 3291 628 1 30 0
41 91365 3298 496 1 44 1
41 97502 3299 3400 1 17 0
41 164340 3301 8291 1 35 1
41 170086 3301 1445 1 3 0
41 108813 3305 2986 1 16 0
41 134400 3306 5155 1 43 1
41 80494 3309 1275 1 37 0
41 149532 3310 3125 1 35 1
41 113185 3312 3929 1 6 0
41 108601 3312 2211 1 29 0
41 142545 3314 1877 1 6 0
41 111580 3315 3858 1 41 1
41 104190 3320 1912 1 23 0
41 70979 3320 877 1 51 0
41 177897 3322 849 1 40 0
41 135271 3327 1072 1 5 0
41 114250 3328 1348 1 38 1
41 122552 3329 6054 1 35 1
41 65995 3332 1419 1 3 1
41 139863 3333 531 1 24 0
41 115772 3336 4190 1 13 1
41 110352 3336 335 1 47 0
41 79877 3336 1786 1 36 0
41 154803 3343 6966 1 40 0
41 116537 3347 1730 1 2 1
41 119604 3353 1553 1 37 1
41 99460 3353 431 1 16 1
41 108840 3357 5136 1 16 1
41 93204 3358 4741 1 8 1
41 66653 3358 1245 1 3 1
41 109537 3366 4281 1 25 1
41 139122 3372 7698 1 39 0
41 160643 3372 4213 1 17 1
41 139799 3375 7857 1 1 0
41 105719 3376 1859 1 24 0
41 141605 3380 1857 1 40 1
41 144750 3387 7482 1 43 1
41 152061 3390 296 1 34 0
41 97290 3393 4546 1 43 0
41 173283 3394 9309 1 11 1
41 154854 3395 6925 1 39 0
41 118323 3395 3402 1 26 0
41 164240 3396 6757 1 31 0
41 104497 3396 2683 1 11 0
41 127080 3397 2691 1 22 1
41 83223 3398 3541 1 3 1
41 176702 3399 8690 1 15 0
41 118977 3400 6757 1 15 1
41 67020 3400 780 1 14 1
41 127051 3403 2559 1 24 0
41 129702 3404 5683 1 3 1
41 93084 3405 2436 1 9 1
41 92489 3406 2886 1 14 0
41 72015 3407 783 1 6 0
41 86281 3411 1516 1 16 0
41 152707 3415 1470 1 37 1
41 89504 3416 3624 1 17 1
41 100076 3420 993 1 41 0
41 108694 3424 2162 1 30 0
41 156180 3426 4964 1 18 0
41 127381 3434 6400 1 16 0
41 164174 3437 6264 1 29 1
41 135399 3439 6472 1 47 0
41 153540 3440 6278 1 44 1
41 90977 3444 1475 1 29 0
41 130701 3444 4900 1 42 0
41 128417 3447 1207 1 43 1
41 170653 3449 7088 1 51 1
41 158663 3450 1359 1 49 0
41 162350 3453 2322 1 24 0
41 97359 3453 4156 1 16 0
41 155067 3453 4914 1 6 1
41 135557 3457 2990 1 31 0
41 72813 3457 530 1 45 1
41 164516 3459 4926 1 9 1
41 176031 3467 3546 1 6 0
41 72373 3468 2867 1 12 0
41 70389 3470 2852 1 11 0
41 106843 3480 5647 1 17 0
41 86145 3486 1677 1 37 0
41 152331 3488 7761 1 28 0
41 172150 3488 1190 1 6 1
41 107865 3499 5234 1 17 0
41 98497 3499 2100 1 22 1
41 76061 3501 3340 1 5 1
41 171788 3502 4817 1 49 0
41 158307 3508 6310 1 50 1
41 166143 3508 6720 1 22 0
41 155792 3512 2947 1 13 0
41 69792 3518 836 1 47 0
41 145234 3518 7010 1 26 1
41 161716 3521 590 1 30 1
41 147299 3521 8258 1 37 1
41 118588 3523 3730 1 31 1
41 86942 3526 2051 1 11 0
41 72314 3526 3543 1 9 0
41 163300 3528 2766 1 21 0
41 140845 3528 8389 1 35 1
41 96633 3529 3268 1 37 0
41 156068 3530 448 1 17 1
41 117413 3530 1541 1 24 1
41 126260 3531 6054 1 51 0
41 62697 3533 2475 1 41 1
41 155759 3534 6645 1 8 1
41 77981 3535 3557 1 34 0
41 64277 3537 73 1 12 0
41 94486 3537 2936 1 35 1
41 60895 3537 3529 1 8 1
41 171505 3538 2035 1 5 0
41 102543 3538 1339 1 45 0
41 105644 3539 1665 1 12 1
41 177319 3546 8959 1 33 0
41 132781 3551 6149 1 42 1
41 83867 3553 2464 1 13 1
41 175708 3559 3027 1 16 1
41 73729 3562 1687 1 42 1
41 115162 3563 2253 1 5 0
41 141520 3565 1407 1 17 1
41 141484 3570 7478 1 41 0
41 72209 3571 1736 1 39 0
41 177817 3571 3605 1 8 0
41 94889 3571 1023 1 28 0
41 85544 3577 259 1 43 1
41 87619 3577 1046 1 6 0
41 160996 3579 3053 1 6 0
41 78389 3585 4478 1 22 0
41 105638 3585 886 1 1 1
41 148841 3586 538 1 47 0
41 142337 3590 3685 1 44 0
41 112589 3593 3158 1 11 0
