1500
44 131397 1 6625 1 32 0
44 134250 3 5212 1 10 0
44 78102 3 1073 1 32 0
44 64011 5 2586 1 51 0
44 101191 5 2276 1 5 0
44 168595 5 9185 1 23 1
44 113659 6 3652 1 15 1
44 77043 7 3771 1 21 0
44 72045 9 77 1 44 1
44 105421 10 3801 1 47 0
44 82759 17 4641 1 48 0
44 79118 19 2842 1 49 0
44 155094 20 1550 1 34 1
44 71843 22 3533 1 20 1
44 138854 23 3789 1 39 0
44 67777 24 3082 1 1 0
44 155068 24 8163 1 33 1
44 162518 26 5469 1 37 0
44 75203 31 3890 1 25 1
44 120059 33 2270 1 32 0
44 95988 34 1821 1 7 1
44 103710 35 5843 1 18 1
44 67215 35 1898 1 37 1
44 142273 39 689 1 51 1
44 163851 42 4746 1 7 0
44 66092 47 529 1 31 1
44 115907 49 4916 1 38 1
44 110096 51 1493 1 4 0
44 76140 53 3820 1 28 0
44 133850 55 7226 1 17 0
44 108051 55 250 1 47 0
44 165288 56 7712 1 9 1
44 78560 57 4051 1 45 1
44 151093 60 2266 1 21 1
44 134595 64 1465 1 28 0
44 75387 65 2115 1 16 1
44 111882 65 2390 1 11 1
44 97713 67 3876 1 41 0
44 76857 68 128 1 14 1
44 76782 71 3298 1 27 1
44 105741 72 4155 1 16 1
44 141994 75 8205 1 51 1
44 148527 76 5526 1 42 1
44 178969 78 4890 1 29 1
44 147834 79 5078 1 39 0
44 173616 80 3240 1 10 0
44 83458 82 4794 1 15 1
44 164686 83 3890 1 1 0
44 70585 103 2023 1 2 0
44 157359 103 3962 1 50 1
44 92055 110 4195 1 3 0
44 69194 114 3527 1 9 1
44 133640 119 7327 1 7 0
44 125211 120 3271 1 42 1
44 175293 125 10100 1 9 0
44 111195 125 3912 1 27 0
44 103016 129 4405 1 29 0
44 137195 131 7898 1 25 0
44 133453 131 7847 1 31 1
44 170990 133 739 1 14 0
44 158786 135 7219 1 16 1
44 160945 138 5254 1 30 1
44 169804 144 2268 1 28 0
44 169957 144 8613 1 49 0
44 147028 144 7395 1 1 0
44 93195 145 773 1 15 0
44 169098 153 4904 1 45 0
44 115288 153 4644 1 5 0
44 116310 158 1980 1 31 1
44 77159 158 1230 1 22 1
44 137905 159 5566 1 8 0
44 73215 160 1488 1 39 0
44 103702 163 4368 1 5 0
44 146958 163 727 1 11 0
44 95714 165 2893 1 19 1
44 150564 167 8675 1 16 0
44 152555 168 1697 1 50 1
44 163814 171 4010 1 22 0
44 116919 172 6562 1 9 1
44 134923 173 390 1 11 0
44 137775 177 2633 1 31 1
44 179990 178 10480 1 47 1
44 175491 181 6487 1 43 0
44 64343 183 2459 1 9 0
44 107940 188 1614 1 18 1
44 128361 190 7660 1 44 0
44 90384 193 4366 1 44 1
44 76492 196 860 1 15 1
44 143613 197 7007 1 43 1
44 112156 198 837 1 30 0
44 145390 198 5646 1 12 0
44 161893 199 2702 1 11 0
44 143347 200 4103 1 17 0
44 144400 201 6858 1 40 0
44 88085 201 2757 1 38 1
44 93785 213 3427 1 42 1
44 126985 214 3582 1 37 0
44 163871 218 7336 1 30 1
44 165609 218 7370 1 11 0
44 159829 218 4824 1 3 1
44 133854 220 7656 1 48 1
44 165774 223 9589 1 10 0
44 70561 224 2560 1 26 0
44 132482 225 7160 1 24 1
44 150765 226 1991 1 43 1
44 144829 234 2633 1 11 1
44 169119 235 7743 1 38 0
44 117244 244 3455 1 2 1
44 167273 247 3171 1 42 1
44 91653 247 4691 1 28 0
44 130038 249 986 1 51 1
44 98147 250 5850 1 38 0
44 175504 251 3709 1 22 0
44 179762 253 10183 1 38 1
44 110273 255 4442 1 2 1
44 109360 259 917 1 2 0
44 125677 263 5266 1 48 0
44 79070 263 483 1 2 1
44 171925 264 4356 1 51 0
44 172397 265 9219 1 26 0
44 92353 265 4611 1 3 1
44 63995 266 412 1 26 0
44 168898 267 6799 1 14 1
44 69638 272 1668 1 30 1
44 135995 276 7608 1 46 0
44 76926 282 2127 1 22 0
44 118154 283 1788 1 14 0
44 115425 290 2128 1 8 1
44 106802 296 1754 1 21 0
44 83732 297 684 1 40 0
44 152695 297 331 1 12 0
44 83975 298 627 1 3 0
44 112671 301 723 1 29 1
44 87176 302 5155 1 6 1
44 95634 302 5190 1 46 1
44 164808 303 6588 1 23 1
44 108431 304 1812 1 47 1
44 117001 305 3437 1 27 0
44 103290 306 2394 1 23 1
44 163073 306 2498 1 25 1
44 94687 310 4960 1 29 0
44 82020 316 4526 1 23 0
44 69170 316 1365 1 37 1
44 62516 318 3569 1 6 1
44 168599 319 5963 1 49 0
44 116688 321 2917 1 9 1
44 65784 326 218 1 26 0
44 86353 326 3014 1 10 0
44 146906 328 3523 1 48 1
44 121666 330 3834 1 41 0
44 154570 332 4515 1 40 0
44 108651 334 383 1 44 0
44 165248 338 5793 1 45 0
44 92635 338 1267 1 36 1
44 100448 339 1000 1 14 1
44 92785 342 3528 1 33 1
44 70275 345 767 1 32 1
44 80401 350 4617 1 27 0
44 78957 353 3158 1 9 0
44 67225 354 2984 1 3 0
44 123320 356 5141 1 11 1
44 155433 359 8189 1 25 0
44 92344 359 4640 1 6 1
44 172247 359 8212 1 43 1
44 92580 359 3140 1 24 1
44 73424 361 4141 1 2 1
44 81150 361 1399 1 13 1
44 75420 364 1437 1 43 1
44 113644 364 3585 1 16 0
44 133315 365 6004 1 6 0
44 157579 366 3207 1 12 1
44 88427 369 789 1 29 1
44 82254 369 3896 1 25 1
44 120051 371 1183 1 47 1
44 81618 371 2415 1 15 0
44 116741 371 4581 1 45 0
44 98553 373 5175 1 12 1
44 155171 375 3616 1 32 1
44 117170 380 986 1 40 0
44 81873 381 1661 1 30 0
44 88303 383 3855 1 27 0
44 162110 386 1878 1 50 1
44 97168 393 1810 1 26 0
44 167076 394 2382 1 39 1
44 160252 395 6148 1 25 0
44 143586 395 354 1 31 1
44 156669 401 5051 1 47 1
44 74106 405 932 1 29 1
44 60854 407 1830 1 31 1
44 124015 408 1361 1 49 0
44 80874 411 4069 1 29 0
44 126906 415 7244 1 23 1
44 176432 416 6106 1 40 1
44 171312 417 4235 1 39 1
44 110962 422 5001 1 31 1
44 114055 423 3988 1 29 1
44 98792 423 2415 1 16 0
44 173433 424 1814 1 34 1
44 173410 425 736 1 16 1
44 112200 427 3830 1 28 0
44 157574 427 8421 1 3 0
44 108091 429 3793 1 27 1
44 139394 429 756 1 9 1
44 80776 432 2180 1 37 1
44 100569 432 1101 1 22 1
44 111670 435 1523 1 41 1
44 72141 441 374 1 22 0
44 60905 442 2077 1 50 1
44 166825 444 2812 1 14 0
44 92806 444 2263 1 27 1
44 143067 445 5000 1 30 0
44 170698 451 3101 1 28 1
44 60778 454 3570 1 35 0
44 100574 455 1207 1 51 0
44 117741 460 4771 1 5 1
44 167748 462 5675 1 32 0
44 101857 463 3706 1 3 0
44 82743 470 2134 1 27 0
44 165011 472 4590 1 49 1
44 143274 475 2049 1 32 0
44 153384 478 8248 1 18 0
44 80282 483 3826 1 2 0
44 68712 487 439 1 1 1
44 94701 489 340 1 20 1
44 98905 492 1255 1 50 1
44 111621 494 3141 1 24 1
44 108894 496 1641 1 14 0
44 103914 497 2669 1 4 1
44 66974 498 2355 1 39 1
44 169203 502 8815 1 21 0
44 159620 503 3802 1 18 0
44 91712 504 1886 1 23 1
44 133852 508 1633 1 18 1
44 104593 508 3039 1 45 0
44 157641 508 3245 1 28 1
44 91133 511 5062 1 18 0
44 96799 511 3594 1 27 0
44 68698 512 480 1 18 0
44 164485 512 215 1 34 0
44 109512 512 528 1 46 1
44 160687 513 7163 1 36 0
44 74573 518 4103 1 14 1
44 143834 523 5064 1 34 0
44 178699 523 4149 1 4 1
44 165009 526 4781 1 9 1
44 89494 527 1179 1 11 0
44 92819 529 1183 1 10 1
44 77466 529 1763 1 22 1
44 173260 533 6457 1 48 1
44 169398 534 580 1 38 1
44 153559 537 5659 1 24 1
44 81103 537 3995 1 51 1
44 178384 539 9537 1 30 1
44 133507 540 3692 1 30 0
44 96618 548 4833 1 16 0
44 127043 548 4529 1 47 1
44 100510 549 669 1 47 0
44 93351 552 608 1 47 0
44 142221 554 3975 1 50 1
44 129674 556 5301 1 6 0
44 159331 557 3010 1 40 0
44 159317 561 9268 1 8 1
44 96799 563 3371 1 14 1
44 147214 567 5216 1 13 0
44 148522 567 2649 1 28 1
44 113992 568 5764 1 19 1
44 177321 569 9971 1 2 0
44 122285 569 4743 1 30 0
44 121604 569 2936 1 8 0
44 168936 573 3847 1 4 1
44 128568 575 2236 1 38 1
44 101550 576 4274 1 15 0
44 83228 580 1859 1 10 0
44 107480 584 2387 1 19 1
44 73988 585 4193 1 11 0
44 108201 586 2001 1 40 1
44 95640 588 1408 1 20 0
44 84620 601 3912 1 17 1
44 83133 602 1709 1 46 0
44 87432 605 2965 1 5 1
44 143665 614 5492 1 6 1
44 162195 615 1765 1 32 1
44 68614 615 531 1 6 1
44 101343 619 258 1 17 1
44 136640 619 1769 1 45 1
44 84644 620 3434 1 41 1
44 148825 622 5028 1 26 0
44 118970 624 3928 1 30 0
44 115604 628 278 1 9 0
44 84524 629 4356 1 3 0
44 133152 632 1655 1 35 1
44 101709 639 3209 1 48 1
44 101171 639 3413 1 20 1
44 78144 641 4159 1 29 1
44 94883 647 2274 1 43 1
44 140948 649 6700 1 33 1
44 71086 654 3099 1 44 0
44 168169 664 5120 1 48 0
44 91570 665 5322 1 23 0
44 132041 669 5865 1 21 0
44 116183 675 4875 1 24 1
44 117262 678 5813 1 6 1
44 94761 681 1480 1 7 1
44 136329 683 2273 1 5 0
44 60213 685 1301 1 4 0
44 160731 688 1243 1 5 0
44 94888 689 5446 1 17 0
44 123343 693 591 1 1 0
44 145702 697 2583 1 6 0
44 136102 698 878 1 15 1
44 109339 698 5829 1 3 0
44 76473 701 853 1 33 0
44 110535 704 2555 1 25 1
44 122266 704 2343 1 20 1
44 97078 705 1218 1 43 1
44 129040 707 6604 1 26 0
44 103230 708 4128 1 25 1
44 88361 714 351 1 30 1
44 157819 718 2297 1 28 1
44 66997 723 3153 1 4 0
44 87521 724 3080 1 2 1
44 145074 725 2442 1 30 0
44 91618 742 826 1 43 1
44 137633 742 1223 1 47 0
44 141567 743 8435 1 25 0
44 160842 750 9377 1 49 1
44 97016 754 3831 1 50 0
44 68211 758 1304 1 8 0
44 156074 760 4592 1 45 0
44 129382 763 7474 1 24 1
44 77220 766 4313 1 6 1
44 179406 768 6551 1 31 0
44 119477 772 212 1 31 0
44 89502 773 3661 1 6 0
44 123697 778 3104 1 40 0
44 110453 781 4278 1 29 1
44 68299 781 2567 1 48 1
44 146222 782 7798 1 43 0
44 167741 783 7973 1 7 1
44 157303 785 6176 1 16 1
44 127580 785 2282 1 9 0
44 142592 791 8433 1 43 0
44 174399 793 643 1 23 1
44 78937 795 2629 1 42 1
44 95211 798 596 1 2 0
44 127398 801 2495 1 7 0
44 169031 812 8570 1 48 0
44 65142 813 3163 1 42 0
44 66638 815 338 1 28 0
44 138470 817 3067 1 9 1
44 173940 817 2538 1 48 1
44 115836 818 5317 1 7 1
44 178381 821 2768 1 3 0
44 134778 822 713 1 26 0
44 90866 823 319 1 35 1
44 138666 828 955 1 5 0
44 147542 829 6848 1 12 0
44 146176 831 2262 1 16 1
44 79484 833 718 1 23 0
44 88514 835 4330 1 3 0
44 173377 835 7515 1 33 1
44 81975 837 1161 1 25 1
44 143320 838 667 1 19 0
44 82876 843 848 1 2 0
44 141535 846 6999 1 44 1
44 106671 852 3211 1 43 0
44 163162 854 7074 1 40 1
44 74355 860 4079 1 47 1
44 141555 862 5533 1 51 0
44 141193 862 3394 1 44 1
44 82623 862 1896 1 50 1
44 92945 866 772 1 18 1
44 143808 876 3218 1 44 1
44 136892 879 1830 1 22 1
44 120986 893 1363 1 22 1
44 111514 894 1125 1 28 1
44 167416 895 3716 1 9 0
44 80629 900 1420 1 38 0
44 123983 901 6864 1 40 0
44 144788 906 8566 1 36 0
44 142823 909 2827 1 20 1
44 143023 910 4067 1 25 0
44 161532 910 6089 1 47 0
44 145277 911 5091 1 16 1
44 125419 915 5061 1 23 0
44 96507 915 748 1 27 1
44 70678 915 3995 1 15 1
44 64878 916 398 1 6 0
44 119275 917 2611 1 40 0
44 81240 918 3249 1 23 1
44 158138 918 1982 1 15 0
44 156966 923 869 1 31 0
44 132399 924 3148 1 41 1
44 168923 926 3518 1 48 1
44 129610 927 4422 1 26 1
44 119283 930 3561 1 42 0
44 89973 934 4992 1 7 0
44 100965 942 2799 1 26 1
44 89277 944 1686 1 31 1
44 145140 945 3764 1 2 1
44 167222 946 1335 1 48 0
44 98468 947 4541 1 51 0
44 171205 950 4595 1 10 1
44 134615 952 6026 1 2 1
44 89010 954 118 1 11 0
44 68269 954 2082 1 2 1
44 110440 955 119 1 35 0
44 70034 957 741 1 37 1
44 176937 962 6449 1 16 0
44 159532 962 2440 1 35 0
44 103759 970 5960 1 43 1
44 66001 971 1409 1 31 1
44 177259 972 7622 1 9 1
44 64884 974 3365 1 33 0
44 74363 976 4017 1 17 1
44 112698 979 4916 1 48 1
44 83912 980 2947 1 36 1
44 145569 981 6644 1 49 1
44 134735 984 3651 1 21 1
44 78638 984 2511 1 22 1
44 92116 987 2236 1 29 1
44 147304 998 3839 1 7 0
44 126845 1004 2636 1 41 1
44 126661 1006 6751 1 42 0
44 73794 1007 2557 1 28 1
44 170922 1008 7029 1 23 0
44 130275 1008 2477 1 29 1
44 121155 1011 2461 1 51 1
44 68388 1011 98 1 27 0
44 145347 1014 8685 1 35 0
44 101009 1014 5522 1 13 1
44 165544 1015 624 1 49 0
44 143340 1016 5371 1 20 1
44 127948 1017 7598 1 9 0
44 71408 1022 244 1 16 1
44 172463 1022 1348 1 32 0
44 98241 1023 3644 1 18 0
44 173956 1026 4203 1 38 0
44 61308 1028 709 1 38 0
44 108768 1028 3767 1 6 1
44 128905 1032 6772 1 31 1
44 101224 1032 4155 1 34 1
44 129345 1033 6073 1 18 1
44 98975 1035 2046 1 37 0
44 134520 1041 3131 1 46 0
44 84458 1042 4525 1 41 0
44 142367 1042 6327 1 6 0
44 169244 1042 2388 1 41 1
44 116474 1042 3868 1 43 1
44 83508 1045 3257 1 24 0
44 131159 1046 134 1 42 1
44 61970 1060 565 1 7 1
44 172407 1063 8867 1 20 1
44 69942 1065 3075 1 47 0
44 65325 1065 293 1 13 1
44 81019 1066 2218 1 12 1
44 134349 1068 1606 1 11 1
44 104106 1068 4731 1 32 1
44 108742 1068 2702 1 9 1
44 99834 1072 495 1 38 0
44 178628 1074 4166 1 15 0
44 63771 1074 1320 1 2 1
44 144278 1078 4188 1 49 0
44 149217 1079 8813 1 21 0
44 149009 1082 7190 1 17 1
44 90509 1085 463 1 11 0
44 160548 1086 8383 1 27 1
44 75596 1087 2220 1 6 0
44 175772 1087 2873 1 38 1
44 69559 1087 3874 1 36 0
44 63198 1088 3746 1 19 1
44 89534 1090 3925 1 7 0
44 74533 1095 1306 1 16 0
44 154138 1097 7082 1 44 0
44 176753 1099 5852 1 21 0
44 121328 1102 2132 1 40 0
44 88077 1105 2482 1 38 1
44 111334 1109 1607 1 43 1
44 100227 1109 4441 1 9 0
44 176933 1113 5423 1 16 1
44 128478 1114 7124 1 44 0
44 122324 1120 302 1 24 1
44 149213 1136 217 1 28 0
44 141423 1137 8138 1 12 1
44 112737 1141 1369 1 35 0
44 85955 1142 662 1 10 1
44 145029 1143 920 1 31 1
44 163825 1147 9409 1 16 1
44 65798 1148 2193 1 23 0
44 74581 1151 1291 1 50 1
44 162472 1153 8932 1 51 0
44 89347 1158 2527 1 48 1
44 138033 1158 2226 1 26 1
44 72908 1158 3172 1 49 1
44 167600 1159 10035 1 16 1
44 148319 1160 5334 1 24 0
44 175628 1162 529 1 14 0
44 103630 1168 2856 1 40 0
44 117299 1168 3517 1 9 1
44 144920 1174 5862 1 33 1
44 147674 1175 6297 1 47 1
44 137156 1185 2911 1 7 0
44 110207 1185 3204 1 43 0
44 178847 1186 8270 1 43 1
44 74996 1198 1077 1 51 1
44 169214 1204 4654 1 30 0
44 134999 1205 1415 1 51 1
44 157442 1208 8920 1 44 0
44 130998 1212 5763 1 13 0
44 96837 1214 1789 1 17 0
44 83584 1215 928 1 30 1
44 162551 1217 3291 1 46 0
44 138456 1217 4121 1 22 0
44 139155 1219 2505 1 2 0
44 101342 1223 5979 1 32 1
44 174242 1224 5568 1 26 0
44 61754 1224 423 1 38 1
44 138016 1228 4453 1 33 1
44 178031 1228 7578 1 9 1
44 127213 1229 2498 1 5 0
44 163932 1231 1137 1 36 0
44 131299 1231 5279 1 4 0
44 159027 1234 7440 1 38 0
44 165259 1236 7401 1 33 1
44 155968 1238 4495 1 19 1
44 102568 1241 1481 1 51 1
44 119502 1245 401 1 11 1
44 169953 1247 4915 1 31 1
44 107119 1248 251 1 25 1
44 137827 1248 2085 1 41 1
44 179684 1251 9785 1 3 1
44 119702 1254 6718 1 51 1
44 179933 1257 2598 1 38 1
44 85358 1264 181 1 18 0
44 151845 1266 3157 1 32 0
44 128877 1267 437 1 51 1
44 179065 1268 9863 1 49 1
44 88057 1268 3791 1 37 1
44 96611 1268 2118 1 30 1
44 111785 1269 196 1 50 0
44 82791 1271 3877 1 44 0
44 67964 1273 1668 1 17 0
44 116138 1274 1904 1 32 0
44 167777 1276 8439 1 32 0
44 105324 1277 4790 1 3 1
44 89025 1279 5059 1 49 1
44 89119 1281 2358 1 16 1
44 88837 1281 1327 1 34 0
44 105013 1284 375 1 9 1
44 159765 1286 1261 1 31 0
44 93281 1290 2786 1 7 1
44 147066 1292 8603 1 35 0
44 151687 1292 8361 1 31 0
44 126391 1293 1564 1 9 1
44 85904 1296 1629 1 39 0
44 97158 1296 4889 1 41 1
44 67301 1297 3078 1 51 0
44 126123 1300 1674 1 27 0
44 112250 1300 1315 1 2 1
44 132542 1305 3744 1 8 1
44 174416 1308 2042 1 12 1
44 99339 1308 3592 1 4 1
44 64247 1309 2218 1 25 0
44 160460 1309 594 1 9 1
44 126937 1318 4975 1 43 0
44 120195 1319 348 1 23 1
44 134621 1321 3350 1 33 1
44 84463 1322 2226 1 39 0
44 102886 1322 2673 1 15 1
44 116982 1324 4575 1 10 1
44 165585 1324 2576 1 19 1
44 97382 1329 2477 1 13 1
44 123170 1332 2882 1 42 1
44 151536 1332 6145 1 30 0
44 98376 1333 3602 1 18 0
44 144861 1334 5119 1 8 1
44 155060 1334 7348 1 34 1
44 70518 1336 2298 1 41 0
44 115812 1340 1219 1 27 1
44 160351 1349 4011 1 35 1
44 94940 1351 1492 1 24 1
44 82210 1352 4084 1 41 1
44 99842 1355 923 1 22 1
44 164366 1356 5300 1 37 0
44 150403 1360 8904 1 11 0
44 157650 1366 4812 1 20 0
44 142098 1370 2968 1 11 1
44 151992 1375 8101 1 49 1
44 177864 1383 8852 1 25 0
44 76597 1386 468 1 24 1
44 123917 1386 3894 1 43 1
44 97814 1394 5417 1 1 0
44 171695 1396 1860 1 30 1
44 86579 1402 2649 1 29 1
44 82759 1402 1275 1 6 0
44 155029 1416 6879 1 8 1
44 96885 1417 362 1 48 1
44 93195 1417 5582 1 16 1
44 63838 1417 3284 1 39 1
44 109978 1417 2047 1 21 0
44 97089 1420 5182 1 51 0
44 140066 1423 1112 1 37 0
44 89008 1424 1682 1 48 1
44 81978 1424 1871 1 23 1
44 177059 1429 1905 1 31 0
44 154948 1430 2956 1 26 1
44 170076 1431 6269 1 20 1
44 129986 1435 4436 1 4 0
44 100875 1436 4282 1 9 1
44 178194 1439 4815 1 1 0
44 131200 1441 4870 1 43 1
44 100707 1443 1233 1 25 0
44 129336 1447 3239 1 26 1
44 62433 1447 380 1 43 0
44 62683 1456 3607 1 16 0
44 136566 1457 6339 1 14 0
44 77468 1458 574 1 23 0
44 82637 1458 1462 1 20 0
44 74238 1459 918 1 16 0
44 88413 1464 4037 1 40 1
44 172407 1465 3580 1 35 0
44 110155 1468 2391 1 31 1
44 118409 1468 6228 1 25 0
44 87925 1471 245 1 41 0
44 165641 1471 4484 1 35 1
44 73891 1474 3038 1 23 1
44 145813 1475 173 1 6 1
44 69307 1479 2391 1 50 1
44 131120 1480 2266 1 45 0
44 107027 1480 3538 1 32 0
44 165569 1480 3518 1 35 1
44 124620 1480 1791 1 28 0
44 173640 1481 5052 1 19 1
44 179381 1484 6622 1 19 0
44 135526 1486 1418 1 19 1
44 63106 1492 3149 1 26 0
44 83784 1494 388 1 22 1
44 93678 1495 4742 1 23 1
44 144367 1500 4590 1 29 0
44 179299 1501 2962 1 34 0
44 132060 1505 1147 1 7 1
44 144654 1505 1235 1 45 1
44 164589 1509 2296 1 35 0
44 125256 1510 4006 1 12 1
44 70460 1510 2919 1 42 0
44 104788 1510 2015 1 29 0
44 151664 1511 4186 1 25 0
44 127923 1513 1237 1 20 0
44 91979 1514 1714 1 10 0
44 146156 1518 3980 1 48 0
44 165902 1522 590 1 16 1
44 102153 1527 3202 1 47 1
44 95233 1527 889 1 28 0
44 132278 1528 556 1 23 0
44 156832 1529 3807 1 11 0
44 119902 1532 2095 1 7 1
44 165470 1534 6115 1 50 1
44 110676 1538 926 1 15 1
44 173508 1538 6889 1 29 1
44 161018 1539 6531 1 28 0
44 60027 1540 2808 1 29 1
44 102479 1542 1868 1 45 0
44 70795 1544 176 1 18 1
44 65157 1548 983 1 10 1
44 108520 1552 2798 1 19 0
44 176511 1553 1234 1 30 1
44 121399 1555 4297 1 30 1
44 83039 1556 1187 1 45 0
44 123896 1563 5189 1 32 0
44 120942 1565 5721 1 19 1
44 178171 1567 1437 1 43 0
44 124896 1567 6762 1 28 0
44 158217 1570 1801 1 25 0
44 163447 1573 1082 1 26 0
44 74106 1574 1199 1 6 0
44 65395 1579 324 1 5 0
44 66386 1579 1645 1 14 0
44 86736 1580 4525 1 27 0
44 155409 1581 1922 1 21 0
44 91874 1581 2931 1 13 0
44 132300 1588 7187 1 36 0
44 88668 1588 1390 1 7 0
44 95465 1590 4490 1 35 0
44 107827 1592 4587 1 34 1
44 125528 1593 5513 1 30 0
44 152751 1597 910 1 33 0
44 128819 1604 1801 1 23 1
44 102998 1606 4108 1 3 1
44 156985 1606 7951 1 50 1
44 172299 1606 5862 1 23 1
44 79571 1609 4633 1 47 1
44 136116 1610 590 1 30 0
44 137399 1619 488 1 9 1
44 113908 1622 208 1 22 1
44 99913 1623 4586 1 36 0
44 86437 1627 5068 1 50 0
44 165425 1627 9079 1 7 0
44 171171 1628 9275 1 50 0
44 88500 1629 2314 1 1 1
44 177774 1635 10441 1 22 0
44 121801 1636 6048 1 3 0
44 172507 1637 4686 1 41 0
44 150898 1642 5646 1 24 0
44 89024 1642 4942 1 47 0
44 112757 1644 3874 1 19 1
44 118021 1650 5407 1 9 0
44 179529 1650 10234 1 48 0
44 159838 1654 1681 1 27 1
44 157693 1657 8657 1 27 0
44 117939 1662 1382 1 44 1
44 75760 1662 97 1 32 0
44 130751 1663 1288 1 34 1
44 101863 1663 5448 1 22 0
44 70708 1664 885 1 37 0
44 171504 1667 6465 1 17 0
44 67953 1668 3809 1 4 1
44 105344 1668 4740 1 9 1
44 64213 1669 1895 1 13 0
44 135177 1669 3869 1 47 0
44 127069 1676 7167 1 30 1
44 80085 1677 1680 1 28 1
44 101156 1678 2408 1 37 0
44 70514 1679 3851 1 50 0
44 100684 1681 3498 1 22 0
44 114388 1681 6323 1 23 1
44 166780 1684 7361 1 23 0
44 179099 1689 3882 1 18 1
44 153297 1692 8992 1 29 1
44 68302 1702 184 1 42 0
44 148847 1704 6836 1 51 0
44 85265 1705 4138 1 19 0
44 149454 1706 6998 1 23 1
44 86788 1711 2629 1 2 0
44 132240 1712 7396 1 48 0
44 160584 1712 8851 1 39 1
44 177839 1713 5882 1 34 0
44 143848 1714 840 1 32 0
44 127222 1717 6790 1 5 1
44 119300 1717 1899 1 17 0
44 101614 1718 1462 1 31 0
44 142914 1718 2676 1 44 0
44 86822 1720 3060 1 50 0
44 121467 1723 6006 1 17 1
44 164437 1726 3936 1 2 1
44 79830 1728 4064 1 31 0
44 97533 1731 289 1 34 1
44 106320 1734 5742 1 47 1
44 147170 1744 4796 1 6 0
44 172991 1745 4960 1 47 1
44 72105 1746 3226 1 50 1
44 105086 1746 1310 1 21 1
44 96047 1746 3142 1 6 1
44 77155 1750 2006 1 16 0
44 157882 1751 6898 1 12 0
44 134680 1755 3267 1 6 0
44 169010 1756 6184 1 45 1
44 88087 1757 4762 1 23 0
44 155776 1762 8319 1 28 0
44 139673 1763 3942 1 47 0
44 83552 1764 1802 1 2 0
44 125999 1768 1885 1 49 1
44 127255 1771 667 1 16 1
44 118821 1771 4543 1 36 0
44 177150 1774 10553 1 34 0
44 108373 1776 4693 1 20 0
44 64269 1779 1256 1 18 0
44 97373 1788 4689 1 28 0
44 111980 1788 6630 1 46 0
44 153983 1792 7326 1 40 1
44 128960 1797 1404 1 44 0
44 111283 1799 2839 1 2 1
44 107580 1799 1396 1 27 0
44 81678 1811 4524 1 6 1
44 104839 1812 2924 1 48 0
44 133791 1815 4046 1 2 1
44 153326 1821 3989 1 2 0
44 132875 1829 6593 1 13 1
44 159178 1832 7459 1 30 0
44 125189 1835 5803 1 31 1
44 170672 1837 5419 1 6 1
44 92661 1841 3793 1 23 1
44 117337 1842 5963 1 4 1
44 117946 1843 6237 1 40 0
44 140277 1844 3217 1 3 0
44 65932 1846 822 1 27 1
44 139639 1846 4773 1 41 0
44 178920 1851 8208 1 48 0
44 142639 1859 5990 1 22 0
44 84898 1860 1558 1 28 1
44 162384 1860 8886 1 13 0
44 179891 1870 8106 1 30 0
44 80663 1871 4827 1 37 1
44 78266 1875 89 1 33 1
44 147458 1876 3138 1 9 1
44 175325 1877 9791 1 1 0
44 96479 1878 5412 1 33 1
44 80424 1879 1295 1 39 0
44 152050 1879 2001 1 19 0
44 100115 1884 4677 1 4 1
44 77748 1886 2387 1 50 1
44 65702 1893 940 1 35 1
44 163411 1897 513 1 44 1
44 178405 1897 8280 1 49 0
44 110036 1898 3601 1 41 0
44 168755 1898 1136 1 24 0
44 67958 1900 733 1 1 0
44 105030 1901 1143 1 34 0
44 85351 1901 1276 1 10 1
44 134348 1902 6897 1 35 1
44 171295 1904 6545 1 23 1
44 75863 1905 3081 1 30 0
44 61318 1906 3412 1 2 0
44 131184 1906 6759 1 30 0
44 129061 1908 1604 1 7 0
44 154207 1910 5668 1 30 0
44 176768 1920 2483 1 32 0
44 115151 1924 1731 1 16 1
44 94224 1924 544 1 6 1
44 138426 1926 6495 1 25 1
44 135883 1929 2766 1 34 1
44 176494 1929 1787 1 11 0
44 121380 1931 3776 1 11 0
44 117956 1931 5304 1 10 0
44 78693 1933 3921 1 16 0
44 116852 1933 2097 1 7 0
44 123683 1935 4460 1 47 1
44 103951 1937 5549 1 22 1
44 73474 1941 2695 1 36 1
44 153769 1944 6073 1 49 1
44 125276 1944 2265 1 51 0
44 72685 1945 881 1 34 1
44 139704 1946 923 1 15 0
44 68445 1950 3946 1 12 1
44 127858 1951 4676 1 21 0
44 82979 1953 4619 1 48 1
44 96970 1955 4053 1 46 0
44 109537 1957 2568 1 32 0
44 77398 1958 3323 1 33 0
44 89613 1958 334 1 20 0
44 163965 1959 3540 1 13 0
44 172164 1960 7914 1 16 1
44 142984 1962 173 1 47 1
44 96775 1963 3778 1 19 0
44 151156 1965 7382 1 14 1
44 111099 1965 4228 1 34 0
44 90273 1966 1312 1 11 1
44 86637 1967 4245 1 49 1
44 174896 1968 5871 1 29 1
44 100429 1970 943 1 41 0
44 124120 1973 5500 1 49 1
44 176920 1976 2985 1 21 0
44 76781 1976 4250 1 42 0
44 115520 1980 5638 1 7 0
44 70436 1982 3130 1 7 0
44 62948 1983 2520 1 49 1
44 140437 1986 8271 1 28 1
44 82914 1987 2380 1 51 0
44 94531 1987 1848 1 25 1
44 177693 1989 6410 1 48 1
44 164875 1992 7275 1 50 1
44 68821 1992 2922 1 11 0
44 158963 1993 8197 1 46 0
44 177624 1993 3398 1 3 0
44 124906 2001 2508 1 36 1
44 172758 2002 1659 1 26 0
44 155500 2003 4987 1 51 1
44 171809 2004 6675 1 37 0
44 71789 2005 1777 1 23 1
44 163307 2006 9700 1 50 1
44 100632 2008 2717 1 30 0
44 147590 2009 2061 1 18 0
44 152888 2009 3867 1 20 1
44 151527 2016 594 1 38 0
44 117181 2017 1286 1 33 0
44 178583 2024 6291 1 11 0
44 71432 2025 3378 1 9 0
44 144319 2027 1032 1 26 0
44 141923 2027 4543 1 25 1
44 78879 2028 207 1 34 0
44 113785 2028 5541 1 4 1
44 147676 2036 6018 1 21 0
44 76768 2044 2525 1 18 1
44 164938 2046 7010 1 29 0
44 132386 2047 501 1 12 1
44 106085 2050 5966 1 30 0
44 165701 2050 7035 1 49 0
44 142575 2050 3275 1 51 1
44 85166 2053 539 1 13 1
44 145353 2057 5612 1 7 0
44 72214 2058 3904 1 16 0
44 77769 2063 616 1 21 0
44 158680 2063 8533 1 2 1
44 149449 2068 5211 1 4 0
44 157738 2068 4889 1 39 0
44 116038 2072 3549 1 22 1
44 175109 2072 5110 1 43 0
44 67440 2072 1478 1 47 1
44 142283 2074 5950 1 40 0
44 168417 2076 1646 1 30 1
44 74629 2079 476 1 20 1
44 127032 2079 6854 1 12 1
44 165252 2082 8303 1 26 0
44 68722 2082 2126 1 27 0
44 103875 2086 5778 1 6 1
44 84601 2086 4587 1 11 0
44 163428 2090 520 1 41 0
44 138577 2092 4138 1 4 0
44 116658 2094 4317 1 3 0
44 166836 2094 9099 1 38 0
44 147600 2099 4316 1 1 1
44 172625 2100 7561 1 20 1
44 141108 2102 5971 1 51 1
44 131396 2103 4023 1 41 0
44 159689 2105 2807 1 51 0
44 175108 2105 2649 1 46 0
44 62924 2106 3682 1 42 0
44 152174 2114 7522 1 47 1
44 134517 2115 4269 1 42 0
44 75039 2118 1333 1 23 1
44 91348 2119 2756 1 4 1
44 124280 2122 1680 1 13 1
44 80055 2127 2854 1 40 1
44 80991 2129 936 1 21 0
44 62390 2132 2304 1 20 0
44 138477 2133 6016 1 26 1
44 104418 2134 5266 1 20 1
44 72206 2141 3568 1 50 1
44 137240 2142 1952 1 26 1
44 69612 2145 2343 1 31 1
44 99479 2149 199 1 35 1
44 67049 2150 1099 1 24 1
44 110674 2150 4400 1 25 0
44 159133 2153 7352 1 6 0
44 75246 2157 3227 1 32 0
44 136050 2157 7114 1 26 0
44 71479 2161 4100 1 15 0
44 168471 2161 7613 1 33 1
44 161617 2161 3889 1 50 1
44 130490 2172 4843 1 40 0
44 105784 2175 1559 1 39 1
44 168872 2176 293 1 11 0
44 150292 2180 8365 1 20 0
44 161432 2181 3394 1 35 0
44 120714 2182 2934 1 11 0
44 122293 2184 5281 1 18 0
44 86963 2184 1232 1 31 1
44 82558 2188 378 1 38 0
44 113292 2192 1743 1 36 1
44 121383 2196 4259 1 3 0
44 112010 2197 1847 1 4 1
44 113512 2201 1685 1 41 0
44 166773 2202 4705 1 27 1
44 107368 2206 1929 1 37 0
44 102910 2208 5590 1 22 1
44 138223 2209 514 1 42 0
44 122248 2210 5125 1 13 1
44 93996 2211 5611 1 7 1
44 168668 2212 5967 1 31 1
44 66140 2214 901 1 25 0
44 173931 2218 4739 1 50 1
44 149483 2220 3062 1 17 1
44 117036 2220 2150 1 39 0
44 112605 2221 2461 1 14 1
44 97820 2223 1992 1 39 1
44 124424 2227 3445 1 49 1
44 123852 2229 5073 1 32 0
44 128688 2239 3727 1 27 0
44 63989 2242 923 1 19 0
44 79518 2243 4513 1 50 0
44 100793 2248 205 1 23 1
44 71229 2252 1547 1 41 0
44 97716 2258 806 1 51 1
44 140515 2260 5654 1 51 0
44 74701 2261 2767 1 18 0
44 141903 2262 7565 1 30 0
44 97545 2263 170 1 33 0
44 114692 2265 2635 1 30 0
44 135639 2266 1031 1 36 0
44 74894 2273 2211 1 38 1
44 157828 2274 3331 1 16 0
44 89921 2275 1411 1 34 1
44 94138 2275 1729 1 43 0
44 162908 2281 6804 1 35 0
44 94173 2281 5425 1 20 0
44 163539 2282 9348 1 3 0
44 78291 2283 4281 1 45 0
44 95379 2284 3387 1 39 0
44 143595 2286 2857 1 4 0
44 141355 2287 4770 1 21 1
44 145604 2289 7265 1 30 0
44 67358 2296 3587 1 4 0
44 89617 2300 2749 1 12 0
44 178173 2304 8472 1 48 0
44 112349 2309 2746 1 47 0
44 104139 2311 2650 1 13 1
44 60996 2319 3130 1 49 1
44 83519 2322 105 1 20 1
44 179108 2332 6762 1 44 0
44 107070 2340 3773 1 2 1
44 93137 2341 3237 1 50 1
44 158363 2344 3071 1 11 1
44 123906 2351 3057 1 41 1
44 87902 2353 3770 1 3 0
44 73554 2357 3001 1 14 1
44 155476 2357 5760 1 14 0
44 119961 2362 3120 1 32 1
44 90647 2363 2856 1 4 0
44 83126 2364 1736 1 37 1
44 121308 2369 3302 1 16 1
44 170333 2370 1351 1 40 1
44 145444 2375 3894 1 6 1
44 65143 2377 3254 1 31 0
44 83250 2380 415 1 9 1
44 154128 2381 7964 1 42 0
44 106613 2383 1283 1 19 0
44 117518 2386 2402 1 14 0
44 146472 2386 8603 1 46 0
44 157783 2393 6567 1 15 0
44 108159 2396 2384 1 8 1
44 165192 2400 2167 1 36 0
44 169122 2401 2203 1 41 0
44 79174 2403 3937 1 34 0
44 143673 2403 1066 1 23 0
44 169895 2404 8806 1 28 1
44 138236 2405 2892 1 9 1
44 147091 2406 4372 1 30 0
44 130727 2407 5526 1 38 1
44 104296 2409 1987 1 51 1
44 128173 2415 7239 1 9 1
44 144733 2422 3534 1 12 1
44 67536 2426 3890 1 20 1
44 136265 2427 1350 1 30 1
44 86931 2430 824 1 49 1
44 69067 2431 1484 1 8 0
44 104912 2436 2243 1 51 0
44 150494 2438 1202 1 39 1
44 140838 2455 450 1 51 0
44 147358 2456 8484 1 2 0
44 145068 2457 7280 1 6 1
44 178262 2457 5854 1 44 0
44 142430 2463 5230 1 35 0
44 81373 2464 3433 1 22 1
44 114729 2465 622 1 1 0
44 154808 2465 2187 1 35 0
44 174161 2470 7837 1 18 1
44 68958 2470 514 1 42 0
44 87804 2471 1680 1 34 1
44 77494 2472 111 1 29 0
44 107529 2473 1549 1 27 0
44 101932 2473 1134 1 19 1
44 98318 2473 5231 1 6 0
44 100907 2481 1588 1 19 1
44 91966 2482 3990 1 18 0
44 77545 2484 1708 1 28 0
44 131515 2492 4391 1 38 0
44 146936 2492 1398 1 34 1
44 133634 2492 6892 1 3 1
44 156785 2494 2275 1 27 0
44 157893 2495 9258 1 2 0
44 161708 2502 7666 1 46 1
44 95030 2504 2064 1 31 1
44 171967 2508 2404 1 11 1
44 134188 2509 1407 1 30 1
44 64907 2510 3234 1 7 0
44 77239 2511 3535 1 32 0
44 166593 2512 4740 1 43 0
44 176300 2517 10482 1 51 0
44 95843 2520 4356 1 12 1
44 147867 2521 4433 1 20 1
44 133735 2523 241 1 40 0
44 94213 2528 194 1 14 0
44 136320 2531 1911 1 25 0
44 63865 2533 3612 1 51 1
44 93460 2534 5443 1 31 0
44 81420 2535 2594 1 25 1
44 116412 2539 3826 1 18 1
44 72471 2541 633 1 43 1
44 65943 2542 635 1 1 0
44 164856 2542 2474 1 37 1
44 76172 2543 1605 1 8 1
44 149843 2544 7152 1 21 0
44 151201 2552 3174 1 29 1
44 70284 2555 2654 1 21 0
44 173560 2556 8182 1 11 0
44 156903 2568 8007 1 41 0
44 73740 2569 3118 1 1 1
44 104701 2578 4984 1 47 0
44 154743 2583 4261 1 16 1
44 175156 2585 1379 1 11 0
44 96604 2586 2666 1 3 1
44 135811 2587 2561 1 2 0
44 171019 2594 8021 1 46 0
44 148422 2595 1241 1 46 1
44 103146 2602 6122 1 15 1
44 115562 2609 6841 1 28 1
44 143091 2612 6891 1 21 0
44 87309 2615 3099 1 47 1
44 155685 2619 3296 1 19 1
44 168663 2622 3561 1 32 1
44 132800 2629 3880 1 12 1
44 85368 2634 2300 1 39 0
44 111441 2638 6227 1 44 1
44 156616 2638 4064 1 39 0
44 90683 2639 1997 1 14 1
44 136725 2644 3144 1 2 0
44 178553 2645 10095 1 33 1
44 172777 2653 9112 1 17 1
44 164505 2653 838 1 8 1
44 75949 2656 3442 1 17 1
44 73251 2658 1462 1 24 0
44 80394 2658 596 1 17 1
44 147265 2660 171 1 42 0
44 173743 2662 5292 1 1 1
44 102882 2663 1107 1 12 0
44 86938 2666 4280 1 32 1
44 146128 2668 2435 1 32 0
44 130741 2670 6492 1 35 1
44 121411 2672 4107 1 44 1
44 146766 2673 8504 1 24 0
44 138303 2678 1848 1 38 1
44 167885 2687 2955 1 37 1
44 161507 2694 6563 1 23 1
44 133256 2697 2048 1 26 1
44 76524 2701 2902 1 18 0
44 80933 2703 4208 1 9 1
44 155953 2706 1015 1 36 1
44 109586 2711 2719 1 33 1
44 90392 2711 2606 1 10 0
44 70143 2713 589 1 49 1
44 111921 2716 2991 1 48 1
44 134299 2721 4396 1 45 0
44 97154 2729 3153 1 48 1
44 70568 2730 994 1 3 0
44 178003 2731 5699 1 27 0
44 159018 2734 7398 1 23 0
44 168895 2736 5783 1 10 1
44 174439 2736 7886 1 43 1
44 104908 2741 3182 1 30 1
44 62778 2747 3287 1 14 1
44 145200 2753 2317 1 45 0
44 151475 2759 1129 1 22 1
44 105597 2761 5359 1 23 1
44 128118 2762 2670 1 18 1
44 77891 2762 1562 1 20 1
44 97713 2764 1833 1 44 1
44 67793 2767 2265 1 17 0
44 131557 2769 2860 1 17 1
44 128739 2774 4208 1 35 1
44 156204 2776 4533 1 44 0
44 64298 2780 2492 1 51 0
44 176551 2782 1631 1 9 1
44 106519 2783 376 1 37 0
44 74150 2786 3594 1 18 1
44 74965 2789 440 1 46 1
44 130329 2789 4015 1 22 1
44 88043 2790 3546 1 20 0
44 63271 2792 228 1 3 0
44 116928 2792 3112 1 44 1
44 155640 2794 6374 1 18 0
44 136683 2798 1071 1 1 1
44 66943 2800 1461 1 21 0
44 146434 2809 1026 1 23 0
44 130664 2814 4126 1 38 1
44 160760 2814 702 1 29 1
44 173216 2818 2103 1 36 0
44 152093 2822 7918 1 36 0
44 88250 2824 2024 1 3 0
44 93825 2825 4767 1 40 0
44 91587 2825 5184 1 40 1
44 79809 2825 399 1 9 0
44 112917 2827 1663 1 17 0
44 97142 2828 1747 1 40 1
44 108906 2828 4326 1 13 1
44 160064 2831 8343 1 48 0
44 165459 2833 1945 1 23 0
44 97074 2834 344 1 5 0
44 143631 2834 6351 1 7 0
44 158090 2835 6414 1 48 0
44 68924 2836 3590 1 25 0
44 135721 2836 3901 1 9 1
44 128831 2839 230 1 3 0
44 131824 2844 635 1 32 0
44 137616 2848 3535 1 37 0
44 83147 2850 699 1 13 0
44 60117 2855 1133 1 3 1
44 94707 2858 5225 1 17 0
44 62341 2859 3559 1 30 1
44 165985 2860 7293 1 12 1
44 66773 2863 1473 1 23 0
44 165461 2865 3392 1 26 0
44 146830 2867 7715 1 17 0
44 70363 2871 517 1 34 0
44 85794 2873 598 1 31 1
44 117696 2873 1136 1 40 0
44 101822 2875 3111 1 2 0
44 102443 2876 3463 1 12 1
44 99308 2877 2665 1 8 1
44 129960 2879 4924 1 51 1
44 64526 2882 1080 1 5 0
44 104914 2886 3050 1 13 0
44 80348 2886 4752 1 22 1
44 128959 2888 3036 1 19 1
44 153045 2891 2468 1 39 0
44 140327 2892 1677 1 32 0
44 64493 2894 858 1 43 1
44 120029 2895 6426 1 24 1
44 172643 2895 5277 1 27 0
44 88932 2899 4936 1 20 0
44 79931 2901 2760 1 19 1
44 70973 2918 263 1 37 1
44 96581 2919 4929 1 27 1
44 85220 2922 865 1 27 1
44 100459 2929 4403 1 44 0
44 99284 2931 4550 1 22 1
44 112669 2932 3475 1 11 1
44 89384 2933 641 1 39 1
44 98786 2933 4377 1 33 0
44 60942 2935 403 1 32 1
44 121957 2936 3938 1 33 0
44 78092 2938 1155 1 10 0
44 106361 2939 4467 1 40 0
44 107316 2942 2505 1 4 1
44 63897 2944 3470 1 21 1
44 117570 2944 5744 1 3 1
44 108393 2948 796 1 25 0
44 72186 2950 2183 1 31 1
44 148171 2953 4588 1 45 0
44 167245 2954 5424 1 2 1
44 131380 2958 209 1 8 0
44 156650 2961 7946 1 50 0
44 159450 2968 8299 1 26 0
44 145777 2968 5656 1 14 1
44 92796 2969 5361 1 45 1
44 122277 2990 6360 1 37 1
44 149228 2991 4371 1 43 1
44 96739 2991 2412 1 37 1
44 100550 2993 872 1 44 1
44 113672 2993 540 1 39 1
44 173511 2996 4754 1 17 0
44 151465 2999 6798 1 36 0
44 160411 2999 6377 1 44 1
44 136622 3000 2815 1 40 1
44 73596 3002 2539 1 37 1
44 114731 3004 1851 1 51 1
44 104328 3008 2570 1 44 0
44 110871 3012 2095 1 25 1
44 178163 3016 3345 1 51 0
44 76478 3017 3884 1 10 1
44 136424 3018 4180 1 34 1
44 141535 3019 196 1 48 0
44 154256 3020 8891 1 3 1
44 90517 3023 1900 1 46 0
44 110956 3024 661 1 34 1
44 95068 3026 3988 1 48 1
44 75228 3027 2972 1 38 1
44 117781 3028 6455 1 17 0
44 153792 3032 3492 1 8 1
44 168328 3041 9838 1 25 0
44 67392 3041 448 1 24 1
44 174859 3044 7363 1 30 1
44 80833 3054 4213 1 39 0
44 130611 3056 7118 1 7 0
44 95766 3057 1597 1 33 0
44 92149 3063 3673 1 42 0
44 104526 3064 3784 1 42 0
44 170486 3066 8093 1 50 1
44 154436 3067 7237 1 45 1
44 171045 3070 6968 1 14 0
44 107345 3070 6147 1 46 0
44 171249 3071 5995 1 10 1
44 138380 3076 1241 1 19 0
44 152223 3085 5405 1 19 1
44 113914 3089 266 1 1 0
44 160439 3091 2421 1 31 0
44 72530 3092 3768 1 50 0
44 153542 3092 3489 1 47 1
44 66141 3095 705 1 17 1
44 72831 3095 246 1 4 0
44 66455 3097 720 1 17 1
44 67840 3102 2797 1 51 1
44 149565 3108 591 1 17 0
44 132236 3109 5700 1 12 1
44 96016 3114 2687 1 9 0
44 139002 3114 8023 1 18 0
44 82683 3115 3150 1 15 0
44 98746 3117 150 1 6 1
44 102552 3123 4944 1 29 1
44 96615 3124 1239 1 7 0
44 77390 3127 1509 1 39 0
44 157172 3131 8287 1 50 0
44 120844 3132 6663 1 36 1
44 65832 3133 3077 1 4 0
44 75763 3133 3006 1 11 1
44 152560 3134 5334 1 39 0
44 171193 3134 5025 1 35 1
44 61064 3135 2482 1 45 0
44 62630 3136 3384 1 15 1
44 79691 3138 209 1 45 1
44 132441 3145 3580 1 51 0
44 121160 3150 4592 1 36 1
44 110554 3160 1902 1 5 1
44 93167 3164 5229 1 42 0
44 73957 3164 1067 1 16 0
44 74120 3165 2153 1 29 0
44 68222 3171 1561 1 40 0
44 145149 3171 3566 1 49 1
44 117153 3172 4400 1 29 1
44 172813 3175 9022 1 40 1
44 93153 3179 819 1 27 1
44 138384 3179 5247 1 20 1
44 107911 3180 129 1 25 0
44 159451 3181 6044 1 50 0
44 144575 3182 1415 1 16 1
44 154302 3184 6641 1 25 0
44 120430 3193 6900 1 16 0
44 128776 3194 2453 1 44 0
44 105616 3195 1166 1 3 0
44 134518 3195 5136 1 12 0
44 71476 3196 536 1 6 0
44 121668 3204 3780 1 2 0
44 163063 3206 3596 1 14 1
44 174485 3212 10420 1 6 1
44 141084 3214 2184 1 48 0
44 110717 3216 5820 1 37 0
44 71911 3217 716 1 46 1
44 87562 3218 1130 1 16 1
44 139927 3221 3076 1 8 0
44 104979 3225 3970 1 51 1
44 173997 3225 3426 1 36 1
44 121488 3228 6190 1 8 1
44 67497 3230 2031 1 27 0
44 107069 3232 2681 1 9 0
44 70358 3232 1978 1 14 0
44 85256 3234 855 1 42 1
44 112574 3234 5621 1 39 0
44 168370 3236 5449 1 28 0
44 143095 3240 4294 1 15 0
44 145116 3241 6836 1 41 1
44 162150 3249 951 1 19 1
44 82183 3251 1934 1 23 1
44 117884 3258 3998 1 35 0
44 89949 3259 1970 1 44 0
44 137805 3263 3247 1 42 0
44 131542 3264 6469 1 5 1
44 64049 3264 2406 1 31 0
44 130124 3269 5168 1 8 0
44 134082 3271 6537 1 44 1
44 122529 3272 5146 1 26 1
44 166856 3273 7002 1 38 1
44 135025 3273 1980 1 11 1
44 72814 3277 3180 1 9 0
44 128480 3285 7025 1 48 1
44 165323 3288 1508 1 17 0
44 132352 3289 709 1 44 1
44 139585 3294 7938 1 10 0
44 98358 3296 2470 1 14 0
44 119280 3296 6709 1 2 1
44 121573 3300 166 1 4 0
44 173310 3304 7668 1 26 0
44 161595 3304 3442 1 51 1
44 99263 3306 2459 1 13 0
44 130066 3307 4775 1 27 0
44 110113 3309 1247 1 29 1
44 91696 3311 4558 1 25 0
44 111839 3311 4203 1 38 1
44 87270 3316 3599 1 29 1
44 156567 3317 1271 1 47 1
44 115499 3323 3325 1 30 0
44 165622 3325 4151 1 38 1
44 74586 3326 78 1 50 1
44 82101 3330 2551 1 51 1
44 66681 3331 1835 1 37 1
44 158940 3335 9422 1 37 1
44 136503 3339 4417 1 30 1
44 68051 3345 2052 1 10 1
44 153448 3351 7960 1 25 1
44 87335 3351 1161 1 4 1
44 68654 3351 2498 1 26 1
44 114460 3352 5649 1 25 0
44 138716 3354 7830 1 41 0
44 93837 3356 1302 1 33 0
44 69547 3357 1853 1 49 1
44 125516 3358 6607 1 8 0
44 125725 3359 3348 1 40 1
44 63906 3362 633 1 43 1
44 161226 3364 5343 1 5 1
44 150769 3367 3633 1 13 0
44 105827 3369 3144 1 51 0
44 68279 3371 1900 1 42 0
44 147142 3373 4509 1 25 1
44 167824 3377 5291 1 39 1
44 115709 3377 2924 1 48 1
44 163201 3380 2376 1 49 0
44 153064 3381 4212 1 50 0
44 83547 3381 4974 1 24 0
44 86588 3383 4752 1 25 1
44 64668 3385 725 1 37 1
44 120394 3386 3331 1 43 1
44 149569 3386 2205 1 4 1
44 171495 3386 6079 1 2 0
44 85867 3390 5140 1 33 1
44 80731 3390 3421 1 38 1
44 167003 3393 7785 1 46 1
44 111440 3394 3611 1 13 0
44 64387 3397 1448 1 1 1
44 123215 3398 1607 1 28 0
44 140310 3400 4662 1 36 1
44 142064 3401 7130 1 11 1
44 153119 3402 5549 1 23 0
44 163426 3405 5372 1 1 0
44 80832 3411 2091 1 5 1
44 150985 3412 3917 1 24 0
44 84131 3413 953 1 28 1
44 77636 3414 1306 1 18 0
44 172231 3424 4209 1 41 0
44 102408 3425 2046 1 37 0
44 63389 3427 1024 1 45 0
44 150433 3428 6479 1 16 1
44 82899 3429 4709 1 38 1
44 82814 3435 767 1 22 0
44 158613 3436 5589 1 4 0
44 137175 3438 6439 1 9 0
44 61016 3440 1929 1 10 1
44 128162 3441 6900 1 15 1
44 134764 3442 5592 1 49 0
44 77793 3443 2484 1 46 0
44 152319 3444 4411 1 15 1
44 90619 3447 4658 1 20 1
44 86345 3452 3600 1 49 1
44 73051 3452 2759 1 23 0
44 96012 3454 5646 1 32 1
44 171641 3456 8887 1 23 0
44 121762 3456 3883 1 1 0
44 126535 3458 6006 1 31 1
44 119185 3459 3549 1 12 0
44 141345 3459 5429 1 38 0
44 73310 3459 1632 1 17 1
44 166287 3460 4702 1 7 1
44 96878 3463 2336 1 44 1
44 123797 3465 5426 1 42 0
44 108290 3465 6086 1 50 1
44 92097 3466 1577 1 31 0
44 153411 3466 3401 1 25 1
44 72967 3467 1624 1 1 1
44 173203 3473 6496 1 7 0
44 157769 3473 6612 1 36 1
44 128069 3476 1735 1 16 1
44 161959 3478 6174 1 29 1
44 72836 3480 841 1 2 1
44 126134 3480 4160 1 34 0
44 119861 3480 4928 1 3 1
44 177060 3485 3230 1 17 1
44 129906 3486 6724 1 25 0
44 90055 3490 1538 1 4 1
44 65988 3492 1738 1 19 0
44 158625 3495 3528 1 39 1
44 63797 3496 634 1 30 0
44 64517 3497 1481 1 47 0
44 84290 3500 2381 1 14 1
44 66572 3500 3284 1 22 1
44 88883 3502 2081 1 15 0
44 140611 3502 2544 1 37 0
44 118997 3505 2314 1 48 0
44 93021 3505 2934 1 2 0
44 138909 3508 2515 1 26 0
44 139890 3516 7043 1 41 1
44 63198 3520 1198 1 49 0
44 138325 3520 2273 1 9 1
44 91589 3521 4145 1 17 0
44 146977 3523 5169 1 35 0
44 138711 3527 2397 1 44 0
44 168286 3529 7917 1 9 0
44 75200 3534 1666 1 49 0
44 128388 3535 2947 1 3 1
44 174757 3535 1857 1 16 1
44 140788 3536 449 1 7 1
44 168446 3539 6274 1 1 0
44 163314 3541 6880 1 39 1
44 135888 3548 7734 1 9 0
44 83136 3556 2611 1 2 0
44 175584 3561 8799 1 12 0
44 103298 3561 3105 1 14 0
44 164591 3562 473 1 12 1
44 160388 3566 9284 1 10 0
44 165890 3570 2406 1 20 1
44 112104 3574 2468 1 36 1
44 178087 3577 9734 1 5 0
44 178452 3578 8134 1 11 0
44 167562 3578 781 1 41 0
44 96165 3580 2613 1 26 0
44 122841 3581 2726 1 23 0
44 159244 3581 652 1 6 1
44 160141 3582 1906 1 32 1
44 152137 3583 2439 1 24 0
44 122236 3584 7280 1 35 1
44 164187 3584 3414 1 36 1
44 114692 3585 2979 1 16 1
44 154959 3591 3013 1 26 1
44 80479 3591 4670 1 28 0
44 79816 3591 510 1 2 0
