1500
49 62769 0 3552 1 32 0
49 113367 1 5688 1 30 0
49 111565 4 4186 1 28 0
49 110448 14 5412 1 14 1
49 127753 16 5487 1 50 0
49 108734 16 3935 1 24 0
49 97074 17 100 1 4 1
49 159804 18 5723 1 8 1
49 61225 20 1323 1 26 1
49 165668 22 3532 1 24 1
49 89012 23 4809 1 41 0
49 169782 24 6616 1 1 0
49 62566 29 2641 1 29 0
49 174567 35 7205 1 7 1
49 156547 35 4206 1 8 0
49 72138 36 2692 1 34 0
49 91847 37 1892 1 50 0
49 94303 39 5535 1 51 1
49 154855 42 4300 1 42 0
49 65644 45 150 1 47 1
49 164118 46 3910 1 43 1
49 155047 48 8680 1 38 0
49 72013 48 3654 1 47 1
49 94739 52 454 1 39 0
49 139490 55 7694 1 10 1
49 140057 57 8348 1 34 1
49 153857 57 3567 1 15 1
49 140621 57 826 1 23 1
49 66689 61 2950 1 19 0
49 143919 64 3131 1 22 0
49 176296 65 5253 1 13 1
49 175152 69 9108 1 9 1
49 78668 69 2751 1 47 1
49 123667 72 6441 1 19 1
49 97169 73 4545 1 38 1
49 146088 76 8561 1 49 1
49 157942 78 2335 1 44 0
49 138019 79 6241 1 12 1
49 129829 82 7501 1 30 0
49 106042 82 4664 1 22 0
49 81633 87 4860 1 24 1
49 153160 88 3695 1 27 1
49 144680 93 2921 1 12 0
49 97633 93 604 1 40 1
49 80559 96 4498 1 3 0
49 71376 97 4104 1 41 1
49 173649 97 9017 1 39 1
49 163213 97 6117 1 12 1
49 107483 99 6288 1 49 1
49 105115 100 2290 1 26 1
49 162538 103 2913 1 13 0
49 171527 107 1655 1 16 0
49 111507 108 1009 1 1 1
49 102881 109 2121 1 21 0
49 83548 111 1444 1 24 0
49 141330 112 3324 1 39 0
49 96313 112 1985 1 38 0
49 84447 116 1322 1 4 0
49 70153 117 3510 1 45 1
49 156280 120 3439 1 40 1
49 74639 121 3920 1 1 1
49 111257 122 4578 1 20 0
49 83863 122 107 1 41 0
49 167257 123 3616 1 11 0
49 99420 123 4042 1 47 0
49 126288 124 1035 1 8 1
49 104495 127 2556 1 36 1
49 133392 127 6111 1 26 1
49 86593 130 459 1 29 0
49 175054 132 5274 1 31 1
49 74875 140 3109 1 19 1
49 79245 142 1120 1 7 0
49 174042 143 3995 1 23 1
49 106479 144 2957 1 24 1
49 114220 144 741 1 8 1
49 114061 147 6054 1 48 0
49 141509 147 7001 1 26 1
49 104118 153 4139 1 27 1
49 143351 156 4107 1 24 1
49 82315 157 3791 1 5 0
49 167460 158 3828 1 15 0
49 95169 158 3323 1 25 0
49 70485 158 281 1 14 0
49 113180 161 901 1 43 0
49 92046 167 1025 1 7 0
49 151769 170 1649 1 2 1
49 83035 170 515 1 17 1
49 130133 171 1538 1 46 1
49 140311 172 4085 1 5 1
49 88382 173 4761 1 37 0
49 172949 175 4584 1 4 0
49 178474 178 6090 1 23 1
49 109799 179 3261 1 28 1
49 142243 181 2973 1 9 0
49 118447 184 2502 1 5 0
49 71443 184 1979 1 35 1
49 179425 185 6943 1 25 0
49 100615 186 3368 1 32 1
49 86640 187 250 1 5 0
49 166338 187 4177 1 40 1
49 100969 188 1243 1 40 1
49 66711 189 2722 1 17 0
49 65541 190 1022 1 30 1
49 87790 193 5240 1 16 1
49 116900 197 415 1 22 0
49 179004 199 8002 1 48 1
49 132754 199 7767 1 4 0
49 92814 203 5023 1 25 1
49 123521 209 1087 1 31 1
49 120283 211 5713 1 2 1
49 75580 212 2724 1 15 1
49 109667 213 2331 1 21 0
49 108139 219 2992 1 12 1
49 75544 221 1755 1 39 0
49 153598 221 6049 1 16 1
49 71637 223 2121 1 47 1
49 107067 224 4489 1 24 0
49 61939 225 1296 1 37 1
49 89551 230 4193 1 14 0
49 148843 234 217 1 19 0
49 153636 236 8478 1 51 0
49 105923 236 3294 1 36 1
49 167948 237 3787 1 23 1
49 168338 237 7477 1 27 0
49 168534 238 2702 1 17 1
49 115772 240 5088 1 33 1
49 145013 240 713 1 47 0
49 176089 243 5222 1 18 1
49 171125 243 4443 1 45 1
49 95832 244 856 1 48 1
49 109127 248 3539 1 33 0
49 84090 250 3606 1 15 0
49 162315 251 9372 1 38 0
49 91685 253 2528 1 6 0
49 108133 254 5492 1 7 0
49 138317 254 6428 1 3 0
49 134606 256 7603 1 31 0
49 127786 256 1340 1 47 0
49 102950 256 3712 1 41 1
49 178394 259 235 1 8 0
49 165153 267 6247 1 11 0
49 108398 269 3403 1 31 0
49 102241 269 4775 1 47 1
49 97355 271 638 1 33 0
49 128839 271 2267 1 22 1
49 162635 271 8567 1 19 0
49 110118 272 4754 1 51 0
49 64367 273 1364 1 14 1
49 157255 275 3700 1 6 0
49 139534 278 2295 1 12 1
49 173952 282 7397 1 4 1
49 108137 284 612 1 44 1
49 103569 288 4324 1 14 1
49 160665 289 2436 1 38 0
49 166846 292 6145 1 19 0
49 151612 298 1594 1 4 1
49 125507 298 5640 1 15 0
49 70535 298 694 1 39 1
49 179630 299 3835 1 26 0
49 178181 302 4760 1 8 1
49 143896 305 3524 1 38 0
49 161196 306 5537 1 5 0
49 171123 306 6181 1 36 0
49 95159 312 3548 1 12 1
49 96876 312 2292 1 41 1
49 144171 314 6086 1 45 1
49 122469 317 6774 1 37 1
49 164873 320 1485 1 4 0
49 166401 320 9177 1 20 1
49 175626 323 1664 1 6 1
49 138739 326 1994 1 26 0
49 117329 331 2756 1 39 0
49 81492 331 951 1 41 0
49 105820 331 2087 1 47 1
49 172123 336 3806 1 6 0
49 122420 337 6169 1 2 0
49 118636 338 4840 1 9 1
49 178913 343 8681 1 4 0
49 171031 343 9822 1 7 1
49 142376 344 4910 1 13 1
49 153189 345 1682 1 32 0
49 108966 346 4503 1 11 0
49 66507 356 1563 1 21 1
49 127315 357 2930 1 29 0
49 122299 357 4929 1 42 1
49 95025 363 2667 1 43 0
49 170347 368 5326 1 31 1
49 170483 371 9125 1 49 1
49 62344 374 3514 1 29 0
49 111512 374 6422 1 7 0
49 66096 377 716 1 41 0
49 166226 386 7593 1 20 1
49 86302 386 1290 1 37 1
49 77769 389 2348 1 42 1
49 164382 391 9714 1 49 1
49 91155 391 1476 1 36 1
49 129940 393 6044 1 42 1
49 92387 394 3021 1 46 0
49 101899 394 2956 1 19 0
49 169845 395 1169 1 18 1
49 126808 399 5338 1 50 0
49 149154 399 8308 1 41 0
49 113030 403 4230 1 33 0
49 114403 404 5557 1 40 1
49 133236 419 1925 1 43 0
49 134581 424 5373 1 10 0
49 101270 424 243 1 38 0
49 97456 426 1904 1 28 0
49 113510 428 3712 1 45 1
49 142842 428 5322 1 13 1
49 67078 430 3036 1 5 1
49 106816 430 5665 1 49 0
49 138024 431 2538 1 48 0
49 100169 435 5843 1 9 0
49 132234 435 4964 1 9 1
49 88137 438 405 1 47 1
49 147203 439 1763 1 16 0
49 80224 440 3440 1 32 0
49 111859 448 3265 1 27 0
49 102272 449 789 1 26 1
49 64724 450 1046 1 49 1
49 154765 451 3371 1 16 0
49 123960 454 3204 1 7 0
49 177738 456 2508 1 17 1
49 67159 456 1926 1 38 1
49 126119 459 193 1 7 1
49 142245 465 6714 1 41 0
49 156707 465 1384 1 33 0
49 79178 469 3809 1 34 0
49 70560 477 306 1 34 0
49 82510 477 1640 1 49 0
49 89114 479 5131 1 39 1
49 155112 483 9244 1 12 0
49 111548 486 1608 1 36 1
49 115045 486 5567 1 41 1
49 120272 487 6146 1 49 1
49 123370 487 2805 1 50 0
49 144354 492 8510 1 11 1
49 106492 502 3156 1 10 1
49 83721 503 3843 1 21 1
49 158956 504 7919 1 14 0
49 123581 505 325 1 32 1
49 114340 508 5129 1 3 1
49 134250 511 1794 1 17 1
49 128468 513 3644 1 45 1
49 156404 519 8508 1 15 0
49 73373 520 1041 1 48 1
49 168171 520 3239 1 47 1
49 171858 523 4364 1 11 0
49 122215 529 2397 1 45 0
49 124789 530 1305 1 29 1
49 177113 536 10079 1 24 0
49 176489 538 3057 1 49 0
49 152724 539 1372 1 49 1
49 104041 543 3485 1 9 1
49 84914 547 442 1 42 0
49 129804 549 3138 1 28 1
49 90491 549 3844 1 29 1
49 106903 550 6322 1 46 0
49 136428 551 5026 1 28 0
49 78485 551 568 1 11 1
49 81426 552 4766 1 51 0
49 115447 553 3669 1 4 0
49 139643 554 8068 1 26 0
49 167992 554 4503 1 21 1
49 61706 559 3626 1 13 0
49 111460 560 3764 1 11 0
49 103418 561 1941 1 15 0
49 68638 564 3868 1 40 0
49 139378 565 2166 1 16 0
49 76620 566 1278 1 22 1
49 87258 567 4283 1 1 0
49 93166 572 4498 1 7 1
49 120278 574 2642 1 28 1
49 87769 574 4555 1 11 1
49 127495 580 6632 1 13 1
49 92440 607 2201 1 50 1
49 118317 607 1490 1 27 0
49 119569 608 1728 1 20 0
49 128014 609 2803 1 41 0
49 88147 610 3421 1 41 0
49 101221 612 5589 1 46 1
49 93107 616 1916 1 33 1
49 91688 617 1909 1 41 1
49 171044 620 301 1 32 0
49 122815 622 225 1 19 1
49 131773 623 3361 1 42 1
49 143654 624 2027 1 18 0
49 144680 625 2624 1 51 0
49 113788 636 6685 1 33 0
49 172445 643 1062 1 39 1
49 114003 643 6576 1 3 1
49 75553 643 1600 1 35 0
49 111503 644 4372 1 34 1
49 130172 644 892 1 21 0
49 179921 645 9401 1 14 0
49 159318 646 1764 1 14 1
49 70112 654 1311 1 32 0
49 109620 660 3866 1 20 0
49 82285 663 3498 1 43 1
49 139931 665 4133 1 5 1
49 166613 667 4179 1 51 0
49 74011 668 2805 1 10 0
49 90578 673 224 1 46 0
49 67020 675 3485 1 39 0
49 86296 681 4081 1 20 0
49 81235 686 3277 1 41 0
49 149920 691 906 1 26 0
49 177893 691 4882 1 4 1
49 98417 694 255 1 28 1
49 163675 706 958 1 9 0
49 154386 707 3070 1 37 1
49 159029 711 8090 1 42 1
49 129767 713 5426 1 37 0
49 132855 714 6060 1 12 0
49 143931 716 5839 1 1 0
49 160395 723 1346 1 42 1
49 69525 726 3403 1 37 1
49 126139 726 652 1 23 1
49 131680 727 5689 1 36 1
49 97363 730 812 1 30 1
49 167287 733 1913 1 5 1
49 111967 737 5436 1 39 0
49 137733 741 3455 1 46 1
49 107694 741 2923 1 25 1
49 93303 742 478 1 22 0
49 76523 744 3124 1 44 1
49 68944 747 3007 1 20 1
49 77961 754 891 1 39 1
49 106743 761 5291 1 2 1
49 96310 761 3821 1 8 0
49 116943 763 4250 1 44 1
49 127278 768 753 1 20 1
49 94063 772 1981 1 15 0
49 77753 773 3981 1 27 0
49 117011 773 3964 1 5 1
49 96233 779 991 1 38 0
49 97659 779 1790 1 43 0
49 79778 782 3232 1 28 0
49 170451 783 9261 1 3 1
49 96379 784 5248 1 34 1
49 142151 784 8248 1 29 1
49 65559 784 3575 1 6 0
49 111462 791 4261 1 36 0
49 150038 792 3262 1 43 0
49 62008 793 3705 1 28 0
49 87594 795 2121 1 16 1
49 67632 804 4055 1 33 0
49 159493 804 1718 1 24 0
49 140843 806 7637 1 32 0
49 60407 814 2594 1 37 1
49 103494 816 4808 1 31 1
49 107447 819 2019 1 35 1
49 129295 819 4318 1 31 1
49 142129 819 548 1 34 1
49 112833 821 373 1 27 0
49 125919 828 6668 1 22 0
49 139580 830 6209 1 44 0
49 144693 837 8302 1 43 0
49 70771 837 195 1 39 0
49 131054 838 6520 1 18 1
49 109060 840 6453 1 40 0
49 82787 841 577 1 12 0
49 124822 846 6124 1 3 1
49 100925 846 5749 1 25 0
49 158387 852 371 1 39 1
49 149116 852 917 1 48 1
49 65371 860 1487 1 50 1
49 154080 861 1833 1 43 0
49 70187 861 1658 1 16 1
49 116412 866 3148 1 14 0
49 113576 869 3574 1 40 1
49 134154 877 5620 1 10 0
49 125577 883 3723 1 42 0
49 167164 883 243 1 44 0
49 85696 884 3235 1 8 0
49 90236 886 454 1 24 1
49 138439 887 6193 1 27 0
49 113450 890 5002 1 39 1
49 176369 891 7915 1 3 1
49 88024 900 3333 1 1 1
49 148949 902 4718 1 42 1
49 104065 902 4517 1 28 1
49 76080 905 718 1 9 1
49 119617 910 5841 1 43 0
49 81357 912 1007 1 33 0
49 130887 913 3578 1 38 1
49 144835 914 195 1 5 1
49 98945 915 5085 1 16 0
49 179107 916 4678 1 40 0
49 109058 918 2895 1 35 1
49 97961 920 3864 1 6 1
49 64071 925 2360 1 2 0
49 136330 933 7242 1 7 0
49 80974 936 4040 1 10 1
49 145326 939 1060 1 4 1
49 143777 942 6970 1 8 0
49 169910 944 2085 1 51 0
49 71153 950 808 1 11 1
49 125306 950 2077 1 17 0
49 149574 955 2787 1 10 0
49 102300 960 327 1 11 0
49 91186 985 4017 1 27 1
49 151717 988 608 1 50 0
49 122220 990 7260 1 40 1
49 112406 994 2410 1 20 1
49 121639 995 1564 1 40 1
49 84753 995 2909 1 5 1
49 118167 997 2547 1 35 0
49 82147 1000 2759 1 13 0
49 176786 1000 6802 1 49 1
49 97119 1000 1029 1 40 0
49 151084 1001 1301 1 27 1
49 86203 1001 1244 1 8 1
49 66600 1003 1260 1 44 1
49 147186 1005 5425 1 18 1
49 63407 1006 2391 1 34 0
49 93363 1006 547 1 34 0
49 80992 1011 989 1 24 1
49 83617 1016 498 1 23 1
49 151267 1019 774 1 20 1
49 138681 1020 5400 1 29 1
49 96339 1021 1334 1 37 0
49 170174 1022 4476 1 8 1
49 116854 1024 2663 1 31 1
49 89300 1025 2924 1 35 1
49 81579 1033 555 1 10 1
49 118732 1035 1022 1 48 0
49 141851 1039 589 1 34 1
49 76118 1050 1436 1 48 0
49 85614 1050 4858 1 43 1
49 126167 1050 5305 1 19 1
49 175398 1053 4647 1 13 0
49 163547 1053 3221 1 6 1
49 88914 1060 1808 1 25 1
49 74425 1062 1998 1 18 0
49 87381 1066 268 1 25 0
49 172385 1066 8887 1 25 1
49 176900 1068 749 1 45 1
49 71198 1075 1084 1 8 1
49 177970 1076 2838 1 44 0
49 69227 1082 899 1 47 0
49 110991 1084 5417 1 16 0
49 100880 1084 3811 1 46 1
49 176909 1087 7153 1 2 1
49 128183 1089 7388 1 34 0
49 134804 1091 1278 1 42 1
49 151240 1091 6038 1 6 0
49 62309 1092 2275 1 40 1
49 170770 1095 4180 1 5 0
49 75305 1098 633 1 24 0
49 101534 1099 1842 1 50 0
49 126233 1101 5238 1 15 1
49 156626 1104 4752 1 28 1
49 66069 1109 1865 1 34 0
49 60818 1109 1192 1 30 0
49 79345 1121 1842 1 8 0
49 86917 1122 1023 1 1 1
49 65656 1124 3796 1 19 1
49 160211 1132 6115 1 10 1
49 129091 1134 4230 1 30 1
49 69670 1134 931 1 12 1
49 85066 1135 92 1 8 1
49 155707 1136 4764 1 6 1
49 145312 1141 1542 1 34 1
49 148815 1144 8536 1 31 1
49 132480 1146 5472 1 6 1
49 121643 1148 2247 1 6 1
49 122320 1149 4412 1 32 1
49 136519 1157 4782 1 17 1
49 69234 1158 3118 1 22 0
49 78815 1161 2078 1 1 0
49 179916 1162 3907 1 9 0
49 121607 1164 895 1 13 0
49 146932 1164 3954 1 9 1
49 178129 1165 7811 1 47 0
49 155993 1173 4459 1 11 1
49 174819 1178 10011 1 5 0
49 170571 1179 306 1 16 1
49 177293 1184 8741 1 23 0
49 71909 1187 2868 1 31 0
49 78333 1193 1595 1 15 0
49 84746 1198 3805 1 28 1
49 137817 1199 7781 1 48 1
49 169032 1201 7231 1 15 0
49 62250 1201 2157 1 20 0
49 179065 1202 5380 1 29 1
49 129514 1206 5504 1 29 1
49 101208 1208 293 1 40 1
49 157587 1209 2560 1 23 1
49 107725 1212 4000 1 5 1
49 141463 1216 6637 1 47 0
49 158881 1217 6298 1 22 1
49 75867 1220 4084 1 40 0
49 160432 1224 4295 1 51 1
49 169461 1225 9922 1 13 1
49 77124 1231 4459 1 2 1
49 154289 1233 5673 1 14 0
49 83507 1235 4905 1 12 0
49 138623 1237 6415 1 7 1
49 136379 1238 2181 1 23 1
49 156252 1246 1824 1 39 0
49 128719 1246 4146 1 17 1
49 116124 1249 2587 1 30 1
49 143759 1251 950 1 4 1
49 137878 1257 7543 1 2 0
49 170863 1260 830 1 11 1
49 169732 1267 8810 1 14 0
49 75533 1271 2126 1 31 1
49 93534 1273 992 1 21 1
49 100165 1274 530 1 23 0
49 133133 1274 3194 1 3 0
49 64964 1278 844 1 33 0
49 149104 1281 1109 1 21 0
49 126883 1282 6802 1 27 0
49 104607 1284 434 1 17 1
49 86716 1285 4283 1 13 1
49 114891 1290 2847 1 8 0
49 77490 1290 2242 1 36 1
49 129624 1292 443 1 13 0
49 168784 1293 5899 1 43 0
49 132692 1297 4484 1 11 1
49 148322 1299 8772 1 12 1
49 71922 1300 1011 1 4 1
49 167637 1302 4060 1 25 1
49 173113 1302 1844 1 42 1
49 126153 1307 1171 1 5 0
49 152390 1309 2831 1 33 1
49 169101 1311 8507 1 21 0
49 122058 1313 3611 1 51 1
49 112783 1318 4890 1 24 1
49 172560 1318 8510 1 19 1
49 112256 1319 2851 1 21 1
49 87867 1319 3725 1 45 0
49 154717 1324 7308 1 28 1
49 161911 1325 1799 1 23 1
49 72673 1326 1685 1 33 1
49 60028 1328 2536 1 20 0
49 167448 1330 1452 1 9 0
49 134397 1331 2461 1 22 1
49 112155 1332 4391 1 15 1
49 81926 1336 1267 1 16 1
49 155682 1337 8147 1 48 0
49 140915 1337 1744 1 41 1
49 145093 1338 3218 1 18 1
49 89864 1340 741 1 28 1
49 90658 1345 4977 1 25 0
49 64830 1346 3037 1 46 0
49 69815 1351 164 1 3 0
49 122453 1353 3182 1 29 0
49 72810 1354 1633 1 4 1
49 114154 1358 5398 1 30 0
49 65059 1360 3394 1 24 1
49 104211 1364 2038 1 32 0
49 170408 1365 1209 1 11 0
49 85346 1367 2621 1 24 0
49 87574 1369 5222 1 22 1
49 71974 1372 3566 1 45 1
49 175312 1374 9366 1 39 1
49 90309 1375 1547 1 41 1
49 103984 1376 304 1 25 0
49 119735 1381 829 1 45 1
49 137095 1383 844 1 24 0
49 156991 1384 5016 1 24 0
49 148803 1385 986 1 6 1
49 96051 1389 1638 1 43 1
49 128470 1390 2645 1 31 0
49 73324 1396 2846 1 50 1
49 130378 1397 3255 1 12 0
49 126662 1399 5543 1 49 1
49 160656 1399 2038 1 21 0
49 96410 1400 3647 1 36 0
49 104903 1402 4881 1 15 0
49 104861 1402 2961 1 45 0
49 160076 1405 1297 1 17 1
49 151639 1405 6075 1 28 1
49 89034 1407 3837 1 11 1
49 152018 1408 4325 1 1 1
49 151852 1412 6840 1 2 1
49 162542 1413 867 1 28 1
49 138859 1413 3217 1 22 0
49 152463 1415 5911 1 39 1
49 175382 1416 4813 1 20 0
49 164143 1418 8252 1 30 1
49 101214 1424 253 1 35 1
49 170265 1428 5971 1 26 0
49 67433 1429 2315 1 33 1
49 115267 1430 762 1 32 0
49 60063 1432 3531 1 34 0
49 132155 1433 6973 1 49 0
49 107604 1435 5617 1 46 0
49 70833 1435 3178 1 13 0
49 60431 1442 682 1 4 0
49 69291 1454 1249 1 26 0
49 155618 1459 670 1 40 1
49 152521 1464 3194 1 24 0
49 178306 1475 1182 1 41 0
49 80232 1477 3097 1 25 0
49 83064 1477 783 1 16 0
49 165368 1478 7460 1 25 0
49 66164 1480 562 1 23 1
49 145769 1481 1022 1 23 1
49 74056 1481 1280 1 46 0
49 117977 1482 2255 1 27 1
49 173508 1488 9224 1 20 1
49 162842 1491 6043 1 10 1
49 170346 1493 1355 1 24 1
49 154762 1494 4594 1 7 1
49 149547 1497 215 1 39 0
49 159891 1497 4803 1 40 1
49 118277 1499 2528 1 45 1
49 162386 1500 397 1 20 0
49 71692 1504 4182 1 41 0
49 106496 1506 5439 1 47 0
49 77736 1506 2282 1 8 1
49 89272 1506 927 1 9 0
49 151179 1507 6600 1 3 0
49 110979 1508 4314 1 22 1
49 99557 1509 5287 1 5 1
49 102753 1510 1612 1 18 1
49 176325 1511 6794 1 45 1
49 68309 1511 984 1 15 1
49 125790 1512 6961 1 1 1
49 107947 1512 4873 1 36 0
49 119957 1515 702 1 19 0
49 66766 1518 866 1 48 0
49 103823 1523 3442 1 32 0
49 72940 1526 2867 1 32 1
49 135071 1531 1023 1 19 1
49 134832 1532 6574 1 8 1
49 143517 1534 5055 1 44 1
49 124989 1535 2080 1 37 1
49 133424 1538 1788 1 20 0
49 146607 1538 7518 1 7 1
49 128628 1539 4702 1 21 0
49 80827 1555 350 1 1 1
49 178196 1556 2353 1 11 1
49 91036 1558 5008 1 29 0
49 157847 1563 414 1 14 0
49 84441 1572 4380 1 14 1
49 87130 1572 4244 1 25 0
49 145030 1572 1902 1 12 1
49 107904 1573 3980 1 3 1
49 85444 1573 3915 1 15 1
49 114721 1574 5165 1 1 0
49 82863 1574 1483 1 48 0
49 156255 1578 7342 1 34 0
49 178065 1578 5660 1 11 1
49 95054 1579 1169 1 24 1
49 108875 1579 2900 1 12 1
49 76818 1583 1720 1 49 1
49 97510 1584 3041 1 14 1
49 152073 1585 1561 1 36 1
49 88966 1586 3310 1 42 0
49 75154 1587 927 1 11 0
49 116482 1589 3178 1 35 1
49 60910 1596 3160 1 27 1
49 62224 1598 2088 1 3 1
49 132027 1601 3907 1 6 1
49 159074 1604 1943 1 27 1
49 157737 1608 4545 1 44 1
49 67703 1609 3498 1 19 1
49 74935 1610 2657 1 19 0
49 119834 1617 6077 1 12 0
49 161953 1618 2234 1 45 1
49 69339 1620 3603 1 47 0
49 81096 1622 2364 1 11 0
49 93495 1623 3365 1 46 0
49 105986 1625 5817 1 18 0
49 81698 1626 3213 1 3 1
49 109132 1631 4405 1 15 1
49 145093 1632 7024 1 13 1
49 92140 1635 3504 1 29 1
49 113382 1636 785 1 31 1
49 173438 1640 9281 1 11 1
49 62729 1641 2580 1 47 0
49 175642 1646 9924 1 20 0
49 142859 1646 8443 1 34 0
49 179908 1646 7414 1 18 1
49 175507 1646 6438 1 3 1
49 133322 1650 7569 1 6 0
49 171618 1655 5928 1 38 1
49 112364 1660 6376 1 8 1
49 69608 1660 2173 1 1 1
49 176362 1662 7934 1 10 1
49 72808 1666 3289 1 51 1
49 140491 1667 6263 1 2 0
49 109458 1668 1720 1 6 0
49 173238 1669 6469 1 1 1
49 82411 1669 4463 1 31 0
49 95253 1672 758 1 34 0
49 154530 1673 2267 1 27 1
49 133960 1676 1463 1 4 0
49 99585 1678 5816 1 13 1
49 110987 1684 3522 1 26 1
49 148841 1684 4011 1 48 1
49 146865 1685 6421 1 28 0
49 90312 1685 1158 1 9 0
49 148558 1686 7173 1 40 0
49 98663 1686 4662 1 2 1
49 127704 1686 5494 1 13 1
49 179105 1688 8020 1 31 1
49 169131 1692 8858 1 43 0
49 147338 1693 6410 1 29 0
49 122583 1693 4738 1 43 1
49 133286 1695 3999 1 11 0
49 85245 1698 4037 1 40 1
49 62148 1699 3157 1 37 0
49 87997 1700 4206 1 49 0
49 60285 1701 2627 1 33 0
49 66188 1704 1208 1 6 0
49 86248 1707 3728 1 4 0
49 139454 1708 6621 1 13 1
49 172124 1709 1284 1 29 1
49 179785 1710 1648 1 46 1
49 165329 1710 8705 1 24 1
49 153549 1710 2568 1 8 0
49 78261 1712 3698 1 34 0
49 78961 1712 2406 1 5 1
49 171601 1715 4280 1 34 0
49 166061 1718 9729 1 33 1
49 101951 1725 3650 1 9 1
49 150337 1726 1856 1 36 1
49 112343 1731 2587 1 30 0
49 70630 1731 2982 1 41 0
49 65897 1735 184 1 25 1
49 67633 1736 2376 1 45 1
49 147374 1736 8611 1 22 0
49 150680 1737 2106 1 20 0
49 104664 1742 1516 1 43 1
49 131507 1742 5846 1 29 1
49 127508 1742 1508 1 30 1
49 142706 1745 595 1 50 0
49 97289 1747 3984 1 6 1
49 78527 1747 2446 1 17 1
49 63256 1748 3786 1 47 0
49 66997 1749 2150 1 21 1
49 64459 1751 146 1 49 1
49 159188 1753 2885 1 24 1
49 81611 1755 2637 1 43 1
49 172587 1755 2894 1 43 1
49 142623 1756 2362 1 24 0
49 104234 1758 168 1 24 0
49 98535 1762 2245 1 16 0
49 162918 1762 3130 1 27 0
49 80407 1762 4718 1 39 1
49 169113 1763 5990 1 51 1
49 127929 1765 6277 1 10 0
49 126409 1766 7331 1 22 0
49 87538 1766 2926 1 45 0
49 116840 1767 4786 1 18 1
49 127589 1768 731 1 36 1
49 67955 1768 1433 1 39 0
49 81806 1770 3837 1 40 1
49 120853 1771 3273 1 5 1
49 117787 1780 3318 1 13 1
49 143127 1782 2373 1 27 0
49 132439 1782 5249 1 22 0
49 71314 1783 350 1 39 0
49 163865 1787 3918 1 11 1
49 133834 1789 7600 1 1 0
49 66678 1789 1202 1 11 1
49 172965 1792 9417 1 37 0
49 115647 1795 721 1 44 0
49 69046 1796 3179 1 19 0
49 124643 1797 2579 1 25 1
49 88154 1809 1419 1 5 1
49 138655 1811 2402 1 3 0
49 79420 1815 4716 1 31 0
49 107760 1818 4086 1 44 0
49 156638 1821 3046 1 5 0
49 133945 1832 6625 1 12 0
49 88188 1833 1417 1 36 0
49 119910 1835 3107 1 10 1
49 178419 1841 603 1 5 0
49 88344 1842 4319 1 6 0
49 175955 1847 7898 1 24 1
49 165571 1848 7288 1 14 1
49 70237 1851 2119 1 18 0
49 153643 1855 9154 1 27 1
49 122571 1855 2106 1 48 0
49 126253 1860 2357 1 30 1
49 96010 1861 1407 1 35 0
49 171191 1871 10121 1 35 0
49 87533 1872 1204 1 23 0
49 78213 1873 2725 1 22 0
49 77182 1877 4574 1 35 0
49 115182 1878 3370 1 15 0
49 161131 1879 2954 1 16 1
49 160454 1881 6418 1 45 0
49 66451 1881 3157 1 13 1
49 101254 1886 5237 1 2 0
49 122987 1891 5146 1 16 1
49 150561 1893 3208 1 12 1
49 96929 1893 1968 1 13 1
49 123479 1893 1967 1 49 0
49 142512 1898 7858 1 31 1
49 156321 1900 6291 1 24 1
49 127803 1902 1380 1 8 0
49 69918 1909 1664 1 29 0
49 62351 1913 2677 1 27 0
49 99183 1913 1605 1 33 1
49 143016 1913 7525 1 29 1
49 66252 1918 3059 1 1 1
49 151971 1921 3733 1 2 0
49 97132 1922 1243 1 45 0
49 116027 1926 5504 1 3 0
49 136362 1926 5088 1 4 0
49 92642 1929 1652 1 24 0
49 174315 1930 5551 1 46 1
49 67570 1930 1706 1 39 0
49 110676 1932 1932 1 39 0
49 129528 1933 784 1 19 1
49 158663 1936 4462 1 28 1
49 142028 1938 6155 1 13 1
49 113408 1939 756 1 13 1
49 169000 1943 4892 1 14 1
49 147228 1945 580 1 34 0
49 89113 1947 5309 1 25 1
49 158783 1947 8036 1 29 0
49 60402 1948 3272 1 40 0
49 137707 1949 1617 1 27 0
49 112678 1950 3452 1 38 1
49 174459 1950 8372 1 5 1
49 72691 1950 406 1 5 1
49 137862 1953 1049 1 39 0
49 143935 1954 2701 1 36 0
49 116658 1956 1787 1 38 0
49 77204 1957 3453 1 37 1
49 92803 1959 4206 1 23 1
49 99412 1962 3497 1 23 1
49 75580 1965 2269 1 35 1
49 142419 1968 3644 1 7 0
49 73676 1971 4324 1 38 1
49 88036 1974 4185 1 25 0
49 175985 1976 273 1 2 0
49 103969 1981 2384 1 27 1
49 124317 1982 6731 1 13 1
49 92046 1982 3708 1 5 0
49 126018 1993 4414 1 38 0
49 146652 1994 7163 1 42 1
49 155726 1995 2232 1 8 1
49 171627 1996 7981 1 35 1
49 136337 1997 1178 1 22 0
49 109434 1998 5536 1 6 1
49 105213 2000 5932 1 38 0
49 119305 2001 5105 1 12 0
49 167430 2004 2451 1 51 0
49 108594 2005 3533 1 9 0
49 97255 2008 2642 1 39 0
49 149198 2014 2885 1 9 1
49 128703 2023 7090 1 43 1
49 163251 2024 6247 1 17 1
49 83243 2025 2088 1 28 0
49 99411 2025 2925 1 42 1
49 167679 2029 4775 1 46 0
49 125529 2032 991 1 48 0
49 83535 2034 660 1 7 1
49 70891 2034 1968 1 17 0
49 85590 2034 1845 1 27 1
49 118103 2034 2942 1 21 1
49 79688 2035 2347 1 43 1
49 108767 2037 946 1 33 1
49 100245 2038 2639 1 34 1
49 140631 2043 6164 1 35 1
49 126713 2044 4921 1 34 1
49 153523 2048 2315 1 14 0
49 137202 2049 4986 1 7 0
49 74682 2051 4002 1 12 1
49 135770 2052 5689 1 4 0
49 167289 2055 7059 1 25 0
49 176056 2061 8804 1 34 1
49 143072 2061 2841 1 38 1
49 83785 2064 1000 1 12 1
49 131835 2067 4750 1 21 0
49 157225 2071 9089 1 45 1
49 150233 2074 4593 1 49 0
49 60625 2076 626 1 5 0
49 80053 2081 3926 1 14 0
49 170158 2084 4831 1 31 0
49 82994 2087 1744 1 44 0
49 113660 2087 3183 1 15 1
49 123377 2092 5791 1 27 0
49 90216 2092 263 1 45 1
49 174625 2099 4530 1 19 0
49 72150 2100 1629 1 43 0
49 102018 2104 3340 1 37 0
49 148782 2104 5861 1 3 1
49 72658 2107 2897 1 30 0
49 128614 2107 2818 1 16 0
49 155941 2108 2449 1 13 1
49 123739 2117 3917 1 31 0
49 165238 2119 1576 1 47 0
49 99350 2120 4612 1 2 0
49 158949 2121 6833 1 49 1
49 105628 2123 4096 1 46 0
49 164651 2123 9426 1 5 0
49 141728 2130 680 1 4 1
49 73478 2132 3864 1 16 0
49 176235 2140 5771 1 14 0
49 100408 2143 5137 1 17 0
49 126525 2156 5400 1 29 0
49 116981 2159 5005 1 40 0
49 69813 2159 2080 1 14 0
49 77539 2162 3380 1 46 0
49 113380 2163 549 1 4 1
49 128735 2164 4269 1 23 1
49 143178 2166 999 1 10 1
49 93624 2168 3988 1 26 1
49 138308 2171 3545 1 6 0
49 173677 2178 7817 1 16 1
49 112587 2186 1432 1 43 1
49 174791 2189 8991 1 30 1
49 171538 2189 9408 1 2 1
49 131165 2193 1297 1 13 0
49 147767 2194 1786 1 25 1
49 68437 2195 688 1 16 0
49 168766 2202 6645 1 21 1
49 127796 2203 6044 1 6 0
49 87317 2212 1889 1 47 1
49 65621 2214 1135 1 22 0
49 167484 2215 5894 1 9 0
49 145647 2215 4815 1 19 1
49 153301 2217 6371 1 32 0
49 74740 2218 976 1 43 0
49 159553 2224 872 1 17 0
49 111736 2225 5893 1 36 0
49 177530 2225 3491 1 43 1
49 91312 2226 4275 1 32 0
49 117335 2229 4137 1 32 0
49 66165 2230 3909 1 22 0
49 71517 2235 2299 1 7 1
49 70537 2238 1027 1 46 0
49 172563 2241 9695 1 34 0
49 139505 2242 3486 1 8 0
49 127323 2247 2836 1 8 0
49 76969 2250 1138 1 21 0
49 158791 2253 7075 1 27 1
49 77963 2256 1452 1 3 1
49 63346 2258 3438 1 2 0
49 163435 2259 3143 1 21 0
49 131030 2260 552 1 18 0
49 101581 2263 4050 1 6 1
49 160960 2263 7347 1 34 1
49 137751 2264 3180 1 32 0
49 169522 2266 2657 1 47 1
49 74573 2268 1532 1 20 1
49 151023 2270 3302 1 5 1
49 113531 2279 2953 1 46 0
49 66956 2280 1353 1 16 1
49 173414 2280 295 1 40 0
49 108618 2281 4180 1 3 1
49 101852 2282 4587 1 49 1
49 163586 2286 670 1 41 0
49 123080 2287 4589 1 38 0
49 82951 2290 2433 1 3 1
49 128583 2296 4746 1 8 1
49 96973 2297 4345 1 3 1
49 100822 2299 4688 1 14 0
49 69466 2302 3660 1 44 0
49 106645 2304 6040 1 4 0
49 153408 2306 5315 1 50 1
49 74774 2308 1979 1 50 0
49 113251 2309 4637 1 46 1
49 136302 2314 7775 1 26 0
49 171129 2314 8127 1 16 1
49 125492 2314 5527 1 9 1
49 150259 2316 2089 1 41 1
49 90975 2316 3460 1 43 1
49 85738 2316 2467 1 8 1
49 173059 2318 4179 1 40 0
49 169177 2318 2620 1 47 0
49 159696 2320 4012 1 37 1
49 143767 2321 5791 1 50 1
49 177616 2326 6273 1 26 0
49 100677 2328 2841 1 49 1
49 130357 2329 5688 1 18 0
49 106820 2334 2268 1 8 1
49 178584 2343 225 1 36 1
49 141973 2343 2967 1 23 1
49 146051 2348 5030 1 42 0
49 161060 2348 5232 1 24 1
49 96874 2349 5733 1 42 0
49 122817 2350 4566 1 25 1
49 111244 2354 3416 1 5 1
49 166716 2355 3454 1 5 1
49 161782 2356 3508 1 16 1
49 96797 2360 4722 1 36 0
49 113212 2362 2651 1 24 0
49 147942 2364 8640 1 8 1
49 154421 2365 8882 1 30 0
49 83552 2366 3689 1 44 0
49 68531 2367 3016 1 45 1
49 75925 2368 1614 1 27 0
49 141801 2372 6111 1 45 1
49 170182 2373 6001 1 33 0
49 118642 2375 3361 1 46 1
49 178753 2377 2894 1 15 0
49 143716 2377 2053 1 20 1
49 99033 2381 5131 1 50 0
49 117943 2382 6362 1 3 0
49 71997 2385 716 1 46 1
49 107976 2396 3348 1 18 0
49 134647 2397 7947 1 49 1
49 160427 2398 3683 1 23 1
49 67601 2400 3781 1 35 0
49 101925 2401 4178 1 35 1
49 65731 2405 2676 1 17 0
49 140320 2405 5251 1 45 1
49 104946 2407 1812 1 42 0
49 130487 2407 2119 1 50 0
49 128457 2414 7161 1 44 1
49 84465 2414 1638 1 14 0
49 119285 2416 5689 1 17 1
49 78260 2418 4208 1 3 1
49 104552 2421 1041 1 10 0
49 61336 2423 3674 1 42 0
49 83926 2425 4747 1 4 1
49 174301 2426 9689 1 30 1
49 131883 2432 7390 1 19 1
49 92064 2435 371 1 8 1
49 160315 2438 869 1 23 1
49 110077 2442 1067 1 6 1
49 137784 2444 4469 1 1 0
49 117273 2445 694 1 39 0
49 72665 2447 3941 1 46 0
49 65237 2448 2714 1 50 1
49 99991 2448 591 1 36 1
49 112241 2449 1569 1 31 0
49 117113 2451 370 1 18 0
49 130904 2453 3460 1 4 1
49 84097 2456 4849 1 13 0
49 148968 2459 4844 1 26 0
49 82351 2459 1005 1 39 0
49 81022 2468 4690 1 34 1
49 135539 2468 5322 1 15 1
49 135760 2469 5642 1 41 1
49 99172 2469 5072 1 48 1
49 148894 2476 4704 1 5 0
49 112437 2477 6652 1 40 0
49 87456 2478 4949 1 6 0
49 173560 2481 8155 1 44 0
49 166571 2486 7882 1 19 1
49 149662 2492 805 1 1 1
49 177650 2495 5240 1 20 0
49 140916 2497 4925 1 29 1
49 179449 2502 2117 1 10 1
49 86988 2505 1199 1 31 1
49 89060 2508 2787 1 42 1
49 86576 2511 3172 1 15 1
49 124430 2513 2865 1 4 0
49 140919 2515 1984 1 1 1
49 93230 2517 2150 1 9 0
49 141750 2520 7395 1 29 1
49 73967 2522 3205 1 49 0
49 146059 2527 7486 1 42 1
49 138055 2527 4792 1 31 1
49 100288 2528 4978 1 39 1
49 121225 2530 5594 1 18 1
49 117036 2534 2423 1 44 0
49 117928 2547 2867 1 18 1
49 138887 2550 3519 1 10 0
49 158472 2553 7699 1 17 1
49 137939 2554 2131 1 31 0
49 75740 2555 1079 1 13 1
49 117783 2556 5391 1 34 1
49 125779 2559 7378 1 12 1
49 148278 2560 2887 1 15 0
49 116090 2568 3689 1 17 1
49 137994 2571 1312 1 4 0
49 135855 2576 1733 1 13 1
49 122847 2576 3276 1 16 1
49 142293 2576 7663 1 36 0
49 82598 2582 846 1 32 0
49 94975 2583 3057 1 7 0
49 146629 2584 4587 1 45 1
49 84558 2586 420 1 34 0
49 98529 2588 1552 1 51 1
49 72187 2589 1702 1 5 0
49 167976 2590 8006 1 22 1
49 138291 2592 7234 1 28 0
49 107457 2594 4446 1 8 1
49 105212 2595 3634 1 11 0
49 90469 2597 4628 1 50 0
49 122648 2601 3164 1 27 1
49 139553 2603 1979 1 14 1
49 63078 2605 2207 1 28 1
49 162358 2605 9643 1 32 1
49 179256 2610 10019 1 10 0
49 149339 2611 6629 1 47 1
49 105313 2612 5835 1 21 0
49 157763 2612 9119 1 35 1
49 126239 2616 878 1 25 0
49 155516 2619 7360 1 4 1
49 78495 2628 3862 1 42 1
49 124821 2629 1908 1 49 1
49 85643 2631 3220 1 1 1
49 144540 2639 3365 1 6 0
49 92785 2641 1043 1 5 0
49 85019 2642 493 1 26 1
49 145447 2646 6717 1 38 1
49 107268 2649 657 1 3 1
49 87647 2658 88 1 6 0
49 142297 2658 7241 1 50 0
49 63539 2667 636 1 33 1
49 136415 2674 7890 1 30 0
49 91482 2675 3603 1 39 1
49 96621 2676 4945 1 32 0
49 100110 2679 1081 1 2 0
49 159366 2682 1730 1 35 1
49 93487 2688 3230 1 44 1
49 141242 2695 2640 1 27 0
49 106729 2704 4107 1 2 0
49 77289 2709 2047 1 49 1
49 133177 2711 326 1 14 0
49 132758 2714 7217 1 9 1
49 174098 2714 8554 1 26 0
49 144604 2716 6385 1 28 1
49 152668 2716 2670 1 43 1
49 154366 2717 970 1 37 1
49 62133 2723 2215 1 47 1
49 157246 2723 6174 1 48 0
49 79000 2737 773 1 28 0
49 140943 2741 5824 1 33 0
49 164220 2741 185 1 35 1
49 137598 2743 4889 1 31 0
49 154121 2743 2324 1 20 0
49 75387 2744 4135 1 43 1
49 62551 2749 3693 1 34 1
49 152792 2754 9143 1 9 0
49 65357 2754 2069 1 20 0
49 158979 2755 2049 1 42 0
49 69078 2755 1037 1 1 1
49 101121 2756 2698 1 13 0
49 164192 2756 7810 1 23 1
49 105689 2757 1486 1 48 0
49 117512 2757 5744 1 14 1
49 119914 2757 4371 1 10 1
49 122788 2765 5017 1 31 1
49 135646 2766 5970 1 17 0
49 168123 2767 6731 1 38 1
49 126817 2770 2977 1 24 0
49 165472 2770 2552 1 8 1
49 136786 2771 3225 1 50 1
49 141337 2777 4803 1 34 1
49 132763 2778 4454 1 13 1
49 166886 2783 3013 1 34 0
49 89528 2785 201 1 14 1
49 148213 2786 3110 1 7 0
49 167674 2792 4602 1 21 0
49 122103 2794 4985 1 48 1
49 124515 2794 2752 1 4 1
49 90705 2798 5016 1 14 0
49 135669 2801 3822 1 42 1
49 171914 2805 9438 1 29 1
49 124158 2808 3364 1 10 0
49 61955 2810 3106 1 10 1
49 125333 2810 153 1 23 1
49 74414 2815 868 1 44 0
49 145254 2815 6747 1 8 1
49 75009 2818 2647 1 13 1
49 103436 2820 1171 1 22 1
49 65437 2820 2252 1 4 1
49 74146 2824 2210 1 15 1
49 138214 2824 5022 1 50 1
49 144433 2824 7654 1 8 1
49 160848 2826 932 1 25 1
49 146739 2828 960 1 4 0
49 74646 2831 4002 1 42 1
49 152645 2832 6027 1 28 0
49 75219 2832 971 1 35 0
49 65792 2836 1819 1 48 0
49 96980 2836 1390 1 41 1
49 153724 2839 877 1 42 0
49 96375 2840 3289 1 42 0
49 160755 2844 1657 1 30 1
49 138672 2844 5868 1 32 0
49 117581 2846 1744 1 22 0
49 164821 2846 6838 1 42 0
49 76838 2847 2295 1 6 1
49 71624 2848 876 1 51 1
49 176438 2858 10069 1 16 1
49 117656 2862 4662 1 44 0
49 68850 2864 1197 1 42 0
49 145332 2868 3644 1 9 0
49 122458 2871 2840 1 7 1
49 97970 2872 4479 1 32 1
49 139010 2875 3665 1 23 0
49 76241 2877 3988 1 1 0
49 127581 2884 3440 1 51 1
49 159891 2885 9296 1 12 0
49 107261 2885 3096 1 1 1
49 65077 2886 2583 1 18 1
49 64225 2886 245 1 34 0
49 62230 2887 455 1 36 0
49 100878 2888 2857 1 37 1
49 106570 2891 4322 1 24 1
49 83697 2893 2320 1 26 1
49 62870 2896 1930 1 43 0
49 129172 2897 2961 1 8 1
49 67482 2898 642 1 7 1
49 176337 2898 4680 1 37 1
49 131615 2902 5572 1 36 1
49 109757 2903 2839 1 19 0
49 119226 2903 6583 1 11 1
49 149807 2908 5103 1 24 0
49 178242 2909 5284 1 3 0
49 175493 2912 10100 1 26 1
49 176982 2914 1520 1 45 0
49 169866 2916 7985 1 30 0
49 84482 2917 413 1 29 0
49 94400 2919 1421 1 27 1
49 95256 2919 3146 1 5 0
49 71945 2929 3374 1 49 0
49 174178 2930 2495 1 31 0
49 62589 2933 788 1 40 1
49 160597 2934 6492 1 45 1
49 75626 2943 1125 1 19 1
49 127181 2944 5171 1 40 1
49 143415 2946 1957 1 18 0
49 72389 2947 92 1 12 0
49 151466 2948 1406 1 15 0
49 110118 2949 3747 1 16 0
49 107012 2950 4337 1 37 0
49 120314 2956 4299 1 45 0
49 129824 2956 298 1 30 0
49 76146 2956 3918 1 22 0
49 166197 2958 1059 1 21 1
49 157667 2965 2621 1 26 1
49 153265 2965 8884 1 34 1
49 177413 2966 5140 1 32 1
49 98535 2968 4765 1 23 0
49 69420 2968 2665 1 48 1
49 110033 2972 1838 1 17 0
49 142004 2979 8223 1 14 1
49 71289 2980 1744 1 4 0
49 133113 2981 6937 1 22 0
49 101393 2983 4588 1 50 1
49 170321 2983 2593 1 11 0
49 96060 2988 2053 1 46 0
49 65782 2988 1071 1 37 0
49 125683 2988 4361 1 34 1
49 71758 2990 2601 1 11 1
49 124236 2991 3848 1 3 0
49 142990 2998 6526 1 24 1
49 153123 2999 6588 1 5 0
49 113450 3004 3752 1 23 1
49 171655 3008 2535 1 46 0
49 78606 3008 4591 1 31 0
49 126905 3011 5105 1 45 0
49 150876 3013 2892 1 50 1
49 168537 3014 8345 1 41 0
49 166759 3015 4107 1 37 0
49 176177 3020 3865 1 1 0
49 102183 3020 948 1 39 0
49 87144 3021 2886 1 8 1
49 99665 3025 5739 1 3 1
49 135568 3026 1576 1 11 0
49 114839 3030 940 1 23 0
49 178806 3031 5149 1 5 1
49 147450 3033 3404 1 22 0
49 159659 3034 207 1 10 1
49 78054 3034 1934 1 13 0
49 79648 3034 497 1 45 0
49 98213 3035 440 1 47 0
49 134309 3038 7493 1 38 0
49 100853 3040 4981 1 23 0
49 163619 3049 2941 1 32 1
49 94227 3050 553 1 21 0
49 143442 3053 7471 1 24 1
49 162060 3056 2152 1 38 0
49 122654 3059 2353 1 16 0
49 173667 3062 5127 1 32 0
49 146605 3062 1056 1 23 0
49 88945 3066 1591 1 29 1
49 101194 3067 2885 1 22 1
49 83024 3070 476 1 49 1
49 120844 3071 1895 1 19 0
49 60287 3072 2904 1 4 1
49 165657 3073 855 1 50 0
49 169514 3074 6224 1 38 1
49 76036 3075 2369 1 41 0
49 124078 3076 2785 1 39 1
49 145711 3081 4453 1 29 0
49 175708 3082 7589 1 25 1
49 66592 3086 3603 1 38 0
49 104185 3088 5123 1 29 1
49 139274 3088 1143 1 44 1
49 94711 3092 1441 1 42 0
49 73693 3096 381 1 40 0
49 90941 3099 4250 1 1 1
49 146852 3107 4422 1 43 1
49 63663 3110 710 1 49 1
49 172218 3111 7967 1 3 0
49 88911 3112 2476 1 4 0
49 123313 3118 892 1 35 1
49 174631 3119 4632 1 27 1
49 177916 3122 3055 1 18 0
49 78314 3122 1521 1 7 0
49 174193 3133 6896 1 24 0
49 153834 3137 8082 1 40 1
49 153758 3137 4561 1 33 0
49 162388 3138 988 1 10 1
49 179246 3139 5181 1 21 1
49 108225 3144 3094 1 32 0
49 63270 3148 3759 1 46 1
49 134424 3148 1732 1 32 0
49 141484 3148 5834 1 24 1
49 145454 3151 4391 1 29 1
49 125157 3151 6415 1 29 0
49 65319 3153 3353 1 5 0
49 164563 3154 9432 1 34 0
49 163361 3158 6043 1 47 0
49 82892 3159 3634 1 13 1
49 70961 3159 357 1 38 1
49 158946 3160 4908 1 13 0
49 175414 3161 6117 1 25 0
49 144530 3165 5676 1 22 1
49 162331 3166 4653 1 13 1
49 91668 3166 4406 1 30 0
49 95486 3174 4622 1 33 0
49 72517 3175 1363 1 33 1
49 153934 3182 207 1 7 1
49 148724 3184 4599 1 14 1
49 149719 3190 1212 1 11 0
49 80147 3194 1502 1 6 1
49 128974 3198 5813 1 12 1
49 118775 3201 3006 1 44 0
49 161512 3204 4156 1 28 1
49 160588 3211 3614 1 40 0
49 135537 3214 4700 1 46 0
49 83400 3214 2017 1 38 1
49 116481 3216 5477 1 14 0
49 166312 3220 8734 1 41 0
49 140377 3224 744 1 14 0
49 144883 3226 2108 1 41 0
49 117486 3226 5448 1 44 0
49 92108 3227 112 1 1 0
49 141183 3232 7294 1 1 0
49 179219 3234 9319 1 24 0
49 76314 3236 2627 1 30 1
49 126562 3236 6094 1 20 1
49 69711 3237 373 1 38 1
49 157237 3241 5810 1 10 0
49 127126 3244 5298 1 22 1
49 76593 3244 851 1 1 0
49 133684 3248 1041 1 15 1
49 98533 3250 2760 1 1 0
49 150231 3251 7200 1 9 0
49 161004 3251 1039 1 2 1
49 160574 3254 2667 1 31 0
49 69916 3255 3253 1 1 1
49 85530 3261 2912 1 12 1
49 124977 3261 6081 1 19 1
49 174562 3270 6547 1 1 0
49 154251 3271 3806 1 15 1
49 67095 3272 560 1 16 0
49 121605 3276 3166 1 21 1
49 159045 3276 2751 1 47 1
49 128460 3277 296 1 34 1
49 168399 3277 8346 1 27 1
49 111117 3278 4279 1 50 1
49 155613 3278 5311 1 29 0
49 151889 3284 4321 1 22 1
49 136167 3286 5131 1 24 1
49 164966 3287 9092 1 38 0
49 67866 3288 832 1 11 0
49 130540 3292 1156 1 13 0
49 155847 3299 9170 1 3 0
49 155652 3299 8061 1 12 1
49 154593 3301 7694 1 48 0
49 77899 3301 2873 1 10 0
49 80642 3302 1925 1 45 1
49 102773 3307 2832 1 13 1
49 156404 3309 6706 1 39 1
49 78812 3309 2067 1 22 1
49 84816 3309 2232 1 42 1
49 116794 3316 2447 1 22 0
49 151033 3321 1373 1 24 1
49 110345 3322 528 1 35 1
49 105446 3323 5242 1 15 1
49 151687 3327 8173 1 5 1
49 129003 3329 1611 1 34 0
49 138363 3333 6718 1 51 0
49 148302 3334 7055 1 6 0
49 79992 3336 1722 1 8 1
49 97471 3338 1016 1 21 1
49 109171 3344 619 1 10 1
49 92349 3357 4715 1 46 1
49 139912 3358 7972 1 44 0
49 61813 3361 1883 1 1 0
49 139526 3365 7474 1 7 0
49 106391 3369 2304 1 35 1
49 156540 3374 3894 1 41 1
49 164712 3378 6986 1 34 0
49 160782 3379 1374 1 42 0
49 124261 3380 2842 1 19 1
49 86619 3385 4839 1 32 1
49 85520 3385 1796 1 12 1
49 168428 3391 5183 1 30 1
49 125031 3395 4030 1 33 0
49 169369 3398 4257 1 39 1
49 129409 3400 3144 1 3 0
49 74249 3404 2333 1 38 0
49 162354 3406 1182 1 32 1
49 64364 3408 686 1 46 0
49 60342 3410 1190 1 42 1
49 115994 3415 4293 1 3 0
49 65948 3416 2745 1 20 1
49 93727 3419 4827 1 26 0
49 116839 3419 1073 1 27 0
49 167237 3422 3843 1 1 1
49 93252 3422 3229 1 45 0
49 69431 3423 650 1 28 1
49 146866 3426 2407 1 6 1
49 143561 3426 540 1 49 1
49 116718 3428 3042 1 20 1
49 103168 3430 2233 1 51 0
49 168904 3430 567 1 1 0
49 115564 3431 4018 1 32 0
49 143681 3432 3047 1 49 0
49 105660 3433 4300 1 46 0
49 63268 3434 847 1 39 0
49 175834 3437 7587 1 24 1
49 148472 3447 2926 1 28 1
49 64505 3449 2480 1 2 0
49 143162 3450 6384 1 1 1
49 127091 3454 4996 1 12 0
49 163385 3455 6337 1 14 0
49 80639 3456 795 1 44 1
49 139638 3459 1352 1 43 0
49 176067 3460 5008 1 30 1
49 71608 3462 3658 1 23 0
49 90322 3467 3533 1 46 1
49 105201 3468 6155 1 2 0
49 127120 3471 5595 1 21 1
49 109451 3472 5393 1 24 1
49 141020 3475 2715 1 30 1
49 109936 3475 6428 1 37 0
49 131807 3476 5842 1 40 1
49 78843 3477 3358 1 42 0
49 102235 3477 1760 1 30 1
49 141409 3478 6385 1 43 1
49 82337 3482 2608 1 15 0
49 81519 3482 3586 1 38 0
49 116556 3483 3315 1 43 1
49 138017 3490 8089 1 9 1
49 97756 3494 5836 1 11 1
49 158545 3497 5227 1 3 1
49 98804 3500 667 1 38 1
49 97909 3501 4847 1 43 0
49 94680 3506 1819 1 32 0
49 109737 3509 4365 1 46 1
49 106851 3511 1050 1 15 0
49 154720 3516 1536 1 49 1
49 133761 3516 5011 1 36 0
49 102953 3516 1053 1 23 0
49 96831 3518 1431 1 48 0
49 154199 3518 3883 1 15 0
49 134747 3520 7349 1 31 1
49 65353 3523 2900 1 23 1
49 85086 3525 1276 1 34 0
49 124407 3526 6394 1 41 1
49 119292 3527 4512 1 51 0
49 179813 3528 6370 1 8 1
49 74783 3534 4011 1 22 1
49 114671 3535 3099 1 24 0
49 103291 3535 1284 1 1 1
49 65519 3540 2928 1 12 1
49 139335 3542 4397 1 28 1
49 126398 3545 2991 1 4 0
49 117803 3546 6542 1 41 0
49 171209 3547 3654 1 14 1
49 104752 3554 2516 1 45 1
49 78158 3554 1765 1 28 0
49 139021 3554 3990 1 1 1
49 73992 3558 3052 1 20 1
49 141402 3558 4412 1 3 0
49 87525 3566 1096 1 11 1
49 158915 3568 4178 1 14 1
49 62225 3569 1856 1 8 0
49 144513 3570 5215 1 10 1
49 115277 3576 6367 1 45 1
49 80606 3577 2563 1 19 1
49 148684 3581 8459 1 22 1
49 71870 3583 3032 1 8 0
49 170172 3583 9176 1 38 1
49 73192 3583 257 1 46 0
49 70860 3583 2042 1 9 1
49 89913 3584 2214 1 3 0
49 147534 3585 4747 1 2 0
49 95185 3587 2290 1 44 1
49 167875 3588 3433 1 44 0
49 135636 3591 6511 1 31 0
49 168228 3592 378 1 51 1
49 159659 3594 2338 1 41 0
49 148402 3595 637 1 48 0
49 95944 3596 776 1 34 0
49 152950 3596 5873 1 27 1
49 132623 3597 7118 1 6 0
