1500
5 94346 1 302 1 26 0
5 153488 3 7108 1 49 0
5 178298 4 8436 1 49 0
5 69719 5 4098 1 24 0
5 177213 7 1304 1 18 1
5 128305 8 6268 1 5 0
5 94193 11 875 1 12 1
5 161757 11 4223 1 3 1
5 100324 12 3213 1 15 0
5 177692 17 6200 1 28 0
5 102718 19 4458 1 39 0
5 78056 20 759 1 3 0
5 176299 20 2824 1 9 0
5 63245 22 3562 1 38 0
5 106481 25 667 1 32 1
5 142437 25 8070 1 39 0
5 98943 29 532 1 44 1
5 91627 30 374 1 1 0
5 121070 32 6197 1 24 1
5 133971 32 6784 1 41 0
5 100077 37 1330 1 22 0
5 103997 38 3658 1 15 1
5 116200 39 2037 1 16 1
5 69100 39 988 1 11 0
5 130116 43 5075 1 47 0
5 85297 44 4692 1 34 1
5 113502 46 3133 1 4 0
5 102762 47 2774 1 43 0
5 96422 48 4111 1 10 1
5 119596 50 7129 1 39 0
5 126787 51 185 1 11 0
5 73009 57 1734 1 33 0
5 116973 60 5554 1 28 1
5 60955 63 3051 1 47 1
5 141985 64 4434 1 21 0
5 63257 66 3013 1 50 0
5 108673 68 1832 1 50 0
5 89533 70 3723 1 44 1
5 73442 73 1697 1 29 1
5 146828 80 4682 1 21 0
5 173146 80 8693 1 40 0
5 160254 89 7651 1 23 1
5 136398 95 1707 1 49 0
5 160483 103 5248 1 39 0
5 135525 103 7445 1 9 0
5 131319 108 1433 1 50 0
5 72818 109 840 1 23 1
5 74843 110 147 1 2 1
5 103641 111 537 1 13 1
5 64950 112 1567 1 29 1
5 96075 116 434 1 3 0
5 96932 118 1253 1 4 1
5 168035 121 4982 1 19 0
5 83612 122 3432 1 37 0
5 150597 124 4493 1 25 1
5 164053 126 8788 1 35 1
5 78082 126 3619 1 27 1
5 125247 130 4501 1 19 0
5 156113 131 3692 1 24 0
5 163014 132 5120 1 17 1
5 160072 133 9275 1 32 1
5 169958 133 259 1 49 0
5 149624 133 3705 1 35 1
5 135822 135 4844 1 38 0
5 117111 140 5321 1 11 1
5 93585 144 1945 1 42 0
5 62850 148 2320 1 2 0
5 116846 151 2608 1 28 0
5 62750 153 2411 1 16 1
5 117959 162 5014 1 16 0
5 144055 164 3296 1 20 0
5 176990 164 9822 1 12 1
5 75881 165 2803 1 41 1
5 72722 167 4128 1 23 0
5 172372 168 6818 1 37 0
5 160524 168 2811 1 29 0
5 125179 169 408 1 11 1
5 151401 182 7164 1 7 1
5 131330 183 3337 1 7 0
5 106161 186 5355 1 10 0
5 168803 189 5534 1 28 1
5 171656 189 9673 1 41 1
5 124275 191 4249 1 35 1
5 112149 198 4440 1 30 0
5 137559 198 7217 1 13 0
5 162443 201 9655 1 33 0
5 66534 202 297 1 37 0
5 117799 203 3208 1 28 1
5 84272 205 4025 1 28 0
5 170916 206 8691 1 47 0
5 60359 217 2437 1 14 0
5 107428 223 5399 1 35 1
5 81500 225 3253 1 26 0
5 65281 227 2927 1 43 0
5 129700 234 2392 1 8 1
5 168614 236 3378 1 24 1
5 133685 239 7740 1 37 1
5 85092 248 3188 1 40 0
5 136330 257 3930 1 4 0
5 173833 263 5387 1 23 1
5 114566 264 2459 1 41 0
5 60508 265 2332 1 27 1
5 92983 266 3677 1 24 1
5 79029 272 3674 1 27 1
5 155321 273 9045 1 43 1
5 152968 275 5192 1 29 0
5 105259 276 5303 1 27 0
5 72782 276 2825 1 47 0
5 152060 277 5187 1 31 1
5 80584 278 2774 1 36 0
5 126632 278 3725 1 6 0
5 142655 280 2301 1 11 1
5 78463 283 631 1 29 1
5 69752 283 2264 1 39 1
5 88885 283 1360 1 46 1
5 178399 285 8565 1 17 1
5 169068 286 9478 1 34 0
5 132130 289 4653 1 31 0
5 144698 292 496 1 37 0
5 79740 298 3038 1 13 0
5 90312 300 1297 1 20 0
5 148497 311 7876 1 6 0
5 121486 312 6660 1 16 0
5 62647 313 226 1 51 1
5 113377 313 3000 1 26 1
5 178262 317 5152 1 24 1
5 72298 317 1365 1 37 0
5 72777 321 96 1 22 1
5 69217 322 3661 1 41 1
5 84313 322 3391 1 24 1
5 132743 326 4762 1 8 1
5 124594 329 1367 1 39 1
5 138515 330 3100 1 34 0
5 109342 332 2873 1 12 1
5 134841 332 2190 1 18 1
5 171307 336 8856 1 45 1
5 118618 339 3216 1 47 0
5 65267 340 2274 1 27 0
5 113335 340 1352 1 49 1
5 169278 344 457 1 22 0
5 100800 345 2479 1 9 1
5 93538 347 4334 1 39 0
5 84020 347 4257 1 34 0
5 101868 347 1543 1 7 0
5 149160 353 6013 1 23 1
5 170118 353 1938 1 17 0
5 79924 355 1370 1 39 1
5 142968 357 2153 1 15 1
5 60012 357 2707 1 8 1
5 167558 360 5594 1 34 0
5 62529 360 1477 1 30 1
5 148359 363 453 1 23 1
5 169374 365 2781 1 45 0
5 134587 370 2362 1 8 0
5 97518 371 265 1 19 1
5 87319 372 2463 1 36 1
5 74963 373 1558 1 12 1
5 62058 373 500 1 49 0
5 115374 380 2417 1 33 1
5 155437 384 7998 1 36 1
5 154996 384 1339 1 20 1
5 156724 389 4953 1 27 0
5 80496 390 3865 1 16 0
5 134885 390 349 1 22 0
5 160383 390 2775 1 15 0
5 72005 392 3142 1 24 1
5 95202 394 5545 1 47 0
5 61885 394 1920 1 22 1
5 72775 397 1394 1 11 0
5 173097 399 416 1 28 0
5 179477 400 10468 1 1 1
5 127377 400 1836 1 29 1
5 93896 404 2346 1 32 0
5 126784 405 343 1 25 0
5 172513 408 6053 1 15 0
5 161366 408 2698 1 20 1
5 136622 414 5488 1 14 0
5 166873 417 5725 1 44 0
5 137863 422 2051 1 8 0
5 74438 427 1480 1 18 0
5 74772 427 437 1 11 0
5 160979 428 1503 1 11 0
5 119646 430 4934 1 26 1
5 111713 431 174 1 7 0
5 136974 441 8143 1 41 1
5 85565 443 5064 1 42 0
5 149543 446 4352 1 4 0
5 127743 446 5948 1 5 0
5 84346 447 310 1 26 0
5 124433 449 2881 1 2 1
5 76780 451 609 1 28 0
5 145990 452 5413 1 47 0
5 104882 453 2639 1 24 1
5 116400 460 5280 1 45 1
5 114785 461 2985 1 22 1
5 132967 463 5112 1 39 0
5 83126 464 4514 1 23 1
5 126058 464 5999 1 41 1
5 67911 465 3928 1 7 1
5 134890 471 6571 1 34 1
5 142034 472 5759 1 36 0
5 88144 473 2228 1 31 1
5 79952 476 1299 1 14 0
5 64126 478 1265 1 28 1
5 105464 479 1124 1 7 1
5 131603 480 4372 1 33 1
5 162873 480 8440 1 16 0
5 114518 483 2550 1 36 1
5 78837 483 3875 1 40 1
5 93964 484 4830 1 32 0
5 127746 487 6489 1 38 0
5 79823 497 3840 1 12 0
5 99890 499 4639 1 46 0
5 84367 500 1390 1 22 0
5 138045 504 2840 1 5 0
5 99482 504 2155 1 50 0
5 177708 505 4393 1 33 1
5 97283 508 2011 1 12 0
5 99625 508 1580 1 14 0
5 144827 510 2439 1 30 0
5 94458 511 4029 1 18 1
5 152763 513 8050 1 27 1
5 101426 513 111 1 51 0
5 81207 521 588 1 15 0
5 132321 524 1078 1 38 1
5 116639 525 1723 1 7 0
5 139890 529 4513 1 7 1
5 174346 529 7316 1 40 1
5 174669 534 3741 1 26 0
5 134506 536 5559 1 24 0
5 87811 542 2034 1 24 0
5 161141 548 3751 1 20 1
5 103477 548 2477 1 34 0
5 174362 553 2333 1 48 0
5 137339 562 246 1 17 0
5 164354 564 8235 1 6 1
5 96379 564 2788 1 42 1
5 151255 566 2240 1 40 1
5 162543 567 7405 1 34 0
5 120378 580 660 1 8 1
5 138641 582 430 1 31 0
5 105009 584 2633 1 31 1
5 72463 585 3596 1 12 0
5 135566 587 6480 1 8 0
5 107533 589 395 1 7 0
5 172593 589 2268 1 16 1
5 120175 594 2507 1 9 0
5 81371 600 3308 1 13 1
5 70196 603 1326 1 18 0
5 78525 606 1983 1 36 0
5 133167 608 5466 1 46 0
5 136461 610 6035 1 25 1
5 136910 611 1299 1 33 1
5 165443 611 1533 1 5 0
5 81111 613 1031 1 10 1
5 161967 619 8639 1 45 1
5 98411 623 2832 1 16 1
5 149800 628 7649 1 13 0
5 149016 628 1681 1 1 0
5 131079 629 6725 1 21 0
5 163675 631 5744 1 9 1
5 178214 631 6576 1 3 1
5 162129 633 5490 1 27 1
5 109283 634 5524 1 23 0
5 152337 635 7883 1 17 1
5 94479 638 5204 1 10 1
5 156164 642 6080 1 43 0
5 173648 643 8708 1 25 1
5 119256 644 6123 1 29 0
5 70440 647 2499 1 47 1
5 102537 649 3603 1 44 0
5 75836 654 1835 1 4 0
5 130327 654 3828 1 23 1
5 107765 654 3673 1 34 1
5 111529 659 1964 1 20 1
5 95243 661 2524 1 13 0
5 117718 664 5101 1 8 0
5 91664 666 1969 1 37 1
5 154014 673 6906 1 37 1
5 81340 674 2062 1 20 0
5 108948 675 582 1 13 1
5 172430 676 4657 1 31 1
5 145821 676 6706 1 38 1
5 121786 679 7228 1 5 0
5 153218 682 8322 1 2 0
5 96565 685 3393 1 8 0
5 143393 687 1667 1 11 1
5 93640 694 3167 1 27 0
5 65307 694 3124 1 15 0
5 159416 697 3979 1 10 1
5 150367 699 1719 1 14 0
5 97593 699 3345 1 16 0
5 125704 701 5763 1 49 1
5 102625 701 2724 1 35 1
5 66903 703 391 1 17 0
5 127712 704 2286 1 6 0
5 88497 706 540 1 15 1
5 89818 710 136 1 43 0
5 100754 711 2822 1 40 1
5 131629 720 643 1 50 0
5 122866 725 1035 1 15 1
5 166037 729 7606 1 15 0
5 70735 731 4162 1 50 0
5 126573 738 2073 1 16 1
5 149329 739 2016 1 29 0
5 150067 744 1452 1 42 0
5 134655 747 4558 1 44 0
5 92619 749 379 1 34 1
5 70918 755 3197 1 1 0
5 159123 756 4462 1 10 1
5 94621 758 2664 1 51 1
5 124422 759 2436 1 11 0
5 175917 760 3325 1 22 1
5 124667 760 1271 1 50 0
5 128427 761 4636 1 29 1
5 86025 766 3767 1 18 0
5 156354 767 5351 1 3 1
5 176947 770 6686 1 27 1
5 109857 773 3508 1 30 0
5 151850 775 8063 1 47 0
5 168915 778 4421 1 19 0
5 106379 781 4893 1 46 0
5 119393 782 1311 1 6 1
5 134378 787 796 1 15 0
5 133235 787 416 1 41 1
5 115663 790 1385 1 27 1
5 75924 795 3973 1 30 0
5 70316 797 1693 1 6 1
5 135086 797 149 1 39 1
5 96945 799 205 1 13 0
5 60713 802 101 1 16 0
5 91561 808 571 1 25 1
5 87574 811 266 1 39 1
5 169034 813 9186 1 26 0
5 72200 813 3051 1 34 0
5 166826 817 6203 1 3 0
5 115155 824 1950 1 30 0
5 160269 824 2522 1 28 1
5 60256 828 3066 1 43 1
5 72364 829 2257 1 43 1
5 118721 833 554 1 14 0
5 93664 834 2152 1 15 0
5 179018 835 7238 1 35 1
5 112337 835 4955 1 17 1
5 154452 839 4922 1 51 1
5 130979 844 4299 1 7 0
5 123972 846 4960 1 4 0
5 174239 847 9044 1 15 0
5 128413 854 1013 1 6 0
5 65498 854 3041 1 37 0
5 93839 859 2759 1 5 0
5 99873 862 2054 1 50 1
5 94111 862 133 1 37 0
5 103313 863 4696 1 20 0
5 154937 866 423 1 4 0
5 83299 869 3149 1 28 1
5 177421 870 7105 1 46 1
5 160161 870 6395 1 18 0
5 133445 871 4998 1 50 0
5 166304 872 2809 1 42 0
5 91128 876 4183 1 48 1
5 113433 881 2378 1 32 0
5 155991 882 8684 1 6 0
5 69813 886 2538 1 13 1
5 90698 886 247 1 38 0
5 84511 887 4790 1 28 1
5 65283 889 389 1 51 1
5 88221 889 3287 1 18 0
5 86272 892 932 1 37 1
5 81254 892 4107 1 15 0
5 147869 900 514 1 41 0
5 136857 902 1046 1 4 1
5 177270 903 6821 1 3 0
5 153016 909 8556 1 19 1
5 174104 910 8239 1 9 0
5 144323 911 3004 1 26 0
5 73443 922 1273 1 25 1
5 164320 922 5891 1 51 1
5 124579 927 1056 1 25 1
5 70365 928 914 1 36 0
5 101160 932 833 1 23 0
5 64803 933 2221 1 29 1
5 90916 936 5319 1 48 1
5 77689 937 1107 1 24 0
5 175626 938 1190 1 31 1
5 128446 944 7168 1 24 0
5 164969 948 3280 1 48 1
5 93931 949 3673 1 43 1
5 159421 949 5862 1 34 0
5 122058 951 2244 1 18 1
5 94649 955 5286 1 15 1
5 106343 955 4346 1 26 0
5 81709 955 1453 1 38 0
5 158918 957 7874 1 18 1
5 111546 966 6592 1 3 0
5 62136 966 2728 1 8 1
5 119416 967 5030 1 26 0
5 105988 969 4390 1 23 0
5 140672 977 5474 1 6 1
5 130620 982 7550 1 49 1
5 159255 984 3025 1 50 1
5 111740 985 364 1 8 0
5 62016 990 303 1 6 0
5 127434 991 4651 1 29 0
5 144490 992 5964 1 46 1
5 130488 996 5325 1 24 0
5 105229 996 3261 1 29 1
5 156967 1008 9103 1 5 1
5 104215 1009 2283 1 26 1
5 83651 1011 3469 1 38 1
5 149028 1017 1401 1 41 1
5 132150 1018 1531 1 23 1
5 113622 1019 823 1 6 1
5 62759 1022 694 1 42 1
5 99849 1024 1019 1 21 0
5 142385 1024 4186 1 16 0
5 93901 1026 4207 1 4 1
5 162579 1032 7902 1 5 1
5 151395 1043 9038 1 41 0
5 88722 1044 4719 1 36 1
5 64574 1046 3442 1 11 1
5 165722 1049 1709 1 31 0
5 178645 1049 2465 1 34 0
5 150855 1052 5202 1 50 0
5 171901 1059 6818 1 32 1
5 71909 1060 3484 1 17 1
5 74710 1062 1288 1 32 1
5 155103 1063 6760 1 2 0
5 92752 1063 1083 1 38 1
5 167166 1064 7904 1 18 0
5 90835 1065 3185 1 6 0
5 118611 1067 2172 1 48 1
5 176197 1073 8500 1 19 1
5 87443 1075 1027 1 7 1
5 173335 1076 4604 1 4 1
5 148454 1078 4982 1 29 1
5 142583 1080 7104 1 35 0
5 133632 1082 5255 1 27 0
5 90530 1082 3263 1 14 0
5 78755 1085 3959 1 5 0
5 76263 1085 1581 1 23 0
5 175075 1087 7846 1 16 1
5 114087 1088 3887 1 16 0
5 90081 1088 166 1 50 0
5 149406 1088 6444 1 36 1
5 175157 1094 382 1 1 0
5 168838 1102 5557 1 39 0
5 93384 1109 3190 1 21 1
5 163651 1110 3258 1 38 0
5 60463 1111 1754 1 6 1
5 88720 1111 4344 1 41 0
5 106364 1114 587 1 46 0
5 109841 1120 115 1 51 0
5 132680 1123 201 1 26 1
5 89748 1127 3704 1 41 1
5 119631 1133 3977 1 27 1
5 143779 1135 3679 1 22 0
5 121511 1138 1447 1 51 1
5 102122 1143 5218 1 24 1
5 167091 1143 6153 1 26 0
5 145167 1143 6831 1 1 0
5 82856 1152 1836 1 40 0
5 84993 1153 1237 1 9 1
5 114939 1154 3796 1 39 0
5 179390 1155 8527 1 36 1
5 152902 1162 2195 1 7 1
5 130838 1163 1778 1 32 0
5 164489 1166 8217 1 21 1
5 93549 1167 4745 1 40 0
5 133350 1177 4521 1 19 0
5 167191 1178 7781 1 6 1
5 131243 1181 5827 1 37 1
5 77356 1182 445 1 28 1
5 167040 1183 5543 1 38 0
5 167325 1183 223 1 49 1
5 138497 1186 1974 1 33 1
5 143686 1188 4610 1 20 1
5 168103 1194 5125 1 8 0
5 143328 1194 7190 1 27 1
5 63004 1195 67 1 39 1
5 171571 1198 5239 1 5 1
5 86369 1199 773 1 36 1
5 139463 1201 1418 1 39 0
5 142059 1203 885 1 1 0
5 136860 1205 6376 1 38 0
5 160449 1205 485 1 8 1
5 148443 1214 5969 1 6 0
5 138151 1217 1650 1 8 0
5 82827 1225 551 1 49 1
5 69977 1225 3140 1 47 1
5 71881 1226 3265 1 21 1
5 84392 1229 3567 1 14 1
5 108196 1231 3832 1 28 0
5 80808 1232 4675 1 49 1
5 67239 1233 1809 1 48 1
5 128787 1234 7021 1 26 0
5 130249 1235 1404 1 20 0
5 98482 1235 319 1 15 1
5 99446 1237 2496 1 21 1
5 110967 1242 1305 1 4 0
5 103427 1242 828 1 17 0
5 150412 1245 549 1 31 0
5 101265 1245 2388 1 49 1
5 128223 1248 7327 1 47 0
5 84369 1251 3895 1 6 1
5 73602 1260 1136 1 29 0
5 143387 1263 4587 1 12 0
5 134942 1267 5769 1 25 0
5 85466 1269 4720 1 40 0
5 112496 1269 2115 1 7 0
5 130028 1271 6366 1 25 0
5 86432 1279 3763 1 28 1
5 124710 1288 6173 1 11 0
5 172171 1300 706 1 34 1
5 145028 1302 7606 1 8 1
5 160068 1308 6454 1 44 1
5 114748 1308 609 1 3 0
5 114076 1309 6343 1 28 0
5 134364 1310 4576 1 24 0
5 77954 1313 791 1 7 1
5 164186 1316 2564 1 6 1
5 84643 1330 717 1 39 0
5 171543 1331 5098 1 30 1
5 100392 1331 4811 1 40 0
5 69124 1335 754 1 19 1
5 70219 1337 1839 1 49 1
5 105557 1343 280 1 37 0
5 89402 1344 2714 1 25 1
5 170545 1345 1719 1 4 0
5 128900 1347 4261 1 6 0
5 116264 1350 5827 1 26 1
5 69040 1354 2612 1 26 1
5 68893 1354 1470 1 37 0
5 144272 1355 215 1 28 0
5 131505 1356 941 1 30 0
5 159920 1359 7751 1 9 1
5 150058 1361 6381 1 42 1
5 100696 1363 3362 1 42 0
5 137614 1370 6822 1 1 1
5 140683 1370 4655 1 34 0
5 97612 1372 5627 1 45 1
5 151202 1373 2188 1 16 1
5 96265 1378 1909 1 17 0
5 149705 1380 2438 1 18 0
5 113624 1382 1235 1 24 0
5 144650 1382 7340 1 50 0
5 135292 1382 4918 1 11 1
5 106155 1385 4753 1 22 1
5 99196 1386 5327 1 40 1
5 113758 1387 1094 1 42 0
5 112279 1390 450 1 24 1
5 82889 1392 1753 1 13 1
5 95448 1394 2733 1 2 0
5 155485 1396 6322 1 22 1
5 139630 1399 4419 1 47 0
5 106603 1399 4169 1 49 0
5 114977 1399 4158 1 33 1
5 129078 1403 3509 1 2 1
5 64432 1404 841 1 29 0
5 130082 1407 1726 1 40 0
5 164483 1407 1163 1 23 0
5 80031 1409 879 1 20 1
5 164277 1419 8804 1 22 0
5 81480 1422 3005 1 5 1
5 111529 1423 4705 1 7 0
5 161256 1424 6196 1 29 1
5 68123 1427 3310 1 8 1
5 77777 1429 407 1 45 1
5 81710 1432 771 1 40 1
5 171377 1433 4436 1 10 1
5 85134 1433 4767 1 31 0
5 91543 1433 797 1 16 1
5 86399 1436 1584 1 24 0
5 175119 1440 3256 1 21 1
5 97333 1442 5428 1 44 1
5 89399 1442 3584 1 38 1
5 69949 1448 1686 1 8 1
5 91948 1452 1018 1 1 1
5 68182 1452 1631 1 38 1
5 81160 1456 3459 1 6 0
5 140591 1456 7504 1 33 1
5 161637 1461 7402 1 28 1
5 159944 1465 8271 1 48 0
5 123115 1465 5078 1 12 1
5 95577 1470 4960 1 30 0
5 160066 1470 8814 1 24 0
5 66979 1473 2790 1 28 1
5 116210 1474 4326 1 49 0
5 178074 1475 8174 1 38 0
5 110224 1476 5480 1 51 0
5 87309 1481 3611 1 13 1
5 143768 1483 1776 1 25 1
5 98496 1484 4961 1 14 0
5 133566 1484 1516 1 23 1
5 167058 1485 4858 1 4 0
5 90102 1487 4126 1 46 0
5 143650 1489 7873 1 20 1
5 93037 1489 2848 1 46 0
5 148966 1489 2857 1 35 1
5 66898 1491 2120 1 37 0
5 101859 1496 1347 1 18 1
5 78736 1498 3104 1 34 1
5 135827 1506 5322 1 40 1
5 98755 1509 4809 1 14 0
5 169467 1511 6393 1 44 1
5 125739 1517 6931 1 24 0
5 146676 1517 8760 1 28 0
5 118526 1518 2977 1 16 0
5 166442 1518 4423 1 21 1
5 62235 1521 2072 1 18 0
5 99890 1522 4246 1 25 0
5 129124 1525 1714 1 18 1
5 113239 1528 1666 1 1 1
5 95895 1532 1248 1 11 1
5 63678 1532 2893 1 51 0
5 92549 1534 1969 1 33 1
5 92587 1534 4508 1 32 1
5 99072 1535 200 1 48 0
5 61278 1535 683 1 41 1
5 126110 1535 626 1 13 0
5 127610 1536 5374 1 11 0
5 100087 1537 5562 1 7 0
5 73409 1538 2153 1 19 1
5 119225 1547 4259 1 1 1
5 166923 1551 8687 1 43 0
5 163921 1553 2969 1 50 1
5 93191 1554 2325 1 10 1
5 177946 1559 1308 1 8 0
5 70779 1559 3461 1 10 0
5 73668 1559 732 1 23 0
5 169458 1561 2260 1 35 1
5 175737 1567 177 1 2 1
5 101891 1569 1234 1 33 0
5 111960 1572 5132 1 6 1
5 147661 1576 5164 1 10 0
5 106240 1577 3251 1 47 1
5 167420 1578 5622 1 33 1
5 129351 1579 426 1 46 1
5 134504 1588 3723 1 25 1
5 153128 1588 1534 1 19 1
5 104204 1593 735 1 51 1
5 96131 1595 4487 1 28 0
5 112456 1597 5159 1 23 1
5 156035 1602 8240 1 44 0
5 173197 1608 3064 1 18 0
5 179804 1611 9604 1 35 1
5 136267 1630 7324 1 18 1
5 116807 1634 2768 1 3 1
5 149594 1639 7042 1 19 0
5 106237 1640 3586 1 28 0
5 131194 1641 5972 1 45 1
5 141012 1641 4744 1 35 1
5 73803 1643 78 1 2 1
5 86847 1643 3520 1 19 0
5 70747 1643 3306 1 31 0
5 80893 1645 4315 1 11 1
5 140872 1646 5087 1 37 1
5 143964 1650 8391 1 12 0
5 106876 1651 272 1 42 0
5 118703 1654 5754 1 7 1
5 99847 1658 711 1 36 1
5 113211 1662 5297 1 3 0
5 148180 1663 2354 1 4 0
5 131591 1667 1540 1 45 1
5 175005 1669 4123 1 8 1
5 95993 1669 985 1 12 0
5 134465 1671 2132 1 9 0
5 67208 1676 3451 1 13 1
5 112122 1678 5287 1 6 0
5 103938 1681 2684 1 12 1
5 114689 1687 4523 1 30 1
5 151819 1689 184 1 44 1
5 129674 1692 2431 1 6 0
5 124584 1692 1356 1 30 1
5 179104 1697 8799 1 5 0
5 118232 1698 2261 1 46 0
5 106887 1701 3987 1 41 0
5 68948 1701 2735 1 11 1
5 96038 1706 3390 1 48 1
5 62675 1708 3420 1 11 1
5 97935 1709 2490 1 14 1
5 124496 1709 1857 1 11 0
5 129616 1715 4792 1 9 0
5 172255 1716 1632 1 15 1
5 105049 1719 4191 1 5 1
5 154612 1720 2117 1 27 0
5 62707 1723 3052 1 32 1
5 74981 1724 4297 1 29 0
5 78607 1728 4300 1 23 1
5 89461 1730 1007 1 50 0
5 163533 1731 6583 1 26 1
5 120755 1732 7108 1 37 0
5 132716 1734 207 1 27 1
5 128391 1734 5794 1 9 1
5 87829 1735 3098 1 41 1
5 148179 1735 2461 1 22 1
5 119387 1736 3320 1 47 0
5 142349 1737 2623 1 49 1
5 146925 1739 8239 1 45 1
5 170227 1739 702 1 26 1
5 167057 1740 9038 1 32 1
5 115753 1750 6093 1 20 1
5 123275 1752 2871 1 4 1
5 80778 1759 819 1 34 1
5 125657 1759 893 1 28 1
5 175685 1760 8081 1 46 1
5 79583 1761 3306 1 27 0
5 137418 1762 3944 1 36 0
5 140940 1764 590 1 25 1
5 90813 1766 5269 1 14 0
5 73257 1769 932 1 23 0
5 68166 1775 1662 1 32 1
5 73430 1777 1333 1 44 1
5 101195 1783 546 1 31 0
5 96364 1787 1526 1 26 1
5 134130 1788 4672 1 47 1
5 63679 1793 840 1 51 1
5 62070 1798 3412 1 39 0
5 144220 1799 5423 1 28 0
5 98624 1806 315 1 14 1
5 89356 1815 4090 1 33 1
5 113908 1816 6815 1 35 1
5 119266 1817 2038 1 1 1
5 101754 1822 3503 1 1 0
5 64291 1823 2715 1 8 0
5 106283 1828 4972 1 23 0
5 109162 1828 4408 1 17 1
5 154046 1828 2297 1 21 1
5 74160 1831 473 1 18 0
5 71448 1834 4271 1 17 1
5 88940 1834 3037 1 40 0
5 84363 1836 986 1 21 0
5 150276 1841 8046 1 20 0
5 143102 1843 2446 1 17 1
5 153253 1844 5828 1 43 0
5 110323 1847 1262 1 13 1
5 166078 1849 4650 1 22 0
5 64159 1850 3434 1 3 0
5 127588 1851 7275 1 33 1
5 162372 1855 3840 1 9 0
5 73218 1858 3274 1 30 1
5 122178 1859 7227 1 11 0
5 68710 1864 448 1 47 1
5 136947 1868 4919 1 23 1
5 172649 1869 3086 1 8 1
5 173944 1874 7123 1 40 0
5 70027 1876 3489 1 14 1
5 160466 1876 6761 1 34 0
5 108384 1880 2467 1 4 0
5 71793 1882 748 1 24 0
5 64502 1885 1239 1 51 1
5 112572 1886 5663 1 10 1
5 118900 1886 5022 1 44 1
5 105388 1886 2683 1 13 1
5 79325 1889 3354 1 21 0
5 116072 1890 2218 1 41 1
5 148802 1892 8794 1 29 1
5 75376 1893 2234 1 32 1
5 126977 1893 1740 1 29 1
5 112863 1894 3808 1 18 0
5 85856 1898 1870 1 4 1
5 155372 1898 4557 1 19 0
5 77688 1900 3858 1 26 0
5 72625 1905 3525 1 44 0
5 74397 1906 644 1 32 1
5 141100 1908 6761 1 4 1
5 163396 1910 8914 1 20 1
5 158783 1912 8496 1 18 1
5 105759 1915 5284 1 12 1
5 129437 1915 5853 1 5 0
5 168080 1919 2258 1 34 1
5 166864 1922 4737 1 41 0
5 128730 1924 2704 1 18 1
5 84486 1932 4346 1 17 1
5 107973 1933 2344 1 45 1
5 128145 1936 6294 1 47 0
5 120190 1938 3160 1 39 0
5 113259 1938 6487 1 5 0
5 79350 1942 255 1 19 0
5 123804 1944 791 1 23 1
5 170090 1945 5373 1 36 1
5 121663 1947 2235 1 38 1
5 95502 1949 2267 1 33 1
5 78757 1952 193 1 6 0
5 160931 1954 798 1 10 1
5 113906 1955 3150 1 36 1
5 151214 1956 5877 1 10 1
5 172793 1958 4218 1 35 1
5 71994 1962 3070 1 33 1
5 84398 1964 2217 1 23 0
5 64798 1966 282 1 24 1
5 168506 1971 3594 1 13 1
5 174139 1973 3564 1 6 0
5 70853 1984 2405 1 15 1
5 103958 1987 5401 1 31 1
5 156939 1988 9171 1 37 0
5 150601 1999 5592 1 20 0
5 144487 2008 5772 1 48 0
5 69810 2009 2858 1 37 1
5 83029 2010 1606 1 8 0
5 154105 2011 4261 1 18 1
5 83770 2011 4625 1 9 0
5 148302 2012 3879 1 49 1
5 99352 2013 2381 1 38 1
5 150719 2013 8323 1 40 1
5 158194 2014 1432 1 4 0
5 60483 2015 1745 1 17 0
5 161222 2018 6806 1 1 1
5 102328 2020 294 1 18 0
5 116900 2020 6518 1 26 1
5 177290 2021 6367 1 50 0
5 163234 2023 8066 1 25 0
5 147630 2023 4743 1 38 1
5 98713 2029 2925 1 45 0
5 87249 2029 3720 1 36 0
5 73792 2032 4293 1 45 0
5 115185 2033 135 1 5 0
5 155644 2035 4001 1 40 1
5 129427 2036 7420 1 25 1
5 146834 2038 7478 1 35 1
5 113639 2041 6763 1 41 1
5 123602 2044 1349 1 5 0
5 98229 2046 1303 1 50 0
5 179109 2050 4514 1 43 0
5 124960 2053 1076 1 25 0
5 169341 2055 2449 1 9 1
5 77069 2056 4360 1 10 1
5 147124 2060 1137 1 22 0
5 166451 2061 2747 1 12 0
5 115422 2062 5437 1 23 0
5 63183 2062 2200 1 37 1
5 160785 2071 4253 1 42 1
5 93573 2072 278 1 22 0
5 114871 2073 2932 1 22 1
5 69692 2075 3831 1 20 0
5 97542 2075 4647 1 13 0
5 78108 2081 3066 1 50 0
5 121266 2083 1857 1 29 0
5 171175 2085 4873 1 8 0
5 148887 2086 299 1 14 1
5 143480 2093 8375 1 13 0
5 91059 2095 3924 1 11 1
5 174209 2096 265 1 11 1
5 90777 2099 1198 1 12 0
5 133348 2100 558 1 40 0
5 116432 2106 5901 1 12 0
5 92765 2107 283 1 38 1
5 147048 2109 6802 1 48 1
5 119012 2109 4610 1 24 1
5 133853 2112 7594 1 50 1
5 174615 2119 9968 1 2 0
5 157889 2124 1922 1 19 0
5 150677 2125 7811 1 36 0
5 159854 2129 3094 1 6 1
5 116749 2134 2102 1 14 0
5 72532 2135 3192 1 27 1
5 178704 2135 6011 1 32 0
5 145919 2136 1221 1 45 0
5 128966 2137 3569 1 33 1
5 137776 2139 4245 1 44 1
5 179574 2141 3486 1 44 1
5 88406 2141 714 1 46 1
5 65255 2143 960 1 24 0
5 89994 2151 2154 1 26 0
5 146061 2154 4103 1 42 0
5 73741 2156 3818 1 13 0
5 123223 2157 6282 1 38 0
5 172944 2158 7840 1 45 1
5 98765 2159 2234 1 46 1
5 90954 2159 164 1 27 1
5 133156 2161 5981 1 24 0
5 102822 2161 6069 1 28 0
5 175823 2162 1158 1 39 1
5 106287 2169 1494 1 5 0
5 176634 2170 1030 1 34 1
5 104604 2172 4111 1 45 1
5 113933 2173 5609 1 14 0
5 144996 2180 6935 1 21 1
5 123908 2186 3527 1 41 1
5 161187 2186 5100 1 24 1
5 132316 2192 880 1 31 1
5 154729 2193 9000 1 8 1
5 142211 2196 6757 1 18 1
5 71453 2196 1114 1 3 0
5 115038 2202 2895 1 6 1
5 151257 2202 4683 1 39 1
5 170866 2203 1395 1 10 0
5 131165 2203 5841 1 35 0
5 124135 2204 205 1 24 1
5 165312 2204 9294 1 30 1
5 83412 2207 771 1 1 1
5 165359 2208 3800 1 50 0
5 123979 2212 4883 1 39 0
5 74846 2213 2233 1 44 1
5 114217 2218 4605 1 28 1
5 165516 2218 9550 1 49 1
5 99105 2218 1359 1 14 0
5 92796 2222 4622 1 24 0
5 109596 2223 4120 1 15 1
5 177540 2232 5067 1 50 1
5 123923 2235 6657 1 40 1
5 92494 2238 3264 1 36 1
5 136233 2239 841 1 12 1
5 71428 2242 497 1 41 1
5 80881 2242 3431 1 9 1
5 128063 2243 4833 1 28 0
5 171244 2246 3761 1 34 0
5 153962 2250 6106 1 20 1
5 75614 2252 3635 1 2 0
5 71710 2252 2969 1 38 1
5 177100 2257 2896 1 21 0
5 86391 2259 816 1 47 0
5 108580 2261 5098 1 9 0
5 141058 2262 711 1 47 1
5 165739 2267 6754 1 27 1
5 69574 2268 1066 1 14 1
5 102221 2269 1582 1 44 0
5 114096 2270 125 1 42 0
5 133907 2274 142 1 48 1
5 94796 2275 534 1 26 1
5 78943 2281 1126 1 12 0
5 85841 2288 582 1 26 0
5 110784 2288 5632 1 29 1
5 147163 2292 3850 1 5 0
5 118641 2293 2905 1 14 0
5 175754 2297 6278 1 47 1
5 175284 2298 7350 1 44 1
5 103072 2300 4920 1 19 0
5 120391 2300 3598 1 11 0
5 123063 2302 6087 1 21 1
5 87221 2305 2821 1 42 0
5 154296 2305 5896 1 4 0
5 132294 2306 5858 1 14 1
5 127679 2306 240 1 13 0
5 71461 2314 139 1 10 0
5 134584 2315 3911 1 42 0
5 175400 2320 4590 1 48 1
5 170273 2324 3828 1 44 1
5 78856 2331 2614 1 22 0
5 108657 2337 4132 1 50 1
5 70922 2338 1183 1 12 0
5 144007 2338 378 1 2 0
5 68940 2339 1043 1 6 0
5 117443 2344 4162 1 19 0
5 82516 2344 3519 1 12 1
5 168127 2345 1444 1 25 0
5 114537 2346 5821 1 14 1
5 63757 2346 2096 1 50 0
5 104162 2349 1135 1 38 1
5 77384 2350 225 1 29 0
5 167358 2351 6672 1 21 1
5 178084 2351 8975 1 18 0
5 161543 2352 8221 1 9 0
5 70286 2357 3551 1 18 1
5 70265 2360 3111 1 40 1
5 157756 2362 6182 1 51 0
5 173947 2364 7738 1 42 1
5 131092 2364 3843 1 8 0
5 71000 2366 1876 1 30 0
5 99196 2370 1650 1 39 1
5 119955 2371 513 1 27 1
5 167615 2372 1627 1 49 1
5 146600 2374 5751 1 26 0
5 112236 2374 3325 1 41 0
5 137192 2375 513 1 38 0
5 76253 2376 516 1 31 0
5 71102 2378 107 1 32 1
5 80881 2381 994 1 43 1
5 140787 2381 3676 1 7 0
5 91733 2383 5105 1 33 0
5 90619 2384 2935 1 2 0
5 66775 2386 3280 1 16 0
5 124352 2388 6262 1 5 0
5 102858 2389 3370 1 35 1
5 98976 2394 828 1 22 0
5 122417 2397 6916 1 33 0
5 132773 2399 2533 1 5 1
5 77141 2399 2521 1 14 0
5 82091 2399 1952 1 7 1
5 63066 2400 3470 1 12 1
5 136490 2401 2238 1 22 0
5 79035 2401 176 1 19 1
5 66055 2409 2472 1 13 0
5 78518 2409 595 1 35 1
5 119542 2410 2124 1 46 0
5 61585 2410 1149 1 13 0
5 140146 2411 5124 1 50 1
5 130338 2415 3147 1 24 1
5 123382 2415 5176 1 29 0
5 106113 2416 1176 1 42 1
5 62236 2417 1810 1 40 1
5 141492 2419 1908 1 32 0
5 79448 2420 2705 1 12 1
5 91396 2420 2092 1 45 1
5 121179 2422 6736 1 16 1
5 82816 2423 189 1 42 0
5 113618 2423 3189 1 16 0
5 133489 2433 3993 1 2 0
5 99601 2434 758 1 25 1
5 126266 2437 1153 1 26 0
5 173981 2438 2259 1 32 1
5 60289 2439 1459 1 29 1
5 179582 2441 6592 1 51 0
5 71515 2446 2086 1 37 1
5 117796 2446 2041 1 40 0
5 73314 2447 261 1 47 1
5 134311 2450 4493 1 1 1
5 140745 2451 444 1 39 0
5 115188 2458 6517 1 5 0
5 73715 2465 2671 1 9 1
5 97083 2467 198 1 3 0
5 89748 2469 4389 1 50 1
5 175146 2470 3497 1 39 0
5 79280 2471 545 1 20 1
5 101586 2472 4526 1 20 1
5 98953 2479 2163 1 32 0
5 129757 2482 7573 1 21 0
5 178186 2485 4322 1 49 0
5 132062 2485 6387 1 11 1
5 167711 2485 5852 1 30 0
5 145920 2488 2224 1 1 1
5 66949 2491 2993 1 34 1
5 118637 2493 1990 1 8 1
5 101163 2494 2343 1 23 0
5 133399 2495 4287 1 4 1
5 103590 2497 2830 1 3 1
5 142299 2498 4803 1 25 1
5 80211 2499 2615 1 2 1
5 71142 2501 635 1 3 1
5 166782 2502 4077 1 2 0
5 135205 2502 5359 1 5 0
5 148314 2502 3717 1 50 0
5 62155 2504 2105 1 8 1
5 82746 2505 1093 1 31 1
5 173313 2506 9287 1 26 0
5 92256 2507 3852 1 32 1
5 167234 2508 3120 1 26 0
5 96450 2510 2094 1 31 1
5 166085 2513 5768 1 36 0
5 86578 2514 2509 1 42 1
5 97462 2515 4055 1 31 1
5 116248 2525 2139 1 46 0
5 129653 2528 5871 1 24 1
5 146622 2530 7165 1 48 0
5 110135 2534 4884 1 2 0
5 174076 2535 7423 1 50 0
5 155711 2536 2096 1 44 0
5 87858 2546 3931 1 40 0
5 101712 2546 3389 1 45 0
5 120519 2548 179 1 49 1
5 172870 2549 5555 1 23 1
5 70732 2552 2074 1 48 1
5 110178 2556 2144 1 21 0
5 148469 2572 911 1 31 0
5 175504 2574 2128 1 9 1
5 103109 2575 5430 1 39 1
5 87984 2580 2419 1 6 0
5 99272 2581 4550 1 50 0
5 172766 2586 9041 1 27 1
5 95412 2586 3822 1 13 0
5 112080 2586 4346 1 39 1
5 138684 2587 3407 1 35 0
5 86198 2590 1093 1 24 1
5 158153 2592 1604 1 27 0
5 78326 2593 2679 1 8 0
5 84894 2594 521 1 45 0
5 128774 2597 2058 1 41 0
5 129145 2600 6854 1 13 0
5 97069 2603 5086 1 40 0
5 107409 2607 2222 1 29 1
5 169526 2607 7482 1 34 1
5 156946 2608 1369 1 15 0
5 68568 2608 3599 1 12 0
5 97134 2614 1795 1 21 1
5 136633 2615 7410 1 48 0
5 167285 2617 8256 1 44 0
5 154856 2617 8906 1 3 0
5 84841 2618 3656 1 3 0
5 103825 2623 4554 1 7 0
5 125637 2627 6922 1 22 0
5 63294 2631 1857 1 8 0
5 105242 2632 709 1 24 1
5 126147 2634 7417 1 18 1
5 151372 2634 6857 1 23 0
5 141415 2635 1829 1 38 0
5 93888 2638 2412 1 22 1
5 77908 2641 4646 1 7 1
5 167253 2643 7385 1 38 0
5 126046 2647 1085 1 22 0
5 126503 2649 1258 1 8 1
5 96963 2650 510 1 33 0
5 130005 2654 5550 1 34 1
5 114846 2654 2979 1 33 0
5 169877 2655 4894 1 8 0
5 63982 2663 2282 1 22 1
5 123318 2663 2931 1 5 0
5 93381 2664 2986 1 51 0
5 166057 2664 632 1 51 1
5 69648 2670 2379 1 47 1
5 65586 2674 3344 1 13 1
5 171277 2675 2889 1 24 0
5 103722 2676 5629 1 18 0
5 150335 2679 1302 1 51 1
5 67755 2682 334 1 26 0
5 170736 2684 4376 1 6 0
5 73460 2687 303 1 48 1
5 63005 2687 96 1 45 0
5 164913 2688 3443 1 48 1
5 168649 2688 6688 1 26 0
5 95816 2688 4822 1 17 0
5 100126 2690 4509 1 39 0
5 109371 2691 1638 1 20 1
5 133905 2694 7037 1 30 1
5 150041 2695 5813 1 5 1
5 75501 2696 3523 1 45 0
5 160405 2700 1037 1 31 1
5 149257 2700 4734 1 31 1
5 170279 2707 9709 1 24 1
5 132023 2707 4171 1 31 1
5 60496 2708 341 1 38 0
5 134698 2711 5960 1 6 0
5 96958 2711 3464 1 2 0
5 67479 2719 990 1 32 1
5 64258 2721 457 1 16 0
5 86747 2722 193 1 11 0
5 150475 2722 3439 1 40 0
5 93520 2723 584 1 24 1
5 178403 2724 4048 1 49 1
5 106490 2726 3666 1 35 0
5 179902 2729 9244 1 12 0
5 67533 2731 2720 1 17 1
5 71565 2731 242 1 50 1
5 126182 2734 2643 1 23 0
5 157696 2737 8813 1 9 1
5 125856 2740 3238 1 16 0
5 172505 2743 9648 1 21 1
5 165427 2744 217 1 27 0
5 72304 2745 1933 1 29 1
5 176699 2749 3342 1 40 1
5 104077 2756 6107 1 44 0
5 97103 2759 504 1 22 0
5 63938 2761 113 1 22 0
5 102430 2764 643 1 51 0
5 63582 2765 1272 1 28 1
5 155726 2766 867 1 23 1
5 87374 2768 3916 1 30 0
5 173435 2770 4021 1 49 0
5 128408 2771 388 1 44 1
5 119841 2772 896 1 42 1
5 114040 2772 3504 1 14 1
5 178658 2773 459 1 47 1
5 104005 2778 4422 1 46 0
5 93797 2779 4111 1 22 1
5 154887 2782 9152 1 48 1
5 64906 2783 1432 1 25 0
5 147228 2789 972 1 10 0
5 85491 2789 3166 1 27 0
5 94457 2793 749 1 18 1
5 137556 2797 3890 1 10 1
5 85071 2800 835 1 7 1
5 128065 2808 4600 1 10 0
5 145325 2809 5891 1 44 0
5 64436 2810 2101 1 35 0
5 147205 2815 1563 1 3 1
5 117507 2816 3594 1 28 1
5 165941 2817 484 1 8 0
5 148297 2819 4399 1 31 0
5 80365 2822 2659 1 38 0
5 144538 2824 6615 1 25 0
5 64729 2824 2409 1 30 0
5 67313 2826 4028 1 26 1
5 104205 2830 5596 1 27 1
5 119091 2831 2592 1 15 0
5 140533 2834 2251 1 14 0
5 83630 2835 1792 1 26 1
5 102286 2838 2896 1 7 1
5 122737 2838 5774 1 26 0
5 152591 2840 5983 1 32 1
5 166834 2841 6698 1 19 1
5 170506 2847 5891 1 47 1
5 123694 2848 1579 1 50 1
5 100684 2852 3520 1 48 0
5 157791 2853 2729 1 28 0
5 157763 2854 2566 1 17 0
5 171157 2856 6514 1 19 1
5 152253 2858 494 1 5 1
5 146734 2858 8608 1 38 0
5 158556 2860 5377 1 20 0
5 114812 2861 5724 1 38 1
5 78404 2862 2336 1 22 1
5 103378 2866 4428 1 28 1
5 90130 2870 307 1 8 0
5 74032 2871 4150 1 30 1
5 141557 2875 8406 1 29 1
5 79666 2875 4211 1 30 0
5 60915 2876 1506 1 39 0
5 144705 2878 3465 1 20 1
5 150165 2880 2583 1 30 1
5 122437 2886 4545 1 39 1
5 60742 2898 2780 1 45 0
5 89029 2902 1237 1 44 0
5 131411 2908 5144 1 13 0
5 77898 2909 4025 1 3 0
5 95877 2913 1775 1 3 0
5 178150 2914 7647 1 19 1
5 158165 2919 6931 1 38 0
5 133836 2921 4817 1 25 0
5 97132 2922 5660 1 21 0
5 86282 2923 2501 1 24 1
5 91482 2925 2468 1 37 1
5 175984 2925 6660 1 1 1
5 130853 2927 7493 1 10 0
5 129572 2928 1293 1 49 0
5 117737 2932 3047 1 43 0
5 75274 2934 2519 1 39 1
5 103216 2936 1050 1 11 0
5 109618 2940 4719 1 26 0
5 142077 2941 3748 1 25 1
5 132859 2942 670 1 9 0
5 78401 2949 3619 1 1 1
5 65503 2950 2201 1 41 1
5 83819 2956 3934 1 15 0
5 80676 2959 768 1 50 1
5 159901 2965 5296 1 36 0
5 144474 2967 1266 1 12 1
5 99307 2974 1413 1 5 0
5 89942 2975 5383 1 40 0
5 138170 2977 2504 1 34 0
5 72608 2978 2429 1 48 1
5 110463 2979 1572 1 24 1
5 99196 2980 3622 1 47 0
5 118805 2981 641 1 28 1
5 148559 2982 7818 1 49 0
5 80315 2985 3970 1 9 0
5 162075 2986 962 1 28 0
5 113876 2987 5690 1 8 0
5 135995 2987 7391 1 34 1
5 118097 2993 1750 1 25 0
5 123411 2996 6877 1 50 1
5 101188 3004 4208 1 41 1
5 124882 3004 6455 1 7 1
5 124222 3005 4301 1 18 1
5 120353 3005 3447 1 34 0
5 93978 3007 2307 1 4 0
5 102286 3009 2866 1 9 1
5 130450 3010 7215 1 10 0
5 155478 3011 7391 1 17 0
5 112497 3024 4901 1 4 1
5 118651 3025 6075 1 38 0
5 86095 3026 1909 1 33 0
5 172891 3026 3832 1 47 0
5 170471 3028 2822 1 37 0
5 147429 3030 6019 1 16 1
5 112395 3035 2279 1 8 1
5 92633 3036 2479 1 16 1
5 129150 3040 6126 1 16 0
5 92172 3041 3526 1 49 0
5 90965 3042 4440 1 27 1
5 63284 3045 2521 1 27 0
5 78591 3046 4040 1 42 1
5 116964 3046 346 1 7 1
5 90417 3046 2796 1 49 0
5 74113 3048 1043 1 20 1
5 83383 3055 2782 1 39 1
5 118657 3056 1958 1 11 1
5 124269 3058 2893 1 9 0
5 135364 3059 6730 1 37 1
5 124140 3061 902 1 5 0
5 108202 3061 1564 1 6 1
5 158110 3064 6323 1 49 1
5 111694 3066 5243 1 21 0
5 123274 3066 4481 1 35 0
5 89009 3067 4134 1 47 1
5 175229 3067 1264 1 48 0
5 110783 3070 2409 1 49 0
5 143632 3071 2489 1 27 0
5 76602 3075 411 1 32 1
5 104188 3076 852 1 9 1
5 135454 3077 895 1 47 1
5 114843 3079 5410 1 10 1
5 172419 3081 7220 1 4 1
5 118966 3082 3737 1 29 0
5 110039 3083 494 1 45 0
5 133307 3085 4278 1 37 0
5 88974 3086 5085 1 1 1
5 177394 3088 8140 1 20 1
5 100056 3100 5580 1 35 1
5 176217 3102 2674 1 13 1
5 149910 3103 2488 1 13 1
5 129238 3124 5595 1 6 1
5 105411 3124 5838 1 8 0
5 83873 3125 3146 1 35 1
5 69802 3130 3771 1 30 1
5 165637 3133 645 1 28 1
5 81343 3136 1132 1 33 1
5 86348 3136 1597 1 25 0
5 69153 3139 1252 1 25 0
5 157400 3139 4523 1 37 0
5 177080 3140 10584 1 14 0
5 65550 3140 1217 1 41 1
5 159160 3141 9507 1 14 0
5 170275 3143 5691 1 13 0
5 109286 3144 5512 1 12 0
5 123369 3145 2552 1 35 1
5 125602 3146 1962 1 50 1
5 124244 3146 6553 1 31 0
5 140431 3148 599 1 12 0
5 140969 3149 1788 1 16 1
5 90815 3151 1780 1 8 1
5 74135 3152 2495 1 17 1
5 118586 3154 2833 1 32 1
5 141980 3156 7681 1 32 0
5 65574 3157 3301 1 41 0
5 144104 3161 3275 1 26 1
5 67937 3162 2239 1 6 0
5 147136 3163 3847 1 51 0
5 179378 3174 9258 1 36 1
5 118514 3175 3007 1 19 0
5 178650 3175 6747 1 21 0
5 145775 3175 1661 1 11 1
5 94887 3176 5492 1 3 1
5 152840 3182 6778 1 44 1
5 150860 3185 3501 1 43 0
5 131278 3185 4330 1 16 1
5 154067 3186 2749 1 27 1
5 69829 3186 2784 1 12 1
5 106702 3189 2894 1 50 0
5 112656 3190 4024 1 41 0
5 120760 3190 622 1 36 1
5 90469 3195 3054 1 31 1
5 115692 3196 729 1 17 1
5 146568 3196 6062 1 1 0
5 105248 3197 1200 1 48 1
5 174616 3199 4651 1 20 0
5 159609 3201 7690 1 25 0
5 129321 3205 440 1 50 1
5 91997 3209 1845 1 3 0
5 176269 3211 8445 1 20 0
5 178026 3217 1617 1 36 1
5 97119 3217 4624 1 12 0
5 137825 3217 7727 1 17 0
5 167031 3218 3812 1 42 1
5 161952 3219 4233 1 42 1
5 134719 3221 7544 1 36 1
5 157958 3221 4790 1 27 1
5 87967 3222 126 1 12 1
5 116540 3225 3136 1 25 1
5 84768 3225 334 1 33 1
5 173898 3226 4358 1 16 1
5 91012 3228 382 1 36 0
5 154540 3229 4430 1 32 1
5 137483 3233 187 1 11 0
5 126059 3234 6871 1 49 1
5 158772 3239 3413 1 5 0
5 117887 3240 3187 1 42 0
5 92129 3243 96 1 51 1
5 167929 3243 4185 1 14 1
5 120458 3250 6390 1 35 0
5 140691 3251 4414 1 14 1
5 65338 3254 2143 1 30 1
5 123663 3256 366 1 45 0
5 137410 3260 6428 1 15 0
5 96078 3260 3774 1 32 1
5 153637 3266 2625 1 44 0
5 136402 3266 1524 1 23 1
5 101195 3268 4256 1 2 0
5 179220 3269 5661 1 38 0
5 148484 3270 2507 1 49 1
5 108435 3271 2745 1 17 1
5 151570 3273 3145 1 50 0
5 162840 3275 5146 1 21 0
5 102256 3279 5718 1 5 1
5 149526 3280 2952 1 30 0
5 92128 3291 134 1 12 0
5 70324 3292 3449 1 14 0
5 73524 3293 4328 1 23 0
5 97170 3293 5805 1 17 0
5 104868 3293 3376 1 40 0
5 160723 3297 1078 1 15 0
5 155197 3298 7293 1 50 0
5 65405 3304 1893 1 30 1
5 162839 3304 3350 1 12 1
5 79061 3305 1780 1 34 1
5 117626 3306 2219 1 20 1
5 93373 3308 4292 1 18 1
5 61206 3310 3199 1 18 0
5 158048 3315 2573 1 27 0
5 155040 3316 7176 1 46 0
5 144187 3317 6925 1 10 0
5 60838 3319 1669 1 27 0
5 101012 3330 4448 1 37 0
5 139197 3340 1449 1 14 0
5 124694 3343 1368 1 32 1
5 61041 3343 3520 1 48 1
5 150331 3346 7222 1 51 1
5 83356 3351 939 1 7 1
5 163292 3352 3368 1 5 1
5 148258 3354 1014 1 45 1
5 92620 3358 5511 1 44 0
5 116058 3360 4846 1 11 1
5 90114 3363 5251 1 7 0
5 69912 3365 3200 1 23 0
5 89826 3371 3593 1 16 0
5 97571 3373 1140 1 11 0
5 78462 3376 2989 1 32 1
5 151018 3377 2549 1 15 0
5 129386 3378 1459 1 24 1
5 164463 3381 5851 1 36 1
5 167004 3381 7868 1 7 0
5 92361 3383 1079 1 36 0
5 63953 3387 904 1 21 0
5 120931 3388 1085 1 51 1
5 78220 3389 2251 1 4 1
5 94091 3390 757 1 21 1
5 139626 3390 3012 1 49 0
5 101355 3391 4013 1 13 0
5 89851 3397 1722 1 48 1
5 135912 3397 6123 1 38 0
5 124505 3399 4512 1 2 1
5 126777 3401 1182 1 5 0
5 138214 3408 3047 1 24 1
5 103756 3411 5508 1 1 1
5 173040 3413 2286 1 16 0
5 104809 3414 584 1 21 1
5 96680 3414 1234 1 49 0
5 172467 3415 9371 1 14 1
5 92976 3415 4465 1 10 0
5 85315 3416 4948 1 19 1
5 136480 3416 6458 1 36 0
5 179425 3418 757 1 43 1
5 79947 3419 4712 1 37 1
5 63746 3419 1686 1 11 1
5 161162 3424 8053 1 22 0
5 169557 3424 6446 1 40 0
5 131732 3429 4919 1 9 1
5 124840 3430 3519 1 35 1
5 130321 3430 595 1 8 1
5 138636 3431 1861 1 2 1
5 167001 3432 4872 1 38 1
5 141374 3433 8477 1 11 1
5 93199 3434 5469 1 50 1
5 159727 3437 876 1 33 1
5 93541 3438 3457 1 10 1
5 90260 3444 2873 1 29 0
5 75026 3444 3356 1 46 0
5 129156 3449 861 1 21 0
5 151849 3449 309 1 34 0
5 169726 3451 3050 1 23 1
5 74491 3451 1420 1 28 1
5 69340 3455 3010 1 51 1
5 128156 3459 7334 1 26 1
5 175339 3463 5416 1 27 1
5 112070 3468 2512 1 50 0
5 69261 3468 227 1 13 0
5 136683 3470 1885 1 35 0
5 96444 3472 4467 1 12 1
5 69996 3475 1913 1 6 1
5 162398 3476 8856 1 27 1
5 106676 3481 2722 1 38 0
5 123158 3482 5828 1 51 0
5 89722 3483 4413 1 3 0
5 138573 3488 4024 1 16 0
5 122840 3489 5482 1 14 0
5 167389 3492 906 1 22 0
5 136021 3495 3560 1 30 0
5 74483 3497 1950 1 10 0
5 172264 3499 3008 1 32 0
5 114008 3503 5316 1 46 0
5 67903 3507 360 1 2 0
5 141597 3508 3631 1 47 1
5 142186 3512 1501 1 44 1
5 63516 3517 1869 1 31 0
5 138200 3522 1169 1 32 0
5 75226 3531 3650 1 42 1
5 168752 3534 2467 1 13 1
5 93267 3535 5078 1 7 0
5 110301 3537 1200 1 37 1
5 79599 3541 1199 1 3 1
5 75631 3544 1304 1 50 0
5 82078 3546 3377 1 44 1
5 149510 3548 2681 1 45 1
5 76440 3551 2593 1 44 1
5 76499 3551 3247 1 7 1
5 115573 3552 453 1 1 0
5 76529 3552 3373 1 23 1
5 97286 3553 101 1 8 1
5 62129 3556 2177 1 11 0
5 173844 3556 5477 1 9 0
5 177346 3561 2031 1 11 1
5 158646 3567 6827 1 22 1
5 175320 3567 7732 1 24 1
5 150516 3569 8877 1 19 1
5 89328 3571 5022 1 35 0
5 167096 3574 4640 1 38 0
5 63713 3575 2529 1 38 0
5 138368 3591 2559 1 25 1
5 140261 3591 3185 1 32 0
5 66794 3593 931 1 17 1
5 67946 3593 2303 1 47 0
5 103526 3599 4408 1 2 1
