1500
1 124084 3 3476 1 50 1 1.0
1 101764 6 2457 1 1 0 1.0
1 109515 6 2991 1 1 1 1.0
1 105014 10 2776 1 1 1 1.0
1 98259 14 2137 1 10 0 1.0
1 112096 16 2521 1 10 0 1.0
1 141975 17 4038 1 10 1 1.0
1 179972 21 5123 1 50 1 1.0
1 175774 23 5096 1 50 1 1.0
1 71221 25 1564 1 1 1 1.0
1 132384 28 2930 1 1 1 1.0
1 145695 29 3993 1 1 0 1.0
1 164649 29 3905 1 1 0 1.0
1 150024 31 4248 1 10 1 1.0
1 167588 33 4415 1 1 0 1.0
1 86697 36 2437 1 1 1 1.0
1 133564 39 3802 1 1 0 1.0
1 103559 40 2837 1 1 1 1.0
1 84116 45 2265 1 1 1 1.0
1 91487 46 2219 1 10 0 1.0
1 66205 46 1879 1 50 0 1.0
1 74112 48 1888 1 1 1 1.0
1 122788 48 2986 1 1 1 1.0
1 71497 48 2113 1 10 0 1.0
1 80704 50 1961 1 1 0 1.0
1 91014 50 2238 1 1 1 1.0
1 146162 53 3653 1 1 1 1.0
1 105290 55 2290 1 1 0 1.0
1 158392 56 3493 1 10 1 1.0
1 85343 56 2057 1 1 1 1.0
1 92392 57 2234 1 1 1 1.0
1 69942 58 1818 1 1 1 1.0
1 91557 61 2278 1 50 0 1.0
1 137790 65 4061 1 1 1 1.0
1 109702 66 3253 1 1 1 1.0
1 103161 66 2750 1 10 0 1.0
1 160035 70 4370 1 1 1 1.0
1 161367 71 3873 1 1 1 1.0
1 165096 72 4547 1 1 0 1.0
1 128893 78 3746 1 1 0 1.0
1 173506 80 3473 1 1 0 1.0
1 165527 94 4034 1 1 0 1.0
1 104821 95 2259 1 10 1 1.0
1 62864 95 1881 1 1 0 1.0
1 139646 97 3885 1 1 1 1.0
1 138022 98 4044 1 1 0 1.0
1 178481 99 4645 1 10 1 1.0
1 85280 101 1928 1 1 0 1.0
1 162092 102 3460 1 1 0 1.0
1 107185 105 2537 1 1 0 1.0
1 94560 107 2834 1 1 1 1.0
1 97621 107 2079 1 1 0 1.0
1 129478 109 3238 1 10 0 1.0
1 64978 112 1404 1 50 0 1.0
1 123004 115 3638 1 10 1 1.0
1 163340 117 3416 1 10 0 1.0
1 125580 119 2821 1 50 0 1.0
1 144578 120 3246 1 1 0 1.0
1 158185 121 3420 1 10 0 1.0
1 145517 122 3267 1 1 1 1.0
1 136531 122 2777 1 1 1 1.0
1 85475 132 1837 1 50 0 1.0
1 163160 135 3880 1 50 0 1.0
1 155043 138 3334 1 1 1 1.0
1 138839 138 3421 1 10 1 1.0
1 162411 141 3417 1 1 0 1.0
1 80056 144 1793 1 1 1 1.0
1 80964 144 1747 1 10 0 1.0
1 121095 145 2812 1 10 0 1.0
1 156752 146 4586 1 1 1 1.0
1 115064 148 3027 1 1 1 1.0
1 132235 149 3268 1 50 0 1.0
1 172280 152 4258 1 1 0 1.0
1 94891 154 2287 1 1 0 1.0
1 127377 161 3019 1 10 1 1.0
1 157333 162 3780 1 1 0 1.0
1 64051 166 1772 1 1 1 1.0
1 93357 166 1989 1 10 0 1.0
1 136094 168 3519 1 1 0 1.0
1 60771 168 1314 1 1 1 1.0
1 114668 169 2670 1 10 1 1.0
1 85710 171 1923 1 10 0 1.0
1 94157 173 2400 1 1 1 1.0
1 120485 179 2835 1 1 0 1.0
1 162500 179 3265 1 1 1 1.0
1 141479 184 3830 1 1 1 1.0
1 70933 184 1894 1 1 0 1.0
1 117361 185 3272 1 50 1 1.0
1 78783 186 2179 1 1 0 1.0
1 70810 186 1853 1 10 0 1.0
1 102612 187 2623 1 1 0 1.0
1 81770 191 2109 1 1 0 1.0
1 165556 192 4493 1 1 1 1.0
1 115958 194 3305 1 1 1 1.0
1 157490 195 3928 1 10 1 1.0
1 125196 198 3267 1 1 0 1.0
1 83631 203 2011 1 10 0 1.0
1 101028 205 2695 1 10 1 1.0
1 162951 205 4647 1 50 1 1.0
1 132321 206 3218 1 1 1 1.0
1 111786 208 2617 1 10 0 1.0
1 65981 211 1734 1 10 0 1.0
1 107753 212 2848 1 1 0 1.0
1 101372 216 2336 1 1 1 1.0
1 69800 216 1438 1 10 1 1.0
1 133309 222 2702 1 1 0 1.0
1 172601 225 5161 1 10 1 1.0
1 71945 227 2058 1 50 1 1.0
1 119945 230 3093 1 1 1 1.0
1 96483 231 2158 1 1 0 1.0
1 115487 232 3301 1 10 0 1.0
1 155351 239 3435 1 50 0 1.0
1 63707 240 1475 1 1 0 1.0
1 134956 242 2870 1 10 1 1.0
1 123412 243 2893 1 1 1 1.0
1 179127 248 4465 1 1 1 1.0
1 99855 251 2941 1 1 1 1.0
1 100065 254 2966 1 10 1 1.0
1 173380 255 4763 1 1 1 1.0
1 154683 262 4024 1 1 1 1.0
1 145035 266 3854 1 50 1 1.0
1 102815 268 2761 1 1 0 1.0
1 95355 269 2248 1 1 1 1.0
1 166022 276 3585 1 1 0 1.0
1 114230 277 2683 1 1 0 1.0
1 179051 278 4895 1 1 0 1.0
1 102059 284 2778 1 10 1 1.0
1 83247 288 2318 1 1 0 1.0
1 140086 290 3158 1 1 0 1.0
1 124786 298 2917 1 1 0 1.0
1 155095 299 3940 1 1 0 1.0
1 152813 301 4163 1 10 0 1.0
1 116831 301 3490 1 10 1 1.0
1 158092 306 3612 1 1 1 1.0
1 171311 307 4623 1 50 0 1.0
1 137907 308 3759 1 10 1 1.0
1 75598 313 1699 1 10 1 1.0
1 179166 313 4067 1 10 0 1.0
1 151220 315 4094 1 1 1 1.0
1 85420 316 1849 1 1 0 1.0
1 90908 319 2221 1 1 1 1.0
1 150463 319 4364 1 10 1 1.0
1 89212 324 1863 1 10 1 1.0
1 99660 329 2743 1 1 1 1.0
1 145384 329 3067 1 50 1 1.0
1 172508 330 3835 1 50 0 1.0
1 77601 335 1850 1 10 0 1.0
1 101087 336 2926 1 10 1 1.0
1 131368 338 3851 1 1 0 1.0
1 120839 339 2505 1 10 0 1.0
1 137403 347 3762 1 1 1 1.0
1 119276 350 2588 1 1 0 1.0
1 122078 350 2686 1 1 1 1.0
1 99571 355 2523 1 1 1 1.0
1 161750 369 3940 1 10 1 1.0
1 131516 371 2782 1 1 1 1.0
1 127659 374 3194 1 1 1 1.0
1 136263 376 2860 1 10 1 1.0
1 161042 377 4748 1 1 1 1.0
1 133687 378 3806 1 1 0 1.0
1 133201 381 3052 1 50 0 1.0
1 170751 381 4889 1 10 1 1.0
1 152010 381 3273 1 10 0 1.0
1 115663 389 2770 1 1 0 1.0
1 68844 392 1499 1 1 0 1.0
1 146876 393 3538 1 1 1 1.0
1 132227 397 3110 1 1 0 1.0
1 126490 398 3661 1 1 1 1.0
1 176480 398 5263 1 1 0 1.0
1 61418 400 1497 1 1 1 1.0
1 99570 402 2734 1 1 1 1.0
1 70899 404 1554 1 1 1 1.0
1 178131 414 4425 1 10 1 1.0
1 133310 419 2919 1 1 1 1.0
1 175570 422 4698 1 10 1 1.0
1 122831 424 2791 1 1 0 1.0
1 115051 425 2928 1 10 0 1.0
1 96850 425 2301 1 1 1 1.0
1 79399 428 1766 1 1 0 1.0
1 138895 431 3394 1 1 1 1.0
1 70499 434 1811 1 50 0 1.0
1 146318 440 4246 1 1 1 1.0
1 129366 442 2734 1 1 0 1.0
1 124956 444 2628 1 10 0 1.0
1 157566 445 3270 1 1 1 1.0
1 172038 447 4606 1 1 1 1.0
1 68575 447 1748 1 10 0 1.0
1 157862 453 3432 1 10 0 1.0
1 83803 456 1861 1 10 1 1.0
1 150496 463 3522 1 1 0 1.0
1 156738 465 3661 1 10 1 1.0
1 170617 469 3940 1 1 0 1.0
1 176348 472 4688 1 1 1 1.0
1 65076 475 1403 1 1 1 1.0
1 114990 476 2519 1 50 1 1.0
1 167680 477 4990 1 1 0 1.0
1 61795 477 1708 1 1 0 1.0
1 68957 482 1889 1 1 0 1.0
1 167655 483 4093 1 10 1 1.0
1 133871 485 3170 1 10 0 1.0
1 118168 490 3374 1 50 1 1.0
1 123336 493 2908 1 1 0 1.0
1 116019 494 3178 1 1 0 1.0
1 146188 498 4326 1 1 1 1.0
1 87230 499 2613 1 1 0 1.0
1 141648 499 2954 1 50 1 1.0
1 173859 501 3546 1 1 1 1.0
1 173550 502 4221 1 1 0 1.0
1 179504 505 4464 1 1 1 1.0
1 111588 507 2354 1 1 0 1.0
1 167070 507 4195 1 1 0 1.0
1 92954 509 2697 1 10 0 1.0
1 84017 511 2164 1 10 0 1.0
1 178713 511 3601 1 50 0 1.0
1 149730 517 4153 1 1 1 1.0
1 71542 518 1681 1 10 1 1.0
1 160177 519 4594 1 1 0 1.0
1 131873 521 3143 1 1 1 1.0
1 119575 522 2520 1 1 0 1.0
1 170479 525 3727 1 1 1 1.0
1 157921 529 4173 1 10 0 1.0
1 96662 530 2804 1 1 0 1.0
1 149394 531 4138 1 10 1 1.0
1 88940 533 2423 1 10 0 1.0
1 117880 534 2750 1 10 1 1.0
1 134916 535 2978 1 50 0 1.0
1 101322 537 2781 1 50 1 1.0
1 92288 539 2070 1 50 0 1.0
1 128339 542 3646 1 1 0 1.0
1 159986 543 4234 1 1 1 1.0
1 73010 544 1681 1 50 1 1.0
1 94014 544 2514 1 10 0 1.0
1 74425 551 1807 1 1 1 1.0
1 126322 552 2733 1 1 1 1.0
1 151818 552 4143 1 1 0 1.0
1 130930 554 3036 1 1 0 1.0
1 77718 557 1706 1 1 1 1.0
1 102327 558 2367 1 10 1 1.0
1 149664 564 4348 1 1 0 1.0
1 163744 565 3538 1 50 0 1.0
1 168966 570 4816 1 1 1 1.0
1 135321 571 3416 1 1 0 1.0
1 139699 572 3516 1 10 0 1.0
1 122058 572 3438 1 10 1 1.0
1 104018 574 2754 1 10 0 1.0
1 142526 574 3239 1 10 0 1.0
1 120415 578 3300 1 1 0 1.0
1 89190 578 2460 1 10 1 1.0
1 162420 579 4092 1 1 0 1.0
1 79791 581 2219 1 10 0 1.0
1 166967 583 3648 1 1 0 1.0
1 108762 585 3044 1 50 1 1.0
1 150727 586 3735 1 1 0 1.0
1 172821 586 5155 1 1 0 1.0
1 101226 587 2744 1 1 0 1.0
1 119388 587 2852 1 10 0 1.0
1 60964 594 1336 1 10 0 1.0
1 89608 594 1893 1 1 0 1.0
1 114549 596 2634 1 1 1 1.0
1 63863 597 1298 1 1 0 1.0
1 79307 600 2176 1 1 1 1.0
1 178129 605 4568 1 50 1 1.0
1 134434 606 3346 1 50 0 1.0
1 66354 607 1882 1 1 1 1.0
1 80902 611 2098 1 1 1 1.0
1 161682 613 4183 1 1 0 1.0
1 158678 617 3455 1 1 0 1.0
1 114587 619 2439 1 10 0 1.0
1 92002 622 2515 1 1 1 1.0
1 134223 622 3487 1 1 0 1.0
1 102539 625 2255 1 10 0 1.0
1 76858 629 2092 1 1 0 1.0
1 89897 630 2163 1 10 0 1.0
1 101438 631 2683 1 1 1 1.0
1 92416 631 2413 1 1 0 1.0
1 165877 633 3895 1 1 1 1.0
1 168910 639 4426 1 1 0 1.0
1 135909 642 3657 1 1 1 1.0
1 140345 642 3765 1 10 1 1.0
1 95901 646 2461 1 10 0 1.0
1 110950 647 2754 1 10 0 1.0
1 69356 648 1789 1 1 0 1.0
1 154962 649 4047 1 1 0 1.0
1 82981 654 2476 1 1 1 1.0
1 79965 656 1665 1 50 0 1.0
1 158794 665 4375 1 10 0 1.0
1 159514 666 3739 1 1 1 1.0
1 98927 668 2910 1 10 1 1.0
1 179468 678 4152 1 1 0 1.0
1 122730 681 3280 1 1 1 1.0
1 172592 682 4065 1 50 0 1.0
1 105711 686 2765 1 1 1 1.0
1 130406 688 3850 1 1 0 1.0
1 131421 688 3557 1 1 0 1.0
1 143602 688 2994 1 1 0 1.0
1 175576 689 3965 1 1 1 1.0
1 132086 690 3421 1 1 0 1.0
1 78683 695 1635 1 50 0 1.0
1 163600 696 3823 1 1 1 1.0
1 109659 697 2242 1 10 1 1.0
1 159050 697 4508 1 1 0 1.0
1 176272 700 3740 1 10 0 1.0
1 99477 700 2144 1 1 1 1.0
1 157116 701 4432 1 1 0 1.0
1 129552 701 2769 1 1 1 1.0
1 142761 705 4106 1 1 1 1.0
1 117081 706 3056 1 10 1 1.0
1 76593 708 1624 1 1 1 1.0
1 139358 708 4018 1 1 0 1.0
1 119715 708 3167 1 1 0 1.0
1 132407 710 3691 1 1 0 1.0
1 131863 712 3291 1 1 0 1.0
1 109254 712 3055 1 1 1 1.0
1 154274 713 3108 1 10 1 1.0
1 175059 723 4349 1 1 1 1.0
1 88035 725 1840 1 1 0 1.0
1 138490 727 3386 1 1 1 1.0
1 71649 727 1665 1 1 0 1.0
1 64031 730 1532 1 10 0 1.0
1 160718 731 3748 1 1 1 1.0
1 171302 733 4114 1 1 1 1.0
1 131471 737 3656 1 50 0 1.0
1 122440 739 3250 1 50 1 1.0
1 160053 740 4757 1 10 1 1.0
1 74433 742 1765 1 10 1 1.0
1 156465 743 3306 1 1 1 1.0
1 170987 745 3528 1 1 1 1.0
1 62380 746 1369 1 10 0 1.0
1 118997 749 3039 1 1 1 1.0
1 108738 753 2487 1 1 0 1.0
1 106074 755 2777 1 1 0 1.0
1 153411 762 3527 1 1 1 1.0
1 68264 762 1429 1 10 1 1.0
1 83515 766 2398 1 1 0 1.0
1 120697 768 3506 1 10 1 1.0
1 114194 771 2719 1 10 0 1.0
1 99249 772 2724 1 1 1 1.0
1 102993 775 3011 1 1 0 1.0
1 85515 775 1814 1 10 1 1.0
1 143100 780 3030 1 1 1 1.0
1 123490 781 2995 1 10 1 1.0
1 89799 783 2335 1 10 1 1.0
1 82002 785 1728 1 10 0 1.0
1 147339 788 4033 1 1 1 1.0
1 139126 790 3818 1 10 0 1.0
1 172010 796 3458 1 10 0 1.0
1 106759 798 3155 1 10 0 1.0
1 101238 799 3010 1 1 1 1.0
1 107145 805 2412 1 1 1 1.0
1 128414 805 3732 1 1 1 1.0
1 76957 806 2027 1 10 1 1.0
1 135184 807 2771 1 1 1 1.0
1 70177 807 1746 1 1 1 1.0
1 97760 811 2671 1 1 1 1.0
1 153506 814 4088 1 10 1 1.0
1 169661 815 5069 1 1 0 1.0
1 89467 817 2535 1 1 1 1.0
1 113687 819 2722 1 1 1 1.0
1 115096 823 3378 1 1 0 1.0
1 102214 823 2124 1 1 0 1.0
1 60471 826 1777 1 10 1 1.0
1 125721 826 2539 1 1 1 1.0
1 121552 828 2515 1 10 0 1.0
1 118486 831 3474 1 1 1 1.0
1 158856 831 4561 1 1 1 1.0
1 173106 831 4674 1 10 0 1.0
1 122499 832 2705 1 1 1 1.0
1 129556 834 3052 1 1 0 1.0
1 73077 836 2003 1 10 1 1.0
1 68778 836 1878 1 1 1 1.0
1 91494 839 2339 1 1 0 1.0
1 77001 839 2299 1 1 1 1.0
1 171524 840 5057 1 1 1 1.0
1 142884 844 3284 1 10 1 1.0
1 152533 851 4150 1 1 0 1.0
1 108641 852 2460 1 1 1 1.0
1 79119 854 2151 1 10 1 1.0
1 93338 854 1964 1 1 0 1.0
1 112481 855 2718 1 1 1 1.0
1 114206 857 3115 1 1 0 1.0
1 175578 857 3742 1 50 0 1.0
1 69871 859 1745 1 10 1 1.0
1 176187 863 3937 1 10 1 1.0
1 135323 871 3691 1 1 1 1.0
1 179986 873 4767 1 1 0 1.0
1 112193 874 3344 1 1 0 1.0
1 136809 877 3534 1 1 0 1.0
1 79892 878 1644 1 50 0 1.0
1 76518 880 2262 1 1 0 1.0
1 165771 883 4353 1 1 0 1.0
1 121281 884 2927 1 1 1 1.0
1 168894 885 3880 1 10 1 1.0
1 145951 886 4363 1 1 1 1.0
1 171170 887 4553 1 10 0 1.0
1 177365 890 4527 1 1 0 1.0
1 148026 890 4310 1 1 1 1.0
1 106774 891 3074 1 50 1 1.0
1 78248 892 2042 1 10 1 1.0
1 71083 899 1757 1 10 0 1.0
1 106824 908 3039 1 10 0 1.0
1 63859 908 1483 1 1 0 1.0
1 155749 909 3844 1 10 1 1.0
1 90322 911 2292 1 10 0 1.0
1 178407 913 4357 1 1 1 1.0
1 169925 913 4148 1 10 1 1.0
1 121312 913 3037 1 10 0 1.0
1 109548 920 3106 1 10 0 1.0
1 166914 921 4840 1 1 0 1.0
1 143183 923 3673 1 1 1 1.0
1 142650 924 3686 1 1 0 1.0
1 98143 925 2189 1 1 0 1.0
1 67821 927 1980 1 1 1 1.0
1 139232 929 3381 1 10 0 1.0
1 92355 930 2247 1 1 1 1.0
1 108108 930 3214 1 10 1 1.0
1 127625 931 3608 1 1 1 1.0
1 179534 932 5152 1 1 1 1.0
1 131996 932 2755 1 10 0 1.0
1 92342 937 2275 1 1 0 1.0
1 83074 938 2347 1 1 0 1.0
1 61051 940 1474 1 1 0 1.0
1 168944 943 3717 1 10 1 1.0
1 157133 944 4383 1 1 1 1.0
1 95895 946 2524 1 10 0 1.0
1 88078 948 2106 1 10 0 1.0
1 177622 950 4248 1 1 0 1.0
1 133786 950 3413 1 10 0 1.0
1 67356 951 1350 1 10 0 1.0
1 149426 959 4316 1 10 0 1.0
1 114719 960 2873 1 1 0 1.0
1 74710 960 1958 1 1 0 1.0
1 76346 964 2245 1 1 0 1.0
1 159104 970 3455 1 1 1 1.0
1 99159 970 2746 1 10 1 1.0
1 164216 971 3364 1 1 0 1.0
1 129475 974 3576 1 1 0 1.0
1 137521 974 2801 1 10 0 1.0
1 133825 989 2943 1 1 1 1.0
1 164862 990 4536 1 10 0 1.0
1 93494 993 2617 1 1 1 1.0
1 137970 995 3157 1 10 1 1.0
1 140373 996 3301 1 10 0 1.0
1 139644 998 2794 1 1 0 1.0
1 100587 998 2181 1 10 1 1.0
1 146432 999 3999 1 1 1 1.0
1 70296 999 1560 1 1 1 1.0
1 125532 1001 3412 1 10 1 1.0
1 65149 1004 1361 1 1 1 1.0
1 78488 1006 1707 1 1 1 1.0
1 64890 1008 1878 1 1 0 1.0
1 63265 1010 1737 1 1 1 1.0
1 168064 1013 3741 1 1 1 1.0
1 168265 1014 3808 1 1 0 1.0
1 130236 1015 3289 1 1 1 1.0
1 62823 1019 1791 1 1 1 1.0
1 134276 1020 3556 1 1 0 1.0
1 173676 1021 4970 1 1 1 1.0
1 107887 1022 2198 1 10 1 1.0
1 142716 1022 4248 1 1 0 1.0
1 75585 1024 2025 1 1 1 1.0
1 133488 1024 3485 1 1 1 1.0
1 167594 1031 4483 1 1 0 1.0
1 120269 1035 2884 1 10 1 1.0
1 126171 1038 3765 1 50 0 1.0
1 136329 1039 3300 1 1 1 1.0
1 179203 1042 5292 1 50 0 1.0
1 87212 1045 2315 1 1 0 1.0
1 142941 1049 3032 1 1 0 1.0
1 117436 1050 2614 1 50 1 1.0
1 157875 1050 3718 1 10 1 1.0
1 90552 1051 2196 1 1 1 1.0
1 174932 1053 4194 1 50 0 1.0
1 168797 1054 4172 1 1 0 1.0
1 76316 1054 1680 1 50 1 1.0
1 94398 1057 2639 1 1 0 1.0
1 158700 1057 4760 1 1 0 1.0
1 122073 1062 3356 1 1 0 1.0
1 113847 1063 2972 1 1 1 1.0
1 166313 1067 3985 1 1 0 1.0
1 135129 1075 3676 1 1 1 1.0
1 125490 1080 3617 1 1 1 1.0
1 119172 1080 3473 1 50 1 1.0
1 99566 1090 2607 1 50 0 1.0
1 176221 1090 4882 1 10 1 1.0
1 75609 1090 2131 1 1 1 1.0
1 135690 1098 3078 1 1 1 1.0
1 141921 1102 3236 1 1 0 1.0
1 105179 1107 2366 1 10 0 1.0
1 94356 1107 2282 1 1 0 1.0
1 172495 1107 4271 1 1 1 1.0
1 115461 1108 2551 1 1 0 1.0
1 113258 1111 2862 1 50 1 1.0
1 117487 1112 3461 1 10 0 1.0
1 132869 1112 3897 1 1 0 1.0
1 81359 1112 1959 1 10 0 1.0
1 127915 1114 3427 1 10 0 1.0
1 141862 1119 3950 1 1 0 1.0
1 173426 1120 3530 1 10 1 1.0
1 165798 1121 4546 1 1 1 1.0
1 167455 1128 3809 1 1 0 1.0
1 77537 1132 1956 1 1 1 1.0
1 121854 1135 2926 1 1 0 1.0
1 115357 1136 2801 1 1 1 1.0
1 177419 1140 5209 1 10 0 1.0
1 104412 1142 2710 1 1 0 1.0
1 139409 1146 3697 1 10 1 1.0
1 141422 1152 3054 1 50 1 1.0
1 80348 1156 2180 1 1 0 1.0
1 147282 1159 4045 1 1 1 1.0
1 118694 1170 3068 1 1 0 1.0
1 134475 1173 3126 1 1 0 1.0
1 61788 1177 1483 1 10 0 1.0
1 146875 1178 4159 1 1 1 1.0
1 82521 1179 1930 1 1 1 1.0
1 177958 1181 5034 1 10 1 1.0
1 83658 1181 2483 1 1 1 1.0
1 128803 1182 3845 1 1 0 1.0
1 175792 1183 5031 1 10 0 1.0
1 130884 1184 2668 1 1 1 1.0
1 163263 1185 4426 1 50 0 1.0
1 93545 1186 2522 1 10 1 1.0
1 133070 1187 2809 1 50 1 1.0
1 69315 1189 1961 1 10 0 1.0
1 87892 1191 1893 1 50 0 1.0
1 160192 1191 3512 1 10 1 1.0
1 116070 1196 3377 1 1 0 1.0
1 121564 1198 2838 1 1 1 1.0
1 74724 1199 2021 1 10 1 1.0
1 174639 1200 5128 1 10 1 1.0
1 89466 1200 2079 1 10 0 1.0
1 150635 1204 4239 1 10 0 1.0
1 134453 1207 2729 1 1 1 1.0
1 86485 1209 1833 1 1 0 1.0
1 137844 1211 3423 1 1 1 1.0
1 154049 1212 4486 1 1 0 1.0
1 84182 1215 1782 1 1 1 1.0
1 137983 1216 4128 1 1 1 1.0
1 110191 1216 2521 1 10 0 1.0
1 167166 1217 3726 1 1 0 1.0
1 144916 1218 4157 1 1 0 1.0
1 63236 1219 1522 1 1 0 1.0
1 164579 1219 3952 1 1 0 1.0
1 169850 1219 3860 1 10 0 1.0
1 171968 1220 3795 1 10 1 1.0
1 115507 1223 2734 1 10 1 1.0
1 122993 1227 2701 1 10 0 1.0
1 76950 1227 1634 1 10 1 1.0
1 175420 1230 5143 1 1 1 1.0
1 116330 1230 2380 1 1 0 1.0
1 101783 1231 3050 1 10 0 1.0
1 116131 1235 2533 1 1 1 1.0
1 106583 1235 3043 1 50 0 1.0
1 104663 1237 2500 1 10 1 1.0
1 174632 1248 4717 1 50 1 1.0
1 125326 1250 3354 1 1 1 1.0
1 172385 1252 3801 1 10 1 1.0
1 158659 1254 4086 1 1 0 1.0
1 141097 1256 3198 1 10 1 1.0
1 153490 1257 3101 1 10 0 1.0
1 165152 1258 4728 1 10 0 1.0
1 141730 1258 3238 1 1 0 1.0
1 177860 1262 5223 1 10 1 1.0
1 95168 1265 2304 1 1 0 1.0
1 139729 1272 3830 1 1 0 1.0
1 175753 1272 5008 1 10 0 1.0
1 152459 1277 3688 1 1 1 1.0
1 153041 1279 4289 1 1 1 1.0
1 136375 1284 3743 1 1 0 1.0
1 96666 1284 1952 1 1 0 1.0
1 135618 1286 3138 1 1 1 1.0
1 139235 1287 3930 1 1 0 1.0
1 145472 1293 3268 1 1 0 1.0
1 113368 1301 2790 1 1 0 1.0
1 146568 1310 4259 1 1 0 1.0
1 171601 1310 4764 1 1 1 1.0
1 169045 1313 3403 1 1 1 1.0
1 78185 1319 1827 1 1 1 1.0
1 72815 1323 2077 1 1 1 1.0
1 159858 1326 3782 1 10 1 1.0
1 156167 1333 4025 1 10 0 1.0
1 145805 1335 4089 1 1 1 1.0
1 68953 1336 1529 1 1 0 1.0
1 93429 1341 2458 1 10 1 1.0
1 174453 1342 3494 1 10 0 1.0
1 86944 1348 1756 1 1 1 1.0
1 73181 1350 2060 1 10 1 1.0
1 147019 1356 4001 1 1 1 1.0
1 175047 1359 4926 1 1 1 1.0
1 63478 1361 1593 1 50 1 1.0
1 156036 1363 3394 1 1 1 1.0
1 134494 1363 2911 1 10 0 1.0
1 73561 1364 1486 1 10 0 1.0
1 161384 1364 3445 1 10 1 1.0
1 67159 1366 1427 1 10 1 1.0
1 146627 1367 3501 1 10 0 1.0
1 173285 1369 5110 1 1 0 1.0
1 77998 1374 2133 1 10 1 1.0
1 106280 1376 2630 1 1 0 1.0
1 176969 1378 4797 1 1 1 1.0
1 157783 1396 4486 1 1 0 1.0
1 99610 1400 2914 1 10 0 1.0
1 155548 1403 4640 1 1 1 1.0
1 113587 1404 3108 1 1 0 1.0
1 77460 1405 2298 1 1 1 1.0
1 163183 1406 4412 1 1 1 1.0
1 154607 1409 3203 1 1 1 1.0
1 120929 1409 2642 1 1 0 1.0
1 79423 1411 2300 1 1 1 1.0
1 153822 1415 4345 1 1 1 1.0
1 144237 1419 2888 1 10 0 1.0
1 65819 1419 1629 1 1 1 1.0
1 75441 1422 1626 1 50 0 1.0
1 77226 1423 1682 1 10 1 1.0
1 143667 1425 3578 1 1 1 1.0
1 127445 1432 3137 1 10 0 1.0
1 105607 1432 2159 1 1 0 1.0
1 105387 1434 2837 1 50 0 1.0
1 72465 1435 1621 1 1 0 1.0
1 127152 1438 2549 1 1 0 1.0
1 129412 1442 2996 1 10 0 1.0
1 79341 1448 2319 1 1 1 1.0
1 173536 1448 3678 1 50 0 1.0
1 174862 1449 4949 1 1 0 1.0
1 161567 1450 3881 1 1 0 1.0
1 140569 1455 3323 1 1 0 1.0
1 105868 1456 2802 1 10 0 1.0
1 88221 1456 2625 1 1 0 1.0
1 69063 1457 1478 1 10 1 1.0
1 135385 1458 3731 1 10 1 1.0
1 161763 1458 4290 1 10 0 1.0
1 82066 1459 1902 1 1 1 1.0
1 88596 1461 1923 1 1 0 1.0
1 144417 1462 3631 1 1 0 1.0
1 114079 1467 2413 1 1 1 1.0
1 133163 1467 3914 1 1 1 1.0
1 95207 1469 2787 1 10 0 1.0
1 178418 1469 3850 1 10 0 1.0
1 102159 1471 2306 1 10 0 1.0
1 84417 1477 1871 1 1 0 1.0
1 63680 1479 1461 1 10 0 1.0
1 69073 1482 1591 1 1 1 1.0
1 104071 1483 2088 1 10 1 1.0
1 91006 1485 2475 1 1 1 1.0
1 169163 1486 4556 1 1 1 1.0
1 173687 1490 4687 1 50 0 1.0
1 126263 1496 2926 1 1 1 1.0
1 112529 1501 2832 1 10 1 1.0
1 90965 1503 2686 1 1 1 1.0
1 107403 1503 2927 1 1 1 1.0
1 94126 1509 1905 1 10 0 1.0
1 167356 1512 3772 1 50 0 1.0
1 121834 1512 2929 1 1 1 1.0
1 176598 1514 3951 1 1 1 1.0
1 94414 1516 2674 1 50 1 1.0
1 149600 1517 4088 1 10 0 1.0
1 63621 1518 1381 1 10 1 1.0
1 171405 1521 4766 1 10 0 1.0
1 99939 1527 2417 1 10 1 1.0
1 93508 1530 2499 1 10 0 1.0
1 68413 1531 1766 1 1 1 1.0
1 101858 1538 2605 1 1 0 1.0
1 125137 1546 2653 1 10 0 1.0
1 81222 1550 1645 1 50 1 1.0
1 155320 1552 4349 1 1 0 1.0
1 168600 1557 4489 1 10 0 1.0
1 105186 1558 2922 1 1 0 1.0
1 147916 1558 3135 1 1 1 1.0
1 110485 1558 2823 1 1 0 1.0
1 79175 1559 1700 1 1 1 1.0
1 170728 1559 5058 1 1 1 1.0
1 122726 1561 3254 1 10 1 1.0
1 89773 1561 2527 1 10 1 1.0
1 163681 1562 4527 1 1 1 1.0
1 85201 1562 2006 1 1 0 1.0
1 78406 1564 2194 1 50 0 1.0
1 165038 1565 3870 1 10 1 1.0
1 136768 1568 3721 1 1 1 1.0
1 153476 1575 3876 1 10 0 1.0
1 134375 1576 3926 1 1 0 1.0
1 170475 1578 5095 1 1 1 1.0
1 112131 1578 2509 1 1 1 1.0
1 121263 1579 2621 1 50 0 1.0
1 110477 1579 3311 1 1 1 1.0
1 144562 1580 3644 1 10 0 1.0
1 86013 1580 2059 1 1 0 1.0
1 167745 1580 4688 1 1 0 1.0
1 75614 1588 2260 1 1 0 1.0
1 97572 1590 2694 1 10 1 1.0
1 124718 1592 3193 1 10 1 1.0
1 99381 1599 2813 1 10 0 1.0
1 172087 1600 4514 1 10 1 1.0
1 151124 1602 4412 1 10 0 1.0
1 130790 1602 2911 1 10 0 1.0
1 131271 1603 3619 1 10 0 1.0
1 149902 1603 3865 1 1 0 1.0
1 76385 1605 1603 1 10 0 1.0
1 65364 1606 1867 1 50 0 1.0
1 129803 1608 3240 1 1 1 1.0
1 124730 1609 2569 1 1 0 1.0
1 109961 1610 2606 1 1 1 1.0
1 128880 1611 2979 1 1 1 1.0
1 169041 1612 4516 1 1 1 1.0
1 166798 1615 4162 1 10 1 1.0
1 140071 1616 4070 1 1 1 1.0
1 145972 1621 3453 1 50 0 1.0
1 64719 1624 1939 1 10 0 1.0
1 161592 1630 4599 1 10 0 1.0
1 135121 1634 3935 1 1 1 1.0
1 64086 1635 1849 1 10 1 1.0
1 99307 1637 2681 1 1 1 1.0
1 168278 1638 3958 1 1 1 1.0
1 88623 1639 2576 1 1 1 1.0
1 78003 1639 2196 1 1 0 1.0
1 158242 1641 4455 1 1 1 1.0
1 144909 1641 4330 1 1 1 1.0
1 85747 1641 2097 1 10 0 1.0
1 116799 1645 2995 1 1 1 1.0
1 73756 1652 2160 1 50 0 1.0
1 117804 1655 2911 1 1 1 1.0
1 60550 1655 1250 1 1 1 1.0
1 117756 1656 3258 1 1 0 1.0
1 93353 1658 2194 1 1 0 1.0
1 152092 1658 4062 1 50 0 1.0
1 77284 1663 1570 1 1 1 1.0
1 82740 1666 1873 1 10 1 1.0
1 152200 1666 4249 1 1 1 1.0
1 105035 1674 2672 1 1 1 1.0
1 164546 1678 4153 1 1 1 1.0
1 78743 1678 2254 1 10 0 1.0
1 153199 1682 4059 1 1 1 1.0
1 81422 1682 2336 1 10 0 1.0
1 149216 1683 3893 1 1 1 1.0
1 118381 1685 2873 1 1 0 1.0
1 61431 1689 1808 1 1 1 1.0
1 128607 1691 3358 1 10 0 1.0
1 95568 1694 1978 1 1 1 1.0
1 94182 1698 2821 1 1 0 1.0
1 77850 1699 2246 1 1 0 1.0
1 76291 1700 1913 1 1 1 1.0
1 176358 1700 5262 1 1 1 1.0
1 145154 1700 4260 1 10 1 1.0
1 147486 1704 3618 1 1 0 1.0
1 100909 1705 2776 1 1 0 1.0
1 102520 1710 2830 1 1 0 1.0
1 165230 1711 4678 1 1 0 1.0
1 70296 1713 1954 1 1 0 1.0
1 85277 1714 2534 1 10 1 1.0
1 172612 1714 4443 1 1 0 1.0
1 162034 1715 4750 1 1 1 1.0
1 104692 1715 2866 1 10 1 1.0
1 116230 1717 2761 1 1 0 1.0
1 92003 1719 2358 1 1 1 1.0
1 159335 1719 3622 1 50 0 1.0
1 127324 1720 2884 1 1 1 1.0
1 156498 1720 4481 1 1 0 1.0
1 171653 1722 3877 1 1 0 1.0
1 136302 1723 3862 1 1 1 1.0
1 176660 1727 4524 1 10 1 1.0
1 112815 1730 2694 1 10 0 1.0
1 164892 1733 4042 1 1 1 1.0
1 147182 1735 4067 1 1 1 1.0
1 116419 1737 3069 1 50 1 1.0
1 78357 1740 1720 1 50 0 1.0
1 73039 1741 1571 1 10 1 1.0
1 160449 1741 3771 1 1 0 1.0
1 99965 1745 2271 1 1 0 1.0
1 112317 1747 2447 1 1 1 1.0
1 157575 1747 3264 1 10 1 1.0
1 62539 1751 1396 1 10 1 1.0
1 90418 1752 2484 1 1 1 1.0
1 75412 1754 1856 1 50 0 1.0
1 146291 1763 2939 1 1 1 1.0
1 110862 1768 2947 1 10 0 1.0
1 88521 1769 1973 1 10 0 1.0
1 125485 1769 2974 1 10 0 1.0
1 141213 1770 4129 1 1 0 1.0
1 101234 1774 2657 1 50 1 1.0
1 112474 1775 3250 1 1 1 1.0
1 173200 1779 5144 1 10 1 1.0
1 70299 1782 1594 1 10 1 1.0
1 133502 1790 3557 1 10 1 1.0
1 63554 1790 1336 1 1 1 1.0
1 167196 1794 3376 1 1 0 1.0
1 61357 1797 1667 1 1 0 1.0
1 99715 1797 2784 1 1 0 1.0
1 84670 1799 1945 1 1 0 1.0
1 84668 1800 1782 1 1 1 1.0
1 175628 1805 4437 1 1 0 1.0
1 169661 1810 4975 1 10 0 1.0
1 164898 1814 3420 1 50 0 1.0
1 78856 1814 1810 1 1 0 1.0
1 118645 1820 3483 1 1 0 1.0
1 122439 1826 2639 1 10 0 1.0
1 109499 1827 2349 1 1 0 1.0
1 169272 1828 5055 1 10 0 1.0
1 101837 1830 2915 1 1 0 1.0
1 87093 1835 1974 1 10 1 1.0
1 94950 1839 2429 1 50 1 1.0
1 136815 1841 3653 1 1 0 1.0
1 143971 1841 3091 1 10 1 1.0
1 175103 1843 4139 1 10 0 1.0
1 82521 1846 1749 1 1 0 1.0
1 108791 1846 2768 1 10 1 1.0
1 167722 1847 4474 1 1 1 1.0
1 155210 1849 3446 1 10 0 1.0
1 81094 1861 2264 1 1 1 1.0
1 121927 1863 2873 1 1 0 1.0
1 70234 1876 2070 1 1 1 1.0
1 107261 1877 2881 1 1 0 1.0
1 151489 1878 4354 1 10 1 1.0
1 121534 1878 2862 1 50 0 1.0
1 136419 1880 3329 1 1 0 1.0
1 79921 1880 2049 1 10 1 1.0
1 61629 1883 1497 1 50 0 1.0
1 155737 1885 4203 1 1 0 1.0
1 133157 1890 3669 1 1 0 1.0
1 171936 1897 4598 1 1 1 1.0
1 65406 1903 1580 1 50 1 1.0
1 125652 1904 3246 1 10 1 1.0
1 156645 1906 3905 1 1 1 1.0
1 110085 1914 2535 1 10 0 1.0
1 138240 1918 4045 1 1 1 1.0
1 160995 1918 3380 1 1 1 1.0
1 107675 1919 2225 1 10 1 1.0
1 74339 1919 1502 1 1 0 1.0
1 76566 1921 2242 1 1 0 1.0
1 70697 1922 1468 1 10 1 1.0
1 85086 1930 2015 1 10 0 1.0
1 166114 1933 3702 1 1 0 1.0
1 121513 1937 3388 1 10 1 1.0
1 159199 1938 3935 1 10 0 1.0
1 126785 1940 2609 1 10 0 1.0
1 113513 1944 2501 1 50 1 1.0
1 85220 1945 1717 1 1 1 1.0
1 99281 1947 2306 1 1 0 1.0
1 71549 1949 1607 1 1 0 1.0
1 131391 1953 2779 1 10 0 1.0
1 69487 1954 1926 1 1 1 1.0
1 91490 1954 2109 1 1 0 1.0
1 149876 1957 4450 1 1 0 1.0
1 77689 1957 1560 1 1 0 1.0
1 137226 1958 3730 1 1 1 1.0
1 96000 1962 2204 1 1 0 1.0
1 102486 1964 2629 1 1 1 1.0
1 175219 1964 3618 1 1 1 1.0
1 80419 1965 1792 1 1 0 1.0
1 148060 1973 3966 1 1 0 1.0
1 158533 1976 3658 1 10 1 1.0
1 163131 1977 4505 1 10 1 1.0
1 149072 1979 4448 1 1 1 1.0
1 84242 1984 2084 1 1 0 1.0
1 170493 1990 3999 1 1 0 1.0
1 63974 1993 1793 1 50 0 1.0
1 147361 1995 2994 1 1 0 1.0
1 120662 1998 2931 1 10 0 1.0
1 87314 1998 1764 1 1 1 1.0
1 127149 2002 2632 1 1 1 1.0
1 117268 2005 2386 1 1 0 1.0
1 67764 2007 1607 1 10 1 1.0
1 96792 2014 2313 1 1 0 1.0
1 163815 2016 3438 1 1 1 1.0
1 156675 2018 4500 1 1 1 1.0
1 96597 2020 2233 1 1 0 1.0
1 160678 2021 4120 1 1 0 1.0
1 90099 2023 2697 1 1 0 1.0
1 154548 2034 4410 1 1 0 1.0
1 150131 2035 3618 1 10 1 1.0
1 135828 2037 3748 1 50 1 1.0
1 133233 2038 3673 1 1 0 1.0
1 85660 2038 1849 1 50 1 1.0
1 179724 2038 4377 1 1 0 1.0
1 133784 2040 3586 1 1 1 1.0
1 119166 2041 3323 1 1 1 1.0
1 138953 2044 3620 1 1 0 1.0
1 107232 2046 2846 1 1 1 1.0
1 80869 2046 2111 1 1 0 1.0
1 117646 2047 2720 1 1 1 1.0
1 167798 2049 3424 1 50 1 1.0
1 109329 2052 2434 1 1 0 1.0
1 98070 2052 2141 1 1 0 1.0
1 147284 2054 3402 1 10 0 1.0
1 154561 2057 4191 1 10 0 1.0
1 130002 2058 3556 1 10 0 1.0
1 164273 2059 4521 1 10 0 1.0
1 169308 2060 3538 1 1 1 1.0
1 89969 2063 2394 1 1 0 1.0
1 158807 2064 3276 1 1 0 1.0
1 141257 2070 2855 1 1 1 1.0
1 66953 2070 1465 1 1 1 1.0
1 140255 2071 3212 1 50 0 1.0
1 145831 2074 3138 1 1 0 1.0
1 119129 2077 3207 1 10 0 1.0
1 130235 2083 3364 1 10 0 1.0
1 150221 2088 4306 1 10 0 1.0
1 154820 2104 4183 1 1 1 1.0
1 177218 2105 3552 1 10 0 1.0
1 120893 2110 2513 1 1 1 1.0
1 153609 2111 4589 1 10 1 1.0
1 137021 2114 3494 1 10 1 1.0
1 69635 2115 1566 1 50 1 1.0
1 152938 2115 4306 1 1 1 1.0
1 116204 2121 2899 1 1 0 1.0
1 117812 2123 3488 1 1 0 1.0
1 114185 2124 2585 1 1 1 1.0
1 101975 2127 2274 1 10 0 1.0
1 101037 2128 2502 1 1 1 1.0
1 146210 2131 2944 1 1 0 1.0
1 102595 2133 2647 1 1 0 1.0
1 86369 2136 2048 1 1 1 1.0
1 129244 2136 2757 1 10 1 1.0
1 165444 2138 4276 1 1 0 1.0
1 77879 2139 2162 1 10 1 1.0
1 88291 2145 2149 1 10 0 1.0
1 89765 2150 2072 1 1 0 1.0
1 63390 2151 1317 1 1 1 1.0
1 152067 2157 3741 1 1 1 1.0
1 75361 2165 2204 1 1 1 1.0
1 165534 2167 4851 1 1 0 1.0
1 103308 2168 3002 1 10 0 1.0
1 94096 2176 2585 1 10 0 1.0
1 75475 2180 1537 1 1 0 1.0
1 89560 2182 2398 1 10 0 1.0
1 122891 2184 3665 1 1 0 1.0
1 155990 2190 3395 1 50 1 1.0
1 167691 2191 4992 1 1 0 1.0
1 78385 2196 1582 1 1 0 1.0
1 98109 2198 2713 1 10 0 1.0
1 98336 2198 2289 1 1 0 1.0
1 137624 2206 3472 1 10 1 1.0
1 109634 2207 3041 1 1 0 1.0
1 93388 2208 1926 1 1 0 1.0
1 156844 2210 4572 1 10 0 1.0
1 101281 2218 2695 1 1 0 1.0
1 142532 2221 3965 1 50 0 1.0
1 90161 2222 1869 1 1 1 1.0
1 135791 2225 2837 1 1 0 1.0
1 72145 2226 1969 1 10 1 1.0
1 165462 2227 4446 1 10 1 1.0
1 170365 2228 3639 1 1 1 1.0
1 104346 2230 2946 1 10 0 1.0
1 161626 2233 4842 1 10 0 1.0
1 84647 2235 2485 1 1 0 1.0
1 92983 2235 2326 1 10 0 1.0
1 71901 2238 2110 1 1 0 1.0
1 144255 2240 2891 1 10 0 1.0
1 112055 2241 3127 1 10 0 1.0
1 76018 2245 2253 1 10 1 1.0
1 143082 2257 3997 1 10 0 1.0
1 64988 2260 1722 1 10 0 1.0
1 63702 2260 1603 1 1 1 1.0
1 80773 2263 2288 1 10 1 1.0
1 78501 2264 1715 1 1 0 1.0
1 62694 2265 1491 1 10 1 1.0
1 97184 2270 2437 1 1 1 1.0
1 134384 2276 2809 1 10 0 1.0
1 132648 2277 2681 1 50 0 1.0
1 130215 2280 3502 1 10 1 1.0
1 162077 2287 4451 1 1 0 1.0
1 92498 2287 2391 1 1 1 1.0
1 178019 2293 5267 1 1 0 1.0
1 173015 2294 4005 1 1 0 1.0
1 119276 2296 2843 1 1 0 1.0
1 65214 2304 1900 1 1 1 1.0
1 176339 2304 3572 1 10 1 1.0
1 141530 2304 3212 1 1 1 1.0
1 151595 2310 3263 1 10 1 1.0
1 107239 2310 2939 1 1 1 1.0
1 85533 2311 2155 1 50 1 1.0
1 114163 2313 2465 1 10 1 1.0
1 128495 2316 2679 1 1 1 1.0
1 155160 2321 3175 1 1 0 1.0
1 156734 2322 3729 1 1 0 1.0
1 105176 2324 2354 1 10 1 1.0
1 127382 2325 2566 1 10 0 1.0
1 150275 2326 3977 1 1 0 1.0
1 72022 2327 1550 1 1 1 1.0
1 113183 2328 2789 1 1 0 1.0
1 176436 2328 4554 1 1 0 1.0
1 97406 2330 2212 1 10 1 1.0
1 144881 2336 2959 1 1 1 1.0
1 130135 2337 3422 1 1 1 1.0
1 163644 2337 4318 1 1 0 1.0
1 109799 2337 2436 1 10 1 1.0
1 84906 2341 2013 1 1 0 1.0
1 100949 2344 2715 1 1 0 1.0
1 120145 2352 2407 1 1 1 1.0
1 179933 2354 3784 1 50 1 1.0
1 96339 2355 2175 1 50 1 1.0
1 92711 2358 1974 1 1 1 1.0
1 104745 2358 2739 1 10 0 1.0
1 141870 2366 3554 1 1 1 1.0
1 172314 2369 4926 1 1 1 1.0
1 125054 2370 3395 1 1 1 1.0
1 138597 2373 3872 1 1 1 1.0
1 102533 2376 3057 1 10 0 1.0
1 134508 2378 3027 1 1 0 1.0
1 164456 2378 3340 1 1 1 1.0
1 92558 2380 2650 1 1 0 1.0
1 165870 2383 4203 1 50 1 1.0
1 136153 2385 3781 1 1 1 1.0
1 84577 2387 2473 1 10 0 1.0
1 128793 2390 3197 1 1 1 1.0
1 131994 2395 3781 1 10 0 1.0
1 152969 2400 4328 1 50 0 1.0
1 92088 2404 2178 1 1 1 1.0
1 99869 2405 2426 1 1 1 1.0
1 63078 2409 1770 1 1 1 1.0
1 125730 2410 2770 1 1 0 1.0
1 171151 2412 3529 1 1 0 1.0
1 134153 2412 3079 1 10 0 1.0
1 126327 2415 3169 1 10 1 1.0
1 132776 2417 2958 1 1 0 1.0
1 69987 2424 1786 1 10 1 1.0
1 109696 2427 3019 1 10 1 1.0
1 98573 2427 2901 1 1 1 1.0
1 97484 2433 2860 1 1 0 1.0
1 148795 2434 3934 1 50 0 1.0
1 154382 2437 4496 1 1 1 1.0
1 122196 2438 3026 1 1 0 1.0
1 62752 2441 1692 1 50 0 1.0
1 125534 2443 2556 1 1 0 1.0
1 130393 2444 3792 1 1 0 1.0
1 92837 2445 2368 1 1 1 1.0
1 148074 2445 3871 1 1 0 1.0
1 71402 2445 1651 1 1 0 1.0
1 65090 2447 1866 1 1 0 1.0
1 90070 2460 2317 1 10 1 1.0
1 66693 2464 1700 1 10 1 1.0
1 161883 2466 4741 1 50 0 1.0
1 97319 2467 2501 1 1 0 1.0
1 127264 2468 3200 1 50 0 1.0
1 179678 2470 4838 1 50 0 1.0
1 130428 2474 3852 1 10 0 1.0
1 105709 2478 2710 1 10 0 1.0
1 155885 2481 4302 1 1 0 1.0
1 103800 2497 2634 1 1 0 1.0
1 117089 2498 2609 1 1 1 1.0
1 150124 2502 3385 1 1 0 1.0
1 153526 2503 3256 1 1 0 1.0
1 146509 2506 3726 1 1 0 1.0
1 110033 2509 3156 1 10 1 1.0
1 61305 2510 1543 1 1 1 1.0
1 127481 2512 3590 1 10 0 1.0
1 79302 2516 2230 1 50 1 1.0
1 83497 2516 2311 1 10 0 1.0
1 158742 2517 3294 1 10 1 1.0
1 128499 2518 2940 1 1 1 1.0
1 150975 2523 3310 1 1 1 1.0
1 103575 2525 3044 1 1 1 1.0
1 126230 2527 2910 1 10 1 1.0
1 69359 2527 1640 1 1 0 1.0
1 113412 2530 2401 1 1 0 1.0
1 168319 2531 3714 1 1 1 1.0
1 97671 2531 2853 1 1 0 1.0
1 169771 2532 4247 1 50 1 1.0
1 152667 2534 3916 1 1 1 1.0
1 176219 2534 4007 1 10 1 1.0
1 166185 2535 4344 1 1 1 1.0
1 165632 2537 3806 1 1 1 1.0
1 111371 2542 2449 1 1 0 1.0
1 130830 2544 2856 1 1 0 1.0
1 158000 2544 4190 1 10 0 1.0
1 162046 2550 4579 1 1 0 1.0
1 142593 2552 3648 1 10 1 1.0
1 117870 2554 3465 1 10 1 1.0
1 116829 2561 2534 1 1 0 1.0
1 103225 2562 2118 1 10 1 1.0
1 150237 2564 3844 1 50 0 1.0
1 154087 2568 4291 1 1 1 1.0
1 127965 2569 2608 1 1 0 1.0
1 123734 2569 2904 1 1 1 1.0
1 135377 2570 3908 1 10 1 1.0
1 159517 2572 3711 1 1 1 1.0
1 151157 2573 4526 1 1 1 1.0
1 86164 2573 1962 1 1 1 1.0
1 101021 2574 2813 1 10 1 1.0
1 99529 2577 2982 1 1 1 1.0
1 133432 2577 3244 1 10 1 1.0
1 170489 2579 4096 1 1 0 1.0
1 108505 2580 2320 1 1 1 1.0
1 77444 2584 1869 1 50 0 1.0
1 77631 2587 1670 1 10 0 1.0
1 156439 2587 4232 1 1 1 1.0
1 87967 2589 2340 1 1 0 1.0
1 65560 2590 1409 1 50 1 1.0
1 73451 2591 2008 1 1 1 1.0
1 60206 2593 1450 1 10 0 1.0
1 147493 2593 3859 1 1 1 1.0
1 101064 2594 3007 1 1 1 1.0
1 64197 2599 1731 1 1 0 1.0
1 167750 2600 4581 1 10 1 1.0
1 87803 2608 2390 1 1 0 1.0
1 82075 2613 2021 1 10 1 1.0
1 120376 2616 2638 1 50 0 1.0
1 74219 2619 1875 1 1 1 1.0
1 135108 2622 3892 1 10 0 1.0
1 98618 2623 2236 1 1 0 1.0
1 126089 2623 3077 1 1 0 1.0
1 152344 2626 3457 1 1 1 1.0
1 155385 2628 4131 1 1 0 1.0
1 177356 2628 4782 1 1 0 1.0
1 164303 2632 4356 1 10 1 1.0
1 154273 2638 4453 1 10 0 1.0
1 124821 2639 3148 1 10 0 1.0
1 143005 2641 3772 1 10 1 1.0
1 123730 2642 2503 1 1 0 1.0
1 63709 2643 1662 1 1 0 1.0
1 171546 2647 4495 1 10 0 1.0
1 127243 2648 3029 1 1 0 1.0
1 109137 2648 3212 1 10 0 1.0
1 104171 2648 2182 1 10 0 1.0
1 107128 2650 2501 1 1 0 1.0
1 92721 2650 2029 1 1 1 1.0
1 165064 2651 3576 1 1 1 1.0
1 66778 2656 1633 1 1 0 1.0
1 150222 2658 3814 1 1 1 1.0
1 83855 2660 2215 1 1 1 1.0
1 100566 2660 2931 1 1 1 1.0
1 152562 2661 4422 1 50 0 1.0
1 76268 2665 1883 1 1 1 1.0
1 143920 2665 3626 1 1 0 1.0
1 66283 2665 1847 1 10 0 1.0
1 108106 2668 2358 1 1 0 1.0
1 160913 2670 4221 1 10 1 1.0
1 62797 2673 1325 1 10 0 1.0
1 108837 2674 2358 1 1 1 1.0
1 75255 2678 1600 1 1 0 1.0
1 83042 2681 1987 1 1 0 1.0
1 108054 2683 2344 1 1 1 1.0
1 168463 2685 4626 1 10 1 1.0
1 80633 2686 2386 1 1 1 1.0
1 63923 2686 1495 1 1 1 1.0
1 174920 2699 4690 1 1 0 1.0
1 78779 2701 1575 1 1 1 1.0
1 119949 2703 3583 1 10 0 1.0
1 164303 2714 3381 1 10 0 1.0
1 157992 2724 3522 1 1 1 1.0
1 84903 2724 2049 1 1 1 1.0
1 125225 2726 2826 1 1 1 1.0
1 137317 2728 3638 1 50 0 1.0
1 140499 2728 3374 1 1 1 1.0
1 122201 2728 3342 1 1 1 1.0
1 115911 2731 2501 1 1 1 1.0
1 150379 2733 3368 1 1 0 1.0
1 126014 2734 2969 1 10 0 1.0
1 146344 2735 3559 1 1 1 1.0
1 103895 2742 2683 1 1 1 1.0
1 68674 2743 1580 1 10 1 1.0
1 98181 2745 2938 1 10 1 1.0
1 101456 2753 2787 1 50 0 1.0
1 112460 2754 3049 1 1 1 1.0
1 85717 2754 1729 1 10 1 1.0
1 93017 2760 2266 1 1 1 1.0
1 128322 2761 3785 1 1 0 1.0
1 84608 2763 1757 1 10 1 1.0
1 167208 2765 4589 1 1 0 1.0
1 95940 2770 2370 1 10 0 1.0
1 154790 2780 4382 1 1 0 1.0
1 95822 2781 2383 1 1 0 1.0
1 63482 2787 1575 1 1 1 1.0
1 74589 2788 1802 1 1 0 1.0
1 83984 2791 1710 1 1 0 1.0
1 157380 2792 4589 1 10 0 1.0
1 146510 2798 3539 1 10 0 1.0
1 127964 2802 3711 1 1 0 1.0
1 151329 2802 3544 1 10 1 1.0
1 67480 2806 1982 1 10 0 1.0
1 64722 2813 1632 1 10 1 1.0
1 139679 2821 3078 1 1 0 1.0
1 125416 2821 2642 1 1 0 1.0
1 118697 2822 2513 1 50 0 1.0
1 121275 2824 2736 1 1 0 1.0
1 98189 2824 2789 1 10 0 1.0
1 96177 2830 2879 1 10 1 1.0
1 60040 2833 1336 1 1 0 1.0
1 131009 2834 3191 1 1 1 1.0
1 155419 2838 3227 1 10 0 1.0
1 161022 2838 3916 1 10 1 1.0
1 150936 2839 3239 1 10 0 1.0
1 64345 2840 1586 1 10 1 1.0
1 96264 2841 2165 1 10 0 1.0
1 153238 2842 3906 1 10 1 1.0
1 113187 2848 2293 1 10 1 1.0
1 149710 2850 3674 1 1 0 1.0
1 95026 2851 2429 1 1 1 1.0
1 156523 2852 3218 1 1 1 1.0
1 97938 2853 2550 1 1 0 1.0
1 74454 2854 1860 1 10 1 1.0
1 95921 2855 2622 1 10 0 1.0
1 126623 2857 2952 1 1 1 1.0
1 103884 2857 2188 1 10 1 1.0
1 113868 2860 3393 1 10 0 1.0
1 79302 2860 2276 1 1 0 1.0
1 94531 2867 2596 1 1 1 1.0
1 96022 2870 2017 1 1 1 1.0
1 69164 2872 1904 1 1 1 1.0
1 107075 2872 2800 1 10 0 1.0
1 72269 2881 2051 1 1 0 1.0
1 144483 2886 3272 1 1 1 1.0
1 138204 2886 3491 1 10 1 1.0
1 105145 2891 2857 1 1 0 1.0
1 102879 2891 2862 1 10 0 1.0
1 172509 2892 4613 1 10 1 1.0
1 172686 2892 3973 1 10 1 1.0
1 167887 2892 5013 1 1 1 1.0
1 156116 2899 4423 1 1 1 1.0
1 157928 2900 4589 1 1 1 1.0
1 163988 2901 3362 1 1 1 1.0
1 147250 2902 4373 1 1 1 1.0
1 163052 2902 4662 1 50 1 1.0
1 66693 2902 1514 1 1 0 1.0
1 119867 2902 3126 1 1 1 1.0
1 145862 2902 2960 1 10 1 1.0
1 150286 2910 4304 1 1 1 1.0
1 171687 2911 4109 1 10 0 1.0
1 94615 2912 2608 1 50 1 1.0
1 87736 2913 2414 1 1 0 1.0
1 157460 2913 3752 1 1 0 1.0
1 142588 2914 2901 1 1 1 1.0
1 146164 2914 3171 1 10 1 1.0
1 122635 2920 3430 1 10 0 1.0
1 131955 2925 3256 1 10 1 1.0
1 174152 2928 4099 1 1 1 1.0
1 125664 2931 3761 1 1 0 1.0
1 85679 2933 2064 1 1 0 1.0
1 113042 2934 2646 1 10 1 1.0
1 104101 2934 2841 1 1 0 1.0
1 147321 2937 4095 1 1 1 1.0
1 105068 2939 2256 1 1 1 1.0
1 125034 2941 3564 1 1 1 1.0
1 109044 2941 3154 1 1 1 1.0
1 117777 2946 3073 1 1 1 1.0
1 173480 2947 4519 1 1 0 1.0
1 166238 2948 3559 1 1 0 1.0
1 110986 2956 2793 1 1 0 1.0
1 120085 2956 3170 1 1 0 1.0
1 150428 2959 3730 1 50 0 1.0
1 171943 2961 4243 1 1 0 1.0
1 71286 2962 1426 1 1 1 1.0
1 171720 2965 3434 1 1 1 1.0
1 140970 2967 2916 1 10 0 1.0
1 68801 2967 1884 1 10 1 1.0
1 98197 2969 2800 1 1 0 1.0
1 63536 2970 1320 1 10 0 1.0
1 62332 2972 1709 1 1 1 1.0
1 81517 2973 1796 1 1 1 1.0
1 161733 2975 3501 1 1 1 1.0
1 106415 2977 2867 1 10 0 1.0
1 82646 2979 1678 1 1 1 1.0
1 68362 2980 1768 1 10 1 1.0
1 83896 2983 2254 1 1 0 1.0
1 127944 2984 3704 1 1 0 1.0
1 142702 2987 3546 1 50 0 1.0
1 149716 2988 4165 1 1 0 1.0
1 94359 2991 2643 1 50 1 1.0
1 146229 2999 4322 1 10 1 1.0
1 78465 3004 2182 1 1 0 1.0
1 157059 3006 4282 1 10 0 1.0
1 104125 3008 2139 1 10 1 1.0
1 165437 3010 4331 1 50 0 1.0
1 125755 3012 3306 1 1 0 1.0
1 83755 3013 2082 1 1 0 1.0
1 78038 3016 2306 1 1 1 1.0
1 157741 3019 3282 1 10 0 1.0
1 171512 3020 3862 1 10 1 1.0
1 163934 3021 3616 1 1 0 1.0
1 111688 3023 3164 1 1 1 1.0
1 91989 3025 2371 1 1 1 1.0
1 84272 3026 1970 1 1 1 1.0
1 95452 3028 1936 1 10 0 1.0
1 143407 3031 3391 1 1 0 1.0
1 83547 3033 2461 1 1 1 1.0
1 138513 3035 3066 1 1 0 1.0
1 86580 3036 2574 1 10 0 1.0
1 174788 3039 3796 1 10 0 1.0
1 100563 3043 2981 1 1 0 1.0
1 134806 3044 3187 1 1 0 1.0
1 142583 3047 3711 1 1 1 1.0
1 98857 3048 2694 1 50 0 1.0
1 136426 3051 3934 1 1 0 1.0
1 66698 3053 1876 1 1 1 1.0
1 74474 3055 1774 1 1 0 1.0
1 129795 3055 3460 1 10 0 1.0
1 95514 3057 2080 1 1 1 1.0
1 73831 3058 1814 1 1 0 1.0
1 147867 3066 3846 1 50 0 1.0
1 89580 3069 1950 1 1 1 1.0
1 128002 3078 2899 1 50 0 1.0
1 61153 3079 1824 1 1 0 1.0
1 127346 3080 3656 1 1 1 1.0
1 126352 3082 2806 1 1 1 1.0
1 72186 3083 1603 1 10 0 1.0
1 100686 3083 2019 1 10 0 1.0
1 178547 3084 3794 1 10 0 1.0
1 60126 3086 1485 1 1 1 1.0
1 162343 3096 4059 1 10 1 1.0
1 160964 3097 3930 1 1 0 1.0
1 103839 3099 2927 1 10 0 1.0
1 178852 3099 5187 1 10 1 1.0
1 93678 3099 2781 1 10 1 1.0
1 173259 3100 4535 1 1 1 1.0
1 131695 3105 2652 1 50 1 1.0
1 101266 3116 2495 1 1 0 1.0
1 86504 3117 2588 1 1 0 1.0
1 141683 3117 3884 1 1 1 1.0
1 107488 3123 2377 1 50 1 1.0
1 63280 3124 1740 1 50 1 1.0
1 106096 3125 2813 1 10 0 1.0
1 123831 3130 3273 1 1 0 1.0
1 123509 3134 3662 1 10 1 1.0
1 154567 3136 4563 1 1 0 1.0
1 170836 3137 3745 1 1 1 1.0
1 128404 3140 2915 1 50 0 1.0
1 81349 3143 2100 1 10 0 1.0
1 96470 3144 2142 1 10 0 1.0
1 174141 3149 5157 1 1 0 1.0
1 73163 3151 2123 1 1 1 1.0
1 122927 3152 3080 1 1 1 1.0
1 148089 3156 3128 1 10 0 1.0
1 165654 3158 4802 1 1 0 1.0
1 92510 3159 2601 1 1 1 1.0
1 147196 3170 3219 1 10 1 1.0
1 64063 3171 1293 1 10 0 1.0
1 101435 3172 2749 1 1 0 1.0
1 132961 3174 2802 1 10 0 1.0
1 104274 3175 3034 1 1 0 1.0
1 179028 3177 4839 1 10 0 1.0
1 121928 3178 3306 1 1 1 1.0
1 135889 3178 3209 1 10 1 1.0
1 177378 3179 3600 1 10 1 1.0
1 137655 3186 2793 1 1 0 1.0
1 69977 3193 1464 1 10 1 1.0
1 99029 3194 2538 1 1 0 1.0
1 158309 3196 4175 1 50 1 1.0
1 176907 3200 3876 1 1 0 1.0
1 162980 3201 4438 1 1 1 1.0
1 141405 3202 3557 1 50 1 1.0
1 156546 3203 4634 1 1 0 1.0
1 163542 3206 4456 1 1 0 1.0
1 156972 3206 4557 1 50 1 1.0
1 139968 3207 3338 1 50 0 1.0
1 152409 3207 4358 1 10 1 1.0
1 62208 3207 1436 1 1 1 1.0
1 155731 3220 4403 1 10 0 1.0
1 100878 3224 2098 1 1 0 1.0
1 67336 3224 1890 1 1 0 1.0
1 165474 3227 3557 1 10 0 1.0
1 174069 3229 5068 1 1 1 1.0
1 68810 3233 1924 1 1 1 1.0
1 160416 3239 3429 1 10 1 1.0
1 110797 3244 3152 1 10 0 1.0
1 68152 3249 1979 1 10 0 1.0
1 72523 3250 1505 1 1 0 1.0
1 76003 3255 1723 1 10 1 1.0
1 89943 3260 2469 1 1 0 1.0
1 106035 3261 2261 1 10 0 1.0
1 73764 3265 2044 1 50 0 1.0
1 84977 3266 2145 1 10 0 1.0
1 100676 3268 2626 1 10 1 1.0
1 102721 3270 2883 1 10 0 1.0
1 151950 3271 4203 1 1 1 1.0
1 157290 3272 3176 1 1 0 1.0
1 120365 3273 2592 1 1 1 1.0
1 157308 3273 3454 1 10 1 1.0
1 65338 3276 1519 1 1 1 1.0
1 119665 3277 3582 1 10 1 1.0
1 166241 3277 3690 1 1 1 1.0
1 136452 3282 3949 1 1 1 1.0
1 125114 3282 2873 1 1 1 1.0
1 87825 3282 2583 1 1 1 1.0
1 174919 3285 3699 1 1 1 1.0
1 125809 3286 3198 1 1 1 1.0
1 109619 3286 2862 1 50 1 1.0
1 67761 3286 1880 1 50 1 1.0
1 92077 3290 2709 1 1 1 1.0
1 126442 3290 3071 1 10 1 1.0
1 136505 3291 3845 1 10 0 1.0
1 116933 3294 2918 1 1 1 1.0
1 79584 3294 1977 1 1 0 1.0
1 166601 3294 4233 1 1 1 1.0
1 109970 3298 2747 1 1 0 1.0
1 110828 3306 3194 1 1 1 1.0
1 138934 3310 3887 1 50 1 1.0
1 125910 3311 2581 1 50 1 1.0
1 152405 3312 4079 1 1 1 1.0
1 169777 3313 4553 1 1 1 1.0
1 113334 3317 3077 1 10 0 1.0
1 78262 3321 2251 1 10 1 1.0
1 150136 3321 3466 1 1 1 1.0
1 69281 3325 1856 1 1 1 1.0
1 169074 3325 4865 1 10 1 1.0
1 69632 3326 2009 1 10 1 1.0
1 140026 3328 3843 1 10 0 1.0
1 114192 3328 2348 1 10 1 1.0
1 96823 3332 2212 1 1 1 1.0
1 163187 3334 3774 1 10 0 1.0
1 131398 3335 3620 1 1 0 1.0
1 170492 3339 4998 1 1 1 1.0
1 79088 3344 1999 1 1 0 1.0
1 135425 3346 2959 1 1 1 1.0
1 112788 3349 3261 1 1 0 1.0
1 100311 3350 2449 1 1 1 1.0
1 99871 3350 2016 1 10 1 1.0
1 168153 3353 3797 1 10 1 1.0
1 99601 3355 2844 1 1 0 1.0
1 96981 3356 2088 1 10 0 1.0
1 138982 3360 2956 1 10 0 1.0
1 125336 3363 2580 1 1 1 1.0
1 151377 3364 3406 1 50 1 1.0
1 143540 3370 3489 1 1 1 1.0
1 166795 3373 3355 1 10 0 1.0
1 165884 3387 4234 1 1 0 1.0
1 91875 3387 2545 1 1 0 1.0
1 140265 3390 3935 1 1 0 1.0
1 119856 3391 3581 1 1 0 1.0
1 82766 3399 1821 1 1 0 1.0
1 135540 3400 2864 1 1 1 1.0
1 137402 3403 3254 1 50 0 1.0
1 142427 3403 3946 1 1 1 1.0
1 120020 3404 3058 1 50 0 1.0
1 85472 3407 2014 1 10 0 1.0
1 114588 3408 2425 1 1 1 1.0
1 177521 3413 4802 1 1 1 1.0
1 149245 3414 3291 1 1 0 1.0
1 102611 3417 2071 1 1 1 1.0
1 68811 3420 1933 1 1 0 1.0
1 78573 3421 1763 1 10 1 1.0
1 115737 3424 2472 1 10 0 1.0
1 152169 3425 3491 1 50 0 1.0
1 93149 3428 2203 1 1 0 1.0
1 81695 3429 1765 1 1 1 1.0
1 130743 3430 2648 1 1 0 1.0
1 135747 3433 3776 1 10 1 1.0
1 159671 3435 3592 1 1 0 1.0
1 111715 3437 2405 1 10 0 1.0
1 89278 3441 1951 1 1 1 1.0
1 95790 3441 2695 1 10 1 1.0
1 149024 3441 3853 1 10 0 1.0
1 82777 3441 1814 1 10 0 1.0
1 126574 3446 3270 1 1 1 1.0
1 89779 3448 1927 1 10 0 1.0
1 87947 3449 1773 1 50 0 1.0
1 100923 3449 2019 1 1 0 1.0
1 157364 3449 3375 1 1 0 1.0
1 116865 3453 3365 1 10 1 1.0
1 91949 3455 2064 1 1 1 1.0
1 147359 3456 3261 1 10 1 1.0
1 110652 3456 2525 1 1 1 1.0
1 151257 3463 3641 1 1 1 1.0
1 62088 3469 1588 1 1 1 1.0
1 74782 3472 1551 1 1 1 1.0
1 163527 3478 4272 1 1 1 1.0
1 76972 3481 1993 1 1 0 1.0
1 171843 3484 4215 1 1 1 1.0
1 173159 3486 4642 1 1 0 1.0
1 176409 3489 3601 1 1 1 1.0
1 109744 3489 3204 1 10 0 1.0
1 119978 3490 3548 1 1 0 1.0
1 131038 3492 3598 1 50 1 1.0
1 92536 3498 2770 1 10 0 1.0
1 179144 3503 3820 1 1 0 1.0
1 108991 3506 2424 1 1 1 1.0
1 136675 3511 3499 1 1 0 1.0
1 145994 3511 3885 1 1 0 1.0
1 65041 3513 1800 1 1 1 1.0
1 176633 3517 3817 1 1 1 1.0
1 82243 3523 2257 1 10 1 1.0
1 86815 3523 2024 1 1 0 1.0
1 177783 3524 4263 1 1 1 1.0
1 116011 3524 3253 1 1 1 1.0
1 98192 3527 2926 1 1 1 1.0
1 126768 3529 3302 1 1 0 1.0
1 133649 3529 2849 1 1 0 1.0
1 174217 3533 3616 1 50 0 1.0
1 152104 3535 3499 1 10 1 1.0
1 135269 3537 3511 1 50 1 1.0
1 90858 3539 2143 1 10 0 1.0
1 132203 3539 3942 1 10 0 1.0
1 103099 3544 2427 1 1 0 1.0
1 105027 3546 2372 1 1 1 1.0
1 78991 3546 2234 1 1 1 1.0
1 139254 3546 3281 1 10 1 1.0
1 164910 3551 4777 1 10 1 1.0
1 88578 3551 2493 1 1 0 1.0
1 111538 3552 3203 1 1 0 1.0
1 74955 3552 1913 1 1 0 1.0
1 162435 3555 4263 1 10 1 1.0
1 73658 3556 1736 1 1 0 1.0
1 80081 3557 2241 1 1 0 1.0
1 120019 3575 2862 1 1 1 1.0
1 127426 3576 3525 1 10 1 1.0
1 175042 3579 4903 1 1 1 1.0
1 138952 3587 3285 1 1 1 1.0
1 94568 3587 2035 1 10 0 1.0
1 80631 3590 2349 1 1 0 1.0
1 73011 3592 2171 1 1 0 1.0
1 74428 3593 1777 1 1 1 1.0
1 114899 3596 3052 1 10 1 1.0
1 63905 3596 1754 1 10 0 1.0
1 150936 3597 3683 1 1 1 1.0
