1500
2 81340 1 2227 1 1 0 0.8
2 95691 3 1963 1 1 1 0.8
2 142771 3 3352 1 10 0 0.8
2 145911 6 3174 1 1 1 0.8
2 63944 6 1892 1 1 0 0.8
2 172038 7 3641 1 1 1 0.8
2 97327 11 2028 1 1 1 0.8
2 125725 11 2879 1 10 1 0.8
2 81278 17 2001 1 1 0 0.8
2 90915 18 2010 1 1 0 0.8
2 88548 19 2070 1 1 0 0.8
2 72440 21 1933 1 1 1 0.8
2 118347 28 3530 1 10 1 0.8
2 163770 31 3443 1 1 0 0.8
2 70020 31 1699 1 1 0 0.8
2 103368 31 2093 1 10 0 0.8
2 172419 32 4540 1 50 0 0.8
2 93058 34 2629 1 10 1 0.8
2 172591 36 3814 1 1 0 0.8
2 99462 40 2971 1 50 0 0.8
2 102197 49 2450 1 10 1 0.8
2 141764 50 2916 1 1 1 0.8
2 88939 52 2342 1 10 1 0.8
2 126902 54 2890 1 10 0 0.8
2 172510 60 4279 1 1 1 0.8
2 111600 60 3297 1 1 0 0.8
2 83881 66 1797 1 1 0 0.8
2 151745 67 4094 1 1 0 0.8
2 101613 68 2394 1 50 0 0.8
2 106653 68 2704 1 1 1 0.8
2 102936 70 2778 1 1 1 0.8
2 149011 71 4141 1 1 1 0.8
2 173374 71 3586 1 1 1 0.8
2 141571 77 3869 1 1 0 0.8
2 92504 83 1918 1 1 0 0.8
2 133033 90 2768 1 10 1 0.8
2 65484 90 1907 1 1 0 0.8
2 62911 91 1720 1 50 1 0.8
2 79087 92 2364 1 1 0 0.8
2 179406 97 5046 1 1 1 0.8
2 147180 98 3557 1 1 1 0.8
2 142000 114 2840 1 50 1 0.8
2 167611 115 4061 1 10 0 0.8
2 159671 118 3390 1 50 1 0.8
2 118837 122 3069 1 1 0 0.8
2 81080 123 1758 1 1 1 0.8
2 142074 130 2898 1 1 0 0.8
2 160836 132 4541 1 1 1 0.8
2 127927 134 3010 1 1 1 0.8
2 105088 137 2734 1 10 0 0.8
2 95271 139 1919 1 10 0 0.8
2 154694 141 3941 1 50 1 0.8
2 98598 142 2438 1 1 0 0.8
2 122175 144 3200 1 50 0 0.8
2 60414 151 1519 1 1 1 0.8
2 83034 153 1730 1 50 1 0.8
2 137909 159 2843 1 1 1 0.8
2 135011 161 3771 1 1 1 0.8
2 122771 166 3155 1 10 1 0.8
2 66771 166 1828 1 1 1 0.8
2 149824 168 3759 1 1 0 0.8
2 143286 174 3968 1 1 1 0.8
2 156783 177 3782 1 10 0 0.8
2 134588 178 3972 1 50 0 0.8
2 71893 178 1467 1 50 1 0.8
2 86347 179 1949 1 10 1 0.8
2 156234 180 4134 1 1 0 0.8
2 70594 180 1689 1 10 1 0.8
2 92971 185 2280 1 10 1 0.8
2 77004 188 1812 1 1 1 0.8
2 76470 191 2172 1 1 1 0.8
2 127485 193 3441 1 10 1 0.8
2 79627 196 1792 1 10 1 0.8
2 98768 199 2009 1 1 0 0.8
2 166284 208 3393 1 10 1 0.8
2 97295 209 2025 1 1 1 0.8
2 150432 210 3913 1 1 0 0.8
2 66047 211 1978 1 1 1 0.8
2 106231 211 2751 1 50 0 0.8
2 99528 212 2892 1 10 0 0.8
2 65418 213 1942 1 10 0 0.8
2 176866 213 3969 1 10 0 0.8
2 125799 215 3694 1 10 0 0.8
2 135052 215 3236 1 1 0 0.8
2 97711 215 2225 1 1 0 0.8
2 70279 217 1546 1 1 0 0.8
2 138435 224 3748 1 10 0 0.8
2 128370 226 3797 1 1 1 0.8
2 123292 228 3173 1 1 1 0.8
2 76759 230 2152 1 1 0 0.8
2 136295 231 3170 1 1 0 0.8
2 109752 231 2902 1 1 0 0.8
2 118795 233 2528 1 10 0 0.8
2 135610 233 3775 1 10 1 0.8
2 101743 235 2514 1 10 1 0.8
2 171798 238 4606 1 50 0 0.8
2 85776 241 2540 1 1 1 0.8
2 120602 242 2536 1 1 0 0.8
2 155689 246 4130 1 10 0 0.8
2 130794 248 3823 1 10 1 0.8
2 63006 254 1481 1 1 1 0.8
2 117148 254 2834 1 1 1 0.8
2 78127 256 1809 1 10 1 0.8
2 90455 262 2412 1 1 1 0.8
2 108409 266 3102 1 1 0 0.8
2 96120 275 1984 1 10 1 0.8
2 121335 275 2731 1 1 0 0.8
2 73135 280 1997 1 1 0 0.8
2 101774 282 2788 1 10 1 0.8
2 133732 286 3498 1 1 1 0.8
2 139673 288 3074 1 1 0 0.8
2 159239 288 3261 1 1 0 0.8
2 137595 290 3736 1 1 0 0.8
2 129679 291 3104 1 1 1 0.8
2 77332 293 1894 1 1 1 0.8
2 101268 294 2221 1 10 1 0.8
2 105957 295 2438 1 1 1 0.8
2 163538 297 4374 1 1 1 0.8
2 156982 298 4001 1 1 1 0.8
2 114753 300 2718 1 10 0 0.8
2 162389 301 4637 1 10 0 0.8
2 170511 303 3546 1 1 1 0.8
2 171543 305 3802 1 1 0 0.8
2 120001 306 2809 1 1 1 0.8
2 168842 306 4012 1 1 1 0.8
2 74861 307 1631 1 1 0 0.8
2 65099 307 1806 1 1 0 0.8
2 90986 309 2520 1 1 0 0.8
2 160242 310 4529 1 1 0 0.8
2 140314 311 3660 1 1 1 0.8
2 73718 313 2066 1 10 0 0.8
2 123904 317 3532 1 1 1 0.8
2 94669 317 2417 1 1 0 0.8
2 165093 318 3876 1 1 1 0.8
2 90054 320 1870 1 1 1 0.8
2 134417 324 3930 1 1 1 0.8
2 152140 325 3385 1 1 1 0.8
2 129142 325 3031 1 1 0 0.8
2 133848 326 3205 1 10 0 0.8
2 179281 330 3951 1 1 1 0.8
2 141709 334 3679 1 1 1 0.8
2 148817 335 3206 1 1 0 0.8
2 86389 336 2063 1 1 0 0.8
2 125635 337 3587 1 10 0 0.8
2 170140 339 3524 1 1 1 0.8
2 77123 343 1576 1 50 1 0.8
2 129485 346 2862 1 1 1 0.8
2 117268 347 3331 1 1 1 0.8
2 64381 348 1732 1 1 0 0.8
2 70894 353 1649 1 1 1 0.8
2 142458 354 4068 1 1 1 0.8
2 74143 356 1542 1 10 0 0.8
2 166789 362 3473 1 1 1 0.8
2 109329 363 2278 1 1 0 0.8
2 164464 365 4112 1 10 1 0.8
2 131507 365 3518 1 10 1 0.8
2 162498 366 3262 1 1 1 0.8
2 108903 368 3135 1 1 0 0.8
2 163674 369 4201 1 1 1 0.8
2 156696 372 3725 1 1 1 0.8
2 71443 372 1943 1 1 1 0.8
2 121558 372 2872 1 1 1 0.8
2 65270 372 1548 1 10 0 0.8
2 176217 375 4075 1 1 0 0.8
2 76254 375 1713 1 1 0 0.8
2 74720 375 2084 1 1 0 0.8
2 143471 378 3143 1 1 0 0.8
2 75571 386 1944 1 1 0 0.8
2 126374 386 3085 1 1 1 0.8
2 109300 389 2991 1 1 0 0.8
2 168576 390 3792 1 10 0 0.8
2 160230 391 4549 1 1 1 0.8
2 66072 395 1572 1 10 1 0.8
2 141176 398 3394 1 1 1 0.8
2 163408 402 4186 1 50 0 0.8
2 93494 404 2504 1 10 0 0.8
2 162064 404 3360 1 1 1 0.8
2 98778 405 2581 1 1 1 0.8
2 145193 405 3456 1 10 1 0.8
2 95063 406 2156 1 1 0 0.8
2 94407 408 2374 1 50 0 0.8
2 154416 410 4115 1 1 0 0.8
2 80620 413 2332 1 1 1 0.8
2 99094 421 2242 1 1 1 0.8
2 105083 422 2695 1 1 1 0.8
2 82177 424 1796 1 1 0 0.8
2 122348 424 3219 1 1 0 0.8
2 99975 425 2203 1 10 0 0.8
2 127955 427 3363 1 10 1 0.8
2 177327 427 4587 1 1 0 0.8
2 174433 430 4129 1 1 1 0.8
2 79080 431 1786 1 1 1 0.8
2 133067 435 3280 1 1 1 0.8
2 177184 435 4994 1 50 0 0.8
2 143279 437 3169 1 1 1 0.8
2 162203 438 4028 1 10 0 0.8
2 80295 447 1851 1 1 0 0.8
2 112046 448 2620 1 10 1 0.8
2 113154 450 2594 1 1 0 0.8
2 85050 451 1916 1 10 0 0.8
2 110046 451 3203 1 1 0 0.8
2 150900 453 3346 1 10 1 0.8
2 100671 455 3001 1 1 1 0.8
2 111741 458 3154 1 50 0 0.8
2 115002 464 3088 1 10 0 0.8
2 144818 471 4054 1 1 0 0.8
2 168217 473 4750 1 1 1 0.8
2 145408 474 3390 1 10 1 0.8
2 169820 477 3721 1 1 1 0.8
2 61133 480 1784 1 10 1 0.8
2 68866 485 1855 1 1 0 0.8
2 66195 487 1411 1 1 0 0.8
2 147075 487 3889 1 1 1 0.8
2 101227 487 2368 1 1 1 0.8
2 127491 488 3247 1 1 0 0.8
2 69808 489 1765 1 10 1 0.8
2 121817 490 2716 1 1 0 0.8
2 115406 494 2629 1 10 1 0.8
2 172862 494 3792 1 1 0 0.8
2 161734 504 4764 1 10 0 0.8
2 115807 504 2874 1 1 0 0.8
2 64579 509 1304 1 10 1 0.8
2 102644 516 2805 1 1 0 0.8
2 102326 520 2254 1 1 0 0.8
2 154441 522 3394 1 1 1 0.8
2 176586 524 3819 1 1 1 0.8
2 161270 526 4299 1 1 1 0.8
2 160590 526 3346 1 1 0 0.8
2 121446 527 2866 1 10 0 0.8
2 142129 529 4211 1 1 1 0.8
2 129933 532 3285 1 10 1 0.8
2 128705 536 3115 1 1 0 0.8
2 142505 537 4180 1 10 0 0.8
2 156038 537 4621 1 1 0 0.8
2 63679 540 1428 1 1 0 0.8
2 113366 540 2298 1 1 1 0.8
2 159596 541 4699 1 1 0 0.8
2 79177 543 1984 1 10 1 0.8
2 164339 546 3693 1 10 1 0.8
2 88412 549 1890 1 1 1 0.8
2 130394 550 3655 1 50 0 0.8
2 107892 551 3116 1 10 1 0.8
2 128325 551 3413 1 10 0 0.8
2 74387 552 1859 1 50 0 0.8
2 146201 559 4355 1 1 0 0.8
2 116854 563 2382 1 10 1 0.8
2 112357 567 2664 1 1 1 0.8
2 127143 569 2932 1 1 1 0.8
2 93237 572 2590 1 1 1 0.8
2 72730 574 1900 1 10 0 0.8
2 156107 578 4136 1 10 1 0.8
2 63799 578 1348 1 10 1 0.8
2 142274 579 3366 1 1 1 0.8
2 167671 584 3435 1 10 0 0.8
2 64515 586 1609 1 1 0 0.8
2 175473 587 4409 1 1 1 0.8
2 147416 592 3148 1 1 0 0.8
2 95927 600 2419 1 1 0 0.8
2 138314 601 3216 1 1 0 0.8
2 92311 603 2287 1 1 0 0.8
2 160482 605 3355 1 1 1 0.8
2 74663 612 1501 1 10 0 0.8
2 100659 613 2916 1 10 1 0.8
2 79245 617 1875 1 1 0 0.8
2 160376 621 4437 1 10 0 0.8
2 82293 621 1814 1 1 0 0.8
2 143169 629 2914 1 1 0 0.8
2 70256 632 2026 1 10 0 0.8
2 152754 633 4121 1 1 0 0.8
2 139892 636 4126 1 1 0 0.8
2 152253 639 4444 1 1 1 0.8
2 123841 644 3675 1 10 1 0.8
2 134129 647 3806 1 1 1 0.8
2 133833 648 2797 1 1 1 0.8
2 159624 652 4297 1 10 0 0.8
2 115123 654 2382 1 50 0 0.8
2 101464 656 2744 1 10 1 0.8
2 86552 656 2224 1 1 0 0.8
2 175617 659 4562 1 10 0 0.8
2 114988 659 3145 1 1 0 0.8
2 145115 660 3652 1 50 1 0.8
2 106229 662 2250 1 50 1 0.8
2 68610 662 2055 1 1 1 0.8
2 74454 666 1527 1 10 1 0.8
2 112842 667 2670 1 1 1 0.8
2 148303 670 4367 1 1 1 0.8
2 165932 672 4116 1 1 1 0.8
2 83997 674 1679 1 1 1 0.8
2 109177 675 2943 1 50 1 0.8
2 110553 681 3155 1 1 1 0.8
2 122602 682 2862 1 1 0 0.8
2 124054 683 3346 1 10 1 0.8
2 76565 683 1563 1 1 0 0.8
2 87195 688 2507 1 1 0 0.8
2 99001 688 2387 1 1 1 0.8
2 140555 698 3677 1 10 1 0.8
2 76350 701 1568 1 50 0 0.8
2 125039 702 2642 1 1 0 0.8
2 163561 707 4812 1 1 1 0.8
2 175228 709 4716 1 1 1 0.8
2 98303 712 2166 1 50 0 0.8
2 87028 714 2227 1 1 0 0.8
2 156134 716 3618 1 1 0 0.8
2 164061 716 3670 1 10 1 0.8
2 172643 718 3634 1 1 1 0.8
2 101736 721 2264 1 1 0 0.8
2 60041 723 1600 1 10 1 0.8
2 104585 726 2668 1 1 0 0.8
2 118366 732 3015 1 1 1 0.8
2 62426 735 1695 1 1 0 0.8
2 86693 739 2409 1 1 1 0.8
2 104524 739 2300 1 50 0 0.8
2 131966 745 2905 1 1 1 0.8
2 87508 746 2150 1 1 0 0.8
2 76848 746 2126 1 10 0 0.8
2 141284 746 3083 1 1 0 0.8
2 176626 748 4473 1 10 0 0.8
2 118534 749 3342 1 10 0 0.8
2 156745 751 4230 1 10 0 0.8
2 128272 753 3019 1 1 0 0.8
2 125608 756 3468 1 1 1 0.8
2 80732 760 1868 1 1 1 0.8
2 72352 764 2121 1 10 1 0.8
2 139771 767 3315 1 10 1 0.8
2 178191 770 4972 1 50 0 0.8
2 177808 772 3689 1 10 0 0.8
2 71888 772 2094 1 10 0 0.8
2 84407 773 1742 1 1 0 0.8
2 153897 774 3456 1 1 1 0.8
2 71635 777 1486 1 50 0 0.8
2 132274 777 3784 1 50 1 0.8
2 147343 783 3682 1 10 1 0.8
2 138062 785 3754 1 10 1 0.8
2 116689 785 2360 1 1 0 0.8
2 73297 785 2163 1 10 0 0.8
2 107802 789 3208 1 1 0 0.8
2 165215 794 4052 1 1 0 0.8
2 123500 794 3541 1 1 1 0.8
2 171711 795 3832 1 1 0 0.8
2 172988 800 4667 1 1 1 0.8
2 115264 803 2414 1 10 1 0.8
2 138038 808 2895 1 1 0 0.8
2 152711 808 3888 1 10 0 0.8
2 112282 811 2778 1 10 0 0.8
2 106650 812 3157 1 1 0 0.8
2 128490 812 3650 1 1 1 0.8
2 100264 818 2889 1 1 0 0.8
2 123599 820 3368 1 1 1 0.8
2 114725 821 3340 1 50 0 0.8
2 166527 821 3817 1 10 1 0.8
2 124446 825 3479 1 1 1 0.8
2 122236 829 2851 1 10 1 0.8
2 167173 832 4789 1 1 0 0.8
2 89735 833 1862 1 50 0 0.8
2 115675 833 3074 1 1 1 0.8
2 147032 835 3816 1 10 1 0.8
2 105198 838 2596 1 10 1 0.8
2 73071 838 2136 1 1 1 0.8
2 131754 839 3406 1 1 1 0.8
2 177294 846 3975 1 10 1 0.8
2 108728 857 2424 1 50 0 0.8
2 118453 858 2757 1 1 0 0.8
2 151510 860 3498 1 10 1 0.8
2 135085 861 3823 1 10 1 0.8
2 74546 864 1827 1 10 1 0.8
2 168999 866 4672 1 1 1 0.8
2 147603 872 3196 1 1 0 0.8
2 85240 875 2290 1 1 1 0.8
2 162542 877 3255 1 1 0 0.8
2 144678 880 3292 1 10 1 0.8
2 103279 881 3085 1 1 1 0.8
2 165623 885 4444 1 50 1 0.8
2 167058 888 3955 1 10 0 0.8
2 166714 896 4995 1 50 0 0.8
2 90330 897 2291 1 10 0 0.8
2 134923 897 2986 1 1 1 0.8
2 94234 897 2596 1 10 0 0.8
2 163702 898 3932 1 1 1 0.8
2 105220 899 2469 1 10 0 0.8
2 168454 901 4364 1 10 0 0.8
2 153441 904 4416 1 1 0 0.8
2 159033 906 3302 1 10 0 0.8
2 91693 906 1914 1 10 0 0.8
2 124912 908 3463 1 1 1 0.8
2 161656 909 3940 1 10 0 0.8
2 101903 909 2786 1 50 1 0.8
2 62442 910 1684 1 1 0 0.8
2 85021 913 2370 1 10 1 0.8
2 175150 915 3805 1 1 1 0.8
2 156503 916 4597 1 10 0 0.8
2 112326 917 2501 1 50 0 0.8
2 126626 918 2953 1 1 0 0.8
2 130688 921 3184 1 10 1 0.8
2 90351 921 1862 1 10 1 0.8
2 156931 924 4035 1 1 1 0.8
2 86132 934 2174 1 1 1 0.8
2 172813 936 3984 1 1 1 0.8
2 146658 940 3875 1 1 1 0.8
2 70948 941 2009 1 1 0 0.8
2 127927 945 2995 1 10 0 0.8
2 125915 948 2870 1 1 0 0.8
2 116004 949 2553 1 1 1 0.8
2 83077 949 1834 1 1 1 0.8
2 68353 952 1486 1 10 1 0.8
2 161533 958 3696 1 50 0 0.8
2 88405 961 1931 1 10 1 0.8
2 122332 965 3356 1 50 1 0.8
2 111503 967 3009 1 1 0 0.8
2 63221 975 1881 1 1 0 0.8
2 100206 976 2740 1 1 1 0.8
2 90545 978 2603 1 1 0 0.8
2 98812 979 2188 1 1 0 0.8
2 107408 982 3125 1 1 0 0.8
2 76266 983 1561 1 1 0 0.8
2 93175 984 2431 1 1 0 0.8
2 105451 985 2773 1 50 1 0.8
2 109200 993 3094 1 1 1 0.8
2 112728 997 2645 1 10 0 0.8
2 163145 1017 3280 1 1 1 0.8
2 76642 1017 1770 1 1 0 0.8
2 73136 1018 1877 1 1 0 0.8
2 102865 1018 2816 1 1 0 0.8
2 146663 1025 4089 1 10 0 0.8
2 126030 1027 3640 1 1 1 0.8
2 153152 1031 3607 1 10 1 0.8
2 157288 1036 3267 1 1 0 0.8
2 68518 1037 1937 1 10 1 0.8
2 145257 1043 4042 1 1 0 0.8
2 101683 1045 2253 1 50 1 0.8
2 130212 1048 3750 1 1 0 0.8
2 114148 1049 3404 1 1 1 0.8
2 164577 1049 3475 1 1 0 0.8
2 106164 1049 2217 1 1 0 0.8
2 138508 1052 4059 1 1 1 0.8
2 92991 1053 2629 1 1 0 0.8
2 129210 1059 3498 1 1 1 0.8
2 166388 1061 3398 1 10 1 0.8
2 147467 1062 3026 1 1 1 0.8
2 100282 1063 2711 1 10 1 0.8
2 126170 1066 3399 1 1 1 0.8
2 147372 1067 4065 1 1 1 0.8
2 137680 1069 3034 1 1 1 0.8
2 120317 1073 3600 1 1 0 0.8
2 100578 1076 2547 1 1 0 0.8
2 113658 1077 3332 1 10 0 0.8
2 170173 1079 3666 1 1 1 0.8
2 118948 1081 3452 1 50 0 0.8
2 83364 1081 2394 1 10 0 0.8
2 109975 1085 3176 1 10 1 0.8
2 122485 1086 2764 1 10 1 0.8
2 144428 1087 3785 1 1 0 0.8
2 107608 1089 2939 1 1 1 0.8
2 141693 1098 3682 1 1 0 0.8
2 73758 1105 2161 1 1 1 0.8
2 99984 1105 2378 1 10 1 0.8
2 107552 1105 2166 1 1 0 0.8
2 149984 1105 3696 1 10 0 0.8
2 165660 1108 3748 1 10 1 0.8
2 89821 1108 1887 1 1 0 0.8
2 161479 1108 3724 1 10 1 0.8
2 116074 1120 3163 1 1 1 0.8
2 87697 1121 2287 1 1 0 0.8
2 129817 1123 3261 1 50 1 0.8
2 83537 1125 2502 1 10 0 0.8
2 86313 1127 2336 1 1 0 0.8
2 106387 1127 3107 1 50 1 0.8
2 127650 1128 3748 1 10 0 0.8
2 125558 1130 3695 1 10 1 0.8
2 63613 1142 1659 1 1 1 0.8
2 81327 1149 2135 1 1 0 0.8
2 97126 1153 2815 1 1 0 0.8
2 63681 1154 1471 1 10 1 0.8
2 154891 1156 3901 1 1 0 0.8
2 103161 1165 2233 1 1 1 0.8
2 85377 1167 2492 1 1 1 0.8
2 168525 1168 3837 1 1 0 0.8
2 141289 1169 2831 1 1 0 0.8
2 166366 1171 4579 1 1 0 0.8
2 177206 1171 3621 1 10 1 0.8
2 146956 1172 3408 1 1 1 0.8
2 104765 1172 2173 1 1 0 0.8
2 61679 1174 1264 1 50 1 0.8
2 135375 1178 3802 1 50 1 0.8
2 155536 1178 3361 1 1 0 0.8
2 100503 1180 3009 1 1 1 0.8
2 118877 1182 2966 1 1 1 0.8
2 106455 1183 2178 1 1 1 0.8
2 103739 1184 3075 1 1 1 0.8
2 90045 1185 2246 1 10 1 0.8
2 76432 1187 2063 1 1 0 0.8
2 97018 1189 2152 1 1 0 0.8
2 126151 1190 3145 1 1 0 0.8
2 106725 1190 2248 1 10 1 0.8
2 84417 1192 1758 1 1 0 0.8
2 62703 1192 1765 1 1 0 0.8
2 119911 1194 2454 1 1 1 0.8
2 77237 1195 1566 1 1 1 0.8
2 75145 1201 1663 1 50 0 0.8
2 84233 1204 1834 1 1 1 0.8
2 122294 1204 2559 1 1 0 0.8
2 85472 1206 1733 1 1 0 0.8
2 145296 1206 3324 1 10 1 0.8
2 163144 1207 4196 1 1 0 0.8
2 175049 1207 4900 1 50 0 0.8
2 73352 1208 2044 1 10 0 0.8
2 111523 1209 2816 1 10 0 0.8
2 67532 1210 1429 1 10 1 0.8
2 72217 1211 1579 1 1 0 0.8
2 63216 1221 1730 1 50 1 0.8
2 77640 1221 2120 1 10 0 0.8
2 126245 1221 3322 1 10 0 0.8
2 139964 1225 4016 1 1 1 0.8
2 163427 1230 4406 1 1 1 0.8
2 153282 1230 3362 1 1 1 0.8
2 118864 1233 2795 1 1 0 0.8
2 146874 1236 4189 1 1 1 0.8
2 147002 1237 3559 1 1 0 0.8
2 136409 1238 3372 1 10 1 0.8
2 132039 1239 3786 1 10 1 0.8
2 104155 1241 2181 1 1 0 0.8
2 170843 1243 4899 1 50 0 0.8
2 68563 1243 1888 1 1 0 0.8
2 128746 1244 3650 1 50 1 0.8
2 150030 1245 3970 1 50 0 0.8
2 110279 1246 3019 1 1 1 0.8
2 171150 1249 4626 1 1 0 0.8
2 141979 1249 2959 1 1 0 0.8
2 78111 1251 1809 1 1 0 0.8
2 70476 1252 1918 1 1 0 0.8
2 125727 1260 3443 1 10 0 0.8
2 80580 1265 2278 1 10 1 0.8
2 74659 1267 1806 1 1 1 0.8
2 81909 1270 1675 1 50 0 0.8
2 62550 1271 1654 1 10 1 0.8
2 135811 1273 3205 1 10 1 0.8
2 96238 1284 2860 1 1 1 0.8
2 174080 1288 3509 1 1 1 0.8
2 100367 1288 2361 1 1 1 0.8
2 105022 1290 2970 1 10 0 0.8
2 78449 1295 1629 1 1 0 0.8
2 161537 1296 3688 1 1 0 0.8
2 130259 1297 3314 1 10 0 0.8
2 71443 1301 1663 1 1 0 0.8
2 110901 1303 2221 1 1 0 0.8
2 139608 1305 3128 1 10 0 0.8
2 135865 1306 3797 1 10 0 0.8
2 66261 1309 1906 1 10 0 0.8
2 122558 1311 2518 1 10 0 0.8
2 79449 1312 2377 1 10 1 0.8
2 102831 1312 2686 1 1 1 0.8
2 64880 1313 1861 1 1 0 0.8
2 120475 1316 2600 1 10 1 0.8
2 155392 1316 3661 1 10 1 0.8
2 113554 1317 2887 1 10 1 0.8
2 72765 1324 1732 1 50 1 0.8
2 176319 1328 5249 1 50 0 0.8
2 114966 1330 3381 1 10 0 0.8
2 95619 1331 2316 1 1 0 0.8
2 97377 1333 2758 1 10 1 0.8
2 63211 1345 1553 1 1 1 0.8
2 144102 1348 3346 1 1 0 0.8
2 133222 1355 2970 1 10 0 0.8
2 104428 1355 2978 1 10 1 0.8
2 132113 1357 3709 1 10 0 0.8
2 177981 1360 3610 1 1 0 0.8
2 131147 1364 3555 1 10 0 0.8
2 66466 1364 1419 1 10 0 0.8
2 155749 1365 4562 1 1 0 0.8
2 152314 1369 4088 1 1 1 0.8
2 84632 1370 2081 1 1 0 0.8
2 82530 1371 1920 1 1 0 0.8
2 160189 1376 4391 1 1 1 0.8
2 151599 1382 3808 1 10 1 0.8
2 175914 1383 4344 1 1 0 0.8
2 90841 1384 2174 1 1 1 0.8
2 134163 1385 3912 1 1 1 0.8
2 93774 1387 2106 1 1 1 0.8
2 69944 1394 1432 1 1 1 0.8
2 116219 1401 3350 1 1 0 0.8
2 81154 1403 1639 1 50 1 0.8
2 81634 1405 2223 1 1 0 0.8
2 66096 1411 1422 1 1 0 0.8
2 166810 1411 4267 1 10 0 0.8
2 124876 1413 3146 1 10 1 0.8
2 109143 1413 3252 1 1 0 0.8
2 169397 1413 3463 1 1 0 0.8
2 163088 1419 3302 1 1 1 0.8
2 121375 1422 3552 1 1 0 0.8
2 134779 1425 3914 1 1 1 0.8
2 79436 1427 1655 1 1 0 0.8
2 155925 1428 4575 1 1 0 0.8
2 139136 1430 4133 1 1 0 0.8
2 121277 1431 2585 1 1 1 0.8
2 120400 1431 2903 1 10 1 0.8
2 113510 1433 3345 1 10 0 0.8
2 149400 1433 3584 1 10 1 0.8
2 83899 1434 2048 1 1 0 0.8
2 88700 1434 2357 1 1 1 0.8
2 108502 1434 3241 1 10 1 0.8
2 142212 1435 3593 1 1 0 0.8
2 125529 1435 3070 1 1 1 0.8
2 173042 1436 5163 1 1 1 0.8
2 91931 1437 2657 1 50 0 0.8
2 85311 1450 2180 1 10 0 0.8
2 174451 1451 5047 1 10 1 0.8
2 91884 1451 1969 1 1 0 0.8
2 63687 1455 1444 1 10 1 0.8
2 88373 1457 1853 1 1 1 0.8
2 62575 1458 1741 1 1 0 0.8
2 120063 1463 3486 1 50 1 0.8
2 144360 1466 2958 1 1 0 0.8
2 175841 1466 4205 1 1 1 0.8
2 68571 1473 1724 1 10 0 0.8
2 79893 1486 1931 1 1 0 0.8
2 165822 1498 4297 1 1 1 0.8
2 113300 1502 2873 1 50 0 0.8
2 143252 1507 4094 1 50 1 0.8
2 150553 1507 4043 1 1 0 0.8
2 130340 1508 3455 1 50 0 0.8
2 89689 1519 2480 1 1 1 0.8
2 158758 1520 3630 1 1 1 0.8
2 148835 1522 3662 1 1 1 0.8
2 176590 1523 4826 1 10 1 0.8
2 120980 1528 3115 1 1 1 0.8
2 152810 1532 4383 1 10 0 0.8
2 111923 1540 3006 1 10 1 0.8
2 161265 1544 4404 1 50 0 0.8
2 89986 1544 2403 1 10 0 0.8
2 109631 1547 2633 1 1 0 0.8
2 107707 1548 2442 1 1 0 0.8
2 86884 1548 1763 1 10 0 0.8
2 89422 1549 2567 1 1 0 0.8
2 120994 1549 3303 1 1 0 0.8
2 114686 1557 3372 1 1 1 0.8
2 148965 1563 4424 1 50 1 0.8
2 155163 1565 3851 1 10 1 0.8
2 87840 1566 2209 1 1 0 0.8
2 93689 1567 2279 1 1 0 0.8
2 86070 1572 2561 1 1 0 0.8
2 167293 1574 3743 1 10 0 0.8
2 132369 1574 2838 1 1 1 0.8
2 96992 1575 1942 1 1 0 0.8
2 177474 1577 4121 1 1 1 0.8
2 146847 1579 3925 1 10 1 0.8
2 64727 1584 1806 1 10 0 0.8
2 165164 1585 3981 1 10 0 0.8
2 145682 1586 3843 1 1 0 0.8
2 112085 1586 3178 1 10 0 0.8
2 113506 1586 2836 1 1 1 0.8
2 84774 1588 1926 1 1 0 0.8
2 84039 1589 1998 1 1 0 0.8
2 98402 1590 2129 1 1 0 0.8
2 94602 1596 2820 1 1 1 0.8
2 86445 1600 2339 1 1 1 0.8
2 133323 1604 3634 1 10 0 0.8
2 77344 1606 1861 1 1 0 0.8
2 140563 1608 2978 1 1 0 0.8
2 93710 1609 1925 1 10 1 0.8
2 137605 1613 2945 1 10 1 0.8
2 89505 1616 2341 1 1 1 0.8
2 123027 1618 2735 1 10 1 0.8
2 178205 1618 4868 1 10 0 0.8
2 97606 1619 2860 1 1 1 0.8
2 66819 1631 1757 1 10 0 0.8
2 67664 1631 1381 1 1 0 0.8
2 177092 1631 5112 1 50 0 0.8
2 165529 1635 4938 1 1 1 0.8
2 177690 1636 3795 1 10 0 0.8
2 82912 1641 1977 1 1 1 0.8
2 83901 1643 2271 1 1 1 0.8
2 105261 1646 2827 1 10 0 0.8
2 92336 1653 2176 1 50 0 0.8
2 141211 1653 3138 1 1 1 0.8
2 123448 1653 2635 1 1 1 0.8
2 66998 1654 1763 1 1 1 0.8
2 66228 1656 1694 1 1 0 0.8
2 80892 1658 2082 1 1 1 0.8
2 110705 1661 3221 1 1 0 0.8
2 98985 1661 2794 1 1 0 0.8
2 84621 1664 2287 1 10 1 0.8
2 169392 1671 3562 1 1 0 0.8
2 153788 1672 3885 1 1 1 0.8
2 135161 1673 3248 1 50 0 0.8
2 158393 1673 4328 1 10 1 0.8
2 101157 1673 2217 1 10 1 0.8
2 74953 1674 2140 1 50 1 0.8
2 135410 1679 3495 1 1 0 0.8
2 118904 1679 2895 1 1 1 0.8
2 169147 1680 4905 1 1 1 0.8
2 65770 1684 1524 1 10 1 0.8
2 127385 1685 2854 1 10 1 0.8
2 73030 1691 1948 1 1 0 0.8
2 152724 1691 3968 1 1 0 0.8
2 142658 1692 4091 1 10 0 0.8
2 164965 1698 3494 1 50 1 0.8
2 144339 1699 3573 1 1 0 0.8
2 156739 1700 3261 1 10 1 0.8
2 133596 1700 3950 1 1 1 0.8
2 69804 1704 1787 1 1 0 0.8
2 143965 1704 2886 1 1 1 0.8
2 156589 1707 4253 1 1 0 0.8
2 123680 1714 3676 1 1 0 0.8
2 163788 1715 4212 1 1 0 0.8
2 105304 1723 3101 1 1 1 0.8
2 71991 1724 2071 1 1 0 0.8
2 138735 1725 3273 1 10 0 0.8
2 171904 1725 3815 1 1 0 0.8
2 147571 1727 3505 1 1 1 0.8
2 94082 1728 2572 1 10 1 0.8
2 64425 1729 1810 1 1 1 0.8
2 164525 1730 3358 1 10 1 0.8
2 93869 1732 2201 1 1 1 0.8
2 78620 1732 1873 1 1 1 0.8
2 125304 1734 3458 1 1 0 0.8
2 89637 1734 2125 1 10 1 0.8
2 139446 1734 3503 1 1 1 0.8
2 137984 1740 3602 1 1 1 0.8
2 126353 1744 3614 1 1 0 0.8
2 139073 1747 3488 1 10 1 0.8
2 110040 1755 2551 1 10 1 0.8
2 108234 1757 2519 1 1 1 0.8
2 127192 1761 3522 1 1 0 0.8
2 62565 1764 1253 1 10 1 0.8
2 122268 1765 2878 1 50 0 0.8
2 138570 1765 2791 1 1 0 0.8
2 146731 1767 4221 1 1 1 0.8
2 61607 1768 1249 1 1 1 0.8
2 155681 1769 3338 1 10 0 0.8
2 178803 1776 4862 1 10 0 0.8
2 120269 1777 3337 1 10 1 0.8
2 137715 1781 4099 1 1 1 0.8
2 164873 1783 4124 1 50 0 0.8
2 74266 1788 1761 1 50 0 0.8
2 68624 1792 1950 1 1 0 0.8
2 89662 1793 1967 1 1 1 0.8
2 62598 1793 1374 1 1 0 0.8
2 120577 1796 3474 1 50 1 0.8
2 67082 1799 1918 1 1 0 0.8
2 120391 1803 3129 1 10 1 0.8
2 158529 1803 3960 1 1 1 0.8
2 139310 1808 3932 1 10 0 0.8
2 78836 1809 2204 1 1 0 0.8
2 161050 1815 4548 1 10 1 0.8
2 146868 1820 3199 1 1 0 0.8
2 114899 1820 2705 1 50 1 0.8
2 92006 1821 2691 1 1 0 0.8
2 131612 1823 3080 1 1 0 0.8
2 163289 1831 3280 1 50 0 0.8
2 163171 1833 4020 1 10 1 0.8
2 93556 1837 2039 1 1 0 0.8
2 94407 1839 2414 1 1 1 0.8
2 153096 1849 3918 1 1 1 0.8
2 178029 1849 3762 1 10 1 0.8
2 77777 1849 1912 1 1 0 0.8
2 139380 1859 3154 1 50 1 0.8
2 120123 1859 2877 1 1 1 0.8
2 147365 1860 3851 1 10 1 0.8
2 68099 1864 1721 1 1 0 0.8
2 143243 1866 3416 1 10 1 0.8
2 96394 1867 2449 1 1 1 0.8
2 78613 1869 1662 1 10 0 0.8
2 66146 1871 1941 1 50 1 0.8
2 113245 1874 3145 1 1 0 0.8
2 138686 1879 3367 1 1 0 0.8
2 88416 1880 1940 1 1 0 0.8
2 61928 1881 1612 1 1 1 0.8
2 123573 1886 2818 1 1 0 0.8
2 145364 1886 2949 1 1 1 0.8
2 167862 1889 4273 1 10 0 0.8
2 101519 1896 2576 1 10 0 0.8
2 80061 1896 1783 1 10 0 0.8
2 127985 1896 3310 1 10 0 0.8
2 69524 1900 1961 1 1 0 0.8
2 155386 1901 3308 1 1 0 0.8
2 143394 1903 3705 1 50 1 0.8
2 81194 1906 1853 1 10 1 0.8
2 91447 1906 2151 1 50 0 0.8
2 127563 1906 3134 1 1 1 0.8
2 105962 1907 2334 1 1 0 0.8
2 75458 1909 2088 1 10 1 0.8
2 159762 1910 4100 1 1 0 0.8
2 111984 1913 3006 1 1 0 0.8
2 65067 1916 1939 1 10 0 0.8
2 120990 1916 3469 1 10 0 0.8
2 120120 1919 3008 1 10 0 0.8
2 169739 1926 3520 1 10 0 0.8
2 106736 1934 2653 1 50 0 0.8
2 134805 1935 3450 1 10 0 0.8
2 143975 1950 4060 1 1 1 0.8
2 135748 1954 3176 1 10 0 0.8
2 128459 1954 3672 1 1 0 0.8
2 76796 1954 2143 1 1 0 0.8
2 124747 1956 3055 1 1 0 0.8
2 74925 1957 2163 1 1 1 0.8
2 168752 1960 3431 1 10 0 0.8
2 170022 1962 3519 1 1 0 0.8
2 100914 1963 2116 1 10 1 0.8
2 79338 1964 2103 1 1 1 0.8
2 154936 1965 4337 1 1 1 0.8
2 129074 1968 3492 1 10 0 0.8
2 84264 1968 1961 1 1 0 0.8
2 158283 1969 4706 1 10 0 0.8
2 100936 1974 2772 1 1 0 0.8
2 62987 1977 1378 1 10 0 0.8
2 168020 1979 3985 1 1 0 0.8
2 161419 1980 4062 1 1 0 0.8
2 106457 1983 2318 1 10 0 0.8
2 72503 1985 1483 1 1 0 0.8
2 131096 1986 3260 1 1 0 0.8
2 90064 1989 2187 1 10 1 0.8
2 108133 1991 2837 1 10 1 0.8
2 104561 1996 2840 1 10 1 0.8
2 96759 2001 2383 1 1 0 0.8
2 69142 2004 2052 1 10 0 0.8
2 133299 2005 2889 1 50 1 0.8
2 111906 2006 2803 1 10 0 0.8
2 114387 2008 2760 1 1 0 0.8
2 109876 2008 3242 1 1 0 0.8
2 68934 2010 1714 1 1 0 0.8
2 152886 2013 4003 1 1 0 0.8
2 92334 2016 2491 1 1 1 0.8
2 159672 2016 3895 1 1 1 0.8
2 159838 2016 3556 1 1 0 0.8
2 84977 2018 1893 1 1 1 0.8
2 105645 2019 2520 1 1 0 0.8
2 176360 2019 5275 1 1 0 0.8
2 146047 2022 3879 1 1 0 0.8
2 160735 2029 3929 1 1 1 0.8
2 92644 2029 2428 1 10 1 0.8
2 162924 2031 3461 1 10 0 0.8
2 140941 2035 3483 1 10 1 0.8
2 69902 2036 1583 1 1 0 0.8
2 155610 2040 4469 1 1 0 0.8
2 107750 2042 2908 1 1 1 0.8
2 61100 2043 1599 1 10 0 0.8
2 70432 2046 1538 1 1 1 0.8
2 79869 2046 2333 1 1 0 0.8
2 168349 2051 4175 1 10 1 0.8
2 167600 2052 3962 1 1 1 0.8
2 87946 2052 2339 1 50 1 0.8
2 91225 2053 2288 1 1 0 0.8
2 101591 2054 2851 1 10 0 0.8
2 90566 2054 2403 1 50 1 0.8
2 74062 2056 1699 1 10 0 0.8
2 99522 2059 2209 1 1 0 0.8
2 128415 2061 3600 1 1 1 0.8
2 99447 2061 2923 1 10 1 0.8
2 71293 2066 1821 1 10 0 0.8
2 148970 2067 4066 1 50 1 0.8
2 122820 2068 2534 1 10 1 0.8
2 84119 2068 2449 1 10 0 0.8
2 166110 2080 4212 1 10 1 0.8
2 73753 2081 1654 1 1 0 0.8
2 177896 2084 5158 1 50 0 0.8
2 76443 2084 1833 1 1 1 0.8
2 149028 2089 3220 1 10 0 0.8
2 112846 2093 2263 1 1 1 0.8
2 76293 2093 1656 1 1 1 0.8
2 64581 2094 1840 1 10 1 0.8
2 143341 2096 3119 1 50 0 0.8
2 71152 2102 1619 1 10 1 0.8
2 83185 2103 2371 1 1 0 0.8
2 132143 2105 3407 1 1 1 0.8
2 175653 2106 5055 1 1 0 0.8
2 112375 2109 3023 1 1 0 0.8
2 138070 2110 3690 1 10 0 0.8
2 73296 2112 1792 1 10 1 0.8
2 138565 2117 3175 1 1 0 0.8
2 143157 2117 3711 1 1 1 0.8
2 94708 2118 2731 1 50 0 0.8
2 111214 2121 2587 1 1 0 0.8
2 152222 2124 4231 1 10 1 0.8
2 65230 2126 1925 1 10 0 0.8
2 128985 2127 2774 1 50 0 0.8
2 157111 2128 3771 1 10 1 0.8
2 112369 2130 2704 1 1 0 0.8
2 73435 2133 2129 1 1 0 0.8
2 165973 2140 3830 1 10 0 0.8
2 117797 2144 3143 1 1 0 0.8
2 154458 2144 3371 1 1 0 0.8
2 146040 2146 3124 1 50 0 0.8
2 142970 2146 3598 1 1 0 0.8
2 106104 2148 2425 1 50 1 0.8
2 132609 2152 3880 1 1 0 0.8
2 155387 2152 3395 1 50 1 0.8
2 178232 2154 3674 1 10 0 0.8
2 144479 2155 3522 1 10 1 0.8
2 127172 2156 2574 1 1 0 0.8
2 134273 2158 3657 1 10 1 0.8
2 72783 2161 1989 1 10 0 0.8
2 66880 2162 1838 1 1 0 0.8
2 135041 2166 3809 1 1 0 0.8
2 154907 2167 3416 1 1 0 0.8
2 126559 2171 3737 1 1 0 0.8
2 118377 2171 3055 1 1 0 0.8
2 121990 2173 2744 1 1 0 0.8
2 133421 2176 3524 1 1 0 0.8
2 113884 2179 3346 1 10 1 0.8
2 77876 2181 2043 1 10 0 0.8
2 62489 2185 1413 1 1 0 0.8
2 112699 2186 2954 1 10 1 0.8
2 138302 2190 3783 1 50 0 0.8
2 76172 2198 1904 1 10 0 0.8
2 124174 2203 2877 1 50 0 0.8
2 83164 2203 1778 1 1 0 0.8
2 65399 2204 1385 1 1 1 0.8
2 86899 2205 2177 1 1 1 0.8
2 70075 2206 2036 1 10 0 0.8
2 82274 2207 2139 1 10 0 0.8
2 173338 2208 3995 1 1 1 0.8
2 156174 2212 4104 1 10 1 0.8
2 114489 2212 2735 1 10 1 0.8
2 104289 2213 2833 1 1 0 0.8
2 118400 2216 2387 1 1 1 0.8
2 165006 2217 3969 1 1 0 0.8
2 65524 2218 1859 1 1 1 0.8
2 167147 2220 4263 1 10 0 0.8
2 159092 2222 3752 1 1 1 0.8
2 90384 2224 2113 1 1 0 0.8
2 70597 2224 1871 1 1 1 0.8
2 130607 2227 2950 1 10 1 0.8
2 109966 2228 2318 1 1 1 0.8
2 69181 2228 2031 1 50 0 0.8
2 105008 2228 3038 1 10 1 0.8
2 71248 2232 1632 1 1 0 0.8
2 163708 2233 4906 1 1 1 0.8
2 127778 2235 2626 1 10 1 0.8
2 161794 2241 3961 1 10 1 0.8
2 98278 2242 2337 1 10 0 0.8
2 130591 2248 2665 1 1 0 0.8
2 70114 2250 1591 1 10 1 0.8
2 175542 2250 4018 1 1 1 0.8
2 163651 2256 4120 1 1 0 0.8
2 95622 2258 2592 1 10 0 0.8
2 173050 2264 3812 1 10 1 0.8
2 87348 2265 2109 1 1 1 0.8
2 97960 2267 2060 1 10 1 0.8
2 146185 2267 4170 1 1 1 0.8
2 142928 2268 3977 1 10 0 0.8
2 61035 2269 1492 1 50 0 0.8
2 119070 2270 2811 1 1 0 0.8
2 114602 2272 2461 1 1 1 0.8
2 178101 2273 4043 1 10 1 0.8
2 162498 2273 4761 1 1 0 0.8
2 117063 2276 3077 1 1 1 0.8
2 121913 2279 3520 1 1 0 0.8
2 148939 2281 3674 1 1 1 0.8
2 123343 2281 3597 1 50 0 0.8
2 169864 2284 4394 1 1 1 0.8
2 104378 2286 2545 1 1 1 0.8
2 69437 2288 1405 1 1 0 0.8
2 164056 2293 4437 1 1 1 0.8
2 105511 2297 2193 1 1 0 0.8
2 85956 2298 2008 1 1 1 0.8
2 113635 2302 2481 1 10 1 0.8
2 126823 2302 2646 1 10 0 0.8
2 73930 2305 2191 1 10 1 0.8
2 111606 2307 3186 1 1 0 0.8
2 108732 2313 3135 1 1 0 0.8
2 175802 2314 4463 1 50 1 0.8
2 156769 2318 3980 1 1 1 0.8
2 117706 2320 3290 1 50 0 0.8
2 124867 2322 3658 1 1 0 0.8
2 170186 2323 3484 1 1 1 0.8
2 150868 2323 3233 1 50 1 0.8
2 122052 2329 3378 1 10 0 0.8
2 134002 2329 3474 1 1 1 0.8
2 90808 2329 1926 1 10 1 0.8
2 146464 2335 3203 1 1 0 0.8
2 65258 2336 1641 1 1 0 0.8
2 79758 2336 2272 1 1 1 0.8
2 109267 2336 2900 1 1 1 0.8
2 150344 2338 4133 1 1 1 0.8
2 82093 2339 1731 1 10 0 0.8
2 158153 2339 4133 1 1 1 0.8
2 81800 2341 2350 1 1 0 0.8
2 177878 2343 5018 1 1 1 0.8
2 177813 2345 5310 1 1 0 0.8
2 155602 2346 3943 1 1 1 0.8
2 124140 2352 3504 1 10 0 0.8
2 154371 2362 4142 1 50 0 0.8
2 95287 2363 2473 1 1 0 0.8
2 123003 2363 3502 1 10 1 0.8
2 146751 2368 4335 1 10 1 0.8
2 116204 2371 3188 1 10 1 0.8
2 101660 2371 2998 1 10 0 0.8
2 66033 2372 1608 1 1 0 0.8
2 173010 2376 3533 1 1 0 0.8
2 69072 2380 1564 1 1 0 0.8
2 172241 2380 3660 1 50 0 0.8
2 80917 2380 1649 1 10 0 0.8
2 139742 2380 3720 1 50 0 0.8
2 104117 2383 3060 1 1 1 0.8
2 61379 2384 1239 1 1 1 0.8
2 90068 2387 2398 1 1 1 0.8
2 156775 2390 3421 1 1 0 0.8
2 128260 2396 2887 1 1 0 0.8
2 156675 2404 4669 1 1 1 0.8
2 95753 2405 2064 1 10 1 0.8
2 105298 2406 2248 1 1 0 0.8
2 144903 2407 2969 1 1 1 0.8
2 155545 2407 4162 1 1 0 0.8
2 175120 2413 4757 1 1 0 0.8
2 169986 2414 4873 1 1 1 0.8
2 169627 2415 4299 1 1 1 0.8
2 169884 2416 4230 1 1 1 0.8
2 114150 2419 3004 1 1 0 0.8
2 163405 2424 3907 1 1 1 0.8
2 85648 2425 2408 1 50 0 0.8
2 132472 2431 2662 1 1 1 0.8
2 118254 2432 2650 1 1 1 0.8
2 88401 2433 2106 1 1 0 0.8
2 80119 2435 2008 1 1 0 0.8
2 139714 2436 3366 1 1 1 0.8
2 165868 2437 3529 1 50 0 0.8
2 155992 2441 4547 1 1 1 0.8
2 163241 2443 3714 1 1 1 0.8
2 133655 2443 3955 1 1 1 0.8
2 107704 2444 3189 1 1 0 0.8
2 74523 2448 1751 1 1 0 0.8
2 145194 2448 4209 1 10 0 0.8
2 108505 2449 2673 1 1 1 0.8
2 76245 2449 2215 1 10 1 0.8
2 108602 2451 2683 1 50 1 0.8
2 78430 2457 1822 1 10 0 0.8
2 179723 2468 5032 1 50 1 0.8
2 79431 2468 1871 1 1 0 0.8
2 85871 2470 1722 1 50 0 0.8
2 61849 2473 1633 1 1 1 0.8
2 168960 2477 4049 1 1 1 0.8
2 140248 2478 3676 1 1 0 0.8
2 76788 2478 2261 1 1 1 0.8
2 165076 2478 3354 1 1 0 0.8
2 172360 2479 4371 1 1 1 0.8
2 73341 2480 1473 1 10 1 0.8
2 148516 2480 4343 1 50 0 0.8
2 95416 2481 1997 1 50 1 0.8
2 127072 2487 3023 1 10 1 0.8
2 69186 2490 1664 1 10 0 0.8
2 61297 2492 1238 1 10 0 0.8
2 118298 2492 3175 1 1 0 0.8
2 110992 2497 3076 1 1 1 0.8
2 60188 2499 1468 1 1 1 0.8
2 111961 2503 2673 1 1 0 0.8
2 167894 2504 3509 1 1 0 0.8
2 66169 2506 1458 1 1 0 0.8
2 135075 2515 2919 1 10 0 0.8
2 175324 2516 4679 1 1 0 0.8
2 109526 2518 2565 1 1 0 0.8
2 65556 2519 1934 1 1 1 0.8
2 155185 2520 3426 1 1 0 0.8
2 78117 2524 1588 1 1 0 0.8
2 106416 2533 2160 1 1 0 0.8
2 160396 2535 3987 1 1 0 0.8
2 114600 2538 2863 1 1 0 0.8
2 119200 2538 3123 1 1 0 0.8
2 87870 2542 1842 1 10 0 0.8
2 71461 2543 1918 1 10 0 0.8
2 83042 2544 1877 1 1 1 0.8
2 71797 2546 1914 1 10 0 0.8
2 97267 2548 2281 1 10 0 0.8
2 77349 2550 2251 1 1 1 0.8
2 159190 2551 3997 1 1 1 0.8
2 175921 2552 3588 1 1 0 0.8
2 168780 2554 4342 1 1 1 0.8
2 92649 2555 1872 1 10 0 0.8
2 171643 2558 3531 1 1 1 0.8
2 102453 2562 2097 1 10 0 0.8
2 112153 2565 2590 1 10 0 0.8
2 155076 2567 3710 1 1 1 0.8
2 136283 2567 3673 1 10 1 0.8
2 67386 2568 1977 1 10 0 0.8
2 72799 2570 1963 1 10 0 0.8
2 168645 2573 4079 1 1 0 0.8
2 82946 2576 1820 1 1 1 0.8
2 84091 2578 1904 1 1 1 0.8
2 132298 2579 3860 1 1 1 0.8
2 79575 2580 1996 1 10 1 0.8
2 61593 2581 1798 1 1 1 0.8
2 143463 2584 3924 1 10 1 0.8
2 84686 2584 2421 1 1 1 0.8
2 97173 2589 2806 1 1 1 0.8
2 116724 2593 3299 1 1 1 0.8
2 165567 2594 3893 1 10 1 0.8
2 120559 2596 3263 1 1 0 0.8
2 84959 2596 1811 1 10 0 0.8
2 178768 2598 4388 1 1 1 0.8
2 121608 2598 3629 1 50 1 0.8
2 136503 2600 3849 1 1 1 0.8
2 77125 2604 1880 1 50 0 0.8
2 119452 2612 2509 1 10 1 0.8
2 136552 2615 2968 1 10 0 0.8
2 75892 2619 1722 1 1 1 0.8
2 161967 2622 4186 1 1 0 0.8
2 73004 2622 1910 1 10 0 0.8
2 100885 2625 2866 1 50 1 0.8
2 85663 2625 1970 1 1 0 0.8
2 164526 2625 3851 1 1 0 0.8
2 131308 2636 3158 1 10 1 0.8
2 70281 2638 1837 1 1 0 0.8
2 130580 2639 3660 1 10 1 0.8
2 111914 2643 2853 1 1 0 0.8
2 98048 2643 2446 1 1 0 0.8
2 173428 2644 4058 1 10 1 0.8
2 94775 2647 2588 1 10 0 0.8
2 100635 2647 2924 1 1 0 0.8
2 78425 2652 2007 1 1 1 0.8
2 63557 2653 1872 1 1 0 0.8
2 91675 2654 1871 1 1 1 0.8
2 77512 2655 2203 1 10 1 0.8
2 158550 2657 3483 1 50 0 0.8
2 101291 2663 2442 1 10 0 0.8
2 94370 2671 2815 1 1 0 0.8
2 151565 2672 3439 1 1 1 0.8
2 66250 2678 1484 1 1 0 0.8
2 84042 2678 2176 1 1 0 0.8
2 168290 2680 4734 1 1 1 0.8
2 146854 2685 4303 1 1 0 0.8
2 79714 2690 1778 1 1 0 0.8
2 69890 2691 1423 1 1 1 0.8
2 163084 2692 3584 1 50 1 0.8
2 98643 2693 2654 1 10 1 0.8
2 138582 2694 2933 1 1 1 0.8
2 130519 2694 3469 1 1 0 0.8
2 133377 2699 2952 1 1 1 0.8
2 149220 2700 4452 1 10 1 0.8
2 156183 2704 4238 1 1 1 0.8
2 134185 2704 3535 1 1 0 0.8
2 107742 2704 2429 1 1 1 0.8
2 156856 2712 3343 1 1 1 0.8
2 155863 2714 4552 1 1 1 0.8
2 148161 2717 3546 1 1 1 0.8
2 107256 2719 2488 1 1 1 0.8
2 160375 2719 4564 1 1 1 0.8
2 166125 2721 4385 1 1 1 0.8
2 130106 2722 3882 1 1 0 0.8
2 82786 2724 1690 1 10 1 0.8
2 123977 2725 2974 1 10 1 0.8
2 83132 2726 2240 1 50 0 0.8
2 132033 2736 3591 1 10 0 0.8
2 107232 2736 2520 1 10 0 0.8
2 122260 2745 3504 1 10 0 0.8
2 61976 2746 1310 1 10 1 0.8
2 163620 2751 4294 1 1 0 0.8
2 145769 2751 3702 1 1 0 0.8
2 88840 2753 2001 1 1 0 0.8
2 162956 2753 4814 1 10 0 0.8
2 73425 2755 2057 1 50 0 0.8
2 164611 2755 4497 1 1 0 0.8
2 121046 2758 2934 1 10 1 0.8
2 81568 2762 1908 1 50 0 0.8
2 86244 2763 2387 1 1 0 0.8
2 87266 2763 2333 1 10 0 0.8
2 118557 2764 3048 1 10 0 0.8
2 72155 2766 1869 1 1 0 0.8
2 69798 2767 1497 1 1 0 0.8
2 175249 2767 4360 1 10 0 0.8
2 179591 2770 5127 1 1 0 0.8
2 96497 2771 2623 1 1 0 0.8
2 102722 2771 2137 1 1 0 0.8
2 167581 2772 3921 1 1 0 0.8
2 170658 2773 4025 1 10 1 0.8
2 126250 2774 3426 1 1 1 0.8
2 85488 2776 2563 1 10 0 0.8
2 63935 2777 1888 1 10 1 0.8
2 133965 2783 3899 1 1 1 0.8
2 74300 2791 1723 1 1 1 0.8
2 123717 2792 3307 1 10 0 0.8
2 169585 2792 3923 1 1 1 0.8
2 75161 2796 1564 1 1 1 0.8
2 123407 2803 2928 1 50 1 0.8
2 134086 2803 3788 1 1 0 0.8
2 174970 2805 4722 1 50 1 0.8
2 168419 2808 3925 1 1 1 0.8
2 72654 2809 2035 1 10 0 0.8
2 153767 2810 4462 1 1 1 0.8
2 80829 2811 1621 1 10 1 0.8
2 129243 2819 2821 1 1 1 0.8
2 167827 2825 3468 1 10 1 0.8
2 128971 2828 2936 1 10 0 0.8
2 102234 2829 2643 1 1 0 0.8
2 170018 2830 4593 1 1 0 0.8
2 114280 2830 2575 1 1 0 0.8
2 65729 2831 1402 1 10 1 0.8
2 142986 2833 3139 1 1 0 0.8
2 101228 2834 2659 1 1 1 0.8
2 60227 2834 1320 1 10 0 0.8
2 125237 2836 2917 1 10 0 0.8
2 90287 2836 2576 1 1 0 0.8
2 71096 2837 1921 1 1 1 0.8
2 67482 2838 1732 1 1 1 0.8
2 111166 2838 2414 1 10 0 0.8
2 66314 2843 1492 1 1 1 0.8
2 150380 2846 3920 1 10 1 0.8
2 175133 2849 4318 1 10 1 0.8
2 106599 2852 3007 1 10 1 0.8
2 72066 2852 2078 1 1 1 0.8
2 117321 2853 3402 1 10 1 0.8
2 115569 2856 3449 1 1 1 0.8
2 101341 2857 2990 1 1 0 0.8
2 70029 2858 2038 1 10 0 0.8
2 116209 2873 3483 1 10 1 0.8
2 95737 2873 2185 1 10 0 0.8
2 171705 2875 3671 1 1 1 0.8
2 121628 2877 3639 1 50 1 0.8
2 123973 2878 2581 1 1 0 0.8
2 118014 2879 2952 1 1 0 0.8
2 87609 2885 1944 1 1 0 0.8
2 113240 2886 3081 1 1 0 0.8
2 157824 2888 3570 1 1 0 0.8
2 112970 2889 3074 1 1 0 0.8
2 111368 2892 3096 1 1 1 0.8
2 125715 2898 2769 1 1 1 0.8
2 174741 2902 4458 1 1 0 0.8
2 152744 2907 4296 1 1 0 0.8
2 176359 2908 3679 1 50 1 0.8
2 179368 2909 4393 1 1 0 0.8
2 120751 2914 2875 1 1 1 0.8
2 175113 2918 4144 1 10 1 0.8
2 142768 2919 3904 1 1 0 0.8
2 156434 2920 3556 1 1 0 0.8
2 96443 2920 2349 1 10 0 0.8
2 142986 2929 3442 1 10 0 0.8
2 159351 2932 4065 1 1 0 0.8
2 175762 2936 3814 1 1 0 0.8
2 63380 2940 1307 1 10 1 0.8
2 89487 2940 2368 1 10 0 0.8
2 161712 2942 4731 1 1 0 0.8
2 68307 2945 1436 1 1 0 0.8
2 154467 2947 3302 1 50 1 0.8
2 96278 2950 2769 1 1 1 0.8
2 63687 2956 1299 1 1 0 0.8
2 125487 2956 2719 1 1 1 0.8
2 178143 2958 3600 1 10 0 0.8
2 160376 2960 4149 1 1 0 0.8
2 166945 2962 4903 1 10 0 0.8
2 134155 2964 3591 1 1 0 0.8
2 131079 2966 3882 1 1 1 0.8
2 155144 2967 4563 1 10 0 0.8
2 62475 2968 1624 1 10 1 0.8
2 102692 2976 2690 1 10 1 0.8
2 133810 2977 2686 1 1 0 0.8
2 147729 2980 3066 1 1 1 0.8
2 150508 2984 3746 1 1 0 0.8
2 150269 2984 4026 1 1 0 0.8
2 78791 2985 2153 1 50 0 0.8
2 84053 2985 1882 1 1 0 0.8
2 176521 2988 4728 1 1 1 0.8
2 72940 2990 1862 1 10 0 0.8
2 121338 2992 2919 1 1 0 0.8
2 179678 2992 4525 1 1 0 0.8
2 155192 2994 4385 1 1 1 0.8
2 176509 2996 4089 1 1 0 0.8
2 143093 2997 3058 1 10 1 0.8
2 105561 2997 3093 1 1 1 0.8
2 79273 2999 2147 1 1 0 0.8
2 114127 3003 2800 1 1 0 0.8
2 94297 3008 2649 1 1 1 0.8
2 135121 3012 2858 1 1 0 0.8
2 96658 3013 2539 1 50 0 0.8
2 150049 3014 3203 1 1 1 0.8
2 73318 3014 1936 1 1 0 0.8
2 130458 3015 2975 1 1 0 0.8
2 175005 3016 4296 1 1 0 0.8
2 150978 3016 3853 1 1 0 0.8
2 156528 3017 3225 1 1 0 0.8
2 142360 3020 4138 1 1 0 0.8
2 99427 3027 2242 1 1 0 0.8
2 144972 3035 3801 1 1 0 0.8
2 119109 3037 2750 1 1 1 0.8
2 120785 3044 3435 1 10 0 0.8
2 160294 3046 4528 1 1 1 0.8
2 113638 3057 2630 1 10 1 0.8
2 75109 3060 1656 1 1 0 0.8
2 89792 3061 1858 1 1 0 0.8
2 174197 3069 5064 1 1 0 0.8
2 140295 3071 4129 1 10 0 0.8
2 93772 3075 2032 1 1 1 0.8
2 153463 3077 4491 1 1 0 0.8
2 134493 3078 3431 1 50 1 0.8
2 95586 3079 2656 1 10 1 0.8
2 91642 3080 2621 1 1 0 0.8
2 90691 3088 2046 1 1 0 0.8
2 125721 3095 3753 1 1 1 0.8
2 70989 3097 1525 1 1 0 0.8
2 151478 3099 3849 1 1 1 0.8
2 141292 3104 2922 1 10 0 0.8
2 108381 3108 2491 1 1 1 0.8
2 155356 3110 4184 1 1 1 0.8
2 152772 3115 4225 1 1 0 0.8
2 109833 3118 2751 1 10 1 0.8
2 77392 3118 2059 1 1 1 0.8
2 167236 3120 4435 1 1 0 0.8
2 95434 3122 2192 1 10 1 0.8
2 107998 3125 2844 1 1 1 0.8
2 82611 3135 2109 1 10 0 0.8
2 150549 3137 3680 1 1 1 0.8
2 113176 3137 3139 1 1 0 0.8
2 139090 3137 2886 1 1 1 0.8
2 143457 3138 3791 1 1 1 0.8
2 111063 3138 2479 1 10 0 0.8
2 175897 3140 3824 1 10 0 0.8
2 124523 3141 3069 1 50 0 0.8
2 147502 3143 4161 1 1 0 0.8
2 63792 3145 1656 1 1 1 0.8
2 84941 3149 2137 1 1 0 0.8
2 138893 3149 3818 1 1 1 0.8
2 172747 3150 4455 1 10 0 0.8
2 165687 3154 3946 1 10 0 0.8
2 69436 3158 1888 1 1 1 0.8
2 155862 3164 4367 1 10 0 0.8
2 97165 3173 2428 1 10 0 0.8
2 123712 3173 2516 1 1 0 0.8
2 128593 3175 2885 1 10 0 0.8
2 159547 3175 3813 1 1 0 0.8
2 143764 3178 3518 1 10 0 0.8
2 167000 3180 4446 1 10 0 0.8
2 116104 3180 2564 1 50 1 0.8
2 119381 3181 3326 1 1 0 0.8
2 161320 3181 3241 1 10 1 0.8
2 95337 3184 2597 1 1 0 0.8
2 138103 3186 3052 1 1 1 0.8
2 66119 3188 1582 1 1 0 0.8
2 145870 3189 3109 1 10 0 0.8
2 74894 3189 2133 1 1 1 0.8
2 103615 3189 2686 1 10 0 0.8
2 63068 3190 1439 1 1 0 0.8
2 157617 3192 4714 1 1 0 0.8
2 143387 3193 4166 1 10 1 0.8
2 159457 3195 4181 1 1 1 0.8
2 81826 3196 1935 1 1 1 0.8
2 175893 3197 3697 1 1 1 0.8
2 107582 3197 3044 1 1 1 0.8
2 80753 3207 1745 1 1 0 0.8
2 101660 3208 2346 1 1 1 0.8
2 63884 3212 1873 1 1 0 0.8
2 85886 3215 2048 1 10 1 0.8
2 168203 3217 3516 1 1 0 0.8
2 123677 3218 3213 1 1 1 0.8
2 132528 3226 2770 1 10 1 0.8
2 77705 3227 1633 1 1 0 0.8
2 142981 3229 3227 1 1 1 0.8
2 138796 3232 2912 1 1 1 0.8
2 109373 3233 2316 1 1 0 0.8
2 107781 3235 2785 1 10 0 0.8
2 127863 3238 2785 1 1 1 0.8
2 88919 3242 2607 1 50 1 0.8
2 179926 3245 5061 1 10 0 0.8
2 90866 3246 2522 1 1 0 0.8
2 95890 3247 2450 1 1 0 0.8
2 103711 3251 2750 1 1 1 0.8
2 61504 3252 1236 1 1 1 0.8
2 69195 3254 1520 1 50 1 0.8
2 136141 3256 2776 1 10 1 0.8
2 147213 3259 3988 1 1 1 0.8
2 174447 3259 4155 1 1 0 0.8
2 72617 3264 2069 1 10 1 0.8
2 176974 3267 4523 1 1 0 0.8
2 68871 3274 1782 1 1 0 0.8
2 147869 3279 4102 1 1 1 0.8
2 68853 3282 1385 1 50 0 0.8
2 91024 3283 2588 1 1 1 0.8
2 147540 3291 4043 1 1 0 0.8
2 87784 3305 2393 1 10 1 0.8
2 133049 3306 2944 1 1 0 0.8
2 152042 3306 3781 1 1 1 0.8
2 129210 3311 3024 1 1 0 0.8
2 128751 3314 3072 1 1 1 0.8
2 111879 3315 2550 1 1 0 0.8
2 137209 3316 2918 1 1 0 0.8
2 123991 3317 3170 1 1 0 0.8
2 94570 3319 1960 1 1 1 0.8
2 61618 3321 1453 1 10 1 0.8
2 150704 3322 3710 1 1 1 0.8
2 130649 3325 3600 1 50 1 0.8
2 107098 3325 2329 1 1 1 0.8
2 101590 3328 2865 1 1 1 0.8
2 75501 3330 1663 1 1 0 0.8
2 155643 3334 3655 1 1 0 0.8
2 171719 3338 4346 1 10 1 0.8
2 98778 3338 2398 1 1 0 0.8
2 154942 3340 3244 1 1 1 0.8
2 115956 3347 2923 1 1 0 0.8
2 160502 3347 4291 1 1 0 0.8
2 124796 3348 3695 1 1 0 0.8
2 176450 3349 4362 1 1 1 0.8
2 93513 3350 2271 1 1 1 0.8
2 157378 3353 3562 1 1 0 0.8
2 162418 3356 4353 1 1 0 0.8
2 119205 3359 2870 1 1 1 0.8
2 149110 3359 4186 1 10 0 0.8
2 173544 3360 4194 1 10 1 0.8
2 62071 3360 1299 1 10 0 0.8
2 98004 3361 2651 1 1 1 0.8
2 157422 3362 3203 1 50 0 0.8
2 107107 3362 2764 1 1 1 0.8
2 112190 3362 2918 1 50 0 0.8
2 116720 3362 3237 1 1 1 0.8
2 134265 3363 3127 1 50 0 0.8
2 113968 3365 3050 1 10 1 0.8
2 102505 3366 2777 1 1 0 0.8
2 97584 3370 2075 1 1 0 0.8
2 178437 3371 4000 1 50 0 0.8
2 135358 3371 3885 1 1 1 0.8
2 168997 3373 4469 1 10 1 0.8
2 94250 3375 2567 1 1 0 0.8
2 151743 3377 3398 1 1 0 0.8
2 88190 3377 2313 1 1 0 0.8
2 96308 3379 2045 1 1 1 0.8
2 111135 3383 2864 1 1 0 0.8
2 85953 3386 1899 1 1 1 0.8
2 146777 3389 3544 1 1 1 0.8
2 115296 3390 3363 1 1 0 0.8
2 150403 3392 4435 1 10 0 0.8
2 113037 3398 3341 1 50 1 0.8
2 124151 3398 3666 1 10 0 0.8
2 69006 3400 1697 1 1 0 0.8
2 168025 3400 4782 1 1 1 0.8
2 157617 3405 3690 1 1 0 0.8
2 166559 3406 4507 1 1 1 0.8
2 99250 3407 2751 1 10 0 0.8
2 102546 3408 2263 1 1 1 0.8
2 128264 3409 2978 1 1 0 0.8
2 73436 3410 1723 1 1 1 0.8
2 151970 3411 3953 1 1 1 0.8
2 103746 3411 2790 1 10 0 0.8
2 134857 3412 2771 1 1 1 0.8
2 70249 3412 1778 1 1 1 0.8
2 121620 3413 2995 1 10 0 0.8
2 145565 3413 4029 1 1 1 0.8
2 102120 3415 2209 1 1 1 0.8
2 77423 3415 2172 1 1 0 0.8
2 87500 3416 2463 1 10 0 0.8
2 105991 3416 2851 1 10 0 0.8
2 131220 3419 3346 1 10 1 0.8
2 97270 3420 2153 1 1 0 0.8
2 172447 3421 3769 1 10 1 0.8
2 158600 3425 4039 1 50 0 0.8
2 70335 3427 1604 1 1 1 0.8
2 130165 3434 3856 1 1 0 0.8
2 102957 3438 2469 1 1 0 0.8
2 150887 3442 3727 1 1 0 0.8
2 139275 3445 3891 1 50 0 0.8
2 114436 3446 2606 1 1 0 0.8
2 130598 3447 3349 1 1 1 0.8
2 80935 3457 2048 1 1 1 0.8
2 143582 3463 3532 1 1 0 0.8
2 110784 3469 2991 1 10 1 0.8
2 179484 3469 4825 1 1 0 0.8
2 66268 3472 1910 1 10 0 0.8
2 125063 3474 2624 1 1 1 0.8
2 112277 3485 2417 1 1 0 0.8
2 116317 3485 2625 1 50 1 0.8
2 68701 3487 1934 1 10 1 0.8
2 130552 3487 2612 1 1 1 0.8
2 110734 3493 2875 1 1 0 0.8
2 141755 3493 2990 1 10 1 0.8
2 75733 3495 1996 1 1 1 0.8
2 88116 3498 2041 1 1 0 0.8
2 131209 3498 2860 1 1 1 0.8
2 178311 3499 3619 1 1 1 0.8
2 129147 3501 2869 1 1 1 0.8
2 157781 3501 3422 1 10 0 0.8
2 122281 3502 3232 1 10 0 0.8
2 69053 3506 1835 1 50 0 0.8
2 160627 3511 4492 1 1 1 0.8
2 106703 3511 2164 1 10 0 0.8
2 116619 3512 3431 1 10 1 0.8
2 97404 3512 2344 1 1 1 0.8
2 131994 3512 3272 1 1 0 0.8
2 123223 3513 3407 1 1 1 0.8
2 145886 3518 4168 1 1 1 0.8
2 165907 3521 4596 1 1 0 0.8
2 115880 3526 3087 1 10 0 0.8
2 152429 3527 4362 1 10 1 0.8
2 179853 3528 4780 1 1 1 0.8
2 127399 3535 3535 1 1 1 0.8
2 167045 3538 4396 1 50 0 0.8
2 69263 3545 1841 1 10 0 0.8
2 171056 3551 3690 1 10 0 0.8
2 172167 3551 3746 1 1 0 0.8
2 67377 3551 1993 1 10 0 0.8
2 160281 3553 4452 1 1 0 0.8
2 152895 3563 3680 1 1 0 0.8
2 138077 3564 3418 1 10 0 0.8
2 154140 3564 3792 1 1 1 0.8
2 127266 3566 3421 1 10 0 0.8
2 153935 3567 3912 1 1 1 0.8
2 145046 3571 3562 1 1 1 0.8
2 126346 3574 3281 1 1 1 0.8
2 161789 3577 4617 1 50 1 0.8
2 93353 3581 2257 1 1 1 0.8
2 92457 3582 1911 1 10 1 0.8
2 137556 3583 3122 1 1 0 0.8
2 97779 3583 2763 1 1 0 0.8
2 163051 3584 4551 1 10 0 0.8
2 108146 3587 3007 1 1 0 0.8
2 84794 3587 1833 1 1 0 0.8
2 159749 3589 4070 1 1 1 0.8
2 168902 3595 4707 1 1 0 0.8
