1500
4 101953 0 2894 1 1 1 0.8
4 60268 2 1419 1 1 0 0.8
4 168350 4 3893 1 50 1 0.8
4 169839 5 5038 1 1 0 0.8
4 119590 5 2788 1 1 1 0.8
4 132474 6 2883 1 1 1 0.8
4 100296 7 2540 1 10 1 0.8
4 106685 12 2448 1 50 0 0.8
4 158785 12 4203 1 10 1 0.8
4 92565 15 2541 1 1 1 0.8
4 132715 16 3132 1 10 0 0.8
4 69629 16 1409 1 1 1 0.8
4 161680 22 4532 1 1 1 0.8
4 65015 23 1474 1 1 0 0.8
4 171646 25 4131 1 1 0 0.8
4 68309 26 1785 1 1 1 0.8
4 137076 28 3878 1 10 0 0.8
4 166078 28 4172 1 10 0 0.8
4 61492 30 1831 1 1 0 0.8
4 61252 32 1829 1 1 0 0.8
4 162888 33 3538 1 1 0 0.8
4 80415 35 2225 1 1 1 0.8
4 68400 39 1995 1 1 0 0.8
4 138695 42 3171 1 1 1 0.8
4 149155 42 3718 1 1 1 0.8
4 122582 44 2612 1 10 0 0.8
4 148066 45 3445 1 1 1 0.8
4 129064 45 3714 1 10 1 0.8
4 145419 46 4245 1 1 0 0.8
4 130229 47 3773 1 50 1 0.8
4 74409 52 2199 1 50 1 0.8
4 80880 52 2288 1 1 0 0.8
4 139199 55 3347 1 1 0 0.8
4 103721 59 2159 1 1 0 0.8
4 165676 59 4607 1 1 1 0.8
4 98112 61 2616 1 1 1 0.8
4 109683 63 2815 1 10 0 0.8
4 153676 66 4136 1 1 1 0.8
4 117687 67 2410 1 1 0 0.8
4 69275 67 1440 1 1 1 0.8
4 75209 67 1761 1 1 1 0.8
4 113942 68 3041 1 1 1 0.8
4 113723 68 2560 1 10 0 0.8
4 112482 76 3057 1 50 0 0.8
4 91318 84 2544 1 50 1 0.8
4 178056 87 5156 1 10 1 0.8
4 121491 88 2495 1 10 0 0.8
4 171127 89 4096 1 1 1 0.8
4 107250 93 2239 1 1 1 0.8
4 91045 95 1978 1 1 1 0.8
4 171082 99 4132 1 10 0 0.8
4 127622 100 3381 1 10 1 0.8
4 106393 102 3124 1 1 0 0.8
4 135690 102 3323 1 10 0 0.8
4 92966 104 2202 1 1 0 0.8
4 178808 105 3615 1 10 1 0.8
4 149858 107 3037 1 50 1 0.8
4 153458 111 3769 1 10 1 0.8
4 165335 120 4164 1 10 1 0.8
4 103622 122 2596 1 10 0 0.8
4 91537 124 2170 1 1 0 0.8
4 156863 128 4441 1 1 0 0.8
4 72073 132 1509 1 10 1 0.8
4 64173 132 1290 1 1 0 0.8
4 65603 133 1445 1 1 1 0.8
4 148978 140 3929 1 1 0 0.8
4 72435 143 1611 1 1 1 0.8
4 107240 147 2163 1 1 1 0.8
4 98757 153 2876 1 1 1 0.8
4 147275 153 3600 1 1 0 0.8
4 110253 156 2986 1 50 0 0.8
4 91784 164 2006 1 10 1 0.8
4 117323 165 2597 1 1 1 0.8
4 107673 165 2768 1 10 0 0.8
4 95124 166 2459 1 1 1 0.8
4 104991 167 2919 1 10 1 0.8
4 168018 169 3389 1 10 0 0.8
4 91953 172 2707 1 10 0 0.8
4 74578 173 2226 1 1 1 0.8
4 79698 174 1886 1 1 0 0.8
4 127332 175 3783 1 10 0 0.8
4 102724 176 2476 1 1 1 0.8
4 148868 179 3251 1 1 1 0.8
4 65061 179 1469 1 1 1 0.8
4 77381 181 1927 1 50 1 0.8
4 68727 181 1442 1 1 1 0.8
4 169834 181 4804 1 50 0 0.8
4 92539 182 2530 1 50 0 0.8
4 119049 182 2587 1 10 1 0.8
4 178236 182 4659 1 10 0 0.8
4 162810 184 4258 1 1 1 0.8
4 149126 185 4278 1 1 1 0.8
4 133437 188 3375 1 10 1 0.8
4 159547 189 3191 1 10 0 0.8
4 175840 198 4577 1 10 1 0.8
4 145608 203 4344 1 1 1 0.8
4 131364 209 3551 1 10 1 0.8
4 62315 211 1278 1 1 1 0.8
4 144479 211 4043 1 1 1 0.8
4 175838 215 4524 1 1 0 0.8
4 116760 225 3395 1 1 1 0.8
4 85460 225 2212 1 10 1 0.8
4 116384 228 3043 1 1 1 0.8
4 109767 232 2228 1 10 0 0.8
4 176888 235 4247 1 1 1 0.8
4 90191 236 2003 1 1 0 0.8
4 68135 240 1605 1 1 0 0.8
4 142505 241 3868 1 1 0 0.8
4 112106 243 3068 1 50 1 0.8
4 96279 243 2626 1 10 1 0.8
4 142761 245 3683 1 1 1 0.8
4 172103 246 4257 1 1 1 0.8
4 87426 253 2457 1 1 1 0.8
4 163560 255 4320 1 1 0 0.8
4 117212 259 2538 1 10 0 0.8
4 96749 262 1949 1 50 0 0.8
4 160697 265 3369 1 10 0 0.8
4 131743 266 3546 1 10 0 0.8
4 124104 268 2874 1 50 1 0.8
4 164633 272 3768 1 1 0 0.8
4 95501 274 2226 1 1 0 0.8
4 88867 274 2124 1 1 0 0.8
4 72163 275 1600 1 10 1 0.8
4 167388 283 4757 1 1 0 0.8
4 65216 284 1451 1 1 0 0.8
4 126011 285 3674 1 1 1 0.8
4 172503 293 4568 1 1 0 0.8
4 107522 298 2463 1 10 1 0.8
4 170182 308 3874 1 50 1 0.8
4 63334 312 1610 1 10 1 0.8
4 142730 312 3797 1 1 0 0.8
4 87592 313 1885 1 1 1 0.8
4 160653 319 4419 1 10 0 0.8
4 108742 319 2459 1 10 1 0.8
4 127478 325 3798 1 50 0 0.8
4 83481 326 1742 1 50 1 0.8
4 125799 327 3061 1 1 1 0.8
4 153107 328 3901 1 1 0 0.8
4 120399 334 3275 1 10 0 0.8
4 135616 335 3598 1 1 0 0.8
4 71856 335 1873 1 10 1 0.8
4 161907 338 4453 1 1 1 0.8
4 168679 338 3379 1 1 1 0.8
4 69855 339 2088 1 10 1 0.8
4 152211 339 4245 1 1 0 0.8
4 133243 345 3611 1 1 1 0.8
4 128358 347 3776 1 50 0 0.8
4 64199 350 1526 1 1 1 0.8
4 114070 350 3364 1 10 0 0.8
4 74122 351 2147 1 10 0 0.8
4 97305 356 2421 1 1 0 0.8
4 73065 357 2183 1 1 1 0.8
4 81700 358 2408 1 10 0 0.8
4 96231 360 2658 1 10 0 0.8
4 161329 370 3434 1 1 1 0.8
4 138673 371 3138 1 10 1 0.8
4 83771 371 2386 1 1 0 0.8
4 86714 373 1832 1 1 1 0.8
4 123816 375 2945 1 10 0 0.8
4 149118 377 4128 1 1 1 0.8
4 104334 377 2550 1 1 0 0.8
4 89885 378 1850 1 1 0 0.8
4 162199 379 3819 1 1 0 0.8
4 133543 379 3828 1 10 1 0.8
4 159183 380 3767 1 1 1 0.8
4 85520 384 2208 1 1 0 0.8
4 71910 385 2091 1 1 0 0.8
4 96981 386 2386 1 1 0 0.8
4 129960 390 3283 1 1 1 0.8
4 112581 391 2498 1 1 1 0.8
4 178941 391 4060 1 1 1 0.8
4 156154 394 3591 1 1 0 0.8
4 104264 394 2400 1 1 1 0.8
4 169580 396 3946 1 10 0 0.8
4 137817 396 3207 1 10 0 0.8
4 130524 397 3678 1 50 1 0.8
4 88513 400 2077 1 1 1 0.8
4 144213 406 4271 1 10 1 0.8
4 66973 407 1776 1 50 1 0.8
4 92311 407 2680 1 1 0 0.8
4 95932 407 2785 1 10 0 0.8
4 174654 408 3550 1 1 1 0.8
4 76231 408 1824 1 1 0 0.8
4 148619 409 3901 1 1 1 0.8
4 95776 413 2202 1 1 1 0.8
4 99312 414 2419 1 10 1 0.8
4 72907 415 2141 1 10 0 0.8
4 105839 418 2326 1 1 1 0.8
4 173842 420 3950 1 10 0 0.8
4 146751 421 3334 1 10 1 0.8
4 86094 422 2102 1 1 0 0.8
4 140941 423 3823 1 10 1 0.8
4 75794 425 1723 1 50 0 0.8
4 87724 427 2509 1 10 0 0.8
4 159593 432 4677 1 1 0 0.8
4 154499 433 3137 1 1 1 0.8
4 120108 443 2413 1 1 1 0.8
4 95991 445 2110 1 1 0 0.8
4 179511 447 4733 1 10 1 0.8
4 143454 448 3142 1 1 0 0.8
4 129052 451 3462 1 1 0 0.8
4 124492 452 2964 1 1 1 0.8
4 70844 454 1643 1 1 1 0.8
4 178528 457 4709 1 1 0 0.8
4 102418 459 3051 1 10 1 0.8
4 89745 467 2088 1 10 1 0.8
4 101519 471 2358 1 1 1 0.8
4 90733 471 1862 1 1 1 0.8
4 170679 474 4070 1 1 1 0.8
4 144262 481 3555 1 1 1 0.8
4 154243 485 4057 1 10 0 0.8
4 116702 491 2902 1 1 1 0.8
4 139743 494 3271 1 1 0 0.8
4 175635 501 4643 1 1 1 0.8
4 86121 502 2411 1 10 1 0.8
4 158714 507 3278 1 1 1 0.8
4 162992 508 3494 1 10 0 0.8
4 139838 509 3974 1 10 0 0.8
4 72813 515 1851 1 1 0 0.8
4 100100 515 2717 1 1 0 0.8
4 175469 515 3855 1 50 0 0.8
4 83525 517 2034 1 50 1 0.8
4 162262 518 3781 1 1 1 0.8
4 93419 522 2202 1 50 1 0.8
4 129028 523 3769 1 1 0 0.8
4 173346 524 3894 1 50 1 0.8
4 65181 532 1949 1 50 0 0.8
4 96641 532 2332 1 1 0 0.8
4 73788 535 1592 1 10 0 0.8
4 82572 535 2172 1 1 1 0.8
4 138081 538 3199 1 1 0 0.8
4 109877 539 2957 1 1 0 0.8
4 167650 541 3686 1 1 0 0.8
4 172320 546 5160 1 1 1 0.8
4 137974 546 3692 1 1 1 0.8
4 79626 547 2080 1 10 1 0.8
4 114606 548 2340 1 1 0 0.8
4 172415 549 3461 1 1 1 0.8
4 86680 550 1800 1 1 0 0.8
4 114308 550 3213 1 50 0 0.8
4 108162 552 2461 1 1 1 0.8
4 115938 553 3112 1 1 1 0.8
4 147162 553 3265 1 1 1 0.8
4 134726 558 3175 1 10 1 0.8
4 68610 560 1430 1 50 0 0.8
4 113803 560 3376 1 1 1 0.8
4 127676 562 3546 1 10 0 0.8
4 141226 564 3005 1 1 0 0.8
4 139176 564 3953 1 10 1 0.8
4 145827 567 4050 1 1 1 0.8
4 97147 567 2205 1 1 1 0.8
4 81184 567 2266 1 1 0 0.8
4 99478 568 1997 1 1 0 0.8
4 94159 569 2817 1 10 0 0.8
4 72878 569 1851 1 1 0 0.8
4 109149 570 2690 1 1 1 0.8
4 118098 571 3391 1 10 1 0.8
4 141671 579 3661 1 1 1 0.8
4 150182 580 3207 1 50 1 0.8
4 173315 584 4850 1 1 1 0.8
4 94443 586 2777 1 10 0 0.8
4 99185 586 2691 1 1 1 0.8
4 154674 586 3403 1 10 0 0.8
4 140430 592 3306 1 1 1 0.8
4 73035 598 1803 1 1 1 0.8
4 132975 599 3809 1 10 0 0.8
4 98375 599 2609 1 1 0 0.8
4 172403 601 3944 1 10 1 0.8
4 63425 602 1537 1 1 0 0.8
4 176374 606 3588 1 1 1 0.8
4 75237 607 1809 1 1 0 0.8
4 66394 615 1745 1 10 1 0.8
4 173338 615 3928 1 1 1 0.8
4 79396 617 1638 1 50 0 0.8
4 63217 617 1771 1 1 0 0.8
4 164318 620 3415 1 1 1 0.8
4 167288 624 4385 1 1 0 0.8
4 60908 628 1581 1 50 1 0.8
4 138478 633 3455 1 1 1 0.8
4 155802 635 3583 1 1 0 0.8
4 64146 639 1650 1 1 0 0.8
4 168898 639 4090 1 1 0 0.8
4 158233 643 4265 1 1 1 0.8
4 155924 647 3541 1 1 1 0.8
4 131104 652 3137 1 1 1 0.8
4 70693 654 1561 1 1 0 0.8
4 151450 659 3619 1 10 0 0.8
4 152673 664 4297 1 50 0 0.8
4 97555 665 2108 1 10 0 0.8
4 129217 666 3335 1 1 1 0.8
4 76383 666 1649 1 10 1 0.8
4 146096 668 3492 1 10 0 0.8
4 84492 676 1770 1 10 0 0.8
4 177226 676 4001 1 1 0 0.8
4 173030 676 4818 1 1 0 0.8
4 96199 678 2658 1 1 1 0.8
4 166337 679 4310 1 1 1 0.8
4 102158 689 2644 1 1 1 0.8
4 101779 691 2283 1 1 1 0.8
4 83138 693 2109 1 1 0 0.8
4 69904 693 1790 1 10 1 0.8
4 93515 695 2079 1 10 0 0.8
4 105862 698 3004 1 1 0 0.8
4 74634 701 2144 1 1 1 0.8
4 136791 702 2842 1 1 1 0.8
4 68044 710 2022 1 10 0 0.8
4 172636 711 4937 1 1 0 0.8
4 109786 712 3110 1 10 0 0.8
4 116630 716 2429 1 10 1 0.8
4 146137 717 3969 1 1 0 0.8
4 151479 719 3607 1 10 1 0.8
4 61233 725 1768 1 50 1 0.8
4 124059 727 3432 1 1 0 0.8
4 149154 729 3320 1 10 1 0.8
4 99567 734 2491 1 10 0 0.8
4 83134 736 1824 1 10 1 0.8
4 81726 739 1793 1 1 0 0.8
4 114169 743 3127 1 1 0 0.8
4 146203 747 3877 1 10 1 0.8
4 128355 748 3408 1 10 0 0.8
4 86484 750 2468 1 50 1 0.8
4 75512 750 2095 1 1 1 0.8
4 73760 753 1863 1 10 0 0.8
4 134521 768 3760 1 10 1 0.8
4 126464 769 3455 1 1 1 0.8
4 99804 773 2736 1 1 0 0.8
4 167049 773 3909 1 1 0 0.8
4 123467 775 3661 1 50 0 0.8
4 104818 775 2671 1 1 1 0.8
4 93657 775 2587 1 10 1 0.8
4 96971 776 2377 1 1 1 0.8
4 82687 783 1679 1 1 1 0.8
4 173591 785 4138 1 1 0 0.8
4 83967 790 2332 1 1 1 0.8
4 154212 793 4104 1 1 1 0.8
4 89689 795 2016 1 1 1 0.8
4 128414 795 3717 1 10 1 0.8
4 133456 795 3730 1 1 1 0.8
4 137394 796 3693 1 50 1 0.8
4 139713 798 3012 1 1 1 0.8
4 132782 798 3215 1 1 1 0.8
4 114957 799 3375 1 1 0 0.8
4 134180 799 3035 1 1 1 0.8
4 88447 806 2382 1 10 0 0.8
4 134001 808 3040 1 10 1 0.8
4 111173 808 2572 1 1 0 0.8
4 150082 818 4276 1 1 1 0.8
4 151124 818 4324 1 10 0 0.8
4 172283 818 5127 1 1 1 0.8
4 120192 820 2899 1 10 0 0.8
4 127726 823 3025 1 1 0 0.8
4 105024 824 3068 1 1 0 0.8
4 99782 828 2890 1 1 1 0.8
4 159400 829 4219 1 1 1 0.8
4 72963 834 1651 1 1 0 0.8
4 167654 834 4509 1 1 1 0.8
4 123664 835 3254 1 50 1 0.8
4 134177 837 3944 1 1 0 0.8
4 108400 838 2820 1 10 1 0.8
4 112893 844 2500 1 10 0 0.8
4 155161 844 3811 1 1 1 0.8
4 63861 845 1447 1 1 0 0.8
4 83601 847 2056 1 10 0 0.8
4 166401 850 4342 1 10 0 0.8
4 144134 852 4140 1 10 0 0.8
4 79871 858 1765 1 1 0 0.8
4 109197 859 2221 1 10 0 0.8
4 158124 865 3998 1 10 1 0.8
4 158666 867 3845 1 10 1 0.8
4 122349 869 3101 1 10 1 0.8
4 148890 870 3692 1 1 0 0.8
4 67851 873 1786 1 1 0 0.8
4 157995 876 4202 1 10 0 0.8
4 165151 878 3983 1 1 1 0.8
4 165770 878 4330 1 1 1 0.8
4 71086 888 1737 1 50 1 0.8
4 112382 889 2664 1 10 1 0.8
4 152091 897 3257 1 1 1 0.8
4 124107 898 3663 1 50 1 0.8
4 60916 898 1398 1 1 0 0.8
4 178036 899 4186 1 10 0 0.8
4 112201 899 2625 1 1 1 0.8
4 173219 905 4317 1 10 1 0.8
4 166796 906 4307 1 10 0 0.8
4 122817 911 3683 1 1 1 0.8
4 89663 918 2325 1 10 0 0.8
4 119408 919 3244 1 1 0 0.8
4 177227 926 3880 1 1 1 0.8
4 166961 930 3697 1 1 0 0.8
4 172626 931 5071 1 1 0 0.8
4 123746 939 2927 1 1 0 0.8
4 74069 940 2006 1 50 0 0.8
4 137999 942 3385 1 10 1 0.8
4 175290 946 5004 1 1 1 0.8
4 84622 947 2180 1 10 1 0.8
4 72516 948 1838 1 1 1 0.8
4 89047 955 2196 1 1 1 0.8
4 61608 956 1412 1 1 1 0.8
4 124585 963 3017 1 10 0 0.8
4 78211 963 2243 1 1 1 0.8
4 151920 964 4220 1 50 0 0.8
4 176766 972 4027 1 1 1 0.8
4 168725 975 3622 1 50 1 0.8
4 178294 977 4207 1 10 0 0.8
4 75411 979 1508 1 10 1 0.8
4 119124 987 3191 1 10 0 0.8
4 111671 988 2671 1 10 1 0.8
4 130844 988 3059 1 1 1 0.8
4 162269 990 4677 1 10 0 0.8
4 137548 991 2846 1 1 1 0.8
4 110672 993 2631 1 1 1 0.8
4 135482 995 3256 1 1 1 0.8
4 156600 997 4646 1 1 1 0.8
4 162166 999 3975 1 1 0 0.8
4 161540 1001 3517 1 10 0 0.8
4 132971 1006 3429 1 1 0 0.8
4 178400 1008 3831 1 10 0 0.8
4 70507 1008 1463 1 10 1 0.8
4 165394 1010 4056 1 10 0 0.8
4 73269 1011 1940 1 10 0 0.8
4 127455 1012 3198 1 10 1 0.8
4 106403 1012 2775 1 10 1 0.8
4 122444 1016 2739 1 1 1 0.8
4 81469 1017 2206 1 1 1 0.8
4 62081 1017 1315 1 10 1 0.8
4 65654 1019 1328 1 10 0 0.8
4 98249 1019 2171 1 1 0 0.8
4 61512 1020 1826 1 10 0 0.8
4 60166 1028 1523 1 10 0 0.8
4 70699 1029 1717 1 10 1 0.8
4 122508 1030 3506 1 1 1 0.8
4 84188 1031 2110 1 1 0 0.8
4 138262 1031 3315 1 1 1 0.8
4 84427 1032 1713 1 50 0 0.8
4 92120 1035 2033 1 1 1 0.8
4 70836 1038 1483 1 1 0 0.8
4 175764 1038 5153 1 1 0 0.8
4 63723 1043 1556 1 1 0 0.8
4 117374 1044 3296 1 50 1 0.8
4 174609 1045 5203 1 1 1 0.8
4 83553 1046 1985 1 1 1 0.8
4 151962 1048 3293 1 1 0 0.8
4 159358 1052 4612 1 10 0 0.8
4 88822 1054 1951 1 1 1 0.8
4 106488 1057 2309 1 1 1 0.8
4 120472 1063 3232 1 10 1 0.8
4 110857 1063 2366 1 1 0 0.8
4 98638 1066 2439 1 1 0 0.8
4 69215 1067 1395 1 1 0 0.8
4 149494 1067 4039 1 1 0 0.8
4 108981 1069 2518 1 50 0 0.8
4 125130 1073 3243 1 10 1 0.8
4 128710 1074 3166 1 1 0 0.8
4 105680 1077 2592 1 50 0 0.8
4 85265 1080 1947 1 1 1 0.8
4 108587 1086 2999 1 1 1 0.8
4 83434 1090 2362 1 10 1 0.8
4 152387 1092 3509 1 1 1 0.8
4 70436 1100 1643 1 50 1 0.8
4 146423 1104 3372 1 10 0 0.8
4 148427 1106 3680 1 1 0 0.8
4 175525 1106 5249 1 50 0 0.8
4 112557 1107 2731 1 1 1 0.8
4 60062 1109 1224 1 10 1 0.8
4 100539 1111 2468 1 1 1 0.8
4 159654 1114 3366 1 1 0 0.8
4 104720 1120 2246 1 1 0 0.8
4 78215 1125 1923 1 10 1 0.8
4 64343 1125 1902 1 1 1 0.8
4 96502 1130 1971 1 50 0 0.8
4 172883 1137 4339 1 1 1 0.8
4 114616 1137 2768 1 1 1 0.8
4 101780 1137 2417 1 1 0 0.8
4 78736 1140 1820 1 1 0 0.8
4 117391 1144 2406 1 1 0 0.8
4 155517 1146 3883 1 50 1 0.8
4 73420 1152 1749 1 1 1 0.8
4 146044 1153 3348 1 1 0 0.8
4 156704 1153 4456 1 1 0 0.8
4 155107 1161 4054 1 50 0 0.8
4 70260 1167 1720 1 10 1 0.8
4 107785 1170 2372 1 1 1 0.8
4 119479 1172 3487 1 1 1 0.8
4 159343 1177 3992 1 10 0 0.8
4 161625 1177 3288 1 1 1 0.8
4 96955 1185 2274 1 50 0 0.8
4 75804 1189 1665 1 50 1 0.8
4 83232 1192 2272 1 1 1 0.8
4 102409 1194 3009 1 10 0 0.8
4 87727 1196 1998 1 1 1 0.8
4 92579 1196 1921 1 1 0 0.8
4 130404 1199 3885 1 1 1 0.8
4 175192 1200 4159 1 10 0 0.8
4 171152 1203 3946 1 50 0 0.8
4 104466 1205 2930 1 1 0 0.8
4 156583 1205 3655 1 50 0 0.8
4 89424 1206 2636 1 50 1 0.8
4 99118 1206 2483 1 1 1 0.8
4 76392 1207 2019 1 10 0 0.8
4 74638 1208 2195 1 1 1 0.8
4 92836 1209 1993 1 1 1 0.8
4 125954 1210 3641 1 1 0 0.8
4 82897 1210 1754 1 1 1 0.8
4 108420 1212 2888 1 1 0 0.8
4 158960 1216 4497 1 1 0 0.8
4 131250 1221 3473 1 50 1 0.8
4 161435 1222 4200 1 50 1 0.8
4 107664 1225 2317 1 10 1 0.8
4 104441 1229 2636 1 1 0 0.8
4 72820 1237 2036 1 1 1 0.8
4 145425 1239 3674 1 10 1 0.8
4 96062 1241 2075 1 10 0 0.8
4 60486 1243 1722 1 1 1 0.8
4 171932 1244 4261 1 1 0 0.8
4 159224 1245 4770 1 10 0 0.8
4 78184 1247 1740 1 10 1 0.8
4 170609 1248 4192 1 10 0 0.8
4 134626 1250 2811 1 1 1 0.8
4 156460 1251 3635 1 1 1 0.8
4 76351 1254 1836 1 1 1 0.8
4 111909 1264 2594 1 1 1 0.8
4 98554 1265 2050 1 50 1 0.8
4 110026 1273 2910 1 1 1 0.8
4 177874 1277 4089 1 1 0 0.8
4 164678 1279 3481 1 1 0 0.8
4 137730 1284 2993 1 10 0 0.8
4 156699 1284 3492 1 10 1 0.8
4 86545 1284 2360 1 1 1 0.8
4 69021 1285 1645 1 1 1 0.8
4 164101 1285 3593 1 10 0 0.8
4 99030 1287 2229 1 1 1 0.8
4 104191 1287 2976 1 1 0 0.8
4 112132 1289 2647 1 10 0 0.8
4 116485 1289 2344 1 1 0 0.8
4 64071 1293 1694 1 10 1 0.8
4 128396 1294 3190 1 10 0 0.8
4 170076 1296 4711 1 10 0 0.8
4 163069 1297 4120 1 10 1 0.8
4 71181 1300 1522 1 10 0 0.8
4 68836 1302 2019 1 10 1 0.8
4 147867 1303 4110 1 50 1 0.8
4 172891 1305 3964 1 10 0 0.8
4 157078 1305 4584 1 1 1 0.8
4 143972 1305 3105 1 1 1 0.8
4 111568 1313 3020 1 10 0 0.8
4 167498 1313 4679 1 1 0 0.8
4 142366 1316 3095 1 10 0 0.8
4 66269 1316 1804 1 1 0 0.8
4 61821 1316 1792 1 1 0 0.8
4 139903 1319 3094 1 1 0 0.8
4 116409 1322 2456 1 1 0 0.8
4 65068 1325 1718 1 10 0 0.8
4 64965 1326 1907 1 1 1 0.8
4 151880 1343 3222 1 1 1 0.8
4 83241 1346 2359 1 1 0 0.8
4 115608 1349 3300 1 10 1 0.8
4 77758 1351 2223 1 1 0 0.8
4 70399 1351 1872 1 1 0 0.8
4 63381 1351 1718 1 10 1 0.8
4 172389 1354 3791 1 10 1 0.8
4 82095 1359 1912 1 10 1 0.8
4 139873 1359 3204 1 10 0 0.8
4 129842 1363 2712 1 1 1 0.8
4 133400 1366 3242 1 1 0 0.8
4 71549 1370 1430 1 1 1 0.8
4 65686 1371 1522 1 1 0 0.8
4 172468 1376 4600 1 10 1 0.8
4 110604 1377 2595 1 1 1 0.8
4 148455 1378 3120 1 1 1 0.8
4 78739 1378 1614 1 1 1 0.8
4 142640 1378 3799 1 10 1 0.8
4 147346 1388 3540 1 1 0 0.8
4 150244 1398 3105 1 1 0 0.8
4 169846 1400 3865 1 10 1 0.8
4 138225 1401 3660 1 1 1 0.8
4 148634 1402 3541 1 1 1 0.8
4 66164 1403 1359 1 1 1 0.8
4 120003 1404 2653 1 1 1 0.8
4 104610 1410 3113 1 1 0 0.8
4 167746 1411 3743 1 1 1 0.8
4 141501 1415 3277 1 1 0 0.8
4 95116 1420 2465 1 10 1 0.8
4 92627 1422 2613 1 10 1 0.8
4 61929 1426 1537 1 10 1 0.8
4 102980 1430 2796 1 10 1 0.8
4 104127 1431 2548 1 1 0 0.8
4 171857 1433 5005 1 10 1 0.8
4 100558 1434 2374 1 10 1 0.8
4 72385 1437 1664 1 1 1 0.8
4 136121 1439 3242 1 1 0 0.8
4 170001 1441 3857 1 10 1 0.8
4 68631 1443 1795 1 1 1 0.8
4 120836 1446 3507 1 1 0 0.8
4 115363 1447 2499 1 1 1 0.8
4 171660 1447 3927 1 10 0 0.8
4 79590 1448 1906 1 1 0 0.8
4 160601 1448 3707 1 50 1 0.8
4 137391 1449 3745 1 1 1 0.8
4 116243 1449 2721 1 50 1 0.8
4 175751 1451 4102 1 10 0 0.8
4 170169 1451 4484 1 50 1 0.8
4 142232 1452 2881 1 10 1 0.8
4 92370 1455 2238 1 10 0 0.8
4 65084 1456 1566 1 50 0 0.8
4 128305 1460 3282 1 1 0 0.8
4 159475 1461 3412 1 1 0 0.8
4 64463 1463 1849 1 10 1 0.8
4 76381 1464 1614 1 50 0 0.8
4 165870 1465 4736 1 1 1 0.8
4 93940 1469 2155 1 1 0 0.8
4 165401 1472 4363 1 10 1 0.8
4 113225 1473 2461 1 1 0 0.8
4 123358 1477 3488 1 10 0 0.8
4 128972 1479 3431 1 1 0 0.8
4 60140 1479 1379 1 1 1 0.8
4 65629 1480 1925 1 10 0 0.8
4 94407 1483 2092 1 1 1 0.8
4 89286 1483 2045 1 50 0 0.8
4 152072 1486 4382 1 1 0 0.8
4 96497 1489 2170 1 50 0 0.8
4 153619 1489 3942 1 1 1 0.8
4 76946 1490 2307 1 1 0 0.8
4 157863 1491 3451 1 1 0 0.8
4 168287 1493 3992 1 10 0 0.8
4 165263 1497 4101 1 1 0 0.8
4 66239 1501 1985 1 1 0 0.8
4 169224 1505 3587 1 50 0 0.8
4 88509 1505 1951 1 1 1 0.8
4 163746 1507 4485 1 10 1 0.8
4 131124 1510 2947 1 1 0 0.8
4 68058 1510 1475 1 1 1 0.8
4 174588 1517 3960 1 1 0 0.8
4 113723 1518 2601 1 10 0 0.8
4 78335 1519 2160 1 1 1 0.8
4 74155 1519 2185 1 10 1 0.8
4 77046 1523 1840 1 1 0 0.8
4 74421 1526 1896 1 10 1 0.8
4 156218 1527 3934 1 1 1 0.8
4 153017 1529 4182 1 1 0 0.8
4 87355 1531 2287 1 1 0 0.8
4 119575 1534 3400 1 50 0 0.8
4 121032 1534 3127 1 10 1 0.8
4 85419 1535 2371 1 1 1 0.8
4 133086 1540 2948 1 50 1 0.8
4 64633 1543 1680 1 1 0 0.8
4 106796 1545 2952 1 10 1 0.8
4 122634 1551 2711 1 1 1 0.8
4 144654 1551 3830 1 10 0 0.8
4 61154 1554 1269 1 1 1 0.8
4 80066 1557 2293 1 1 1 0.8
4 151275 1558 3300 1 1 1 0.8
4 132249 1559 3887 1 1 0 0.8
4 82122 1559 2020 1 10 0 0.8
4 143470 1559 4216 1 10 1 0.8
4 139677 1561 4118 1 10 0 0.8
4 166791 1565 4015 1 1 0 0.8
4 160088 1571 3776 1 50 0 0.8
4 84215 1580 1867 1 1 1 0.8
4 145406 1580 3796 1 1 0 0.8
4 94148 1582 2222 1 1 1 0.8
4 154524 1585 3888 1 1 1 0.8
4 73813 1589 2125 1 1 0 0.8
4 80721 1592 1728 1 10 0 0.8
4 77382 1593 1920 1 1 0 0.8
4 63788 1593 1843 1 1 1 0.8
4 138016 1594 3149 1 10 1 0.8
4 93585 1596 2244 1 1 1 0.8
4 134703 1601 3961 1 1 1 0.8
4 108267 1607 3094 1 1 1 0.8
4 88512 1608 2487 1 10 0 0.8
4 160691 1609 4498 1 1 1 0.8
4 83479 1610 2326 1 1 0 0.8
4 156493 1612 4395 1 1 0 0.8
4 70582 1616 2102 1 50 0 0.8
4 146132 1617 4304 1 1 1 0.8
4 61308 1621 1439 1 10 0 0.8
4 173235 1621 4379 1 10 0 0.8
4 78902 1623 2308 1 1 1 0.8
4 152489 1629 3569 1 1 0 0.8
4 147913 1630 4112 1 1 0 0.8
4 166935 1635 4226 1 1 1 0.8
4 63453 1636 1278 1 10 0 0.8
4 148739 1639 3044 1 1 1 0.8
4 159622 1640 4671 1 1 0 0.8
4 147886 1641 3708 1 1 0 0.8
4 81457 1643 2338 1 10 0 0.8
4 61809 1649 1466 1 1 1 0.8
4 163362 1649 3307 1 1 1 0.8
4 149406 1650 4290 1 10 0 0.8
4 136708 1656 3414 1 1 0 0.8
4 113914 1657 2393 1 1 1 0.8
4 170053 1666 4954 1 1 1 0.8
4 92956 1670 2547 1 10 0 0.8
4 100307 1673 2351 1 50 1 0.8
4 170559 1673 3575 1 1 1 0.8
4 82507 1674 2455 1 1 1 0.8
4 135636 1676 3136 1 10 1 0.8
4 123440 1677 3075 1 1 1 0.8
4 94884 1684 1906 1 1 0 0.8
4 133385 1691 3302 1 1 1 0.8
4 159989 1694 3232 1 1 1 0.8
4 170027 1698 3427 1 1 0 0.8
4 103279 1700 2792 1 10 0 0.8
4 130271 1700 2991 1 1 1 0.8
4 65301 1709 1565 1 1 0 0.8
4 161150 1712 4201 1 1 0 0.8
4 102860 1713 2781 1 1 1 0.8
4 123970 1714 3309 1 1 1 0.8
4 110335 1718 2710 1 10 0 0.8
4 160177 1718 3643 1 1 1 0.8
4 87443 1720 2319 1 1 0 0.8
4 157116 1721 3504 1 10 1 0.8
4 130873 1724 3430 1 1 1 0.8
4 79751 1725 1749 1 10 1 0.8
4 168707 1729 3652 1 1 1 0.8
4 129361 1733 2849 1 10 1 0.8
4 130584 1735 2753 1 10 0 0.8
4 108414 1739 2327 1 1 0 0.8
4 149621 1741 4241 1 1 1 0.8
4 147988 1741 3821 1 1 0 0.8
4 141154 1743 4111 1 10 1 0.8
4 155945 1745 4324 1 1 0 0.8
4 116424 1748 2687 1 10 1 0.8
4 60714 1749 1582 1 10 0 0.8
4 141587 1749 4115 1 10 0 0.8
4 62092 1749 1810 1 1 1 0.8
4 116810 1752 2879 1 1 0 0.8
4 104336 1753 3036 1 10 0 0.8
4 109563 1756 2351 1 1 0 0.8
4 158266 1758 4120 1 10 1 0.8
4 141298 1760 3160 1 1 1 0.8
4 153449 1761 3128 1 1 1 0.8
4 92542 1762 2458 1 1 1 0.8
4 146740 1767 3565 1 10 1 0.8
4 156083 1768 3950 1 1 1 0.8
4 104175 1769 3077 1 1 1 0.8
4 160580 1771 4138 1 1 1 0.8
4 63886 1773 1332 1 10 0 0.8
4 118844 1783 2426 1 10 0 0.8
4 160858 1788 4712 1 1 0 0.8
4 176437 1790 4174 1 1 0 0.8
4 151378 1797 3884 1 1 1 0.8
4 166875 1798 4298 1 1 0 0.8
4 72934 1803 2181 1 50 1 0.8
4 129587 1805 3315 1 1 1 0.8
4 153771 1806 4339 1 10 1 0.8
4 132928 1809 2691 1 10 0 0.8
4 151892 1810 3866 1 1 1 0.8
4 88205 1810 2086 1 1 1 0.8
4 128199 1812 3385 1 1 1 0.8
4 130116 1812 3302 1 10 0 0.8
4 169980 1813 3753 1 1 1 0.8
4 166188 1814 4354 1 1 1 0.8
4 127429 1818 3438 1 50 1 0.8
4 138976 1825 3173 1 10 1 0.8
4 76934 1828 1943 1 1 1 0.8
4 67793 1829 1829 1 1 1 0.8
4 128555 1829 3530 1 10 0 0.8
4 160513 1838 3246 1 1 0 0.8
4 98607 1839 2873 1 1 1 0.8
4 135097 1842 3326 1 10 0 0.8
4 103529 1842 2824 1 10 0 0.8
4 135991 1844 3715 1 1 0 0.8
4 171603 1846 4511 1 50 0 0.8
4 111734 1846 3155 1 50 0 0.8
4 133508 1847 3692 1 10 0 0.8
4 81024 1852 1641 1 1 1 0.8
4 151184 1854 3891 1 10 1 0.8
4 103190 1855 3017 1 1 1 0.8
4 108534 1855 2172 1 1 1 0.8
4 109322 1860 2920 1 1 1 0.8
4 103749 1861 2649 1 1 0 0.8
4 82908 1862 2212 1 10 1 0.8
4 147393 1863 4320 1 1 0 0.8
4 95544 1864 2737 1 1 1 0.8
4 94672 1875 2326 1 1 0 0.8
4 166372 1876 4262 1 1 1 0.8
4 129710 1878 3535 1 10 0 0.8
4 87103 1879 2525 1 1 1 0.8
4 179748 1880 4994 1 1 0 0.8
4 163100 1880 4064 1 10 0 0.8
4 112960 1881 2676 1 1 0 0.8
4 109347 1883 2987 1 50 0 0.8
4 101457 1884 2494 1 50 0 0.8
4 169036 1884 4717 1 1 1 0.8
4 179267 1885 4507 1 10 0 0.8
4 144155 1887 4043 1 1 0 0.8
4 147065 1888 4408 1 10 0 0.8
4 108738 1889 2364 1 1 1 0.8
4 172046 1889 3952 1 1 1 0.8
4 150964 1892 4031 1 50 0 0.8
4 150595 1893 3770 1 1 0 0.8
4 114973 1895 2361 1 50 0 0.8
4 124744 1895 3435 1 1 0 0.8
4 101030 1896 2450 1 10 0 0.8
4 120787 1896 2509 1 1 1 0.8
4 134312 1899 3167 1 10 1 0.8
4 130704 1900 3226 1 1 1 0.8
4 124841 1902 2640 1 10 1 0.8
4 122205 1903 2675 1 1 0 0.8
4 101385 1910 2931 1 1 0 0.8
4 137807 1910 3125 1 10 1 0.8
4 157454 1913 3985 1 10 1 0.8
4 125022 1914 3028 1 1 0 0.8
4 108174 1916 2998 1 1 0 0.8
4 72263 1919 1767 1 10 0 0.8
4 67497 1920 1371 1 50 1 0.8
4 93892 1921 2445 1 10 0 0.8
4 93461 1927 1931 1 1 0 0.8
4 84232 1928 2236 1 1 0 0.8
4 141850 1931 3716 1 10 1 0.8
4 127413 1934 3744 1 50 0 0.8
4 148942 1935 3911 1 1 1 0.8
4 144658 1936 3894 1 1 1 0.8
4 129927 1939 3769 1 1 1 0.8
4 66621 1943 1723 1 1 0 0.8
4 175454 1944 4783 1 1 1 0.8
4 165837 1944 4936 1 1 0 0.8
4 140685 1945 3081 1 10 0 0.8
4 178933 1946 4248 1 1 0 0.8
4 139115 1947 3731 1 1 1 0.8
4 60655 1951 1214 1 1 0 0.8
4 175744 1952 4657 1 50 0 0.8
4 178332 1952 5265 1 1 0 0.8
4 96109 1953 2144 1 10 1 0.8
4 103336 1953 2908 1 1 1 0.8
4 111281 1954 2402 1 10 0 0.8
4 139462 1956 3202 1 1 1 0.8
4 127825 1959 2558 1 10 0 0.8
4 176448 1960 5031 1 1 1 0.8
4 159007 1965 3320 1 1 1 0.8
4 106873 1967 2931 1 10 0 0.8
4 91504 1972 1876 1 1 0 0.8
4 113776 1978 3299 1 1 0 0.8
4 138521 1979 3064 1 10 1 0.8
4 75595 1980 1743 1 1 0 0.8
4 130540 1982 3602 1 1 1 0.8
4 69524 1986 1888 1 1 0 0.8
4 112307 1990 3118 1 1 0 0.8
4 150062 1992 3565 1 1 1 0.8
4 90329 1993 1911 1 10 1 0.8
4 100950 1993 2808 1 1 0 0.8
4 82333 1994 2380 1 1 0 0.8
4 113962 1999 2515 1 1 1 0.8
4 120736 2001 2672 1 1 1 0.8
4 158359 2004 4529 1 10 1 0.8
4 74838 2012 1781 1 10 1 0.8
4 172398 2013 5087 1 1 1 0.8
4 170997 2014 4465 1 1 1 0.8
4 146708 2016 3675 1 10 1 0.8
4 160807 2016 4310 1 1 1 0.8
4 154230 2020 3279 1 10 1 0.8
4 62051 2023 1461 1 10 0 0.8
4 101331 2030 2562 1 1 0 0.8
4 113162 2037 2301 1 10 1 0.8
4 108611 2037 2477 1 10 0 0.8
4 160153 2038 4714 1 1 1 0.8
4 79566 2039 2351 1 1 0 0.8
4 72861 2041 1967 1 1 1 0.8
4 154447 2041 3198 1 10 1 0.8
4 96160 2042 2381 1 1 0 0.8
4 85742 2051 2467 1 50 1 0.8
4 164306 2053 3485 1 50 1 0.8
4 167624 2055 4272 1 1 1 0.8
4 134106 2058 3046 1 1 1 0.8
4 131471 2058 3758 1 50 0 0.8
4 62632 2059 1608 1 1 1 0.8
4 84675 2059 1723 1 10 1 0.8
4 146076 2065 3004 1 1 1 0.8
4 135086 2066 3392 1 10 1 0.8
4 145351 2070 3090 1 50 1 0.8
4 120314 2072 2795 1 50 0 0.8
4 96852 2072 2253 1 1 0 0.8
4 79913 2073 1921 1 1 1 0.8
4 120263 2075 2991 1 50 1 0.8
4 60525 2075 1665 1 1 1 0.8
4 72388 2080 1925 1 1 1 0.8
4 179395 2081 4674 1 1 1 0.8
4 105377 2085 2237 1 1 1 0.8
4 131895 2085 3667 1 50 1 0.8
4 73918 2090 2080 1 1 1 0.8
4 126853 2091 2690 1 1 0 0.8
4 148690 2096 3450 1 10 1 0.8
4 143190 2096 3067 1 1 1 0.8
4 124732 2096 3718 1 10 1 0.8
4 166195 2096 4884 1 1 1 0.8
4 78483 2096 1783 1 10 1 0.8
4 145939 2097 2929 1 10 0 0.8
4 145041 2097 4093 1 1 1 0.8
4 84222 2097 1949 1 1 1 0.8
4 145094 2099 3412 1 1 1 0.8
4 176646 2100 3861 1 10 0 0.8
4 141875 2106 3718 1 1 0 0.8
4 143493 2107 3641 1 1 0 0.8
4 115109 2115 3133 1 1 0 0.8
4 159709 2116 4614 1 50 0 0.8
4 168674 2116 3540 1 1 0 0.8
4 130250 2117 3128 1 1 1 0.8
4 175141 2120 4532 1 50 1 0.8
4 120095 2125 3481 1 1 1 0.8
4 79162 2125 2094 1 10 0 0.8
4 90270 2125 2538 1 1 0 0.8
4 89734 2127 2189 1 10 1 0.8
4 149224 2129 3242 1 1 1 0.8
4 162430 2129 3762 1 10 1 0.8
4 75228 2129 2081 1 1 0 0.8
4 175990 2130 3941 1 1 0 0.8
4 61455 2132 1277 1 1 1 0.8
4 82963 2133 2052 1 10 0 0.8
4 167745 2135 4898 1 1 0 0.8
4 157667 2145 4720 1 1 1 0.8
4 146390 2149 3463 1 1 0 0.8
4 117338 2150 2691 1 10 0 0.8
4 145169 2152 3829 1 1 0 0.8
4 106883 2166 2228 1 50 0 0.8
4 72143 2168 1821 1 1 0 0.8
4 133397 2171 3575 1 50 0 0.8
4 68829 2171 1445 1 1 0 0.8
4 124925 2172 2832 1 1 1 0.8
4 111391 2174 2503 1 1 1 0.8
4 142021 2176 3865 1 50 1 0.8
4 157730 2181 3939 1 1 1 0.8
4 177463 2185 3972 1 1 1 0.8
4 153128 2190 3964 1 10 1 0.8
4 168257 2192 5004 1 50 1 0.8
4 176635 2195 4070 1 1 0 0.8
4 110854 2200 2875 1 1 1 0.8
4 112859 2202 2471 1 1 1 0.8
4 168193 2206 4792 1 1 0 0.8
4 149026 2207 3041 1 1 0 0.8
4 113490 2207 2392 1 50 1 0.8
4 97959 2209 2753 1 1 0 0.8
4 66633 2213 1618 1 10 1 0.8
4 80180 2213 2016 1 1 0 0.8
4 161075 2214 4174 1 1 0 0.8
4 94800 2219 2822 1 1 1 0.8
4 144601 2219 4161 1 1 1 0.8
4 140090 2221 3552 1 10 0 0.8
4 94591 2221 2303 1 1 0 0.8
4 162320 2222 3443 1 1 1 0.8
4 108539 2223 3076 1 1 0 0.8
4 151611 2225 4279 1 10 1 0.8
4 134546 2227 3536 1 1 0 0.8
4 80753 2228 1978 1 1 1 0.8
4 90903 2228 2711 1 1 1 0.8
4 115567 2229 2755 1 1 1 0.8
4 157841 2231 4315 1 10 1 0.8
4 145006 2234 3537 1 1 1 0.8
4 97861 2236 2537 1 1 1 0.8
4 61371 2239 1576 1 1 1 0.8
4 107154 2239 2969 1 1 1 0.8
4 128012 2241 3577 1 1 1 0.8
4 123451 2246 2515 1 50 0 0.8
4 137728 2247 2785 1 1 0 0.8
4 90784 2247 2313 1 10 1 0.8
4 126238 2248 2735 1 50 0 0.8
4 82348 2250 1705 1 1 0 0.8
4 71748 2252 1932 1 10 0 0.8
4 146214 2253 4286 1 1 1 0.8
4 162835 2257 4191 1 10 0 0.8
4 71467 2258 1802 1 10 0 0.8
4 161868 2258 3511 1 1 1 0.8
4 62703 2260 1412 1 50 1 0.8
4 85374 2261 2066 1 1 1 0.8
4 155704 2266 4017 1 1 1 0.8
4 160250 2267 3231 1 1 1 0.8
4 93658 2267 2127 1 1 0 0.8
4 69600 2270 2007 1 10 1 0.8
4 107694 2271 2419 1 1 0 0.8
4 117405 2273 3017 1 1 0 0.8
4 123996 2274 2969 1 10 1 0.8
4 139194 2276 3480 1 10 1 0.8
4 134237 2287 3539 1 50 0 0.8
4 147177 2294 3957 1 1 1 0.8
4 82686 2296 2095 1 50 0 0.8
4 122305 2299 3054 1 50 1 0.8
4 97535 2300 2648 1 1 0 0.8
4 163960 2301 4399 1 10 0 0.8
4 106749 2303 3188 1 10 0 0.8
4 111635 2309 2579 1 1 0 0.8
4 113664 2309 2887 1 1 1 0.8
4 129356 2310 3668 1 1 0 0.8
4 69059 2311 1499 1 1 0 0.8
4 84034 2312 2226 1 1 1 0.8
4 61202 2313 1470 1 10 0 0.8
4 107748 2314 2471 1 1 1 0.8
4 159746 2318 4448 1 10 0 0.8
4 88057 2325 2048 1 1 0 0.8
4 82716 2326 1731 1 1 1 0.8
4 71607 2328 1782 1 1 1 0.8
4 172768 2331 5115 1 10 1 0.8
4 115877 2334 3255 1 10 0 0.8
4 97792 2335 2845 1 1 1 0.8
4 82741 2342 1907 1 1 1 0.8
4 89640 2344 2254 1 1 0 0.8
4 174819 2347 3720 1 1 1 0.8
4 110800 2350 2372 1 1 1 0.8
4 149446 2352 3739 1 1 0 0.8
4 150130 2352 4283 1 10 0 0.8
4 174118 2353 4839 1 50 1 0.8
4 163105 2355 4568 1 1 0 0.8
4 104557 2356 2806 1 50 1 0.8
4 138601 2357 3574 1 1 1 0.8
4 76257 2364 2282 1 1 0 0.8
4 83210 2368 1961 1 1 1 0.8
4 134652 2370 3425 1 1 1 0.8
4 66558 2372 1660 1 1 0 0.8
4 103264 2372 2230 1 1 0 0.8
4 162760 2375 4424 1 10 0 0.8
4 172970 2379 3963 1 10 1 0.8
4 105001 2379 3022 1 10 0 0.8
4 63563 2383 1731 1 50 0 0.8
4 142451 2388 2976 1 10 1 0.8
4 96079 2390 2596 1 10 0 0.8
4 144605 2390 4277 1 10 1 0.8
4 121943 2392 2886 1 1 1 0.8
4 83059 2394 1725 1 1 0 0.8
4 110040 2395 2506 1 1 0 0.8
4 80792 2397 2376 1 1 1 0.8
4 159214 2403 3660 1 10 1 0.8
4 170034 2405 3964 1 10 1 0.8
4 155662 2406 3322 1 1 0 0.8
4 76311 2408 1561 1 1 1 0.8
4 136602 2408 3740 1 1 1 0.8
4 88995 2408 2366 1 1 0 0.8
4 146258 2409 3765 1 1 0 0.8
4 140843 2410 3745 1 10 0 0.8
4 116175 2411 3176 1 1 1 0.8
4 110294 2412 3118 1 1 1 0.8
4 147698 2414 4374 1 10 1 0.8
4 62577 2417 1628 1 10 1 0.8
4 130763 2421 2894 1 10 0 0.8
4 139571 2422 4106 1 1 1 0.8
4 66300 2423 1655 1 1 0 0.8
4 120610 2425 3300 1 1 0 0.8
4 178091 2425 4067 1 10 0 0.8
4 169119 2428 3654 1 1 0 0.8
4 70498 2429 1671 1 10 0 0.8
4 99233 2435 2722 1 1 1 0.8
4 133506 2442 3512 1 1 0 0.8
4 119695 2443 3099 1 1 1 0.8
4 88371 2446 1989 1 1 1 0.8
4 95439 2450 2281 1 1 0 0.8
4 104255 2451 2252 1 1 0 0.8
4 100611 2452 2276 1 1 0 0.8
4 175126 2453 3543 1 50 1 0.8
4 102873 2455 2767 1 1 0 0.8
4 155018 2463 3733 1 1 1 0.8
4 65177 2465 1380 1 1 0 0.8
4 172454 2466 4588 1 1 0 0.8
4 105416 2469 2693 1 1 1 0.8
4 76847 2472 2085 1 1 0 0.8
4 141116 2475 4158 1 1 1 0.8
4 108321 2477 2920 1 1 0 0.8
4 119058 2480 2503 1 10 1 0.8
4 128041 2481 2662 1 10 1 0.8
4 108871 2481 3047 1 1 0 0.8
4 146703 2484 3007 1 10 1 0.8
4 166618 2487 3379 1 50 0 0.8
4 118443 2490 3334 1 50 0 0.8
4 112717 2493 3019 1 10 0 0.8
4 60034 2505 1354 1 50 0 0.8
4 156270 2506 4377 1 1 0 0.8
4 149051 2506 3439 1 1 0 0.8
4 136806 2508 4021 1 1 1 0.8
4 110071 2508 2600 1 10 1 0.8
4 103564 2509 2839 1 1 0 0.8
4 94243 2512 2109 1 1 0 0.8
4 124960 2514 2508 1 1 1 0.8
4 172535 2517 4244 1 10 0 0.8
4 101217 2517 2189 1 50 1 0.8
4 90348 2521 2308 1 10 0 0.8
4 111989 2522 2545 1 10 1 0.8
4 123450 2532 2840 1 50 1 0.8
4 166531 2532 4404 1 10 1 0.8
4 112393 2536 2531 1 1 1 0.8
4 141801 2544 3041 1 1 1 0.8
4 126875 2546 2555 1 1 1 0.8
4 84009 2548 2432 1 1 0 0.8
4 102532 2549 2854 1 1 1 0.8
4 126274 2549 3558 1 1 1 0.8
4 118091 2549 3524 1 10 1 0.8
4 91218 2554 1956 1 10 1 0.8
4 155306 2557 3312 1 1 1 0.8
4 120741 2557 3586 1 50 0 0.8
4 174264 2560 4474 1 1 0 0.8
4 124458 2568 3440 1 10 0 0.8
4 113179 2568 2394 1 1 1 0.8
4 109936 2569 2864 1 50 0 0.8
4 176740 2572 3578 1 1 1 0.8
4 85058 2573 2525 1 1 0 0.8
4 159869 2573 3602 1 10 1 0.8
4 168500 2579 3644 1 1 0 0.8
4 80319 2580 1719 1 1 1 0.8
4 92401 2582 2078 1 1 0 0.8
4 123663 2583 2616 1 1 0 0.8
4 84501 2588 2044 1 50 0 0.8
4 162457 2590 3724 1 1 1 0.8
4 136532 2592 3093 1 10 0 0.8
4 66895 2592 1682 1 1 0 0.8
4 71213 2594 1510 1 10 0 0.8
4 147903 2595 4415 1 50 1 0.8
4 97719 2597 2091 1 1 0 0.8
4 103625 2597 2094 1 10 1 0.8
4 122680 2607 3428 1 1 0 0.8
4 177214 2609 3826 1 50 0 0.8
4 154788 2610 4181 1 1 1 0.8
4 118049 2611 2983 1 1 1 0.8
4 135996 2612 3373 1 1 1 0.8
4 152699 2616 4176 1 10 0 0.8
4 141733 2617 3859 1 1 0 0.8
4 148565 2620 3908 1 10 0 0.8
4 124965 2620 3255 1 1 1 0.8
4 98368 2621 2858 1 10 0 0.8
4 132949 2622 2988 1 1 0 0.8
4 104289 2628 2936 1 1 1 0.8
4 110400 2629 2754 1 50 1 0.8
4 153899 2632 4573 1 1 0 0.8
4 66156 2639 1537 1 10 1 0.8
4 171835 2640 4118 1 10 0 0.8
4 122980 2643 2681 1 10 0 0.8
4 173025 2645 4597 1 50 1 0.8
4 173140 2645 4825 1 1 0 0.8
4 74340 2646 1519 1 1 0 0.8
4 147725 2649 4309 1 10 1 0.8
4 170922 2651 4409 1 1 0 0.8
4 145357 2652 4089 1 10 1 0.8
4 137159 2652 3491 1 50 1 0.8
4 159198 2655 3643 1 1 0 0.8
4 77229 2655 1931 1 1 1 0.8
4 136028 2670 3293 1 1 1 0.8
4 114519 2673 3168 1 1 1 0.8
4 140987 2677 3499 1 1 1 0.8
4 144636 2680 3973 1 50 1 0.8
4 157475 2680 4397 1 10 1 0.8
4 87792 2683 1884 1 1 1 0.8
4 152960 2683 4038 1 50 1 0.8
4 89138 2685 2537 1 1 0 0.8
4 152709 2685 4038 1 1 1 0.8
4 101418 2688 2279 1 1 1 0.8
4 65704 2689 1731 1 1 1 0.8
4 157366 2690 4041 1 10 0 0.8
4 79229 2692 1828 1 1 1 0.8
4 160697 2697 3825 1 1 0 0.8
4 165101 2697 4005 1 1 1 0.8
4 91771 2698 2654 1 1 1 0.8
4 177773 2699 4459 1 10 1 0.8
4 68127 2699 1756 1 10 0 0.8
4 167880 2701 4840 1 1 1 0.8
4 104702 2702 2282 1 1 0 0.8
4 167305 2708 4842 1 50 0 0.8
4 129394 2709 3770 1 50 1 0.8
4 167323 2713 3539 1 10 0 0.8
4 160165 2717 4455 1 1 0 0.8
4 116620 2720 2995 1 10 1 0.8
4 140352 2720 3827 1 1 1 0.8
4 116556 2722 3441 1 1 1 0.8
4 132503 2722 2891 1 1 1 0.8
4 146379 2724 4113 1 10 0 0.8
4 81056 2726 1688 1 1 1 0.8
4 78513 2727 1848 1 1 0 0.8
4 162821 2728 4644 1 10 0 0.8
4 84859 2728 2154 1 50 1 0.8
4 96197 2731 2692 1 10 1 0.8
4 110071 2733 2428 1 1 1 0.8
4 65652 2734 1905 1 10 0 0.8
4 107058 2736 2795 1 1 0 0.8
4 114470 2741 2957 1 10 1 0.8
4 118781 2744 2522 1 1 1 0.8
4 154481 2745 4615 1 1 0 0.8
4 141993 2745 2981 1 1 1 0.8
4 106271 2747 2947 1 1 0 0.8
4 114730 2749 3001 1 1 1 0.8
4 177443 2750 4323 1 1 1 0.8
4 114119 2752 3251 1 1 1 0.8
4 140558 2754 3263 1 50 1 0.8
4 111878 2762 2469 1 1 1 0.8
4 170046 2765 5036 1 1 1 0.8
4 129568 2769 3591 1 10 1 0.8
4 110084 2771 2899 1 10 0 0.8
4 148593 2774 4096 1 1 1 0.8
4 105590 2774 3149 1 10 0 0.8
4 100521 2776 2791 1 1 1 0.8
4 102626 2778 2302 1 10 0 0.8
4 61653 2779 1736 1 1 1 0.8
4 73373 2781 2154 1 1 1 0.8
4 151226 2784 4258 1 10 0 0.8
4 93390 2787 2709 1 1 0 0.8
4 106884 2793 2438 1 1 1 0.8
4 83695 2793 2237 1 1 0 0.8
4 157696 2796 4032 1 1 0 0.8
4 104320 2798 2563 1 10 0 0.8
4 138116 2801 3337 1 1 0 0.8
4 140014 2803 4025 1 10 0 0.8
4 163871 2806 4338 1 1 0 0.8
4 146908 2808 3145 1 1 1 0.8
4 155772 2814 3756 1 1 0 0.8
4 126553 2816 3754 1 50 1 0.8
4 67087 2818 1628 1 1 0 0.8
4 88378 2818 2251 1 10 0 0.8
4 80935 2822 1931 1 1 1 0.8
4 176442 2831 3741 1 1 1 0.8
4 115924 2832 2945 1 1 1 0.8
4 129244 2833 3041 1 10 0 0.8
4 75915 2836 1895 1 1 0 0.8
4 134741 2837 3836 1 1 0 0.8
4 90198 2839 2590 1 50 1 0.8
4 161347 2840 4729 1 1 0 0.8
4 152844 2843 3461 1 1 1 0.8
4 123156 2843 3416 1 10 0 0.8
4 170280 2848 4951 1 1 0 0.8
4 162666 2850 3771 1 1 0 0.8
4 82221 2852 2006 1 1 1 0.8
4 120419 2854 2648 1 50 1 0.8
4 70430 2855 1515 1 50 1 0.8
4 171080 2858 4392 1 1 1 0.8
4 100954 2859 2709 1 1 0 0.8
4 87644 2861 2531 1 1 1 0.8
4 139589 2862 3463 1 1 0 0.8
4 106342 2862 3109 1 1 0 0.8
4 153966 2864 3318 1 10 0 0.8
4 114165 2866 2492 1 1 0 0.8
4 76671 2867 2243 1 10 0 0.8
4 142008 2868 4075 1 1 0 0.8
4 141228 2869 3882 1 1 0 0.8
4 71800 2870 1823 1 10 1 0.8
4 116250 2871 3396 1 1 0 0.8
4 162104 2872 3455 1 1 1 0.8
4 133532 2872 3460 1 50 0 0.8
4 114296 2872 2555 1 1 0 0.8
4 66650 2876 1968 1 10 0 0.8
4 142410 2881 3930 1 1 1 0.8
4 119708 2885 2773 1 1 0 0.8
4 77307 2887 1667 1 10 0 0.8
4 146617 2888 3797 1 1 1 0.8
4 93114 2890 2346 1 1 0 0.8
4 158038 2890 3457 1 1 1 0.8
4 112146 2893 3037 1 1 0 0.8
4 144662 2893 3395 1 1 1 0.8
4 116637 2894 3421 1 1 0 0.8
4 79453 2894 2197 1 50 0 0.8
4 150341 2900 4034 1 1 0 0.8
4 171879 2902 4260 1 1 1 0.8
4 170864 2902 3726 1 1 0 0.8
4 76778 2904 2168 1 10 1 0.8
4 123883 2905 3456 1 1 1 0.8
4 120673 2906 2884 1 1 0 0.8
4 95049 2906 2582 1 10 1 0.8
4 103430 2915 3010 1 1 0 0.8
4 124735 2920 3630 1 1 0 0.8
4 133413 2920 2978 1 50 1 0.8
4 105583 2924 2979 1 10 1 0.8
4 86897 2926 2312 1 1 1 0.8
4 132283 2926 3578 1 50 1 0.8
4 148318 2928 4397 1 50 0 0.8
4 135479 2929 3348 1 1 1 0.8
4 73139 2933 2164 1 10 0 0.8
4 98194 2944 2219 1 1 1 0.8
4 149180 2947 3084 1 1 1 0.8
4 164864 2949 4393 1 10 0 0.8
4 173095 2955 4960 1 1 1 0.8
4 90252 2955 2573 1 1 0 0.8
4 110651 2956 2586 1 50 1 0.8
4 109914 2957 2993 1 50 0 0.8
4 93388 2957 2576 1 1 1 0.8
4 111690 2960 2420 1 1 0 0.8
4 140150 2963 3446 1 10 1 0.8
4 60907 2965 1622 1 1 0 0.8
4 139692 2966 3856 1 1 1 0.8
4 75584 2968 1808 1 1 0 0.8
4 95251 2970 2346 1 1 1 0.8
4 117524 2970 3403 1 1 0 0.8
4 66777 2971 1948 1 50 1 0.8
4 140254 2982 3463 1 1 1 0.8
4 136913 2982 3738 1 10 0 0.8
4 73944 2990 1743 1 10 1 0.8
4 135715 2993 2887 1 1 1 0.8
4 62093 2995 1639 1 10 1 0.8
4 80621 3000 1621 1 1 0 0.8
4 148858 3002 4140 1 50 0 0.8
4 154871 3002 4185 1 1 0 0.8
4 125386 3006 3426 1 1 0 0.8
4 133291 3009 2784 1 1 1 0.8
4 124806 3010 3242 1 50 0 0.8
4 138449 3011 3761 1 10 0 0.8
4 150099 3011 3277 1 10 1 0.8
4 104181 3011 2264 1 1 0 0.8
4 120491 3014 2999 1 10 0 0.8
4 113688 3015 3310 1 1 1 0.8
4 167190 3016 4220 1 1 1 0.8
4 110567 3018 2816 1 10 1 0.8
4 141282 3020 3519 1 10 1 0.8
4 73885 3021 2085 1 10 0 0.8
4 171983 3025 3619 1 10 0 0.8
4 82455 3033 1783 1 1 1 0.8
4 161213 3033 4575 1 1 1 0.8
4 151326 3038 3137 1 10 1 0.8
4 68171 3039 1381 1 1 1 0.8
4 118237 3044 2398 1 1 0 0.8
4 65011 3045 1311 1 10 0 0.8
4 66404 3046 1911 1 50 1 0.8
4 164378 3067 3723 1 1 0 0.8
4 175850 3078 3906 1 1 1 0.8
4 95836 3081 2114 1 1 1 0.8
4 64488 3083 1920 1 1 1 0.8
4 91269 3086 2041 1 1 0 0.8
4 108966 3087 2793 1 10 1 0.8
4 90138 3089 2050 1 1 1 0.8
4 159080 3091 3670 1 10 0 0.8
4 147314 3092 3065 1 1 1 0.8
4 63613 3093 1322 1 1 0 0.8
4 120486 3094 2480 1 50 1 0.8
4 93604 3094 2583 1 1 0 0.8
4 108506 3094 2370 1 50 0 0.8
4 175071 3095 4110 1 1 1 0.8
4 97938 3100 2084 1 10 0 0.8
4 73657 3105 1579 1 1 1 0.8
4 102156 3107 3051 1 10 0 0.8
4 79762 3109 1968 1 50 1 0.8
4 95741 3116 2388 1 10 0 0.8
4 149332 3119 3737 1 10 0 0.8
4 117370 3119 2857 1 1 1 0.8
4 162480 3120 3761 1 10 0 0.8
4 69760 3133 1651 1 10 1 0.8
4 110406 3134 2595 1 1 0 0.8
4 179614 3137 5364 1 10 0 0.8
4 60565 3140 1608 1 10 1 0.8
4 110106 3143 2420 1 10 1 0.8
4 177914 3144 4162 1 50 0 0.8
4 86270 3144 2025 1 1 0 0.8
4 118710 3144 2432 1 50 1 0.8
4 115948 3147 2933 1 10 1 0.8
4 109237 3148 2600 1 10 1 0.8
4 142680 3151 3277 1 1 0 0.8
4 69112 3153 1524 1 1 0 0.8
4 84728 3154 2499 1 1 0 0.8
4 146657 3157 3427 1 50 1 0.8
4 76802 3158 2071 1 1 1 0.8
4 105493 3159 2297 1 1 1 0.8
4 131585 3160 3688 1 1 1 0.8
4 113004 3160 2475 1 10 1 0.8
4 87335 3163 1794 1 50 0 0.8
4 169446 3163 3989 1 1 1 0.8
4 175280 3165 3757 1 10 0 0.8
4 175495 3167 3673 1 1 1 0.8
4 90665 3171 1872 1 1 1 0.8
4 76464 3174 2289 1 1 0 0.8
4 159451 3175 4193 1 1 0 0.8
4 90699 3187 2209 1 50 1 0.8
4 79512 3191 1741 1 1 1 0.8
4 155023 3193 4437 1 1 1 0.8
4 173219 3205 4529 1 1 0 0.8
4 72514 3206 1876 1 10 0 0.8
4 178334 3212 3718 1 50 0 0.8
4 118594 3212 2467 1 50 1 0.8
4 83256 3219 2135 1 10 1 0.8
4 106160 3223 2461 1 1 0 0.8
4 63380 3226 1443 1 1 1 0.8
4 168102 3227 3829 1 1 0 0.8
4 93358 3227 2189 1 1 0 0.8
4 81386 3228 1868 1 10 1 0.8
4 157155 3230 4059 1 1 0 0.8
4 98799 3230 2475 1 1 0 0.8
4 111963 3231 2927 1 1 1 0.8
4 146233 3232 3715 1 10 0 0.8
4 104050 3232 3045 1 10 0 0.8
4 111197 3237 3156 1 1 0 0.8
4 145065 3237 3123 1 1 0 0.8
4 130847 3238 3124 1 1 1 0.8
4 84082 3247 2374 1 10 1 0.8
4 91795 3250 2114 1 1 0 0.8
4 100820 3252 2871 1 10 1 0.8
4 133094 3254 3387 1 1 1 0.8
4 89953 3260 2061 1 1 1 0.8
4 178198 3262 4228 1 10 1 0.8
4 143417 3266 3613 1 1 0 0.8
4 166605 3267 3600 1 1 0 0.8
4 73668 3270 1691 1 10 0 0.8
4 138243 3274 3990 1 1 0 0.8
4 114055 3277 2745 1 1 0 0.8
4 118191 3277 2743 1 1 0 0.8
4 162882 3281 4119 1 1 1 0.8
4 179298 3281 4130 1 1 1 0.8
4 63161 3287 1850 1 1 1 0.8
4 114063 3288 3128 1 50 1 0.8
4 146181 3292 3384 1 10 0 0.8
4 66379 3293 1330 1 1 1 0.8
4 178579 3295 4224 1 10 0 0.8
4 102853 3296 2150 1 1 0 0.8
4 132678 3297 2756 1 1 0 0.8
4 147835 3297 3227 1 10 0 0.8
4 177377 3301 4874 1 1 1 0.8
4 161976 3301 4233 1 50 1 0.8
4 101170 3302 2561 1 1 0 0.8
4 146039 3303 3282 1 10 1 0.8
4 89777 3307 2388 1 50 1 0.8
4 61144 3308 1748 1 50 1 0.8
4 62256 3317 1742 1 1 1 0.8
4 147883 3318 2975 1 1 1 0.8
4 177516 3319 4459 1 1 0 0.8
4 103026 3320 2322 1 1 1 0.8
4 141940 3322 3669 1 1 0 0.8
4 98162 3328 2261 1 1 1 0.8
4 75358 3331 2215 1 1 0 0.8
4 123406 3332 2677 1 50 1 0.8
4 126798 3332 3239 1 1 0 0.8
4 141655 3333 2891 1 1 0 0.8
4 101184 3333 2155 1 50 0 0.8
4 113787 3336 3108 1 10 0 0.8
4 126760 3347 2872 1 10 0 0.8
4 172095 3351 4680 1 50 0 0.8
4 65786 3354 1429 1 1 0 0.8
4 86800 3354 2470 1 1 1 0.8
4 62060 3356 1739 1 1 0 0.8
4 176249 3358 5124 1 1 1 0.8
4 157849 3359 4430 1 1 1 0.8
4 109289 3362 2622 1 1 1 0.8
4 135006 3362 3159 1 10 0 0.8
4 69454 3367 1635 1 10 1 0.8
4 84339 3375 2273 1 1 1 0.8
4 136305 3377 3394 1 50 1 0.8
4 144548 3377 4007 1 1 0 0.8
4 151016 3387 4319 1 1 1 0.8
4 60573 3388 1510 1 1 1 0.8
4 104073 3393 3047 1 1 0 0.8
4 81707 3396 1899 1 1 0 0.8
4 150941 3403 3036 1 10 1 0.8
4 155859 3404 4179 1 10 0 0.8
4 68242 3405 1622 1 1 1 0.8
4 103425 3405 2252 1 1 0 0.8
4 73824 3407 2142 1 50 0 0.8
4 107222 3413 2541 1 10 1 0.8
4 129440 3414 3726 1 1 1 0.8
4 150691 3415 4149 1 1 0 0.8
4 128163 3420 2581 1 1 1 0.8
4 123355 3420 2865 1 1 1 0.8
4 147163 3424 3666 1 1 0 0.8
4 166767 3427 4599 1 1 1 0.8
4 93858 3433 2631 1 1 1 0.8
4 109546 3443 2337 1 1 1 0.8
4 79920 3446 1960 1 1 0 0.8
4 114774 3447 3405 1 1 1 0.8
4 164702 3447 4116 1 1 0 0.8
4 131850 3449 2659 1 10 1 0.8
4 106067 3449 2345 1 10 1 0.8
4 158253 3449 3422 1 10 1 0.8
4 153740 3453 4201 1 1 1 0.8
4 161871 3458 4178 1 10 0 0.8
4 176693 3461 4220 1 10 0 0.8
4 104961 3463 2961 1 1 0 0.8
4 63854 3466 1369 1 1 0 0.8
4 165422 3467 4083 1 10 1 0.8
4 155533 3468 3366 1 10 1 0.8
4 122327 3469 3236 1 1 1 0.8
4 144905 3470 3231 1 1 1 0.8
4 105701 3471 2251 1 50 0 0.8
4 124124 3479 3675 1 1 0 0.8
4 149598 3481 3511 1 50 0 0.8
4 88851 3487 1845 1 10 0 0.8
4 135584 3490 3039 1 1 0 0.8
4 67007 3490 1439 1 1 0 0.8
4 89453 3492 2672 1 1 1 0.8
4 118719 3496 2815 1 1 0 0.8
4 65220 3497 1755 1 1 1 0.8
4 92801 3503 2334 1 1 0 0.8
4 132405 3507 3858 1 1 1 0.8
4 126822 3508 3726 1 1 0 0.8
4 174025 3509 4153 1 1 1 0.8
4 133147 3510 3887 1 1 1 0.8
4 88383 3512 2196 1 1 0 0.8
4 111068 3520 2673 1 1 1 0.8
4 157749 3521 4421 1 1 1 0.8
4 98134 3525 2743 1 1 1 0.8
4 153907 3527 3624 1 1 1 0.8
4 92329 3527 2713 1 50 0 0.8
4 156154 3536 4377 1 1 1 0.8
4 117514 3536 2425 1 1 1 0.8
4 123117 3539 3536 1 10 0 0.8
4 61129 3539 1267 1 1 0 0.8
4 139464 3540 2865 1 1 1 0.8
4 92480 3540 2208 1 10 1 0.8
4 170366 3545 4610 1 1 0 0.8
4 91823 3547 2097 1 1 0 0.8
4 129867 3548 3721 1 1 0 0.8
4 66738 3549 1355 1 1 0 0.8
4 179173 3557 4297 1 1 0 0.8
4 149720 3560 3676 1 1 1 0.8
4 149271 3562 4458 1 10 1 0.8
4 146159 3565 3784 1 1 1 0.8
4 112756 3567 2303 1 10 1 0.8
4 173462 3571 4523 1 1 1 0.8
4 88341 3574 2371 1 10 1 0.8
4 134116 3574 3649 1 1 1 0.8
4 67944 3575 1579 1 1 1 0.8
4 162490 3575 4519 1 1 0 0.8
4 149241 3575 4178 1 1 0 0.8
4 175251 3576 3536 1 1 1 0.8
4 116747 3581 2877 1 1 1 0.8
4 160994 3596 3989 1 1 0 0.8
4 121745 3597 2821 1 1 1 0.8
