1500
0 136535 1 3184 1 1 0 1.0
0 96253 5 2107 1 1 0 1.0
0 101072 8 2771 1 10 1 1.0
0 84296 9 2501 1 10 0 1.0
0 129895 11 3018 1 1 0 1.0
0 125529 11 3737 1 1 1 1.0
0 133650 16 2716 1 10 0 1.0
0 122619 21 2901 1 10 1 1.0
0 66783 25 1458 1 1 1 1.0
0 88182 25 2212 1 1 0 1.0
0 120517 25 3150 1 10 0 1.0
0 170592 29 4384 1 1 0 1.0
0 167997 30 4548 1 50 1 1.0
0 82643 31 2275 1 1 0 1.0
0 83816 32 1837 1 1 1 1.0
0 97753 36 2836 1 1 1 1.0
0 82574 37 1681 1 10 0 1.0
0 165168 38 4862 1 10 1 1.0
0 125153 41 3203 1 1 1 1.0
0 140634 44 4050 1 1 0 1.0
0 113849 44 2478 1 50 1 1.0
0 173433 46 3616 1 1 1 1.0
0 174401 51 5020 1 50 1 1.0
0 142339 52 4124 1 10 1 1.0
0 80132 56 2364 1 10 1 1.0
0 111534 56 2592 1 1 0 1.0
0 144854 59 3727 1 50 1 1.0
0 88138 59 2499 1 1 0 1.0
0 80100 66 1930 1 10 0 1.0
0 164034 66 3333 1 10 0 1.0
0 107245 67 2259 1 1 1 1.0
0 111154 69 3072 1 10 0 1.0
0 162106 73 4099 1 50 0 1.0
0 115676 75 3460 1 1 1 1.0
0 128694 77 3069 1 1 0 1.0
0 87975 78 2260 1 10 1 1.0
0 83674 82 2376 1 10 1 1.0
0 75070 83 1778 1 1 0 1.0
0 74266 89 1841 1 10 1 1.0
0 158080 91 4436 1 50 1 1.0
0 148630 92 3230 1 1 0 1.0
0 110859 93 2690 1 1 0 1.0
0 135661 94 3638 1 10 1 1.0
0 153190 95 4413 1 1 1 1.0
0 125227 96 3058 1 1 1 1.0
0 170422 99 4013 1 10 1 1.0
0 134684 102 3316 1 1 0 1.0
0 69973 103 2057 1 1 1 1.0
0 73054 105 1498 1 10 1 1.0
0 124346 105 3356 1 1 0 1.0
0 123947 106 3556 1 1 1 1.0
0 63411 109 1801 1 50 0 1.0
0 78053 120 1651 1 1 0 1.0
0 109156 129 3124 1 10 0 1.0
0 115489 131 2702 1 1 0 1.0
0 62377 137 1790 1 10 1 1.0
0 176949 140 3996 1 10 1 1.0
0 173152 144 4246 1 1 1 1.0
0 110735 145 2439 1 1 0 1.0
0 85573 150 1954 1 1 0 1.0
0 129465 152 3258 1 1 1 1.0
0 102216 154 2701 1 1 0 1.0
0 66337 155 1791 1 1 0 1.0
0 101572 164 2189 1 1 1 1.0
0 106874 167 2675 1 1 0 1.0
0 112091 169 3069 1 1 1 1.0
0 79595 171 2034 1 1 1 1.0
0 96066 172 2724 1 50 1 1.0
0 163284 176 3513 1 10 1 1.0
0 73174 176 1841 1 1 0 1.0
0 97654 178 2728 1 50 1 1.0
0 179305 181 4707 1 10 0 1.0
0 96963 186 2329 1 1 1 1.0
0 177159 186 4253 1 1 0 1.0
0 159498 186 3963 1 10 1 1.0
0 110219 190 3015 1 1 1 1.0
0 164901 196 3922 1 10 1 1.0
0 62824 198 1766 1 1 0 1.0
0 162029 206 4368 1 1 0 1.0
0 172458 206 4751 1 1 1 1.0
0 148920 210 3605 1 10 0 1.0
0 79945 210 2367 1 1 0 1.0
0 83046 211 2048 1 1 1 1.0
0 121937 212 2992 1 1 1 1.0
0 167122 213 4496 1 1 1 1.0
0 118439 216 2499 1 50 0 1.0
0 99327 220 2162 1 10 0 1.0
0 158279 221 4022 1 1 0 1.0
0 110788 224 2427 1 1 0 1.0
0 70746 224 2070 1 1 1 1.0
0 73681 233 1525 1 1 0 1.0
0 99626 233 2422 1 1 1 1.0
0 116867 235 3327 1 1 0 1.0
0 114264 236 2538 1 1 1 1.0
0 122027 237 2871 1 50 1 1.0
0 105142 237 2849 1 1 1 1.0
0 109759 237 2223 1 1 0 1.0
0 141946 239 3101 1 1 0 1.0
0 86566 242 1898 1 50 0 1.0
0 121898 250 2830 1 1 0 1.0
0 64779 251 1488 1 1 1 1.0
0 67774 251 1969 1 10 1 1.0
0 144086 252 3868 1 1 1 1.0
0 155831 258 3350 1 10 1 1.0
0 150934 259 3321 1 1 1 1.0
0 177879 260 5029 1 50 1 1.0
0 66497 263 1451 1 1 0 1.0
0 145481 266 2931 1 50 0 1.0
0 161768 273 4642 1 10 0 1.0
0 145641 274 3698 1 1 0 1.0
0 85054 275 2346 1 1 1 1.0
0 73266 276 1623 1 1 0 1.0
0 135205 276 3755 1 1 0 1.0
0 70503 278 1439 1 1 1 1.0
0 73154 278 1845 1 1 1 1.0
0 164983 279 4211 1 1 0 1.0
0 76660 280 2231 1 10 0 1.0
0 157182 281 4674 1 50 0 1.0
0 169802 281 4480 1 1 0 1.0
0 175268 284 4426 1 1 0 1.0
0 138464 285 3277 1 1 0 1.0
0 114868 287 2551 1 10 1 1.0
0 159405 288 4106 1 1 0 1.0
0 97253 288 2308 1 1 1 1.0
0 85307 289 2172 1 1 0 1.0
0 91760 289 2412 1 10 0 1.0
0 142661 296 3024 1 1 0 1.0
0 143504 297 3051 1 1 1 1.0
0 79938 297 2350 1 1 0 1.0
0 142183 301 3031 1 10 1 1.0
0 80568 301 2204 1 50 0 1.0
0 123261 305 3471 1 50 1 1.0
0 133951 308 3228 1 1 1 1.0
0 141388 314 4165 1 10 0 1.0
0 94561 320 2678 1 10 0 1.0
0 176095 321 4602 1 1 0 1.0
0 111976 322 2671 1 10 1 1.0
0 115624 323 2686 1 50 0 1.0
0 114248 324 3331 1 10 0 1.0
0 152619 326 4471 1 10 0 1.0
0 130828 335 3437 1 1 1 1.0
0 130762 337 3237 1 1 1 1.0
0 169220 337 3655 1 1 0 1.0
0 163052 338 4674 1 10 0 1.0
0 92002 338 2690 1 10 1 1.0
0 132296 341 3487 1 1 0 1.0
0 173322 341 4555 1 1 0 1.0
0 96403 344 2747 1 50 1 1.0
0 102072 345 2604 1 1 1 1.0
0 88021 348 2113 1 10 1 1.0
0 77539 349 1911 1 1 0 1.0
0 143001 355 3997 1 1 0 1.0
0 105498 355 2446 1 1 0 1.0
0 165381 357 4742 1 1 1 1.0
0 71953 357 1954 1 10 0 1.0
0 169604 359 4787 1 1 0 1.0
0 173013 364 4905 1 1 1 1.0
0 68143 365 2039 1 1 1 1.0
0 158780 366 4434 1 1 0 1.0
0 82581 367 1806 1 10 0 1.0
0 80652 370 2179 1 10 1 1.0
0 61496 370 1805 1 50 1 1.0
0 113428 373 3227 1 10 0 1.0
0 142309 383 3393 1 1 0 1.0
0 72959 391 1512 1 1 1 1.0
0 102270 393 3023 1 1 0 1.0
0 110843 398 2737 1 1 1 1.0
0 161093 399 3619 1 10 1 1.0
0 137257 404 3341 1 50 0 1.0
0 128842 405 3436 1 10 0 1.0
0 87364 413 2440 1 10 0 1.0
0 144389 414 3782 1 1 0 1.0
0 90911 415 2373 1 10 0 1.0
0 119114 420 3409 1 50 0 1.0
0 73952 424 1536 1 10 1 1.0
0 136489 428 3185 1 10 1 1.0
0 152283 428 4306 1 1 1 1.0
0 105939 430 2880 1 10 1 1.0
0 151830 431 3288 1 10 0 1.0
0 149432 433 4009 1 10 0 1.0
0 120173 435 3225 1 1 0 1.0
0 155429 435 4125 1 10 1 1.0
0 139882 436 3426 1 10 0 1.0
0 151484 437 3236 1 50 1 1.0
0 173495 439 3594 1 10 0 1.0
0 149035 440 4265 1 1 0 1.0
0 138838 440 3242 1 10 0 1.0
0 123120 441 2853 1 10 0 1.0
0 172298 444 4059 1 10 0 1.0
0 82921 449 1851 1 10 0 1.0
0 135786 449 2884 1 1 1 1.0
0 105425 450 3069 1 1 1 1.0
0 138604 451 2812 1 1 1 1.0
0 122646 451 3206 1 1 1 1.0
0 147783 451 3104 1 1 0 1.0
0 125277 457 2648 1 10 0 1.0
0 62744 461 1741 1 50 1 1.0
0 111147 462 2435 1 10 1 1.0
0 82495 464 2305 1 1 0 1.0
0 93591 465 2715 1 1 0 1.0
0 137642 468 2809 1 10 0 1.0
0 174994 469 4093 1 1 1 1.0
0 68573 470 1913 1 50 0 1.0
0 113934 474 2385 1 50 1 1.0
0 71715 474 1798 1 1 1 1.0
0 123846 479 2688 1 1 1 1.0
0 112352 479 3049 1 50 1 1.0
0 127600 482 2848 1 50 1 1.0
0 132904 482 3838 1 1 1 1.0
0 160589 483 4146 1 10 1 1.0
0 175856 487 4516 1 10 1 1.0
0 136895 488 3015 1 50 1 1.0
0 157102 489 4108 1 50 1 1.0
0 136854 493 3296 1 1 1 1.0
0 70450 494 1934 1 10 0 1.0
0 154610 497 3832 1 1 0 1.0
0 100377 497 2792 1 10 1 1.0
0 168847 507 3383 1 50 0 1.0
0 91331 510 2393 1 10 1 1.0
0 114893 511 2687 1 1 0 1.0
0 160210 511 4293 1 10 0 1.0
0 130512 515 3691 1 50 1 1.0
0 97300 516 1990 1 1 0 1.0
0 88939 516 2275 1 1 1 1.0
0 179377 518 3726 1 1 1 1.0
0 97372 522 2376 1 1 1 1.0
0 74145 522 2093 1 10 0 1.0
0 117702 523 3086 1 1 0 1.0
0 76809 525 1654 1 1 0 1.0
0 129419 525 3400 1 10 1 1.0
0 107771 528 2609 1 1 1 1.0
0 62955 532 1631 1 1 1 1.0
0 173039 534 4044 1 10 0 1.0
0 128186 534 2944 1 10 0 1.0
0 128723 538 2882 1 10 1 1.0
0 152531 539 3056 1 1 1 1.0
0 77471 540 2318 1 1 1 1.0
0 118749 542 3342 1 1 0 1.0
0 85895 550 2122 1 10 1 1.0
0 116154 550 2393 1 1 1 1.0
0 131951 552 3718 1 10 0 1.0
0 146791 555 3927 1 50 1 1.0
0 72288 556 1555 1 1 1 1.0
0 88842 557 1938 1 1 1 1.0
0 161605 561 3713 1 50 0 1.0
0 121229 564 3079 1 1 0 1.0
0 60233 565 1502 1 1 1 1.0
0 82887 571 1667 1 1 1 1.0
0 143348 579 4170 1 10 0 1.0
0 160914 579 3743 1 1 1 1.0
0 145437 580 3579 1 1 0 1.0
0 72299 584 2004 1 10 1 1.0
0 161051 586 4402 1 50 0 1.0
0 109192 587 2804 1 10 1 1.0
0 60360 587 1709 1 1 1 1.0
0 155703 590 3219 1 10 0 1.0
0 177883 594 3879 1 1 1 1.0
0 111106 600 3246 1 1 0 1.0
0 171387 600 3726 1 1 1 1.0
0 125059 603 3367 1 1 0 1.0
0 109188 610 3053 1 50 0 1.0
0 169264 616 3439 1 1 0 1.0
0 132548 617 3538 1 1 1 1.0
0 81403 617 1640 1 1 0 1.0
0 60254 620 1728 1 1 1 1.0
0 134334 621 3005 1 10 0 1.0
0 177270 633 4288 1 10 1 1.0
0 64241 633 1800 1 50 0 1.0
0 165412 635 4908 1 1 1 1.0
0 94069 635 2319 1 1 0 1.0
0 84350 644 2324 1 10 1 1.0
0 167743 646 4785 1 10 0 1.0
0 154572 649 4213 1 10 1 1.0
0 99801 650 2052 1 1 0 1.0
0 160803 652 4406 1 10 1 1.0
0 102687 655 2829 1 1 0 1.0
0 80743 659 1816 1 1 1 1.0
0 92434 659 2155 1 1 0 1.0
0 98648 659 2480 1 1 1 1.0
0 154310 661 4525 1 50 0 1.0
0 130663 661 3274 1 1 0 1.0
0 122606 665 3064 1 50 0 1.0
0 117311 667 2589 1 1 1 1.0
0 152916 667 4541 1 50 1 1.0
0 125551 670 3210 1 1 1 1.0
0 123759 672 2526 1 10 1 1.0
0 159612 675 4712 1 10 1 1.0
0 108031 676 2590 1 1 1 1.0
0 81069 679 2228 1 1 0 1.0
0 173141 679 4335 1 1 0 1.0
0 62539 680 1559 1 10 0 1.0
0 91801 682 2527 1 1 1 1.0
0 74849 683 2152 1 50 0 1.0
0 68145 688 2038 1 10 1 1.0
0 100718 699 2129 1 10 1 1.0
0 81355 701 2368 1 1 1 1.0
0 129441 703 3117 1 10 0 1.0
0 107286 705 2737 1 50 1 1.0
0 164445 705 3563 1 1 0 1.0
0 96152 706 2041 1 10 1 1.0
0 132296 709 2775 1 10 0 1.0
0 61033 710 1773 1 1 0 1.0
0 82798 716 2397 1 10 1 1.0
0 105999 717 2672 1 1 0 1.0
0 145916 721 3333 1 1 0 1.0
0 79942 722 2259 1 1 1 1.0
0 106954 724 2435 1 1 1 1.0
0 97277 726 2897 1 10 1 1.0
0 87134 728 2560 1 1 1 1.0
0 73340 732 2097 1 50 0 1.0
0 135338 733 3270 1 1 1 1.0
0 90554 749 2282 1 1 0 1.0
0 105440 752 2408 1 10 1 1.0
0 76112 755 1826 1 1 0 1.0
0 97881 757 2517 1 1 0 1.0
0 154959 759 3638 1 1 1 1.0
0 75775 763 1919 1 1 0 1.0
0 170652 764 4651 1 50 0 1.0
0 162891 765 4584 1 1 0 1.0
0 107226 766 2593 1 1 0 1.0
0 150342 766 3798 1 1 1 1.0
0 154214 767 3616 1 1 1 1.0
0 96773 768 2001 1 1 0 1.0
0 149650 768 3564 1 1 0 1.0
0 70262 769 2071 1 50 0 1.0
0 164662 769 4605 1 10 0 1.0
0 116941 777 2799 1 1 0 1.0
0 143479 780 3609 1 10 1 1.0
0 121118 785 2967 1 1 0 1.0
0 136633 788 2771 1 1 0 1.0
0 149849 790 3418 1 10 0 1.0
0 96365 790 2095 1 50 0 1.0
0 137630 795 3701 1 1 1 1.0
0 126128 798 2593 1 50 1 1.0
0 154282 799 3439 1 1 0 1.0
0 85481 800 2185 1 1 1 1.0
0 169912 800 4114 1 1 0 1.0
0 105791 803 2397 1 10 1 1.0
0 170151 804 4148 1 1 0 1.0
0 159684 806 3683 1 1 1 1.0
0 126025 807 3080 1 1 1 1.0
0 122635 815 3314 1 1 0 1.0
0 166894 817 3802 1 1 1 1.0
0 135020 817 3638 1 1 0 1.0
0 61240 826 1714 1 1 0 1.0
0 60153 829 1222 1 1 1 1.0
0 156598 829 3320 1 1 0 1.0
0 135610 833 2750 1 1 0 1.0
0 116524 844 2340 1 1 0 1.0
0 83824 845 2412 1 1 0 1.0
0 65364 846 1499 1 1 0 1.0
0 112094 847 2581 1 1 1 1.0
0 148042 853 3213 1 10 1 1.0
0 78692 857 2275 1 10 0 1.0
0 174746 859 5190 1 1 0 1.0
0 146156 859 3572 1 10 1 1.0
0 119477 862 3117 1 10 0 1.0
0 103492 864 2393 1 50 0 1.0
0 178105 864 5198 1 1 0 1.0
0 157133 867 4273 1 1 1 1.0
0 93040 870 2043 1 1 0 1.0
0 126800 872 3074 1 50 0 1.0
0 163428 874 3901 1 1 1 1.0
0 174092 876 3974 1 1 1 1.0
0 113675 880 2642 1 10 1 1.0
0 81730 881 1896 1 10 0 1.0
0 109033 885 3114 1 1 1 1.0
0 157613 885 3755 1 1 1 1.0
0 138087 885 4072 1 1 1 1.0
0 86047 887 1980 1 10 0 1.0
0 168514 888 4983 1 1 0 1.0
0 97206 893 2736 1 1 0 1.0
0 137206 894 4063 1 1 1 1.0
0 113043 894 3011 1 1 0 1.0
0 88728 896 2460 1 50 0 1.0
0 75949 902 2195 1 10 0 1.0
0 133124 908 2788 1 1 1 1.0
0 163526 910 4793 1 50 1 1.0
0 94787 912 2242 1 1 1 1.0
0 169764 915 5033 1 1 1 1.0
0 135126 923 4034 1 1 1 1.0
0 125773 928 2817 1 50 1 1.0
0 147143 932 3779 1 10 0 1.0
0 113253 934 2737 1 1 1 1.0
0 85143 936 1958 1 1 0 1.0
0 95042 937 2260 1 10 1 1.0
0 161155 943 4012 1 10 0 1.0
0 177327 944 4474 1 10 1 1.0
0 152728 949 3777 1 10 0 1.0
0 176893 953 4650 1 1 1 1.0
0 114078 953 2581 1 1 0 1.0
0 109719 959 3252 1 1 1 1.0
0 131818 959 3424 1 1 0 1.0
0 71432 962 2103 1 1 0 1.0
0 136194 972 3961 1 1 1 1.0
0 106251 973 2905 1 50 0 1.0
0 116400 978 2727 1 1 1 1.0
0 128317 980 3399 1 1 0 1.0
0 176023 985 3584 1 1 0 1.0
0 97731 992 2634 1 50 1 1.0
0 77357 996 2145 1 10 0 1.0
0 166783 996 4275 1 1 0 1.0
0 172538 999 3658 1 10 0 1.0
0 145380 1000 2919 1 1 1 1.0
0 148809 1000 3214 1 50 1 1.0
0 105208 1003 3112 1 1 0 1.0
0 103266 1004 2504 1 1 1 1.0
0 86283 1006 2152 1 1 0 1.0
0 76200 1007 1645 1 10 1 1.0
0 86947 1008 2363 1 10 0 1.0
0 140069 1016 3255 1 1 0 1.0
0 178586 1019 4396 1 1 1 1.0
0 119844 1020 2690 1 10 1 1.0
0 159743 1021 4141 1 1 0 1.0
0 136301 1022 2857 1 1 0 1.0
0 77075 1024 1811 1 1 1 1.0
0 140460 1030 3668 1 10 1 1.0
0 64726 1035 1306 1 1 1 1.0
0 77090 1036 1884 1 10 0 1.0
0 118185 1036 2702 1 10 1 1.0
0 167562 1039 3733 1 10 0 1.0
0 177342 1040 4723 1 1 1 1.0
0 139113 1041 3676 1 1 0 1.0
0 128280 1042 3083 1 1 0 1.0
0 72135 1045 1833 1 10 0 1.0
0 141611 1046 4175 1 1 0 1.0
0 150016 1047 3632 1 50 1 1.0
0 85506 1048 2452 1 1 0 1.0
0 145064 1049 4211 1 1 0 1.0
0 124093 1049 2980 1 1 1 1.0
0 101630 1051 2306 1 1 0 1.0
0 161181 1052 4490 1 10 1 1.0
0 61139 1054 1661 1 1 1 1.0
0 98476 1055 2921 1 1 1 1.0
0 106546 1057 2305 1 10 1 1.0
0 125002 1059 3187 1 10 0 1.0
0 112120 1059 2804 1 1 1 1.0
0 104895 1059 2873 1 10 0 1.0
0 146089 1069 4177 1 50 0 1.0
0 179483 1071 5349 1 1 1 1.0
0 62166 1071 1421 1 1 0 1.0
0 115910 1071 3337 1 1 0 1.0
0 165133 1073 4803 1 1 0 1.0
0 84944 1078 2012 1 50 0 1.0
0 76471 1083 2198 1 1 0 1.0
0 123209 1084 3171 1 10 1 1.0
0 127853 1089 2867 1 1 1 1.0
0 77210 1092 2081 1 10 1 1.0
0 158607 1096 3899 1 10 1 1.0
0 119285 1099 2669 1 1 1 1.0
0 175601 1100 4822 1 10 1 1.0
0 76692 1105 1616 1 10 0 1.0
0 126532 1105 3114 1 1 0 1.0
0 78521 1106 2226 1 1 0 1.0
0 161246 1112 4009 1 1 0 1.0
0 78358 1113 2178 1 1 0 1.0
0 170774 1116 4786 1 1 0 1.0
0 76899 1116 2235 1 1 1 1.0
0 77355 1119 1777 1 1 1 1.0
0 76969 1119 1895 1 1 1 1.0
0 167434 1120 4452 1 1 1 1.0
0 66524 1120 1812 1 1 0 1.0
0 121827 1122 2743 1 10 1 1.0
0 105439 1126 2986 1 1 0 1.0
0 142015 1127 4117 1 1 1 1.0
0 94574 1130 2710 1 50 0 1.0
0 110164 1135 2583 1 10 0 1.0
0 168794 1136 3891 1 10 1 1.0
0 143828 1138 4028 1 1 1 1.0
0 68695 1140 1916 1 10 0 1.0
0 99563 1142 2580 1 10 0 1.0
0 94017 1142 1928 1 10 1 1.0
0 81967 1143 2161 1 10 0 1.0
0 108062 1148 2233 1 1 0 1.0
0 126897 1148 3539 1 1 1 1.0
0 128023 1155 3626 1 1 1 1.0
0 121912 1160 2673 1 1 1 1.0
0 176301 1164 4495 1 10 1 1.0
0 84951 1165 2008 1 1 0 1.0
0 142131 1167 4047 1 1 1 1.0
0 166665 1179 3700 1 1 0 1.0
0 85618 1179 1854 1 1 1 1.0
0 105884 1183 2359 1 50 0 1.0
0 62574 1185 1706 1 1 0 1.0
0 105516 1187 2350 1 1 1 1.0
0 161407 1187 4311 1 1 0 1.0
0 74702 1187 1903 1 1 0 1.0
0 125521 1190 3465 1 10 0 1.0
0 170953 1192 5088 1 50 1 1.0
0 98354 1193 2665 1 1 0 1.0
0 78095 1198 1951 1 1 1 1.0
0 125410 1200 3735 1 50 1 1.0
0 167635 1200 3721 1 1 0 1.0
0 177844 1202 3613 1 10 1 1.0
0 163323 1204 4623 1 1 1 1.0
0 139801 1207 2897 1 50 1 1.0
0 178957 1207 5098 1 1 0 1.0
0 72211 1208 2064 1 1 1 1.0
0 173832 1212 4400 1 1 1 1.0
0 98289 1214 2158 1 1 1 1.0
0 92732 1216 2428 1 1 1 1.0
0 137041 1217 3519 1 10 1 1.0
0 117149 1217 3115 1 10 0 1.0
0 85363 1219 2494 1 50 0 1.0
0 80495 1224 2308 1 1 1 1.0
0 121111 1225 2974 1 1 1 1.0
0 126702 1229 3610 1 10 0 1.0
0 64978 1230 1580 1 10 1 1.0
0 125894 1231 3464 1 1 1 1.0
0 128061 1232 3259 1 10 1 1.0
0 102580 1232 2932 1 10 0 1.0
0 136541 1234 3507 1 1 0 1.0
0 60120 1234 1723 1 1 1 1.0
0 69610 1234 1469 1 1 1 1.0
0 112675 1235 2647 1 10 1 1.0
0 122367 1237 3150 1 1 0 1.0
0 95817 1238 2739 1 1 0 1.0
0 101258 1241 2779 1 10 0 1.0
0 71858 1241 1441 1 1 1 1.0
0 112452 1244 3246 1 1 1 1.0
0 110715 1246 3155 1 1 1 1.0
0 77979 1247 1608 1 1 0 1.0
0 170507 1250 4693 1 1 1 1.0
0 109838 1252 2253 1 1 0 1.0
0 109008 1252 2797 1 1 1 1.0
0 160175 1258 4154 1 50 0 1.0
0 151971 1259 3487 1 50 1 1.0
0 166447 1266 3466 1 1 0 1.0
0 146290 1267 3505 1 1 0 1.0
0 161499 1273 3938 1 1 0 1.0
0 152289 1280 3516 1 10 1 1.0
0 116566 1285 2846 1 1 1 1.0
0 78464 1286 2235 1 1 0 1.0
0 108722 1289 2188 1 10 0 1.0
0 115020 1292 3242 1 1 0 1.0
0 117065 1292 3366 1 1 0 1.0
0 177491 1293 4074 1 1 0 1.0
0 168656 1294 3490 1 1 0 1.0
0 144703 1294 3656 1 10 0 1.0
0 146557 1296 3084 1 1 0 1.0
0 134307 1299 3626 1 1 1 1.0
0 65526 1301 1935 1 1 0 1.0
0 77857 1316 1769 1 10 0 1.0
0 121901 1317 3629 1 50 0 1.0
0 138237 1319 3624 1 1 0 1.0
0 162896 1322 3652 1 50 1 1.0
0 149306 1323 4179 1 50 0 1.0
0 90335 1323 2582 1 1 1 1.0
0 151943 1325 3677 1 1 0 1.0
0 123250 1326 3646 1 50 1 1.0
0 102578 1329 3001 1 1 1 1.0
0 87879 1329 2259 1 1 1 1.0
0 84047 1330 1954 1 1 1 1.0
0 144048 1331 2921 1 1 0 1.0
0 170846 1331 5034 1 1 1 1.0
0 160021 1336 3306 1 50 1 1.0
0 143675 1339 4152 1 10 1 1.0
0 142792 1346 2929 1 1 0 1.0
0 102172 1348 2770 1 50 0 1.0
0 132383 1349 2859 1 10 0 1.0
0 137640 1352 2876 1 10 1 1.0
0 77937 1356 1942 1 10 1 1.0
0 78504 1356 2173 1 10 0 1.0
0 85993 1357 1967 1 1 0 1.0
0 100368 1357 2585 1 10 0 1.0
0 99507 1359 1992 1 10 1 1.0
0 168989 1362 4504 1 10 0 1.0
0 78488 1364 2062 1 1 1 1.0
0 68647 1365 1926 1 10 0 1.0
0 155041 1365 3205 1 10 1 1.0
0 71686 1367 1796 1 10 1 1.0
0 89123 1375 2128 1 1 0 1.0
0 61944 1377 1611 1 1 0 1.0
0 146077 1378 3690 1 1 0 1.0
0 145072 1379 3881 1 1 1 1.0
0 75795 1380 1897 1 1 0 1.0
0 114168 1382 2567 1 1 0 1.0
0 97908 1387 2899 1 1 1 1.0
0 170356 1390 4661 1 50 1 1.0
0 86924 1397 1948 1 1 0 1.0
0 162191 1398 3336 1 1 1 1.0
0 61443 1401 1390 1 1 1 1.0
0 155356 1402 4648 1 10 1 1.0
0 61367 1408 1746 1 1 1 1.0
0 135815 1409 3253 1 10 0 1.0
0 139868 1416 2932 1 1 1 1.0
0 165287 1421 3674 1 10 0 1.0
0 117541 1428 3040 1 1 1 1.0
0 119664 1434 3159 1 1 0 1.0
0 64345 1436 1468 1 1 1 1.0
0 114084 1440 2719 1 1 1 1.0
0 118957 1444 3411 1 1 0 1.0
0 169677 1446 4213 1 1 0 1.0
0 143249 1447 4202 1 1 1 1.0
0 134266 1448 3160 1 1 1 1.0
0 163829 1448 3773 1 50 1 1.0
0 107553 1449 2590 1 10 1 1.0
0 97069 1455 2123 1 1 0 1.0
0 83677 1464 1673 1 1 1 1.0
0 177002 1465 3672 1 1 1 1.0
0 149024 1465 4050 1 1 0 1.0
0 131260 1469 3491 1 10 0 1.0
0 62783 1469 1743 1 50 1 1.0
0 75121 1471 2138 1 1 1 1.0
0 137454 1471 3832 1 1 0 1.0
0 66004 1471 1454 1 10 1 1.0
0 168238 1472 4579 1 1 1 1.0
0 120041 1473 2965 1 50 1 1.0
0 165844 1475 3982 1 10 0 1.0
0 116941 1479 3386 1 10 0 1.0
0 99137 1480 2841 1 1 0 1.0
0 176520 1482 3752 1 10 1 1.0
0 126327 1483 3756 1 1 1 1.0
0 113154 1484 2514 1 1 0 1.0
0 63461 1487 1802 1 10 1 1.0
0 149843 1487 3844 1 1 0 1.0
0 115081 1490 2521 1 1 1 1.0
0 101479 1493 2674 1 10 0 1.0
0 179689 1496 4278 1 1 0 1.0
0 136840 1505 4083 1 1 1 1.0
0 158646 1507 4397 1 1 0 1.0
0 115729 1510 2339 1 10 1 1.0
0 157435 1511 3666 1 1 0 1.0
0 160615 1512 4059 1 1 0 1.0
0 138583 1512 3805 1 50 0 1.0
0 166431 1513 4041 1 10 0 1.0
0 144977 1514 3215 1 10 1 1.0
0 104793 1515 2561 1 1 0 1.0
0 64663 1522 1859 1 50 1 1.0
0 121346 1529 2981 1 10 1 1.0
0 65039 1530 1896 1 10 0 1.0
0 78424 1538 2301 1 1 1 1.0
0 153187 1538 3155 1 1 0 1.0
0 156297 1544 3548 1 1 0 1.0
0 143687 1545 3999 1 1 1 1.0
0 94267 1548 2813 1 1 0 1.0
0 165590 1552 4562 1 1 0 1.0
0 139268 1555 3255 1 1 0 1.0
0 79290 1559 1891 1 1 0 1.0
0 95785 1570 2224 1 1 1 1.0
0 110638 1571 2265 1 1 0 1.0
0 122943 1572 2869 1 50 1 1.0
0 93597 1575 2638 1 10 1 1.0
0 172353 1576 4144 1 10 0 1.0
0 149075 1579 3888 1 1 0 1.0
0 152829 1581 4321 1 1 1 1.0
0 134213 1587 3596 1 1 0 1.0
0 78104 1587 1868 1 50 0 1.0
0 161544 1589 4806 1 10 0 1.0
0 66055 1589 1324 1 10 1 1.0
0 161650 1590 3949 1 1 0 1.0
0 93988 1592 2355 1 1 1 1.0
0 69654 1594 1428 1 10 1 1.0
0 138777 1596 3459 1 50 0 1.0
0 158863 1597 4097 1 50 0 1.0
0 166341 1597 4268 1 1 0 1.0
0 86527 1602 2340 1 1 1 1.0
0 112764 1603 2997 1 50 1 1.0
0 68507 1604 1727 1 10 0 1.0
0 174745 1605 3945 1 1 0 1.0
0 119143 1606 3047 1 1 0 1.0
0 133722 1609 3620 1 1 0 1.0
0 133620 1609 3868 1 50 1 1.0
0 112060 1614 2923 1 50 0 1.0
0 68356 1619 1624 1 1 0 1.0
0 103716 1620 2417 1 10 1 1.0
0 135603 1624 3053 1 1 1 1.0
0 161322 1624 3732 1 1 0 1.0
0 123707 1626 3139 1 10 1 1.0
0 76317 1627 1889 1 10 0 1.0
0 130400 1628 3154 1 50 0 1.0
0 154275 1631 3772 1 1 0 1.0
0 123207 1635 2678 1 10 1 1.0
0 100348 1641 2960 1 1 1 1.0
0 145292 1642 3437 1 1 1 1.0
0 158164 1643 4299 1 10 1 1.0
0 67153 1644 1777 1 1 1 1.0
0 176832 1645 4501 1 1 0 1.0
0 110426 1646 3173 1 10 0 1.0
0 140960 1649 3870 1 1 0 1.0
0 74192 1650 1812 1 1 0 1.0
0 143210 1653 4166 1 1 0 1.0
0 105227 1658 2283 1 1 0 1.0
0 100091 1659 2153 1 1 0 1.0
0 80824 1660 1786 1 1 0 1.0
0 146303 1661 3239 1 1 0 1.0
0 174981 1665 4944 1 1 1 1.0
0 172488 1665 4853 1 10 1 1.0
0 156521 1665 4553 1 10 1 1.0
0 154242 1668 4095 1 1 0 1.0
0 117759 1674 3365 1 50 1 1.0
0 63211 1676 1820 1 1 0 1.0
0 108684 1678 2633 1 10 1 1.0
0 163701 1681 4565 1 10 0 1.0
0 94638 1681 2262 1 10 1 1.0
0 176831 1686 3946 1 1 1 1.0
0 147259 1688 3003 1 10 1 1.0
0 119693 1688 3132 1 1 0 1.0
0 163697 1689 4058 1 1 0 1.0
0 161369 1691 3452 1 1 0 1.0
0 117526 1691 3171 1 10 0 1.0
0 67126 1702 1629 1 1 1 1.0
0 160891 1703 3441 1 1 1 1.0
0 107604 1704 3011 1 10 1 1.0
0 82638 1707 2198 1 10 0 1.0
0 143582 1710 4246 1 10 1 1.0
0 143241 1710 2957 1 1 0 1.0
0 82140 1710 2225 1 10 1 1.0
0 146263 1715 4363 1 1 0 1.0
0 169528 1716 4051 1 50 0 1.0
0 116685 1720 2934 1 1 0 1.0
0 74339 1728 1505 1 10 0 1.0
0 177498 1729 4708 1 1 0 1.0
0 147190 1730 4228 1 1 1 1.0
0 144115 1733 3988 1 10 0 1.0
0 107465 1735 2858 1 10 1 1.0
0 124539 1742 2518 1 10 1 1.0
0 177803 1746 3990 1 1 1 1.0
0 108376 1754 2860 1 1 0 1.0
0 60667 1754 1508 1 1 0 1.0
0 147561 1758 4151 1 1 1 1.0
0 95070 1758 2006 1 1 0 1.0
0 156632 1759 3873 1 10 1 1.0
0 164624 1762 3371 1 50 0 1.0
0 150007 1763 3549 1 10 1 1.0
0 86729 1770 2430 1 1 1 1.0
0 151145 1770 3353 1 10 1 1.0
0 107032 1772 2199 1 1 0 1.0
0 86510 1777 2396 1 1 0 1.0
0 113121 1777 2302 1 10 1 1.0
0 123025 1777 3330 1 1 0 1.0
0 157768 1781 3406 1 1 1 1.0
0 66056 1784 1550 1 10 0 1.0
0 115834 1786 2457 1 1 1 1.0
0 121990 1790 3198 1 1 1 1.0
0 148035 1792 3719 1 1 0 1.0
0 126942 1793 3274 1 1 1 1.0
0 111485 1794 2957 1 10 0 1.0
0 104788 1795 2485 1 1 0 1.0
0 77594 1798 2096 1 10 1 1.0
0 112712 1802 2774 1 1 0 1.0
0 152557 1813 4430 1 10 0 1.0
0 87818 1814 1861 1 1 1 1.0
0 81470 1820 2344 1 10 0 1.0
0 115697 1821 3201 1 10 1 1.0
0 97572 1821 2163 1 10 1 1.0
0 76753 1822 2183 1 1 1 1.0
0 84426 1823 2245 1 1 1 1.0
0 162890 1824 3532 1 10 1 1.0
0 102743 1825 2318 1 10 0 1.0
0 81364 1825 2253 1 10 1 1.0
0 134383 1831 3719 1 50 0 1.0
0 160644 1833 3893 1 1 0 1.0
0 100458 1836 2946 1 1 1 1.0
0 151365 1840 3236 1 1 1 1.0
0 124204 1841 3406 1 1 0 1.0
0 105993 1843 2385 1 1 1 1.0
0 79280 1856 2181 1 1 1 1.0
0 67985 1858 1648 1 1 1 1.0
0 171669 1858 4923 1 1 0 1.0
0 83718 1858 2394 1 1 1 1.0
0 81231 1864 1769 1 1 1 1.0
0 173579 1865 3999 1 1 1 1.0
0 82441 1867 2274 1 1 0 1.0
0 120150 1872 2917 1 50 0 1.0
0 108565 1873 3035 1 50 1 1.0
0 155123 1887 3652 1 1 0 1.0
0 113998 1889 2646 1 1 1 1.0
0 137907 1889 3582 1 10 0 1.0
0 133577 1891 2806 1 50 0 1.0
0 135551 1893 2811 1 10 0 1.0
0 127690 1898 3774 1 10 1 1.0
0 106419 1901 2143 1 10 1 1.0
0 60860 1904 1244 1 50 1 1.0
0 79037 1908 2068 1 1 0 1.0
0 72846 1908 2091 1 1 0 1.0
0 93484 1909 2471 1 1 0 1.0
0 144170 1918 3436 1 1 0 1.0
0 148400 1919 3371 1 1 0 1.0
0 107442 1922 3055 1 1 0 1.0
0 64721 1922 1861 1 1 1 1.0
0 119098 1923 3515 1 10 1 1.0
0 70057 1925 1832 1 1 0 1.0
0 150806 1928 3935 1 1 1 1.0
0 79617 1934 1595 1 1 0 1.0
0 150145 1935 3702 1 1 1 1.0
0 110018 1938 2289 1 1 0 1.0
0 151473 1943 4365 1 10 0 1.0
0 156094 1952 4597 1 50 1 1.0
0 89888 1960 1976 1 10 0 1.0
0 97543 1968 2480 1 1 1 1.0
0 135249 1968 3884 1 10 1 1.0
0 98484 1972 2483 1 1 1 1.0
0 60560 1973 1408 1 1 0 1.0
0 149372 1974 3508 1 1 1 1.0
0 147664 1979 4385 1 1 0 1.0
0 167492 1984 3444 1 1 1 1.0
0 78805 1987 1865 1 10 1 1.0
0 90163 1989 2675 1 50 1 1.0
0 175965 1990 5270 1 1 0 1.0
0 177422 1993 5004 1 50 1 1.0
0 67538 1994 1508 1 1 0 1.0
0 135534 1995 3395 1 1 0 1.0
0 145999 1995 3353 1 1 1 1.0
0 132996 1997 3396 1 1 0 1.0
0 103188 2000 2747 1 10 0 1.0
0 125515 2001 3712 1 1 0 1.0
0 88277 2001 2253 1 10 0 1.0
0 76263 2007 1685 1 10 1 1.0
0 167657 2012 4761 1 50 0 1.0
0 68765 2012 1420 1 1 1 1.0
0 122488 2020 3135 1 10 0 1.0
0 129455 2022 3672 1 1 1 1.0
0 122695 2023 3503 1 1 0 1.0
0 153110 2023 4422 1 1 1 1.0
0 135768 2027 2860 1 1 1 1.0
0 104073 2027 2237 1 1 1 1.0
0 158651 2028 3924 1 50 0 1.0
0 117206 2031 2612 1 10 1 1.0
0 60642 2037 1613 1 1 1 1.0
0 138503 2040 3777 1 1 1 1.0
0 161871 2043 3375 1 50 1 1.0
0 166027 2049 3463 1 10 1 1.0
0 116095 2051 2963 1 1 1 1.0
0 106501 2052 2905 1 10 0 1.0
0 178671 2052 3730 1 50 0 1.0
0 69585 2055 1894 1 10 1 1.0
0 66685 2057 1826 1 10 1 1.0
0 114970 2059 2841 1 1 1 1.0
0 101091 2060 2861 1 1 0 1.0
0 156782 2062 3665 1 10 1 1.0
0 93668 2063 2323 1 50 0 1.0
0 156626 2071 4405 1 1 0 1.0
0 149300 2073 3528 1 1 1 1.0
0 149620 2074 4305 1 50 1 1.0
0 112521 2077 2991 1 10 0 1.0
0 116130 2084 2869 1 1 1 1.0
0 94838 2084 2303 1 1 0 1.0
0 168984 2084 4496 1 10 0 1.0
0 156067 2085 3923 1 1 1 1.0
0 81078 2087 2116 1 1 0 1.0
0 103451 2088 2842 1 1 1 1.0
0 131387 2088 2981 1 1 1 1.0
0 62380 2089 1428 1 10 0 1.0
0 80898 2091 2245 1 1 0 1.0
0 104210 2096 2693 1 10 1 1.0
0 136643 2098 2917 1 50 1 1.0
0 82633 2102 1971 1 10 0 1.0
0 179218 2104 5342 1 10 1 1.0
0 127913 2105 2839 1 1 0 1.0
0 78476 2108 1761 1 1 0 1.0
0 167171 2109 4625 1 1 0 1.0
0 172873 2110 4870 1 1 1 1.0
0 90166 2110 2083 1 50 0 1.0
0 142908 2110 3298 1 50 0 1.0
0 153822 2110 3669 1 1 1 1.0
0 160626 2111 4254 1 10 0 1.0
0 106891 2111 2945 1 1 1 1.0
0 168640 2113 4372 1 10 0 1.0
0 81075 2116 1816 1 10 1 1.0
0 112861 2121 2383 1 1 0 1.0
0 121248 2122 3330 1 1 1 1.0
0 94420 2125 2756 1 10 1 1.0
0 74651 2132 1958 1 1 0 1.0
0 83247 2133 1874 1 10 1 1.0
0 167543 2134 4481 1 1 0 1.0
0 168403 2143 3995 1 1 0 1.0
0 65946 2146 1615 1 10 1 1.0
0 124443 2147 3316 1 1 0 1.0
0 77460 2149 1622 1 10 1 1.0
0 135858 2152 3837 1 10 0 1.0
0 158090 2154 4731 1 10 0 1.0
0 151453 2157 3757 1 1 0 1.0
0 166376 2159 4819 1 50 0 1.0
0 117063 2162 2642 1 10 0 1.0
0 148327 2163 3287 1 1 0 1.0
0 161994 2165 4514 1 10 1 1.0
0 64367 2167 1655 1 1 0 1.0
0 163787 2168 4534 1 10 1 1.0
0 135590 2168 3301 1 1 0 1.0
0 114955 2169 2583 1 1 1 1.0
0 83725 2169 1773 1 1 0 1.0
0 152172 2174 4473 1 1 1 1.0
0 99235 2174 2455 1 10 1 1.0
0 137809 2181 3735 1 50 0 1.0
0 159722 2183 3862 1 10 0 1.0
0 80198 2186 1693 1 1 1 1.0
0 138236 2187 2768 1 10 0 1.0
0 125373 2193 2530 1 1 0 1.0
0 71768 2195 1569 1 10 1 1.0
0 162167 2197 4702 1 1 1 1.0
0 115464 2197 2535 1 1 0 1.0
0 124074 2199 2688 1 1 1 1.0
0 113386 2200 2439 1 1 0 1.0
0 122418 2201 3289 1 1 1 1.0
0 60949 2202 1459 1 10 0 1.0
0 137105 2202 3496 1 10 0 1.0
0 85404 2206 2498 1 1 0 1.0
0 177381 2206 4192 1 10 1 1.0
0 94988 2206 1931 1 1 1 1.0
0 107616 2214 2959 1 1 1 1.0
0 78103 2219 2337 1 1 0 1.0
0 101138 2219 2198 1 10 1 1.0
0 101972 2220 3052 1 1 0 1.0
0 165458 2220 4373 1 1 1 1.0
0 82473 2224 2090 1 1 1 1.0
0 133157 2224 3707 1 1 1 1.0
0 157456 2233 4232 1 1 1 1.0
0 137915 2236 3967 1 1 0 1.0
0 143154 2241 3106 1 10 0 1.0
0 157474 2241 3420 1 10 0 1.0
0 139838 2248 4128 1 1 0 1.0
0 124933 2250 2584 1 10 1 1.0
0 151604 2251 3360 1 1 0 1.0
0 136985 2252 3296 1 1 0 1.0
0 82404 2255 2304 1 10 1 1.0
0 178542 2259 3640 1 10 0 1.0
0 77850 2260 1755 1 1 1 1.0
0 150118 2260 4261 1 1 1 1.0
0 125655 2265 3032 1 1 0 1.0
0 122379 2265 3241 1 1 0 1.0
0 113565 2268 2868 1 50 1 1.0
0 106443 2270 2916 1 1 1 1.0
0 105793 2273 2271 1 10 0 1.0
0 73252 2273 1658 1 10 1 1.0
0 71765 2274 1556 1 1 1 1.0
0 102327 2277 3054 1 1 1 1.0
0 165641 2279 4016 1 1 0 1.0
0 108347 2282 2713 1 1 1 1.0
0 161237 2283 3400 1 10 0 1.0
0 118881 2284 2898 1 1 1 1.0
0 90813 2285 2335 1 10 1 1.0
0 177416 2289 3558 1 50 0 1.0
0 173530 2294 3691 1 1 0 1.0
0 71010 2297 1901 1 1 0 1.0
0 164624 2298 4158 1 1 0 1.0
0 145234 2301 4347 1 10 1 1.0
0 69582 2302 1612 1 50 1 1.0
0 113249 2303 2819 1 1 1 1.0
0 60596 2306 1724 1 1 1 1.0
0 171788 2312 3459 1 1 0 1.0
0 155386 2315 3214 1 50 0 1.0
0 105209 2317 3124 1 1 1 1.0
0 159346 2321 3898 1 1 1 1.0
0 135641 2322 3122 1 1 1 1.0
0 100878 2323 2668 1 10 0 1.0
0 79542 2325 1800 1 1 1 1.0
0 96472 2325 2756 1 10 1 1.0
0 66576 2326 1971 1 10 1 1.0
0 95936 2326 2098 1 50 0 1.0
0 129530 2327 2900 1 10 1 1.0
0 101620 2331 2555 1 10 0 1.0
0 83800 2334 2461 1 10 1 1.0
0 150394 2339 3553 1 10 1 1.0
0 156439 2340 3570 1 1 0 1.0
0 97182 2342 2888 1 1 0 1.0
0 164689 2348 4321 1 1 0 1.0
0 135097 2348 2850 1 1 1 1.0
0 116318 2351 2649 1 1 0 1.0
0 77313 2351 1940 1 1 0 1.0
0 154800 2358 3438 1 10 1 1.0
0 103314 2359 2208 1 1 0 1.0
0 135283 2359 3633 1 1 0 1.0
0 89507 2361 2112 1 10 1 1.0
0 126224 2366 3414 1 1 1 1.0
0 174013 2371 3667 1 10 0 1.0
0 142601 2374 3424 1 1 1 1.0
0 104910 2376 2511 1 10 1 1.0
0 74379 2377 1704 1 1 1 1.0
0 81092 2380 2026 1 1 0 1.0
0 170500 2385 4996 1 1 1 1.0
0 101102 2386 2774 1 10 1 1.0
0 124964 2386 2967 1 1 0 1.0
0 134481 2387 2701 1 1 0 1.0
0 75601 2389 1710 1 10 1 1.0
0 129976 2390 3023 1 1 0 1.0
0 166920 2395 4074 1 50 0 1.0
0 120070 2395 3195 1 10 1 1.0
0 138558 2401 4012 1 1 1 1.0
0 173102 2402 4494 1 1 0 1.0
0 97446 2404 2223 1 1 1 1.0
0 130754 2409 3799 1 10 1 1.0
0 161624 2410 4820 1 10 1 1.0
0 130155 2412 3334 1 1 1 1.0
0 108552 2414 2276 1 1 0 1.0
0 114809 2416 2500 1 10 0 1.0
0 148381 2416 3350 1 1 1 1.0
0 77255 2416 2086 1 1 0 1.0
0 78367 2417 1657 1 10 1 1.0
0 118077 2420 2411 1 1 0 1.0
0 171040 2420 4225 1 10 1 1.0
0 133348 2420 3149 1 1 1 1.0
0 162303 2420 4253 1 1 1 1.0
0 64202 2422 1625 1 1 0 1.0
0 71436 2423 2107 1 1 0 1.0
0 175905 2425 3829 1 1 0 1.0
0 86727 2426 2226 1 1 0 1.0
0 115839 2428 2876 1 50 0 1.0
0 72731 2430 1746 1 1 0 1.0
0 151067 2432 3058 1 10 1 1.0
0 131972 2432 2918 1 10 0 1.0
0 75839 2432 2179 1 1 1 1.0
0 113166 2434 2833 1 50 0 1.0
0 171246 2435 4458 1 10 0 1.0
0 115782 2438 2403 1 1 0 1.0
0 153357 2439 3498 1 1 1 1.0
0 96035 2442 1951 1 10 0 1.0
0 173250 2445 5137 1 10 0 1.0
0 81151 2447 2184 1 1 0 1.0
0 121759 2450 3322 1 1 1 1.0
0 87308 2454 2388 1 1 1 1.0
0 106401 2455 2666 1 1 1 1.0
0 169376 2456 5008 1 1 0 1.0
0 77790 2459 1777 1 50 0 1.0
0 170323 2461 4135 1 10 0 1.0
0 144065 2461 3982 1 1 0 1.0
0 162496 2465 3294 1 1 1 1.0
0 173253 2466 4773 1 1 0 1.0
0 93540 2486 2071 1 1 1 1.0
0 168062 2489 4405 1 10 0 1.0
0 117801 2491 2909 1 10 1 1.0
0 125006 2491 3464 1 10 1 1.0
0 171398 2491 4498 1 10 1 1.0
0 156444 2495 4399 1 1 1 1.0
0 86085 2496 2091 1 1 0 1.0
0 99397 2497 2885 1 10 1 1.0
0 167011 2499 4602 1 1 0 1.0
0 81515 2505 1769 1 10 1 1.0
0 120453 2505 2602 1 10 1 1.0
0 76957 2507 2149 1 10 1 1.0
0 155959 2507 3707 1 1 0 1.0
0 157142 2509 3388 1 1 0 1.0
0 179238 2510 4654 1 1 1 1.0
0 94802 2512 2171 1 1 0 1.0
0 156215 2512 3798 1 10 1 1.0
0 135375 2512 3555 1 1 0 1.0
0 116495 2514 3165 1 1 1 1.0
0 161272 2515 4265 1 1 0 1.0
0 66428 2517 1599 1 1 0 1.0
0 80841 2521 2221 1 1 1 1.0
0 80529 2522 1735 1 10 1 1.0
0 89351 2522 1938 1 10 0 1.0
0 163667 2524 3771 1 10 0 1.0
0 152035 2533 3212 1 1 0 1.0
0 67307 2534 1411 1 10 1 1.0
0 122322 2535 3381 1 1 0 1.0
0 109172 2538 2880 1 1 0 1.0
0 73548 2539 1770 1 1 0 1.0
0 129744 2541 3540 1 1 1 1.0
0 108539 2545 2830 1 1 0 1.0
0 179927 2545 4275 1 50 1 1.0
0 131714 2545 3708 1 1 1 1.0
0 82304 2546 2427 1 1 1 1.0
0 162901 2547 4419 1 1 0 1.0
0 72077 2553 1619 1 1 1 1.0
0 152297 2554 3080 1 1 0 1.0
0 86685 2554 2238 1 10 1 1.0
0 109622 2555 2248 1 1 1 1.0
0 167649 2558 3524 1 1 0 1.0
0 114723 2562 2875 1 10 1 1.0
0 175090 2562 4034 1 1 1 1.0
0 154005 2565 3270 1 50 1 1.0
0 178496 2567 5049 1 10 1 1.0
0 131342 2568 2993 1 1 0 1.0
0 65615 2571 1664 1 50 1 1.0
0 69210 2572 1428 1 1 0 1.0
0 145456 2575 3547 1 1 0 1.0
0 172415 2576 3932 1 1 1 1.0
0 174735 2576 4336 1 1 1 1.0
0 179369 2576 5046 1 1 1 1.0
0 79917 2577 1993 1 10 0 1.0
0 92281 2577 2451 1 1 0 1.0
0 136106 2579 3004 1 10 1 1.0
0 75320 2579 1898 1 50 0 1.0
0 76435 2582 2057 1 10 0 1.0
0 76460 2582 2102 1 1 1 1.0
0 167686 2585 3617 1 10 0 1.0
0 129116 2587 3210 1 1 1 1.0
0 116021 2589 3001 1 1 0 1.0
0 155986 2591 4064 1 10 0 1.0
0 155282 2591 4483 1 10 1 1.0
0 126888 2592 3296 1 50 0 1.0
0 174067 2594 4546 1 50 1 1.0
0 108129 2600 2910 1 1 0 1.0
0 117277 2601 2862 1 1 1 1.0
0 78583 2602 1766 1 1 0 1.0
0 99698 2603 2288 1 10 0 1.0
0 154052 2605 3264 1 1 1 1.0
0 114751 2609 3427 1 1 1 1.0
0 155349 2611 3480 1 1 0 1.0
0 63597 2615 1818 1 1 0 1.0
0 163779 2619 4213 1 1 0 1.0
0 161590 2621 3906 1 1 1 1.0
0 96757 2621 2404 1 10 1 1.0
0 139023 2627 3493 1 1 1 1.0
0 132812 2629 2846 1 1 1 1.0
0 173622 2634 4020 1 50 0 1.0
0 158691 2635 3473 1 1 1 1.0
0 133300 2635 3098 1 1 0 1.0
0 164997 2636 3456 1 1 0 1.0
0 110540 2637 3132 1 10 1 1.0
0 162090 2638 4762 1 50 0 1.0
0 121037 2639 3491 1 1 0 1.0
0 142978 2640 3309 1 1 1 1.0
0 160916 2641 4462 1 1 1 1.0
0 168485 2642 5031 1 10 0 1.0
0 114214 2643 2796 1 10 1 1.0
0 151654 2647 3704 1 1 1 1.0
0 178425 2659 4922 1 1 1 1.0
0 118838 2662 2687 1 1 0 1.0
0 79794 2668 2044 1 1 0 1.0
0 140194 2671 3430 1 1 1 1.0
0 146411 2675 3484 1 1 0 1.0
0 142310 2678 3397 1 10 0 1.0
0 178691 2679 3940 1 50 0 1.0
0 155323 2682 3524 1 1 0 1.0
0 148204 2683 3975 1 1 1 1.0
0 103695 2684 2170 1 50 1 1.0
0 178793 2684 5265 1 10 1 1.0
0 165545 2688 4448 1 50 0 1.0
0 178495 2693 5114 1 10 0 1.0
0 139488 2693 3712 1 1 0 1.0
0 85494 2696 2540 1 1 0 1.0
0 162905 2698 3315 1 1 0 1.0
0 145748 2705 3478 1 1 1 1.0
0 115987 2706 2823 1 50 0 1.0
0 162667 2706 3666 1 10 0 1.0
0 81095 2707 2010 1 1 1 1.0
0 137761 2710 3748 1 10 1 1.0
0 175023 2712 4875 1 1 1 1.0
0 85361 2712 2261 1 1 1 1.0
0 66123 2715 1418 1 1 1 1.0
0 109315 2715 2527 1 1 1 1.0
0 162914 2717 3479 1 10 0 1.0
0 125733 2719 3656 1 10 0 1.0
0 102446 2719 2587 1 1 0 1.0
0 106113 2736 3115 1 1 1 1.0
0 155158 2737 3314 1 1 1 1.0
0 61255 2737 1725 1 1 0 1.0
0 99763 2744 2704 1 1 0 1.0
0 83378 2745 2279 1 1 0 1.0
0 75846 2747 2084 1 1 0 1.0
0 149214 2751 3870 1 10 0 1.0
0 163358 2752 4371 1 1 1 1.0
0 74406 2753 2036 1 1 0 1.0
0 132251 2756 3084 1 1 0 1.0
0 154247 2756 3558 1 1 0 1.0
0 69005 2759 1488 1 1 0 1.0
0 105954 2762 2367 1 10 1 1.0
0 119267 2768 3406 1 1 0 1.0
0 166484 2770 4488 1 1 1 1.0
0 133986 2773 3043 1 1 0 1.0
0 92009 2777 2407 1 10 0 1.0
0 94891 2787 1914 1 1 0 1.0
0 141119 2798 3026 1 10 0 1.0
0 74513 2799 2025 1 1 1 1.0
0 92924 2802 1958 1 10 1 1.0
0 171380 2811 4479 1 1 0 1.0
0 175411 2812 5099 1 1 1 1.0
0 102742 2813 3013 1 10 1 1.0
0 151067 2813 4315 1 10 0 1.0
0 74987 2815 1526 1 1 0 1.0
0 157389 2816 3170 1 1 1 1.0
0 125685 2816 3740 1 50 1 1.0
0 120785 2817 2826 1 1 0 1.0
0 60812 2820 1400 1 1 0 1.0
0 156766 2824 3877 1 10 0 1.0
0 83207 2826 1792 1 50 0 1.0
0 153036 2828 3909 1 1 0 1.0
0 137229 2830 3030 1 1 1 1.0
0 168604 2830 5013 1 1 1 1.0
0 90523 2836 1857 1 1 1 1.0
0 137050 2839 3031 1 1 1 1.0
0 85816 2841 2034 1 1 1 1.0
0 107665 2843 3138 1 1 1 1.0
0 69736 2844 1545 1 1 0 1.0
0 66557 2846 1917 1 10 1 1.0
0 99960 2847 2965 1 1 0 1.0
0 107708 2848 2196 1 1 1 1.0
0 83626 2850 1760 1 50 0 1.0
0 131833 2850 3243 1 1 1 1.0
0 144141 2850 3475 1 10 0 1.0
0 133550 2850 3060 1 10 0 1.0
0 138730 2852 2940 1 1 1 1.0
0 80242 2856 2395 1 1 0 1.0
0 62339 2857 1652 1 1 0 1.0
0 137690 2858 3927 1 10 1 1.0
0 86406 2864 1967 1 1 1 1.0
0 69102 2865 1739 1 1 1 1.0
0 130163 2865 3888 1 1 1 1.0
0 176893 2866 5255 1 1 0 1.0
0 114532 2871 2294 1 1 1 1.0
0 175434 2871 5256 1 1 1 1.0
0 75118 2873 2143 1 10 1 1.0
0 119111 2878 2827 1 50 1 1.0
0 98864 2878 2532 1 1 0 1.0
0 81264 2880 2012 1 10 0 1.0
0 117473 2880 3321 1 10 1 1.0
0 129252 2882 3609 1 1 0 1.0
0 179764 2884 4246 1 10 1 1.0
0 136073 2886 4072 1 1 0 1.0
0 74745 2890 1890 1 1 0 1.0
0 173187 2891 3532 1 10 1 1.0
0 71950 2899 2135 1 1 1 1.0
0 160886 2900 3967 1 1 1 1.0
0 73157 2903 1790 1 50 1 1.0
0 144891 2903 2950 1 10 0 1.0
0 151397 2907 3362 1 10 0 1.0
0 156660 2909 3720 1 50 1 1.0
0 130462 2917 3549 1 1 1 1.0
0 169035 2917 4203 1 50 1 1.0
0 108929 2919 2186 1 10 1 1.0
0 113499 2919 2897 1 1 1 1.0
0 86356 2921 2355 1 1 1 1.0
0 64485 2924 1487 1 50 1 1.0
0 141216 2927 3512 1 1 0 1.0
0 177779 2928 3880 1 1 1 1.0
0 86670 2929 2072 1 1 1 1.0
0 86261 2932 2248 1 10 1 1.0
0 114292 2937 3051 1 1 0 1.0
0 62589 2942 1277 1 10 0 1.0
0 60757 2946 1453 1 1 0 1.0
0 163628 2948 4819 1 1 0 1.0
0 116386 2951 2711 1 10 0 1.0
0 68882 2956 1512 1 10 0 1.0
0 127578 2958 2869 1 10 0 1.0
0 170939 2960 3971 1 50 1 1.0
0 83591 2962 2460 1 1 1 1.0
0 134563 2973 3039 1 10 1 1.0
0 137255 2980 2935 1 50 1 1.0
0 161884 2981 3895 1 1 0 1.0
0 133056 2990 2870 1 1 0 1.0
0 118849 2991 2632 1 1 0 1.0
0 179922 3000 3984 1 1 0 1.0
0 134699 3001 3743 1 1 1 1.0
0 64738 3002 1677 1 1 0 1.0
0 111253 3002 3278 1 50 0 1.0
0 176992 3004 4234 1 50 1 1.0
0 157843 3005 4696 1 1 1 1.0
0 153847 3005 3956 1 1 1 1.0
0 144281 3008 3446 1 10 1 1.0
0 117468 3009 2350 1 10 1 1.0
0 156370 3009 4608 1 10 0 1.0
0 124470 3009 3207 1 1 1 1.0
0 146698 3014 3721 1 1 0 1.0
0 105749 3015 2830 1 10 1 1.0
0 77959 3020 1720 1 1 0 1.0
0 73732 3021 2055 1 50 0 1.0
0 145921 3023 3560 1 1 0 1.0
0 135621 3026 3961 1 1 0 1.0
0 89394 3026 2087 1 1 1 1.0
0 67182 3027 1533 1 1 1 1.0
0 163925 3033 3941 1 50 1 1.0
0 155434 3033 3287 1 1 1 1.0
0 144960 3035 3893 1 10 0 1.0
0 94949 3037 2635 1 1 1 1.0
0 85944 3038 1948 1 10 0 1.0
0 94658 3041 2600 1 1 0 1.0
0 121878 3042 2799 1 10 1 1.0
0 92116 3043 2684 1 1 1 1.0
0 65881 3045 1964 1 1 1 1.0
0 172513 3054 4735 1 1 0 1.0
0 129908 3058 2734 1 10 0 1.0
0 94330 3058 2095 1 1 1 1.0
0 72382 3063 1773 1 10 1 1.0
0 172593 3063 4212 1 1 0 1.0
0 106915 3064 2521 1 1 1 1.0
0 147806 3067 4345 1 1 0 1.0
0 179962 3067 3599 1 50 1 1.0
0 176897 3067 4018 1 1 1 1.0
0 131814 3068 3055 1 10 0 1.0
0 155601 3069 4582 1 1 0 1.0
0 129341 3069 2748 1 1 0 1.0
0 109418 3074 2265 1 1 1 1.0
0 85845 3075 2422 1 1 0 1.0
0 94720 3076 2646 1 10 1 1.0
0 144328 3079 3158 1 10 0 1.0
0 131087 3083 3400 1 1 0 1.0
0 140615 3085 2958 1 10 0 1.0
0 71950 3092 1897 1 1 0 1.0
0 94677 3093 2699 1 10 1 1.0
0 114293 3099 2802 1 10 1 1.0
0 153860 3101 4384 1 1 1 1.0
0 113386 3104 2954 1 50 0 1.0
0 145663 3104 3489 1 10 0 1.0
0 74092 3106 2136 1 50 0 1.0
0 158466 3106 3700 1 10 1 1.0
0 68302 3106 2036 1 1 0 1.0
0 116971 3109 3364 1 1 0 1.0
0 102975 3109 2955 1 10 1 1.0
0 111643 3113 3208 1 1 0 1.0
0 99660 3115 2854 1 10 0 1.0
0 122086 3118 3128 1 10 1 1.0
0 98739 3125 2201 1 1 1 1.0
0 63634 3125 1363 1 50 1 1.0
0 82417 3128 2270 1 1 1 1.0
0 170180 3133 3798 1 1 0 1.0
0 157960 3135 4392 1 1 1 1.0
0 156817 3146 4249 1 10 1 1.0
0 60435 3146 1672 1 1 1 1.0
0 152614 3148 3768 1 1 1 1.0
0 122644 3150 2779 1 1 0 1.0
0 76309 3151 2183 1 1 0 1.0
0 138588 3155 4063 1 1 1 1.0
0 108937 3155 2903 1 50 1 1.0
0 175053 3157 4865 1 10 1 1.0
0 114396 3159 2991 1 1 1 1.0
0 176978 3161 3919 1 1 0 1.0
0 169600 3165 4880 1 1 1 1.0
0 77477 3167 2279 1 1 1 1.0
0 104209 3169 3022 1 1 1 1.0
0 64948 3170 1492 1 1 0 1.0
0 113500 3178 2395 1 10 1 1.0
0 66225 3183 1902 1 1 1 1.0
0 87590 3184 1985 1 1 0 1.0
0 91313 3184 2214 1 10 1 1.0
0 138405 3186 2891 1 10 1 1.0
0 152290 3187 4538 1 10 0 1.0
0 97926 3196 2263 1 1 1 1.0
0 140677 3201 3166 1 10 1 1.0
0 108296 3202 2784 1 1 0 1.0
0 102924 3206 3081 1 1 1 1.0
0 159776 3207 3896 1 10 1 1.0
0 80857 3207 1630 1 10 1 1.0
0 149398 3209 3127 1 10 0 1.0
0 175171 3214 4893 1 1 0 1.0
0 168421 3219 4548 1 1 0 1.0
0 100020 3223 2628 1 1 1 1.0
0 89488 3224 2389 1 10 1 1.0
0 90185 3227 2681 1 1 0 1.0
0 85278 3232 1906 1 1 0 1.0
0 82431 3235 1769 1 1 0 1.0
0 154882 3238 3788 1 1 0 1.0
0 141921 3242 3414 1 1 0 1.0
0 178326 3242 3927 1 1 0 1.0
0 64354 3245 1837 1 10 1 1.0
0 73846 3248 1749 1 1 0 1.0
0 122536 3255 2597 1 50 1 1.0
0 64193 3255 1764 1 50 1 1.0
0 127259 3257 3607 1 1 0 1.0
0 126882 3265 3318 1 10 1 1.0
0 62493 3265 1598 1 1 0 1.0
0 116774 3266 2511 1 10 0 1.0
0 162754 3266 4432 1 50 1 1.0
0 95515 3268 2652 1 1 0 1.0
0 106175 3271 2876 1 1 0 1.0
0 94172 3272 2187 1 1 1 1.0
0 113910 3281 3020 1 1 1 1.0
0 98065 3281 2565 1 1 0 1.0
0 168942 3281 3847 1 1 0 1.0
0 164495 3283 3934 1 1 1 1.0
0 92805 3285 2103 1 10 1 1.0
0 114586 3287 2757 1 1 0 1.0
0 131214 3289 3134 1 10 0 1.0
0 138006 3295 3274 1 10 1 1.0
0 132864 3295 3364 1 1 0 1.0
0 68213 3298 2024 1 10 1 1.0
0 60098 3299 1699 1 10 0 1.0
0 146059 3301 4039 1 10 0 1.0
0 121115 3305 3050 1 10 0 1.0
0 73538 3308 1509 1 1 1 1.0
0 142505 3309 3928 1 50 1 1.0
0 172805 3312 4197 1 1 1 1.0
0 156062 3312 4529 1 10 1 1.0
0 135726 3313 3957 1 1 1 1.0
0 150825 3314 4270 1 1 0 1.0
0 148466 3315 3794 1 1 0 1.0
0 64759 3316 1480 1 1 0 1.0
0 94983 3316 2621 1 1 0 1.0
0 166513 3319 3971 1 1 0 1.0
0 90842 3321 2628 1 1 0 1.0
0 77366 3323 2117 1 1 0 1.0
0 75591 3324 1641 1 10 1 1.0
0 162001 3324 4560 1 50 1 1.0
0 65598 3330 1533 1 1 0 1.0
0 123947 3331 2921 1 1 0 1.0
0 143116 3331 2946 1 10 0 1.0
0 146656 3332 3099 1 10 1 1.0
0 143698 3333 4114 1 50 0 1.0
0 108268 3338 2589 1 1 1 1.0
0 137718 3341 3587 1 1 0 1.0
0 96430 3343 2648 1 1 0 1.0
0 60285 3343 1579 1 1 0 1.0
0 118467 3346 2668 1 10 0 1.0
0 139437 3346 3632 1 1 0 1.0
0 120216 3348 3532 1 10 1 1.0
0 178864 3349 4666 1 1 0 1.0
0 65508 3349 1817 1 1 1 1.0
0 101376 3352 2030 1 1 1 1.0
0 150555 3359 4119 1 10 0 1.0
0 138055 3360 3984 1 1 1 1.0
0 116342 3364 2391 1 1 1 1.0
0 89446 3365 1855 1 1 1 1.0
0 172345 3367 3564 1 1 0 1.0
0 82013 3369 2049 1 1 1 1.0
0 127753 3370 2919 1 10 0 1.0
0 112259 3373 3333 1 1 1 1.0
0 154973 3375 4150 1 1 0 1.0
0 134280 3379 3374 1 1 0 1.0
0 139894 3394 3731 1 10 0 1.0
0 118291 3394 2818 1 10 0 1.0
0 97243 3395 2009 1 10 0 1.0
0 71883 3397 1550 1 50 1 1.0
0 107421 3400 2555 1 1 0 1.0
0 89773 3404 2213 1 10 1 1.0
0 170181 3404 4877 1 10 0 1.0
0 127322 3406 2560 1 1 1 1.0
0 142296 3407 3454 1 1 1 1.0
0 101202 3411 3020 1 1 1 1.0
0 179744 3412 3678 1 10 0 1.0
0 136158 3415 2790 1 1 0 1.0
0 90400 3418 2421 1 1 1 1.0
0 146837 3418 3962 1 50 0 1.0
0 99080 3419 2961 1 1 0 1.0
0 76584 3419 1783 1 1 1 1.0
0 171381 3422 4199 1 1 1 1.0
0 148628 3427 3154 1 50 0 1.0
0 64204 3429 1483 1 10 0 1.0
0 177914 3429 4391 1 1 1 1.0
0 147065 3431 3762 1 10 1 1.0
0 73796 3434 1576 1 1 0 1.0
0 99629 3434 2850 1 1 1 1.0
0 116822 3436 2525 1 10 0 1.0
0 176780 3436 5089 1 50 0 1.0
0 129162 3437 3184 1 10 1 1.0
0 67065 3440 1672 1 1 1 1.0
0 81767 3442 1704 1 1 1 1.0
0 157893 3443 3818 1 50 0 1.0
0 63694 3448 1581 1 10 1 1.0
0 125803 3454 2861 1 10 1 1.0
0 92395 3458 2063 1 1 0 1.0
0 113748 3460 3224 1 50 0 1.0
0 157915 3463 4196 1 10 1 1.0
0 108148 3472 2229 1 10 0 1.0
0 99789 3473 2404 1 1 0 1.0
0 171441 3473 4496 1 10 0 1.0
0 178595 3474 4984 1 1 1 1.0
0 63126 3476 1630 1 1 0 1.0
0 125513 3476 2796 1 1 1 1.0
0 76803 3478 1731 1 1 0 1.0
0 71792 3478 2021 1 1 0 1.0
0 68473 3481 1424 1 10 0 1.0
0 155295 3482 3572 1 10 1 1.0
0 141931 3482 4129 1 10 1 1.0
0 93179 3484 2350 1 1 0 1.0
0 113731 3485 2275 1 1 1 1.0
0 92737 3486 2181 1 1 0 1.0
0 69348 3489 2013 1 50 0 1.0
0 174820 3490 4329 1 1 0 1.0
0 102550 3495 2888 1 50 0 1.0
0 91237 3496 2587 1 1 1 1.0
0 96863 3500 2426 1 1 0 1.0
0 141499 3503 3686 1 1 1 1.0
0 144146 3503 3168 1 1 1 1.0
0 129182 3505 3126 1 1 1 1.0
0 164992 3505 3552 1 1 0 1.0
0 141215 3508 3958 1 1 1 1.0
0 127747 3512 3766 1 50 0 1.0
0 70555 3512 2010 1 10 0 1.0
0 175471 3514 4474 1 1 1 1.0
0 65903 3517 1885 1 10 0 1.0
0 113495 3517 2807 1 10 1 1.0
0 98068 3521 2189 1 10 0 1.0
0 129047 3521 3386 1 1 0 1.0
0 75380 3526 1875 1 1 1 1.0
0 156409 3527 4250 1 1 0 1.0
0 173418 3527 4557 1 1 0 1.0
0 60197 3530 1757 1 1 0 1.0
0 84601 3533 2472 1 10 1 1.0
0 117912 3535 2740 1 1 0 1.0
0 101566 3537 2225 1 10 1 1.0
0 77022 3544 1794 1 10 0 1.0
0 78757 3549 2061 1 1 1 1.0
0 163630 3552 3404 1 1 1 1.0
0 83155 3555 2016 1 10 0 1.0
0 151907 3556 3920 1 1 0 1.0
0 88124 3556 2353 1 1 0 1.0
0 66964 3561 1870 1 1 1 1.0
0 102203 3562 2855 1 10 0 1.0
0 123233 3564 2564 1 1 1 1.0
0 72295 3565 1604 1 1 1 1.0
0 107594 3565 2542 1 10 1 1.0
0 172500 3567 4460 1 10 1 1.0
0 72904 3568 1520 1 50 1 1.0
0 98164 3568 2433 1 10 1 1.0
0 80270 3572 1923 1 1 1 1.0
0 151745 3572 4131 1 1 0 1.0
0 147493 3573 3191 1 1 0 1.0
0 84300 3573 2015 1 1 0 1.0
0 116132 3574 2664 1 1 0 1.0
0 91238 3577 1888 1 10 0 1.0
0 172118 3577 4648 1 10 0 1.0
0 157096 3582 3372 1 1 1 1.0
0 174457 3585 4935 1 1 0 1.0
0 104942 3587 2356 1 1 1 1.0
0 102327 3589 2658 1 1 1 1.0
0 114753 3591 2881 1 10 0 1.0
0 65007 3593 1317 1 50 1 1.0
0 125285 3594 3373 1 10 0 1.0
0 63624 3597 1443 1 1 0 1.0
