1500
1 89926 0 2480 1 10 0 1.0
1 147666 2 3932 1 50 0 1.0
1 102991 2 2410 1 1 0 1.0
1 153239 3 3797 1 1 1 1.0
1 145703 4 3906 1 1 0 1.0
1 88919 5 2553 1 1 0 1.0
1 151183 8 4222 1 50 1 1.0
1 76504 9 1673 1 1 1 1.0
1 118851 15 3053 1 1 0 1.0
1 61869 17 1551 1 10 1 1.0
1 114196 18 2527 1 1 1 1.0
1 121195 25 2634 1 1 1 1.0
1 174019 29 4661 1 1 0 1.0
1 99805 30 2938 1 1 0 1.0
1 132376 31 3119 1 50 1 1.0
1 108860 31 3156 1 10 0 1.0
1 90502 32 2530 1 1 1 1.0
1 64902 34 1325 1 10 1 1.0
1 94723 34 1964 1 1 1 1.0
1 149929 37 3205 1 10 1 1.0
1 142865 44 3065 1 10 1 1.0
1 127535 51 3082 1 1 0 1.0
1 123864 52 2637 1 1 1 1.0
1 117124 53 2432 1 1 0 1.0
1 88893 65 2460 1 1 0 1.0
1 173841 65 4608 1 1 0 1.0
1 93287 65 2721 1 1 1 1.0
1 145717 66 3792 1 50 1 1.0
1 160279 72 3627 1 1 1 1.0
1 120236 73 2835 1 1 0 1.0
1 130263 74 3577 1 1 0 1.0
1 177650 76 5278 1 1 0 1.0
1 131418 78 3382 1 10 1 1.0
1 162863 81 3885 1 50 0 1.0
1 143380 81 2995 1 1 1 1.0
1 83403 83 2314 1 1 0 1.0
1 144099 84 2947 1 1 1 1.0
1 86781 88 2199 1 1 1 1.0
1 172710 88 4905 1 10 1 1.0
1 113101 90 2960 1 1 1 1.0
1 84154 93 2443 1 1 1 1.0
1 100522 97 2802 1 10 1 1.0
1 133731 101 4001 1 1 0 1.0
1 86526 103 2430 1 1 0 1.0
1 177073 109 3741 1 50 0 1.0
1 85694 111 1814 1 1 0 1.0
1 171355 112 4715 1 1 1 1.0
1 155902 114 3187 1 1 1 1.0
1 67600 115 1932 1 1 1 1.0
1 171451 117 3932 1 10 0 1.0
1 148557 119 4086 1 1 0 1.0
1 88212 121 2107 1 1 0 1.0
1 165175 122 4679 1 10 1 1.0
1 86416 131 1831 1 1 0 1.0
1 164242 133 4503 1 10 0 1.0
1 98195 134 2591 1 10 1 1.0
1 113370 137 2358 1 1 0 1.0
1 103588 139 2141 1 1 1 1.0
1 167707 140 3855 1 1 0 1.0
1 159678 144 3548 1 10 0 1.0
1 123481 151 3105 1 1 0 1.0
1 74944 158 1570 1 1 1 1.0
1 109607 158 2770 1 1 0 1.0
1 60885 161 1593 1 1 0 1.0
1 134027 166 2747 1 1 0 1.0
1 167736 168 3704 1 1 1 1.0
1 167613 170 4075 1 10 0 1.0
1 109522 170 2486 1 1 1 1.0
1 148464 188 3157 1 10 1 1.0
1 179406 188 3957 1 1 0 1.0
1 125259 188 3035 1 1 1 1.0
1 157980 190 4265 1 1 0 1.0
1 126673 195 3182 1 10 0 1.0
1 90896 198 2151 1 50 1 1.0
1 92752 200 2649 1 1 0 1.0
1 179929 202 4037 1 10 0 1.0
1 85910 206 2486 1 1 0 1.0
1 179272 210 5057 1 50 0 1.0
1 81450 212 2265 1 1 0 1.0
1 140741 215 2931 1 1 1 1.0
1 79589 219 2175 1 1 1 1.0
1 133515 220 2757 1 1 1 1.0
1 152110 221 4479 1 10 0 1.0
1 69195 224 1841 1 10 0 1.0
1 171454 225 4246 1 1 1 1.0
1 102296 225 2074 1 50 1 1.0
1 70561 226 1624 1 1 1 1.0
1 93571 228 1941 1 1 0 1.0
1 73289 230 1575 1 10 0 1.0
1 82437 230 2359 1 10 0 1.0
1 81007 231 2041 1 1 0 1.0
1 130049 233 3240 1 1 1 1.0
1 130114 233 3231 1 1 0 1.0
1 136234 237 3718 1 10 0 1.0
1 87440 239 2446 1 1 1 1.0
1 138150 239 3395 1 1 1 1.0
1 160387 243 3287 1 1 0 1.0
1 91328 252 1966 1 10 0 1.0
1 95584 252 2069 1 1 0 1.0
1 107572 255 3057 1 10 1 1.0
1 115682 256 3337 1 10 0 1.0
1 126418 258 3037 1 10 1 1.0
1 151632 263 3713 1 10 0 1.0
1 90171 265 1834 1 1 1 1.0
1 165522 278 4181 1 1 0 1.0
1 66643 287 1874 1 1 0 1.0
1 149639 288 4455 1 1 0 1.0
1 78427 288 1577 1 1 0 1.0
1 109451 298 2787 1 10 1 1.0
1 165677 298 3880 1 10 0 1.0
1 104098 301 2429 1 1 1 1.0
1 97751 310 2049 1 10 0 1.0
1 172889 312 3610 1 1 1 1.0
1 134769 313 3958 1 1 1 1.0
1 66550 316 1734 1 1 1 1.0
1 139178 317 4066 1 1 0 1.0
1 113473 317 2326 1 10 1 1.0
1 61841 322 1663 1 10 1 1.0
1 64244 326 1733 1 10 0 1.0
1 103738 327 2802 1 10 0 1.0
1 83521 328 1973 1 1 0 1.0
1 166624 329 4141 1 1 0 1.0
1 63603 331 1465 1 1 1 1.0
1 109163 332 2882 1 1 1 1.0
1 127655 353 2901 1 50 0 1.0
1 61451 362 1483 1 10 1 1.0
1 62612 363 1344 1 1 0 1.0
1 137428 364 3410 1 1 0 1.0
1 174117 365 3942 1 10 1 1.0
1 76766 366 2254 1 10 1 1.0
1 112089 372 2253 1 10 0 1.0
1 152017 375 3741 1 10 1 1.0
1 147502 375 3269 1 10 0 1.0
1 166447 379 4193 1 10 1 1.0
1 127637 381 3451 1 1 1 1.0
1 163700 390 3637 1 10 0 1.0
1 111063 391 3230 1 1 0 1.0
1 153468 393 3837 1 1 0 1.0
1 86733 397 2453 1 10 0 1.0
1 139123 398 3235 1 1 1 1.0
1 77392 398 2076 1 10 1 1.0
1 168274 401 3441 1 1 1 1.0
1 134888 406 3157 1 50 1 1.0
1 131928 409 2726 1 1 1 1.0
1 75908 413 1899 1 10 1 1.0
1 160511 415 3732 1 1 0 1.0
1 131944 418 2646 1 1 1 1.0
1 171234 418 3981 1 10 0 1.0
1 166398 420 4483 1 1 0 1.0
1 60846 425 1390 1 1 0 1.0
1 82966 430 1674 1 1 0 1.0
1 155177 435 4431 1 1 0 1.0
1 117176 436 3383 1 1 1 1.0
1 175969 441 3878 1 1 0 1.0
1 165576 442 3763 1 10 1 1.0
1 63401 444 1729 1 1 1 1.0
1 120158 447 2878 1 1 0 1.0
1 156632 455 3438 1 10 0 1.0
1 105998 458 2265 1 10 1 1.0
1 129969 462 3172 1 1 1 1.0
1 134305 463 3890 1 1 1 1.0
1 128649 466 3829 1 1 0 1.0
1 170004 467 5057 1 1 1 1.0
1 163663 472 4003 1 50 0 1.0
1 62199 474 1461 1 10 0 1.0
1 131634 475 2768 1 10 1 1.0
1 66252 476 1959 1 10 1 1.0
1 141500 485 3814 1 10 0 1.0
1 124497 489 3199 1 1 0 1.0
1 105388 489 2572 1 10 1 1.0
1 161989 493 3343 1 10 0 1.0
1 177107 494 4532 1 10 0 1.0
1 93471 499 2144 1 1 0 1.0
1 156430 500 3640 1 1 0 1.0
1 79129 503 1928 1 1 0 1.0
1 162679 506 4211 1 1 0 1.0
1 123126 508 3150 1 1 0 1.0
1 104097 508 2191 1 10 1 1.0
1 92468 509 2654 1 50 0 1.0
1 124787 519 2512 1 1 1 1.0
1 154798 521 4397 1 10 0 1.0
1 98721 522 2066 1 1 0 1.0
1 128465 522 2925 1 10 0 1.0
1 91194 528 2669 1 1 0 1.0
1 73271 530 1469 1 1 1 1.0
1 84873 533 2478 1 1 0 1.0
1 85306 537 1930 1 10 1 1.0
1 87066 537 1958 1 1 0 1.0
1 156672 540 4699 1 1 0 1.0
1 172486 540 4382 1 1 0 1.0
1 123001 543 2906 1 1 1 1.0
1 156816 543 3845 1 10 1 1.0
1 135725 547 3392 1 50 0 1.0
1 160462 549 3850 1 1 1 1.0
1 177512 550 3961 1 1 1 1.0
1 120105 553 3464 1 50 0 1.0
1 99949 553 2578 1 1 1 1.0
1 136258 555 3993 1 1 0 1.0
1 140498 559 4027 1 10 1 1.0
1 139786 562 3954 1 1 1 1.0
1 179237 572 4659 1 1 0 1.0
1 179141 573 4747 1 10 0 1.0
1 122097 582 3659 1 10 1 1.0
1 112232 586 2332 1 1 1 1.0
1 117298 590 2678 1 1 1 1.0
1 81327 592 2184 1 10 1 1.0
1 170425 594 4180 1 10 0 1.0
1 127595 597 2603 1 1 0 1.0
1 89694 598 2631 1 1 0 1.0
1 98034 599 2491 1 1 0 1.0
1 116744 602 3494 1 10 0 1.0
1 162676 604 4728 1 10 0 1.0
1 100717 606 2142 1 1 0 1.0
1 169819 612 4403 1 1 1 1.0
1 164113 613 4141 1 10 0 1.0
1 169527 615 4891 1 1 1 1.0
1 128402 618 3403 1 10 1 1.0
1 72949 619 2054 1 50 0 1.0
1 117099 622 3353 1 1 1 1.0
1 155160 623 3351 1 1 0 1.0
1 94214 630 2023 1 1 1 1.0
1 87226 631 1920 1 10 1 1.0
1 167312 633 4242 1 10 0 1.0
1 86940 634 2461 1 1 0 1.0
1 144907 637 3977 1 1 0 1.0
1 124626 637 2893 1 10 0 1.0
1 63707 640 1382 1 10 1 1.0
1 155231 643 3222 1 1 1 1.0
1 113000 644 2870 1 10 1 1.0
1 144852 645 3520 1 1 1 1.0
1 67274 653 1929 1 1 1 1.0
1 133953 663 3281 1 10 0 1.0
1 147810 669 3082 1 10 1 1.0
1 122212 671 3383 1 10 1 1.0
1 89911 676 2660 1 1 0 1.0
1 126207 676 2535 1 10 1 1.0
1 62452 684 1386 1 10 1 1.0
1 147103 689 3765 1 1 1 1.0
1 80464 691 2366 1 1 0 1.0
1 167380 691 4645 1 10 1 1.0
1 134125 693 3754 1 50 1 1.0
1 130381 698 3814 1 1 1 1.0
1 73532 703 1698 1 1 1 1.0
1 123112 705 3094 1 1 0 1.0
1 67297 714 1906 1 1 0 1.0
1 128195 717 2826 1 1 0 1.0
1 81929 718 1662 1 1 0 1.0
1 109407 722 2654 1 1 0 1.0
1 107595 724 2978 1 1 0 1.0
1 172977 725 4941 1 1 1 1.0
1 81202 726 2117 1 1 0 1.0
1 123528 729 2885 1 10 0 1.0
1 78454 732 1989 1 1 0 1.0
1 129873 734 3322 1 1 1 1.0
1 67268 737 1654 1 1 1 1.0
1 85594 737 2266 1 1 1 1.0
1 75650 739 2192 1 1 1 1.0
1 130754 739 3187 1 10 0 1.0
1 97395 742 2253 1 1 1 1.0
1 71608 742 1848 1 10 0 1.0
1 107923 745 2167 1 50 0 1.0
1 68290 750 1816 1 50 1 1.0
1 140670 752 3645 1 1 1 1.0
1 106305 752 2754 1 1 1 1.0
1 142871 755 3922 1 50 1 1.0
1 158073 762 4510 1 50 0 1.0
1 70116 764 1694 1 50 1 1.0
1 159006 767 3684 1 1 1 1.0
1 96534 769 2631 1 10 1 1.0
1 125440 777 3174 1 50 1 1.0
1 89629 778 2325 1 1 0 1.0
1 129715 779 3292 1 50 0 1.0
1 152365 780 3113 1 1 0 1.0
1 79191 782 2360 1 10 1 1.0
1 177034 783 3828 1 10 0 1.0
1 75877 785 2104 1 10 0 1.0
1 142026 786 3838 1 1 0 1.0
1 64242 788 1689 1 1 1 1.0
1 124940 792 2695 1 1 0 1.0
1 134761 796 2820 1 1 0 1.0
1 105841 799 2994 1 1 0 1.0
1 171597 799 4866 1 1 1 1.0
1 136841 809 3189 1 1 1 1.0
1 133420 810 3573 1 1 1 1.0
1 170354 812 4218 1 1 0 1.0
1 105841 813 2270 1 1 1 1.0
1 169960 814 4750 1 10 0 1.0
1 79094 814 2068 1 10 1 1.0
1 62830 814 1553 1 1 1 1.0
1 95984 817 2553 1 50 1 1.0
1 119368 823 2986 1 1 0 1.0
1 71343 829 2105 1 10 0 1.0
1 144459 830 3499 1 1 0 1.0
1 81885 833 2020 1 1 1 1.0
1 117145 833 2579 1 10 0 1.0
1 87362 834 2525 1 10 1 1.0
1 147638 835 4064 1 10 1 1.0
1 142725 836 2921 1 1 0 1.0
1 102120 838 2086 1 1 1 1.0
1 173689 840 5094 1 1 0 1.0
1 85856 847 1947 1 1 0 1.0
1 103107 847 2808 1 1 1 1.0
1 70105 851 1979 1 1 0 1.0
1 63351 852 1630 1 1 1 1.0
1 129018 856 3308 1 1 1 1.0
1 65399 858 1375 1 1 1 1.0
1 107633 858 3159 1 50 1 1.0
1 154691 861 4295 1 1 1 1.0
1 138399 863 4004 1 10 1 1.0
1 68370 863 1546 1 1 0 1.0
1 102013 864 2167 1 1 0 1.0
1 104652 865 2205 1 50 1 1.0
1 121311 865 3503 1 1 0 1.0
1 106033 865 2449 1 1 1 1.0
1 115288 875 2710 1 1 0 1.0
1 172313 876 3515 1 10 0 1.0
1 119288 877 3447 1 50 1 1.0
1 173234 879 5171 1 1 0 1.0
1 86016 887 2243 1 10 0 1.0
1 61129 889 1495 1 1 0 1.0
1 77141 890 2066 1 1 1 1.0
1 107842 893 2725 1 1 1 1.0
1 115423 895 2569 1 1 0 1.0
1 155881 897 3823 1 1 0 1.0
1 159434 897 4022 1 1 1 1.0
1 147720 899 4365 1 1 0 1.0
1 132598 903 3487 1 1 0 1.0
1 99877 907 2113 1 10 0 1.0
1 99566 908 2347 1 1 1 1.0
1 134597 908 3313 1 10 0 1.0
1 138586 912 4113 1 10 1 1.0
1 174891 912 3717 1 1 1 1.0
1 81108 922 2394 1 1 0 1.0
1 139952 923 4148 1 1 0 1.0
1 107730 926 2306 1 10 1 1.0
1 71794 931 1699 1 1 0 1.0
1 137369 931 3375 1 1 1 1.0
1 148258 935 3575 1 1 1 1.0
1 113307 935 2275 1 1 1 1.0
1 136707 940 3738 1 1 1 1.0
1 134504 941 3043 1 10 0 1.0
1 138733 948 3065 1 50 0 1.0
1 142196 949 3772 1 1 0 1.0
1 167277 951 4195 1 10 0 1.0
1 119853 954 3177 1 1 1 1.0
1 164732 955 4537 1 1 0 1.0
1 64135 956 1493 1 10 0 1.0
1 123691 957 2605 1 10 1 1.0
1 151465 959 4017 1 1 0 1.0
1 155093 962 4567 1 10 1 1.0
1 165441 964 4614 1 1 0 1.0
1 179059 967 5260 1 1 1 1.0
1 140506 969 4061 1 1 0 1.0
1 87222 972 2051 1 10 1 1.0
1 78236 973 1874 1 10 0 1.0
1 149937 974 3896 1 1 0 1.0
1 162803 978 4759 1 10 1 1.0
1 125125 978 3479 1 1 1 1.0
1 133455 982 3258 1 10 1 1.0
1 178723 985 3695 1 50 0 1.0
1 177518 985 3768 1 50 0 1.0
1 131575 986 3623 1 50 0 1.0
1 110140 994 3053 1 10 1 1.0
1 121085 998 3258 1 10 1 1.0
1 155717 1001 3488 1 1 1 1.0
1 136290 1001 2961 1 1 1 1.0
1 96237 1005 2388 1 1 0 1.0
1 120967 1006 3373 1 50 0 1.0
1 153008 1008 3886 1 10 0 1.0
1 82272 1014 2284 1 10 0 1.0
1 114726 1015 3003 1 1 0 1.0
1 63487 1018 1626 1 1 1 1.0
1 167336 1019 3907 1 10 0 1.0
1 85964 1020 2176 1 1 0 1.0
1 62168 1020 1399 1 1 1 1.0
1 160262 1020 3323 1 10 1 1.0
1 66830 1021 1887 1 50 0 1.0
1 133247 1023 3836 1 1 1 1.0
1 152805 1024 4066 1 10 1 1.0
1 161616 1025 3344 1 1 0 1.0
1 64066 1027 1918 1 10 0 1.0
1 70667 1027 1689 1 1 1 1.0
1 66582 1027 1612 1 1 0 1.0
1 117487 1028 3379 1 1 1 1.0
1 124104 1030 2713 1 1 1 1.0
1 66036 1032 1802 1 1 1 1.0
1 61537 1035 1315 1 50 0 1.0
1 84393 1038 1785 1 1 0 1.0
1 114120 1041 2332 1 1 1 1.0
1 170082 1043 4528 1 50 1 1.0
1 135821 1045 3786 1 1 1 1.0
1 121314 1046 3152 1 1 1 1.0
1 178117 1050 4830 1 1 1 1.0
1 141925 1051 3563 1 1 1 1.0
1 160706 1051 4304 1 1 0 1.0
1 107508 1057 2156 1 10 0 1.0
1 74151 1057 1552 1 1 1 1.0
1 81655 1060 2263 1 10 1 1.0
1 104473 1062 2739 1 1 1 1.0
1 178604 1064 4399 1 10 0 1.0
1 129140 1067 2717 1 1 1 1.0
1 145506 1067 3613 1 1 1 1.0
1 163279 1068 4570 1 1 0 1.0
1 88968 1069 2001 1 1 0 1.0
1 90251 1070 2229 1 1 1 1.0
1 140951 1073 3051 1 1 1 1.0
1 87850 1073 2603 1 1 0 1.0
1 90000 1075 2457 1 1 1 1.0
1 99011 1077 2811 1 1 0 1.0
1 163857 1078 4241 1 50 0 1.0
1 86493 1079 2543 1 1 0 1.0
1 86508 1082 1864 1 1 1 1.0
1 154877 1082 4418 1 1 1 1.0
1 63870 1083 1547 1 1 1 1.0
1 111002 1083 3123 1 1 0 1.0
1 83928 1085 1883 1 1 1 1.0
1 127439 1090 2746 1 10 1 1.0
1 176675 1090 4635 1 50 1 1.0
1 146918 1093 4374 1 1 0 1.0
1 120968 1093 3420 1 10 1 1.0
1 135324 1097 3088 1 1 0 1.0
1 138791 1102 3587 1 1 0 1.0
1 135729 1103 2974 1 1 0 1.0
1 79433 1104 1804 1 1 1 1.0
1 95812 1111 2753 1 1 1 1.0
1 162978 1111 4879 1 1 0 1.0
1 175734 1116 4504 1 10 0 1.0
1 113989 1116 2307 1 10 0 1.0
1 149982 1117 4357 1 50 0 1.0
1 64459 1118 1716 1 50 1 1.0
1 136129 1118 3707 1 1 1 1.0
1 73894 1120 1570 1 50 0 1.0
1 115377 1120 3309 1 1 1 1.0
1 171518 1124 3616 1 10 0 1.0
1 128438 1129 2915 1 1 1 1.0
1 174302 1132 3691 1 1 0 1.0
1 145264 1133 3414 1 10 0 1.0
1 172719 1133 3485 1 10 1 1.0
1 151296 1135 3979 1 1 0 1.0
1 79346 1137 2150 1 50 0 1.0
1 168228 1138 3687 1 10 0 1.0
1 60135 1150 1746 1 10 0 1.0
1 138850 1151 3006 1 50 0 1.0
1 179707 1153 5201 1 1 1 1.0
1 146819 1153 3149 1 1 0 1.0
1 119483 1155 3046 1 1 1 1.0
1 93931 1160 2231 1 1 0 1.0
1 154298 1161 4320 1 50 1 1.0
1 120099 1162 2623 1 10 0 1.0
1 60931 1162 1223 1 1 0 1.0
1 123096 1163 3421 1 1 0 1.0
1 68729 1167 1697 1 1 1 1.0
1 178768 1173 4169 1 1 0 1.0
1 73814 1177 2210 1 1 1 1.0
1 110380 1177 2701 1 50 0 1.0
1 129754 1179 3709 1 50 0 1.0
1 92309 1185 2754 1 10 1 1.0
1 100028 1186 2964 1 1 1 1.0
1 111209 1190 2561 1 10 0 1.0
1 170544 1190 4866 1 10 1 1.0
1 62410 1192 1472 1 10 1 1.0
1 93368 1199 2181 1 10 1 1.0
1 100814 1200 3013 1 10 1 1.0
1 67180 1204 1685 1 1 1 1.0
1 146841 1204 4155 1 50 1 1.0
1 158767 1206 3479 1 1 1 1.0
1 95310 1208 2296 1 1 0 1.0
1 150626 1211 4451 1 1 0 1.0
1 102401 1211 3034 1 1 0 1.0
1 88106 1214 1933 1 1 0 1.0
1 159885 1221 3336 1 1 1 1.0
1 126208 1222 2842 1 1 0 1.0
1 142674 1228 3843 1 1 1 1.0
1 89921 1230 1813 1 1 1 1.0
1 111233 1231 2388 1 1 1 1.0
1 86095 1231 1945 1 10 0 1.0
1 81923 1233 1924 1 10 1 1.0
1 116168 1235 2414 1 1 1 1.0
1 160127 1244 3589 1 1 1 1.0
1 148698 1250 3348 1 1 1 1.0
1 175965 1253 4649 1 1 0 1.0
1 127956 1265 3390 1 1 1 1.0
1 174794 1268 3610 1 10 1 1.0
1 141333 1271 3841 1 1 1 1.0
1 124521 1272 3248 1 1 1 1.0
1 159094 1282 3786 1 50 1 1.0
1 121738 1284 3553 1 1 1 1.0
1 136646 1284 3324 1 1 0 1.0
1 96240 1285 2188 1 10 0 1.0
1 147286 1293 3532 1 10 0 1.0
1 151342 1294 3688 1 10 1 1.0
1 160118 1295 3371 1 1 0 1.0
1 72759 1296 1704 1 1 0 1.0
1 73038 1298 2077 1 10 0 1.0
1 108203 1299 2601 1 1 1 1.0
1 71787 1301 1819 1 10 0 1.0
1 172611 1310 3542 1 50 0 1.0
1 118374 1311 2931 1 1 0 1.0
1 110677 1311 2315 1 50 1 1.0
1 156240 1312 3551 1 1 1 1.0
1 128693 1312 3463 1 1 1 1.0
1 149543 1321 4196 1 1 1 1.0
1 131396 1323 3124 1 1 0 1.0
1 119883 1327 3061 1 50 0 1.0
1 127968 1329 3773 1 10 1 1.0
1 79658 1330 2022 1 1 0 1.0
1 84715 1331 2508 1 1 1 1.0
1 96509 1332 2435 1 1 0 1.0
1 121546 1333 2893 1 10 0 1.0
1 81329 1333 2271 1 1 1 1.0
1 152247 1335 3522 1 1 0 1.0
1 75887 1337 1985 1 10 1 1.0
1 70189 1338 1927 1 1 1 1.0
1 78063 1342 1745 1 10 1 1.0
1 116100 1346 3181 1 1 1 1.0
1 169046 1347 4977 1 10 0 1.0
1 135062 1350 3181 1 50 1 1.0
1 130266 1351 3428 1 1 0 1.0
1 129283 1351 3599 1 1 1 1.0
1 143911 1352 3676 1 1 1 1.0
1 122855 1355 3025 1 10 0 1.0
1 145819 1356 4160 1 1 1 1.0
1 60745 1360 1235 1 1 1 1.0
1 115464 1363 2691 1 50 1 1.0
1 70153 1364 1775 1 10 1 1.0
1 136021 1364 3588 1 10 1 1.0
1 156593 1368 3766 1 1 1 1.0
1 84718 1370 2416 1 1 0 1.0
1 95502 1379 2103 1 10 0 1.0
1 82081 1379 2347 1 10 0 1.0
1 143023 1382 3952 1 10 1 1.0
1 109389 1389 2263 1 10 0 1.0
1 63333 1389 1620 1 1 0 1.0
1 130560 1390 3561 1 1 0 1.0
1 64674 1391 1712 1 1 1 1.0
1 80074 1391 2137 1 10 0 1.0
1 86328 1393 2037 1 1 0 1.0
1 127705 1393 3406 1 10 0 1.0
1 154292 1394 3455 1 1 0 1.0
1 129048 1396 3842 1 1 0 1.0
1 86845 1397 1933 1 1 0 1.0
1 168895 1399 4533 1 50 1 1.0
1 170676 1404 4303 1 1 0 1.0
1 90715 1410 2395 1 10 1 1.0
1 162537 1413 4846 1 50 1 1.0
1 60230 1413 1777 1 10 0 1.0
1 110608 1417 3003 1 50 0 1.0
1 154496 1418 4614 1 1 0 1.0
1 131302 1424 3189 1 10 0 1.0
1 81008 1428 1965 1 10 0 1.0
1 95730 1429 2396 1 10 0 1.0
1 154429 1430 3463 1 1 0 1.0
1 96338 1431 2811 1 1 0 1.0
1 122879 1436 3586 1 10 0 1.0
1 110148 1436 2318 1 1 1 1.0
1 165533 1436 4792 1 1 1 1.0
1 179518 1438 3948 1 1 0 1.0
1 124257 1440 3265 1 1 1 1.0
1 104030 1442 2883 1 50 1 1.0
1 155965 1447 4453 1 1 0 1.0
1 138123 1447 3987 1 1 0 1.0
1 106604 1447 2788 1 1 1 1.0
1 132987 1447 3155 1 1 1 1.0
1 151050 1451 3899 1 10 0 1.0
1 171667 1452 4774 1 1 0 1.0
1 84218 1454 1964 1 10 0 1.0
1 116454 1458 2921 1 10 0 1.0
1 148299 1475 3553 1 10 0 1.0
1 95919 1476 2728 1 10 0 1.0
1 154775 1479 3635 1 10 1 1.0
1 105124 1480 2926 1 10 0 1.0
1 63213 1480 1471 1 1 1 1.0
1 169757 1485 4873 1 10 1 1.0
1 98029 1487 2547 1 1 0 1.0
1 68083 1488 1787 1 1 1 1.0
1 158829 1488 4662 1 50 0 1.0
1 83203 1491 1704 1 1 0 1.0
1 110892 1494 3126 1 1 0 1.0
1 80806 1495 1869 1 10 0 1.0
1 72199 1497 2061 1 1 1 1.0
1 94280 1500 2687 1 10 0 1.0
1 95426 1500 2447 1 1 0 1.0
1 139333 1502 3199 1 1 0 1.0
1 121591 1506 2528 1 10 1 1.0
1 74102 1507 2134 1 1 1 1.0
1 109716 1509 3192 1 1 1 1.0
1 104591 1512 3061 1 1 1 1.0
1 110882 1515 3319 1 50 0 1.0
1 146362 1515 3022 1 1 0 1.0
1 138088 1517 4135 1 10 1 1.0
1 139232 1519 3302 1 1 0 1.0
1 95120 1520 2074 1 1 1 1.0
1 142103 1520 3330 1 10 0 1.0
1 88515 1522 2041 1 10 0 1.0
1 87779 1525 2596 1 10 0 1.0
1 165382 1526 4362 1 1 1 1.0
1 91515 1528 2681 1 1 0 1.0
1 101844 1528 2927 1 10 0 1.0
1 129728 1529 2698 1 50 0 1.0
1 70037 1535 1778 1 1 0 1.0
1 73763 1537 1520 1 10 1 1.0
1 164842 1538 3945 1 1 0 1.0
1 139030 1538 4070 1 1 0 1.0
1 66779 1538 1660 1 10 1 1.0
1 90875 1544 2117 1 10 1 1.0
1 157703 1544 3678 1 10 0 1.0
1 119665 1545 3468 1 10 1 1.0
1 76718 1546 1878 1 50 1 1.0
1 75149 1548 1644 1 1 1 1.0
1 118753 1549 3325 1 10 0 1.0
1 101836 1551 2902 1 1 1 1.0
1 95244 1553 2719 1 1 0 1.0
1 118093 1554 3162 1 10 1 1.0
1 110556 1554 2361 1 1 1 1.0
1 66467 1558 1887 1 10 1 1.0
1 136649 1564 3933 1 1 0 1.0
1 171836 1564 4556 1 1 1 1.0
1 128916 1566 3340 1 50 0 1.0
1 131937 1568 3542 1 1 1 1.0
1 138081 1568 3391 1 1 1 1.0
1 84021 1570 2126 1 1 0 1.0
1 65060 1574 1492 1 1 1 1.0
1 126545 1577 2946 1 1 0 1.0
1 150604 1580 3308 1 1 1 1.0
1 92647 1580 2313 1 1 0 1.0
1 121947 1585 3294 1 10 0 1.0
1 113709 1585 3026 1 1 1 1.0
1 120958 1585 2535 1 1 1 1.0
1 84387 1596 2364 1 1 1 1.0
1 116140 1596 2750 1 1 0 1.0
1 120556 1597 3162 1 10 1 1.0
1 137310 1598 3480 1 10 0 1.0
1 131322 1599 3545 1 50 0 1.0
1 72368 1604 1577 1 1 0 1.0
1 80828 1604 2058 1 50 1 1.0
1 153058 1604 3576 1 10 1 1.0
1 101109 1609 2345 1 1 0 1.0
1 143662 1609 3492 1 1 1 1.0
1 137524 1615 3769 1 10 1 1.0
1 132930 1616 2920 1 1 0 1.0
1 174027 1620 4591 1 1 0 1.0
1 173533 1621 5100 1 10 0 1.0
1 80123 1621 2198 1 10 0 1.0
1 154717 1622 3277 1 1 0 1.0
1 105507 1623 2474 1 10 1 1.0
1 61266 1627 1389 1 1 0 1.0
1 138961 1630 3757 1 10 0 1.0
1 140211 1630 3825 1 50 0 1.0
1 171823 1637 4652 1 10 0 1.0
1 114800 1637 3037 1 10 0 1.0
1 151546 1639 3348 1 50 1 1.0
1 79851 1644 1879 1 50 0 1.0
1 91258 1648 2084 1 50 0 1.0
1 143444 1649 3282 1 10 0 1.0
1 100055 1652 2048 1 10 0 1.0
1 166107 1653 3410 1 1 0 1.0
1 166685 1653 4619 1 10 0 1.0
1 117622 1656 2857 1 1 1 1.0
1 90551 1656 2391 1 1 1 1.0
1 79168 1658 1628 1 1 1 1.0
1 127847 1668 2969 1 1 0 1.0
1 80738 1670 1885 1 1 0 1.0
1 159015 1670 3516 1 1 1 1.0
1 97745 1672 2177 1 1 1 1.0
1 73872 1673 2069 1 10 1 1.0
1 75202 1676 2224 1 10 0 1.0
1 96733 1684 2740 1 1 1 1.0
1 106857 1691 2781 1 50 0 1.0
1 85854 1692 1741 1 1 0 1.0
1 160343 1694 3922 1 10 0 1.0
1 158366 1695 3665 1 50 0 1.0
1 77194 1702 1551 1 1 0 1.0
1 102301 1705 2958 1 1 0 1.0
1 142430 1709 3884 1 1 0 1.0
1 132588 1709 3550 1 10 0 1.0
1 80578 1709 2159 1 1 1 1.0
1 109426 1714 2517 1 10 1 1.0
1 105134 1716 2150 1 10 1 1.0
1 172020 1718 4550 1 1 1 1.0
1 155184 1718 4469 1 1 1 1.0
1 67190 1718 1493 1 1 1 1.0
1 64511 1719 1927 1 1 0 1.0
1 162206 1719 4338 1 1 0 1.0
1 138490 1725 3097 1 10 0 1.0
1 117827 1725 2573 1 1 1 1.0
1 90092 1728 1818 1 1 0 1.0
1 90866 1729 2539 1 1 0 1.0
1 157835 1731 3602 1 1 0 1.0
1 134310 1731 3408 1 1 0 1.0
1 93198 1732 2084 1 10 1 1.0
1 111095 1732 3232 1 1 1 1.0
1 69374 1733 1396 1 10 0 1.0
1 61727 1734 1482 1 1 1 1.0
1 69353 1737 1627 1 10 1 1.0
1 72871 1738 1681 1 1 0 1.0
1 72631 1739 2134 1 10 1 1.0
1 157068 1741 3886 1 1 0 1.0
1 144341 1741 2988 1 50 1 1.0
1 79393 1742 2028 1 1 1 1.0
1 116085 1744 2470 1 10 1 1.0
1 144050 1748 3893 1 10 0 1.0
1 158461 1753 3674 1 50 0 1.0
1 142264 1755 3573 1 1 0 1.0
1 92200 1759 2395 1 50 1 1.0
1 118504 1761 2588 1 10 0 1.0
1 141994 1763 3673 1 1 1 1.0
1 134430 1764 2764 1 10 0 1.0
1 102100 1768 2294 1 1 1 1.0
1 133744 1768 3955 1 10 0 1.0
1 118263 1774 2608 1 10 1 1.0
1 86229 1774 2530 1 10 0 1.0
1 113381 1775 3292 1 1 0 1.0
1 131860 1775 3892 1 1 0 1.0
1 92163 1775 2444 1 10 1 1.0
1 99508 1776 2512 1 1 0 1.0
1 129908 1779 2873 1 50 1 1.0
1 110263 1780 3109 1 10 1 1.0
1 135852 1782 3235 1 1 0 1.0
1 153122 1789 3399 1 10 0 1.0
1 76514 1789 2138 1 1 1 1.0
1 147662 1790 4134 1 10 0 1.0
1 85264 1793 1788 1 1 1 1.0
1 165008 1794 4731 1 1 0 1.0
1 168764 1795 4960 1 1 1 1.0
1 122512 1796 3215 1 1 0 1.0
1 139970 1797 3353 1 50 1 1.0
1 87402 1797 1992 1 1 1 1.0
1 151757 1809 3431 1 1 1 1.0
1 114852 1809 3330 1 10 0 1.0
1 116713 1815 3159 1 1 1 1.0
1 76085 1816 1700 1 10 1 1.0
1 159983 1817 3221 1 10 0 1.0
1 144327 1818 3855 1 1 0 1.0
1 139970 1818 3169 1 1 1 1.0
1 76154 1820 2067 1 10 0 1.0
1 86485 1824 1737 1 10 1 1.0
1 119857 1825 3090 1 10 0 1.0
1 112877 1827 2837 1 10 0 1.0
1 81946 1830 1776 1 1 0 1.0
1 85444 1834 2190 1 10 0 1.0
1 166866 1834 3878 1 10 1 1.0
1 112344 1834 2319 1 1 0 1.0
1 149318 1835 3489 1 1 0 1.0
1 120893 1837 2752 1 50 1 1.0
1 115778 1838 2517 1 1 0 1.0
1 177817 1838 3813 1 1 0 1.0
1 88102 1839 1900 1 10 1 1.0
1 131079 1841 3442 1 1 0 1.0
1 81491 1842 1949 1 1 1 1.0
1 144552 1845 3827 1 1 0 1.0
1 99131 1847 2339 1 50 0 1.0
1 148362 1851 3554 1 1 0 1.0
1 98770 1856 2082 1 1 1 1.0
1 147679 1857 3190 1 50 0 1.0
1 124772 1860 2964 1 1 0 1.0
1 143233 1863 3046 1 1 1 1.0
1 147539 1864 4392 1 1 0 1.0
1 95669 1865 2627 1 1 1 1.0
1 92587 1868 2203 1 50 1 1.0
1 87604 1869 2241 1 1 1 1.0
1 106729 1873 2812 1 50 1 1.0
1 77409 1877 2236 1 10 1 1.0
1 112401 1877 2779 1 1 0 1.0
1 166209 1879 4228 1 1 1 1.0
1 144914 1879 3235 1 10 1 1.0
1 78039 1879 1996 1 10 1 1.0
1 104606 1881 2946 1 1 1 1.0
1 93644 1888 2471 1 1 0 1.0
1 118991 1890 2383 1 10 1 1.0
1 108332 1894 3007 1 50 0 1.0
1 69802 1895 1418 1 1 1 1.0
1 108180 1897 2171 1 1 0 1.0
1 92516 1897 2486 1 1 0 1.0
1 90549 1897 1954 1 10 1 1.0
1 144151 1904 4232 1 10 0 1.0
1 111731 1905 2988 1 1 0 1.0
1 73293 1906 1916 1 1 1 1.0
1 86315 1908 2281 1 10 1 1.0
1 127795 1910 3162 1 1 0 1.0
1 100229 1911 2288 1 10 0 1.0
1 96555 1911 2282 1 50 1 1.0
1 65873 1912 1813 1 10 0 1.0
1 107878 1913 2458 1 10 1 1.0
1 80700 1913 1986 1 1 1 1.0
1 87180 1914 2611 1 1 0 1.0
1 165611 1916 4369 1 1 1 1.0
1 162610 1923 4202 1 10 0 1.0
1 157922 1927 3795 1 1 0 1.0
1 176332 1932 4298 1 1 0 1.0
1 159276 1932 4103 1 1 0 1.0
1 65057 1934 1404 1 50 1 1.0
1 157263 1937 4025 1 1 0 1.0
1 80451 1943 2006 1 10 1 1.0
1 114968 1945 3052 1 10 1 1.0
1 85373 1947 2076 1 10 1 1.0
1 66257 1949 1708 1 1 0 1.0
1 129387 1950 2756 1 1 1 1.0
1 97916 1951 2229 1 1 1 1.0
1 176679 1955 5177 1 10 1 1.0
1 151637 1958 3913 1 1 0 1.0
1 163389 1963 4649 1 1 0 1.0
1 143549 1966 3252 1 1 0 1.0
1 123697 1968 3398 1 1 0 1.0
1 134109 1969 2776 1 1 1 1.0
1 113031 1973 3368 1 10 0 1.0
1 65925 1974 1684 1 10 0 1.0
1 65246 1979 1347 1 10 0 1.0
1 77597 1983 1669 1 1 0 1.0
1 70145 1989 1831 1 1 1 1.0
1 132887 1991 2721 1 1 1 1.0
1 121235 1993 2977 1 1 0 1.0
1 118284 1995 2426 1 50 1 1.0
1 76622 1995 2188 1 50 1 1.0
1 79766 1995 2100 1 50 0 1.0
1 72674 1996 1501 1 1 1 1.0
1 118250 1997 2830 1 50 1 1.0
1 166417 1997 4903 1 1 1 1.0
1 173810 1998 3936 1 50 0 1.0
1 132304 2000 2754 1 1 1 1.0
1 142601 2000 3271 1 1 0 1.0
1 109655 2001 2236 1 1 0 1.0
1 84271 2002 1899 1 1 1 1.0
1 81233 2003 1978 1 1 0 1.0
1 127037 2003 3440 1 10 1 1.0
1 164683 2005 3340 1 1 1 1.0
1 123391 2006 3228 1 1 1 1.0
1 89856 2007 2422 1 10 1 1.0
1 162097 2008 3655 1 1 1 1.0
1 108141 2010 3237 1 1 1 1.0
1 135676 2010 3180 1 50 1 1.0
1 98191 2012 2898 1 10 0 1.0
1 132706 2013 3593 1 10 1 1.0
1 103470 2016 2824 1 1 0 1.0
1 154369 2018 3896 1 10 1 1.0
1 97900 2018 2542 1 1 1 1.0
1 107403 2020 2595 1 1 1 1.0
1 175899 2021 3702 1 1 1 1.0
1 154536 2024 3794 1 1 0 1.0
1 178804 2028 4849 1 10 0 1.0
1 60690 2032 1362 1 10 1 1.0
1 153044 2040 3136 1 10 0 1.0
1 107200 2040 2620 1 10 0 1.0
1 100312 2041 2084 1 10 0 1.0
1 144201 2043 4106 1 1 0 1.0
1 145095 2044 3967 1 1 0 1.0
1 115614 2044 2749 1 50 0 1.0
1 94710 2047 2285 1 10 1 1.0
1 116048 2049 2616 1 50 0 1.0
1 144013 2049 2906 1 1 0 1.0
1 92428 2050 2254 1 1 0 1.0
1 113033 2054 3367 1 10 0 1.0
1 60059 2056 1338 1 10 1 1.0
1 141960 2056 3108 1 1 0 1.0
1 142422 2058 3774 1 10 1 1.0
1 74280 2064 1696 1 1 1 1.0
1 171291 2064 3768 1 50 1 1.0
1 89892 2070 2393 1 1 1 1.0
1 166589 2076 4744 1 10 1 1.0
1 96323 2076 2797 1 1 0 1.0
1 110463 2077 2769 1 1 0 1.0
1 75327 2080 1949 1 1 1 1.0
1 71129 2083 1527 1 10 0 1.0
1 144618 2085 4272 1 50 0 1.0
1 62988 2088 1387 1 1 1 1.0
1 154092 2089 4128 1 1 1 1.0
1 178635 2090 4285 1 1 0 1.0
1 165415 2093 4043 1 1 1 1.0
1 92207 2094 2253 1 1 0 1.0
1 97158 2094 2595 1 1 1 1.0
1 176500 2095 4274 1 50 1 1.0
1 145360 2100 4048 1 1 0 1.0
1 176123 2107 4302 1 1 1 1.0
1 172265 2107 3625 1 1 1 1.0
1 80495 2114 1977 1 1 1 1.0
1 83367 2115 2151 1 10 0 1.0
1 116464 2119 3065 1 1 1 1.0
1 134697 2119 2719 1 1 1 1.0
1 134970 2121 3889 1 10 1 1.0
1 73223 2128 1652 1 1 0 1.0
1 113787 2133 2692 1 1 1 1.0
1 136236 2142 2748 1 10 1 1.0
1 158771 2144 4351 1 10 0 1.0
1 101002 2145 2256 1 1 0 1.0
1 77598 2151 2264 1 1 1 1.0
1 139876 2151 4176 1 10 1 1.0
1 153450 2153 3436 1 1 0 1.0
1 96813 2159 1990 1 10 1 1.0
1 120558 2165 3362 1 1 0 1.0
1 123566 2167 3069 1 1 0 1.0
1 144452 2168 3589 1 1 0 1.0
1 68574 2172 1585 1 1 1 1.0
1 77862 2175 1861 1 1 1 1.0
1 75258 2178 1555 1 1 0 1.0
1 142811 2178 3454 1 50 1 1.0
1 110078 2179 3295 1 1 1 1.0
1 105580 2184 3147 1 1 1 1.0
1 67133 2189 1787 1 10 0 1.0
1 152694 2192 3643 1 10 0 1.0
1 168255 2193 3723 1 50 1 1.0
1 138800 2196 3277 1 10 1 1.0
1 125377 2196 2515 1 1 0 1.0
1 111405 2198 2727 1 1 1 1.0
1 78050 2200 2111 1 1 0 1.0
1 91640 2209 2283 1 1 1 1.0
1 68650 2212 1840 1 1 1 1.0
1 72881 2216 2100 1 10 0 1.0
1 104627 2217 2442 1 10 1 1.0
1 106269 2218 2296 1 10 0 1.0
1 110467 2219 3002 1 50 0 1.0
1 167521 2223 4372 1 1 1 1.0
1 148979 2228 4165 1 1 1 1.0
1 169108 2230 4266 1 10 1 1.0
1 84224 2236 1944 1 1 0 1.0
1 65339 2237 1576 1 10 0 1.0
1 129785 2247 3177 1 10 0 1.0
1 142891 2248 3437 1 10 1 1.0
1 147536 2249 3174 1 10 1 1.0
1 163022 2251 4296 1 10 0 1.0
1 88277 2256 2201 1 1 0 1.0
1 170483 2257 3490 1 1 0 1.0
1 118335 2257 3274 1 1 1 1.0
1 108918 2263 2674 1 50 1 1.0
1 70233 2264 1890 1 1 0 1.0
1 120714 2265 2932 1 10 1 1.0
1 121777 2266 3338 1 1 1 1.0
1 133445 2268 2890 1 50 1 1.0
1 171980 2270 5069 1 1 0 1.0
1 113721 2271 2877 1 1 0 1.0
1 108542 2271 3181 1 1 0 1.0
1 161508 2272 3655 1 10 1 1.0
1 120669 2273 2815 1 10 0 1.0
1 111545 2278 3073 1 1 0 1.0
1 75976 2279 1572 1 1 1 1.0
1 174951 2285 3600 1 1 1 1.0
1 128988 2286 2692 1 50 1 1.0
1 86737 2287 2561 1 10 1 1.0
1 72527 2288 1820 1 10 0 1.0
1 93315 2288 1883 1 10 1 1.0
1 144270 2288 4033 1 1 0 1.0
1 122105 2294 3587 1 50 1 1.0
1 102296 2297 2745 1 50 0 1.0
1 120473 2297 2887 1 10 0 1.0
1 134684 2299 3438 1 50 1 1.0
1 129761 2300 2900 1 1 1 1.0
1 91605 2304 2554 1 1 1 1.0
1 95145 2304 2042 1 1 1 1.0
1 127787 2309 3622 1 1 1 1.0
1 81946 2311 2320 1 1 0 1.0
1 82306 2313 1907 1 10 0 1.0
1 82130 2317 2091 1 1 0 1.0
1 144806 2317 4109 1 1 0 1.0
1 110782 2318 2404 1 1 1 1.0
1 134967 2318 3353 1 1 1 1.0
1 116620 2319 2350 1 1 1 1.0
1 168983 2320 4224 1 1 0 1.0
1 127329 2322 3479 1 50 0 1.0
1 145882 2322 3615 1 1 0 1.0
1 86605 2332 2393 1 1 0 1.0
1 170011 2333 3893 1 1 1 1.0
1 175002 2333 4675 1 10 0 1.0
1 137410 2335 3777 1 10 1 1.0
1 155839 2336 4011 1 1 0 1.0
1 69489 2336 1877 1 50 1 1.0
1 92761 2336 2140 1 50 1 1.0
1 94975 2340 2340 1 10 1 1.0
1 87820 2340 2342 1 1 0 1.0
1 106698 2342 2541 1 1 1 1.0
1 118089 2343 2424 1 1 1 1.0
1 159920 2346 4536 1 50 0 1.0
1 104105 2348 2592 1 1 1 1.0
1 69904 2352 1666 1 1 1 1.0
1 113713 2354 2960 1 1 1 1.0
1 177363 2354 4132 1 10 0 1.0
1 167075 2357 4821 1 1 0 1.0
1 142348 2362 3036 1 1 0 1.0
1 87622 2362 1963 1 1 1 1.0
1 176250 2364 4341 1 1 0 1.0
1 88228 2367 2631 1 1 0 1.0
1 94218 2374 2427 1 1 1 1.0
1 96065 2381 2063 1 1 1 1.0
1 88371 2383 2628 1 1 0 1.0
1 109201 2384 2352 1 1 1 1.0
1 137878 2386 3395 1 10 0 1.0
1 76527 2387 2151 1 1 1 1.0
1 108224 2388 2447 1 1 1 1.0
1 109558 2391 2941 1 1 0 1.0
1 77313 2393 1961 1 1 1 1.0
1 179156 2396 4397 1 1 1 1.0
1 78715 2398 2053 1 1 0 1.0
1 152650 2399 4551 1 50 1 1.0
1 115155 2399 3451 1 1 0 1.0
1 119339 2400 2735 1 1 0 1.0
1 144660 2402 4334 1 1 0 1.0
1 135153 2403 3579 1 1 1 1.0
1 115888 2408 2899 1 1 0 1.0
1 117550 2409 3163 1 1 1 1.0
1 165058 2410 3790 1 1 0 1.0
1 73434 2413 1972 1 1 0 1.0
1 97982 2416 2190 1 1 0 1.0
1 76622 2425 1797 1 1 0 1.0
1 89944 2426 1887 1 1 0 1.0
1 165179 2426 4078 1 1 0 1.0
1 81029 2427 1833 1 50 0 1.0
1 76850 2428 2003 1 50 1 1.0
1 134338 2428 3174 1 1 0 1.0
1 82891 2428 2355 1 1 1 1.0
1 175954 2432 3567 1 1 1 1.0
1 99194 2433 2795 1 1 0 1.0
1 165905 2433 4659 1 1 0 1.0
1 121373 2443 2722 1 50 1 1.0
1 179077 2445 4702 1 10 1 1.0
1 77851 2451 1830 1 10 0 1.0
1 92178 2452 1926 1 1 0 1.0
1 157633 2453 4404 1 1 0 1.0
1 156472 2454 4675 1 10 0 1.0
1 149485 2455 3471 1 50 0 1.0
1 67922 2455 1729 1 10 0 1.0
1 158018 2456 3251 1 10 1 1.0
1 73533 2457 1810 1 1 0 1.0
1 155529 2459 4155 1 1 0 1.0
1 168761 2463 3460 1 10 1 1.0
1 140477 2464 3094 1 1 0 1.0
1 144773 2465 4193 1 50 1 1.0
1 164455 2465 3558 1 1 0 1.0
1 66605 2468 1553 1 1 1 1.0
1 135235 2468 3395 1 10 1 1.0
1 178554 2470 3823 1 10 0 1.0
1 163720 2472 4698 1 1 1 1.0
1 89329 2473 2005 1 1 1 1.0
1 74496 2476 1554 1 1 1 1.0
1 100338 2476 2914 1 50 1 1.0
1 61160 2477 1607 1 1 0 1.0
1 89139 2479 2154 1 50 0 1.0
1 62323 2483 1585 1 1 1 1.0
1 66477 2485 1964 1 1 0 1.0
1 101386 2490 2109 1 1 1 1.0
1 161040 2491 4580 1 1 0 1.0
1 117117 2493 2937 1 10 1 1.0
1 129071 2495 3269 1 50 1 1.0
1 136213 2497 2738 1 1 0 1.0
1 61619 2497 1607 1 1 1 1.0
1 110000 2499 2584 1 1 1 1.0
1 92637 2501 2163 1 10 1 1.0
1 64282 2507 1393 1 10 0 1.0
1 173429 2507 4734 1 50 1 1.0
1 113723 2507 2425 1 1 1 1.0
1 68406 2521 1423 1 10 0 1.0
1 177126 2526 4867 1 1 0 1.0
1 150376 2528 3652 1 1 1 1.0
1 94181 2530 2685 1 10 1 1.0
1 139893 2533 3030 1 10 1 1.0
1 68778 2545 1491 1 1 0 1.0
1 160449 2549 3930 1 1 0 1.0
1 169732 2552 4032 1 50 1 1.0
1 102077 2555 2041 1 10 1 1.0
1 70342 2557 1513 1 50 1 1.0
1 86450 2565 2319 1 10 1 1.0
1 165887 2566 3864 1 10 0 1.0
1 75025 2567 1815 1 10 1 1.0
1 99838 2571 2528 1 1 1 1.0
1 105991 2573 2305 1 1 1 1.0
1 162824 2574 3351 1 10 0 1.0
1 169933 2574 4819 1 10 0 1.0
1 155515 2578 4142 1 10 1 1.0
1 66226 2578 1491 1 1 1 1.0
1 146928 2580 3574 1 1 1 1.0
1 135064 2583 3342 1 1 0 1.0
1 132448 2586 3285 1 50 1 1.0
1 158004 2587 4640 1 10 1 1.0
1 122696 2587 3410 1 10 0 1.0
1 153283 2587 3115 1 10 1 1.0
1 82837 2588 2354 1 1 0 1.0
1 146110 2593 3622 1 50 0 1.0
1 67412 2594 1703 1 10 0 1.0
1 124141 2594 2927 1 1 1 1.0
1 69837 2596 2080 1 1 1 1.0
1 176019 2598 3914 1 1 1 1.0
1 84879 2600 2235 1 1 0 1.0
1 155606 2602 4363 1 50 1 1.0
1 133075 2609 3035 1 10 1 1.0
1 83253 2612 2048 1 1 0 1.0
1 104684 2615 2267 1 10 0 1.0
1 167942 2625 4547 1 10 0 1.0
1 125501 2627 3150 1 1 0 1.0
1 69610 2634 1644 1 1 1 1.0
1 111924 2636 2642 1 1 0 1.0
1 103519 2639 2442 1 1 1 1.0
1 78008 2643 1928 1 1 0 1.0
1 66435 2646 1417 1 50 0 1.0
1 86365 2648 2099 1 10 0 1.0
1 76733 2648 1630 1 1 1 1.0
1 74219 2651 1549 1 1 0 1.0
1 89696 2657 1901 1 1 1 1.0
1 136614 2658 3375 1 1 0 1.0
1 75279 2660 1795 1 1 1 1.0
1 67294 2660 1545 1 1 1 1.0
1 154288 2661 3605 1 1 1 1.0
1 66968 2667 1711 1 1 1 1.0
1 154920 2669 4459 1 10 1 1.0
1 120985 2671 2605 1 1 1 1.0
1 171698 2672 5104 1 1 0 1.0
1 133151 2674 3343 1 10 0 1.0
1 79498 2676 1741 1 1 0 1.0
1 111374 2679 2607 1 1 0 1.0
1 85443 2679 1716 1 50 1 1.0
1 176998 2691 3595 1 1 1 1.0
1 168609 2694 4268 1 1 1 1.0
1 108777 2694 2416 1 1 1 1.0
1 154844 2701 4056 1 1 1 1.0
1 109982 2704 2380 1 1 0 1.0
1 120226 2705 3036 1 1 1 1.0
1 149476 2705 4143 1 50 1 1.0
1 87325 2705 2244 1 1 1 1.0
1 75551 2706 1975 1 50 1 1.0
1 85946 2706 2337 1 10 1 1.0
1 137597 2713 3204 1 10 1 1.0
1 66259 2714 1814 1 10 1 1.0
1 113684 2716 3023 1 10 0 1.0
1 87709 2718 2282 1 1 0 1.0
1 68516 2722 1380 1 1 0 1.0
1 178474 2724 3615 1 10 0 1.0
1 167308 2725 4005 1 1 0 1.0
1 176399 2726 3772 1 10 1 1.0
1 148858 2726 4230 1 1 0 1.0
1 94065 2727 2774 1 1 1 1.0
1 138346 2727 3624 1 50 0 1.0
1 121504 2728 3622 1 10 0 1.0
1 164312 2735 4305 1 1 1 1.0
1 60162 2740 1766 1 10 1 1.0
1 74574 2742 2193 1 10 1 1.0
1 138623 2743 4131 1 1 0 1.0
1 148891 2744 3319 1 1 1 1.0
1 153682 2744 4349 1 1 0 1.0
1 170000 2744 3635 1 1 1 1.0
1 100219 2747 2008 1 1 0 1.0
1 156231 2748 3255 1 10 0 1.0
1 140319 2748 4177 1 1 0 1.0
1 75516 2749 2197 1 1 1 1.0
1 93549 2753 2200 1 10 0 1.0
1 159536 2760 3300 1 1 1 1.0
1 90077 2761 2281 1 1 0 1.0
1 117041 2767 2800 1 1 0 1.0
1 75723 2767 1975 1 10 0 1.0
1 160917 2769 3897 1 1 0 1.0
1 107047 2773 2429 1 1 1 1.0
1 160218 2778 4021 1 1 1 1.0
1 101117 2779 2871 1 1 0 1.0
1 142360 2787 3454 1 10 0 1.0
1 105323 2787 2305 1 1 1 1.0
1 77473 2787 1997 1 50 1 1.0
1 66462 2789 1849 1 1 1 1.0
1 80401 2794 1634 1 1 0 1.0
1 98068 2795 2366 1 50 0 1.0
1 173924 2796 3854 1 10 1 1.0
1 99467 2799 2056 1 10 1 1.0
1 143497 2803 4118 1 1 1 1.0
1 72670 2803 1830 1 1 1 1.0
1 81495 2812 1745 1 1 0 1.0
1 67800 2813 1709 1 10 1 1.0
1 139038 2819 3994 1 50 0 1.0
1 155944 2824 3832 1 1 1 1.0
1 175436 2826 5005 1 10 0 1.0
1 142024 2827 3670 1 10 1 1.0
1 73654 2828 1840 1 50 1 1.0
1 149083 2830 4305 1 50 0 1.0
1 108086 2834 2980 1 1 0 1.0
1 64813 2834 1357 1 1 1 1.0
1 162135 2838 4341 1 1 0 1.0
1 162780 2838 4690 1 10 1 1.0
1 137028 2839 3242 1 1 1 1.0
1 86958 2841 2255 1 1 0 1.0
1 94577 2844 2334 1 10 1 1.0
1 157269 2849 4546 1 1 1 1.0
1 102014 2850 2658 1 50 1 1.0
1 132493 2850 3765 1 1 0 1.0
1 92936 2855 2274 1 1 1 1.0
1 169064 2858 3601 1 50 0 1.0
1 151334 2863 4423 1 10 0 1.0
1 172463 2864 4480 1 10 1 1.0
1 68688 2864 1499 1 10 0 1.0
1 76191 2876 2257 1 10 1 1.0
1 110081 2878 2531 1 1 0 1.0
1 159147 2879 4586 1 50 0 1.0
1 94687 2879 1898 1 1 1 1.0
1 68132 2881 1910 1 1 1 1.0
1 157018 2883 3843 1 1 0 1.0
1 90569 2883 2628 1 10 1 1.0
1 62786 2885 1741 1 1 1 1.0
1 140335 2886 3321 1 1 0 1.0
1 116332 2889 2493 1 1 1 1.0
1 175083 2893 3852 1 1 1 1.0
1 147656 2899 3998 1 1 0 1.0
1 135092 2902 3182 1 1 0 1.0
1 88266 2906 2158 1 1 1 1.0
1 144338 2908 4048 1 1 1 1.0
1 97014 2910 2519 1 1 1 1.0
1 108608 2911 2868 1 1 0 1.0
1 64335 2912 1661 1 1 1 1.0
1 121211 2912 2581 1 10 1 1.0
1 70857 2913 1892 1 1 1 1.0
1 174354 2916 4465 1 10 1 1.0
1 138736 2918 3981 1 1 0 1.0
1 147544 2918 4331 1 1 1 1.0
1 115579 2921 2418 1 50 0 1.0
1 147288 2922 3878 1 1 0 1.0
1 106643 2925 2229 1 50 1 1.0
1 78399 2926 1591 1 10 0 1.0
1 78001 2927 2039 1 10 0 1.0
1 127355 2929 3458 1 10 1 1.0
1 111540 2929 3274 1 10 1 1.0
1 129056 2931 2934 1 1 1 1.0
1 69669 2932 1442 1 10 0 1.0
1 134251 2932 3963 1 10 0 1.0
1 75438 2932 2109 1 1 1 1.0
1 91197 2934 2085 1 1 1 1.0
1 102729 2937 2175 1 1 0 1.0
1 117926 2937 3044 1 1 0 1.0
1 120265 2942 2837 1 10 1 1.0
1 125066 2944 3530 1 1 0 1.0
1 103318 2948 2457 1 10 0 1.0
1 93289 2948 2372 1 1 0 1.0
1 106069 2949 2862 1 50 0 1.0
1 158228 2949 4179 1 1 0 1.0
1 177886 2949 4719 1 1 0 1.0
1 117308 2953 2682 1 1 1 1.0
1 77455 2955 1606 1 1 0 1.0
1 90006 2957 1829 1 50 1 1.0
1 105324 2965 2371 1 1 1 1.0
1 62199 2967 1425 1 1 0 1.0
1 97852 2967 2138 1 1 1 1.0
1 159042 2967 4197 1 10 0 1.0
1 167191 2967 4011 1 1 0 1.0
1 175555 2968 3655 1 10 1 1.0
1 88563 2968 2285 1 10 0 1.0
1 166897 2972 3354 1 1 1 1.0
1 116764 2973 2704 1 1 0 1.0
1 139003 2976 4122 1 10 1 1.0
1 76310 2979 2140 1 1 1 1.0
1 154166 2984 3746 1 1 0 1.0
1 168172 2985 3578 1 1 0 1.0
1 62883 2992 1372 1 10 1 1.0
1 98678 2994 2824 1 10 1 1.0
1 170328 3000 4265 1 1 1 1.0
1 113525 3000 2800 1 50 0 1.0
1 116502 3001 2466 1 10 0 1.0
1 166235 3001 4160 1 10 1 1.0
1 94464 3002 1942 1 1 0 1.0
1 79451 3003 1661 1 1 1 1.0
1 134108 3018 3119 1 10 1 1.0
1 98019 3026 2572 1 1 0 1.0
1 78849 3026 1815 1 10 1 1.0
1 178736 3028 5241 1 10 0 1.0
1 72614 3029 2070 1 10 1 1.0
1 158487 3030 4455 1 50 1 1.0
1 163625 3030 3436 1 1 1 1.0
1 133308 3041 2795 1 1 1 1.0
1 104306 3046 2948 1 10 0 1.0
1 115153 3048 2594 1 1 1 1.0
1 156366 3048 3414 1 1 0 1.0
1 68856 3053 1685 1 1 1 1.0
1 130930 3054 3035 1 1 0 1.0
1 119078 3057 2814 1 1 0 1.0
1 114037 3059 2936 1 50 1 1.0
1 99527 3059 2315 1 1 1 1.0
1 145340 3062 3022 1 10 1 1.0
1 119789 3062 2921 1 1 1 1.0
1 137848 3067 4042 1 1 1 1.0
1 114290 3067 2937 1 10 0 1.0
1 177010 3067 3588 1 1 1 1.0
1 122626 3074 3423 1 1 0 1.0
1 78329 3075 1667 1 1 1 1.0
1 80249 3079 1953 1 10 1 1.0
1 79635 3079 1990 1 1 0 1.0
1 119550 3090 2824 1 1 1 1.0
1 177375 3092 3977 1 1 1 1.0
1 144180 3097 2972 1 10 1 1.0
1 92380 3099 2452 1 10 0 1.0
1 137983 3100 2919 1 1 0 1.0
1 176971 3101 4571 1 1 1 1.0
1 173640 3101 4497 1 1 1 1.0
1 169313 3103 4897 1 10 1 1.0
1 103951 3104 2218 1 1 1 1.0
1 134241 3106 3291 1 50 0 1.0
1 70733 3112 1816 1 1 1 1.0
1 135667 3112 3603 1 10 0 1.0
1 110372 3112 3217 1 1 0 1.0
1 92153 3112 2382 1 1 0 1.0
1 68841 3119 1496 1 1 0 1.0
1 160073 3119 3247 1 1 1 1.0
1 73681 3120 2077 1 1 0 1.0
1 118301 3122 2588 1 10 0 1.0
1 173008 3122 4050 1 1 0 1.0
1 146366 3128 3927 1 1 1 1.0
1 165658 3130 3372 1 1 0 1.0
1 63657 3132 1539 1 1 0 1.0
1 129947 3135 2836 1 1 1 1.0
1 95762 3136 2447 1 1 1 1.0
1 114950 3137 3357 1 1 0 1.0
1 112073 3140 2941 1 1 0 1.0
1 70156 3144 1609 1 1 1 1.0
1 62119 3145 1612 1 10 0 1.0
1 105182 3146 2451 1 10 1 1.0
1 139105 3148 3899 1 1 0 1.0
1 175200 3153 3659 1 10 0 1.0
1 98541 3153 2852 1 1 0 1.0
1 62759 3155 1714 1 50 0 1.0
1 153158 3157 3327 1 1 1 1.0
1 69212 3158 1868 1 1 1 1.0
1 113432 3158 3063 1 10 1 1.0
1 65915 3159 1757 1 10 0 1.0
1 121317 3163 3260 1 1 1 1.0
1 92694 3164 2314 1 10 0 1.0
1 123925 3164 3153 1 1 0 1.0
1 75784 3165 1613 1 10 1 1.0
1 126361 3165 3735 1 10 0 1.0
1 82681 3173 2172 1 10 1 1.0
1 116672 3174 3446 1 1 0 1.0
1 78043 3176 1914 1 1 0 1.0
1 98910 3177 2039 1 1 0 1.0
1 84212 3180 2470 1 1 0 1.0
1 106775 3180 2427 1 10 0 1.0
1 87343 3181 1992 1 1 1 1.0
1 126815 3187 3761 1 1 1 1.0
1 178099 3192 4327 1 10 1 1.0
1 124272 3201 3656 1 1 0 1.0
1 162496 3209 3586 1 1 1 1.0
1 74590 3210 2030 1 10 0 1.0
1 168758 3210 4245 1 1 0 1.0
1 124822 3212 3557 1 1 1 1.0
1 177511 3214 5180 1 10 0 1.0
1 129964 3215 2911 1 1 1 1.0
1 84935 3215 2036 1 10 1 1.0
1 64404 3217 1681 1 1 0 1.0
1 178618 3217 3955 1 1 1 1.0
1 152060 3221 3340 1 10 1 1.0
1 92312 3228 2612 1 1 0 1.0
1 124415 3236 3584 1 10 0 1.0
1 92162 3239 1913 1 10 0 1.0
1 62592 3246 1838 1 1 0 1.0
1 136212 3248 3792 1 10 0 1.0
1 64936 3253 1839 1 1 0 1.0
1 107937 3255 2352 1 1 1 1.0
1 80475 3258 1850 1 50 0 1.0
1 62713 3258 1869 1 1 0 1.0
1 112789 3259 3180 1 10 1 1.0
1 162471 3260 4598 1 50 1 1.0
1 70160 3262 1952 1 50 0 1.0
1 177673 3262 4994 1 1 1 1.0
1 80256 3263 2387 1 50 1 1.0
1 147934 3263 3438 1 1 0 1.0
1 95476 3264 2222 1 1 0 1.0
1 120551 3264 3384 1 1 0 1.0
1 117861 3267 3415 1 1 0 1.0
1 78324 3267 1771 1 1 0 1.0
1 91961 3268 2183 1 1 0 1.0
1 139193 3276 3478 1 1 1 1.0
1 155365 3282 4250 1 1 1 1.0
1 176170 3290 5117 1 1 1 1.0
1 110186 3294 2942 1 10 0 1.0
1 89499 3295 1807 1 10 0 1.0
1 78358 3295 2042 1 1 0 1.0
1 122559 3299 2947 1 1 1 1.0
1 153695 3299 4447 1 1 0 1.0
1 110973 3300 2948 1 1 0 1.0
1 80334 3302 2347 1 10 1 1.0
1 74639 3303 2087 1 10 0 1.0
1 154608 3303 4254 1 10 1 1.0
1 160959 3309 4596 1 1 1 1.0
1 66589 3309 1554 1 50 1 1.0
1 162827 3310 3498 1 1 0 1.0
1 122380 3311 2982 1 10 1 1.0
1 132719 3313 3868 1 10 1 1.0
1 76443 3313 1630 1 10 1 1.0
1 173107 3314 4208 1 10 1 1.0
1 64501 3319 1862 1 1 0 1.0
1 72411 3320 1467 1 1 1 1.0
1 137709 3329 2907 1 1 1 1.0
1 164061 3330 4316 1 1 1 1.0
1 172191 3334 3765 1 10 1 1.0
1 162791 3336 3969 1 50 0 1.0
1 144165 3337 4186 1 1 0 1.0
1 139446 3338 3609 1 1 0 1.0
1 63072 3339 1476 1 1 1 1.0
1 147984 3347 4307 1 1 0 1.0
1 136745 3347 3252 1 1 1 1.0
1 114441 3347 3192 1 1 1 1.0
1 156956 3350 3412 1 10 1 1.0
1 94746 3351 2036 1 10 0 1.0
1 150080 3355 3096 1 10 0 1.0
1 102977 3356 2072 1 1 1 1.0
1 113694 3360 2902 1 10 1 1.0
1 61429 3360 1391 1 1 1 1.0
1 160780 3361 3374 1 10 0 1.0
1 121059 3361 2632 1 10 1 1.0
1 174162 3362 4812 1 50 0 1.0
1 152223 3363 4536 1 1 1 1.0
1 136395 3369 2928 1 1 1 1.0
1 130143 3376 2953 1 10 1 1.0
1 119941 3376 2514 1 1 0 1.0
1 104498 3379 2639 1 1 0 1.0
1 178023 3384 4798 1 1 0 1.0
1 139371 3384 3946 1 1 0 1.0
1 113874 3384 3216 1 1 1 1.0
1 91872 3385 2489 1 1 0 1.0
1 133270 3386 3721 1 10 1 1.0
1 74751 3388 1828 1 1 1 1.0
1 146618 3389 4162 1 1 0 1.0
1 75635 3391 1967 1 1 1 1.0
1 154274 3393 3103 1 10 0 1.0
1 174460 3406 4726 1 1 0 1.0
1 175705 3406 5164 1 1 1 1.0
1 69790 3406 1564 1 50 0 1.0
1 61841 3406 1406 1 1 0 1.0
1 152402 3408 4384 1 1 0 1.0
1 96140 3411 2616 1 10 0 1.0
1 166834 3412 4147 1 1 0 1.0
1 142055 3415 3559 1 1 1 1.0
1 158464 3415 4223 1 1 1 1.0
1 160884 3419 4622 1 1 1 1.0
1 175723 3420 4221 1 1 0 1.0
1 138196 3420 3135 1 1 1 1.0
1 87867 3426 1791 1 10 0 1.0
1 127049 3427 3522 1 10 0 1.0
1 148008 3427 3725 1 1 1 1.0
1 110126 3428 2902 1 1 1 1.0
1 84177 3429 1823 1 1 1 1.0
1 172135 3432 4496 1 1 0 1.0
1 156065 3436 4214 1 50 0 1.0
1 131523 3437 2951 1 50 0 1.0
1 162885 3440 4024 1 1 0 1.0
1 123439 3440 2723 1 1 0 1.0
1 178821 3441 4784 1 10 1 1.0
1 127999 3442 3183 1 1 0 1.0
1 90967 3443 2208 1 1 1 1.0
1 99427 3443 2081 1 1 1 1.0
1 135788 3443 3675 1 1 1 1.0
1 177329 3444 4064 1 1 0 1.0
1 69922 3444 1453 1 1 1 1.0
1 73852 3450 1830 1 50 0 1.0
1 78642 3450 2234 1 1 1 1.0
1 169679 3455 3873 1 1 1 1.0
1 147437 3457 4229 1 10 1 1.0
1 137106 3457 3930 1 1 1 1.0
1 124535 3458 2821 1 1 0 1.0
1 165708 3468 4050 1 1 1 1.0
1 93847 3470 2481 1 1 1 1.0
1 138903 3476 3026 1 10 0 1.0
1 106257 3476 3099 1 50 1 1.0
1 163990 3477 3652 1 1 0 1.0
1 160362 3477 3860 1 10 0 1.0
1 97736 3478 2854 1 10 0 1.0
1 60905 3478 1771 1 1 0 1.0
1 152238 3479 3132 1 1 1 1.0
1 131544 3480 3164 1 1 0 1.0
1 149670 3482 3601 1 1 1 1.0
1 73792 3485 2103 1 1 0 1.0
1 140876 3486 3089 1 1 0 1.0
1 68193 3488 1692 1 10 1 1.0
1 138022 3489 2973 1 1 1 1.0
1 144063 3491 3575 1 50 0 1.0
1 85925 3491 2394 1 1 1 1.0
1 172072 3495 5106 1 1 1 1.0
1 60969 3501 1704 1 1 1 1.0
1 62031 3502 1449 1 1 1 1.0
1 161739 3504 4455 1 10 0 1.0
1 153748 3506 4576 1 10 1 1.0
1 120789 3511 3326 1 50 1 1.0
1 85394 3514 1905 1 1 0 1.0
1 77456 3515 1954 1 1 1 1.0
1 147626 3516 4370 1 10 0 1.0
1 173056 3517 4128 1 1 0 1.0
1 155450 3520 3293 1 1 0 1.0
1 85973 3526 2353 1 1 0 1.0
1 168476 3533 4008 1 1 1 1.0
1 105779 3540 2977 1 10 0 1.0
1 155910 3541 3343 1 50 1 1.0
1 74089 3543 1800 1 1 0 1.0
1 81083 3545 1968 1 10 1 1.0
1 148747 3549 4315 1 1 1 1.0
1 119102 3554 3400 1 1 0 1.0
1 159992 3556 3374 1 1 0 1.0
1 97389 3558 2578 1 10 0 1.0
1 130356 3559 3896 1 1 1 1.0
1 68606 3562 1476 1 50 1 1.0
1 79805 3564 2388 1 10 0 1.0
1 168493 3566 3922 1 10 0 1.0
1 82536 3571 2080 1 1 0 1.0
1 103452 3573 2714 1 10 1 1.0
1 95631 3573 2615 1 10 1 1.0
1 99837 3577 2531 1 1 1 1.0
1 94955 3578 2035 1 1 1 1.0
1 126268 3578 3079 1 10 1 1.0
1 99467 3589 2827 1 10 0 1.0
1 173758 3589 4100 1 10 0 1.0
1 75869 3590 2043 1 1 1 1.0
1 72791 3590 1766 1 1 0 1.0
1 130060 3594 3293 1 50 0 1.0
1 135013 3596 3636 1 1 1 1.0
1 127687 3597 2840 1 1 1 1.0
1 130978 3599 3064 1 1 1 1.0
