1500
2 170654 0 3962 1 1 0 1.0
2 66698 2 1487 1 1 0 1.0
2 142776 2 3734 1 1 1 1.0
2 176575 4 4254 1 10 0 1.0
2 90570 4 1909 1 1 1 1.0
2 118742 10 3347 1 1 0 1.0
2 77154 12 2089 1 1 1 1.0
2 127797 13 2557 1 1 1 1.0
2 66880 13 1573 1 10 0 1.0
2 150585 16 3629 1 1 1 1.0
2 173040 18 3801 1 50 1 1.0
2 142666 23 4112 1 1 0 1.0
2 124416 28 3059 1 1 1 1.0
2 177542 29 4524 1 1 1 1.0
2 94470 30 2158 1 1 0 1.0
2 133493 31 3282 1 1 0 1.0
2 72215 34 1785 1 1 1 1.0
2 105693 35 2780 1 10 0 1.0
2 100647 35 2067 1 1 0 1.0
2 179895 36 3723 1 10 1 1.0
2 67185 38 1571 1 10 1 1.0
2 106450 40 2811 1 10 0 1.0
2 142421 46 3815 1 1 0 1.0
2 135426 48 3485 1 1 1 1.0
2 81868 49 1975 1 1 1 1.0
2 176989 50 3677 1 10 1 1.0
2 78731 54 1607 1 10 0 1.0
2 97894 57 2428 1 10 0 1.0
2 164000 59 4190 1 1 0 1.0
2 64558 62 1764 1 1 0 1.0
2 91805 69 2133 1 1 0 1.0
2 101625 69 2422 1 1 0 1.0
2 178633 70 3695 1 1 1 1.0
2 164063 71 4501 1 10 1 1.0
2 146230 74 3804 1 10 0 1.0
2 104264 76 2356 1 1 0 1.0
2 68051 81 1634 1 1 0 1.0
2 91149 84 1866 1 10 0 1.0
2 86449 85 1836 1 10 1 1.0
2 147061 85 4022 1 10 1 1.0
2 67576 88 1662 1 1 0 1.0
2 146702 91 3386 1 1 0 1.0
2 79998 94 1625 1 50 0 1.0
2 173837 97 3826 1 50 1 1.0
2 92952 100 2565 1 50 1 1.0
2 174375 104 4677 1 1 1 1.0
2 142884 104 3097 1 1 1 1.0
2 167413 108 4471 1 1 0 1.0
2 83486 109 2316 1 1 0 1.0
2 114797 109 2878 1 50 0 1.0
2 159617 112 3882 1 10 1 1.0
2 112685 113 2385 1 10 0 1.0
2 134214 116 3813 1 10 0 1.0
2 148129 121 3691 1 50 1 1.0
2 108001 125 2672 1 1 1 1.0
2 159188 125 4200 1 1 1 1.0
2 71568 131 1640 1 1 0 1.0
2 153181 131 3121 1 1 1 1.0
2 71157 133 1786 1 1 1 1.0
2 89603 133 2256 1 10 0 1.0
2 162205 137 3282 1 1 0 1.0
2 117452 139 3409 1 1 1 1.0
2 160316 140 4596 1 1 1 1.0
2 107677 141 3130 1 50 0 1.0
2 135254 148 3974 1 50 0 1.0
2 80977 150 1799 1 10 0 1.0
2 129298 150 2622 1 1 1 1.0
2 86274 153 2193 1 10 0 1.0
2 135622 155 2955 1 50 1 1.0
2 125626 155 3411 1 1 1 1.0
2 133422 156 2796 1 10 0 1.0
2 109150 157 2357 1 50 1 1.0
2 110864 157 3198 1 1 1 1.0
2 70188 159 1562 1 10 1 1.0
2 89359 159 1817 1 1 1 1.0
2 156860 164 3591 1 50 0 1.0
2 176896 167 4674 1 1 1 1.0
2 90550 169 1934 1 1 0 1.0
2 84097 169 2197 1 1 0 1.0
2 90597 171 2199 1 1 1 1.0
2 73895 174 2115 1 10 1 1.0
2 134504 177 3086 1 1 0 1.0
2 85374 185 2308 1 50 0 1.0
2 63998 190 1817 1 10 1 1.0
2 91236 192 1875 1 10 1 1.0
2 88037 195 2322 1 10 0 1.0
2 89666 199 2121 1 1 1 1.0
2 138228 201 3236 1 1 1 1.0
2 145703 202 3272 1 10 1 1.0
2 178814 202 5029 1 1 0 1.0
2 136329 202 3685 1 50 0 1.0
2 123071 203 3268 1 10 0 1.0
2 79253 204 1772 1 1 1 1.0
2 112622 204 3016 1 1 0 1.0
2 106698 206 2497 1 1 1 1.0
2 110484 208 2428 1 1 0 1.0
2 63575 211 1833 1 10 0 1.0
2 132970 214 3208 1 10 0 1.0
2 90045 220 2620 1 10 0 1.0
2 81787 223 2216 1 1 1 1.0
2 120314 226 2600 1 10 1 1.0
2 106583 227 2925 1 1 0 1.0
2 81363 227 2190 1 1 0 1.0
2 68669 228 1617 1 1 0 1.0
2 138860 229 4072 1 1 0 1.0
2 67564 233 1808 1 50 0 1.0
2 175042 235 4171 1 1 0 1.0
2 135299 235 3969 1 10 1 1.0
2 143066 236 3359 1 1 1 1.0
2 171270 236 4452 1 10 1 1.0
2 68892 237 1879 1 1 1 1.0
2 93626 237 2452 1 10 1 1.0
2 128096 239 3100 1 1 0 1.0
2 133909 240 2679 1 1 0 1.0
2 64355 240 1330 1 1 0 1.0
2 68405 243 1846 1 1 0 1.0
2 126860 245 2740 1 1 0 1.0
2 67688 246 1392 1 1 0 1.0
2 117132 250 3081 1 10 0 1.0
2 93472 255 2075 1 10 0 1.0
2 113517 257 2981 1 10 1 1.0
2 71353 260 1436 1 50 1 1.0
2 69867 266 2037 1 1 0 1.0
2 166194 266 4597 1 1 0 1.0
2 119123 267 3144 1 10 1 1.0
2 96163 267 2102 1 1 1 1.0
2 177413 271 4963 1 50 1 1.0
2 140941 271 3247 1 10 1 1.0
2 140321 273 3585 1 1 1 1.0
2 101595 273 2839 1 1 0 1.0
2 77959 277 1630 1 50 0 1.0
2 61763 278 1516 1 10 1 1.0
2 80591 280 2228 1 1 1 1.0
2 92886 282 2547 1 1 0 1.0
2 175328 284 4867 1 50 1 1.0
2 93138 287 1948 1 10 1 1.0
2 102045 291 2288 1 10 0 1.0
2 110164 292 3303 1 1 1 1.0
2 100373 295 2194 1 1 1 1.0
2 92952 303 2756 1 10 1 1.0
2 112770 304 2942 1 10 1 1.0
2 163853 310 4446 1 50 0 1.0
2 78725 323 2186 1 1 1 1.0
2 117273 326 2829 1 1 0 1.0
2 155514 328 4136 1 1 0 1.0
2 173264 334 4330 1 10 1 1.0
2 161389 334 3767 1 10 1 1.0
2 97042 334 2527 1 10 1 1.0
2 81774 337 2202 1 1 0 1.0
2 75536 347 1723 1 1 0 1.0
2 101537 355 2853 1 1 0 1.0
2 98269 356 2001 1 10 1 1.0
2 156632 364 3600 1 1 0 1.0
2 131892 366 2652 1 10 1 1.0
2 151748 367 3422 1 10 0 1.0
2 167910 368 4163 1 10 1 1.0
2 159631 369 4048 1 1 0 1.0
2 118391 370 2546 1 1 0 1.0
2 141199 372 3383 1 1 1 1.0
2 69485 373 2038 1 10 1 1.0
2 63164 373 1598 1 10 1 1.0
2 64596 375 1451 1 1 1 1.0
2 161736 375 4013 1 1 1 1.0
2 121008 379 3312 1 1 1 1.0
2 167118 381 3747 1 10 0 1.0
2 147529 383 3231 1 1 0 1.0
2 75757 385 1892 1 1 1 1.0
2 102047 387 2752 1 10 1 1.0
2 90895 387 2660 1 1 0 1.0
2 62857 392 1260 1 1 0 1.0
2 98697 394 2662 1 50 0 1.0
2 93800 396 2324 1 50 1 1.0
2 75884 397 1953 1 10 0 1.0
2 83335 398 2144 1 10 0 1.0
2 149009 401 4084 1 10 0 1.0
2 87782 401 2058 1 1 0 1.0
2 130726 401 2971 1 10 1 1.0
2 156515 404 4545 1 1 0 1.0
2 130294 405 3856 1 1 0 1.0
2 110993 407 3256 1 1 1 1.0
2 166727 409 4666 1 10 0 1.0
2 115998 418 3069 1 1 1 1.0
2 71166 418 1866 1 1 0 1.0
2 76243 423 2238 1 1 0 1.0
2 106347 425 2667 1 1 1 1.0
2 138593 428 3493 1 1 1 1.0
2 123094 432 3143 1 1 0 1.0
2 92727 434 2750 1 1 1 1.0
2 103072 438 2589 1 1 0 1.0
2 173728 439 4379 1 1 1 1.0
2 92773 439 2371 1 10 1 1.0
2 100519 440 2513 1 1 0 1.0
2 95877 442 2102 1 10 0 1.0
2 92046 445 2274 1 1 1 1.0
2 79159 445 2048 1 1 0 1.0
2 99311 449 2037 1 50 0 1.0
2 175824 449 4105 1 10 0 1.0
2 169624 450 4945 1 10 1 1.0
2 97992 450 2434 1 1 1 1.0
2 61578 450 1324 1 1 1 1.0
2 79856 451 2194 1 1 1 1.0
2 163777 453 4064 1 1 0 1.0
2 173308 456 3550 1 10 1 1.0
2 80308 463 1911 1 1 0 1.0
2 118421 464 3335 1 50 0 1.0
2 144256 464 3287 1 10 1 1.0
2 176011 469 4215 1 1 0 1.0
2 141910 469 3315 1 1 0 1.0
2 108460 471 2527 1 10 1 1.0
2 84121 476 2060 1 10 0 1.0
2 78314 477 1614 1 1 1 1.0
2 106960 479 2450 1 10 1 1.0
2 144968 481 3250 1 10 1 1.0
2 145705 483 3572 1 1 1 1.0
2 105644 486 2959 1 1 0 1.0
2 72527 486 2082 1 1 1 1.0
2 132682 487 3137 1 10 0 1.0
2 91441 496 2263 1 50 0 1.0
2 166090 502 4235 1 50 1 1.0
2 179156 502 3637 1 50 1 1.0
2 155535 510 4216 1 1 1 1.0
2 103533 513 2788 1 1 0 1.0
2 124196 513 3089 1 10 1 1.0
2 102342 513 2525 1 1 1 1.0
2 87161 515 2138 1 10 0 1.0
2 66940 520 1752 1 50 0 1.0
2 105745 520 2678 1 1 1 1.0
2 145606 526 4100 1 1 0 1.0
2 161995 528 3453 1 1 0 1.0
2 176103 529 5032 1 1 0 1.0
2 93467 530 2053 1 50 0 1.0
2 125896 533 3208 1 1 0 1.0
2 103305 536 2306 1 1 0 1.0
2 133812 540 2732 1 10 0 1.0
2 145271 549 3259 1 1 0 1.0
2 67058 550 1536 1 1 0 1.0
2 61216 552 1373 1 1 0 1.0
2 127294 554 3355 1 1 0 1.0
2 140028 556 4042 1 1 1 1.0
2 155002 558 3710 1 1 1 1.0
2 132477 562 2943 1 1 0 1.0
2 71582 563 1675 1 1 0 1.0
2 165515 565 4023 1 10 0 1.0
2 93711 565 2670 1 1 0 1.0
2 160943 569 3900 1 1 1 1.0
2 69503 571 1633 1 50 0 1.0
2 74928 573 2049 1 10 0 1.0
2 108622 575 2631 1 1 1 1.0
2 118180 576 2758 1 1 0 1.0
2 92618 577 2591 1 1 0 1.0
2 70791 579 1823 1 1 0 1.0
2 131338 587 3066 1 1 1 1.0
2 77362 597 2138 1 50 1 1.0
2 175961 598 5032 1 1 0 1.0
2 60495 598 1653 1 1 0 1.0
2 132998 599 3671 1 1 0 1.0
2 67867 600 1917 1 1 0 1.0
2 168011 601 4324 1 1 1 1.0
2 151831 603 3121 1 50 1 1.0
2 167317 604 4371 1 10 0 1.0
2 108641 604 2391 1 1 1 1.0
2 155779 605 3558 1 1 0 1.0
2 130560 613 3853 1 1 1 1.0
2 80009 615 2150 1 1 0 1.0
2 72554 615 2045 1 1 0 1.0
2 72566 619 1945 1 1 0 1.0
2 176682 620 3891 1 1 0 1.0
2 109572 628 3175 1 1 1 1.0
2 89762 630 2496 1 1 0 1.0
2 166174 634 3387 1 10 1 1.0
2 165554 637 3464 1 50 1 1.0
2 120323 638 2819 1 1 1 1.0
2 166687 639 3478 1 1 0 1.0
2 95126 642 2532 1 1 1 1.0
2 80472 644 2029 1 1 1 1.0
2 77231 646 1546 1 1 1 1.0
2 114377 649 2559 1 1 1 1.0
2 105485 650 2483 1 50 0 1.0
2 107812 663 2776 1 50 0 1.0
2 171815 664 3729 1 1 1 1.0
2 130295 664 3077 1 1 0 1.0
2 95049 664 2708 1 10 1 1.0
2 171407 667 4608 1 10 1 1.0
2 79259 670 2300 1 10 1 1.0
2 154693 673 3643 1 1 1 1.0
2 76258 682 1878 1 1 1 1.0
2 73326 687 1769 1 1 0 1.0
2 137118 691 3200 1 1 1 1.0
2 173189 695 3632 1 1 0 1.0
2 94526 697 2357 1 50 1 1.0
2 165404 699 4807 1 1 0 1.0
2 61371 700 1518 1 10 0 1.0
2 155001 700 3914 1 1 0 1.0
2 100593 700 2516 1 1 1 1.0
2 135317 701 3040 1 10 1 1.0
2 162474 701 3368 1 10 0 1.0
2 69280 706 1704 1 1 0 1.0
2 68484 709 1718 1 1 0 1.0
2 145378 716 3521 1 1 1 1.0
2 122092 716 3323 1 1 0 1.0
2 113903 718 3077 1 10 0 1.0
2 174344 719 4323 1 1 1 1.0
2 175590 719 3560 1 10 1 1.0
2 65320 720 1781 1 10 1 1.0
2 129903 721 3085 1 1 1 1.0
2 149305 725 3270 1 1 0 1.0
2 93184 728 2193 1 10 0 1.0
2 66421 735 1436 1 1 0 1.0
2 83772 736 2171 1 1 0 1.0
2 108723 737 3207 1 10 1 1.0
2 78457 739 2067 1 1 1 1.0
2 86133 741 2105 1 1 0 1.0
2 81074 741 2203 1 10 1 1.0
2 63220 744 1279 1 10 0 1.0
2 141642 745 2934 1 10 1 1.0
2 116607 747 3172 1 1 0 1.0
2 155411 747 4142 1 1 0 1.0
2 175199 750 5204 1 10 1 1.0
2 153420 751 3348 1 1 1 1.0
2 89139 751 2353 1 10 1 1.0
2 128350 752 3014 1 10 0 1.0
2 103239 754 2438 1 1 1 1.0
2 168414 757 4693 1 1 0 1.0
2 100391 759 2175 1 10 1 1.0
2 155584 761 4555 1 1 1 1.0
2 119212 770 2840 1 1 0 1.0
2 103155 771 2877 1 10 0 1.0
2 114724 775 3055 1 50 0 1.0
2 94562 780 2585 1 1 1 1.0
2 151871 781 3728 1 1 1 1.0
2 105277 787 2538 1 10 1 1.0
2 84660 788 2136 1 1 1 1.0
2 100734 800 2957 1 1 1 1.0
2 133704 802 2768 1 1 1 1.0
2 138779 802 3912 1 10 1 1.0
2 113642 805 2483 1 1 0 1.0
2 159095 807 4409 1 1 1 1.0
2 147628 807 3140 1 1 0 1.0
2 70943 809 1851 1 1 0 1.0
2 128237 811 3788 1 1 1 1.0
2 147321 814 4125 1 1 1 1.0
2 161082 818 4325 1 1 1 1.0
2 140285 823 3192 1 1 0 1.0
2 61080 823 1814 1 1 0 1.0
2 179098 823 5284 1 10 0 1.0
2 112475 824 2809 1 1 0 1.0
2 152410 830 4228 1 1 1 1.0
2 156692 830 4583 1 10 1 1.0
2 98267 830 2723 1 10 0 1.0
2 111467 831 2318 1 1 0 1.0
2 95161 832 2589 1 10 0 1.0
2 89681 834 1808 1 1 1 1.0
2 115360 834 2905 1 1 0 1.0
2 139875 835 3515 1 10 0 1.0
2 136152 840 3264 1 10 1 1.0
2 160530 841 3632 1 1 0 1.0
2 133031 842 2981 1 1 0 1.0
2 95942 843 1966 1 1 0 1.0
2 125200 850 3239 1 1 1 1.0
2 75473 851 2098 1 1 0 1.0
2 129571 853 3206 1 1 0 1.0
2 86478 854 1893 1 1 0 1.0
2 159173 856 3323 1 1 1 1.0
2 129639 859 3159 1 10 0 1.0
2 98913 859 2579 1 1 0 1.0
2 124898 859 2966 1 10 1 1.0
2 61484 859 1784 1 1 0 1.0
2 92257 862 1869 1 1 1 1.0
2 143639 864 2983 1 1 0 1.0
2 91980 872 2344 1 1 0 1.0
2 116090 875 2800 1 10 1 1.0
2 153200 876 3936 1 50 0 1.0
2 77015 881 2277 1 10 1 1.0
2 80068 885 1836 1 10 1 1.0
2 129061 888 2645 1 1 1 1.0
2 169773 889 4840 1 1 1 1.0
2 104327 890 2356 1 1 0 1.0
2 101860 891 2097 1 10 0 1.0
2 152145 895 3717 1 1 1 1.0
2 135579 898 3216 1 1 1 1.0
2 101086 899 2837 1 50 0 1.0
2 164909 902 4869 1 1 0 1.0
2 165053 903 3315 1 1 1 1.0
2 131002 906 2806 1 10 1 1.0
2 127873 907 3720 1 1 1 1.0
2 130503 907 3890 1 1 1 1.0
2 64939 907 1489 1 10 1 1.0
2 97149 909 2298 1 1 0 1.0
2 115556 911 2630 1 50 1 1.0
2 123881 912 2993 1 1 0 1.0
2 157790 912 3324 1 1 1 1.0
2 166855 913 4518 1 50 1 1.0
2 148925 914 3007 1 1 1 1.0
2 116592 923 3450 1 1 1 1.0
2 109894 933 2545 1 1 1 1.0
2 125687 938 3568 1 10 1 1.0
2 81368 942 2172 1 1 0 1.0
2 133672 943 3464 1 10 1 1.0
2 159450 946 4690 1 1 0 1.0
2 85835 948 1792 1 1 0 1.0
2 114576 950 3396 1 1 1 1.0
2 175627 951 4954 1 1 0 1.0
2 162461 956 4441 1 50 0 1.0
2 117933 960 3392 1 1 1 1.0
2 89576 963 2302 1 10 1 1.0
2 156588 963 4470 1 50 1 1.0
2 99386 963 2110 1 10 1 1.0
2 85715 966 2280 1 1 1 1.0
2 91767 971 1895 1 1 0 1.0
2 64287 973 1496 1 1 1 1.0
2 168354 973 4351 1 1 0 1.0
2 145502 983 3984 1 1 1 1.0
2 119276 983 2471 1 10 0 1.0
2 77181 986 2267 1 10 0 1.0
2 176505 987 4367 1 10 1 1.0
2 121524 988 2688 1 10 1 1.0
2 174024 989 3537 1 1 0 1.0
2 159272 992 4758 1 10 0 1.0
2 92004 996 2362 1 50 1 1.0
2 68950 998 1757 1 50 0 1.0
2 108197 1001 3098 1 1 1 1.0
2 154656 1003 4206 1 10 1 1.0
2 161882 1006 3545 1 10 0 1.0
2 129678 1008 2834 1 10 1 1.0
2 161240 1016 3863 1 1 0 1.0
2 105746 1023 2173 1 1 0 1.0
2 135278 1024 3013 1 10 0 1.0
2 78730 1026 2347 1 10 1 1.0
2 127083 1033 2647 1 10 0 1.0
2 102989 1034 2885 1 1 0 1.0
2 83906 1036 2009 1 50 0 1.0
2 124381 1038 3696 1 10 1 1.0
2 93080 1040 2737 1 10 1 1.0
2 132285 1041 3070 1 1 1 1.0
2 146353 1044 3461 1 1 0 1.0
2 126783 1045 3284 1 1 0 1.0
2 61567 1046 1336 1 1 0 1.0
2 166751 1048 4934 1 10 1 1.0
2 108000 1050 2861 1 1 1 1.0
2 137744 1051 3335 1 10 1 1.0
2 129835 1052 3886 1 1 1 1.0
2 176531 1056 4384 1 1 0 1.0
2 130587 1058 3769 1 1 0 1.0
2 100082 1059 2976 1 10 0 1.0
2 100749 1059 2537 1 10 1 1.0
2 101165 1059 2179 1 10 0 1.0
2 101785 1060 2768 1 10 0 1.0
2 68049 1061 1404 1 1 0 1.0
2 141359 1061 3628 1 1 1 1.0
2 163967 1062 3599 1 1 0 1.0
2 72685 1063 1691 1 1 1 1.0
2 145809 1064 4292 1 1 0 1.0
2 168946 1065 4875 1 1 0 1.0
2 81021 1066 1984 1 50 0 1.0
2 87424 1066 2417 1 1 1 1.0
2 146564 1076 3147 1 10 1 1.0
2 134504 1079 2898 1 1 0 1.0
2 69592 1081 1966 1 1 0 1.0
2 127150 1083 3806 1 1 1 1.0
2 104955 1083 2517 1 1 1 1.0
2 170612 1086 3473 1 10 1 1.0
2 115469 1089 2982 1 10 0 1.0
2 92450 1092 1951 1 10 1 1.0
2 138816 1095 2868 1 1 1 1.0
2 79208 1096 2346 1 1 0 1.0
2 79870 1098 1721 1 10 1 1.0
2 120160 1102 2617 1 10 0 1.0
2 147658 1105 3704 1 10 1 1.0
2 78032 1106 2076 1 50 0 1.0
2 177135 1108 3719 1 10 0 1.0
2 89628 1110 1911 1 1 1 1.0
2 90354 1112 2083 1 1 0 1.0
2 113845 1116 3395 1 10 0 1.0
2 155371 1116 4404 1 1 1 1.0
2 123048 1123 3190 1 10 1 1.0
2 134009 1128 3476 1 1 0 1.0
2 103755 1129 2518 1 1 0 1.0
2 108672 1129 2246 1 1 1 1.0
2 82392 1129 1979 1 1 0 1.0
2 115234 1131 2810 1 10 1 1.0
2 94860 1133 2638 1 1 0 1.0
2 158118 1133 3208 1 1 1 1.0
2 69298 1134 1937 1 10 0 1.0
2 70658 1135 1904 1 1 0 1.0
2 150280 1136 4008 1 1 0 1.0
2 132475 1137 3016 1 1 0 1.0
2 123990 1138 3685 1 1 0 1.0
2 152512 1139 4045 1 1 0 1.0
2 68856 1140 1984 1 10 0 1.0
2 65210 1141 1521 1 1 1 1.0
2 147877 1142 3014 1 10 0 1.0
2 83564 1142 2505 1 10 0 1.0
2 139393 1144 4006 1 1 1 1.0
2 94841 1144 2243 1 1 1 1.0
2 89847 1146 2324 1 10 1 1.0
2 148814 1149 3239 1 1 0 1.0
2 155858 1149 3734 1 1 0 1.0
2 175984 1152 4420 1 10 0 1.0
2 99134 1152 2200 1 10 0 1.0
2 120080 1156 2946 1 10 1 1.0
2 70355 1157 1463 1 50 0 1.0
2 170995 1157 5069 1 10 1 1.0
2 115892 1160 2713 1 10 0 1.0
2 179698 1160 4450 1 1 0 1.0
2 71590 1161 1995 1 1 0 1.0
2 63431 1168 1605 1 50 0 1.0
2 138895 1170 3269 1 1 0 1.0
2 63468 1172 1552 1 10 1 1.0
2 155222 1172 3697 1 1 1 1.0
2 155552 1173 3512 1 10 0 1.0
2 144053 1175 3021 1 1 0 1.0
2 90745 1178 2650 1 10 0 1.0
2 119649 1178 3405 1 10 1 1.0
2 62771 1180 1756 1 1 0 1.0
2 155476 1181 4344 1 1 1 1.0
2 177077 1182 5164 1 10 0 1.0
2 98136 1183 2593 1 10 0 1.0
2 102692 1183 2070 1 1 1 1.0
2 85376 1184 2002 1 1 1 1.0
2 68366 1186 1504 1 1 0 1.0
2 89961 1186 2041 1 1 1 1.0
2 92369 1186 2489 1 1 0 1.0
2 165993 1188 4174 1 1 0 1.0
2 147560 1188 4118 1 1 0 1.0
2 69271 1192 1981 1 1 1 1.0
2 81442 1196 2375 1 1 1 1.0
2 140535 1200 3551 1 10 1 1.0
2 63181 1201 1273 1 10 1 1.0
2 175554 1204 4748 1 1 1 1.0
2 109577 1206 2913 1 1 0 1.0
2 106105 1206 2345 1 10 0 1.0
2 162483 1211 3321 1 1 1 1.0
2 132963 1214 3630 1 1 1 1.0
2 75013 1217 1931 1 1 1 1.0
2 110116 1218 2506 1 1 1 1.0
2 82503 1220 1880 1 1 0 1.0
2 92079 1221 2478 1 50 1 1.0
2 164979 1221 4151 1 10 1 1.0
2 78557 1222 2204 1 50 0 1.0
2 103222 1229 2725 1 1 0 1.0
2 120905 1229 3569 1 1 0 1.0
2 72994 1238 2096 1 10 1 1.0
2 173150 1247 4757 1 1 0 1.0
2 77806 1248 2134 1 50 1 1.0
2 166870 1252 3706 1 1 0 1.0
2 115920 1252 3058 1 1 1 1.0
2 148754 1258 4142 1 10 1 1.0
2 98786 1266 2532 1 1 1 1.0
2 61207 1271 1725 1 1 1 1.0
2 158294 1274 4053 1 1 0 1.0
2 72638 1276 1539 1 10 1 1.0
2 139767 1276 2843 1 1 1 1.0
2 104688 1278 2234 1 1 0 1.0
2 170521 1279 3595 1 50 1 1.0
2 119983 1281 2638 1 1 0 1.0
2 153698 1286 3908 1 1 1 1.0
2 103771 1287 2580 1 1 1 1.0
2 111678 1291 2334 1 1 1 1.0
2 145233 1293 4267 1 50 1 1.0
2 160678 1295 4247 1 10 1 1.0
2 74863 1297 1722 1 10 0 1.0
2 140632 1298 2833 1 1 1 1.0
2 105489 1300 2365 1 1 0 1.0
2 116894 1301 2706 1 1 1 1.0
2 114469 1304 2766 1 1 0 1.0
2 143850 1305 4119 1 1 1 1.0
2 80260 1308 1942 1 10 1 1.0
2 140350 1309 3283 1 1 1 1.0
2 161365 1310 4259 1 10 1 1.0
2 122359 1311 3669 1 1 0 1.0
2 71763 1314 2017 1 1 1 1.0
2 175290 1314 4314 1 10 1 1.0
2 102243 1316 2964 1 1 0 1.0
2 117596 1323 2701 1 1 0 1.0
2 125033 1324 3154 1 1 0 1.0
2 167712 1324 4378 1 10 1 1.0
2 124577 1328 2895 1 50 1 1.0
2 123062 1331 2716 1 10 1 1.0
2 169422 1332 4502 1 10 1 1.0
2 138537 1336 3329 1 1 1 1.0
2 143121 1338 3521 1 50 0 1.0
2 123505 1339 3582 1 1 0 1.0
2 86040 1339 2288 1 1 0 1.0
2 129285 1346 3769 1 1 0 1.0
2 74283 1347 1947 1 1 0 1.0
2 77891 1347 1592 1 1 0 1.0
2 108809 1352 3128 1 50 1 1.0
2 95224 1354 2790 1 1 1 1.0
2 112248 1360 3044 1 1 1 1.0
2 155596 1360 4266 1 1 1 1.0
2 109572 1362 3135 1 1 1 1.0
2 139238 1367 3864 1 50 0 1.0
2 173889 1370 4521 1 10 1 1.0
2 70122 1370 2000 1 1 1 1.0
2 68718 1372 1481 1 1 0 1.0
2 168154 1373 4142 1 10 0 1.0
2 74219 1375 1999 1 1 0 1.0
2 123159 1391 3231 1 1 1 1.0
2 141539 1391 3324 1 1 0 1.0
2 166999 1392 4661 1 1 1 1.0
2 80129 1392 1826 1 1 0 1.0
2 144907 1393 3135 1 1 1 1.0
2 105797 1394 2580 1 1 0 1.0
2 164289 1398 3549 1 1 0 1.0
2 162991 1403 4525 1 1 0 1.0
2 109224 1404 2391 1 10 0 1.0
2 168233 1405 5015 1 1 0 1.0
2 88317 1406 1876 1 10 0 1.0
2 112827 1408 2565 1 1 0 1.0
2 152991 1408 3194 1 1 0 1.0
2 96534 1409 2496 1 10 1 1.0
2 138255 1415 3718 1 10 1 1.0
2 142023 1419 3038 1 1 0 1.0
2 65636 1421 1370 1 1 1 1.0
2 82409 1423 1825 1 10 0 1.0
2 157069 1424 3829 1 10 1 1.0
2 166226 1428 3813 1 50 1 1.0
2 176362 1443 5115 1 1 1 1.0
2 63496 1447 1464 1 10 1 1.0
2 129312 1454 2621 1 10 1 1.0
2 91842 1459 1962 1 10 0 1.0
2 103502 1459 2166 1 10 0 1.0
2 104619 1461 2948 1 1 0 1.0
2 125104 1465 3369 1 10 0 1.0
2 63009 1467 1590 1 1 0 1.0
2 90094 1467 2399 1 50 1 1.0
2 76862 1467 1972 1 1 1 1.0
2 129361 1469 3714 1 10 0 1.0
2 179432 1470 4239 1 1 0 1.0
2 157141 1471 3572 1 10 1 1.0
2 74263 1474 1626 1 10 0 1.0
2 94284 1476 2726 1 10 1 1.0
2 90890 1480 1884 1 1 0 1.0
2 82395 1480 1946 1 10 1 1.0
2 110981 1481 2676 1 1 1 1.0
2 122251 1486 3188 1 1 1 1.0
2 171977 1487 5107 1 1 0 1.0
2 72618 1488 1874 1 1 1 1.0
2 177374 1489 4492 1 1 0 1.0
2 155197 1489 3706 1 1 1 1.0
2 75196 1489 1658 1 10 1 1.0
2 176741 1493 4405 1 10 0 1.0
2 61054 1499 1708 1 1 1 1.0
2 85446 1505 1813 1 1 1 1.0
2 167794 1505 3934 1 10 0 1.0
2 108598 1508 2247 1 10 1 1.0
2 107435 1511 2444 1 10 1 1.0
2 116648 1512 2516 1 10 1 1.0
2 143388 1520 3766 1 1 0 1.0
2 169421 1524 3529 1 1 0 1.0
2 106824 1524 2173 1 1 1 1.0
2 90468 1524 2579 1 1 0 1.0
2 104524 1524 2770 1 50 1 1.0
2 114743 1528 2319 1 10 1 1.0
2 73009 1529 1886 1 1 1 1.0
2 179705 1531 3962 1 10 1 1.0
2 110251 1534 2407 1 10 0 1.0
2 132824 1536 2956 1 1 0 1.0
2 71527 1538 1438 1 1 1 1.0
2 122263 1538 3407 1 1 0 1.0
2 122886 1540 3560 1 1 1 1.0
2 142650 1541 3032 1 1 1 1.0
2 170766 1543 3631 1 10 1 1.0
2 162330 1544 3441 1 1 0 1.0
2 131484 1545 3742 1 1 1 1.0
2 74845 1546 1912 1 10 0 1.0
2 158207 1551 4692 1 10 1 1.0
2 97433 1556 2079 1 10 1 1.0
2 106918 1557 3186 1 1 1 1.0
2 148791 1558 4173 1 10 1 1.0
2 127379 1564 2720 1 1 1 1.0
2 67939 1566 1472 1 1 0 1.0
2 91373 1569 2043 1 50 0 1.0
2 74526 1570 2052 1 1 0 1.0
2 96020 1570 2870 1 1 0 1.0
2 100605 1570 2930 1 1 1 1.0
2 165811 1571 3723 1 1 0 1.0
2 155002 1574 3504 1 10 1 1.0
2 109827 1576 2555 1 10 1 1.0
2 115875 1576 2515 1 1 1 1.0
2 148848 1587 3633 1 1 0 1.0
2 96969 1590 2407 1 10 0 1.0
2 91464 1595 2079 1 1 0 1.0
2 150146 1598 4301 1 50 0 1.0
2 127899 1602 3618 1 1 1 1.0
2 144833 1602 3488 1 1 0 1.0
2 68755 1603 1722 1 50 1 1.0
2 145515 1604 3860 1 1 1 1.0
2 117110 1606 2766 1 1 0 1.0
2 160380 1609 3524 1 1 0 1.0
2 68762 1610 1979 1 10 0 1.0
2 127942 1611 3325 1 10 0 1.0
2 90289 1611 2182 1 10 0 1.0
2 122773 1611 3357 1 1 0 1.0
2 113384 1613 3061 1 10 0 1.0
2 78483 1614 2169 1 1 1 1.0
2 135921 1614 3239 1 1 1 1.0
2 175764 1620 3835 1 1 0 1.0
2 122609 1622 2602 1 10 0 1.0
2 64476 1625 1671 1 1 1 1.0
2 95912 1627 2850 1 1 0 1.0
2 174335 1628 3694 1 1 0 1.0
2 152837 1630 3749 1 10 1 1.0
2 145350 1631 4186 1 1 0 1.0
2 113976 1633 2802 1 1 0 1.0
2 110175 1636 3257 1 1 0 1.0
2 114417 1643 2927 1 10 1 1.0
2 155257 1645 4611 1 1 1 1.0
2 97185 1647 2413 1 1 0 1.0
2 121045 1647 3568 1 1 0 1.0
2 97351 1649 2442 1 1 1 1.0
2 146444 1658 4342 1 10 0 1.0
2 114570 1659 2888 1 10 0 1.0
2 156950 1659 3412 1 1 1 1.0
2 179068 1661 4788 1 10 0 1.0
2 117729 1667 3342 1 1 0 1.0
2 101117 1675 2373 1 1 1 1.0
2 153719 1677 4010 1 10 1 1.0
2 96861 1679 2044 1 1 1 1.0
2 140105 1679 3132 1 1 0 1.0
2 69446 1681 1666 1 1 1 1.0
2 88567 1686 2229 1 1 0 1.0
2 80612 1687 1951 1 10 0 1.0
2 124776 1688 2676 1 1 1 1.0
2 160574 1688 4642 1 1 1 1.0
2 66709 1692 1841 1 1 1 1.0
2 93037 1693 2050 1 10 0 1.0
2 148123 1694 3132 1 1 0 1.0
2 162056 1697 4631 1 10 1 1.0
2 171296 1703 4400 1 1 1 1.0
2 115233 1706 3281 1 10 1 1.0
2 102287 1714 3000 1 1 1 1.0
2 83570 1714 2180 1 1 0 1.0
2 110082 1718 2864 1 1 0 1.0
2 66036 1725 1428 1 1 1 1.0
2 130953 1726 2740 1 50 0 1.0
2 81398 1726 2372 1 1 0 1.0
2 127514 1727 2884 1 1 1 1.0
2 146302 1728 3532 1 1 0 1.0
2 151479 1729 4485 1 10 1 1.0
2 164220 1729 4206 1 1 1 1.0
2 170547 1733 4120 1 10 1 1.0
2 98705 1733 2085 1 1 0 1.0
2 150564 1735 4171 1 10 0 1.0
2 120556 1736 2479 1 1 0 1.0
2 75037 1740 2056 1 1 1 1.0
2 153072 1740 3197 1 1 0 1.0
2 81771 1741 1815 1 1 0 1.0
2 171693 1741 4431 1 1 0 1.0
2 134226 1745 3000 1 1 0 1.0
2 153949 1750 4094 1 1 1 1.0
2 89641 1755 1898 1 1 1 1.0
2 114977 1757 2744 1 10 0 1.0
2 118129 1759 2959 1 1 0 1.0
2 156488 1760 4375 1 1 1 1.0
2 66255 1771 1610 1 1 0 1.0
2 163041 1772 3669 1 1 1 1.0
2 164736 1774 4544 1 10 0 1.0
2 170314 1776 3459 1 10 0 1.0
2 159830 1776 4175 1 1 1 1.0
2 142480 1777 2862 1 1 1 1.0
2 158031 1780 3191 1 1 0 1.0
2 120798 1788 3110 1 10 1 1.0
2 118602 1791 3325 1 10 1 1.0
2 93050 1794 2611 1 50 1 1.0
2 86963 1807 1911 1 1 0 1.0
2 107485 1808 2284 1 1 0 1.0
2 145836 1809 3910 1 1 1 1.0
2 168225 1810 3721 1 1 0 1.0
2 133951 1811 3190 1 1 1 1.0
2 123493 1812 2630 1 1 1 1.0
2 149388 1812 4287 1 50 1 1.0
2 87307 1813 2501 1 1 0 1.0
2 146457 1822 4277 1 50 0 1.0
2 160024 1823 4552 1 10 0 1.0
2 159152 1828 3753 1 1 0 1.0
2 113276 1831 2971 1 10 0 1.0
2 82402 1831 2069 1 1 1 1.0
2 125340 1832 3735 1 10 1 1.0
2 108505 1842 2374 1 1 0 1.0
2 84477 1843 2497 1 1 0 1.0
2 162475 1847 3389 1 1 0 1.0
2 129388 1851 2691 1 1 0 1.0
2 146665 1853 3513 1 50 0 1.0
2 173732 1856 3960 1 50 1 1.0
2 145868 1858 3525 1 10 0 1.0
2 61696 1858 1535 1 1 0 1.0
2 81615 1863 1897 1 10 1 1.0
2 82581 1866 1664 1 1 1 1.0
2 146942 1873 4036 1 1 0 1.0
2 75629 1874 2239 1 1 1 1.0
2 99946 1874 2021 1 1 1 1.0
2 106550 1878 2195 1 1 1 1.0
2 123397 1882 2472 1 50 0 1.0
2 65477 1888 1880 1 1 0 1.0
2 165033 1893 3318 1 1 0 1.0
2 142636 1898 3831 1 1 0 1.0
2 73011 1899 1935 1 1 1 1.0
2 96372 1905 2564 1 50 1 1.0
2 115793 1916 3013 1 10 1 1.0
2 103218 1918 2444 1 1 1 1.0
2 152746 1921 3889 1 1 0 1.0
2 179699 1923 5005 1 1 1 1.0
2 133364 1930 3288 1 1 1 1.0
2 146869 1932 3451 1 10 1 1.0
2 72068 1933 1455 1 1 0 1.0
2 149873 1934 3394 1 1 0 1.0
2 166416 1934 4600 1 1 0 1.0
2 150788 1936 3342 1 1 1 1.0
2 69072 1938 1464 1 1 1 1.0
2 81009 1939 1756 1 1 1 1.0
2 160608 1943 4350 1 50 0 1.0
2 92327 1952 2247 1 1 1 1.0
2 89879 1954 2255 1 1 0 1.0
2 92001 1956 2162 1 1 0 1.0
2 139912 1959 4175 1 1 0 1.0
2 110218 1959 2864 1 10 0 1.0
2 61606 1960 1528 1 1 1 1.0
2 110176 1963 2354 1 1 0 1.0
2 96238 1965 2706 1 10 1 1.0
2 139954 1968 2901 1 50 0 1.0
2 79037 1968 1897 1 10 0 1.0
2 84480 1970 1840 1 10 1 1.0
2 112862 1972 2438 1 50 1 1.0
2 129655 1973 3578 1 10 1 1.0
2 124700 1974 3548 1 1 1 1.0
2 67388 1974 1965 1 1 1 1.0
2 170104 1980 3991 1 10 0 1.0
2 133364 1981 3899 1 10 1 1.0
2 130923 1983 2942 1 10 0 1.0
2 124787 1985 2857 1 1 1 1.0
2 115870 1990 2364 1 10 0 1.0
2 80371 1997 2024 1 10 1 1.0
2 131789 1998 3374 1 1 1 1.0
2 63036 1998 1735 1 1 0 1.0
2 136038 1998 3402 1 50 0 1.0
2 101181 2000 2446 1 1 1 1.0
2 68859 2002 1755 1 1 0 1.0
2 142594 2002 3742 1 1 0 1.0
2 115261 2008 2458 1 1 0 1.0
2 161383 2010 4152 1 1 1 1.0
2 75514 2014 1945 1 1 0 1.0
2 100123 2022 2852 1 1 0 1.0
2 113601 2023 2809 1 10 1 1.0
2 162599 2025 3989 1 1 0 1.0
2 146455 2026 4223 1 1 1 1.0
2 167635 2026 3903 1 1 1 1.0
2 79147 2028 2068 1 10 0 1.0
2 142639 2032 4004 1 10 0 1.0
2 144666 2033 3107 1 1 1 1.0
2 138683 2035 2879 1 1 0 1.0
2 152990 2044 4497 1 1 0 1.0
2 64237 2046 1681 1 1 1 1.0
2 111152 2047 2974 1 1 0 1.0
2 167144 2047 4581 1 1 0 1.0
2 103380 2048 2158 1 10 0 1.0
2 136199 2049 3122 1 1 0 1.0
2 139843 2053 4023 1 1 1 1.0
2 126645 2054 3090 1 10 1 1.0
2 163236 2055 4830 1 1 1 1.0
2 60857 2056 1480 1 10 0 1.0
2 154106 2058 4452 1 1 1 1.0
2 158193 2062 3727 1 1 1 1.0
2 132863 2062 3979 1 1 0 1.0
2 73359 2064 1831 1 1 0 1.0
2 102596 2067 2168 1 1 1 1.0
2 118029 2072 3310 1 10 0 1.0
2 85122 2075 2003 1 10 1 1.0
2 63809 2080 1853 1 1 0 1.0
2 85834 2081 1744 1 10 1 1.0
2 92004 2087 2463 1 1 0 1.0
2 120702 2092 3473 1 50 0 1.0
2 152236 2096 3521 1 10 1 1.0
2 81630 2098 1859 1 10 0 1.0
2 155839 2099 4309 1 10 1 1.0
2 175082 2101 4620 1 50 1 1.0
2 130051 2103 3772 1 1 0 1.0
2 69411 2104 1766 1 1 0 1.0
2 79288 2104 1967 1 1 0 1.0
2 177535 2109 4991 1 1 1 1.0
2 77921 2114 2069 1 50 1 1.0
2 126519 2114 3586 1 1 0 1.0
2 158027 2115 3754 1 1 1 1.0
2 159468 2120 4296 1 10 0 1.0
2 134690 2121 3669 1 1 0 1.0
2 126241 2131 2905 1 1 0 1.0
2 108067 2132 2290 1 1 1 1.0
2 176805 2137 4063 1 1 1 1.0
2 95908 2137 2021 1 1 1 1.0
2 162796 2142 4309 1 1 0 1.0
2 129285 2143 2896 1 1 0 1.0
2 108388 2146 3183 1 10 0 1.0
2 72838 2147 1903 1 1 0 1.0
2 113593 2150 2575 1 1 0 1.0
2 149187 2151 3850 1 1 0 1.0
2 65006 2157 1884 1 10 0 1.0
2 144022 2159 4060 1 1 0 1.0
2 174568 2160 4193 1 1 1 1.0
2 151416 2160 4226 1 10 0 1.0
2 100429 2164 2834 1 10 0 1.0
2 91359 2166 2333 1 1 1 1.0
2 63439 2166 1378 1 10 1 1.0
2 68624 2170 1602 1 1 1 1.0
2 122662 2173 2655 1 1 0 1.0
2 158453 2177 4579 1 1 0 1.0
2 76458 2180 1895 1 1 0 1.0
2 64517 2183 1708 1 10 1 1.0
2 100420 2184 2305 1 10 1 1.0
2 113976 2184 3199 1 10 1 1.0
2 71637 2185 1914 1 10 0 1.0
2 110745 2192 2905 1 1 0 1.0
2 75533 2202 1902 1 1 0 1.0
2 167227 2203 4865 1 1 0 1.0
2 141986 2203 2953 1 1 0 1.0
2 73075 2204 1783 1 1 0 1.0
2 127774 2208 2840 1 1 0 1.0
2 92703 2209 2252 1 1 0 1.0
2 154119 2216 3403 1 1 1 1.0
2 95462 2217 2837 1 50 1 1.0
2 88318 2221 2554 1 10 0 1.0
2 62719 2222 1425 1 10 0 1.0
2 140343 2222 3722 1 1 0 1.0
2 130446 2224 3346 1 1 1 1.0
2 125767 2226 3118 1 50 1 1.0
2 110993 2229 2532 1 10 0 1.0
2 106506 2230 2892 1 1 0 1.0
2 82809 2235 1760 1 1 0 1.0
2 160866 2237 4249 1 10 1 1.0
2 167865 2241 4964 1 1 0 1.0
2 173003 2241 4934 1 1 1 1.0
2 123798 2243 2991 1 1 0 1.0
2 102388 2247 2968 1 50 1 1.0
2 158251 2248 4085 1 1 1 1.0
2 72822 2256 2142 1 10 1 1.0
2 179475 2259 3637 1 1 1 1.0
2 95726 2260 2591 1 1 1 1.0
2 169469 2260 3650 1 10 0 1.0
2 130768 2267 3848 1 1 1 1.0
2 87298 2269 2496 1 10 1 1.0
2 139716 2270 3262 1 10 1 1.0
2 173410 2273 4197 1 10 1 1.0
2 93158 2274 2309 1 1 1 1.0
2 67553 2276 1680 1 50 1 1.0
2 166459 2279 4577 1 1 0 1.0
2 104409 2281 2502 1 1 0 1.0
2 165653 2282 4931 1 10 1 1.0
2 159251 2291 4467 1 10 1 1.0
2 108648 2294 2177 1 1 0 1.0
2 113934 2295 2748 1 1 0 1.0
2 142964 2297 3367 1 10 1 1.0
2 133181 2301 3576 1 1 0 1.0
2 143021 2301 3434 1 1 0 1.0
2 138376 2306 3229 1 10 0 1.0
2 163964 2309 4457 1 10 0 1.0
2 73147 2310 2099 1 1 1 1.0
2 172098 2311 4561 1 1 0 1.0
2 101809 2313 2460 1 10 0 1.0
2 64139 2324 1683 1 1 1 1.0
2 108716 2324 2409 1 1 0 1.0
2 84368 2331 1961 1 1 0 1.0
2 93063 2334 2226 1 1 1 1.0
2 71569 2336 2136 1 10 1 1.0
2 94033 2336 2741 1 1 0 1.0
2 148966 2341 3537 1 10 1 1.0
2 91478 2342 2075 1 10 1 1.0
2 159115 2342 3440 1 1 0 1.0
2 84403 2344 1852 1 10 0 1.0
2 113965 2344 2480 1 50 1 1.0
2 96105 2349 2127 1 1 0 1.0
2 74433 2349 1577 1 10 1 1.0
2 102685 2353 2188 1 1 1 1.0
2 86836 2355 2226 1 1 0 1.0
2 84179 2355 2482 1 1 1 1.0
2 150386 2355 3551 1 1 0 1.0
2 139933 2356 3275 1 1 0 1.0
2 156838 2357 3526 1 10 1 1.0
2 60218 2362 1281 1 10 0 1.0
2 87344 2363 1868 1 10 1 1.0
2 85805 2368 2540 1 1 1 1.0
2 136156 2370 3355 1 10 1 1.0
2 153496 2376 3458 1 1 0 1.0
2 94748 2377 2214 1 10 1 1.0
2 94187 2377 2396 1 1 1 1.0
2 159538 2379 4578 1 10 1 1.0
2 172236 2379 3605 1 10 0 1.0
2 103541 2382 2251 1 50 1 1.0
2 93029 2383 2663 1 1 0 1.0
2 138269 2385 3803 1 10 1 1.0
2 90597 2385 2026 1 1 0 1.0
2 167976 2385 3707 1 1 1 1.0
2 150986 2388 4055 1 10 0 1.0
2 179691 2389 4216 1 1 1 1.0
2 160869 2394 3261 1 10 0 1.0
2 126994 2394 3386 1 1 0 1.0
2 67227 2395 1877 1 10 0 1.0
2 107179 2399 2539 1 10 0 1.0
2 147543 2400 3791 1 10 0 1.0
2 169228 2400 4094 1 10 0 1.0
2 112975 2401 3255 1 1 0 1.0
2 172101 2402 3791 1 50 0 1.0
2 82193 2403 2179 1 10 0 1.0
2 156900 2404 4257 1 10 1 1.0
2 135170 2404 3359 1 1 1 1.0
2 128754 2406 3860 1 1 0 1.0
2 90522 2412 2295 1 10 1 1.0
2 138469 2414 3205 1 1 1 1.0
2 101071 2414 2368 1 1 1 1.0
2 125954 2421 3525 1 1 0 1.0
2 64535 2423 1884 1 10 0 1.0
2 110057 2431 2237 1 1 0 1.0
2 101610 2433 2160 1 10 0 1.0
2 97778 2433 2302 1 1 1 1.0
2 152034 2438 3875 1 1 1 1.0
2 88662 2442 1927 1 50 1 1.0
2 152568 2446 4456 1 1 1 1.0
2 102694 2446 2771 1 10 0 1.0
2 174234 2451 4546 1 1 1 1.0
2 159685 2459 4171 1 10 1 1.0
2 175834 2461 5032 1 1 1 1.0
2 111802 2470 3295 1 50 1 1.0
2 153164 2472 3523 1 1 0 1.0
2 166312 2473 4126 1 10 0 1.0
2 72432 2474 1569 1 10 1 1.0
2 156164 2478 4492 1 1 1 1.0
2 86433 2483 2032 1 1 1 1.0
2 108781 2483 3081 1 1 0 1.0
2 127264 2485 2730 1 50 1 1.0
2 139021 2485 3005 1 50 1 1.0
2 111485 2486 2438 1 1 0 1.0
2 101001 2487 2698 1 1 0 1.0
2 87558 2498 1928 1 50 1 1.0
2 136683 2504 2838 1 50 1 1.0
2 111844 2505 3023 1 1 1 1.0
2 101781 2507 2124 1 1 0 1.0
2 101160 2510 2354 1 1 0 1.0
2 130361 2510 3515 1 1 1 1.0
2 107172 2513 2374 1 1 1 1.0
2 113686 2513 2644 1 1 0 1.0
2 133234 2516 3225 1 50 1 1.0
2 112018 2516 2974 1 1 0 1.0
2 153447 2520 3515 1 10 0 1.0
2 77803 2522 1985 1 50 0 1.0
2 143926 2523 3915 1 10 1 1.0
2 113215 2524 3218 1 50 1 1.0
2 95044 2526 2493 1 1 0 1.0
2 94261 2528 2733 1 10 1 1.0
2 87051 2529 1941 1 10 0 1.0
2 146228 2536 4304 1 10 0 1.0
2 95573 2542 2476 1 1 0 1.0
2 107855 2543 2386 1 50 1 1.0
2 127055 2547 3718 1 50 1 1.0
2 128034 2548 3506 1 10 1 1.0
2 92293 2549 1925 1 50 0 1.0
2 135316 2551 3819 1 10 1 1.0
2 60227 2554 1516 1 10 0 1.0
2 164974 2555 3900 1 1 1 1.0
2 98905 2556 2515 1 1 1 1.0
2 61712 2558 1563 1 50 0 1.0
2 96224 2559 2693 1 10 1 1.0
2 169987 2560 3789 1 1 1 1.0
2 146976 2562 4132 1 10 0 1.0
2 141526 2566 3682 1 1 0 1.0
2 81383 2571 2358 1 1 1 1.0
2 122058 2572 3603 1 1 1 1.0
2 62433 2574 1582 1 10 1 1.0
2 132333 2576 3138 1 1 1 1.0
2 109689 2578 2918 1 10 1 1.0
2 166801 2579 3719 1 1 1 1.0
2 121468 2580 2501 1 10 0 1.0
2 141208 2580 4010 1 1 0 1.0
2 170358 2584 4644 1 10 0 1.0
2 104293 2584 2703 1 1 0 1.0
2 64820 2586 1626 1 1 0 1.0
2 105146 2587 2397 1 1 0 1.0
2 124163 2588 2677 1 1 1 1.0
2 93012 2589 2320 1 10 0 1.0
2 67544 2597 1701 1 10 1 1.0
2 133770 2602 2700 1 1 1 1.0
2 75188 2603 1906 1 10 0 1.0
2 128955 2604 3643 1 1 0 1.0
2 130228 2606 3643 1 10 0 1.0
2 158246 2609 4470 1 1 1 1.0
2 157501 2610 4150 1 1 0 1.0
2 83774 2611 2342 1 1 1 1.0
2 132465 2617 3609 1 1 0 1.0
2 174034 2618 4757 1 1 1 1.0
2 96424 2622 2211 1 1 1 1.0
2 87670 2623 1800 1 10 0 1.0
2 179874 2625 4379 1 1 1 1.0
2 113027 2626 2699 1 10 0 1.0
2 102794 2636 2516 1 10 0 1.0
2 178443 2637 4166 1 1 0 1.0
2 161872 2638 4769 1 1 1 1.0
2 164843 2644 3431 1 10 1 1.0
2 77718 2645 1830 1 1 0 1.0
2 76468 2645 2265 1 1 1 1.0
2 158272 2646 3925 1 10 1 1.0
2 169619 2647 4582 1 10 1 1.0
2 162962 2647 3591 1 1 0 1.0
2 93137 2652 2477 1 1 1 1.0
2 178094 2657 4667 1 1 0 1.0
2 179780 2657 4428 1 1 1 1.0
2 66037 2658 1895 1 10 1 1.0
2 138811 2659 3563 1 1 1 1.0
2 65285 2661 1743 1 1 1 1.0
2 64513 2661 1876 1 1 1 1.0
2 97888 2663 2656 1 1 1 1.0
2 103900 2665 2411 1 10 0 1.0
2 99302 2667 2890 1 1 0 1.0
2 126399 2667 2763 1 10 1 1.0
2 114587 2667 2749 1 50 0 1.0
2 171358 2669 4100 1 10 0 1.0
2 104985 2672 2341 1 10 0 1.0
2 174924 2673 5161 1 1 0 1.0
2 87877 2673 1911 1 10 0 1.0
2 84243 2675 2513 1 10 0 1.0
2 128931 2675 3641 1 10 0 1.0
2 78973 2676 2314 1 1 1 1.0
2 60148 2679 1277 1 1 1 1.0
2 60312 2681 1352 1 50 1 1.0
2 118712 2683 2441 1 1 0 1.0
2 176696 2683 5101 1 10 0 1.0
2 163783 2685 3755 1 1 0 1.0
2 104198 2685 2805 1 10 1 1.0
2 167958 2686 3532 1 1 0 1.0
2 64909 2696 1596 1 1 0 1.0
2 67648 2698 1431 1 10 1 1.0
2 93962 2701 2370 1 1 1 1.0
2 115075 2702 2512 1 10 1 1.0
2 117370 2711 3378 1 1 1 1.0
2 66940 2711 1854 1 1 0 1.0
2 82313 2711 2273 1 50 1 1.0
2 60703 2711 1253 1 1 0 1.0
2 126136 2714 2757 1 10 0 1.0
2 175327 2714 4169 1 50 1 1.0
2 165979 2715 3438 1 1 0 1.0
2 127565 2716 3766 1 10 0 1.0
2 92499 2723 2229 1 10 1 1.0
2 145925 2729 3435 1 1 0 1.0
2 156199 2734 3484 1 1 0 1.0
2 107732 2735 3178 1 1 0 1.0
2 122198 2736 2912 1 50 1 1.0
2 94716 2736 2368 1 1 1 1.0
2 104221 2739 2949 1 10 1 1.0
2 104754 2740 3067 1 10 0 1.0
2 160689 2741 3934 1 10 1 1.0
2 89092 2743 2141 1 1 1 1.0
2 93732 2743 2477 1 1 0 1.0
2 81863 2748 2366 1 1 1 1.0
2 114774 2749 2656 1 1 1 1.0
2 106319 2753 2474 1 1 1 1.0
2 170772 2753 4405 1 10 0 1.0
2 140534 2756 2811 1 1 0 1.0
2 107264 2757 2577 1 10 1 1.0
2 160975 2758 3796 1 1 1 1.0
2 82785 2759 2479 1 50 1 1.0
2 114201 2762 3027 1 10 0 1.0
2 90316 2765 1954 1 1 0 1.0
2 96715 2765 2512 1 1 0 1.0
2 115517 2766 2621 1 50 1 1.0
2 153729 2766 3110 1 50 1 1.0
2 89159 2766 2161 1 1 0 1.0
2 119658 2774 3187 1 1 0 1.0
2 81769 2775 1778 1 10 0 1.0
2 164349 2776 4882 1 50 0 1.0
2 88211 2777 1848 1 10 1 1.0
2 100841 2778 2140 1 1 0 1.0
2 75494 2782 1678 1 1 1 1.0
2 156251 2783 3284 1 1 0 1.0
2 171167 2789 4101 1 10 1 1.0
2 89552 2790 1857 1 10 1 1.0
2 107095 2792 2789 1 50 1 1.0
2 69534 2796 1604 1 10 1 1.0
2 64068 2798 1580 1 10 1 1.0
2 149863 2798 4389 1 1 1 1.0
2 123202 2799 3116 1 10 0 1.0
2 131417 2810 3842 1 1 1 1.0
2 154442 2818 3184 1 1 0 1.0
2 126775 2819 3232 1 1 0 1.0
2 64375 2821 1498 1 10 0 1.0
2 103679 2823 3013 1 10 1 1.0
2 113882 2828 2932 1 50 1 1.0
2 111594 2833 3151 1 1 0 1.0
2 103418 2833 2357 1 10 0 1.0
2 88062 2836 1965 1 1 1 1.0
2 163906 2837 3682 1 10 0 1.0
2 175046 2847 4345 1 10 1 1.0
2 84311 2849 2018 1 10 1 1.0
2 62909 2851 1259 1 10 1 1.0
2 93223 2852 2289 1 1 1 1.0
2 168597 2853 5021 1 50 0 1.0
2 173764 2855 3899 1 50 1 1.0
2 152169 2857 3351 1 1 1 1.0
2 96055 2860 2539 1 1 1 1.0
2 145063 2860 3244 1 1 0 1.0
2 89988 2864 2521 1 50 0 1.0
2 81759 2869 2278 1 50 1 1.0
2 121874 2871 3116 1 1 1 1.0
2 145226 2873 3181 1 1 0 1.0
2 123705 2873 3014 1 1 0 1.0
2 105081 2874 2727 1 1 1 1.0
2 110660 2882 2564 1 1 0 1.0
2 162415 2882 3403 1 10 0 1.0
2 139887 2884 4185 1 1 0 1.0
2 174244 2886 4159 1 1 1 1.0
2 171455 2886 4822 1 10 0 1.0
2 118440 2888 3316 1 1 1 1.0
2 122473 2891 3441 1 10 0 1.0
2 169671 2892 3877 1 1 0 1.0
2 100113 2893 2063 1 10 1 1.0
2 177076 2895 3749 1 10 1 1.0
2 90318 2896 1858 1 1 0 1.0
2 85015 2899 1927 1 1 0 1.0
2 148380 2900 4296 1 1 1 1.0
2 150883 2901 4198 1 1 1 1.0
2 93442 2902 2699 1 10 0 1.0
2 122600 2906 3426 1 1 1 1.0
2 144117 2907 3673 1 1 0 1.0
2 95060 2908 2393 1 10 0 1.0
2 111811 2910 2571 1 10 1 1.0
2 152257 2911 3374 1 1 1 1.0
2 174935 2917 5014 1 1 1 1.0
2 166443 2918 4774 1 1 1 1.0
2 116513 2919 3392 1 10 1 1.0
2 78912 2922 1675 1 1 1 1.0
2 93306 2924 2415 1 50 1 1.0
2 159391 2930 4508 1 50 1 1.0
2 138836 2932 2813 1 1 1 1.0
2 170577 2932 4147 1 50 0 1.0
2 131271 2933 2784 1 1 1 1.0
2 115541 2934 2397 1 10 0 1.0
2 156272 2936 4013 1 1 1 1.0
2 100459 2936 2691 1 50 0 1.0
2 129495 2941 2729 1 1 1 1.0
2 178807 2944 4101 1 1 1 1.0
2 105686 2950 2528 1 1 1 1.0
2 146257 2955 3893 1 10 1 1.0
2 162601 2955 4532 1 10 1 1.0
2 87115 2961 2471 1 1 1 1.0
2 138388 2962 3009 1 1 1 1.0
2 116045 2964 3175 1 10 1 1.0
2 105136 2964 2663 1 10 0 1.0
2 101785 2967 2639 1 1 1 1.0
2 142682 2970 3274 1 1 1 1.0
2 159645 2974 4615 1 1 1 1.0
2 71078 2974 1960 1 1 1 1.0
2 151201 2979 3568 1 1 1 1.0
2 70462 2981 1441 1 1 1 1.0
2 156980 2984 4590 1 1 0 1.0
2 99636 2986 2875 1 10 1 1.0
2 116772 2989 3007 1 10 0 1.0
2 147987 2990 3334 1 1 1 1.0
2 79616 2990 2141 1 1 1 1.0
2 69062 2990 1718 1 1 1 1.0
2 74558 2992 2219 1 10 1 1.0
2 118311 3007 3215 1 1 0 1.0
2 122951 3009 2898 1 10 0 1.0
2 113816 3009 2312 1 10 0 1.0
2 104955 3011 2762 1 10 1 1.0
2 150368 3012 4052 1 1 0 1.0
2 172239 3014 4694 1 1 1 1.0
2 81095 3015 1972 1 10 1 1.0
2 98977 3017 2856 1 50 1 1.0
2 77120 3023 2265 1 10 0 1.0
2 177793 3024 4110 1 50 0 1.0
2 79560 3030 1955 1 1 0 1.0
2 89983 3032 2463 1 1 1 1.0
2 111418 3039 2722 1 1 1 1.0
2 130537 3046 3588 1 1 0 1.0
2 175923 3047 5075 1 1 0 1.0
2 162771 3048 4683 1 1 1 1.0
2 89067 3051 1887 1 10 0 1.0
2 88850 3052 2245 1 1 1 1.0
2 105728 3056 2700 1 1 1 1.0
2 132560 3057 3411 1 1 1 1.0
2 154024 3061 4110 1 10 0 1.0
2 97691 3061 2373 1 1 1 1.0
2 75233 3062 1517 1 1 1 1.0
2 60316 3067 1259 1 10 1 1.0
2 78125 3069 2206 1 1 0 1.0
2 60887 3074 1690 1 1 1 1.0
2 157859 3077 3516 1 1 0 1.0
2 165174 3078 3466 1 1 0 1.0
2 64259 3079 1908 1 1 1 1.0
2 148044 3082 3132 1 1 0 1.0
2 149362 3084 3996 1 1 1 1.0
2 173531 3088 3820 1 1 0 1.0
2 177154 3089 4989 1 1 1 1.0
2 152722 3091 3772 1 1 0 1.0
2 153024 3091 4586 1 1 1 1.0
2 139085 3098 4089 1 10 1 1.0
2 161424 3098 3821 1 1 0 1.0
2 66912 3098 1789 1 1 0 1.0
2 170548 3099 4632 1 10 1 1.0
2 86857 3101 2380 1 1 1 1.0
2 70350 3102 1752 1 1 1 1.0
2 134446 3109 3961 1 1 1 1.0
2 106203 3112 3140 1 1 1 1.0
2 156447 3114 4425 1 10 0 1.0
2 86789 3117 2365 1 50 0 1.0
2 165132 3118 3456 1 10 1 1.0
2 101251 3120 2626 1 1 0 1.0
2 138909 3121 3739 1 1 1 1.0
2 158832 3121 3220 1 1 0 1.0
2 170749 3125 4971 1 50 0 1.0
2 120228 3127 2566 1 1 0 1.0
2 139184 3128 3028 1 50 0 1.0
2 148621 3130 4007 1 1 0 1.0
2 113922 3131 2337 1 1 0 1.0
2 111720 3133 2564 1 1 0 1.0
2 178172 3138 5158 1 1 0 1.0
2 92908 3140 2029 1 1 0 1.0
2 81701 3144 1681 1 1 1 1.0
2 165000 3144 4598 1 1 1 1.0
2 75453 3145 2191 1 10 1 1.0
2 101666 3146 2261 1 10 0 1.0
2 165418 3146 3656 1 1 0 1.0
2 131844 3146 3127 1 1 1 1.0
2 76851 3160 1746 1 10 0 1.0
2 105852 3163 2462 1 50 1 1.0
2 157871 3167 3232 1 1 1 1.0
2 76564 3173 1734 1 1 1 1.0
2 148815 3176 3489 1 1 0 1.0
2 85414 3178 2366 1 1 1 1.0
2 80805 3180 1811 1 1 0 1.0
2 97175 3185 2114 1 1 0 1.0
2 155563 3188 4564 1 10 0 1.0
2 171289 3194 4373 1 1 0 1.0
2 77370 3194 2173 1 10 0 1.0
2 173609 3196 4813 1 10 1 1.0
2 158270 3196 3215 1 10 0 1.0
2 142803 3198 3360 1 10 0 1.0
2 91718 3200 2051 1 1 1 1.0
2 125384 3200 3492 1 50 1 1.0
2 93630 3200 2261 1 1 0 1.0
2 159620 3202 3543 1 1 1 1.0
2 65125 3202 1548 1 1 0 1.0
2 138091 3206 4031 1 1 0 1.0
2 103583 3215 2413 1 1 0 1.0
2 84804 3218 1774 1 10 1 1.0
2 128689 3221 2712 1 1 0 1.0
2 130875 3224 3432 1 1 1 1.0
2 94491 3228 2014 1 50 0 1.0
2 90161 3232 1880 1 1 0 1.0
2 148072 3234 3862 1 1 0 1.0
2 156234 3240 4118 1 1 1 1.0
2 155319 3242 4657 1 1 1 1.0
2 176666 3245 4023 1 1 1 1.0
2 166421 3248 3640 1 10 1 1.0
2 93832 3249 2343 1 1 1 1.0
2 72359 3250 1546 1 1 0 1.0
2 84750 3255 2225 1 10 0 1.0
2 168934 3257 4085 1 1 0 1.0
2 79146 3258 1965 1 1 1 1.0
2 132152 3259 2965 1 1 0 1.0
2 108732 3261 2866 1 10 1 1.0
2 119676 3264 3202 1 1 0 1.0
2 78607 3265 1701 1 10 0 1.0
2 158421 3271 3456 1 50 0 1.0
2 128283 3273 2957 1 1 1 1.0
2 175059 3274 4902 1 1 1 1.0
2 126789 3275 3085 1 1 1 1.0
2 78477 3277 2319 1 1 1 1.0
2 99004 3279 2291 1 10 0 1.0
2 101407 3282 2169 1 50 1 1.0
2 128800 3283 2922 1 10 0 1.0
2 96917 3283 2079 1 1 1 1.0
2 118089 3289 2645 1 10 0 1.0
2 65085 3294 1341 1 1 1 1.0
2 68160 3296 1471 1 50 1 1.0
2 162784 3298 4395 1 10 1 1.0
2 69209 3304 1577 1 1 0 1.0
2 78982 3312 2232 1 1 0 1.0
2 142120 3312 4197 1 10 1 1.0
2 98152 3313 2570 1 10 0 1.0
2 130003 3314 3607 1 50 1 1.0
2 61553 3318 1411 1 10 0 1.0
2 138360 3318 3793 1 10 0 1.0
2 168279 3321 4533 1 10 0 1.0
2 118756 3322 2589 1 10 1 1.0
2 157273 3324 3452 1 1 1 1.0
2 84537 3326 2293 1 10 1 1.0
2 163396 3333 3643 1 10 1 1.0
2 138360 3333 3555 1 1 1 1.0
2 155285 3335 3875 1 1 1 1.0
2 78727 3335 1878 1 10 0 1.0
2 85195 3335 2400 1 1 1 1.0
2 69429 3339 1468 1 50 0 1.0
2 76388 3341 2282 1 1 1 1.0
2 168530 3341 3829 1 10 0 1.0
2 104224 3346 2536 1 1 0 1.0
2 72470 3346 1771 1 50 0 1.0
2 141162 3347 2985 1 1 1 1.0
2 80380 3348 1859 1 1 0 1.0
2 179387 3357 3770 1 10 0 1.0
2 120226 3358 3202 1 10 0 1.0
2 121079 3359 2896 1 50 0 1.0
2 64074 3359 1450 1 10 0 1.0
2 117331 3361 3071 1 1 0 1.0
2 140230 3361 3252 1 10 0 1.0
2 149302 3366 4198 1 10 0 1.0
2 144549 3371 3530 1 1 0 1.0
2 95219 3371 1911 1 1 1 1.0
2 142646 3375 4159 1 1 0 1.0
2 85316 3376 1725 1 1 0 1.0
2 82765 3379 1707 1 50 1 1.0
2 68627 3380 1553 1 10 1 1.0
2 115868 3381 2838 1 1 1 1.0
2 97675 3381 2748 1 1 0 1.0
2 159686 3384 3548 1 1 0 1.0
2 172286 3386 3523 1 1 1 1.0
2 132903 3388 3051 1 1 1 1.0
2 159296 3390 3670 1 50 0 1.0
2 86930 3392 2452 1 50 0 1.0
2 174678 3393 4213 1 1 0 1.0
2 84733 3393 2282 1 1 1 1.0
2 174704 3393 4258 1 1 0 1.0
2 150275 3394 3858 1 1 1 1.0
2 139305 3395 4048 1 50 0 1.0
2 78640 3395 2111 1 1 1 1.0
2 77749 3397 1560 1 10 1 1.0
2 104095 3398 2896 1 10 1 1.0
2 124551 3400 3441 1 1 0 1.0
2 156059 3401 4464 1 1 0 1.0
2 167045 3403 3931 1 1 1 1.0
2 146116 3406 3617 1 10 0 1.0
2 170575 3406 4197 1 1 0 1.0
2 140709 3407 3359 1 10 0 1.0
2 88761 3407 2310 1 10 1 1.0
2 78160 3408 2003 1 1 1 1.0
2 169489 3408 4105 1 1 0 1.0
2 74490 3415 1824 1 10 1 1.0
2 105130 3416 2682 1 1 1 1.0
2 136395 3416 3173 1 1 1 1.0
2 106057 3420 3149 1 10 1 1.0
2 106770 3423 2429 1 10 1 1.0
2 87700 3424 1792 1 10 1 1.0
2 103277 3427 2340 1 10 0 1.0
2 124767 3434 3337 1 1 1 1.0
2 126061 3435 2835 1 10 0 1.0
2 95838 3438 2790 1 10 1 1.0
2 111175 3440 2527 1 10 0 1.0
2 77545 3440 1603 1 1 1 1.0
2 159291 3446 3907 1 10 1 1.0
2 70729 3447 2011 1 10 0 1.0
2 118624 3447 3444 1 1 1 1.0
2 102802 3448 3048 1 1 1 1.0
2 108606 3453 3030 1 10 0 1.0
2 162272 3460 4720 1 1 1 1.0
2 84182 3461 2092 1 1 1 1.0
2 131852 3462 3864 1 1 1 1.0
2 85479 3464 2419 1 50 0 1.0
2 108218 3465 2795 1 1 0 1.0
2 99593 3465 2342 1 50 1 1.0
2 115494 3472 2806 1 1 0 1.0
2 176075 3472 3734 1 1 1 1.0
2 145608 3479 3051 1 1 1 1.0
2 69296 3484 2034 1 1 1 1.0
2 157693 3484 4444 1 10 0 1.0
2 91605 3487 2255 1 10 1 1.0
2 110989 3489 2544 1 1 0 1.0
2 153553 3494 3497 1 1 0 1.0
2 141754 3497 4144 1 1 0 1.0
2 144467 3498 3183 1 1 1 1.0
2 139037 3500 3149 1 1 1 1.0
2 175214 3502 4608 1 10 0 1.0
2 107417 3514 2764 1 1 0 1.0
2 99750 3515 2465 1 1 1 1.0
2 172075 3518 4712 1 10 1 1.0
2 127119 3522 2615 1 10 0 1.0
2 99642 3529 2434 1 50 1 1.0
2 84056 3540 1837 1 1 1 1.0
2 172824 3543 4894 1 50 1 1.0
2 168179 3545 3685 1 10 1 1.0
2 97329 3548 2284 1 10 0 1.0
2 89602 3554 1939 1 1 1 1.0
2 162190 3554 3867 1 50 0 1.0
2 121707 3555 2481 1 10 1 1.0
2 155367 3556 3250 1 50 0 1.0
2 69909 3557 1533 1 1 1 1.0
2 66100 3559 1605 1 10 0 1.0
2 106501 3562 2248 1 1 1 1.0
2 82300 3563 2029 1 50 0 1.0
2 76143 3563 1840 1 50 0 1.0
2 140739 3569 3774 1 1 0 1.0
2 159879 3570 4785 1 10 1 1.0
2 167975 3570 3837 1 10 0 1.0
2 71430 3571 1549 1 10 1 1.0
2 64345 3575 1823 1 10 0 1.0
2 176769 3579 4218 1 1 0 1.0
2 118407 3580 2782 1 1 0 1.0
2 170053 3581 4930 1 1 0 1.0
2 165370 3581 3476 1 1 0 1.0
2 165174 3582 3458 1 1 0 1.0
2 88559 3589 2257 1 10 1 1.0
2 143557 3590 2887 1 1 1 1.0
2 166379 3590 3679 1 1 1 1.0
2 163092 3591 4818 1 1 1 1.0
2 111288 3596 2698 1 50 1 1.0
2 141546 3598 3438 1 1 0 1.0
