1500
3 144462 9 4292 1 1 0 1.0
3 160187 10 3785 1 1 1 1.0
3 154440 12 3353 1 1 1 1.0
3 165102 17 3639 1 10 0 1.0
3 122356 19 2766 1 1 1 1.0
3 124995 30 2529 1 10 1 1.0
3 129647 35 3731 1 10 1 1.0
3 132164 38 3816 1 10 1 1.0
3 74545 40 2056 1 1 0 1.0
3 67744 40 1654 1 50 0 1.0
3 113094 46 3036 1 10 0 1.0
3 122340 47 3273 1 1 0 1.0
3 172537 48 5117 1 1 0 1.0
3 87803 52 2502 1 1 1 1.0
3 157956 56 4524 1 1 0 1.0
3 70318 57 1614 1 10 1 1.0
3 166660 59 3366 1 1 0 1.0
3 123822 67 3206 1 1 1 1.0
3 155417 67 3866 1 1 0 1.0
3 89482 69 2087 1 1 1 1.0
3 170329 70 3724 1 1 1 1.0
3 76013 73 1814 1 1 1 1.0
3 177182 82 4517 1 10 0 1.0
3 118732 82 3190 1 1 0 1.0
3 154956 85 3966 1 1 1 1.0
3 99123 87 2023 1 10 1 1.0
3 152638 93 3081 1 10 1 1.0
3 156528 99 3419 1 1 1 1.0
3 81469 103 1814 1 1 1 1.0
3 156991 103 3165 1 1 0 1.0
3 156829 104 4301 1 1 0 1.0
3 125453 106 2915 1 10 0 1.0
3 122173 108 2465 1 1 0 1.0
3 155954 108 3641 1 10 0 1.0
3 100629 109 2631 1 1 0 1.0
3 87326 112 2220 1 1 0 1.0
3 152691 119 3130 1 50 1 1.0
3 120934 120 3087 1 10 1 1.0
3 111880 120 3042 1 1 1 1.0
3 100313 124 2525 1 10 0 1.0
3 89092 125 2564 1 1 1 1.0
3 63521 126 1595 1 50 1 1.0
3 129341 129 3156 1 1 1 1.0
3 86327 129 2429 1 10 1 1.0
3 82273 131 1809 1 1 0 1.0
3 147033 132 3609 1 1 1 1.0
3 96790 133 2578 1 10 0 1.0
3 85320 137 2267 1 10 1 1.0
3 149346 137 2994 1 1 1 1.0
3 167113 146 4163 1 10 0 1.0
3 107388 146 2363 1 1 1 1.0
3 74825 148 1773 1 1 1 1.0
3 89685 150 2098 1 10 0 1.0
3 155161 157 3914 1 1 0 1.0
3 91057 161 2361 1 10 0 1.0
3 118496 165 3088 1 1 0 1.0
3 83698 168 1716 1 1 1 1.0
3 118046 168 2593 1 10 1 1.0
3 151719 170 3872 1 10 0 1.0
3 176893 171 3996 1 1 0 1.0
3 73502 175 2171 1 1 1 1.0
3 127535 176 3477 1 1 1 1.0
3 166714 178 3794 1 1 0 1.0
3 118480 182 3222 1 10 1 1.0
3 151651 183 3679 1 1 0 1.0
3 116905 186 3303 1 1 0 1.0
3 79353 188 1912 1 1 0 1.0
3 176154 188 4731 1 1 0 1.0
3 168089 191 4303 1 1 1 1.0
3 177764 194 3688 1 1 0 1.0
3 168856 196 4250 1 1 1 1.0
3 122320 196 2893 1 10 0 1.0
3 123257 198 3016 1 1 0 1.0
3 112331 199 2441 1 1 1 1.0
3 85975 199 1942 1 1 1 1.0
3 167370 200 4423 1 10 0 1.0
3 114792 204 3364 1 1 0 1.0
3 133069 208 3203 1 1 1 1.0
3 128806 209 2951 1 1 1 1.0
3 143322 209 4253 1 10 1 1.0
3 101384 211 2127 1 1 0 1.0
3 64413 211 1668 1 1 1 1.0
3 120795 212 3571 1 1 0 1.0
3 71953 215 2137 1 10 1 1.0
3 167174 216 4466 1 1 0 1.0
3 143230 217 3555 1 50 1 1.0
3 148086 219 3639 1 50 1 1.0
3 118949 220 3251 1 1 0 1.0
3 140050 224 3353 1 10 1 1.0
3 161994 227 4401 1 1 0 1.0
3 144633 227 3091 1 50 1 1.0
3 105156 228 2692 1 10 1 1.0
3 125733 239 3425 1 1 1 1.0
3 74432 239 1491 1 10 0 1.0
3 144307 241 2978 1 1 1 1.0
3 96366 246 2345 1 1 0 1.0
3 137146 248 3337 1 10 0 1.0
3 62086 249 1690 1 10 0 1.0
3 94949 251 2803 1 1 1 1.0
3 118842 253 2591 1 1 1 1.0
3 169992 253 4189 1 1 0 1.0
3 177744 254 4574 1 1 0 1.0
3 91964 256 2178 1 10 1 1.0
3 128572 260 3629 1 1 0 1.0
3 103633 261 2146 1 1 1 1.0
3 113122 262 2886 1 50 0 1.0
3 175740 264 5020 1 10 1 1.0
3 87597 265 1798 1 1 1 1.0
3 122993 265 3232 1 50 1 1.0
3 104923 265 2127 1 1 0 1.0
3 179589 265 4226 1 50 1 1.0
3 85227 267 1719 1 10 1 1.0
3 118974 267 2956 1 1 1 1.0
3 168881 267 4957 1 1 1 1.0
3 65948 268 1701 1 10 0 1.0
3 81498 270 1944 1 10 1 1.0
3 107106 270 2665 1 50 1 1.0
3 150789 274 3908 1 1 0 1.0
3 147345 274 3262 1 1 1 1.0
3 61711 275 1289 1 1 0 1.0
3 168937 276 4478 1 1 0 1.0
3 95139 290 2496 1 1 0 1.0
3 69192 291 2041 1 1 0 1.0
3 94909 292 2685 1 1 0 1.0
3 90794 292 2083 1 1 1 1.0
3 80847 293 2014 1 10 0 1.0
3 106296 293 2889 1 50 1 1.0
3 93185 294 2711 1 50 0 1.0
3 122354 294 3105 1 1 1 1.0
3 117244 297 3023 1 1 0 1.0
3 166982 299 4625 1 10 0 1.0
3 68177 302 1565 1 1 1 1.0
3 140675 303 3840 1 10 1 1.0
3 157312 306 4658 1 10 1 1.0
3 164823 306 3377 1 50 0 1.0
3 86366 310 2119 1 1 1 1.0
3 124023 312 2665 1 1 1 1.0
3 129274 313 2699 1 1 0 1.0
3 123827 316 3520 1 1 0 1.0
3 118958 316 3263 1 1 1 1.0
3 74286 318 1690 1 10 0 1.0
3 99899 322 2429 1 1 1 1.0
3 172298 325 3970 1 50 1 1.0
3 173343 333 5111 1 10 0 1.0
3 139962 334 3093 1 1 1 1.0
3 84372 334 2139 1 1 1 1.0
3 106020 336 2806 1 1 0 1.0
3 88309 338 2232 1 1 1 1.0
3 145253 338 3725 1 50 1 1.0
3 66225 343 1521 1 1 0 1.0
3 93699 344 2775 1 1 1 1.0
3 117037 347 3124 1 1 1 1.0
3 148813 348 4077 1 1 1 1.0
3 118747 348 2790 1 1 1 1.0
3 115117 349 3138 1 1 1 1.0
3 138496 357 3594 1 1 0 1.0
3 73389 361 1753 1 1 0 1.0
3 175962 361 5023 1 50 1 1.0
3 104713 362 2939 1 1 0 1.0
3 133955 363 3792 1 50 0 1.0
3 67859 364 1468 1 10 0 1.0
3 165476 364 4863 1 10 0 1.0
3 111883 367 2855 1 1 0 1.0
3 167106 368 4145 1 10 1 1.0
3 70499 372 1574 1 50 1 1.0
3 76903 373 2151 1 1 1 1.0
3 82163 379 2452 1 1 1 1.0
3 171911 380 5121 1 1 0 1.0
3 165079 391 3963 1 1 0 1.0
3 147946 391 3722 1 1 0 1.0
3 74376 397 1669 1 1 1 1.0
3 160839 397 4248 1 1 0 1.0
3 177666 400 4432 1 1 0 1.0
3 122318 403 3274 1 1 1 1.0
3 101046 405 2683 1 1 0 1.0
3 141474 406 3116 1 1 1 1.0
3 168565 415 3626 1 10 1 1.0
3 151340 418 3782 1 1 1 1.0
3 142434 420 3480 1 50 1 1.0
3 172178 423 3656 1 1 1 1.0
3 130790 424 3705 1 1 0 1.0
3 108611 427 3177 1 10 0 1.0
3 170095 429 3772 1 10 1 1.0
3 168269 439 4509 1 10 1 1.0
3 64915 442 1702 1 1 0 1.0
3 140812 444 3278 1 10 1 1.0
3 73355 444 1865 1 1 1 1.0
3 130115 444 3749 1 1 1 1.0
3 132149 446 3312 1 50 1 1.0
3 91473 454 2503 1 1 1 1.0
3 99884 457 2745 1 10 0 1.0
3 146226 463 4265 1 10 0 1.0
3 101404 463 2183 1 50 1 1.0
3 102641 464 2837 1 10 0 1.0
3 154249 464 4070 1 1 0 1.0
3 76617 469 1945 1 1 1 1.0
3 154428 478 3573 1 10 0 1.0
3 179166 479 3733 1 1 1 1.0
3 107924 485 2775 1 1 0 1.0
3 76721 487 2158 1 10 0 1.0
3 149414 491 3971 1 1 1 1.0
3 98439 495 2793 1 1 0 1.0
3 70571 495 1581 1 50 1 1.0
3 122748 497 3518 1 1 1 1.0
3 113844 501 2836 1 1 1 1.0
3 112224 502 2426 1 1 0 1.0
3 141973 507 3235 1 1 1 1.0
3 162562 508 3378 1 1 0 1.0
3 127232 508 3679 1 10 0 1.0
3 112029 511 2424 1 10 1 1.0
3 93364 513 2579 1 1 1 1.0
3 140283 516 3350 1 50 1 1.0
3 166643 516 4948 1 50 0 1.0
3 158771 517 4304 1 1 0 1.0
3 96160 520 2783 1 1 1 1.0
3 140191 521 3275 1 10 1 1.0
3 115464 523 2402 1 1 0 1.0
3 67332 523 1469 1 1 0 1.0
3 145128 524 4226 1 1 1 1.0
3 104037 526 2166 1 1 0 1.0
3 69190 528 1828 1 10 0 1.0
3 168176 529 3754 1 1 0 1.0
3 72017 530 1599 1 10 0 1.0
3 144788 530 4116 1 50 1 1.0
3 109317 531 2483 1 10 1 1.0
3 87627 531 2627 1 1 0 1.0
3 110347 534 2958 1 1 1 1.0
3 87301 534 2545 1 1 0 1.0
3 154792 535 3891 1 1 1 1.0
3 116912 536 2953 1 1 0 1.0
3 119252 541 2913 1 10 1 1.0
3 114695 544 2583 1 1 1 1.0
3 69604 553 1732 1 10 1 1.0
3 109228 555 3087 1 10 0 1.0
3 169722 560 4794 1 1 1 1.0
3 71863 560 1926 1 1 0 1.0
3 115161 563 3167 1 50 1 1.0
3 179488 563 4759 1 10 1 1.0
3 165397 564 3574 1 10 1 1.0
3 108901 573 2199 1 10 0 1.0
3 68051 573 1849 1 10 0 1.0
3 84966 574 2426 1 1 0 1.0
3 143803 574 4247 1 1 1 1.0
3 105850 577 2946 1 1 1 1.0
3 82731 581 1752 1 1 1 1.0
3 127766 583 3721 1 1 0 1.0
3 78805 583 2309 1 1 0 1.0
3 63755 587 1669 1 10 0 1.0
3 174343 589 4658 1 1 0 1.0
3 73112 589 1802 1 1 0 1.0
3 128277 590 2845 1 1 1 1.0
3 96824 592 2847 1 10 1 1.0
3 94402 597 2723 1 10 0 1.0
3 113093 603 3223 1 1 0 1.0
3 87546 604 2272 1 1 1 1.0
3 121769 609 3001 1 50 1 1.0
3 120253 611 3120 1 1 0 1.0
3 177181 621 4870 1 1 0 1.0
3 139942 625 3143 1 10 1 1.0
3 158618 625 3950 1 50 1 1.0
3 164969 630 4602 1 1 1 1.0
3 99402 631 2342 1 10 1 1.0
3 106532 634 2336 1 10 0 1.0
3 91189 640 2361 1 1 1 1.0
3 137005 641 3536 1 1 0 1.0
3 125048 653 2781 1 10 0 1.0
3 122274 659 2937 1 1 0 1.0
3 173566 663 4336 1 1 0 1.0
3 105530 664 2327 1 50 0 1.0
3 109424 667 2902 1 1 1 1.0
3 160030 670 3889 1 10 0 1.0
3 170303 675 3414 1 1 1 1.0
3 172948 676 5072 1 10 0 1.0
3 123693 678 2665 1 10 1 1.0
3 173726 679 3935 1 10 0 1.0
3 144039 682 2885 1 10 0 1.0
3 122074 684 2579 1 1 1 1.0
3 83864 684 2384 1 10 0 1.0
3 146840 689 3286 1 10 0 1.0
3 136589 691 3110 1 50 0 1.0
3 71736 693 1742 1 1 1 1.0
3 108812 696 2765 1 1 0 1.0
3 153024 702 3998 1 1 0 1.0
3 132918 702 3542 1 10 0 1.0
3 118550 703 2644 1 1 1 1.0
3 148155 703 2980 1 1 0 1.0
3 96151 703 2298 1 10 0 1.0
3 93392 704 2328 1 10 1 1.0
3 100051 707 2431 1 1 0 1.0
3 173276 707 4058 1 1 1 1.0
3 176032 712 3803 1 1 0 1.0
3 140591 715 3110 1 10 0 1.0
3 111122 716 3142 1 1 0 1.0
3 87617 720 1913 1 1 0 1.0
3 87334 722 1939 1 1 1 1.0
3 88532 723 2346 1 10 0 1.0
3 145783 724 3011 1 1 0 1.0
3 100384 724 2722 1 1 1 1.0
3 172844 730 4185 1 1 0 1.0
3 70127 731 1447 1 10 0 1.0
3 64729 733 1919 1 10 0 1.0
3 78052 735 2170 1 10 0 1.0
3 108904 735 3074 1 1 1 1.0
3 144467 740 3887 1 10 1 1.0
3 73980 741 1825 1 1 1 1.0
3 78174 746 1894 1 1 0 1.0
3 80756 749 2266 1 10 0 1.0
3 69897 751 1439 1 1 1 1.0
3 105175 751 2962 1 10 1 1.0
3 147357 752 4389 1 1 1 1.0
3 73351 754 1838 1 1 0 1.0
3 82011 755 1997 1 1 0 1.0
3 71788 757 1823 1 1 1 1.0
3 62089 760 1657 1 1 0 1.0
3 164418 763 4837 1 50 0 1.0
3 107996 764 2192 1 1 0 1.0
3 148955 767 3074 1 1 0 1.0
3 174546 772 5203 1 10 0 1.0
3 62115 774 1290 1 1 0 1.0
3 91919 776 2071 1 10 1 1.0
3 85125 779 2170 1 10 0 1.0
3 169279 784 4614 1 1 1 1.0
3 89774 790 2485 1 10 1 1.0
3 60911 794 1718 1 1 0 1.0
3 152841 797 4510 1 1 1 1.0
3 179433 797 3918 1 1 1 1.0
3 171297 798 4354 1 1 0 1.0
3 130410 802 2626 1 1 0 1.0
3 77318 809 2207 1 50 0 1.0
3 150029 810 4243 1 1 1 1.0
3 69864 812 1967 1 50 1 1.0
3 165028 818 4324 1 1 1 1.0
3 115498 819 3223 1 1 0 1.0
3 95578 819 2137 1 1 1 1.0
3 142640 820 3565 1 10 1 1.0
3 150449 820 3298 1 10 1 1.0
3 134896 821 2773 1 1 1 1.0
3 97845 823 2540 1 1 1 1.0
3 173254 824 4708 1 1 0 1.0
3 128817 825 2889 1 10 1 1.0
3 133403 826 3980 1 10 1 1.0
3 146592 826 3922 1 10 0 1.0
3 76200 827 1831 1 50 0 1.0
3 121854 828 2838 1 50 0 1.0
3 172566 830 3463 1 50 0 1.0
3 92273 830 2507 1 1 0 1.0
3 144663 832 4010 1 10 0 1.0
3 87955 833 2425 1 1 0 1.0
3 158075 836 3817 1 1 0 1.0
3 125875 837 2670 1 1 0 1.0
3 62109 842 1317 1 10 1 1.0
3 85768 846 2429 1 1 1 1.0
3 66627 853 1628 1 10 0 1.0
3 134243 855 2775 1 1 1 1.0
3 115020 860 3090 1 1 0 1.0
3 92529 862 2375 1 1 0 1.0
3 81676 863 2069 1 10 1 1.0
3 136611 871 4069 1 10 1 1.0
3 83290 874 1730 1 1 0 1.0
3 179010 874 4835 1 10 0 1.0
3 141312 874 3872 1 1 0 1.0
3 69075 874 1694 1 1 1 1.0
3 109671 875 2215 1 1 1 1.0
3 81421 875 1681 1 1 0 1.0
3 112692 878 2780 1 1 1 1.0
3 78029 883 2215 1 10 0 1.0
3 71706 885 1479 1 1 1 1.0
3 80041 887 2043 1 1 1 1.0
3 67386 888 1671 1 10 1 1.0
3 67560 892 1656 1 1 0 1.0
3 178372 892 3622 1 1 1 1.0
3 142720 893 3966 1 10 0 1.0
3 144881 895 3892 1 1 1 1.0
3 79749 896 2333 1 1 0 1.0
3 163628 899 3871 1 10 1 1.0
3 79401 900 1867 1 10 1 1.0
3 107989 901 2931 1 50 1 1.0
3 123510 903 3241 1 1 1 1.0
3 111161 903 2252 1 1 1 1.0
3 167782 908 4199 1 1 1 1.0
3 112626 910 3153 1 1 1 1.0
3 97484 911 2053 1 10 0 1.0
3 155806 916 3131 1 10 1 1.0
3 80387 917 1912 1 10 0 1.0
3 110872 919 2236 1 1 0 1.0
3 87421 920 2495 1 1 1 1.0
3 127818 920 3326 1 50 0 1.0
3 179674 922 3738 1 10 0 1.0
3 171363 927 3574 1 10 1 1.0
3 94433 929 2750 1 1 0 1.0
3 143286 931 3089 1 10 1 1.0
3 84879 931 1797 1 10 0 1.0
3 147014 933 4036 1 10 1 1.0
3 114251 933 3004 1 50 0 1.0
3 151560 934 4099 1 50 0 1.0
3 134473 935 2979 1 1 1 1.0
3 158800 936 4030 1 1 1 1.0
3 146137 938 4103 1 1 0 1.0
3 150266 941 3289 1 1 1 1.0
3 128384 943 2812 1 1 1 1.0
3 175064 948 4716 1 10 1 1.0
3 162857 949 4755 1 1 0 1.0
3 175695 950 5199 1 1 0 1.0
3 92288 952 2088 1 1 1 1.0
3 128658 954 2814 1 50 0 1.0
3 87137 960 1992 1 50 0 1.0
3 64830 961 1579 1 10 0 1.0
3 178183 965 4653 1 1 1 1.0
3 149645 966 3072 1 1 1 1.0
3 114189 966 3183 1 10 1 1.0
3 157563 971 3195 1 10 1 1.0
3 105105 971 2304 1 10 0 1.0
3 161773 974 3996 1 1 1 1.0
3 97731 985 2357 1 1 1 1.0
3 115040 987 2609 1 1 0 1.0
3 128333 995 2978 1 1 0 1.0
3 124282 996 3046 1 1 0 1.0
3 98184 1000 2698 1 1 1 1.0
3 111255 1005 3267 1 1 0 1.0
3 68645 1006 1571 1 10 1 1.0
3 74316 1006 1797 1 10 1 1.0
3 175996 1008 4050 1 10 0 1.0
3 85914 1008 2227 1 1 1 1.0
3 169347 1009 4854 1 10 1 1.0
3 104358 1010 2752 1 1 1 1.0
3 115537 1012 2708 1 1 1 1.0
3 162860 1013 4286 1 1 0 1.0
3 139583 1013 3866 1 10 1 1.0
3 98694 1015 2765 1 1 1 1.0
3 165927 1017 4424 1 1 1 1.0
3 135702 1019 3979 1 1 0 1.0
3 91000 1020 2427 1 1 0 1.0
3 118787 1021 2968 1 10 0 1.0
3 140179 1021 3894 1 10 1 1.0
3 123058 1023 3688 1 1 1 1.0
3 177067 1025 4800 1 1 1 1.0
3 147426 1025 4011 1 1 0 1.0
3 149923 1035 3739 1 50 1 1.0
3 142340 1041 3630 1 1 0 1.0
3 70092 1042 2029 1 1 0 1.0
3 165141 1044 3979 1 1 0 1.0
3 146225 1048 4135 1 50 1 1.0
3 77801 1049 1698 1 10 0 1.0
3 72829 1049 1802 1 1 0 1.0
3 144630 1050 3006 1 10 0 1.0
3 68129 1052 1458 1 10 0 1.0
3 106434 1054 2538 1 10 1 1.0
3 115945 1056 2751 1 10 0 1.0
3 120400 1057 2504 1 10 1 1.0
3 111522 1059 2965 1 10 1 1.0
3 96023 1061 2232 1 10 0 1.0
3 108245 1069 2692 1 1 0 1.0
3 155327 1072 4220 1 1 0 1.0
3 122518 1073 2654 1 1 0 1.0
3 123359 1075 2746 1 1 1 1.0
3 91748 1075 1919 1 1 1 1.0
3 148902 1084 4253 1 10 1 1.0
3 72702 1085 1952 1 1 1 1.0
3 141831 1086 3607 1 1 1 1.0
3 95524 1086 2583 1 1 0 1.0
3 68810 1093 1726 1 10 1 1.0
3 95263 1093 2413 1 1 1 1.0
3 133401 1094 3718 1 1 1 1.0
3 176419 1096 4206 1 1 1 1.0
3 65137 1096 1675 1 1 0 1.0
3 152831 1102 3476 1 50 0 1.0
3 162265 1102 4296 1 1 1 1.0
3 109639 1104 2948 1 10 0 1.0
3 113368 1107 2526 1 50 1 1.0
3 123906 1109 2992 1 50 0 1.0
3 171215 1110 3995 1 1 0 1.0
3 125337 1110 3344 1 1 0 1.0
3 157834 1110 3410 1 10 1 1.0
3 147409 1110 3783 1 10 0 1.0
3 70639 1112 1886 1 1 1 1.0
3 164094 1120 3353 1 10 1 1.0
3 94681 1123 2191 1 10 1 1.0
3 99984 1125 2180 1 10 0 1.0
3 119846 1126 2411 1 1 0 1.0
3 165894 1131 4803 1 1 0 1.0
3 75513 1135 1597 1 10 1 1.0
3 92472 1138 2698 1 1 1 1.0
3 164450 1145 3557 1 1 0 1.0
3 71553 1145 2043 1 1 1 1.0
3 86109 1148 2234 1 1 1 1.0
3 118756 1150 2895 1 1 0 1.0
3 155576 1150 3559 1 50 1 1.0
3 139100 1153 3888 1 1 1 1.0
3 100768 1154 2700 1 10 0 1.0
3 114690 1162 2781 1 10 1 1.0
3 166530 1169 3900 1 1 1 1.0
3 175346 1171 4541 1 1 0 1.0
3 122528 1174 3558 1 1 0 1.0
3 72993 1175 1732 1 50 0 1.0
3 147530 1179 4047 1 1 1 1.0
3 140299 1183 3472 1 1 1 1.0
3 149446 1184 4164 1 1 1 1.0
3 98692 1184 2386 1 1 0 1.0
3 126447 1190 3569 1 50 1 1.0
3 144855 1190 3186 1 50 0 1.0
3 91789 1194 2385 1 10 1 1.0
3 129620 1195 2755 1 1 1 1.0
3 64680 1196 1902 1 1 0 1.0
3 155249 1196 3273 1 1 0 1.0
3 98496 1198 2462 1 50 1 1.0
3 79327 1204 1705 1 10 1 1.0
3 103994 1209 2516 1 1 1 1.0
3 172260 1209 3950 1 1 0 1.0
3 167114 1210 4493 1 1 0 1.0
3 150472 1211 4095 1 50 0 1.0
3 174995 1225 3684 1 1 0 1.0
3 82683 1228 2028 1 1 1 1.0
3 93981 1231 2024 1 10 1 1.0
3 67448 1232 1565 1 1 1 1.0
3 108995 1233 2985 1 10 1 1.0
3 171708 1236 3773 1 10 1 1.0
3 133813 1237 2922 1 1 1 1.0
3 103249 1238 3084 1 1 0 1.0
3 149691 1245 3008 1 1 1 1.0
3 86052 1249 2301 1 10 0 1.0
3 110199 1250 3180 1 1 0 1.0
3 113998 1250 3375 1 10 0 1.0
3 71123 1253 1444 1 1 0 1.0
3 63870 1259 1295 1 1 1 1.0
3 61123 1259 1632 1 1 0 1.0
3 99669 1260 2084 1 1 0 1.0
3 105087 1263 2757 1 10 0 1.0
3 174865 1265 3628 1 1 1 1.0
3 104980 1267 3084 1 1 0 1.0
3 153599 1267 3654 1 1 0 1.0
3 169128 1269 4513 1 1 1 1.0
3 173016 1269 3749 1 10 0 1.0
3 80136 1272 2358 1 10 0 1.0
3 159710 1272 3847 1 1 0 1.0
3 86403 1273 1945 1 10 0 1.0
3 145478 1274 4342 1 10 1 1.0
3 114290 1277 2610 1 1 0 1.0
3 115550 1282 3299 1 10 1 1.0
3 163374 1286 4624 1 1 1 1.0
3 93316 1288 2788 1 1 1 1.0
3 84211 1292 2376 1 10 1 1.0
3 101128 1300 2645 1 1 0 1.0
3 117791 1303 3064 1 1 1 1.0
3 174825 1305 3991 1 10 1 1.0
3 156997 1306 4518 1 1 0 1.0
3 131494 1308 2849 1 50 0 1.0
3 114549 1309 3121 1 10 0 1.0
3 132148 1311 3918 1 1 0 1.0
3 131037 1315 2860 1 10 0 1.0
3 178406 1317 4323 1 1 1 1.0
3 96945 1321 2276 1 1 1 1.0
3 119481 1322 3013 1 10 0 1.0
3 92488 1322 2181 1 50 1 1.0
3 124562 1324 3468 1 1 0 1.0
3 88491 1328 1973 1 10 1 1.0
3 164589 1332 4854 1 1 0 1.0
3 167109 1338 4842 1 10 0 1.0
3 84612 1338 2241 1 10 0 1.0
3 165851 1339 4915 1 1 1 1.0
3 144430 1339 4024 1 1 1 1.0
3 166720 1340 3704 1 10 0 1.0
3 73019 1343 2005 1 1 0 1.0
3 133784 1343 3771 1 10 1 1.0
3 107804 1347 2438 1 1 1 1.0
3 82419 1350 2456 1 10 0 1.0
3 114911 1353 2412 1 1 0 1.0
3 94292 1355 2142 1 50 0 1.0
3 157913 1355 3895 1 1 1 1.0
3 112485 1358 2456 1 10 0 1.0
3 117820 1360 2711 1 1 0 1.0
3 168955 1363 4582 1 1 0 1.0
3 87017 1365 2320 1 1 1 1.0
3 75033 1373 1535 1 1 0 1.0
3 124378 1375 2670 1 1 1 1.0
3 95062 1379 2729 1 10 0 1.0
3 178078 1379 3597 1 10 0 1.0
3 119698 1379 3274 1 50 1 1.0
3 77185 1385 1678 1 1 1 1.0
3 119594 1385 3508 1 1 1 1.0
3 74269 1387 1495 1 10 1 1.0
3 73615 1387 1499 1 10 0 1.0
3 103824 1387 2625 1 10 0 1.0
3 60656 1390 1719 1 10 0 1.0
3 139267 1399 2828 1 50 1 1.0
3 116403 1401 2717 1 10 0 1.0
3 76585 1403 1829 1 1 1 1.0
3 92384 1407 2273 1 10 0 1.0
3 139629 1411 4040 1 1 1 1.0
3 155998 1413 4352 1 1 1 1.0
3 171945 1417 4277 1 1 1 1.0
3 141767 1423 3821 1 10 0 1.0
3 131679 1423 2770 1 10 1 1.0
3 100409 1429 2749 1 10 0 1.0
3 103150 1430 2258 1 10 1 1.0
3 131346 1432 2930 1 10 0 1.0
3 98852 1433 2384 1 1 0 1.0
3 154083 1437 3724 1 10 0 1.0
3 112175 1439 2694 1 1 0 1.0
3 99823 1446 2895 1 1 1 1.0
3 138486 1448 3032 1 1 0 1.0
3 62232 1449 1807 1 1 0 1.0
3 113652 1451 3008 1 1 0 1.0
3 87508 1452 2470 1 1 0 1.0
3 129677 1454 3862 1 10 1 1.0
3 72634 1457 2040 1 1 1 1.0
3 165891 1458 3649 1 1 0 1.0
3 62858 1458 1710 1 1 0 1.0
3 73609 1462 1729 1 1 1 1.0
3 70269 1463 1527 1 50 0 1.0
3 145102 1466 3041 1 1 0 1.0
3 80073 1469 1645 1 1 1 1.0
3 139509 1470 3571 1 10 1 1.0
3 75594 1470 2134 1 10 0 1.0
3 134483 1475 3522 1 1 0 1.0
3 176838 1478 4887 1 1 0 1.0
3 145770 1482 4054 1 50 0 1.0
3 135420 1483 3054 1 1 1 1.0
3 115924 1483 2569 1 10 0 1.0
3 109384 1486 3252 1 50 1 1.0
3 140546 1487 3246 1 50 1 1.0
3 143645 1489 3595 1 1 0 1.0
3 134410 1489 3274 1 50 1 1.0
3 159763 1492 4715 1 1 0 1.0
3 150909 1493 3282 1 50 0 1.0
3 82234 1493 2362 1 1 1 1.0
3 152751 1495 4059 1 1 1 1.0
3 109980 1496 2950 1 1 0 1.0
3 90619 1499 2700 1 10 1 1.0
3 64659 1509 1498 1 10 0 1.0
3 113734 1512 3128 1 1 1 1.0
3 164708 1514 4495 1 1 1 1.0
3 95140 1515 1919 1 1 1 1.0
3 74167 1519 1682 1 1 0 1.0
3 131819 1519 3806 1 10 1 1.0
3 110059 1523 2750 1 10 1 1.0
3 96597 1523 2699 1 10 0 1.0
3 165051 1524 4714 1 1 0 1.0
3 98392 1524 2700 1 1 0 1.0
3 142206 1529 3714 1 1 0 1.0
3 121393 1531 3461 1 1 1 1.0
3 157885 1532 3278 1 1 0 1.0
3 113304 1533 2583 1 10 1 1.0
3 74773 1533 1649 1 10 1 1.0
3 65349 1536 1625 1 1 1 1.0
3 108422 1537 2684 1 1 1 1.0
3 84414 1540 1896 1 50 0 1.0
3 92372 1540 2170 1 10 1 1.0
3 169683 1544 4124 1 1 0 1.0
3 77930 1546 1868 1 1 1 1.0
3 98307 1546 2875 1 1 0 1.0
3 72721 1549 1906 1 1 1 1.0
3 107535 1551 3208 1 10 1 1.0
3 159211 1554 3497 1 10 0 1.0
3 123562 1561 3547 1 50 0 1.0
3 81906 1568 1682 1 50 1 1.0
3 163687 1569 4728 1 10 1 1.0
3 90441 1576 2561 1 10 0 1.0
3 141888 1576 3905 1 1 0 1.0
3 127707 1578 3527 1 1 1 1.0
3 101362 1578 2656 1 1 1 1.0
3 139206 1580 3560 1 1 0 1.0
3 86260 1585 1837 1 1 0 1.0
3 165364 1587 4546 1 1 1 1.0
3 179700 1587 4494 1 1 1 1.0
3 74857 1587 2032 1 1 0 1.0
3 114137 1589 2690 1 1 0 1.0
3 145291 1593 3924 1 1 1 1.0
3 131992 1594 3645 1 1 1 1.0
3 90549 1600 2422 1 1 0 1.0
3 151630 1600 3704 1 10 1 1.0
3 95932 1602 2535 1 10 1 1.0
3 150851 1602 4323 1 1 1 1.0
3 169557 1605 3450 1 10 0 1.0
3 174553 1614 4806 1 1 0 1.0
3 158391 1620 4442 1 1 0 1.0
3 157020 1622 4428 1 1 1 1.0
3 120673 1622 2583 1 1 1 1.0
3 90174 1624 2417 1 50 1 1.0
3 79300 1628 1682 1 1 0 1.0
3 123136 1628 3640 1 50 1 1.0
3 82915 1630 2106 1 10 0 1.0
3 121797 1631 2437 1 1 0 1.0
3 131929 1634 3115 1 1 0 1.0
3 60525 1638 1422 1 10 1 1.0
3 150903 1645 3870 1 1 1 1.0
3 137137 1654 2983 1 1 0 1.0
3 167535 1662 4992 1 1 1 1.0
3 112263 1663 2439 1 10 1 1.0
3 153727 1663 4603 1 1 0 1.0
3 78588 1666 2333 1 10 0 1.0
3 121684 1667 3432 1 10 0 1.0
3 117642 1670 2986 1 1 1 1.0
3 155466 1671 4239 1 1 1 1.0
3 113134 1671 2988 1 1 0 1.0
3 77229 1671 2255 1 1 0 1.0
3 75702 1676 2230 1 1 1 1.0
3 63400 1676 1798 1 50 1 1.0
3 158461 1677 3590 1 10 1 1.0
3 100440 1678 2118 1 1 0 1.0
3 168769 1682 3544 1 1 1 1.0
3 132921 1686 3509 1 1 0 1.0
3 157345 1689 4051 1 10 1 1.0
3 124239 1692 2917 1 1 1 1.0
3 81946 1693 2351 1 50 1 1.0
3 120286 1694 3394 1 1 0 1.0
3 124252 1697 2505 1 1 1 1.0
3 127400 1698 2776 1 1 1 1.0
3 124862 1700 3541 1 50 0 1.0
3 109303 1700 2721 1 50 1 1.0
3 166552 1706 4272 1 10 1 1.0
3 98863 1708 2955 1 1 0 1.0
3 141238 1708 3998 1 10 0 1.0
3 117084 1708 2569 1 1 1 1.0
3 102951 1710 2550 1 1 0 1.0
3 77293 1711 1724 1 1 1 1.0
3 80154 1712 2132 1 1 1 1.0
3 158166 1713 4327 1 1 1 1.0
3 139593 1713 3507 1 50 1 1.0
3 111663 1715 2475 1 1 1 1.0
3 177623 1715 3991 1 10 1 1.0
3 121164 1721 3052 1 10 1 1.0
3 108710 1721 2762 1 1 1 1.0
3 81038 1725 2232 1 10 1 1.0
3 122505 1726 3076 1 10 0 1.0
3 61743 1730 1495 1 1 1 1.0
3 69936 1732 1876 1 1 1 1.0
3 78955 1733 1790 1 10 0 1.0
3 87721 1738 2156 1 10 0 1.0
3 83312 1738 1938 1 1 1 1.0
3 85969 1739 2492 1 10 1 1.0
3 85238 1740 2421 1 1 0 1.0
3 114703 1742 2809 1 50 0 1.0
3 107081 1742 2633 1 1 0 1.0
3 139211 1752 3511 1 10 1 1.0
3 139513 1756 3623 1 1 0 1.0
3 135476 1758 2748 1 10 1 1.0
3 86322 1759 2342 1 1 1 1.0
3 135923 1759 3573 1 1 0 1.0
3 152001 1760 3138 1 10 0 1.0
3 143371 1761 4153 1 10 0 1.0
3 147836 1762 4347 1 1 1 1.0
3 95722 1772 2346 1 10 0 1.0
3 109330 1776 3163 1 1 1 1.0
3 146461 1776 3316 1 1 0 1.0
3 143045 1781 3208 1 1 1 1.0
3 143757 1784 2883 1 10 1 1.0
3 139113 1785 2928 1 1 0 1.0
3 107388 1787 2550 1 50 1 1.0
3 137669 1790 3869 1 1 1 1.0
3 144029 1790 3480 1 1 0 1.0
3 132394 1791 3367 1 10 1 1.0
3 85752 1791 2184 1 1 0 1.0
3 77727 1794 1687 1 1 1 1.0
3 142749 1795 3446 1 1 1 1.0
3 71498 1795 1524 1 1 0 1.0
3 127770 1796 2842 1 1 0 1.0
3 63449 1796 1586 1 10 0 1.0
3 177660 1799 4375 1 1 0 1.0
3 121995 1800 2688 1 1 1 1.0
3 97045 1804 2161 1 1 1 1.0
3 175139 1804 3935 1 1 0 1.0
3 148980 1805 4006 1 10 1 1.0
3 147647 1805 3632 1 1 1 1.0
3 145446 1805 3022 1 1 0 1.0
3 172489 1806 4212 1 1 0 1.0
3 132033 1808 3036 1 10 0 1.0
3 76852 1808 1541 1 1 0 1.0
3 167901 1813 4948 1 1 0 1.0
3 110871 1814 2737 1 10 0 1.0
3 115093 1815 2798 1 1 0 1.0
3 139480 1818 2867 1 10 0 1.0
3 163574 1820 4579 1 1 1 1.0
3 100518 1822 2438 1 1 1 1.0
3 98602 1823 2270 1 1 1 1.0
3 62001 1823 1757 1 1 1 1.0
3 172381 1824 3639 1 1 1 1.0
3 169339 1827 3411 1 50 1 1.0
3 120638 1828 2478 1 50 1 1.0
3 166627 1834 3952 1 50 0 1.0
3 105144 1837 2622 1 10 1 1.0
3 83082 1843 1820 1 1 1 1.0
3 129767 1844 3354 1 1 1 1.0
3 179732 1853 3832 1 10 1 1.0
3 69745 1856 1427 1 1 1 1.0
3 153823 1856 3427 1 1 0 1.0
3 109593 1857 2441 1 1 0 1.0
3 96570 1859 2443 1 1 0 1.0
3 173568 1862 3680 1 10 1 1.0
3 130544 1869 3238 1 1 1 1.0
3 167621 1869 3559 1 10 1 1.0
3 124145 1874 2519 1 10 0 1.0
3 65720 1875 1885 1 1 1 1.0
3 81459 1875 1860 1 1 0 1.0
3 149291 1879 4048 1 1 0 1.0
3 103213 1879 2096 1 1 0 1.0
3 93445 1882 1972 1 50 0 1.0
3 158082 1883 4436 1 10 1 1.0
3 178828 1887 4507 1 50 0 1.0
3 107145 1889 2197 1 1 1 1.0
3 88426 1890 2138 1 10 0 1.0
3 107831 1894 2313 1 1 0 1.0
3 153094 1894 3494 1 1 1 1.0
3 144204 1897 2911 1 10 0 1.0
3 80635 1899 2261 1 1 0 1.0
3 170623 1901 3753 1 10 0 1.0
3 116080 1901 2880 1 1 0 1.0
3 119191 1908 3466 1 1 0 1.0
3 149238 1909 4257 1 1 0 1.0
3 170950 1910 3835 1 1 1 1.0
3 103305 1910 3030 1 1 0 1.0
3 90324 1912 2080 1 1 1 1.0
3 135538 1914 2725 1 1 1 1.0
3 102832 1915 2432 1 1 1 1.0
3 176085 1916 4697 1 1 0 1.0
3 147084 1921 3998 1 1 0 1.0
3 84711 1927 1698 1 10 0 1.0
3 121806 1928 3350 1 1 0 1.0
3 63032 1930 1880 1 1 1 1.0
3 168891 1936 4997 1 50 0 1.0
3 176303 1938 4765 1 1 0 1.0
3 155487 1939 4241 1 1 1 1.0
3 169130 1943 3820 1 1 0 1.0
3 89207 1949 2560 1 1 1 1.0
3 95633 1951 2480 1 10 1 1.0
3 159834 1952 4708 1 1 1 1.0
3 92679 1953 1925 1 1 0 1.0
3 77326 1955 2236 1 10 1 1.0
3 163000 1955 4683 1 50 0 1.0
3 175567 1958 3712 1 1 1 1.0
3 172240 1959 3947 1 1 1 1.0
3 124116 1960 3378 1 1 1 1.0
3 130513 1965 2981 1 10 0 1.0
3 102659 1966 2129 1 1 1 1.0
3 99498 1969 2852 1 1 0 1.0
3 111807 1971 3012 1 50 1 1.0
3 95716 1972 2440 1 1 0 1.0
3 144235 1977 4121 1 1 0 1.0
3 155257 1978 3528 1 10 1 1.0
3 168296 1981 3645 1 10 0 1.0
3 162259 1985 4384 1 50 0 1.0
3 82122 1987 1878 1 1 0 1.0
3 85157 1990 2330 1 1 1 1.0
3 163411 1991 3610 1 10 1 1.0
3 170307 1998 4090 1 10 0 1.0
3 90784 1998 2462 1 50 1 1.0
3 148591 2003 3789 1 50 0 1.0
3 120812 2003 3536 1 1 1 1.0
3 79582 2004 1846 1 1 1 1.0
3 150849 2006 3046 1 10 0 1.0
3 128130 2007 3745 1 50 0 1.0
3 140079 2007 3162 1 50 0 1.0
3 80602 2012 2156 1 1 0 1.0
3 133103 2012 3035 1 1 0 1.0
3 115946 2013 3142 1 1 1 1.0
3 68352 2014 1722 1 10 0 1.0
3 157156 2016 3542 1 1 1 1.0
3 124797 2016 3324 1 1 1 1.0
3 116948 2016 2790 1 1 0 1.0
3 102548 2018 2067 1 1 1 1.0
3 106211 2024 2241 1 10 0 1.0
3 137609 2025 3493 1 1 0 1.0
3 63842 2030 1299 1 1 0 1.0
3 147912 2031 3410 1 1 1 1.0
3 87000 2031 1780 1 10 1 1.0
3 103785 2036 2439 1 10 0 1.0
3 102062 2038 2933 1 10 1 1.0
3 136159 2043 3638 1 1 1 1.0
3 106445 2044 2517 1 10 0 1.0
3 178246 2052 5038 1 10 1 1.0
3 128702 2056 3492 1 1 0 1.0
3 155923 2058 4554 1 1 0 1.0
3 168974 2061 4361 1 1 1 1.0
3 89760 2063 1812 1 10 0 1.0
3 94887 2063 2509 1 1 1 1.0
3 88238 2063 2219 1 10 0 1.0
3 156644 2065 4540 1 1 0 1.0
3 179474 2066 4819 1 10 0 1.0
3 136084 2069 3020 1 10 0 1.0
3 102295 2070 2231 1 10 0 1.0
3 98834 2076 2483 1 1 0 1.0
3 140425 2076 2820 1 1 0 1.0
3 162399 2078 3684 1 1 1 1.0
3 176971 2079 3539 1 1 0 1.0
3 90563 2080 2690 1 1 0 1.0
3 167030 2081 3839 1 1 0 1.0
3 64849 2086 1903 1 50 1 1.0
3 128780 2087 3851 1 1 0 1.0
3 86279 2088 2346 1 1 0 1.0
3 76964 2090 2012 1 1 1 1.0
3 69061 2093 1631 1 10 1 1.0
3 156065 2094 3818 1 10 1 1.0
3 172509 2097 3850 1 1 0 1.0
3 152042 2098 4490 1 1 0 1.0
3 96872 2104 1971 1 50 1 1.0
3 100386 2105 2602 1 50 0 1.0
3 73877 2105 1894 1 1 0 1.0
3 148041 2106 3582 1 1 1 1.0
3 156586 2107 4655 1 10 0 1.0
3 104748 2108 2725 1 1 1 1.0
3 110984 2110 2709 1 1 1 1.0
3 97805 2113 2533 1 1 0 1.0
3 82602 2118 2460 1 1 1 1.0
3 127297 2118 3536 1 10 0 1.0
3 149611 2119 3493 1 1 1 1.0
3 130620 2119 2981 1 1 1 1.0
3 99491 2120 2130 1 1 1 1.0
3 173718 2120 4324 1 1 0 1.0
3 128159 2122 2996 1 1 0 1.0
3 115083 2123 3177 1 1 0 1.0
3 67187 2125 1501 1 50 0 1.0
3 110801 2125 2528 1 10 0 1.0
3 109426 2129 2843 1 1 1 1.0
3 106461 2131 2722 1 1 1 1.0
3 175706 2133 4604 1 10 1 1.0
3 81708 2135 2395 1 1 0 1.0
3 166412 2136 3942 1 1 0 1.0
3 63023 2139 1591 1 1 1 1.0
3 149210 2140 3034 1 1 0 1.0
3 157593 2140 4252 1 1 1 1.0
3 99604 2143 2625 1 1 1 1.0
3 70516 2144 1476 1 1 1 1.0
3 169216 2145 4241 1 10 0 1.0
3 114140 2147 2286 1 10 0 1.0
3 116869 2148 2417 1 10 0 1.0
3 157855 2151 4056 1 50 1 1.0
3 92792 2155 2516 1 10 0 1.0
3 68420 2156 1493 1 1 0 1.0
3 62035 2159 1616 1 10 1 1.0
3 99987 2160 2904 1 1 0 1.0
3 152324 2164 3751 1 1 0 1.0
3 134930 2165 3278 1 10 0 1.0
3 170949 2165 4915 1 1 1 1.0
3 130701 2165 3894 1 1 1 1.0
3 141350 2169 3119 1 1 1 1.0
3 119604 2169 3213 1 1 1 1.0
3 122570 2169 3338 1 1 1 1.0
3 142870 2173 3435 1 10 1 1.0
3 108096 2178 3152 1 1 0 1.0
3 173083 2184 4807 1 50 0 1.0
3 97927 2185 2807 1 10 1 1.0
3 144158 2187 3901 1 10 1 1.0
3 65688 2187 1807 1 1 1 1.0
3 101096 2187 2511 1 1 0 1.0
3 142589 2189 3238 1 1 1 1.0
3 104977 2191 2105 1 1 0 1.0
3 111720 2197 2381 1 1 0 1.0
3 85978 2201 1807 1 50 1 1.0
3 105820 2202 2408 1 10 1 1.0
3 118306 2206 3479 1 1 1 1.0
3 114328 2209 2815 1 1 1 1.0
3 174783 2210 4266 1 10 1 1.0
3 137968 2212 3794 1 50 1 1.0
3 147285 2213 3339 1 10 0 1.0
3 94116 2214 2245 1 1 1 1.0
3 60617 2216 1437 1 1 1 1.0
3 69634 2219 1867 1 10 1 1.0
3 156877 2230 4448 1 50 0 1.0
3 100038 2231 2217 1 1 0 1.0
3 143519 2231 4087 1 1 0 1.0
3 167019 2232 3462 1 1 0 1.0
3 160113 2234 4094 1 1 0 1.0
3 171937 2236 5016 1 10 1 1.0
3 86258 2241 2545 1 1 1 1.0
3 88795 2241 2072 1 10 1 1.0
3 82384 2242 2357 1 10 1 1.0
3 101160 2245 2098 1 1 0 1.0
3 70407 2248 2027 1 1 1 1.0
3 95316 2248 2855 1 1 1 1.0
3 173213 2254 3678 1 1 1 1.0
3 130261 2254 3557 1 1 1 1.0
3 79680 2255 1866 1 1 0 1.0
3 144548 2256 3631 1 1 1 1.0
3 164545 2256 4769 1 10 1 1.0
3 76302 2258 1598 1 1 0 1.0
3 83584 2259 2425 1 1 0 1.0
3 128390 2260 2814 1 1 0 1.0
3 106580 2260 2595 1 50 1 1.0
3 106837 2263 2192 1 1 0 1.0
3 61316 2265 1256 1 1 0 1.0
3 178856 2266 4269 1 10 0 1.0
3 144115 2269 3889 1 1 0 1.0
3 99036 2272 2809 1 10 0 1.0
3 74914 2278 1519 1 1 0 1.0
3 80462 2282 2123 1 1 0 1.0
3 165564 2284 3442 1 10 0 1.0
3 62574 2285 1280 1 1 0 1.0
3 69576 2285 1878 1 10 1 1.0
3 151824 2285 4346 1 1 1 1.0
3 137707 2289 2773 1 1 1 1.0
3 83822 2294 2455 1 1 0 1.0
3 112609 2296 2305 1 1 1 1.0
3 174479 2297 3745 1 1 1 1.0
3 94664 2302 2464 1 10 0 1.0
3 104707 2312 2921 1 1 1 1.0
3 137034 2314 2808 1 1 0 1.0
3 65286 2316 1415 1 10 0 1.0
3 163866 2327 4619 1 10 1 1.0
3 83428 2327 2406 1 1 1 1.0
3 73042 2331 1558 1 50 1 1.0
3 137528 2331 3115 1 1 0 1.0
3 69404 2331 1545 1 1 1 1.0
3 100915 2335 2468 1 1 0 1.0
3 123271 2335 3385 1 10 0 1.0
3 135694 2336 3974 1 50 0 1.0
3 146938 2336 3037 1 1 1 1.0
3 148437 2337 3185 1 50 0 1.0
3 145055 2344 3749 1 10 1 1.0
3 71710 2351 1570 1 1 1 1.0
3 141053 2356 3612 1 1 0 1.0
3 115050 2357 2824 1 10 0 1.0
3 106994 2361 2546 1 10 1 1.0
3 128489 2363 2687 1 1 0 1.0
3 88537 2363 2006 1 10 1 1.0
3 143286 2363 3770 1 10 1 1.0
3 77561 2365 2019 1 1 1 1.0
3 173979 2366 4229 1 1 1 1.0
3 101104 2368 2838 1 1 0 1.0
3 127718 2372 3239 1 50 0 1.0
3 152225 2377 3102 1 1 1 1.0
3 148190 2379 3034 1 1 0 1.0
3 81363 2387 2157 1 1 0 1.0
3 116625 2388 3042 1 10 1 1.0
3 112426 2389 2464 1 50 1 1.0
3 85161 2394 2445 1 1 0 1.0
3 69270 2395 1539 1 50 0 1.0
3 176212 2395 4223 1 1 0 1.0
3 67929 2397 1365 1 1 0 1.0
3 99457 2399 2880 1 1 1 1.0
3 174779 2406 4982 1 1 1 1.0
3 158013 2407 4523 1 1 1 1.0
3 120143 2407 3047 1 1 1 1.0
3 109125 2410 2535 1 1 1 1.0
3 115637 2410 2372 1 1 0 1.0
3 140761 2411 4146 1 1 0 1.0
3 105175 2412 2578 1 1 0 1.0
3 109374 2415 3148 1 1 1 1.0
3 136525 2421 3227 1 10 0 1.0
3 79084 2424 1609 1 1 0 1.0
3 171497 2428 4342 1 1 0 1.0
3 150459 2429 3672 1 1 0 1.0
3 166997 2430 4089 1 10 0 1.0
3 71451 2432 1666 1 1 0 1.0
3 159314 2432 3725 1 1 0 1.0
3 70396 2444 1970 1 1 1 1.0
3 112863 2445 3267 1 10 0 1.0
3 87432 2448 2454 1 10 1 1.0
3 157120 2453 4402 1 10 0 1.0
3 170116 2456 3745 1 10 1 1.0
3 100148 2460 2995 1 1 0 1.0
3 168575 2467 4990 1 1 1 1.0
3 156946 2473 3442 1 1 1 1.0
3 71361 2474 1901 1 1 1 1.0
3 91419 2479 2403 1 1 1 1.0
3 128545 2480 3009 1 1 0 1.0
3 117337 2486 3077 1 1 1 1.0
3 141464 2491 3740 1 1 1 1.0
3 67214 2492 1694 1 1 0 1.0
3 159716 2497 4255 1 10 1 1.0
3 115889 2499 2964 1 1 1 1.0
3 131902 2499 3805 1 1 1 1.0
3 61149 2499 1494 1 1 1 1.0
3 76274 2509 1874 1 1 1 1.0
3 71322 2513 2017 1 1 1 1.0
3 143684 2516 3774 1 1 1 1.0
3 115642 2519 3070 1 1 0 1.0
3 137605 2523 3182 1 1 0 1.0
3 76876 2526 1650 1 1 1 1.0
3 137601 2527 2865 1 1 1 1.0
3 136708 2532 2926 1 50 0 1.0
3 85037 2539 2517 1 1 1 1.0
3 67299 2539 1449 1 1 1 1.0
3 63455 2544 1876 1 10 0 1.0
3 121886 2551 2765 1 1 1 1.0
3 93938 2553 2548 1 1 1 1.0
3 126258 2555 3707 1 1 0 1.0
3 161342 2562 3860 1 1 1 1.0
3 107625 2568 2252 1 1 0 1.0
3 167145 2575 4293 1 10 0 1.0
3 158008 2578 4407 1 10 1 1.0
3 98734 2583 2600 1 10 1 1.0
3 174046 2587 3501 1 1 0 1.0
3 168708 2589 3683 1 1 1 1.0
3 117590 2589 3444 1 1 0 1.0
3 136457 2589 3967 1 50 0 1.0
3 115011 2591 2808 1 1 0 1.0
3 149455 2592 3859 1 10 0 1.0
3 62754 2597 1575 1 1 0 1.0
3 137276 2606 3328 1 10 1 1.0
3 105589 2610 2865 1 10 1 1.0
3 66058 2611 1418 1 10 1 1.0
3 122458 2615 3397 1 1 0 1.0
3 174423 2616 4013 1 10 1 1.0
3 99710 2616 2117 1 1 1 1.0
3 104519 2618 2331 1 1 1 1.0
3 116059 2622 2819 1 10 0 1.0
3 135215 2638 3735 1 1 0 1.0
3 134057 2641 2868 1 1 1 1.0
3 62733 2643 1425 1 1 0 1.0
3 144941 2644 3651 1 1 1 1.0
3 127129 2644 3434 1 10 0 1.0
3 123561 2646 3397 1 1 1 1.0
3 96722 2647 2094 1 50 0 1.0
3 129764 2649 3410 1 10 0 1.0
3 143060 2650 3881 1 1 1 1.0
3 131715 2652 3229 1 1 1 1.0
3 68212 2657 1760 1 50 1 1.0
3 155192 2659 4154 1 50 1 1.0
3 61324 2661 1584 1 1 0 1.0
3 115781 2662 3135 1 10 1 1.0
3 171467 2663 4902 1 1 0 1.0
3 152456 2663 3501 1 1 0 1.0
3 61704 2665 1772 1 1 0 1.0
3 78695 2668 1592 1 1 0 1.0
3 68895 2675 1459 1 1 1 1.0
3 136856 2676 4013 1 10 1 1.0
3 95728 2678 2326 1 1 0 1.0
3 167577 2682 4988 1 1 1 1.0
3 63610 2682 1824 1 1 0 1.0
3 106684 2682 2823 1 1 0 1.0
3 87647 2689 2015 1 1 0 1.0
3 156321 2690 3159 1 1 0 1.0
3 127787 2691 2986 1 1 0 1.0
3 75255 2695 1725 1 1 0 1.0
3 78579 2698 2337 1 1 1 1.0
3 139566 2701 3441 1 1 1 1.0
3 66051 2701 1540 1 1 0 1.0
3 120179 2702 3030 1 1 0 1.0
3 156957 2707 4190 1 10 1 1.0
3 86329 2708 2013 1 10 1 1.0
3 86642 2709 2473 1 50 0 1.0
3 80084 2712 2276 1 10 1 1.0
3 139269 2712 3177 1 1 1 1.0
3 108857 2713 2860 1 1 0 1.0
3 176827 2715 4416 1 10 1 1.0
3 169901 2716 3917 1 1 0 1.0
3 109856 2717 3041 1 1 1 1.0
3 123325 2728 2820 1 10 1 1.0
3 150736 2728 3708 1 1 0 1.0
3 125579 2729 2968 1 1 1 1.0
3 81260 2731 2050 1 1 1 1.0
3 65998 2731 1651 1 1 1 1.0
3 85044 2735 2522 1 10 1 1.0
3 143113 2735 3698 1 10 0 1.0
3 170853 2736 3602 1 10 1 1.0
3 157105 2736 4312 1 1 0 1.0
3 104499 2738 2572 1 1 0 1.0
3 132826 2739 3647 1 1 0 1.0
3 130763 2740 3700 1 1 0 1.0
3 84509 2742 2173 1 50 0 1.0
3 68885 2742 1676 1 1 1 1.0
3 77582 2747 2003 1 1 0 1.0
3 102932 2750 2221 1 1 1 1.0
3 66180 2753 1735 1 1 1 1.0
3 140557 2756 3132 1 1 0 1.0
3 96690 2757 2893 1 1 1 1.0
3 160768 2758 4133 1 10 1 1.0
3 139424 2761 3641 1 10 0 1.0
3 152653 2761 3325 1 1 1 1.0
3 178023 2762 5288 1 1 0 1.0
3 174818 2771 4905 1 10 0 1.0
3 114005 2772 2536 1 10 0 1.0
3 100582 2777 2943 1 50 1 1.0
3 103624 2778 2514 1 1 0 1.0
3 177239 2778 4281 1 1 0 1.0
3 111102 2780 2782 1 10 0 1.0
3 161255 2782 4505 1 1 1 1.0
3 127072 2784 3122 1 1 1 1.0
3 92082 2791 2371 1 10 0 1.0
3 97075 2793 2830 1 1 0 1.0
3 168767 2795 3835 1 1 0 1.0
3 136434 2797 3822 1 10 0 1.0
3 179145 2799 4995 1 1 1 1.0
3 153345 2805 4032 1 1 1 1.0
3 63258 2816 1513 1 50 1 1.0
3 130906 2818 2624 1 10 1 1.0
3 120012 2820 2937 1 10 0 1.0
3 168407 2822 4158 1 1 0 1.0
3 177297 2823 4166 1 10 1 1.0
3 89386 2823 2540 1 1 0 1.0
3 164034 2827 4059 1 10 1 1.0
3 167211 2829 3395 1 1 0 1.0
3 118746 2830 3262 1 10 1 1.0
3 71665 2830 1474 1 1 0 1.0
3 173188 2831 3585 1 1 0 1.0
3 132275 2833 3182 1 1 0 1.0
3 122393 2833 2508 1 1 1 1.0
3 158753 2835 3293 1 1 1 1.0
3 65429 2841 1318 1 1 0 1.0
3 108544 2841 2547 1 10 0 1.0
3 90993 2842 2381 1 1 1 1.0
3 107814 2842 2955 1 1 0 1.0
3 74087 2842 2178 1 1 1 1.0
3 77922 2846 1808 1 1 0 1.0
3 160096 2849 4154 1 10 0 1.0
3 174986 2850 3515 1 1 1 1.0
3 66980 2853 1812 1 1 1 1.0
3 63462 2853 1578 1 10 1 1.0
3 164154 2858 4063 1 10 0 1.0
3 146822 2859 3211 1 1 0 1.0
3 62183 2865 1764 1 1 1 1.0
3 86795 2866 2165 1 1 0 1.0
3 115555 2867 2803 1 1 0 1.0
3 150706 2868 3175 1 10 1 1.0
3 99229 2871 2098 1 1 1 1.0
3 153837 2871 3605 1 1 0 1.0
3 130732 2875 3391 1 1 1 1.0
3 93554 2876 1883 1 10 1 1.0
3 130207 2877 3203 1 1 1 1.0
3 93959 2879 2444 1 10 1 1.0
3 150722 2880 3893 1 1 1 1.0
3 150871 2883 3632 1 1 1 1.0
3 127486 2886 3107 1 10 0 1.0
3 72005 2887 2048 1 50 1 1.0
3 106888 2888 2286 1 10 0 1.0
3 127233 2888 3629 1 50 1 1.0
3 140548 2892 4058 1 50 1 1.0
3 96540 2903 1949 1 50 1 1.0
3 100588 2903 2391 1 10 1 1.0
3 71648 2906 1990 1 10 1 1.0
3 163842 2909 4340 1 10 1 1.0
3 66648 2915 1621 1 1 0 1.0
3 135206 2916 3795 1 10 0 1.0
3 140091 2923 3043 1 1 1 1.0
3 113139 2934 3163 1 1 1 1.0
3 163710 2940 4387 1 1 1 1.0
3 94508 2942 2318 1 10 0 1.0
3 101984 2944 2362 1 1 0 1.0
3 167941 2944 4033 1 50 1 1.0
3 103917 2947 2475 1 1 0 1.0
3 151003 2948 3684 1 10 1 1.0
3 113196 2951 3115 1 10 1 1.0
3 158458 2953 3643 1 50 1 1.0
3 85778 2954 2102 1 10 0 1.0
3 121267 2954 3424 1 10 1 1.0
3 86994 2956 1832 1 10 1 1.0
3 168334 2956 4817 1 10 1 1.0
3 103536 2959 2180 1 1 1 1.0
3 92943 2959 2002 1 10 0 1.0
3 173982 2967 3873 1 10 1 1.0
3 92597 2969 2659 1 50 1 1.0
3 157512 2971 4380 1 10 0 1.0
3 94835 2983 2560 1 10 0 1.0
3 114539 2983 2463 1 1 1 1.0
3 60964 2988 1328 1 1 1 1.0
3 86141 2990 2026 1 50 0 1.0
3 161927 2990 4005 1 1 0 1.0
3 100236 2993 2505 1 1 1 1.0
3 120508 2993 3394 1 1 0 1.0
3 123143 2996 3452 1 1 1 1.0
3 91397 2997 2019 1 1 0 1.0
3 124585 2997 3509 1 50 1 1.0
3 88695 3001 2545 1 10 0 1.0
3 134593 3004 3317 1 1 1 1.0
3 60095 3005 1500 1 10 0 1.0
3 132245 3005 3113 1 10 1 1.0
3 170706 3006 4197 1 10 1 1.0
3 170300 3011 3618 1 10 1 1.0
3 143167 3014 3554 1 10 1 1.0
3 93298 3017 2508 1 1 0 1.0
3 114620 3018 2649 1 10 0 1.0
3 107037 3018 2426 1 1 0 1.0
3 139821 3019 3962 1 50 1 1.0
3 79685 3019 1819 1 1 0 1.0
3 143814 3021 4190 1 1 0 1.0
3 176908 3028 4976 1 1 0 1.0
3 173735 3028 3504 1 10 0 1.0
3 163648 3029 4344 1 1 0 1.0
3 177467 3031 4505 1 1 0 1.0
3 96517 3031 2145 1 10 0 1.0
3 126926 3036 3265 1 1 1 1.0
3 94267 3039 2194 1 1 1 1.0
3 79921 3041 1691 1 1 0 1.0
3 173267 3044 4045 1 10 0 1.0
3 62046 3044 1706 1 1 0 1.0
3 105680 3051 2299 1 1 0 1.0
3 133703 3054 3135 1 1 1 1.0
3 155468 3055 4466 1 1 1 1.0
3 141297 3056 3957 1 1 1 1.0
3 70982 3058 1502 1 10 1 1.0
3 79367 3059 1728 1 1 0 1.0
3 156595 3062 4019 1 1 1 1.0
3 149517 3074 4108 1 10 0 1.0
3 115702 3075 3305 1 50 0 1.0
3 79814 3076 2050 1 10 1 1.0
3 152890 3077 4448 1 10 1 1.0
3 136939 3078 3587 1 50 0 1.0
3 137640 3079 3449 1 50 1 1.0
3 170855 3083 3919 1 1 1 1.0
3 176157 3083 4035 1 50 0 1.0
3 124651 3085 2995 1 1 0 1.0
3 164287 3087 4637 1 10 0 1.0
3 66473 3088 1729 1 10 1 1.0
3 143531 3090 3210 1 50 1 1.0
3 112150 3091 2620 1 50 0 1.0
3 87291 3092 1969 1 1 1 1.0
3 147128 3095 4300 1 50 1 1.0
3 76442 3096 1895 1 1 1 1.0
3 155779 3098 3418 1 1 1 1.0
3 62821 3099 1620 1 1 1 1.0
3 144603 3102 2950 1 10 0 1.0
3 71435 3108 1620 1 1 1 1.0
3 80901 3108 1784 1 1 0 1.0
3 74546 3109 2190 1 10 1 1.0
3 160200 3109 3680 1 1 1 1.0
3 100938 3110 2037 1 50 0 1.0
3 138278 3113 2905 1 1 0 1.0
3 155678 3118 3487 1 1 1 1.0
3 72734 3119 1745 1 1 0 1.0
3 87906 3122 1915 1 1 1 1.0
3 110957 3124 2531 1 1 0 1.0
3 133687 3127 3372 1 1 1 1.0
3 126444 3130 2709 1 10 0 1.0
3 85434 3142 1870 1 1 0 1.0
3 62658 3152 1711 1 10 1 1.0
3 125351 3155 3384 1 10 0 1.0
3 100785 3157 2911 1 1 0 1.0
3 159955 3160 3408 1 50 0 1.0
3 152610 3162 3375 1 1 0 1.0
3 99641 3164 2597 1 10 1 1.0
3 133564 3164 2692 1 1 1 1.0
3 143034 3164 3942 1 1 1 1.0
3 94890 3165 2181 1 1 0 1.0
3 120454 3166 3363 1 1 0 1.0
3 99353 3172 2228 1 1 1 1.0
3 159151 3172 4515 1 10 1 1.0
3 124663 3173 3528 1 10 1 1.0
3 158233 3176 4430 1 1 1 1.0
3 85527 3177 2397 1 1 0 1.0
3 105414 3177 2908 1 50 0 1.0
3 152453 3182 3169 1 1 1 1.0
3 65895 3185 1758 1 1 0 1.0
3 71278 3192 1981 1 1 0 1.0
3 111238 3195 3017 1 10 0 1.0
3 149045 3200 3320 1 10 1 1.0
3 115994 3204 3286 1 50 1 1.0
3 91460 3205 2471 1 1 1 1.0
3 113143 3208 2701 1 50 1 1.0
3 63864 3210 1616 1 1 1 1.0
3 86768 3211 1909 1 1 1 1.0
3 141300 3214 3126 1 1 1 1.0
3 153404 3216 4423 1 10 1 1.0
3 83532 3231 2347 1 1 1 1.0
3 83235 3233 2155 1 10 1 1.0
3 123577 3233 3377 1 1 1 1.0
3 119144 3234 3537 1 1 0 1.0
3 110638 3235 2244 1 1 1 1.0
3 175092 3235 5097 1 1 1 1.0
3 122263 3236 3597 1 10 0 1.0
3 172431 3238 4733 1 10 0 1.0
3 106318 3239 2524 1 1 1 1.0
3 85913 3245 2333 1 50 1 1.0
3 79622 3252 1611 1 1 0 1.0
3 105154 3253 2559 1 10 1 1.0
3 101563 3254 2876 1 50 1 1.0
3 170621 3258 4684 1 1 1 1.0
3 108679 3261 2572 1 1 0 1.0
3 65863 3267 1494 1 1 1 1.0
3 172345 3270 4704 1 50 1 1.0
3 119308 3270 2759 1 1 0 1.0
3 92303 3276 2225 1 1 0 1.0
3 98176 3278 2178 1 10 0 1.0
3 157358 3279 3192 1 10 0 1.0
3 171398 3279 4025 1 10 0 1.0
3 137718 3282 3139 1 1 1 1.0
3 154767 3282 4328 1 10 1 1.0
3 143128 3283 3637 1 50 1 1.0
3 73826 3287 2106 1 50 0 1.0
3 136143 3294 3378 1 10 1 1.0
3 174258 3296 4893 1 1 0 1.0
3 117968 3297 3259 1 1 0 1.0
3 123642 3298 2854 1 1 0 1.0
3 107910 3300 2195 1 1 0 1.0
3 71005 3304 1770 1 1 1 1.0
3 112469 3313 2678 1 1 0 1.0
3 123954 3319 2832 1 1 0 1.0
3 171500 3322 4432 1 1 1 1.0
3 106053 3329 2531 1 10 0 1.0
3 175814 3330 4946 1 1 0 1.0
3 64915 3330 1301 1 1 0 1.0
3 142639 3331 3872 1 1 1 1.0
3 87676 3333 2156 1 1 0 1.0
3 76660 3335 1948 1 1 1 1.0
3 154727 3336 4070 1 1 1 1.0
3 131128 3336 3049 1 1 1 1.0
3 143906 3336 4152 1 1 1 1.0
3 106205 3337 2953 1 10 1 1.0
3 160732 3344 4566 1 1 0 1.0
3 141343 3351 3675 1 1 0 1.0
3 98833 3357 2626 1 10 0 1.0
3 80378 3360 2138 1 1 0 1.0
3 139719 3361 3257 1 10 1 1.0
3 95063 3362 1918 1 10 1 1.0
3 132930 3362 2846 1 1 0 1.0
3 101862 3367 2069 1 1 1 1.0
3 102257 3367 2763 1 50 1 1.0
3 62064 3371 1849 1 1 0 1.0
3 104582 3377 2585 1 1 1 1.0
3 163471 3378 3814 1 1 0 1.0
3 177539 3380 4805 1 1 0 1.0
3 78045 3381 1960 1 1 1 1.0
3 80000 3384 2262 1 1 0 1.0
3 62784 3386 1469 1 50 1 1.0
3 128165 3395 3653 1 1 1 1.0
3 70172 3395 1507 1 10 0 1.0
3 73297 3399 1582 1 1 1 1.0
3 64949 3399 1928 1 10 0 1.0
3 90531 3400 2106 1 10 0 1.0
3 97076 3400 2845 1 10 0 1.0
3 178864 3400 5050 1 1 1 1.0
3 82490 3402 2263 1 1 1 1.0
3 121591 3402 2797 1 1 0 1.0
3 152127 3413 3247 1 1 0 1.0
3 170341 3413 5081 1 1 1 1.0
3 152522 3415 3514 1 1 0 1.0
3 136061 3416 3004 1 10 0 1.0
3 99058 3417 2014 1 10 0 1.0
3 90161 3421 2493 1 1 1 1.0
3 146627 3425 3491 1 1 1 1.0
3 117842 3425 3411 1 1 1 1.0
3 149984 3426 4481 1 1 1 1.0
3 167260 3427 4007 1 1 0 1.0
3 144907 3430 3603 1 10 0 1.0
3 85924 3431 2161 1 1 0 1.0
3 136741 3431 3567 1 50 0 1.0
3 149239 3435 4043 1 1 1 1.0
3 150030 3445 3123 1 10 0 1.0
3 124164 3448 2551 1 10 0 1.0
3 134510 3449 2852 1 1 0 1.0
3 93853 3449 2685 1 50 1 1.0
3 77889 3455 2054 1 10 1 1.0
3 67975 3458 1569 1 10 0 1.0
3 130870 3462 3924 1 10 0 1.0
3 107016 3462 2682 1 1 1 1.0
3 156866 3463 3224 1 1 1 1.0
3 110193 3463 2596 1 1 0 1.0
3 117842 3465 2381 1 1 0 1.0
3 70863 3465 1783 1 1 0 1.0
3 89779 3465 2265 1 50 1 1.0
3 105909 3465 2290 1 1 1 1.0
3 71201 3472 1633 1 1 0 1.0
3 179619 3480 4238 1 50 1 1.0
3 134655 3485 2775 1 10 1 1.0
3 125262 3487 3443 1 1 0 1.0
3 113759 3488 2825 1 1 1 1.0
3 149349 3488 3203 1 10 0 1.0
3 122515 3491 2906 1 10 1 1.0
3 174867 3495 4241 1 1 1 1.0
3 85889 3496 1947 1 1 1 1.0
3 87093 3498 2324 1 1 0 1.0
3 108547 3499 3037 1 1 0 1.0
3 93290 3499 1936 1 10 0 1.0
3 140864 3499 3716 1 10 0 1.0
3 94047 3499 2621 1 1 0 1.0
3 70900 3500 1915 1 1 0 1.0
3 135623 3504 3350 1 1 0 1.0
3 81599 3506 2073 1 1 1 1.0
3 168746 3510 3482 1 10 1 1.0
3 141048 3513 3467 1 1 1 1.0
3 107916 3513 2192 1 1 0 1.0
3 117532 3514 3519 1 1 0 1.0
3 96714 3518 2739 1 1 1 1.0
3 120765 3522 2667 1 10 1 1.0
3 69560 3530 1787 1 1 1 1.0
3 128276 3531 3040 1 1 1 1.0
3 116712 3532 2722 1 10 0 1.0
3 157583 3532 4203 1 50 0 1.0
3 147387 3535 3219 1 1 0 1.0
3 65313 3537 1680 1 1 0 1.0
3 76118 3538 2030 1 1 0 1.0
3 133773 3540 2758 1 1 0 1.0
3 71032 3540 1438 1 10 0 1.0
3 76053 3541 1756 1 1 1 1.0
3 89685 3543 1974 1 10 1 1.0
3 90777 3545 1825 1 1 0 1.0
3 154422 3545 3315 1 1 1 1.0
3 96508 3545 2628 1 10 0 1.0
3 121887 3550 2858 1 50 0 1.0
3 63375 3553 1836 1 1 1 1.0
3 94102 3554 2679 1 10 1 1.0
3 92087 3557 2011 1 1 1 1.0
3 118280 3558 2511 1 1 1 1.0
3 170587 3559 3595 1 50 1 1.0
3 152797 3559 4040 1 1 1 1.0
3 65787 3561 1846 1 1 1 1.0
3 66839 3563 2004 1 1 1 1.0
3 133712 3565 3109 1 1 0 1.0
3 135017 3567 2796 1 1 1 1.0
3 87918 3567 1877 1 10 1 1.0
3 141676 3567 3053 1 50 1 1.0
3 125718 3568 3076 1 1 0 1.0
3 130485 3578 3123 1 1 1 1.0
3 115467 3581 3354 1 50 0 1.0
3 112696 3581 2757 1 1 1 1.0
3 149687 3582 3662 1 1 0 1.0
3 104230 3585 3062 1 1 1 1.0
3 151541 3588 4055 1 10 0 1.0
3 116706 3593 2678 1 1 0 1.0
3 118178 3593 2378 1 10 1 1.0
3 173860 3598 4678 1 1 1 1.0
3 69164 3598 1619 1 10 0 1.0
