1500
4 153932 0 3690 1 1 1 1.0
4 125433 8 3423 1 1 0 1.0
4 171155 10 3802 1 1 0 1.0
4 143237 11 3978 1 1 0 1.0
4 147047 12 3155 1 1 1 1.0
4 112227 15 2875 1 1 0 1.0
4 80243 16 2001 1 10 0 1.0
4 105548 16 3063 1 1 0 1.0
4 109929 19 2802 1 1 0 1.0
4 145183 25 4022 1 1 1 1.0
4 170528 26 3707 1 1 0 1.0
4 152805 26 3374 1 1 0 1.0
4 125407 32 3528 1 1 0 1.0
4 133936 34 3985 1 10 0 1.0
4 171416 35 4098 1 10 1 1.0
4 90390 36 2024 1 50 0 1.0
4 77119 36 2239 1 1 1 1.0
4 88307 39 2131 1 1 0 1.0
4 177798 47 4122 1 1 0 1.0
4 88207 49 2066 1 1 0 1.0
4 104360 52 2214 1 10 1 1.0
4 153685 60 3704 1 1 1 1.0
4 154210 60 4494 1 10 1 1.0
4 77077 62 1821 1 1 0 1.0
4 176403 62 4979 1 10 1 1.0
4 135963 63 3416 1 1 0 1.0
4 153227 65 3106 1 1 1 1.0
4 154323 66 3594 1 10 0 1.0
4 120708 73 2788 1 1 1 1.0
4 108854 78 2698 1 1 1 1.0
4 117929 83 3500 1 1 1 1.0
4 88297 86 2355 1 1 0 1.0
4 109250 89 2842 1 1 1 1.0
4 74124 92 1530 1 10 0 1.0
4 166452 93 4717 1 1 1 1.0
4 172580 94 3856 1 10 0 1.0
4 169407 96 4148 1 10 1 1.0
4 160276 96 4063 1 1 1 1.0
4 84188 106 1721 1 1 0 1.0
4 92221 106 1852 1 50 1 1.0
4 112837 107 2712 1 1 0 1.0
4 119752 108 2647 1 1 1 1.0
4 104411 124 3116 1 1 0 1.0
4 101827 125 2662 1 50 1 1.0
4 179631 126 4558 1 10 0 1.0
4 138907 134 3511 1 1 0 1.0
4 123522 135 2501 1 10 1 1.0
4 83668 135 2060 1 10 1 1.0
4 112190 139 2746 1 10 0 1.0
4 126781 141 2665 1 10 0 1.0
4 130155 142 2718 1 10 1 1.0
4 169929 143 4555 1 1 1 1.0
4 60662 147 1743 1 1 0 1.0
4 139092 150 3647 1 1 1 1.0
4 175985 152 4116 1 10 0 1.0
4 175575 160 5050 1 1 0 1.0
4 132490 162 3112 1 1 1 1.0
4 156760 163 4065 1 10 1 1.0
4 150339 164 4057 1 1 0 1.0
4 106752 169 2708 1 1 0 1.0
4 149690 169 3452 1 50 1 1.0
4 74416 170 2024 1 50 1 1.0
4 72936 171 1940 1 1 1 1.0
4 130701 171 3034 1 1 0 1.0
4 80495 172 2247 1 1 0 1.0
4 178295 173 4946 1 1 0 1.0
4 75423 174 1785 1 10 0 1.0
4 81225 176 2214 1 10 1 1.0
4 164676 176 3670 1 1 1 1.0
4 135138 187 3893 1 50 0 1.0
4 99580 189 2930 1 1 0 1.0
4 147005 190 3317 1 1 1 1.0
4 88592 196 2592 1 50 1 1.0
4 109270 197 2186 1 1 0 1.0
4 101525 198 2555 1 1 1 1.0
4 179222 199 5161 1 10 0 1.0
4 81109 206 2106 1 10 0 1.0
4 150438 207 4102 1 1 1 1.0
4 83592 211 2148 1 1 0 1.0
4 62083 213 1749 1 10 1 1.0
4 146578 220 3192 1 1 0 1.0
4 161982 220 3419 1 1 1 1.0
4 109830 221 2956 1 1 1 1.0
4 115980 223 3051 1 10 1 1.0
4 71185 229 1751 1 50 0 1.0
4 139886 233 2951 1 1 0 1.0
4 75277 240 1692 1 1 0 1.0
4 162984 240 4274 1 1 1 1.0
4 143787 243 4103 1 1 1 1.0
4 133076 246 2799 1 1 0 1.0
4 86492 247 2368 1 1 0 1.0
4 147329 248 4337 1 1 0 1.0
4 100610 259 2750 1 1 1 1.0
4 175836 260 5180 1 1 1 1.0
4 162940 261 4847 1 1 1 1.0
4 94029 262 2539 1 1 1 1.0
4 100072 262 2324 1 10 0 1.0
4 147330 267 3156 1 1 0 1.0
4 179266 268 5003 1 1 0 1.0
4 60322 269 1672 1 1 1 1.0
4 64577 271 1411 1 10 0 1.0
4 123799 271 3652 1 1 1 1.0
4 170638 276 4588 1 1 1 1.0
4 142805 277 3624 1 50 0 1.0
4 97834 281 2859 1 1 1 1.0
4 157308 282 4255 1 50 1 1.0
4 115159 287 2653 1 10 1 1.0
4 155751 290 3924 1 1 1 1.0
4 137741 291 4102 1 10 0 1.0
4 146610 291 3324 1 10 0 1.0
4 175724 293 5021 1 10 0 1.0
4 94392 298 2416 1 1 1 1.0
4 76756 299 1937 1 1 0 1.0
4 86704 301 2546 1 10 0 1.0
4 132894 304 3736 1 1 0 1.0
4 94339 305 2772 1 1 0 1.0
4 97539 305 2877 1 1 0 1.0
4 117840 306 3367 1 1 1 1.0
4 131099 309 2780 1 1 1 1.0
4 151911 310 3576 1 1 1 1.0
4 64898 311 1656 1 1 0 1.0
4 117007 312 3044 1 10 0 1.0
4 97937 312 2158 1 1 1 1.0
4 111092 314 2223 1 1 1 1.0
4 139942 317 2974 1 50 0 1.0
4 110734 318 2819 1 1 0 1.0
4 62823 319 1659 1 50 0 1.0
4 87475 321 2606 1 1 1 1.0
4 126861 321 3712 1 10 1 1.0
4 121475 332 3591 1 50 1 1.0
4 143994 340 2972 1 1 1 1.0
4 155102 341 4341 1 10 0 1.0
4 83677 342 1812 1 1 0 1.0
4 82608 343 2471 1 1 0 1.0
4 168924 349 4106 1 1 1 1.0
4 66513 350 1949 1 1 1 1.0
4 113103 350 2968 1 1 1 1.0
4 123334 355 3364 1 1 0 1.0
4 66241 356 1717 1 10 0 1.0
4 147826 362 3367 1 1 0 1.0
4 178518 363 3579 1 1 1 1.0
4 150984 365 3227 1 1 1 1.0
4 120093 367 3192 1 1 0 1.0
4 142647 369 3815 1 10 1 1.0
4 112692 370 2778 1 1 0 1.0
4 108721 370 2266 1 1 1 1.0
4 137962 371 4001 1 1 1 1.0
4 65510 374 1375 1 10 1 1.0
4 164399 377 4491 1 1 0 1.0
4 123314 377 2786 1 50 1 1.0
4 95106 378 2044 1 1 1 1.0
4 63760 380 1465 1 1 0 1.0
4 173126 382 5056 1 1 0 1.0
4 67309 385 1640 1 1 1 1.0
4 168019 385 4154 1 10 1 1.0
4 105037 395 2905 1 1 1 1.0
4 68303 396 1404 1 10 1 1.0
4 153706 396 3649 1 10 0 1.0
4 89934 399 2353 1 1 0 1.0
4 167792 400 3950 1 1 1 1.0
4 164526 403 4667 1 50 1 1.0
4 133214 403 2995 1 10 0 1.0
4 135261 407 3283 1 1 1 1.0
4 136038 408 2808 1 1 1 1.0
4 112199 409 3363 1 1 1 1.0
4 97012 413 2622 1 10 1 1.0
4 104552 413 2598 1 1 1 1.0
4 125562 414 3344 1 10 1 1.0
4 101564 415 2701 1 1 1 1.0
4 108682 417 3003 1 10 0 1.0
4 93998 418 1939 1 1 1 1.0
4 97888 419 2039 1 50 1 1.0
4 142670 422 4261 1 1 0 1.0
4 141868 423 3401 1 10 0 1.0
4 152565 426 4025 1 50 0 1.0
4 94228 428 2464 1 1 1 1.0
4 65164 428 1544 1 1 0 1.0
4 129254 437 3780 1 1 1 1.0
4 80230 438 2159 1 1 1 1.0
4 162899 442 4712 1 1 0 1.0
4 135051 444 3695 1 10 0 1.0
4 152207 451 3186 1 1 0 1.0
4 99507 455 2593 1 1 1 1.0
4 112974 456 3244 1 10 0 1.0
4 63521 456 1685 1 10 1 1.0
4 79980 462 1989 1 1 1 1.0
4 109910 468 2435 1 50 0 1.0
4 153148 469 4470 1 10 1 1.0
4 133599 473 3788 1 10 0 1.0
4 163178 473 3766 1 1 0 1.0
4 64278 475 1717 1 1 0 1.0
4 103503 477 2322 1 50 0 1.0
4 175289 486 3954 1 50 1 1.0
4 78233 488 1629 1 1 1 1.0
4 84830 489 2352 1 1 1 1.0
4 79759 489 1766 1 1 0 1.0
4 136593 491 3691 1 1 1 1.0
4 134830 491 2809 1 1 1 1.0
4 124946 495 3456 1 10 0 1.0
4 123097 497 2809 1 1 1 1.0
4 77623 498 1661 1 10 1 1.0
4 94658 501 1959 1 1 0 1.0
4 61391 501 1600 1 50 0 1.0
4 166972 504 4744 1 1 1 1.0
4 131155 505 3048 1 1 0 1.0
4 83502 506 2170 1 1 0 1.0
4 171979 506 3559 1 1 1 1.0
4 75901 507 2109 1 1 1 1.0
4 146827 514 4111 1 10 1 1.0
4 60585 517 1278 1 10 1 1.0
4 63743 520 1459 1 1 1 1.0
4 125093 525 3072 1 1 1 1.0
4 138074 525 3007 1 1 1 1.0
4 78469 531 1657 1 10 1 1.0
4 130083 533 3287 1 1 1 1.0
4 169038 536 3657 1 1 1 1.0
4 145770 537 3883 1 1 1 1.0
4 175668 537 3958 1 1 1 1.0
4 157647 539 3310 1 10 1 1.0
4 163792 539 4602 1 1 0 1.0
4 109828 540 2599 1 1 1 1.0
4 97321 542 2089 1 1 1 1.0
4 179265 543 3887 1 1 1 1.0
4 152794 545 3222 1 1 0 1.0
4 111752 551 2802 1 1 1 1.0
4 93381 553 2649 1 10 0 1.0
4 159520 557 4773 1 1 1 1.0
4 96504 560 2697 1 1 1 1.0
4 120040 560 2643 1 1 0 1.0
4 68421 561 1653 1 1 0 1.0
4 144951 561 4292 1 1 1 1.0
4 74191 565 1828 1 1 0 1.0
4 84112 565 2305 1 1 1 1.0
4 91491 565 2679 1 1 1 1.0
4 131151 567 3145 1 1 1 1.0
4 127405 571 2784 1 10 1 1.0
4 73476 572 1776 1 1 0 1.0
4 125778 580 3535 1 1 1 1.0
4 60023 580 1403 1 10 0 1.0
4 157945 584 4026 1 10 1 1.0
4 146113 587 3612 1 1 0 1.0
4 76265 588 2193 1 10 0 1.0
4 68365 590 1696 1 1 0 1.0
4 135386 591 3555 1 10 1 1.0
4 178879 595 3659 1 1 0 1.0
4 87066 598 2263 1 10 1 1.0
4 124038 598 3513 1 1 1 1.0
4 127760 599 3704 1 1 0 1.0
4 134395 606 3990 1 10 0 1.0
4 152125 606 3194 1 1 0 1.0
4 75268 606 2107 1 10 0 1.0
4 172068 608 4288 1 1 1 1.0
4 110073 608 3186 1 1 1 1.0
4 162039 610 3984 1 10 0 1.0
4 70887 611 1788 1 10 0 1.0
4 101067 616 2292 1 1 1 1.0
4 103506 616 2610 1 1 1 1.0
4 85913 617 1947 1 1 1 1.0
4 62638 620 1283 1 10 1 1.0
4 178893 621 4282 1 1 0 1.0
4 137845 629 4087 1 1 0 1.0
4 166972 634 4986 1 1 1 1.0
4 128490 635 3768 1 1 0 1.0
4 129597 637 3563 1 1 1 1.0
4 124814 640 3199 1 1 1 1.0
4 160612 644 3449 1 1 0 1.0
4 104649 645 2960 1 10 1 1.0
4 100014 645 2343 1 1 1 1.0
4 174054 646 3792 1 10 1 1.0
4 108304 649 2874 1 1 0 1.0
4 78342 652 1657 1 1 0 1.0
4 130278 656 3188 1 1 0 1.0
4 139790 665 4027 1 1 1 1.0
4 114870 665 2748 1 1 0 1.0
4 136436 666 3604 1 1 0 1.0
4 176912 666 4965 1 10 0 1.0
4 88107 668 2384 1 10 0 1.0
4 157227 673 4695 1 1 0 1.0
4 151207 675 4281 1 1 0 1.0
4 95116 680 2102 1 1 0 1.0
4 129546 680 2882 1 1 1 1.0
4 147795 681 4047 1 1 1 1.0
4 87354 683 2482 1 10 1 1.0
4 112589 694 2484 1 1 0 1.0
4 80683 698 1913 1 1 0 1.0
4 72770 698 1758 1 10 0 1.0
4 90980 698 2390 1 10 0 1.0
4 80349 702 1978 1 10 1 1.0
4 172914 703 4125 1 10 1 1.0
4 152720 703 4125 1 1 0 1.0
4 131547 705 3879 1 1 0 1.0
4 120069 707 3589 1 10 1 1.0
4 163413 712 4458 1 1 0 1.0
4 105615 713 3031 1 1 0 1.0
4 132758 714 3867 1 1 0 1.0
4 149949 717 4240 1 1 1 1.0
4 87427 719 2539 1 10 1 1.0
4 135995 720 3420 1 1 0 1.0
4 114243 724 3220 1 1 0 1.0
4 60136 729 1314 1 1 1 1.0
4 82931 735 1770 1 1 1 1.0
4 64813 736 1677 1 1 0 1.0
4 145635 736 3800 1 1 0 1.0
4 165717 737 4699 1 50 0 1.0
4 85010 738 1911 1 1 1 1.0
4 99008 740 2491 1 1 0 1.0
4 99200 741 2877 1 50 0 1.0
4 153531 748 3677 1 1 0 1.0
4 149176 750 3740 1 1 1 1.0
4 80964 757 1643 1 10 0 1.0
4 132057 759 3101 1 10 0 1.0
4 72844 766 1896 1 10 1 1.0
4 129596 773 2870 1 50 0 1.0
4 94917 774 2628 1 10 1 1.0
4 99638 777 2717 1 1 1 1.0
4 134648 779 2711 1 1 0 1.0
4 89305 780 2055 1 10 1 1.0
4 120627 783 2661 1 10 1 1.0
4 129245 788 3769 1 10 0 1.0
4 108564 792 3243 1 1 0 1.0
4 100335 792 2097 1 1 0 1.0
4 74605 792 1540 1 10 1 1.0
4 159617 796 4166 1 1 0 1.0
4 149095 798 4063 1 10 0 1.0
4 77078 798 2250 1 1 1 1.0
4 179715 798 4668 1 10 1 1.0
4 127476 803 3713 1 1 0 1.0
4 111173 811 2657 1 1 0 1.0
4 141233 812 3526 1 10 1 1.0
4 141365 813 3901 1 1 1 1.0
4 113082 813 2966 1 10 0 1.0
4 115867 818 2911 1 10 0 1.0
4 73789 818 1700 1 1 0 1.0
4 117919 820 2797 1 1 1 1.0
4 156440 826 3346 1 1 1 1.0
4 107548 827 2471 1 10 1 1.0
4 155240 827 3416 1 10 1 1.0
4 71157 829 2123 1 10 0 1.0
4 168621 833 4011 1 1 0 1.0
4 161512 835 3965 1 10 0 1.0
4 84657 838 2524 1 1 1 1.0
4 96598 844 2098 1 10 1 1.0
4 87349 846 1784 1 50 0 1.0
4 90688 849 2645 1 1 0 1.0
4 175414 851 4118 1 1 1 1.0
4 171443 852 5125 1 1 0 1.0
4 143480 853 4203 1 1 1 1.0
4 109301 855 3161 1 1 1 1.0
4 148759 857 4255 1 10 1 1.0
4 115968 859 3061 1 10 1 1.0
4 60586 861 1619 1 10 1 1.0
4 90408 862 2436 1 10 0 1.0
4 86557 865 2539 1 10 1 1.0
4 103851 866 2690 1 1 1 1.0
4 69725 881 1620 1 10 1 1.0
4 119069 885 2932 1 1 1 1.0
4 132663 886 2737 1 1 0 1.0
4 148824 888 4098 1 1 1 1.0
4 172709 888 3600 1 1 1 1.0
4 129068 892 3584 1 1 1 1.0
4 68935 894 1961 1 10 1 1.0
4 105695 896 2979 1 50 1 1.0
4 116969 898 3283 1 10 0 1.0
4 157848 901 3693 1 10 1 1.0
4 79356 904 1762 1 1 1 1.0
4 173744 905 3791 1 10 0 1.0
4 128828 906 3696 1 1 0 1.0
4 168681 911 3374 1 1 1 1.0
4 146429 915 3173 1 1 1 1.0
4 134053 929 2683 1 1 0 1.0
4 164776 929 4242 1 10 0 1.0
4 89050 933 2305 1 1 0 1.0
4 157935 939 3906 1 10 1 1.0
4 147714 943 4390 1 50 1 1.0
4 128053 946 3443 1 10 0 1.0
4 122488 947 2588 1 10 1 1.0
4 78946 947 2089 1 1 0 1.0
4 134581 950 3890 1 1 0 1.0
4 90838 957 1895 1 1 1 1.0
4 129554 958 3636 1 10 0 1.0
4 92595 961 2658 1 10 0 1.0
4 120910 968 3114 1 1 0 1.0
4 87738 971 1940 1 1 0 1.0
4 146111 972 4341 1 1 1 1.0
4 99302 974 2430 1 1 1 1.0
4 137762 974 3693 1 1 1 1.0
4 130015 976 2768 1 1 1 1.0
4 174551 976 4311 1 10 0 1.0
4 160629 977 4285 1 50 0 1.0
4 93740 978 2204 1 1 1 1.0
4 109964 983 2788 1 10 0 1.0
4 108369 983 2217 1 1 1 1.0
4 78557 984 1720 1 1 1 1.0
4 148657 985 3671 1 50 1 1.0
4 98690 985 2146 1 1 1 1.0
4 93334 992 2291 1 1 1 1.0
4 103105 994 2565 1 10 1 1.0
4 104706 995 2381 1 1 0 1.0
4 67551 995 1985 1 1 1 1.0
4 171812 996 5088 1 1 1 1.0
4 101968 1006 2112 1 1 1 1.0
4 135799 1008 3133 1 1 1 1.0
4 103429 1008 2954 1 1 1 1.0
4 98341 1011 2724 1 1 1 1.0
4 111804 1011 2976 1 1 1 1.0
4 123880 1012 2727 1 10 0 1.0
4 178480 1020 5288 1 1 1 1.0
4 153490 1026 3085 1 1 0 1.0
4 122197 1026 3156 1 1 1 1.0
4 68743 1026 1479 1 1 1 1.0
4 111081 1031 2429 1 1 0 1.0
4 111500 1034 2945 1 10 1 1.0
4 141205 1037 3282 1 1 0 1.0
4 129801 1039 3251 1 1 1 1.0
4 79433 1039 2055 1 10 1 1.0
4 170620 1043 3648 1 1 1 1.0
4 166475 1047 4197 1 10 0 1.0
4 64534 1047 1389 1 1 1 1.0
4 69702 1048 1483 1 50 0 1.0
4 102202 1049 2225 1 1 1 1.0
4 80142 1060 1621 1 1 1 1.0
4 111267 1060 3258 1 1 0 1.0
4 113612 1063 2438 1 1 0 1.0
4 171159 1065 4562 1 1 1 1.0
4 120608 1066 3393 1 1 1 1.0
4 82348 1067 1809 1 1 0 1.0
4 145749 1074 4203 1 1 1 1.0
4 178371 1074 4834 1 10 1 1.0
4 176238 1077 4356 1 1 1 1.0
4 147368 1079 3337 1 1 1 1.0
4 90068 1080 1868 1 10 0 1.0
4 109140 1081 2906 1 1 1 1.0
4 109104 1081 2381 1 50 0 1.0
4 92681 1085 2650 1 50 1 1.0
4 91769 1089 2388 1 1 1 1.0
4 157682 1090 4338 1 1 1 1.0
4 60196 1093 1683 1 1 1 1.0
4 115943 1097 3016 1 1 1 1.0
4 72205 1098 2058 1 50 1 1.0
4 85677 1101 1933 1 1 1 1.0
4 77731 1104 2059 1 1 1 1.0
4 115322 1105 3345 1 10 1 1.0
4 101849 1105 2673 1 1 0 1.0
4 86219 1111 2565 1 1 1 1.0
4 146018 1117 3653 1 1 0 1.0
4 121991 1119 2836 1 1 0 1.0
4 175139 1119 4715 1 1 0 1.0
4 72657 1122 1483 1 1 0 1.0
4 121267 1122 2514 1 1 0 1.0
4 165286 1125 4912 1 50 0 1.0
4 137387 1125 3510 1 10 1 1.0
4 70411 1126 2035 1 10 1 1.0
4 172315 1126 3661 1 1 1 1.0
4 147141 1126 2976 1 10 1 1.0
4 147254 1133 3952 1 1 1 1.0
4 129775 1140 3079 1 10 1 1.0
4 127496 1141 2814 1 1 0 1.0
4 158005 1141 4621 1 1 1 1.0
4 143231 1143 3933 1 1 1 1.0
4 61777 1144 1434 1 10 1 1.0
4 129144 1145 3577 1 10 1 1.0
4 176043 1147 4359 1 1 0 1.0
4 71417 1148 1962 1 1 1 1.0
4 121270 1148 3487 1 10 1 1.0
4 108244 1152 2305 1 1 0 1.0
4 118989 1153 2660 1 10 1 1.0
4 84429 1155 1809 1 1 0 1.0
4 171204 1157 3703 1 1 0 1.0
4 140671 1158 3386 1 50 1 1.0
4 78718 1159 1782 1 1 0 1.0
4 145740 1163 3576 1 10 1 1.0
4 105836 1166 2610 1 1 1 1.0
4 76812 1170 1951 1 1 1 1.0
4 108074 1171 2919 1 10 0 1.0
4 65142 1173 1780 1 1 1 1.0
4 64982 1173 1537 1 50 0 1.0
4 155676 1176 3642 1 10 0 1.0
4 71833 1179 2021 1 1 1 1.0
4 102842 1179 2750 1 1 1 1.0
4 174379 1180 5137 1 50 1 1.0
4 162541 1180 3991 1 1 0 1.0
4 91183 1181 2395 1 10 1 1.0
4 114522 1183 2777 1 10 0 1.0
4 104526 1183 2765 1 1 0 1.0
4 175590 1183 3536 1 1 0 1.0
4 71195 1185 1969 1 1 1 1.0
4 70870 1185 1646 1 10 1 1.0
4 133095 1189 3897 1 1 0 1.0
4 136320 1190 3818 1 10 0 1.0
4 81496 1197 1878 1 1 1 1.0
4 89015 1199 2253 1 1 0 1.0
4 81361 1201 2306 1 1 0 1.0
4 168317 1204 4431 1 10 1 1.0
4 173909 1209 4053 1 10 0 1.0
4 98275 1218 2366 1 1 1 1.0
4 72533 1219 2002 1 1 1 1.0
4 115250 1220 2433 1 1 1 1.0
4 100134 1221 2681 1 1 1 1.0
4 119945 1224 3588 1 1 0 1.0
4 60229 1225 1412 1 1 0 1.0
4 115483 1225 3189 1 1 0 1.0
4 179824 1226 4974 1 1 1 1.0
4 86007 1227 1963 1 1 0 1.0
4 159605 1228 3543 1 1 1 1.0
4 119061 1228 3445 1 10 1 1.0
4 146050 1228 3547 1 10 1 1.0
4 134482 1230 3216 1 10 0 1.0
4 90625 1231 2680 1 10 1 1.0
4 151103 1231 3521 1 1 0 1.0
4 92639 1235 2580 1 1 1 1.0
4 62976 1238 1739 1 1 1 1.0
4 98739 1239 2745 1 1 1 1.0
4 172480 1242 3578 1 10 1 1.0
4 157296 1242 4204 1 1 1 1.0
4 145625 1245 3574 1 1 0 1.0
4 117557 1247 3455 1 1 1 1.0
4 130291 1250 2802 1 1 1 1.0
4 97594 1252 2618 1 50 1 1.0
4 113513 1253 2933 1 1 1 1.0
4 158117 1256 3818 1 1 0 1.0
4 129101 1256 2723 1 10 1 1.0
4 60395 1257 1342 1 10 0 1.0
4 107376 1259 2159 1 1 1 1.0
4 83022 1261 2293 1 10 1 1.0
4 153053 1261 3093 1 1 1 1.0
4 175276 1262 5245 1 1 0 1.0
4 171229 1264 4299 1 1 1 1.0
4 96201 1266 2846 1 10 1 1.0
4 67759 1269 1639 1 10 1 1.0
4 132294 1271 3883 1 1 1 1.0
4 95852 1272 2557 1 1 1 1.0
4 83414 1273 1954 1 1 1 1.0
4 172809 1277 3655 1 1 1 1.0
4 171184 1277 4543 1 10 1 1.0
4 86346 1284 2581 1 1 1 1.0
4 93962 1287 2155 1 1 1 1.0
4 119084 1289 2758 1 1 1 1.0
4 160026 1290 3712 1 1 0 1.0
4 108540 1290 2717 1 1 0 1.0
4 151076 1291 3748 1 1 1 1.0
4 101727 1294 2366 1 1 1 1.0
4 70659 1297 1741 1 1 1 1.0
4 156860 1298 3279 1 1 1 1.0
4 113059 1301 2684 1 1 1 1.0
4 165466 1309 4094 1 1 1 1.0
4 131728 1315 2854 1 1 0 1.0
4 114959 1315 2936 1 1 0 1.0
4 121290 1316 2760 1 10 0 1.0
4 119422 1316 2500 1 1 1 1.0
4 173819 1318 4573 1 1 1 1.0
4 162416 1320 4522 1 1 1 1.0
4 123187 1320 3679 1 1 1 1.0
4 88095 1322 2005 1 1 1 1.0
4 118890 1325 3089 1 1 0 1.0
4 91235 1326 2171 1 1 0 1.0
4 99555 1327 2332 1 50 1 1.0
4 79639 1331 2122 1 10 1 1.0
4 172461 1332 3886 1 1 0 1.0
4 101582 1334 2844 1 1 0 1.0
4 166995 1339 4607 1 1 1 1.0
4 126828 1342 3120 1 1 0 1.0
4 134035 1345 3388 1 1 0 1.0
4 176347 1346 4132 1 1 0 1.0
4 151707 1348 4221 1 10 0 1.0
4 135409 1348 3684 1 50 1 1.0
4 157635 1350 3753 1 50 1 1.0
4 153270 1352 3247 1 10 0 1.0
4 114470 1360 2827 1 1 0 1.0
4 102010 1362 2130 1 1 1 1.0
4 87717 1362 2629 1 1 0 1.0
4 73889 1365 1882 1 1 0 1.0
4 69382 1366 1626 1 1 1 1.0
4 68463 1368 1498 1 10 0 1.0
4 159733 1369 3305 1 1 0 1.0
4 160475 1372 4069 1 10 1 1.0
4 149083 1372 3201 1 1 0 1.0
4 176728 1374 4717 1 10 1 1.0
4 108908 1386 3131 1 1 0 1.0
4 126080 1388 2632 1 10 1 1.0
4 178825 1391 4342 1 1 0 1.0
4 61586 1392 1575 1 50 1 1.0
4 88057 1394 2023 1 1 1 1.0
4 101154 1395 2232 1 10 1 1.0
4 66464 1397 1627 1 1 0 1.0
4 103371 1402 2663 1 50 1 1.0
4 110156 1402 3280 1 50 1 1.0
4 102903 1407 2637 1 1 1 1.0
4 170081 1409 3783 1 1 1 1.0
4 152728 1410 4219 1 10 0 1.0
4 147431 1411 3444 1 50 0 1.0
4 104180 1414 3031 1 1 1 1.0
4 65334 1419 1812 1 1 1 1.0
4 144836 1421 3641 1 50 1 1.0
4 149649 1422 3361 1 1 1 1.0
4 171091 1423 3761 1 10 1 1.0
4 156848 1426 3259 1 10 0 1.0
4 64060 1430 1858 1 1 1 1.0
4 129346 1433 2934 1 1 0 1.0
4 81332 1437 2137 1 1 0 1.0
4 121855 1440 3063 1 1 0 1.0
4 152985 1443 4280 1 50 1 1.0
4 178520 1444 5242 1 1 1 1.0
4 134822 1451 3822 1 1 0 1.0
4 99282 1452 2125 1 10 0 1.0
4 81179 1452 1791 1 1 1 1.0
4 148941 1456 3812 1 10 1 1.0
4 83139 1456 2170 1 1 0 1.0
4 61837 1463 1431 1 1 1 1.0
4 135095 1463 3086 1 1 0 1.0
4 140660 1463 3004 1 10 0 1.0
4 116690 1469 2455 1 1 1 1.0
4 60275 1470 1678 1 50 1 1.0
4 72475 1471 2074 1 1 0 1.0
4 87767 1473 1858 1 1 1 1.0
4 66907 1474 1973 1 1 1 1.0
4 135266 1474 4052 1 1 1 1.0
4 134338 1474 4007 1 10 1 1.0
4 104208 1477 2294 1 1 1 1.0
4 129874 1479 3313 1 1 0 1.0
4 135134 1481 3682 1 10 1 1.0
4 77365 1481 2268 1 10 1 1.0
4 153291 1485 3963 1 1 0 1.0
4 160379 1490 3304 1 1 0 1.0
4 176945 1490 4122 1 1 1 1.0
4 127451 1492 3399 1 1 1 1.0
4 70582 1496 1421 1 1 0 1.0
4 144798 1496 4123 1 50 1 1.0
4 123845 1500 3530 1 10 1 1.0
4 68292 1506 1892 1 50 1 1.0
4 131042 1507 2673 1 1 1 1.0
4 149180 1510 3380 1 1 0 1.0
4 159830 1510 3556 1 10 0 1.0
4 173589 1512 4090 1 10 1 1.0
4 108204 1513 2661 1 1 0 1.0
4 61987 1516 1772 1 1 1 1.0
4 129214 1519 2911 1 1 0 1.0
4 162726 1520 4256 1 1 1 1.0
4 72000 1521 1486 1 50 0 1.0
4 109352 1526 3262 1 10 0 1.0
4 131555 1527 3650 1 1 0 1.0
4 97908 1532 2691 1 10 0 1.0
4 79268 1534 1898 1 1 0 1.0
4 119330 1535 2726 1 1 0 1.0
4 72427 1536 1683 1 50 1 1.0
4 154801 1538 4028 1 1 1 1.0
4 78368 1543 2041 1 50 0 1.0
4 60059 1545 1226 1 1 0 1.0
4 143336 1549 3210 1 10 1 1.0
4 108363 1551 3246 1 1 0 1.0
4 119942 1552 2890 1 1 1 1.0
4 152238 1559 3150 1 1 0 1.0
4 150434 1559 4330 1 1 0 1.0
4 105136 1563 2957 1 10 1 1.0
4 110553 1567 2773 1 1 1 1.0
4 111813 1573 2363 1 1 0 1.0
4 166695 1575 3756 1 10 1 1.0
4 172273 1576 4469 1 10 1 1.0
4 134165 1577 3955 1 50 0 1.0
4 131736 1577 2788 1 10 1 1.0
4 98024 1579 2847 1 1 0 1.0
4 95324 1580 2235 1 10 1 1.0
4 118929 1580 2731 1 1 0 1.0
4 153285 1581 4459 1 50 1 1.0
4 81157 1582 1917 1 1 1 1.0
4 120398 1583 2847 1 1 0 1.0
4 154284 1591 3252 1 10 0 1.0
4 149761 1593 3753 1 1 1 1.0
4 69214 1593 2070 1 10 1 1.0
4 153510 1594 3126 1 50 0 1.0
4 171584 1596 4137 1 50 0 1.0
4 75357 1599 1733 1 10 1 1.0
4 143710 1600 3618 1 10 1 1.0
4 129162 1600 3508 1 1 0 1.0
4 137611 1602 3034 1 10 0 1.0
4 77771 1603 2239 1 10 0 1.0
4 110085 1604 2282 1 1 1 1.0
4 61496 1605 1388 1 1 1 1.0
4 127641 1608 3688 1 1 1 1.0
4 128020 1619 3595 1 10 1 1.0
4 142277 1620 4106 1 1 0 1.0
4 86097 1620 2462 1 10 0 1.0
4 117018 1622 2381 1 10 0 1.0
4 98098 1625 2925 1 1 1 1.0
4 179195 1632 4074 1 10 0 1.0
4 166134 1634 4508 1 1 0 1.0
4 97132 1643 2251 1 1 0 1.0
4 152963 1644 3450 1 10 1 1.0
4 75361 1644 2243 1 50 1 1.0
4 174096 1649 3617 1 1 1 1.0
4 108524 1657 3249 1 10 0 1.0
4 68322 1660 1379 1 50 1 1.0
4 123129 1660 2882 1 50 1 1.0
4 158595 1663 3513 1 50 0 1.0
4 83272 1667 1821 1 1 0 1.0
4 123643 1673 2666 1 1 0 1.0
4 104545 1674 2478 1 1 0 1.0
4 154933 1675 3740 1 1 0 1.0
4 135167 1680 2917 1 1 1 1.0
4 158363 1685 3367 1 10 1 1.0
4 63611 1694 1580 1 50 0 1.0
4 177623 1697 4138 1 50 1 1.0
4 114475 1698 2425 1 1 0 1.0
4 173202 1698 4308 1 50 0 1.0
4 168825 1710 3601 1 50 1 1.0
4 79549 1718 1937 1 10 0 1.0
4 148299 1721 4073 1 1 0 1.0
4 120579 1721 3191 1 10 1 1.0
4 101875 1724 2102 1 1 1 1.0
4 71642 1734 2054 1 10 1 1.0
4 67017 1735 1974 1 1 1 1.0
4 130438 1740 3518 1 1 1 1.0
4 110188 1742 2961 1 10 0 1.0
4 175631 1745 4052 1 1 0 1.0
4 123391 1746 3055 1 1 0 1.0
4 120974 1748 3093 1 10 1 1.0
4 111019 1748 2493 1 1 0 1.0
4 71314 1749 1968 1 10 1 1.0
4 88618 1750 2500 1 10 1 1.0
4 98667 1759 2192 1 50 0 1.0
4 107208 1760 2326 1 1 0 1.0
4 151962 1761 3451 1 1 0 1.0
4 149940 1763 4466 1 10 1 1.0
4 163326 1764 4142 1 1 0 1.0
4 143821 1774 3928 1 10 1 1.0
4 84999 1776 2373 1 1 1 1.0
4 82185 1781 2017 1 10 0 1.0
4 165766 1781 3376 1 1 0 1.0
4 109242 1782 3147 1 1 0 1.0
4 72630 1784 1792 1 10 0 1.0
4 97413 1786 2523 1 1 0 1.0
4 153394 1789 4516 1 10 0 1.0
4 114916 1789 2908 1 10 0 1.0
4 125314 1791 2673 1 1 0 1.0
4 176966 1793 4968 1 1 0 1.0
4 152897 1800 3598 1 1 1 1.0
4 97605 1806 2017 1 10 0 1.0
4 162202 1806 3261 1 10 0 1.0
4 161188 1806 3647 1 10 0 1.0
4 94009 1812 2212 1 1 1 1.0
4 135302 1812 3739 1 10 1 1.0
4 113928 1813 2944 1 10 0 1.0
4 91513 1813 2573 1 1 0 1.0
4 78306 1813 1701 1 1 0 1.0
4 133171 1816 3289 1 10 0 1.0
4 141265 1825 2849 1 10 0 1.0
4 88116 1838 2262 1 10 0 1.0
4 103248 1840 3076 1 10 0 1.0
4 153726 1843 4177 1 10 0 1.0
4 153284 1843 4131 1 1 0 1.0
4 153695 1846 3600 1 1 0 1.0
4 104182 1852 2304 1 10 1 1.0
4 95467 1853 2392 1 50 0 1.0
4 169128 1854 4148 1 1 1 1.0
4 145733 1856 3160 1 10 0 1.0
4 83758 1859 1929 1 1 1 1.0
4 144849 1864 4179 1 1 0 1.0
4 143565 1865 3921 1 1 1 1.0
4 71012 1867 1428 1 1 1 1.0
4 163131 1869 3412 1 10 1 1.0
4 62116 1871 1295 1 1 0 1.0
4 134647 1872 3098 1 10 0 1.0
4 102978 1872 2544 1 10 0 1.0
4 125779 1873 3298 1 1 1 1.0
4 64321 1875 1465 1 10 0 1.0
4 126305 1878 2796 1 10 0 1.0
4 135660 1880 2904 1 1 0 1.0
4 113315 1881 3388 1 1 1 1.0
4 121341 1882 3070 1 10 0 1.0
4 131490 1883 3866 1 1 0 1.0
4 139934 1885 4166 1 1 1 1.0
4 68154 1887 1613 1 1 1 1.0
4 131816 1889 3303 1 10 0 1.0
4 83868 1894 1706 1 10 0 1.0
4 127854 1895 3573 1 10 1 1.0
4 172174 1898 4314 1 10 1 1.0
4 157506 1902 3889 1 10 0 1.0
4 98758 1906 1991 1 1 1 1.0
4 113201 1909 2736 1 50 1 1.0
4 83477 1911 1926 1 10 1 1.0
4 124513 1918 2575 1 10 1 1.0
4 158868 1918 3273 1 1 1 1.0
4 170623 1922 4680 1 50 0 1.0
4 115732 1925 2494 1 1 0 1.0
4 105366 1927 2884 1 10 1 1.0
4 154802 1930 3221 1 1 0 1.0
4 142673 1933 2987 1 1 1 1.0
4 148790 1938 4320 1 50 0 1.0
4 125234 1943 3649 1 1 1 1.0
4 81859 1950 2177 1 50 0 1.0
4 113742 1953 2420 1 1 1 1.0
4 161642 1953 3816 1 10 1 1.0
4 132480 1954 3646 1 1 0 1.0
4 101901 1959 2513 1 1 0 1.0
4 159423 1960 4397 1 50 1 1.0
4 135024 1960 2933 1 1 1 1.0
4 130401 1962 3670 1 1 0 1.0
4 63512 1963 1447 1 1 1 1.0
4 178948 1965 3872 1 1 0 1.0
4 147714 1971 3696 1 1 0 1.0
4 65166 1971 1682 1 1 0 1.0
4 83855 1976 2131 1 10 0 1.0
4 139105 1977 4042 1 10 0 1.0
4 109048 1978 2907 1 1 1 1.0
4 87090 1979 1966 1 1 0 1.0
4 79542 1980 2334 1 10 0 1.0
4 174333 1990 4834 1 10 1 1.0
4 90351 1992 1943 1 1 0 1.0
4 74213 1994 1877 1 1 0 1.0
4 145786 1999 3756 1 10 0 1.0
4 119666 2000 2748 1 1 0 1.0
4 144756 2002 3843 1 50 0 1.0
4 67132 2011 1847 1 1 1 1.0
4 68647 2012 1477 1 10 1 1.0
4 73927 2016 1665 1 1 1 1.0
4 64359 2019 1623 1 10 1 1.0
4 75134 2019 1640 1 1 0 1.0
4 157511 2020 3590 1 1 1 1.0
4 160600 2020 3652 1 1 0 1.0
4 94965 2022 2147 1 1 1 1.0
4 126910 2023 2674 1 1 0 1.0
4 132629 2028 3736 1 10 1 1.0
4 113755 2034 3006 1 1 0 1.0
4 145025 2034 4171 1 1 1 1.0
4 124080 2035 3406 1 1 1 1.0
4 96752 2051 2577 1 1 1 1.0
4 97360 2051 2502 1 10 1 1.0
4 167405 2054 4758 1 10 1 1.0
4 91561 2056 2378 1 1 0 1.0
4 111461 2058 2239 1 1 0 1.0
4 115576 2060 2766 1 1 0 1.0
4 173107 2060 4516 1 10 1 1.0
4 174715 2061 5218 1 1 1 1.0
4 87498 2062 2104 1 10 1 1.0
4 142637 2068 3335 1 1 1 1.0
4 108876 2070 2759 1 50 1 1.0
4 144062 2074 3652 1 1 1 1.0
4 62503 2077 1810 1 1 0 1.0
4 122609 2077 2978 1 10 1 1.0
4 86365 2078 1985 1 10 0 1.0
4 177684 2079 4964 1 1 1 1.0
4 62273 2081 1538 1 1 1 1.0
4 147054 2085 3110 1 50 0 1.0
4 99378 2086 2253 1 1 1 1.0
4 117487 2090 2852 1 10 0 1.0
4 174773 2091 3701 1 1 1 1.0
4 146068 2093 4148 1 1 0 1.0
4 122072 2094 2754 1 1 1 1.0
4 94470 2097 1957 1 50 0 1.0
4 101940 2103 2963 1 10 0 1.0
4 165310 2106 3733 1 1 1 1.0
4 60919 2106 1447 1 50 1 1.0
4 98185 2107 2220 1 10 0 1.0
4 143817 2111 3177 1 50 0 1.0
4 174896 2114 3566 1 50 0 1.0
4 105314 2114 3003 1 50 1 1.0
4 139810 2115 3201 1 1 0 1.0
4 75309 2118 2140 1 1 1 1.0
4 122415 2119 3542 1 1 1 1.0
4 139828 2120 3223 1 1 0 1.0
4 139697 2121 3890 1 1 0 1.0
4 114585 2127 3003 1 1 0 1.0
4 119458 2129 2556 1 1 0 1.0
4 88629 2130 2277 1 10 1 1.0
4 174274 2137 4831 1 1 0 1.0
4 72072 2138 1806 1 1 1 1.0
4 164948 2138 3945 1 1 0 1.0
4 173596 2141 4080 1 10 0 1.0
4 68174 2142 1963 1 1 1 1.0
4 107474 2143 2346 1 1 1 1.0
4 150568 2143 4314 1 1 1 1.0
4 166251 2143 3957 1 50 0 1.0
4 115947 2145 2422 1 10 0 1.0
4 141258 2147 3136 1 1 1 1.0
4 173627 2149 4777 1 10 1 1.0
4 137230 2151 3806 1 1 1 1.0
4 119090 2153 2877 1 1 0 1.0
4 144667 2153 4290 1 1 0 1.0
4 101157 2154 2960 1 10 1 1.0
4 177118 2158 3649 1 1 1 1.0
4 73147 2158 2158 1 1 0 1.0
4 168486 2159 3611 1 1 1 1.0
4 134980 2163 3529 1 1 1 1.0
4 99353 2166 2305 1 10 0 1.0
4 101964 2167 2313 1 1 1 1.0
4 135954 2170 3582 1 50 0 1.0
4 154918 2170 4063 1 1 1 1.0
4 65117 2171 1663 1 1 1 1.0
4 170189 2183 4850 1 10 0 1.0
4 95922 2191 2277 1 1 0 1.0
4 121072 2193 3323 1 10 0 1.0
4 136503 2195 3242 1 1 0 1.0
4 73160 2196 2135 1 50 1 1.0
4 115893 2199 2758 1 1 1 1.0
4 114281 2200 2552 1 1 0 1.0
4 66148 2200 1573 1 1 0 1.0
4 167443 2203 4304 1 1 1 1.0
4 126183 2206 3739 1 10 1 1.0
4 122265 2210 2513 1 1 0 1.0
4 77409 2210 1939 1 1 1 1.0
4 122016 2212 2528 1 1 0 1.0
4 63034 2221 1375 1 1 1 1.0
4 108736 2224 2567 1 1 1 1.0
4 65178 2225 1683 1 1 1 1.0
4 145493 2227 4169 1 1 1 1.0
4 155875 2230 4513 1 1 1 1.0
4 74214 2231 1751 1 10 1 1.0
4 176804 2231 4525 1 1 1 1.0
4 144358 2232 4132 1 50 0 1.0
4 97901 2232 2729 1 10 1 1.0
4 136837 2234 4043 1 1 0 1.0
4 127734 2234 2873 1 1 1 1.0
4 61417 2241 1751 1 10 0 1.0
4 151392 2242 3867 1 1 0 1.0
4 83328 2243 1866 1 1 1 1.0
4 101064 2244 2644 1 10 1 1.0
4 136223 2245 3595 1 1 0 1.0
4 142780 2246 4180 1 1 1 1.0
4 147208 2248 3443 1 1 1 1.0
4 111738 2249 2240 1 1 0 1.0
4 110434 2250 3158 1 1 1 1.0
4 83229 2251 1812 1 1 0 1.0
4 140534 2253 3890 1 1 0 1.0
4 102609 2259 2755 1 10 0 1.0
4 178888 2261 5309 1 1 0 1.0
4 144977 2263 4224 1 1 0 1.0
4 142558 2264 3196 1 1 0 1.0
4 168890 2264 4047 1 1 0 1.0
4 88861 2268 2284 1 1 1 1.0
4 73436 2272 1662 1 1 1 1.0
4 139059 2275 4056 1 10 0 1.0
4 136253 2275 3206 1 10 0 1.0
4 152570 2277 3925 1 10 1 1.0
4 83230 2280 2178 1 10 1 1.0
4 151216 2283 4108 1 1 0 1.0
4 141436 2289 2909 1 50 0 1.0
4 174344 2291 4640 1 10 1 1.0
4 102369 2292 2922 1 1 1 1.0
4 94275 2293 1942 1 1 1 1.0
4 70253 2297 1724 1 10 1 1.0
4 89785 2299 2087 1 1 0 1.0
4 149827 2300 4085 1 1 0 1.0
4 148557 2301 3595 1 1 0 1.0
4 140207 2306 3611 1 1 1 1.0
4 169152 2318 3397 1 1 1 1.0
4 114139 2322 2924 1 10 0 1.0
4 88256 2324 1774 1 1 0 1.0
4 174615 2326 4197 1 1 1 1.0
4 108159 2328 3033 1 10 0 1.0
4 97576 2338 1987 1 10 1 1.0
4 133709 2338 3202 1 1 0 1.0
4 94109 2339 2805 1 10 0 1.0
4 92557 2340 2764 1 10 0 1.0
4 110287 2345 2417 1 1 1 1.0
4 109102 2347 2975 1 50 0 1.0
4 176511 2348 5164 1 10 1 1.0
4 113382 2349 3276 1 10 0 1.0
4 165983 2351 3648 1 10 1 1.0
4 141497 2354 3994 1 10 1 1.0
4 134482 2354 2759 1 1 0 1.0
4 95835 2356 2440 1 1 0 1.0
4 61783 2357 1771 1 1 0 1.0
4 120957 2359 2697 1 10 1 1.0
4 99450 2360 2980 1 10 0 1.0
4 72558 2364 2100 1 10 1 1.0
4 74439 2371 2037 1 1 0 1.0
4 83794 2372 1921 1 10 1 1.0
4 157707 2374 4165 1 1 1 1.0
4 171515 2381 4134 1 1 0 1.0
4 143361 2383 3468 1 10 1 1.0
4 65625 2383 1767 1 1 1 1.0
4 90305 2389 1862 1 50 0 1.0
4 115119 2389 2395 1 50 1 1.0
4 82095 2392 2229 1 1 1 1.0
4 144256 2393 3019 1 1 0 1.0
4 159545 2396 4318 1 10 0 1.0
4 60721 2398 1372 1 1 1 1.0
4 123448 2402 3618 1 1 0 1.0
4 104292 2406 2195 1 1 1 1.0
4 67405 2407 1729 1 1 0 1.0
4 173879 2409 4603 1 1 0 1.0
4 62719 2412 1707 1 1 1 1.0
4 114013 2413 2892 1 10 0 1.0
4 121333 2414 3410 1 1 1 1.0
4 77418 2415 1653 1 10 1 1.0
4 130528 2422 3128 1 1 1 1.0
4 67036 2423 1911 1 10 1 1.0
4 154519 2429 3268 1 1 1 1.0
4 150782 2430 4166 1 1 1 1.0
4 117545 2430 2498 1 1 1 1.0
4 152253 2435 4397 1 10 0 1.0
4 107987 2436 2296 1 50 0 1.0
4 61801 2438 1271 1 1 1 1.0
4 72105 2444 1796 1 1 1 1.0
4 85726 2449 2061 1 1 1 1.0
4 144494 2450 3323 1 50 1 1.0
4 91888 2452 2053 1 10 0 1.0
4 166352 2452 3835 1 50 1 1.0
4 158568 2455 3644 1 1 1 1.0
4 155259 2460 3743 1 1 1 1.0
4 123700 2461 3042 1 1 1 1.0
4 129759 2463 3354 1 1 1 1.0
4 62157 2468 1792 1 1 0 1.0
4 154257 2472 4090 1 1 0 1.0
4 66519 2477 1771 1 1 0 1.0
4 148741 2478 3887 1 1 0 1.0
4 155097 2488 4433 1 1 0 1.0
4 147714 2488 4414 1 10 0 1.0
4 131031 2494 2981 1 1 0 1.0
4 154045 2495 4584 1 1 1 1.0
4 131364 2497 3442 1 1 1 1.0
4 158883 2500 4725 1 10 0 1.0
4 153701 2502 3114 1 1 1 1.0
4 87205 2503 1826 1 10 1 1.0
4 107368 2506 3050 1 10 0 1.0
4 62855 2510 1651 1 10 0 1.0
4 128334 2517 3473 1 1 0 1.0
4 116104 2520 3057 1 1 0 1.0
4 164904 2522 4756 1 1 1 1.0
4 168375 2526 3496 1 1 0 1.0
4 126061 2528 3774 1 1 1 1.0
4 93898 2529 2330 1 10 0 1.0
4 72426 2531 2030 1 1 1 1.0
4 84091 2532 1831 1 10 0 1.0
4 154412 2537 4617 1 1 0 1.0
4 90378 2537 2035 1 10 0 1.0
4 63104 2538 1319 1 1 1 1.0
4 65481 2542 1767 1 1 0 1.0
4 60145 2543 1269 1 1 0 1.0
4 118763 2549 2760 1 1 0 1.0
4 118295 2549 3304 1 1 1 1.0
4 142404 2553 3046 1 1 0 1.0
4 167752 2553 4247 1 10 0 1.0
4 166202 2561 4047 1 10 1 1.0
4 141290 2564 3094 1 1 1 1.0
4 166106 2565 3641 1 50 0 1.0
4 155409 2571 4567 1 1 1 1.0
4 119594 2572 2525 1 1 1 1.0
4 60103 2576 1529 1 1 0 1.0
4 109347 2576 2368 1 1 1 1.0
4 60471 2577 1317 1 1 1 1.0
4 64526 2580 1818 1 50 0 1.0
4 121108 2583 2811 1 1 1 1.0
4 100736 2585 2287 1 1 0 1.0
4 158658 2585 4396 1 10 0 1.0
4 158220 2586 3740 1 50 1 1.0
4 72818 2591 1535 1 1 0 1.0
4 123950 2591 3302 1 10 0 1.0
4 145799 2592 4009 1 10 1 1.0
4 147965 2594 4031 1 10 1 1.0
4 78520 2594 1905 1 1 1 1.0
4 126490 2598 3226 1 50 0 1.0
4 176756 2603 5280 1 1 1 1.0
4 69586 2606 1839 1 10 0 1.0
4 114557 2608 2819 1 1 0 1.0
4 118254 2609 3439 1 10 1 1.0
4 172860 2609 4078 1 50 1 1.0
4 60096 2610 1616 1 10 1 1.0
4 106316 2615 2585 1 1 1 1.0
4 167710 2618 3515 1 50 1 1.0
4 87677 2618 2540 1 1 1 1.0
4 78903 2624 2203 1 1 0 1.0
4 73167 2625 2117 1 1 0 1.0
4 141843 2625 3915 1 50 0 1.0
4 167668 2627 4147 1 50 1 1.0
4 96307 2632 2559 1 50 1 1.0
4 116214 2633 3138 1 10 0 1.0
4 71998 2638 1578 1 50 0 1.0
4 163065 2639 3609 1 1 0 1.0
4 147278 2642 3611 1 1 1 1.0
4 152480 2643 3262 1 1 0 1.0
4 66111 2643 1831 1 50 0 1.0
4 71696 2645 1880 1 10 0 1.0
4 168561 2646 3669 1 1 0 1.0
4 132818 2646 2816 1 10 1 1.0
4 111718 2650 3110 1 1 1 1.0
4 95621 2652 2125 1 1 1 1.0
4 87460 2655 2200 1 1 1 1.0
4 129154 2657 3014 1 1 0 1.0
4 160421 2665 4329 1 1 0 1.0
4 170373 2667 4704 1 10 0 1.0
4 97103 2671 2103 1 10 0 1.0
4 150755 2677 4521 1 10 0 1.0
4 85170 2677 2150 1 1 1 1.0
4 119565 2681 2763 1 10 0 1.0
4 127937 2684 3547 1 10 1 1.0
4 107346 2688 3057 1 10 1 1.0
4 170199 2691 4466 1 1 1 1.0
4 162574 2693 3832 1 10 1 1.0
4 128075 2695 3660 1 10 1 1.0
4 77129 2698 2224 1 50 1 1.0
4 123952 2699 3040 1 50 0 1.0
4 114620 2700 3392 1 10 0 1.0
4 177833 2702 4660 1 1 0 1.0
4 62640 2706 1739 1 1 1 1.0
4 68361 2718 1480 1 1 1 1.0
4 60243 2720 1623 1 1 0 1.0
4 79083 2724 2093 1 10 0 1.0
4 163039 2724 4321 1 10 1 1.0
4 117282 2726 2663 1 10 1 1.0
4 62754 2727 1719 1 1 0 1.0
4 71315 2729 2090 1 1 0 1.0
4 90702 2730 2205 1 1 1 1.0
4 99031 2732 2058 1 1 1 1.0
4 93505 2734 2645 1 1 0 1.0
4 146096 2735 4212 1 10 1 1.0
4 77928 2737 1736 1 10 1 1.0
4 141561 2743 3201 1 1 1 1.0
4 147909 2744 4413 1 10 1 1.0
4 152249 2744 3353 1 1 0 1.0
4 75391 2746 1883 1 1 0 1.0
4 60971 2748 1584 1 10 1 1.0
4 174553 2749 4497 1 10 1 1.0
4 72670 2756 2084 1 50 0 1.0
4 145487 2756 3670 1 50 0 1.0
4 162910 2758 4148 1 1 0 1.0
4 145093 2759 3961 1 1 1 1.0
4 177636 2760 4201 1 1 0 1.0
4 145405 2760 3178 1 1 1 1.0
4 157976 2761 3289 1 1 0 1.0
4 166695 2769 3353 1 10 1 1.0
4 141593 2770 4172 1 10 1 1.0
4 145037 2777 2954 1 50 1 1.0
4 146939 2778 4286 1 1 1 1.0
4 84501 2782 1966 1 50 1 1.0
4 111583 2787 2543 1 50 0 1.0
4 69162 2788 1967 1 50 1 1.0
4 175132 2789 4193 1 1 1 1.0
4 162855 2790 3715 1 10 0 1.0
4 62607 2792 1737 1 1 0 1.0
4 119576 2793 3469 1 1 0 1.0
4 84594 2793 2374 1 10 0 1.0
4 171466 2795 5124 1 10 1 1.0
4 127513 2796 2820 1 10 1 1.0
4 129573 2796 2844 1 10 0 1.0
4 163508 2798 4464 1 1 1 1.0
4 159078 2800 3522 1 1 0 1.0
4 84132 2800 2244 1 50 1 1.0
4 111453 2807 2355 1 10 1 1.0
4 152330 2809 3532 1 1 0 1.0
4 169434 2810 3481 1 1 0 1.0
4 127547 2814 2954 1 10 1 1.0
4 153056 2816 4012 1 10 1 1.0
4 132168 2820 3916 1 1 0 1.0
4 79418 2820 1990 1 1 0 1.0
4 127654 2822 3465 1 1 1 1.0
4 108147 2828 2380 1 1 1 1.0
4 127337 2832 2848 1 1 1 1.0
4 118764 2834 3197 1 1 0 1.0
4 103185 2835 3056 1 10 0 1.0
4 131233 2835 3754 1 1 0 1.0
4 87977 2836 2378 1 1 0 1.0
4 81935 2838 2282 1 1 1 1.0
4 74224 2841 1655 1 1 0 1.0
4 99832 2842 2923 1 50 1 1.0
4 98751 2846 2923 1 1 0 1.0
4 120317 2847 2843 1 10 1 1.0
4 152983 2852 3990 1 1 1 1.0
4 73508 2855 1641 1 1 0 1.0
4 138053 2855 3761 1 10 1 1.0
4 100852 2856 2782 1 1 0 1.0
4 143271 2859 4000 1 50 1 1.0
4 65876 2862 1661 1 10 1 1.0
4 70396 2864 1454 1 10 0 1.0
4 110002 2866 2911 1 10 0 1.0
4 142307 2870 3895 1 1 1 1.0
4 154585 2871 4127 1 10 0 1.0
4 102904 2874 2925 1 1 0 1.0
4 106385 2877 3164 1 1 1 1.0
4 108589 2881 2265 1 10 1 1.0
4 138661 2882 2814 1 1 1 1.0
4 168027 2883 3965 1 1 0 1.0
4 66899 2888 1471 1 50 1 1.0
4 107898 2888 2216 1 10 0 1.0
4 119193 2900 3229 1 1 1 1.0
4 171076 2901 4103 1 1 0 1.0
4 67090 2904 1712 1 1 0 1.0
4 151481 2906 3682 1 1 0 1.0
4 178423 2909 3933 1 1 1 1.0
4 60950 2909 1431 1 1 1 1.0
4 156178 2915 3288 1 10 1 1.0
4 165137 2915 3392 1 10 1 1.0
4 154439 2916 4106 1 10 0 1.0
4 154589 2920 3625 1 10 0 1.0
4 118327 2922 2936 1 10 1 1.0
4 74344 2925 1917 1 1 1 1.0
4 172618 2928 3734 1 1 1 1.0
4 158263 2932 3853 1 1 0 1.0
4 132535 2932 2876 1 1 1 1.0
4 120468 2934 3294 1 50 1 1.0
4 92197 2934 2038 1 10 1 1.0
4 163739 2940 4189 1 1 0 1.0
4 117903 2941 2578 1 50 1 1.0
4 117217 2943 3431 1 1 0 1.0
4 90538 2945 1990 1 10 1 1.0
4 103207 2946 3076 1 1 0 1.0
4 77598 2947 2007 1 10 1 1.0
4 65712 2949 1751 1 1 1 1.0
4 100430 2950 2297 1 1 1 1.0
4 96535 2955 2199 1 1 1 1.0
4 115069 2957 3231 1 10 0 1.0
4 67040 2959 1628 1 1 0 1.0
4 130505 2960 3123 1 1 1 1.0
4 101950 2960 2869 1 10 0 1.0
4 179658 2960 4010 1 10 0 1.0
4 66091 2964 1503 1 1 0 1.0
4 67014 2965 1457 1 50 1 1.0
4 86384 2968 2430 1 1 1 1.0
4 153846 2969 4542 1 10 0 1.0
4 101005 2973 2591 1 50 0 1.0
4 124035 2973 3203 1 10 1 1.0
4 87924 2975 2373 1 10 1 1.0
4 102846 2978 2973 1 10 0 1.0
4 169691 2978 3977 1 1 0 1.0
4 112103 2979 2898 1 1 0 1.0
4 100575 2979 2434 1 10 0 1.0
4 90646 2980 2545 1 10 0 1.0
4 139972 2980 3601 1 1 1 1.0
4 67274 2984 1621 1 1 1 1.0
4 146514 2984 3152 1 1 0 1.0
4 153219 2989 3115 1 1 1 1.0
4 66813 2995 1868 1 10 0 1.0
4 98819 2996 2584 1 1 0 1.0
4 146338 2997 3548 1 10 0 1.0
4 144318 2997 3618 1 1 0 1.0
4 93965 2999 2264 1 10 0 1.0
4 172385 3001 4425 1 10 0 1.0
4 91830 3002 2070 1 50 0 1.0
4 90721 3003 2144 1 1 1 1.0
4 142930 3003 3212 1 10 1 1.0
4 72236 3005 1616 1 10 1 1.0
4 120109 3006 3061 1 1 1 1.0
4 176253 3007 4998 1 1 1 1.0
4 88357 3012 2627 1 1 1 1.0
4 83510 3018 2501 1 1 1 1.0
4 110353 3022 2233 1 10 1 1.0
4 109071 3025 3175 1 1 1 1.0
4 149633 3028 3373 1 10 1 1.0
4 138253 3028 2861 1 1 0 1.0
4 131437 3029 3492 1 1 0 1.0
4 169689 3030 4607 1 10 1 1.0
4 72361 3030 1705 1 1 0 1.0
4 77539 3030 2233 1 10 1 1.0
4 162809 3032 3273 1 1 1 1.0
4 140386 3034 3055 1 1 1 1.0
4 170732 3035 4824 1 1 0 1.0
4 154478 3035 3551 1 1 1 1.0
4 104847 3036 2968 1 10 1 1.0
4 85967 3036 1746 1 1 0 1.0
4 169995 3041 3838 1 1 0 1.0
4 118351 3043 2452 1 1 1 1.0
4 89588 3047 2307 1 1 1 1.0
4 76495 3049 1612 1 10 1 1.0
4 165815 3049 4255 1 1 0 1.0
4 99590 3051 2898 1 50 0 1.0
4 104213 3051 2510 1 10 1 1.0
4 105104 3052 3119 1 10 0 1.0
4 153616 3055 3815 1 1 1 1.0
4 101264 3055 2987 1 10 0 1.0
4 75911 3059 2268 1 10 1 1.0
4 90048 3063 2235 1 10 0 1.0
4 110271 3065 3082 1 1 0 1.0
4 83445 3068 2253 1 1 0 1.0
4 71955 3069 1709 1 1 1 1.0
4 143498 3069 2967 1 50 0 1.0
4 155646 3070 3858 1 1 0 1.0
4 123011 3070 3651 1 50 1 1.0
4 87936 3071 1920 1 1 0 1.0
4 92551 3072 2580 1 10 1 1.0
4 139120 3072 2934 1 1 0 1.0
4 176503 3076 5208 1 1 0 1.0
4 173629 3077 4668 1 10 1 1.0
4 150921 3084 4239 1 1 1 1.0
4 110273 3085 2634 1 1 0 1.0
4 102510 3087 2588 1 10 1 1.0
4 83382 3088 2097 1 1 1 1.0
4 172439 3092 3848 1 50 1 1.0
4 91564 3107 2728 1 1 0 1.0
4 175805 3108 4253 1 1 0 1.0
4 72642 3116 1758 1 10 0 1.0
4 80861 3121 2144 1 1 1 1.0
4 177416 3123 4138 1 1 0 1.0
4 117721 3123 3363 1 1 0 1.0
4 115617 3125 2557 1 10 0 1.0
4 100486 3126 2297 1 1 1 1.0
4 99351 3135 2014 1 1 0 1.0
4 167480 3135 4606 1 1 0 1.0
4 81056 3138 2373 1 50 0 1.0
4 144264 3138 3091 1 10 0 1.0
4 120760 3138 2584 1 10 0 1.0
4 105714 3139 2847 1 1 0 1.0
4 109724 3141 2951 1 1 1 1.0
4 172799 3141 4930 1 10 0 1.0
4 164438 3142 4363 1 10 1 1.0
4 118059 3143 2761 1 10 0 1.0
4 64161 3151 1308 1 1 1 1.0
4 89637 3152 2461 1 10 1 1.0
4 98538 3153 2155 1 50 0 1.0
4 86502 3153 2158 1 1 1 1.0
4 169827 3155 3793 1 50 1 1.0
4 175713 3160 5151 1 10 1 1.0
4 61917 3160 1409 1 10 1 1.0
4 114518 3165 2932 1 1 1 1.0
4 161504 3166 4659 1 1 1 1.0
4 135880 3167 2786 1 1 1 1.0
4 103352 3168 2515 1 1 0 1.0
4 60123 3171 1393 1 10 0 1.0
4 130696 3173 3340 1 1 0 1.0
4 107783 3174 2973 1 50 1 1.0
4 167560 3176 3385 1 1 0 1.0
4 123226 3176 2664 1 1 1 1.0
4 74060 3177 1651 1 50 1 1.0
4 147030 3178 3919 1 1 0 1.0
4 158028 3179 3238 1 50 0 1.0
4 143446 3182 3432 1 1 1 1.0
4 145099 3183 3513 1 50 0 1.0
4 65746 3183 1664 1 1 1 1.0
4 95764 3183 2268 1 1 1 1.0
4 152788 3184 3360 1 1 1 1.0
4 166723 3184 3698 1 1 1 1.0
4 146001 3186 2937 1 10 0 1.0
4 152372 3187 3544 1 1 1 1.0
4 174721 3191 4312 1 10 0 1.0
4 79222 3191 1622 1 1 1 1.0
4 79424 3193 2294 1 50 0 1.0
4 99399 3193 2334 1 10 1 1.0
4 103606 3195 3073 1 10 0 1.0
4 103474 3195 2527 1 10 1 1.0
4 128671 3202 3781 1 1 1 1.0
4 162060 3206 4261 1 1 0 1.0
4 149487 3207 4258 1 1 1 1.0
4 148502 3209 3906 1 1 1 1.0
4 141442 3210 3677 1 1 0 1.0
4 161920 3211 4566 1 1 1 1.0
4 161989 3212 3999 1 1 1 1.0
4 98540 3213 2526 1 1 0 1.0
4 85259 3215 2127 1 1 1 1.0
4 136804 3215 3070 1 1 0 1.0
4 134093 3216 2995 1 1 1 1.0
4 68961 3218 2052 1 10 0 1.0
4 63918 3219 1587 1 10 1 1.0
4 116852 3221 2433 1 1 1 1.0
4 121805 3225 3206 1 1 1 1.0
4 124916 3225 3067 1 1 1 1.0
4 117896 3226 3291 1 1 1 1.0
4 152369 3228 3961 1 1 1 1.0
4 176781 3230 3761 1 1 1 1.0
4 84442 3230 1693 1 1 0 1.0
4 137697 3231 3625 1 1 1 1.0
4 72791 3234 1707 1 1 0 1.0
4 109373 3237 2490 1 1 0 1.0
4 71526 3240 1968 1 50 1 1.0
4 111565 3240 2847 1 10 0 1.0
4 137545 3241 2787 1 10 1 1.0
4 149905 3241 3397 1 1 1 1.0
4 167391 3242 4054 1 1 1 1.0
4 96719 3242 2119 1 1 0 1.0
4 173133 3246 4929 1 1 0 1.0
4 133115 3248 3804 1 50 1 1.0
4 174115 3252 4617 1 1 1 1.0
4 172446 3252 4123 1 50 1 1.0
4 96152 3253 2633 1 10 1 1.0
4 140954 3255 3514 1 1 1 1.0
4 129786 3255 3801 1 1 1 1.0
4 101235 3257 2936 1 1 1 1.0
4 126473 3258 2826 1 50 0 1.0
4 176358 3263 4389 1 50 0 1.0
4 100710 3265 2461 1 1 0 1.0
4 65067 3265 1760 1 1 0 1.0
4 102675 3267 2611 1 1 0 1.0
4 62216 3267 1478 1 1 0 1.0
4 107503 3270 2526 1 10 1 1.0
4 72756 3275 1893 1 10 1 1.0
4 87364 3277 2127 1 1 0 1.0
4 84195 3278 2465 1 50 1 1.0
4 150786 3279 3116 1 1 1 1.0
4 89711 3280 1917 1 1 1 1.0
4 68763 3286 1618 1 10 1 1.0
4 164477 3290 4220 1 10 1 1.0
4 148955 3297 3612 1 50 0 1.0
4 89071 3299 2045 1 1 1 1.0
4 67923 3303 1644 1 1 0 1.0
4 158433 3306 3841 1 1 1 1.0
4 106125 3311 3156 1 10 1 1.0
4 130734 3314 3489 1 10 0 1.0
4 178926 3317 4748 1 10 1 1.0
4 75126 3319 1938 1 50 1 1.0
4 170718 3320 4753 1 50 0 1.0
4 179245 3324 4559 1 10 0 1.0
4 174282 3325 4878 1 1 1 1.0
4 134477 3329 4009 1 1 1 1.0
4 159671 3329 3730 1 1 1 1.0
4 96483 3331 2520 1 1 0 1.0
4 99109 3333 2829 1 10 0 1.0
4 143923 3337 3259 1 10 0 1.0
4 125775 3340 2703 1 1 0 1.0
4 88826 3344 2179 1 1 0 1.0
4 92699 3345 2272 1 1 1 1.0
4 177795 3346 4637 1 1 1 1.0
4 174415 3346 4429 1 1 0 1.0
4 144633 3346 2949 1 10 0 1.0
4 111730 3346 2606 1 1 0 1.0
4 84905 3347 2220 1 50 0 1.0
4 71471 3348 1760 1 10 1 1.0
4 96775 3352 2432 1 10 0 1.0
4 62419 3355 1319 1 1 0 1.0
4 78741 3356 1752 1 50 1 1.0
4 131671 3357 3439 1 50 1 1.0
4 78038 3358 1829 1 1 1 1.0
4 63292 3359 1850 1 1 0 1.0
4 119827 3359 3387 1 1 0 1.0
4 137282 3361 3596 1 10 1 1.0
4 104854 3363 2835 1 50 1 1.0
4 104542 3365 2242 1 10 0 1.0
4 82283 3366 2283 1 1 0 1.0
4 103220 3369 2419 1 50 1 1.0
4 158378 3373 4194 1 1 0 1.0
4 97956 3373 2439 1 1 1 1.0
4 135747 3375 3381 1 1 1 1.0
4 153927 3376 3874 1 10 0 1.0
4 86221 3382 1760 1 1 1 1.0
4 149622 3383 3719 1 10 0 1.0
4 171773 3383 3599 1 1 0 1.0
4 159707 3387 3835 1 50 1 1.0
4 130872 3388 2716 1 10 0 1.0
4 163646 3391 4667 1 10 0 1.0
4 154565 3392 3820 1 1 0 1.0
4 93215 3397 2713 1 10 1 1.0
4 168156 3398 4523 1 50 1 1.0
4 171899 3405 4297 1 1 1 1.0
4 130764 3406 2977 1 50 0 1.0
4 98489 3410 2442 1 10 1 1.0
4 101202 3413 2056 1 1 0 1.0
4 134782 3416 3473 1 1 0 1.0
4 172561 3421 4184 1 50 0 1.0
4 141824 3423 4039 1 1 0 1.0
4 161822 3424 3541 1 1 0 1.0
4 86906 3425 1781 1 1 0 1.0
4 163951 3425 3711 1 1 0 1.0
4 167546 3433 3523 1 1 1 1.0
4 111945 3433 3275 1 1 1 1.0
4 160170 3436 4706 1 50 0 1.0
4 162162 3436 3565 1 1 1 1.0
4 80859 3439 2145 1 1 1 1.0
4 112971 3445 2491 1 1 1 1.0
4 105913 3452 2522 1 10 1 1.0
4 146671 3453 3034 1 1 1 1.0
4 120482 3455 2495 1 1 1 1.0
4 88618 3457 2027 1 1 0 1.0
4 107670 3459 3124 1 1 0 1.0
4 71390 3460 1603 1 10 0 1.0
4 67624 3462 1474 1 10 1 1.0
4 136546 3463 3231 1 10 0 1.0
4 155747 3467 4054 1 10 0 1.0
4 101626 3470 2039 1 1 0 1.0
4 157753 3471 4203 1 1 0 1.0
4 138373 3476 3039 1 50 1 1.0
4 143894 3477 3040 1 1 0 1.0
4 134653 3479 3277 1 1 1 1.0
4 144472 3483 2965 1 10 1 1.0
4 119083 3484 2396 1 1 0 1.0
4 170794 3490 4291 1 1 0 1.0
4 167205 3490 3782 1 1 1 1.0
4 154847 3497 4430 1 10 1 1.0
4 165101 3498 4692 1 50 1 1.0
4 140449 3499 3193 1 10 0 1.0
4 179967 3500 4961 1 1 0 1.0
4 60162 3502 1253 1 10 1 1.0
4 61588 3516 1250 1 50 1 1.0
4 174196 3516 4430 1 1 0 1.0
4 86892 3522 1856 1 1 1 1.0
4 146444 3524 3767 1 1 0 1.0
4 143441 3527 3375 1 1 1 1.0
4 118747 3528 2626 1 1 1 1.0
4 165515 3528 3785 1 1 1 1.0
4 83175 3529 2394 1 10 1 1.0
4 117354 3529 3427 1 10 0 1.0
4 124313 3531 2720 1 50 0 1.0
4 126194 3532 2901 1 1 0 1.0
4 147217 3532 3245 1 50 1 1.0
4 133092 3538 3015 1 10 0 1.0
4 114187 3550 2465 1 1 1 1.0
4 130353 3551 3307 1 1 0 1.0
4 158323 3553 3912 1 1 1 1.0
4 117434 3554 3234 1 1 1 1.0
4 152234 3556 3548 1 10 1 1.0
4 163225 3557 4300 1 1 1 1.0
4 106377 3557 3149 1 10 1 1.0
4 118495 3560 2660 1 10 0 1.0
4 179389 3563 3732 1 1 1 1.0
4 173375 3564 4123 1 50 1 1.0
4 93893 3572 2454 1 1 1 1.0
4 154750 3573 4426 1 1 0 1.0
4 159974 3575 3340 1 10 0 1.0
4 102943 3575 2344 1 10 1 1.0
4 146036 3583 3451 1 10 0 1.0
4 127396 3583 2929 1 1 1 1.0
4 62308 3584 1854 1 10 1 1.0
4 154858 3590 4246 1 1 0 1.0
4 139652 3599 2867 1 1 0 1.0
4 99688 3599 2131 1 50 0 1.0
