1500
5 77024 0 1726 1 1 1 1.0
5 112100 0 2587 1 10 0 1.0
5 113206 1 2460 1 1 1 1.0
5 69686 1 2050 1 50 1 1.0
5 87678 2 2451 1 50 1 1.0
5 165297 3 4833 1 10 0 1.0
5 64987 4 1309 1 1 1 1.0
5 119409 4 3115 1 50 0 1.0
5 135975 15 3192 1 50 1 1.0
5 173050 15 3815 1 10 0 1.0
5 145575 22 3233 1 1 0 1.0
5 148139 25 3986 1 1 0 1.0
5 90963 25 2598 1 1 0 1.0
5 103281 28 2565 1 1 0 1.0
5 80298 28 2159 1 1 1 1.0
5 132911 28 3309 1 1 1 1.0
5 100165 29 2187 1 1 1 1.0
5 126646 32 2711 1 1 1 1.0
5 65057 33 1353 1 10 0 1.0
5 104913 34 2317 1 1 1 1.0
5 99356 36 2415 1 10 1 1.0
5 162034 37 3648 1 10 0 1.0
5 111670 41 3004 1 10 1 1.0
5 133394 45 3476 1 1 0 1.0
5 77512 46 2096 1 1 0 1.0
5 178128 48 4245 1 1 1 1.0
5 87683 48 2622 1 1 1 1.0
5 115687 51 2472 1 10 0 1.0
5 70062 52 1876 1 10 1 1.0
5 158860 56 3885 1 1 0 1.0
5 152498 56 3946 1 1 1 1.0
5 67997 60 1932 1 10 1 1.0
5 114882 68 3351 1 10 0 1.0
5 173551 71 4201 1 1 1 1.0
5 99084 75 2224 1 10 0 1.0
5 170543 76 4060 1 10 0 1.0
5 98230 77 1969 1 1 1 1.0
5 137988 79 3672 1 10 0 1.0
5 103849 82 2190 1 1 1 1.0
5 167863 84 4051 1 1 1 1.0
5 110521 86 2385 1 1 1 1.0
5 121951 88 2459 1 1 0 1.0
5 174936 90 4480 1 1 1 1.0
5 119907 91 3149 1 1 1 1.0
5 131710 102 3784 1 10 1 1.0
5 118764 106 2898 1 50 1 1.0
5 87816 107 2008 1 10 1 1.0
5 151091 110 3301 1 10 1 1.0
5 114687 115 2862 1 1 1 1.0
5 125031 116 2598 1 1 1 1.0
5 145813 120 3071 1 10 0 1.0
5 112077 120 2823 1 1 0 1.0
5 128159 120 2682 1 10 1 1.0
5 140104 121 3402 1 10 0 1.0
5 96880 129 2783 1 10 0 1.0
5 135827 133 3186 1 1 0 1.0
5 141403 142 3243 1 10 0 1.0
5 117398 142 2649 1 1 1 1.0
5 69867 149 1737 1 10 0 1.0
5 115835 150 2695 1 10 1 1.0
5 111093 151 2256 1 10 1 1.0
5 86333 153 2305 1 10 1 1.0
5 149319 155 3134 1 1 0 1.0
5 178444 155 3832 1 1 0 1.0
5 77365 157 1949 1 1 1 1.0
5 65394 159 1516 1 1 1 1.0
5 136052 160 3324 1 10 1 1.0
5 117264 160 3514 1 10 1 1.0
5 67027 166 1385 1 10 0 1.0
5 134416 169 3294 1 10 0 1.0
5 96508 169 2322 1 50 0 1.0
5 99637 173 2318 1 50 0 1.0
5 66922 174 1846 1 1 0 1.0
5 170796 175 3776 1 10 0 1.0
5 136324 185 3374 1 1 0 1.0
5 121914 186 3063 1 10 0 1.0
5 146792 186 3142 1 1 1 1.0
5 75841 191 2066 1 50 0 1.0
5 108804 191 3002 1 1 1 1.0
5 64406 194 1822 1 1 1 1.0
5 151918 195 4138 1 1 1 1.0
5 76428 200 1956 1 10 0 1.0
5 138925 203 3064 1 1 0 1.0
5 94044 204 2417 1 1 1 1.0
5 147841 205 3651 1 10 0 1.0
5 159541 208 4203 1 1 0 1.0
5 103415 209 2874 1 50 1 1.0
5 79095 215 2242 1 1 0 1.0
5 173337 216 3906 1 10 0 1.0
5 96481 216 2709 1 1 1 1.0
5 105453 217 2840 1 10 0 1.0
5 65237 218 1710 1 10 0 1.0
5 62340 219 1277 1 1 0 1.0
5 165944 222 4571 1 10 1 1.0
5 159048 224 3951 1 1 0 1.0
5 133782 231 2935 1 50 0 1.0
5 86140 233 2299 1 1 1 1.0
5 73247 236 1838 1 1 1 1.0
5 152249 238 3704 1 1 0 1.0
5 161976 239 4496 1 1 0 1.0
5 145806 245 3521 1 1 0 1.0
5 153427 246 3487 1 1 1 1.0
5 91912 248 2455 1 10 1 1.0
5 97068 258 1974 1 10 0 1.0
5 164423 258 4507 1 10 0 1.0
5 179206 259 4257 1 1 0 1.0
5 117776 260 2452 1 10 0 1.0
5 62351 260 1676 1 50 0 1.0
5 61556 261 1645 1 1 1 1.0
5 142339 270 3947 1 1 0 1.0
5 122838 271 3552 1 10 0 1.0
5 111464 271 2468 1 10 0 1.0
5 109759 273 2275 1 1 1 1.0
5 83798 277 2070 1 10 1 1.0
5 70370 278 1770 1 1 0 1.0
5 152741 278 3757 1 1 1 1.0
5 83839 282 1831 1 1 1 1.0
5 63075 283 1338 1 50 0 1.0
5 117984 284 2665 1 50 0 1.0
5 107070 288 2974 1 50 0 1.0
5 110825 291 2816 1 1 1 1.0
5 92311 294 2396 1 10 1 1.0
5 134273 295 3199 1 1 0 1.0
5 92237 295 2408 1 1 0 1.0
5 146561 297 4232 1 10 0 1.0
5 176405 297 4668 1 10 1 1.0
5 155201 297 3493 1 1 0 1.0
5 112970 298 3110 1 1 0 1.0
5 175605 307 3601 1 1 1 1.0
5 127331 307 3713 1 10 1 1.0
5 117049 317 3373 1 1 1 1.0
5 156667 319 3658 1 50 1 1.0
5 158939 321 3513 1 1 0 1.0
5 147526 322 3835 1 1 0 1.0
5 169663 325 3798 1 1 0 1.0
5 75792 328 2025 1 50 0 1.0
5 114062 335 2867 1 10 0 1.0
5 157653 337 3489 1 50 1 1.0
5 165594 337 3746 1 1 0 1.0
5 146854 338 4315 1 10 1 1.0
5 170847 346 4938 1 1 0 1.0
5 80355 347 1838 1 1 1 1.0
5 129382 351 3804 1 1 1 1.0
5 62311 352 1550 1 1 0 1.0
5 148588 357 4114 1 1 1 1.0
5 155104 358 3291 1 50 1 1.0
5 178859 362 4897 1 1 1 1.0
5 131228 364 3412 1 1 1 1.0
5 158713 365 3773 1 1 1 1.0
5 171267 366 4027 1 1 1 1.0
5 165182 369 3529 1 10 1 1.0
5 110714 371 2800 1 10 1 1.0
5 115961 372 2320 1 1 1 1.0
5 177180 378 3723 1 1 1 1.0
5 139619 384 3683 1 10 0 1.0
5 62979 385 1822 1 1 0 1.0
5 122829 392 2741 1 10 0 1.0
5 148621 393 3992 1 1 1 1.0
5 150675 394 3075 1 1 0 1.0
5 95547 396 2523 1 1 0 1.0
5 161193 397 4808 1 10 1 1.0
5 139217 398 3799 1 1 1 1.0
5 101101 399 2126 1 10 0 1.0
5 136519 400 3282 1 1 1 1.0
5 84655 402 2477 1 50 1 1.0
5 139145 405 2983 1 10 0 1.0
5 119198 408 3541 1 10 0 1.0
5 163918 412 3562 1 1 0 1.0
5 90837 413 2251 1 1 0 1.0
5 155680 414 3156 1 1 1 1.0
5 177685 416 5255 1 1 1 1.0
5 173980 417 4635 1 10 0 1.0
5 118946 422 3168 1 1 1 1.0
5 159992 425 4580 1 1 1 1.0
5 137670 431 2950 1 1 1 1.0
5 147596 436 3179 1 50 0 1.0
5 81282 438 1696 1 10 0 1.0
5 146012 440 4321 1 1 1 1.0
5 80056 443 1842 1 1 1 1.0
5 120873 445 2965 1 10 1 1.0
5 136381 446 2847 1 1 1 1.0
5 152641 447 4148 1 1 0 1.0
5 147628 455 4136 1 1 1 1.0
5 165046 455 4420 1 1 0 1.0
5 79673 456 1870 1 50 0 1.0
5 109885 459 3265 1 1 1 1.0
5 135846 460 3651 1 1 0 1.0
5 101214 461 2378 1 1 1 1.0
5 139141 463 3044 1 1 0 1.0
5 86041 468 2261 1 1 0 1.0
5 117209 468 3184 1 1 0 1.0
5 112281 469 2502 1 1 0 1.0
5 97109 474 2545 1 1 0 1.0
5 84641 476 2067 1 1 0 1.0
5 164782 480 3844 1 1 1 1.0
5 165779 480 3416 1 1 0 1.0
5 135684 480 3643 1 1 1 1.0
5 161366 482 4482 1 1 1 1.0
5 60950 483 1698 1 1 0 1.0
5 150117 485 3020 1 1 1 1.0
5 168262 489 4785 1 1 0 1.0
5 176150 489 4382 1 1 1 1.0
5 151325 493 3235 1 1 0 1.0
5 68787 494 1410 1 1 1 1.0
5 82325 500 2446 1 50 0 1.0
5 134864 501 3468 1 1 0 1.0
5 115579 501 2466 1 1 1 1.0
5 179915 501 4925 1 50 1 1.0
5 116709 501 3173 1 50 0 1.0
5 102454 502 2563 1 1 1 1.0
5 151331 506 4392 1 1 1 1.0
5 88200 508 2043 1 1 1 1.0
5 89838 513 2004 1 1 1 1.0
5 69982 513 2025 1 1 0 1.0
5 116205 516 3394 1 1 1 1.0
5 121992 522 2814 1 50 1 1.0
5 85619 523 2356 1 1 1 1.0
5 159702 524 4690 1 1 0 1.0
5 96258 525 1973 1 1 1 1.0
5 110598 525 3287 1 1 1 1.0
5 94039 525 2354 1 1 0 1.0
5 155250 526 3301 1 1 0 1.0
5 159485 528 4109 1 10 1 1.0
5 91168 532 2557 1 10 0 1.0
5 67250 535 1874 1 50 1 1.0
5 127367 536 3114 1 1 1 1.0
5 68236 537 2031 1 50 1 1.0
5 96780 538 2610 1 10 0 1.0
5 176287 541 4691 1 50 1 1.0
5 109328 543 3235 1 1 1 1.0
5 163941 544 4879 1 1 0 1.0
5 106228 547 3098 1 1 1 1.0
5 166142 550 4484 1 1 0 1.0
5 68342 551 1737 1 10 1 1.0
5 130190 557 3782 1 50 0 1.0
5 117861 558 3305 1 10 1 1.0
5 115137 563 2603 1 1 0 1.0
5 170206 565 4807 1 50 0 1.0
5 158040 566 3623 1 1 0 1.0
5 125557 571 3246 1 1 1 1.0
5 85416 574 2355 1 50 1 1.0
5 64816 583 1916 1 10 0 1.0
5 104317 583 3118 1 1 0 1.0
5 65366 586 1722 1 10 1 1.0
5 69755 587 1609 1 1 0 1.0
5 162698 587 4562 1 10 1 1.0
5 69277 587 1744 1 10 1 1.0
5 119003 588 2538 1 50 0 1.0
5 154064 589 3697 1 10 1 1.0
5 160064 590 3277 1 1 0 1.0
5 109823 590 2454 1 1 1 1.0
5 70125 591 1471 1 10 1 1.0
5 72172 594 2090 1 10 1 1.0
5 104994 595 2809 1 10 0 1.0
5 79335 595 2335 1 1 0 1.0
5 178158 596 4043 1 1 1 1.0
5 70451 596 1432 1 10 1 1.0
5 80466 598 2166 1 50 1 1.0
5 130357 600 3057 1 1 0 1.0
5 152289 600 4545 1 1 1 1.0
5 178363 601 3906 1 1 0 1.0
5 63744 603 1754 1 10 1 1.0
5 152287 605 3590 1 1 1 1.0
5 149429 606 4473 1 10 0 1.0
5 143589 606 4073 1 1 1 1.0
5 94787 611 2193 1 1 0 1.0
5 97578 614 2071 1 1 0 1.0
5 152133 617 4244 1 1 0 1.0
5 103891 617 2868 1 10 1 1.0
5 148273 620 4148 1 50 0 1.0
5 151291 623 4297 1 1 1 1.0
5 175477 624 5223 1 10 1 1.0
5 101563 626 2942 1 1 0 1.0
5 69968 630 1450 1 1 1 1.0
5 73365 633 2033 1 1 1 1.0
5 72556 638 1703 1 1 0 1.0
5 60987 640 1472 1 1 0 1.0
5 85188 640 2305 1 1 1 1.0
5 144033 643 3813 1 50 0 1.0
5 146771 645 3183 1 1 1 1.0
5 135446 654 3912 1 1 1 1.0
5 109796 659 3202 1 10 1 1.0
5 67140 660 1604 1 10 1 1.0
5 145240 662 4291 1 1 1 1.0
5 71542 667 1480 1 1 1 1.0
5 115069 674 2742 1 10 1 1.0
5 136692 676 3886 1 1 1 1.0
5 100316 677 2594 1 50 0 1.0
5 125767 681 3317 1 1 0 1.0
5 135563 681 3687 1 10 1 1.0
5 176508 683 5241 1 1 0 1.0
5 149263 684 3676 1 1 1 1.0
5 65699 689 1474 1 1 0 1.0
5 129504 690 3658 1 1 0 1.0
5 135583 691 2934 1 1 1 1.0
5 156007 693 3826 1 1 1 1.0
5 146279 693 3649 1 10 1 1.0
5 105564 697 3074 1 1 0 1.0
5 179730 697 5227 1 10 1 1.0
5 141244 699 2976 1 1 0 1.0
5 102647 704 2294 1 1 1 1.0
5 77116 704 1766 1 10 1 1.0
5 92093 707 2437 1 10 1 1.0
5 125699 709 3160 1 10 0 1.0
5 120268 713 2695 1 50 1 1.0
5 159441 720 4369 1 50 0 1.0
5 89050 722 2555 1 50 0 1.0
5 60125 726 1583 1 1 1 1.0
5 137442 739 2921 1 1 0 1.0
5 166892 740 3351 1 10 1 1.0
5 123370 741 3219 1 1 0 1.0
5 168270 742 3791 1 10 1 1.0
5 94998 745 1990 1 10 0 1.0
5 146602 745 3846 1 10 0 1.0
5 64555 746 1868 1 10 0 1.0
5 164959 748 4431 1 1 1 1.0
5 89494 751 2238 1 1 1 1.0
5 105780 757 2891 1 10 1 1.0
5 110075 759 2511 1 1 1 1.0
5 72959 760 1786 1 1 1 1.0
5 115951 762 2765 1 1 1 1.0
5 139793 762 3016 1 10 1 1.0
5 72642 764 2151 1 10 0 1.0
5 137170 767 3226 1 1 1 1.0
5 140814 768 4192 1 10 0 1.0
5 162360 769 3434 1 1 1 1.0
5 118007 770 2515 1 10 0 1.0
5 128851 775 3688 1 50 1 1.0
5 64607 777 1355 1 1 1 1.0
5 99861 780 2210 1 10 0 1.0
5 74047 780 1932 1 1 1 1.0
5 89845 781 2416 1 10 0 1.0
5 124300 783 2880 1 1 0 1.0
5 105371 785 2614 1 1 1 1.0
5 148457 791 4287 1 1 1 1.0
5 133712 796 3906 1 10 1 1.0
5 170866 797 3995 1 1 0 1.0
5 132289 797 3433 1 1 0 1.0
5 65892 800 1579 1 1 0 1.0
5 137114 804 2922 1 1 1 1.0
5 175080 811 3896 1 1 0 1.0
5 145095 813 4273 1 10 0 1.0
5 84681 815 2198 1 1 0 1.0
5 175646 817 4055 1 10 0 1.0
5 71925 824 2074 1 1 0 1.0
5 163842 825 3926 1 1 0 1.0
5 99330 827 2444 1 1 1 1.0
5 159518 829 3332 1 10 0 1.0
5 74008 829 1721 1 1 0 1.0
5 145723 830 4248 1 10 0 1.0
5 173283 833 4069 1 10 0 1.0
5 64550 836 1917 1 10 1 1.0
5 109006 836 2803 1 1 0 1.0
5 110565 837 2321 1 1 0 1.0
5 96702 842 2617 1 1 1 1.0
5 90683 845 2717 1 1 1 1.0
5 163732 846 3953 1 1 0 1.0
5 63590 849 1768 1 10 1 1.0
5 167604 850 4628 1 1 0 1.0
5 83029 852 2112 1 1 0 1.0
5 83776 854 2333 1 10 0 1.0
5 97784 859 2665 1 10 1 1.0
5 139325 867 3103 1 10 0 1.0
5 164271 868 3828 1 1 0 1.0
5 101172 872 2240 1 1 1 1.0
5 66656 883 1493 1 10 0 1.0
5 75570 884 1986 1 1 0 1.0
5 155837 884 4403 1 1 0 1.0
5 151254 885 4344 1 10 1 1.0
5 78014 888 1600 1 1 1 1.0
5 96610 891 2169 1 1 0 1.0
5 138645 896 4145 1 1 0 1.0
5 174470 899 5182 1 10 0 1.0
5 119231 902 2729 1 10 0 1.0
5 137894 902 2836 1 1 0 1.0
5 165131 902 3303 1 1 0 1.0
5 123285 906 3442 1 10 1 1.0
5 76304 908 1667 1 1 1 1.0
5 108068 911 3227 1 1 1 1.0
5 113044 919 2296 1 1 0 1.0
5 97246 923 2858 1 10 1 1.0
5 114656 925 2569 1 1 0 1.0
5 168486 927 3506 1 50 0 1.0
5 135090 932 2921 1 10 1 1.0
5 169631 936 4369 1 1 0 1.0
5 66741 936 1798 1 10 1 1.0
5 128432 937 3122 1 1 1 1.0
5 136425 938 3676 1 1 1 1.0
5 146752 939 3268 1 10 0 1.0
5 153958 944 3833 1 10 0 1.0
5 112425 945 2443 1 1 1 1.0
5 154148 945 4496 1 10 1 1.0
5 101966 947 2126 1 50 1 1.0
5 91045 948 1849 1 10 1 1.0
5 160947 949 4518 1 10 1 1.0
5 120293 951 2770 1 1 0 1.0
5 123438 953 2868 1 10 0 1.0
5 99777 954 2033 1 1 1 1.0
5 116309 955 3076 1 1 0 1.0
5 104711 958 2824 1 1 1 1.0
5 168926 960 4909 1 10 1 1.0
5 71532 964 1741 1 10 0 1.0
5 107431 965 2618 1 1 1 1.0
5 127494 965 2867 1 1 1 1.0
5 103535 966 2385 1 1 1 1.0
5 108354 967 2535 1 10 1 1.0
5 149490 968 3741 1 1 0 1.0
5 102171 972 2498 1 10 0 1.0
5 137015 972 3208 1 1 1 1.0
5 143073 974 4114 1 10 1 1.0
5 72471 976 1818 1 10 0 1.0
5 137510 981 2933 1 1 1 1.0
5 153373 986 3834 1 50 1 1.0
5 104249 988 2331 1 10 0 1.0
5 84085 989 1907 1 10 0 1.0
5 179504 991 4999 1 10 0 1.0
5 65846 993 1329 1 10 1 1.0
5 175869 995 4080 1 10 0 1.0
5 179580 995 5170 1 1 0 1.0
5 86659 996 2123 1 1 0 1.0
5 85489 998 2369 1 10 1 1.0
5 137486 1006 3626 1 10 0 1.0
5 66619 1010 1662 1 1 1 1.0
5 84719 1010 1806 1 1 1 1.0
5 92299 1011 2346 1 1 1 1.0
5 118535 1013 2894 1 1 0 1.0
5 68820 1013 1670 1 1 0 1.0
5 149493 1015 3081 1 50 0 1.0
5 161625 1015 4009 1 1 1 1.0
5 152574 1020 4151 1 1 0 1.0
5 151172 1025 3345 1 50 0 1.0
5 146940 1028 3705 1 10 0 1.0
5 157704 1028 4641 1 1 1 1.0
5 179843 1035 5233 1 1 0 1.0
5 145249 1041 3766 1 10 1 1.0
5 63464 1041 1789 1 50 1 1.0
5 124981 1042 3228 1 10 1 1.0
5 109725 1044 2240 1 10 1 1.0
5 113066 1045 2817 1 1 1 1.0
5 121759 1046 3051 1 1 1 1.0
5 103228 1049 2205 1 50 1 1.0
5 154480 1051 4402 1 10 0 1.0
5 141524 1051 3838 1 10 1 1.0
5 139318 1053 3152 1 10 0 1.0
5 79622 1054 1935 1 1 1 1.0
5 158623 1066 3285 1 10 0 1.0
5 115374 1066 2394 1 1 1 1.0
5 68571 1069 1912 1 1 0 1.0
5 78050 1070 1999 1 1 0 1.0
5 68610 1074 1547 1 1 0 1.0
5 122027 1080 2775 1 10 0 1.0
5 65489 1083 1568 1 10 0 1.0
5 173139 1087 4562 1 1 1 1.0
5 111367 1088 2494 1 1 0 1.0
5 91186 1092 2215 1 10 0 1.0
5 71645 1093 1935 1 1 1 1.0
5 87754 1095 2338 1 50 0 1.0
5 132045 1097 3609 1 10 1 1.0
5 167928 1097 3917 1 10 1 1.0
5 166286 1098 4312 1 10 0 1.0
5 174786 1102 4271 1 10 0 1.0
5 133632 1103 3403 1 1 1 1.0
5 103151 1104 2789 1 1 0 1.0
5 118518 1104 2953 1 1 0 1.0
5 89815 1109 2671 1 1 0 1.0
5 156312 1116 4220 1 1 0 1.0
5 97932 1118 2560 1 10 0 1.0
5 175944 1118 4248 1 1 0 1.0
5 163379 1122 4397 1 1 0 1.0
5 172964 1130 5104 1 1 0 1.0
5 121820 1131 2982 1 1 0 1.0
5 95717 1132 2658 1 1 1 1.0
5 167274 1143 4257 1 50 0 1.0
5 116165 1143 3456 1 10 1 1.0
5 76297 1143 1853 1 10 1 1.0
5 73132 1144 1469 1 1 0 1.0
5 90963 1146 2185 1 1 1 1.0
5 117638 1149 2907 1 1 0 1.0
5 148363 1154 3962 1 1 1 1.0
5 141203 1157 3661 1 1 1 1.0
5 153691 1157 4382 1 1 0 1.0
5 67382 1157 1886 1 1 0 1.0
5 86044 1157 2445 1 1 0 1.0
5 103504 1159 2399 1 10 1 1.0
5 150865 1160 3974 1 10 1 1.0
5 77637 1160 1563 1 1 0 1.0
5 113497 1162 2270 1 1 0 1.0
5 82694 1165 2229 1 10 1 1.0
5 118377 1167 3191 1 10 0 1.0
5 142274 1168 3933 1 1 0 1.0
5 99410 1177 2629 1 1 1 1.0
5 132992 1177 3444 1 1 0 1.0
5 71010 1177 1948 1 1 0 1.0
5 175624 1178 3765 1 10 1 1.0
5 150276 1180 3169 1 1 0 1.0
5 73585 1180 1832 1 10 0 1.0
5 174725 1186 3549 1 1 0 1.0
5 109736 1191 2657 1 10 0 1.0
5 70256 1196 1975 1 10 1 1.0
5 142331 1201 3037 1 50 1 1.0
5 156959 1202 4046 1 1 0 1.0
5 102392 1202 2558 1 1 0 1.0
5 168479 1202 4555 1 10 1 1.0
5 98036 1205 2503 1 50 1 1.0
5 64474 1205 1929 1 10 0 1.0
5 108678 1210 2804 1 1 1 1.0
5 100601 1210 2965 1 1 0 1.0
5 172322 1214 4803 1 10 1 1.0
5 156534 1216 4348 1 1 0 1.0
5 110458 1218 2219 1 10 0 1.0
5 132127 1224 3850 1 10 1 1.0
5 83434 1224 1714 1 1 1 1.0
5 116478 1226 3200 1 50 1 1.0
5 145581 1228 4170 1 50 0 1.0
5 163890 1235 4631 1 50 0 1.0
5 143243 1236 3921 1 10 1 1.0
5 74591 1237 2123 1 1 1 1.0
5 124112 1237 3637 1 1 0 1.0
5 169611 1237 3820 1 1 0 1.0
5 139194 1241 3160 1 1 0 1.0
5 165669 1243 4695 1 10 1 1.0
5 78459 1248 1574 1 1 0 1.0
5 174078 1250 4166 1 1 0 1.0
5 78412 1251 2299 1 10 1 1.0
5 60044 1256 1757 1 1 1 1.0
5 144104 1260 3529 1 10 0 1.0
5 127941 1264 3083 1 10 1 1.0
5 159378 1284 3308 1 10 0 1.0
5 89209 1285 1802 1 1 1 1.0
5 164859 1295 4659 1 1 0 1.0
5 163499 1298 4894 1 10 0 1.0
5 108938 1303 3097 1 1 1 1.0
5 125576 1307 3009 1 10 1 1.0
5 112303 1316 2461 1 1 1 1.0
5 61496 1319 1533 1 10 0 1.0
5 115940 1319 3263 1 1 1 1.0
5 133661 1319 3989 1 10 1 1.0
5 99858 1324 2257 1 50 0 1.0
5 119176 1324 2396 1 1 1 1.0
5 86895 1331 1818 1 1 0 1.0
5 107767 1332 2478 1 10 1 1.0
5 99424 1332 2055 1 10 1 1.0
5 71019 1333 1718 1 1 0 1.0
5 80437 1335 1948 1 1 0 1.0
5 103334 1336 2353 1 10 1 1.0
5 134701 1338 3080 1 1 1 1.0
5 104805 1349 2807 1 1 0 1.0
5 123385 1350 3039 1 1 0 1.0
5 117945 1356 2713 1 10 1 1.0
5 116500 1357 2940 1 10 0 1.0
5 169021 1361 4342 1 1 1 1.0
5 64690 1362 1400 1 1 1 1.0
5 86564 1362 2086 1 1 0 1.0
5 129157 1364 3444 1 10 1 1.0
5 120942 1368 3286 1 1 1 1.0
5 142500 1369 4251 1 1 0 1.0
5 158876 1369 3381 1 1 0 1.0
5 114870 1372 2906 1 1 1 1.0
5 153119 1374 4441 1 10 1 1.0
5 165795 1376 4573 1 1 1 1.0
5 108525 1380 2881 1 10 1 1.0
5 145710 1380 3064 1 10 1 1.0
5 154230 1381 3086 1 10 0 1.0
5 123849 1385 3318 1 10 0 1.0
5 79336 1386 1749 1 50 0 1.0
5 147550 1387 3053 1 1 1 1.0
5 72736 1388 2012 1 10 0 1.0
5 64024 1388 1615 1 1 1 1.0
5 78431 1391 2055 1 10 0 1.0
5 109851 1392 2319 1 1 0 1.0
5 169624 1392 4363 1 1 0 1.0
5 107277 1393 3210 1 1 1 1.0
5 130703 1395 3266 1 1 1 1.0
5 131684 1397 2728 1 1 1 1.0
5 84316 1398 2363 1 10 0 1.0
5 120799 1399 3533 1 1 1 1.0
5 76933 1400 1696 1 1 0 1.0
5 127955 1402 3271 1 1 0 1.0
5 98668 1403 2660 1 10 0 1.0
5 110061 1404 2289 1 1 1 1.0
5 66303 1404 1489 1 1 1 1.0
5 64920 1406 1652 1 1 0 1.0
5 163780 1406 4303 1 1 0 1.0
5 153238 1407 3735 1 1 1 1.0
5 149812 1411 4251 1 1 0 1.0
5 87320 1412 2604 1 10 0 1.0
5 136291 1413 3309 1 10 0 1.0
5 63059 1414 1363 1 10 0 1.0
5 92491 1416 2154 1 10 0 1.0
5 133149 1423 3913 1 10 1 1.0
5 163428 1423 4341 1 1 0 1.0
5 106106 1424 2122 1 1 1 1.0
5 127586 1426 3309 1 1 1 1.0
5 170407 1437 5065 1 10 0 1.0
5 71871 1439 1752 1 1 1 1.0
5 89279 1441 1812 1 1 0 1.0
5 139716 1442 3713 1 10 0 1.0
5 146384 1443 3849 1 1 0 1.0
5 63250 1444 1605 1 10 1 1.0
5 151063 1445 3130 1 50 1 1.0
5 178143 1446 3580 1 1 1 1.0
5 159456 1446 4768 1 1 1 1.0
5 86622 1453 2437 1 10 0 1.0
5 172853 1456 3990 1 1 1 1.0
5 125654 1458 3763 1 1 1 1.0
5 68450 1461 1666 1 10 0 1.0
5 149990 1463 3560 1 50 1 1.0
5 107106 1470 3125 1 10 0 1.0
5 74339 1476 1670 1 1 1 1.0
5 113734 1479 2322 1 10 1 1.0
5 162523 1482 4159 1 1 1 1.0
5 131879 1483 2949 1 1 1 1.0
5 104369 1484 2573 1 10 0 1.0
5 107599 1487 2409 1 10 1 1.0
5 164810 1488 3768 1 10 1 1.0
5 158133 1491 4537 1 50 0 1.0
5 159937 1491 3771 1 10 1 1.0
5 80300 1492 2001 1 10 1 1.0
5 114901 1497 3224 1 1 1 1.0
5 154746 1497 4501 1 1 0 1.0
5 123021 1504 3177 1 10 0 1.0
5 94198 1507 2033 1 50 1 1.0
5 76373 1507 1537 1 1 0 1.0
5 89075 1508 2099 1 1 1 1.0
5 75590 1511 1799 1 1 0 1.0
5 154057 1517 3209 1 50 1 1.0
5 156627 1520 3620 1 10 0 1.0
5 124059 1520 3229 1 1 0 1.0
5 167842 1520 3421 1 1 1 1.0
5 108920 1521 2242 1 1 1 1.0
5 76081 1522 1815 1 10 0 1.0
5 169580 1527 4030 1 1 0 1.0
5 78698 1527 2154 1 10 0 1.0
5 108407 1529 2743 1 1 1 1.0
5 64886 1530 1392 1 10 0 1.0
5 144984 1543 3905 1 1 0 1.0
5 104105 1547 2141 1 10 1 1.0
5 156064 1549 3596 1 10 0 1.0
5 88118 1552 2445 1 1 1 1.0
5 90887 1553 2200 1 50 1 1.0
5 98264 1558 2587 1 1 0 1.0
5 86105 1558 2133 1 1 1 1.0
5 145821 1558 4358 1 10 0 1.0
5 173309 1560 4504 1 1 1 1.0
5 155512 1560 4245 1 1 0 1.0
5 166236 1561 4194 1 1 1 1.0
5 89235 1568 2363 1 1 1 1.0
5 93566 1569 1938 1 50 0 1.0
5 178699 1569 3621 1 1 1 1.0
5 81977 1572 1734 1 1 0 1.0
5 130195 1573 3669 1 1 1 1.0
5 176971 1574 4957 1 1 0 1.0
5 82712 1575 2132 1 50 0 1.0
5 141714 1577 3761 1 1 1 1.0
5 170890 1578 3998 1 1 0 1.0
5 179423 1584 5011 1 50 0 1.0
5 69252 1585 1955 1 10 1 1.0
5 135604 1585 3310 1 1 1 1.0
5 140491 1586 3500 1 1 1 1.0
5 106756 1586 2881 1 1 1 1.0
5 89875 1588 1922 1 50 0 1.0
5 122447 1594 3487 1 1 1 1.0
5 64296 1597 1494 1 1 0 1.0
5 109655 1597 3194 1 1 1 1.0
5 148970 1597 3733 1 1 0 1.0
5 157214 1599 4503 1 10 1 1.0
5 139145 1601 3939 1 10 0 1.0
5 137097 1605 3399 1 10 1 1.0
5 129398 1608 3436 1 1 1 1.0
5 152736 1611 4460 1 50 1 1.0
5 84249 1611 1821 1 1 1 1.0
5 79838 1613 2131 1 10 0 1.0
5 178839 1617 5072 1 1 0 1.0
5 88496 1617 2447 1 10 0 1.0
5 172817 1620 5121 1 50 0 1.0
5 162333 1620 3281 1 1 0 1.0
5 110915 1621 3192 1 1 0 1.0
5 105710 1621 3025 1 1 1 1.0
5 69337 1625 1942 1 10 0 1.0
5 104279 1634 2869 1 10 1 1.0
5 112510 1637 2760 1 1 1 1.0
5 153635 1638 3471 1 1 1 1.0
5 60894 1641 1289 1 10 0 1.0
5 124524 1642 2877 1 1 1 1.0
5 80982 1642 2240 1 1 0 1.0
5 88172 1643 2149 1 10 0 1.0
5 151076 1644 4025 1 1 1 1.0
5 169794 1646 4334 1 1 1 1.0
5 174250 1647 4225 1 10 0 1.0
5 108085 1650 2528 1 1 1 1.0
5 126043 1653 2604 1 50 0 1.0
5 155381 1654 3622 1 1 0 1.0
5 106244 1654 2201 1 10 0 1.0
5 141222 1660 3999 1 1 0 1.0
5 72211 1667 1956 1 50 0 1.0
5 67841 1668 1467 1 1 0 1.0
5 148234 1668 3086 1 1 0 1.0
5 116750 1672 2991 1 10 1 1.0
5 172634 1673 3778 1 1 1 1.0
5 157345 1674 4244 1 1 0 1.0
5 177381 1674 4002 1 1 1 1.0
5 115537 1675 3402 1 1 0 1.0
5 136823 1681 3664 1 50 1 1.0
5 151501 1681 3119 1 1 0 1.0
5 120199 1686 3408 1 10 1 1.0
5 79369 1687 1770 1 50 0 1.0
5 171596 1687 3853 1 10 0 1.0
5 69597 1688 2035 1 1 0 1.0
5 134439 1691 3490 1 1 0 1.0
5 77118 1692 1912 1 10 0 1.0
5 146936 1694 4112 1 1 1 1.0
5 113305 1696 3279 1 10 1 1.0
5 63308 1697 1463 1 1 1 1.0
5 153951 1699 4449 1 50 0 1.0
5 148689 1700 3571 1 1 1 1.0
5 115258 1701 2704 1 1 1 1.0
5 85873 1702 2440 1 1 1 1.0
5 80952 1704 2292 1 50 0 1.0
5 148157 1705 4331 1 10 1 1.0
5 141432 1708 3089 1 1 0 1.0
5 126872 1716 2739 1 1 1 1.0
5 73678 1716 1921 1 10 1 1.0
5 177794 1720 4917 1 1 1 1.0
5 75934 1720 2177 1 10 1 1.0
5 84053 1723 1829 1 1 0 1.0
5 125085 1724 3682 1 10 1 1.0
5 137909 1728 3859 1 1 0 1.0
5 118895 1729 2436 1 1 0 1.0
5 76181 1732 2155 1 1 0 1.0
5 138269 1736 3683 1 10 0 1.0
5 167509 1737 5006 1 10 0 1.0
5 149272 1746 3029 1 1 1 1.0
5 140021 1751 3667 1 1 1 1.0
5 61318 1752 1394 1 10 1 1.0
5 107247 1753 2782 1 1 0 1.0
5 127771 1756 2670 1 1 1 1.0
5 123258 1760 2625 1 1 1 1.0
5 81700 1766 2206 1 1 1 1.0
5 81523 1767 1930 1 10 0 1.0
5 103054 1772 2361 1 1 1 1.0
5 82080 1772 1999 1 10 0 1.0
5 66155 1780 1335 1 1 0 1.0
5 100473 1781 3005 1 1 0 1.0
5 123934 1782 2673 1 1 1 1.0
5 83975 1784 2391 1 1 0 1.0
5 109569 1788 3088 1 10 0 1.0
5 120877 1790 2472 1 10 1 1.0
5 114212 1792 2963 1 1 1 1.0
5 130559 1806 3060 1 1 0 1.0
5 89399 1812 1915 1 1 0 1.0
5 66032 1813 1850 1 1 0 1.0
5 133002 1814 3070 1 10 1 1.0
5 98068 1814 2539 1 1 0 1.0
5 138810 1817 3303 1 1 1 1.0
5 157684 1817 4598 1 10 0 1.0
5 129092 1817 3435 1 1 0 1.0
5 160286 1819 4185 1 1 0 1.0
5 63556 1824 1840 1 1 1 1.0
5 110853 1829 2851 1 1 1 1.0
5 110844 1829 2757 1 1 0 1.0
5 172922 1834 3940 1 10 1 1.0
5 155696 1837 3785 1 1 0 1.0
5 130848 1839 3558 1 1 0 1.0
5 179676 1842 3999 1 1 0 1.0
5 65899 1843 1841 1 1 0 1.0
5 145543 1849 3969 1 1 0 1.0
5 95696 1852 2371 1 1 1 1.0
5 139379 1852 3423 1 1 0 1.0
5 175015 1854 3778 1 10 1 1.0
5 78610 1855 2103 1 1 1 1.0
5 103043 1856 2225 1 50 0 1.0
5 78081 1859 1687 1 1 1 1.0
5 63777 1860 1418 1 1 0 1.0
5 107371 1861 3009 1 10 1 1.0
5 88835 1863 1933 1 1 1 1.0
5 84039 1864 2329 1 10 1 1.0
5 121540 1869 2600 1 10 1 1.0
5 98022 1870 2607 1 1 1 1.0
5 84486 1870 2327 1 50 0 1.0
5 116906 1875 2753 1 50 1 1.0
5 172645 1879 5056 1 1 1 1.0
5 106187 1880 2326 1 1 0 1.0
5 149590 1883 3549 1 1 1 1.0
5 156825 1884 3180 1 1 1 1.0
5 163253 1889 3304 1 1 1 1.0
5 71786 1889 1843 1 10 1 1.0
5 81402 1895 2198 1 10 0 1.0
5 132440 1896 3040 1 1 1 1.0
5 99058 1896 2197 1 10 1 1.0
5 177042 1903 5129 1 1 0 1.0
5 70628 1907 1916 1 1 1 1.0
5 86009 1909 1932 1 1 0 1.0
5 162219 1910 4264 1 10 1 1.0
5 107083 1914 3132 1 10 0 1.0
5 169892 1925 4596 1 1 1 1.0
5 154043 1926 4496 1 1 0 1.0
5 154789 1927 3257 1 10 1 1.0
5 102468 1933 2675 1 1 0 1.0
5 86392 1937 2205 1 1 1 1.0
5 73112 1939 2094 1 50 1 1.0
5 155318 1940 4394 1 1 0 1.0
5 84551 1944 2037 1 50 0 1.0
5 94148 1944 2650 1 1 0 1.0
5 171363 1946 4250 1 10 0 1.0
5 95818 1947 2827 1 50 1 1.0
5 102477 1951 2199 1 10 1 1.0
5 118512 1951 3337 1 1 0 1.0
5 176636 1952 4519 1 10 1 1.0
5 125789 1952 2639 1 10 0 1.0
5 100938 1952 3014 1 1 1 1.0
5 73245 1958 2134 1 1 0 1.0
5 155949 1960 3898 1 10 1 1.0
5 71280 1962 1925 1 1 0 1.0
5 67228 1963 1700 1 1 0 1.0
5 172773 1964 5130 1 1 0 1.0
5 154973 1967 3603 1 1 0 1.0
5 168144 1968 4875 1 10 0 1.0
5 170188 1978 4506 1 1 1 1.0
5 154277 1979 4460 1 1 1 1.0
5 124936 1979 3112 1 1 1 1.0
5 139877 1979 2929 1 1 1 1.0
5 140564 1980 3451 1 10 1 1.0
5 134858 1980 3142 1 1 0 1.0
5 72295 1981 1583 1 10 1 1.0
5 117182 1983 2540 1 10 0 1.0
5 87525 1988 2153 1 1 0 1.0
5 166418 1988 3915 1 1 1 1.0
5 143703 1989 3144 1 1 1 1.0
5 68195 1990 1991 1 1 0 1.0
5 159560 1990 4193 1 1 1 1.0
5 109993 1997 2895 1 1 1 1.0
5 153754 2003 4248 1 10 0 1.0
5 99024 2003 2126 1 10 1 1.0
5 158262 2004 3561 1 50 1 1.0
5 116392 2009 3188 1 1 0 1.0
5 105921 2011 3051 1 10 1 1.0
5 150882 2011 3283 1 1 0 1.0
5 85636 2012 1755 1 1 0 1.0
5 107692 2013 2811 1 1 0 1.0
5 179787 2014 4565 1 10 0 1.0
5 173468 2016 4011 1 10 1 1.0
5 108353 2020 2327 1 1 0 1.0
5 65010 2021 1555 1 10 1 1.0
5 61534 2040 1260 1 10 1 1.0
5 80142 2048 2055 1 10 1 1.0
5 101845 2050 2434 1 1 0 1.0
5 101356 2053 2087 1 1 0 1.0
5 66231 2054 1670 1 1 0 1.0
5 119346 2054 2868 1 1 1 1.0
5 149925 2056 3977 1 1 1 1.0
5 155043 2062 4235 1 10 0 1.0
5 110503 2066 2904 1 1 0 1.0
5 99831 2070 2213 1 1 1 1.0
5 158815 2070 4410 1 1 0 1.0
5 128557 2071 3269 1 50 1 1.0
5 130308 2072 2707 1 10 1 1.0
5 73805 2073 1508 1 10 1 1.0
5 152733 2073 4205 1 10 1 1.0
5 73212 2073 1499 1 10 1 1.0
5 65302 2081 1576 1 10 0 1.0
5 121912 2085 2672 1 1 0 1.0
5 147432 2087 3939 1 1 0 1.0
5 123633 2087 3666 1 1 1 1.0
5 93535 2090 2103 1 1 0 1.0
5 160647 2094 3833 1 1 1 1.0
5 142218 2119 3265 1 1 1 1.0
5 84506 2122 2417 1 10 1 1.0
5 168739 2124 4987 1 1 1 1.0
5 134686 2126 3290 1 10 0 1.0
5 156351 2129 3328 1 1 1 1.0
5 99363 2131 2108 1 1 0 1.0
5 166434 2131 3491 1 1 0 1.0
5 128973 2134 3216 1 1 0 1.0
5 146071 2135 3861 1 1 0 1.0
5 144344 2141 4309 1 1 1 1.0
5 66497 2150 1735 1 10 0 1.0
5 100712 2151 2608 1 10 0 1.0
5 106847 2152 2452 1 10 1 1.0
5 89544 2155 2250 1 1 1 1.0
5 151103 2156 3831 1 1 0 1.0
5 107886 2156 2703 1 1 1 1.0
5 86953 2159 2493 1 10 0 1.0
5 119762 2162 2961 1 1 1 1.0
5 97440 2164 2132 1 10 1 1.0
5 116600 2167 2504 1 50 1 1.0
5 140154 2168 3961 1 10 0 1.0
5 73187 2168 1794 1 10 1 1.0
5 100498 2169 2101 1 1 1 1.0
5 124790 2169 3242 1 1 0 1.0
5 61516 2170 1736 1 1 0 1.0
5 169478 2177 4864 1 1 1 1.0
5 133389 2178 3164 1 1 1 1.0
5 95038 2178 2041 1 1 0 1.0
5 86871 2184 1771 1 10 1 1.0
5 168167 2184 5010 1 10 1 1.0
5 152403 2187 3204 1 10 0 1.0
5 89643 2193 2550 1 1 0 1.0
5 172689 2200 4972 1 1 1 1.0
5 92471 2203 2464 1 1 0 1.0
5 119446 2206 3119 1 50 1 1.0
5 173244 2206 4670 1 50 0 1.0
5 178841 2207 3643 1 1 1 1.0
5 81595 2207 1926 1 10 0 1.0
5 95348 2208 2511 1 1 1 1.0
5 170736 2209 4669 1 1 1 1.0
5 107969 2212 3086 1 10 0 1.0
5 133338 2222 3834 1 10 0 1.0
5 120251 2226 2667 1 1 0 1.0
5 138073 2226 2880 1 1 0 1.0
5 168290 2230 3459 1 1 0 1.0
5 169903 2232 5059 1 10 1 1.0
5 86035 2233 1778 1 1 1 1.0
5 131554 2235 2709 1 10 1 1.0
5 119189 2239 3061 1 1 0 1.0
5 65966 2239 1553 1 1 1 1.0
5 161102 2240 4709 1 1 1 1.0
5 164555 2250 3428 1 1 1 1.0
5 98297 2254 2358 1 1 1 1.0
5 107316 2254 2544 1 1 1 1.0
5 127242 2262 2841 1 10 1 1.0
5 93218 2263 2549 1 10 0 1.0
5 137714 2265 2864 1 10 0 1.0
5 149279 2267 3441 1 50 0 1.0
5 68732 2269 1441 1 1 1 1.0
5 172118 2270 3797 1 1 0 1.0
5 127093 2270 2543 1 10 0 1.0
5 63040 2272 1719 1 1 1 1.0
5 139839 2273 2960 1 1 0 1.0
5 66000 2273 1765 1 1 1 1.0
5 129420 2274 3651 1 1 1 1.0
5 135043 2276 3424 1 1 0 1.0
5 176481 2276 5123 1 1 1 1.0
5 97609 2277 2360 1 10 1 1.0
5 170958 2277 4936 1 1 0 1.0
5 141443 2278 3444 1 1 1 1.0
5 85734 2287 2406 1 10 1 1.0
5 122491 2289 3328 1 1 1 1.0
5 86641 2292 2264 1 10 0 1.0
5 143776 2294 3766 1 1 0 1.0
5 108901 2295 2742 1 10 1 1.0
5 92741 2296 2297 1 10 0 1.0
5 117197 2298 2513 1 50 1 1.0
5 173117 2301 3757 1 10 1 1.0
5 122767 2302 3329 1 1 1 1.0
5 80913 2303 1853 1 1 0 1.0
5 167208 2305 4779 1 10 0 1.0
5 161960 2306 4170 1 1 1 1.0
5 141649 2307 3426 1 1 0 1.0
5 81865 2307 1727 1 10 0 1.0
5 123595 2308 2928 1 10 0 1.0
5 72835 2308 1632 1 50 0 1.0
5 112770 2309 2461 1 10 0 1.0
5 68917 2312 1942 1 10 0 1.0
5 112049 2313 2794 1 1 0 1.0
5 131681 2314 3476 1 1 0 1.0
5 70459 2315 1747 1 1 0 1.0
5 135127 2320 2936 1 50 1 1.0
5 124116 2329 3568 1 1 0 1.0
5 170953 2330 4063 1 1 1 1.0
5 75870 2330 2087 1 10 0 1.0
5 179210 2332 4058 1 10 0 1.0
5 121663 2333 2998 1 1 1 1.0
5 111083 2335 3270 1 1 0 1.0
5 116790 2340 2961 1 1 0 1.0
5 103739 2340 2568 1 1 0 1.0
5 171580 2341 4111 1 1 1 1.0
5 121247 2347 3034 1 10 1 1.0
5 92881 2349 2067 1 50 0 1.0
5 95325 2353 2821 1 1 1 1.0
5 61294 2361 1575 1 1 0 1.0
5 82390 2368 2376 1 10 0 1.0
5 179857 2369 3811 1 1 0 1.0
5 160605 2370 4815 1 1 0 1.0
5 132300 2371 3156 1 1 0 1.0
5 114544 2372 2294 1 1 1 1.0
5 167350 2373 3748 1 1 1 1.0
5 107914 2374 2690 1 50 0 1.0
5 71381 2376 1810 1 1 1 1.0
5 102750 2383 2103 1 1 1 1.0
5 78326 2384 2115 1 10 1 1.0
5 113541 2385 2720 1 50 1 1.0
5 152610 2386 3162 1 1 1 1.0
5 139489 2388 3924 1 10 1 1.0
5 63794 2393 1652 1 1 1 1.0
5 140315 2393 3826 1 1 0 1.0
5 107513 2394 2441 1 1 0 1.0
5 171670 2396 5003 1 50 1 1.0
5 177142 2398 4196 1 50 0 1.0
5 99928 2401 2659 1 1 1 1.0
5 158381 2402 3874 1 1 0 1.0
5 76082 2403 1776 1 10 1 1.0
5 96566 2404 2471 1 1 1 1.0
5 124604 2404 2707 1 1 1 1.0
5 95416 2404 2371 1 10 1 1.0
5 62185 2405 1461 1 1 1 1.0
5 111530 2407 3195 1 10 1 1.0
5 173333 2411 4609 1 1 1 1.0
5 75447 2414 1900 1 10 1 1.0
5 61920 2416 1397 1 10 1 1.0
5 64473 2417 1525 1 1 1 1.0
5 98138 2422 2699 1 10 0 1.0
5 164693 2424 3805 1 1 1 1.0
5 151688 2426 4029 1 1 1 1.0
5 173422 2426 4764 1 10 0 1.0
5 74676 2426 1537 1 1 0 1.0
5 169747 2426 4403 1 1 0 1.0
5 95826 2428 2271 1 1 0 1.0
5 86320 2433 2346 1 1 0 1.0
5 135462 2434 2894 1 1 0 1.0
5 67630 2435 1353 1 10 0 1.0
5 119058 2439 3337 1 1 0 1.0
5 63598 2440 1759 1 10 1 1.0
5 79300 2441 1927 1 1 1 1.0
5 173040 2441 3801 1 1 0 1.0
5 115686 2444 2667 1 1 0 1.0
5 163159 2445 4029 1 10 0 1.0
5 119049 2445 3392 1 1 0 1.0
5 103203 2446 2683 1 10 1 1.0
5 161328 2449 4786 1 10 1 1.0
5 165557 2452 4145 1 10 0 1.0
5 151803 2453 3637 1 50 0 1.0
5 138387 2454 3475 1 1 1 1.0
5 116765 2455 2620 1 1 0 1.0
5 137939 2457 3152 1 10 0 1.0
5 82214 2459 2458 1 1 0 1.0
5 171504 2462 3688 1 1 1 1.0
5 100832 2462 2870 1 50 0 1.0
5 78112 2463 1573 1 10 0 1.0
5 90243 2463 2690 1 1 0 1.0
5 122872 2466 2609 1 1 1 1.0
5 73040 2468 1972 1 1 1 1.0
5 142924 2468 3130 1 1 0 1.0
5 134800 2475 3642 1 10 1 1.0
5 67882 2477 1594 1 50 1 1.0
5 70902 2487 1938 1 1 0 1.0
5 111373 2488 2697 1 10 1 1.0
5 147650 2497 3853 1 1 0 1.0
5 109619 2498 2527 1 1 0 1.0
5 111404 2500 3102 1 1 0 1.0
5 168277 2503 3373 1 1 1 1.0
5 160991 2504 4082 1 1 1 1.0
5 90699 2505 2291 1 50 0 1.0
5 85127 2505 2092 1 10 1 1.0
5 60405 2506 1548 1 10 1 1.0
5 140585 2508 3428 1 10 0 1.0
5 172996 2513 4218 1 1 0 1.0
5 174992 2513 3808 1 1 1 1.0
5 73546 2515 1877 1 1 0 1.0
5 94021 2515 2791 1 1 0 1.0
5 162204 2518 3624 1 10 0 1.0
5 94319 2522 2025 1 1 0 1.0
5 159542 2527 3279 1 1 0 1.0
5 62402 2532 1801 1 1 0 1.0
5 86835 2534 2381 1 1 0 1.0
5 168634 2534 3985 1 1 1 1.0
5 118596 2537 3054 1 1 0 1.0
5 103974 2537 2450 1 1 0 1.0
5 106626 2540 2969 1 1 0 1.0
5 83535 2541 1969 1 1 0 1.0
5 138305 2546 3332 1 50 0 1.0
5 128009 2546 2948 1 10 0 1.0
5 61404 2546 1312 1 50 0 1.0
5 72372 2549 2158 1 1 1 1.0
5 79694 2554 1911 1 1 0 1.0
5 136317 2554 3469 1 10 0 1.0
5 128598 2554 3581 1 1 1 1.0
5 134460 2561 3086 1 10 1 1.0
5 105722 2562 3144 1 1 0 1.0
5 154688 2568 3333 1 1 1 1.0
5 93082 2569 2041 1 10 1 1.0
5 100227 2572 2323 1 1 0 1.0
5 67391 2573 1563 1 1 0 1.0
5 169358 2574 4938 1 10 0 1.0
5 179998 2579 4708 1 50 1 1.0
5 179867 2584 4507 1 1 0 1.0
5 178550 2586 5085 1 1 0 1.0
5 108026 2587 2770 1 1 1 1.0
5 91473 2587 2401 1 50 1 1.0
5 68987 2588 1420 1 10 0 1.0
5 98166 2588 2799 1 1 1 1.0
5 160619 2588 3313 1 1 0 1.0
5 177702 2591 4555 1 10 1 1.0
5 98578 2595 2673 1 1 1 1.0
5 158199 2597 3916 1 10 0 1.0
5 151271 2602 3045 1 1 1 1.0
5 79835 2603 2097 1 1 0 1.0
5 61333 2608 1248 1 10 0 1.0
5 95502 2612 2653 1 50 1 1.0
5 101668 2614 2767 1 10 1 1.0
5 96058 2617 2327 1 1 0 1.0
5 146883 2618 3065 1 10 0 1.0
5 151083 2620 3961 1 1 0 1.0
5 89748 2634 2478 1 1 1 1.0
5 93760 2640 2639 1 1 1 1.0
5 126119 2640 2747 1 10 1 1.0
5 173702 2641 5113 1 1 0 1.0
5 130957 2642 3526 1 10 1 1.0
5 96033 2643 2215 1 10 0 1.0
5 121841 2645 3065 1 50 0 1.0
5 138834 2645 3027 1 1 0 1.0
5 116518 2650 3396 1 1 0 1.0
5 151794 2650 4368 1 1 1 1.0
5 160538 2651 4432 1 10 1 1.0
5 139825 2652 3835 1 1 0 1.0
5 179477 2653 4240 1 10 1 1.0
5 78088 2657 2328 1 1 1 1.0
5 105706 2659 2972 1 1 1 1.0
5 115344 2660 3412 1 1 1 1.0
5 64163 2663 1429 1 1 1 1.0
5 96813 2665 2584 1 10 1 1.0
5 100980 2667 2474 1 1 1 1.0
5 162823 2667 4336 1 10 1 1.0
5 159538 2668 4055 1 1 0 1.0
5 177577 2669 4995 1 50 0 1.0
5 114976 2670 2853 1 10 0 1.0
5 157693 2673 4698 1 1 1 1.0
5 127299 2674 3212 1 1 0 1.0
5 72644 2676 2147 1 1 0 1.0
5 75506 2678 1682 1 50 0 1.0
5 145811 2679 3185 1 1 1 1.0
5 85675 2681 2306 1 10 0 1.0
5 171928 2684 3764 1 50 1 1.0
5 159519 2685 4384 1 1 0 1.0
5 90408 2688 2647 1 1 1 1.0
5 147571 2691 3739 1 10 1 1.0
5 130670 2694 3130 1 10 0 1.0
5 76690 2697 1711 1 10 0 1.0
5 130228 2699 3595 1 1 0 1.0
5 87382 2701 2450 1 1 1 1.0
5 79821 2703 2128 1 1 1 1.0
5 126891 2704 3584 1 10 1 1.0
5 113086 2705 2701 1 10 0 1.0
5 63417 2706 1557 1 1 1 1.0
5 171594 2709 3614 1 1 0 1.0
5 132631 2717 3078 1 1 0 1.0
5 114810 2720 2931 1 1 0 1.0
5 178926 2720 3786 1 1 0 1.0
5 82974 2722 1790 1 1 0 1.0
5 99106 2722 2542 1 10 1 1.0
5 149460 2723 3568 1 1 1 1.0
5 153630 2730 3546 1 1 1 1.0
5 73430 2733 1733 1 10 0 1.0
5 128382 2733 2627 1 1 0 1.0
5 71093 2734 1691 1 1 0 1.0
5 166226 2735 4957 1 1 1 1.0
5 64488 2735 1891 1 1 1 1.0
5 93713 2736 2675 1 50 1 1.0
5 108257 2736 2434 1 10 0 1.0
5 61387 2737 1819 1 10 0 1.0
5 169348 2738 4661 1 1 1 1.0
5 143910 2738 3976 1 10 0 1.0
5 161100 2740 3594 1 1 0 1.0
5 125553 2742 3540 1 1 1 1.0
5 168726 2743 4719 1 1 0 1.0
5 178091 2743 5254 1 10 1 1.0
5 123206 2744 3572 1 1 0 1.0
5 173427 2745 5198 1 1 0 1.0
5 137454 2747 3042 1 10 1 1.0
5 144615 2749 4160 1 10 0 1.0
5 177494 2762 3825 1 1 1 1.0
5 139901 2767 2835 1 1 1 1.0
5 68058 2768 1581 1 10 0 1.0
5 88612 2769 2278 1 1 1 1.0
5 86871 2770 2467 1 1 0 1.0
5 110204 2771 2439 1 10 0 1.0
5 61450 2771 1580 1 10 1 1.0
5 70416 2772 2062 1 10 0 1.0
5 147643 2775 4389 1 1 1 1.0
5 157055 2777 4033 1 10 1 1.0
5 145791 2781 3641 1 1 0 1.0
5 162384 2784 4057 1 1 1 1.0
5 61986 2785 1820 1 1 0 1.0
5 91255 2793 2659 1 10 0 1.0
5 152586 2797 4158 1 10 1 1.0
5 160977 2800 3811 1 1 1 1.0
5 176791 2801 4855 1 10 1 1.0
5 97479 2801 2100 1 10 1 1.0
5 80724 2805 1855 1 1 0 1.0
5 94939 2805 2173 1 10 0 1.0
5 174675 2812 4946 1 1 1 1.0
5 73145 2817 1687 1 10 1 1.0
5 144979 2818 4294 1 10 0 1.0
5 132768 2818 3973 1 1 0 1.0
5 155766 2831 3399 1 1 0 1.0
5 92046 2832 2284 1 10 0 1.0
5 156965 2835 3509 1 50 0 1.0
5 72117 2836 1527 1 1 0 1.0
5 151138 2836 3269 1 1 0 1.0
5 89161 2836 2328 1 50 1 1.0
5 127660 2839 3481 1 1 1 1.0
5 89218 2839 2261 1 1 0 1.0
5 90468 2840 2179 1 10 1 1.0
5 125529 2840 3676 1 10 1 1.0
5 85559 2843 2128 1 1 0 1.0
5 177748 2844 4698 1 1 1 1.0
5 119671 2850 2775 1 10 0 1.0
5 139315 2850 3940 1 1 1 1.0
5 83767 2852 2048 1 1 1 1.0
5 74536 2853 1587 1 1 1 1.0
5 65136 2856 1625 1 50 1 1.0
5 169817 2856 3465 1 1 0 1.0
5 90256 2864 1967 1 1 1 1.0
5 97915 2868 2927 1 1 1 1.0
5 121838 2872 3367 1 10 0 1.0
5 118911 2872 2427 1 1 1 1.0
5 136216 2872 2789 1 10 1 1.0
5 167559 2873 4723 1 50 0 1.0
5 156076 2874 4295 1 1 0 1.0
5 171640 2877 3793 1 1 0 1.0
5 119387 2879 3028 1 1 0 1.0
5 66886 2880 1932 1 1 0 1.0
5 173032 2883 4331 1 1 1 1.0
5 60522 2884 1308 1 50 0 1.0
5 172914 2885 3595 1 50 0 1.0
5 116005 2889 3333 1 10 0 1.0
5 87144 2890 2313 1 1 1 1.0
5 140034 2890 3366 1 1 0 1.0
5 82746 2893 2464 1 10 1 1.0
5 70552 2894 1463 1 1 1 1.0
5 66376 2895 1529 1 10 1 1.0
5 129841 2900 3302 1 1 1 1.0
5 76879 2902 1915 1 1 1 1.0
5 169813 2903 3528 1 1 1 1.0
5 63878 2906 1589 1 50 1 1.0
5 154931 2909 4476 1 1 0 1.0
5 143181 2912 2932 1 1 0 1.0
5 86220 2913 1938 1 1 1 1.0
5 130275 2916 3621 1 1 1 1.0
5 90477 2917 2031 1 1 0 1.0
5 135910 2920 2972 1 1 0 1.0
5 100411 2925 2651 1 1 0 1.0
5 164754 2929 4600 1 50 0 1.0
5 121184 2937 2565 1 10 1 1.0
5 114098 2941 2962 1 10 0 1.0
5 123545 2943 3045 1 50 1 1.0
5 77403 2944 2238 1 1 0 1.0
5 118894 2945 2905 1 1 0 1.0
5 93898 2946 2180 1 1 1 1.0
5 179778 2947 3962 1 50 1 1.0
5 135403 2948 3189 1 1 0 1.0
5 119970 2948 2987 1 10 0 1.0
5 175646 2950 4393 1 1 0 1.0
5 137353 2954 3745 1 1 1 1.0
5 175521 2954 4765 1 1 1 1.0
5 108554 2957 2548 1 1 1 1.0
5 118010 2960 2554 1 1 0 1.0
5 159678 2966 3942 1 1 0 1.0
5 150309 2967 4057 1 10 1 1.0
5 71264 2967 1832 1 10 0 1.0
5 109047 2967 2256 1 10 1 1.0
5 104373 2969 2103 1 10 1 1.0
5 69091 2971 1600 1 1 1 1.0
5 72912 2972 2162 1 10 0 1.0
5 105989 2975 2655 1 1 1 1.0
5 98354 2980 2528 1 1 1 1.0
5 69601 2982 1483 1 1 1 1.0
5 113157 2984 2467 1 1 1 1.0
5 69035 2985 1490 1 1 0 1.0
5 79452 2989 2343 1 1 1 1.0
5 167827 2990 5031 1 1 1 1.0
5 155813 2991 4305 1 1 1 1.0
5 138371 2991 3383 1 10 0 1.0
5 112459 2995 2699 1 10 1 1.0
5 115243 2996 3173 1 1 0 1.0
5 99492 2997 2556 1 1 1 1.0
5 124039 3001 2833 1 10 1 1.0
5 139213 3004 3563 1 1 1 1.0
5 150635 3005 3727 1 1 1 1.0
5 70701 3006 1487 1 50 0 1.0
5 124990 3007 2585 1 1 0 1.0
5 96008 3007 2711 1 1 0 1.0
5 175404 3009 4540 1 50 1 1.0
5 178597 3009 3716 1 10 1 1.0
5 80013 3010 2057 1 1 1 1.0
5 80613 3011 2310 1 1 0 1.0
5 97875 3016 2057 1 10 1 1.0
5 168728 3017 4403 1 50 1 1.0
5 82610 3035 2072 1 1 1 1.0
5 116159 3035 2642 1 1 1 1.0
5 123881 3037 3618 1 1 0 1.0
5 146898 3039 3948 1 50 0 1.0
5 141004 3044 3946 1 10 0 1.0
5 139547 3047 2799 1 1 0 1.0
5 148343 3047 3001 1 1 1 1.0
5 146990 3052 3456 1 1 1 1.0
5 103689 3054 2448 1 1 0 1.0
5 110516 3058 2514 1 1 1 1.0
5 132610 3062 3040 1 1 0 1.0
5 101502 3065 2259 1 1 1 1.0
5 133410 3069 3966 1 1 0 1.0
5 119251 3069 3145 1 1 1 1.0
5 150216 3073 3055 1 10 1 1.0
5 147537 3073 3689 1 1 0 1.0
5 115844 3077 2465 1 10 1 1.0
5 151627 3083 3405 1 1 1 1.0
5 100807 3084 2347 1 1 1 1.0
5 106926 3084 2642 1 1 0 1.0
5 178621 3088 4570 1 1 0 1.0
5 148122 3091 3395 1 10 0 1.0
5 102625 3092 2674 1 1 1 1.0
5 135753 3097 3765 1 1 1 1.0
5 150039 3098 3961 1 1 1 1.0
5 149274 3102 3586 1 1 1 1.0
5 68693 3107 1913 1 1 0 1.0
5 147153 3112 3647 1 10 0 1.0
5 170671 3113 4206 1 1 1 1.0
5 134295 3119 3100 1 1 0 1.0
5 140103 3119 3484 1 1 0 1.0
5 79895 3125 1989 1 1 1 1.0
5 68949 3125 1949 1 1 0 1.0
5 72279 3126 1855 1 10 0 1.0
5 104837 3131 2166 1 1 0 1.0
5 69664 3132 1400 1 1 0 1.0
5 172293 3136 4531 1 1 0 1.0
5 111219 3142 3155 1 1 1 1.0
5 162151 3147 4017 1 50 0 1.0
5 116096 3148 3144 1 50 0 1.0
5 99769 3152 2979 1 10 0 1.0
5 158252 3154 3287 1 1 1 1.0
5 133716 3154 3862 1 1 1 1.0
5 65448 3155 1741 1 1 1 1.0
5 84081 3156 1789 1 1 0 1.0
5 117007 3158 3507 1 1 1 1.0
5 77571 3159 2317 1 1 1 1.0
5 126791 3160 3252 1 10 1 1.0
5 165976 3168 4041 1 1 0 1.0
5 74144 3171 1731 1 1 1 1.0
5 154702 3172 4280 1 10 1 1.0
5 128428 3180 3122 1 50 0 1.0
5 118747 3180 2473 1 10 1 1.0
5 137363 3180 4012 1 10 0 1.0
5 175470 3181 4042 1 10 1 1.0
5 176929 3184 4758 1 10 1 1.0
5 134604 3187 3711 1 1 0 1.0
5 143526 3194 3053 1 1 1 1.0
5 135480 3194 3808 1 1 0 1.0
5 179217 3196 3859 1 1 0 1.0
5 107876 3198 3176 1 10 1 1.0
5 150217 3201 4472 1 1 0 1.0
5 119859 3210 3066 1 1 0 1.0
5 121876 3216 3440 1 1 0 1.0
5 141873 3218 2884 1 1 1 1.0
5 106592 3220 2619 1 1 1 1.0
5 66180 3220 1472 1 1 1 1.0
5 107288 3220 2145 1 1 0 1.0
5 158505 3223 3803 1 1 1 1.0
5 146614 3224 3243 1 1 0 1.0
5 108536 3233 2255 1 1 0 1.0
5 88749 3236 1792 1 1 1 1.0
5 160450 3238 3827 1 1 0 1.0
5 115035 3245 3411 1 1 1 1.0
5 114378 3250 3096 1 10 0 1.0
5 80387 3261 2030 1 1 1 1.0
5 64005 3263 1433 1 1 0 1.0
5 109834 3265 3156 1 10 1 1.0
5 141931 3265 2870 1 1 0 1.0
5 168276 3271 3740 1 1 1 1.0
5 168342 3272 3984 1 50 1 1.0
5 126335 3276 2890 1 1 1 1.0
5 91093 3279 2055 1 50 0 1.0
5 105837 3285 2840 1 1 1 1.0
5 105266 3286 2488 1 1 1 1.0
5 75206 3286 1928 1 10 0 1.0
5 79828 3294 1943 1 10 0 1.0
5 124833 3294 3689 1 10 1 1.0
5 160820 3295 4214 1 1 1 1.0
5 169948 3303 3735 1 1 1 1.0
5 95911 3306 1980 1 10 1 1.0
5 77853 3307 1670 1 1 1 1.0
5 143134 3307 3964 1 1 0 1.0
5 169078 3307 4755 1 1 1 1.0
5 147247 3308 3900 1 1 0 1.0
5 144035 3311 4104 1 1 0 1.0
5 168764 3314 5035 1 1 1 1.0
5 163076 3314 4254 1 1 0 1.0
5 115411 3316 2482 1 10 0 1.0
5 136372 3318 3062 1 1 1 1.0
5 99985 3318 2728 1 1 0 1.0
5 123746 3321 2616 1 1 1 1.0
5 72164 3321 1926 1 10 1 1.0
5 160631 3322 3798 1 10 1 1.0
5 119930 3325 3590 1 1 1 1.0
5 166093 3325 4411 1 1 0 1.0
5 155068 3327 4028 1 10 1 1.0
5 82443 3335 2013 1 1 1 1.0
5 141218 3336 4040 1 1 1 1.0
5 78065 3336 2049 1 1 0 1.0
5 127442 3337 3696 1 1 0 1.0
5 74672 3337 1569 1 50 1 1.0
5 160429 3337 3215 1 1 1 1.0
5 74632 3341 2034 1 50 1 1.0
5 76760 3343 1686 1 10 0 1.0
5 61969 3349 1746 1 1 1 1.0
5 176533 3353 5014 1 1 0 1.0
5 61871 3354 1410 1 1 0 1.0
5 150013 3355 4078 1 1 1 1.0
5 63577 3356 1802 1 1 1 1.0
5 144629 3356 3933 1 1 0 1.0
5 79112 3357 1790 1 1 0 1.0
5 131942 3358 2852 1 1 1 1.0
5 110712 3359 3185 1 1 0 1.0
5 114688 3359 2684 1 1 1 1.0
5 143377 3363 2897 1 10 1 1.0
5 70471 3369 1761 1 1 1 1.0
5 134821 3371 3632 1 10 1 1.0
5 151667 3371 3519 1 10 1 1.0
5 164709 3371 3825 1 1 0 1.0
5 79773 3376 2337 1 1 0 1.0
5 126907 3376 3466 1 50 0 1.0
5 137103 3377 3676 1 10 1 1.0
5 62110 3381 1477 1 1 0 1.0
5 77647 3381 2020 1 1 0 1.0
5 127399 3382 2581 1 1 1 1.0
5 74356 3383 2117 1 10 1 1.0
5 108596 3385 3080 1 1 0 1.0
5 139793 3389 3348 1 10 1 1.0
5 113945 3395 3221 1 1 1 1.0
5 145601 3398 3811 1 1 0 1.0
5 125586 3400 3125 1 10 1 1.0
5 71858 3405 1972 1 1 0 1.0
5 90169 3407 2358 1 10 1 1.0
5 164844 3408 3677 1 10 1 1.0
5 104252 3409 2826 1 1 1 1.0
5 69970 3409 2007 1 10 0 1.0
5 77575 3411 1602 1 1 1 1.0
5 112123 3415 2617 1 10 1 1.0
5 93586 3418 2342 1 1 0 1.0
5 117938 3422 3260 1 1 0 1.0
5 163569 3422 4608 1 10 0 1.0
5 72888 3423 2019 1 10 0 1.0
5 141751 3424 3962 1 1 1 1.0
5 176529 3429 3626 1 10 1 1.0
5 121209 3439 2957 1 1 1 1.0
5 68745 3442 1429 1 10 1 1.0
5 92499 3456 2632 1 1 0 1.0
5 68494 3461 1628 1 10 0 1.0
5 139247 3462 3404 1 1 0 1.0
5 125893 3465 3193 1 10 1 1.0
5 110050 3473 2885 1 1 0 1.0
5 92118 3473 2699 1 10 0 1.0
5 158081 3473 4617 1 1 1 1.0
5 128152 3474 3056 1 50 1 1.0
5 66200 3474 1459 1 1 1 1.0
5 170380 3487 4080 1 1 0 1.0
5 84471 3487 1729 1 10 0 1.0
5 100576 3488 2402 1 1 1 1.0
5 136799 3488 3582 1 1 0 1.0
5 73812 3490 1794 1 1 1 1.0
5 174959 3493 4629 1 10 0 1.0
5 123668 3499 3252 1 10 1 1.0
5 65704 3499 1675 1 10 0 1.0
5 74064 3500 1709 1 10 1 1.0
5 151496 3501 3493 1 1 1 1.0
5 71579 3503 2124 1 1 1 1.0
5 125745 3506 3293 1 1 0 1.0
5 177469 3507 5077 1 10 0 1.0
5 72175 3511 1935 1 10 1 1.0
5 128878 3512 2585 1 10 0 1.0
5 100919 3512 2940 1 1 1 1.0
5 113611 3515 2956 1 50 1 1.0
5 72530 3518 1523 1 50 1 1.0
5 116037 3519 2821 1 1 1 1.0
5 150779 3519 4445 1 50 1 1.0
5 110964 3520 2665 1 1 0 1.0
5 162170 3521 4670 1 1 1 1.0
5 103550 3522 2110 1 10 1 1.0
5 141441 3527 2837 1 10 1 1.0
5 162064 3527 3556 1 1 1 1.0
5 115778 3533 2485 1 50 0 1.0
5 107284 3536 2595 1 1 1 1.0
5 128798 3538 2579 1 1 0 1.0
5 129798 3543 3122 1 10 0 1.0
5 117991 3544 2454 1 10 0 1.0
5 93886 3544 2077 1 10 0 1.0
5 109489 3545 2406 1 1 0 1.0
5 93641 3550 1886 1 1 0 1.0
5 123988 3550 3431 1 10 1 1.0
5 163344 3551 4771 1 1 1 1.0
5 133342 3552 2796 1 10 1 1.0
5 141813 3555 3054 1 50 0 1.0
5 91596 3557 1898 1 1 1 1.0
5 127582 3557 3296 1 1 0 1.0
5 157179 3558 3407 1 1 1 1.0
5 110063 3559 2819 1 10 0 1.0
5 167025 3563 4052 1 1 1 1.0
5 64520 3566 1732 1 1 1 1.0
5 81569 3571 1800 1 1 1 1.0
5 110241 3573 2864 1 1 1 1.0
5 173412 3574 5058 1 10 1 1.0
5 129904 3574 2716 1 10 1 1.0
5 130563 3576 2780 1 1 0 1.0
5 98556 3580 2574 1 1 1 1.0
5 103147 3581 2101 1 1 1 1.0
5 93201 3581 2403 1 1 0 1.0
5 175126 3586 4284 1 10 0 1.0
5 144266 3586 3260 1 10 0 1.0
5 63863 3590 1850 1 1 1 1.0
5 72294 3592 1776 1 50 1 1.0
5 115494 3594 2935 1 1 0 1.0
5 114890 3598 2297 1 1 0 1.0
