1500
0 63780 0 1891 1 1 1 0.8
0 104979 0 2950 1 50 1 0.8
0 105032 4 2140 1 1 0 0.8
0 114986 8 2506 1 1 1 0.8
0 94101 10 2727 1 10 1 0.8
0 120041 10 3163 1 1 1 0.8
0 113876 13 2825 1 10 0 0.8
0 92344 18 2672 1 10 1 0.8
0 131542 19 3138 1 10 1 0.8
0 116412 19 3345 1 1 0 0.8
0 149912 26 3362 1 10 1 0.8
0 78215 26 1979 1 10 1 0.8
0 124741 27 2812 1 10 0 0.8
0 167695 31 4703 1 1 1 0.8
0 82954 33 2312 1 1 1 0.8
0 149235 33 4317 1 1 1 0.8
0 100563 34 2320 1 1 1 0.8
0 71700 39 1935 1 10 0 0.8
0 100328 43 2231 1 1 1 0.8
0 167903 50 4454 1 10 1 0.8
0 91977 51 2319 1 1 1 0.8
0 166747 54 3673 1 1 0 0.8
0 104475 57 3077 1 1 0 0.8
0 137671 66 3616 1 1 1 0.8
0 96985 67 2195 1 10 0 0.8
0 61147 74 1779 1 50 1 0.8
0 144053 78 2995 1 1 0 0.8
0 126024 79 2539 1 1 1 0.8
0 97441 80 2197 1 1 0 0.8
0 69571 85 1979 1 1 0 0.8
0 60028 86 1415 1 1 0 0.8
0 148174 88 4302 1 1 0 0.8
0 126771 91 3449 1 1 1 0.8
0 168667 95 4286 1 1 1 0.8
0 121282 95 3601 1 1 1 0.8
0 85043 97 2099 1 1 0 0.8
0 159143 98 3375 1 1 0 0.8
0 179646 104 5081 1 1 0 0.8
0 69714 105 1800 1 1 1 0.8
0 120075 106 3502 1 1 1 0.8
0 156959 113 4621 1 10 1 0.8
0 77552 118 2129 1 1 0 0.8
0 152927 120 4066 1 1 1 0.8
0 163203 121 3868 1 10 1 0.8
0 118248 126 3238 1 10 0 0.8
0 89809 127 2275 1 10 1 0.8
0 120896 127 2424 1 1 1 0.8
0 63586 133 1539 1 1 0 0.8
0 162287 137 3978 1 1 1 0.8
0 150750 137 3056 1 1 1 0.8
0 69395 140 2008 1 1 1 0.8
0 61518 141 1469 1 1 0 0.8
0 169703 143 3602 1 10 1 0.8
0 82298 148 1848 1 1 0 0.8
0 174831 151 4078 1 1 0 0.8
0 83047 151 2032 1 1 0 0.8
0 106015 152 2968 1 1 1 0.8
0 76568 158 2166 1 50 0 0.8
0 94426 160 2326 1 1 1 0.8
0 76193 160 1879 1 10 1 0.8
0 109846 162 2947 1 50 1 0.8
0 148914 162 3931 1 1 1 0.8
0 169453 163 3679 1 1 1 0.8
0 140911 164 3360 1 10 0 0.8
0 111309 165 3168 1 1 0 0.8
0 132105 168 2885 1 1 1 0.8
0 67031 173 1769 1 1 1 0.8
0 73869 173 2184 1 1 1 0.8
0 102072 177 2865 1 1 0 0.8
0 65557 180 1529 1 1 1 0.8
0 61790 181 1583 1 1 1 0.8
0 129941 181 3574 1 1 1 0.8
0 112447 181 2355 1 50 0 0.8
0 109285 181 2924 1 10 0 0.8
0 165794 182 3532 1 1 0 0.8
0 76763 183 1782 1 1 1 0.8
0 121142 184 3457 1 10 1 0.8
0 78258 186 2093 1 1 1 0.8
0 127305 196 3199 1 1 1 0.8
0 142545 196 3913 1 1 0 0.8
0 60146 198 1347 1 50 1 0.8
0 63619 201 1374 1 1 0 0.8
0 100046 204 2615 1 10 0 0.8
0 145860 206 4095 1 1 0 0.8
0 152566 208 4316 1 10 0 0.8
0 135327 208 3528 1 1 0 0.8
0 159772 208 3330 1 1 1 0.8
0 62305 210 1792 1 1 1 0.8
0 137567 211 3093 1 1 1 0.8
0 62808 212 1567 1 1 1 0.8
0 98580 214 2122 1 10 0 0.8
0 76075 220 2064 1 10 0 0.8
0 139507 223 3464 1 1 1 0.8
0 178511 226 5169 1 1 1 0.8
0 158515 227 3305 1 10 1 0.8
0 91741 228 2189 1 1 0 0.8
0 160963 230 4282 1 1 1 0.8
0 60428 231 1413 1 10 0 0.8
0 63418 237 1412 1 1 0 0.8
0 168129 239 3621 1 10 1 0.8
0 143611 241 3970 1 50 1 0.8
0 124784 242 3143 1 1 1 0.8
0 115449 242 2920 1 1 1 0.8
0 110391 244 3149 1 1 0 0.8
0 140430 245 4055 1 50 1 0.8
0 129938 246 3381 1 10 1 0.8
0 159281 248 3367 1 10 0 0.8
0 124883 250 2533 1 1 1 0.8
0 104847 250 2316 1 1 0 0.8
0 108809 258 3035 1 1 0 0.8
0 142611 259 3463 1 1 0 0.8
0 117209 260 3428 1 1 0 0.8
0 140180 260 4114 1 1 0 0.8
0 82847 262 1871 1 1 1 0.8
0 140359 264 3177 1 1 0 0.8
0 140095 265 3104 1 10 1 0.8
0 157756 271 4254 1 10 1 0.8
0 162212 278 4228 1 1 1 0.8
0 128653 279 2778 1 50 1 0.8
0 66771 279 1748 1 10 0 0.8
0 104490 280 2757 1 1 1 0.8
0 141494 282 3332 1 1 0 0.8
0 123865 287 3669 1 1 0 0.8
0 102524 297 2857 1 10 0 0.8
0 136567 298 3795 1 10 0 0.8
0 153330 299 4318 1 50 0 0.8
0 101353 317 2201 1 1 1 0.8
0 161148 319 3922 1 1 1 0.8
0 77429 319 2089 1 1 0 0.8
0 130669 324 3815 1 1 0 0.8
0 93547 326 2470 1 1 0 0.8
0 135309 327 3837 1 1 0 0.8
0 121550 327 3137 1 1 0 0.8
0 174675 334 4726 1 1 1 0.8
0 140026 336 3175 1 1 1 0.8
0 88749 340 1827 1 1 1 0.8
0 67695 341 1596 1 10 1 0.8
0 127773 341 3806 1 10 0 0.8
0 151586 342 3444 1 10 0 0.8
0 90302 346 2169 1 1 1 0.8
0 167815 347 4805 1 1 0 0.8
0 166648 347 4932 1 10 1 0.8
0 165675 347 3538 1 1 1 0.8
0 136747 347 4060 1 1 1 0.8
0 139504 350 3209 1 10 1 0.8
0 130755 352 2982 1 1 1 0.8
0 157168 354 4286 1 1 1 0.8
0 69604 355 1585 1 1 0 0.8
0 131586 357 3258 1 1 1 0.8
0 134395 363 3994 1 1 0 0.8
0 83388 364 1978 1 50 0 0.8
0 139339 365 3866 1 10 0 0.8
0 167388 369 4012 1 1 0 0.8
0 62287 372 1603 1 50 1 0.8
0 170533 373 3925 1 1 0 0.8
0 159204 388 4768 1 1 0 0.8
0 102769 392 2857 1 1 1 0.8
0 154826 393 4430 1 1 0 0.8
0 73078 394 2081 1 1 0 0.8
0 123052 397 3294 1 1 1 0.8
0 152215 397 3170 1 1 0 0.8
0 83229 399 1978 1 1 1 0.8
0 80088 403 1803 1 10 1 0.8
0 141767 407 3816 1 10 0 0.8
0 161820 410 4745 1 1 1 0.8
0 134310 411 3373 1 1 1 0.8
0 97913 412 2718 1 1 0 0.8
0 102711 413 2310 1 1 0 0.8
0 112456 417 3036 1 1 1 0.8
0 74670 418 2056 1 50 0 0.8
0 101077 418 2837 1 10 1 0.8
0 166097 419 3822 1 10 1 0.8
0 111715 419 2368 1 10 0 0.8
0 84516 419 2288 1 1 0 0.8
0 130227 421 3435 1 10 1 0.8
0 62193 422 1310 1 1 0 0.8
0 162087 422 3392 1 1 1 0.8
0 107937 422 2415 1 1 0 0.8
0 169100 424 3441 1 1 0 0.8
0 117838 425 2528 1 1 0 0.8
0 142317 427 4054 1 50 0 0.8
0 100056 429 2087 1 1 1 0.8
0 108687 431 2180 1 1 0 0.8
0 102163 434 2648 1 50 1 0.8
0 163774 435 3475 1 1 0 0.8
0 99946 436 2169 1 10 1 0.8
0 99948 436 2244 1 10 1 0.8
0 120794 442 3174 1 1 0 0.8
0 166164 447 3720 1 50 1 0.8
0 112581 447 2950 1 1 0 0.8
0 99158 449 2323 1 1 1 0.8
0 80710 455 2050 1 10 0 0.8
0 135029 456 2775 1 10 0 0.8
0 89587 456 2454 1 10 0 0.8
0 174729 460 4758 1 1 0 0.8
0 123343 464 3097 1 1 0 0.8
0 121036 465 2541 1 1 1 0.8
0 94038 468 2139 1 1 1 0.8
0 79960 470 1697 1 1 1 0.8
0 79589 471 1900 1 1 0 0.8
0 164931 471 3663 1 1 0 0.8
0 178929 473 3885 1 1 1 0.8
0 160321 475 4429 1 10 0 0.8
0 179389 480 5322 1 50 1 0.8
0 175280 484 3941 1 50 1 0.8
0 95213 484 2830 1 10 0 0.8
0 110967 484 3218 1 1 1 0.8
0 60237 486 1615 1 1 0 0.8
0 125363 487 3484 1 50 1 0.8
0 141152 489 3784 1 1 0 0.8
0 172191 489 3794 1 10 0 0.8
0 92804 491 2016 1 1 1 0.8
0 119676 492 2592 1 1 0 0.8
0 96676 493 2753 1 50 1 0.8
0 177653 495 3796 1 1 0 0.8
0 154789 501 3643 1 10 0 0.8
0 113299 504 3296 1 1 0 0.8
0 136856 507 3157 1 1 1 0.8
0 96821 508 2343 1 50 1 0.8
0 150242 510 3383 1 10 0 0.8
0 143303 512 3889 1 1 1 0.8
0 174324 513 5123 1 50 1 0.8
0 60783 513 1437 1 1 0 0.8
0 138326 514 4007 1 10 0 0.8
0 128312 514 2737 1 1 1 0.8
0 157919 516 4338 1 10 1 0.8
0 68204 523 1805 1 1 1 0.8
0 105072 524 2367 1 10 1 0.8
0 139479 528 3910 1 1 1 0.8
0 142551 528 3310 1 1 1 0.8
0 132750 529 3924 1 1 0 0.8
0 121502 531 2773 1 10 0 0.8
0 106207 531 2326 1 1 0 0.8
0 64181 535 1802 1 1 1 0.8
0 158771 535 4032 1 10 0 0.8
0 112370 539 2395 1 1 1 0.8
0 126897 541 3622 1 10 1 0.8
0 107492 546 2734 1 1 1 0.8
0 130659 554 2757 1 10 0 0.8
0 134188 559 2991 1 10 1 0.8
0 105388 561 2904 1 1 0 0.8
0 142074 564 3364 1 10 1 0.8
0 90065 565 2533 1 50 1 0.8
0 78450 568 2333 1 10 0 0.8
0 107141 574 2621 1 50 1 0.8
0 86969 574 2355 1 50 1 0.8
0 143110 579 4076 1 10 1 0.8
0 61772 580 1826 1 10 1 0.8
0 105492 581 2783 1 50 1 0.8
0 68542 585 1796 1 1 1 0.8
0 61163 587 1636 1 1 0 0.8
0 166696 589 4515 1 1 0 0.8
0 168158 589 3867 1 1 0 0.8
0 147893 591 2983 1 1 1 0.8
0 125262 592 3197 1 1 1 0.8
0 149519 592 4164 1 1 1 0.8
0 90845 595 1960 1 10 1 0.8
0 160603 595 3874 1 10 1 0.8
0 106265 596 2384 1 1 0 0.8
0 114085 596 2594 1 1 0 0.8
0 166227 599 4830 1 1 0 0.8
0 134466 601 3657 1 1 1 0.8
0 73021 603 1470 1 50 1 0.8
0 130708 611 3063 1 1 1 0.8
0 67171 615 1730 1 10 1 0.8
0 125599 616 3191 1 10 0 0.8
0 158162 618 4540 1 1 0 0.8
0 175551 620 4238 1 1 0 0.8
0 77808 623 1803 1 1 0 0.8
0 99994 625 2469 1 1 1 0.8
0 80832 632 1637 1 1 0 0.8
0 87840 635 1764 1 1 0 0.8
0 98487 638 2050 1 10 0 0.8
0 119745 639 3222 1 10 0 0.8
0 127349 640 2939 1 1 0 0.8
0 148073 641 3790 1 1 0 0.8
0 104989 649 2644 1 1 1 0.8
0 73846 650 1640 1 1 1 0.8
0 148661 652 3376 1 1 0 0.8
0 123082 655 2995 1 10 1 0.8
0 163157 656 3307 1 10 1 0.8
0 133003 659 2671 1 1 0 0.8
0 112591 662 3328 1 10 0 0.8
0 90771 666 2064 1 1 0 0.8
0 95452 671 2642 1 10 1 0.8
0 85888 675 2124 1 10 0 0.8
0 115635 682 2692 1 1 0 0.8
0 148704 687 3188 1 1 0 0.8
0 132293 689 3039 1 1 1 0.8
0 103461 691 2210 1 10 1 0.8
0 80857 693 2026 1 1 1 0.8
0 118092 695 2912 1 1 0 0.8
0 60905 697 1549 1 1 1 0.8
0 169290 697 4302 1 1 1 0.8
0 132320 697 3734 1 1 1 0.8
0 163697 700 4163 1 1 0 0.8
0 100641 704 2498 1 10 0 0.8
0 166169 705 3932 1 1 1 0.8
0 61978 706 1474 1 1 1 0.8
0 154838 707 3713 1 1 0 0.8
0 120866 710 2798 1 1 1 0.8
0 141900 714 2972 1 1 0 0.8
0 116019 716 3095 1 1 1 0.8
0 152619 719 3933 1 50 0 0.8
0 179292 721 4384 1 50 0 0.8
0 113586 721 2942 1 1 1 0.8
0 128019 722 3660 1 1 0 0.8
0 161702 724 3551 1 1 1 0.8
0 90332 727 2062 1 10 0 0.8
0 121528 730 3509 1 1 0 0.8
0 106434 732 2782 1 10 1 0.8
0 137305 732 3393 1 1 0 0.8
0 167273 735 4667 1 10 1 0.8
0 135086 737 3959 1 10 1 0.8
0 159703 738 4456 1 50 0 0.8
0 150357 739 3068 1 10 0 0.8
0 157185 739 3817 1 1 0 0.8
0 174682 742 4548 1 50 0 0.8
0 75158 743 1923 1 1 1 0.8
0 74805 743 2048 1 1 1 0.8
0 89799 744 2537 1 1 1 0.8
0 156401 746 4528 1 10 1 0.8
0 123001 746 3386 1 10 1 0.8
0 150741 746 4187 1 1 1 0.8
0 144623 748 3121 1 10 1 0.8
0 150136 748 4190 1 10 0 0.8
0 63763 753 1601 1 1 0 0.8
0 93981 755 2574 1 10 0 0.8
0 108386 756 2728 1 1 1 0.8
0 82669 758 2267 1 1 1 0.8
0 77886 760 2129 1 10 1 0.8
0 66071 762 1836 1 1 1 0.8
0 115622 762 3076 1 10 1 0.8
0 133727 772 3283 1 1 0 0.8
0 77174 777 1807 1 1 0 0.8
0 81122 778 1803 1 10 0 0.8
0 116051 781 3214 1 10 1 0.8
0 140036 781 3187 1 1 1 0.8
0 102869 785 3037 1 1 0 0.8
0 80287 788 1904 1 1 1 0.8
0 177327 789 4901 1 1 1 0.8
0 80045 790 1678 1 10 0 0.8
0 137598 791 2936 1 10 0 0.8
0 137554 791 3346 1 1 1 0.8
0 162718 797 4079 1 1 0 0.8
0 64170 798 1573 1 1 1 0.8
0 143820 799 2931 1 1 0 0.8
0 146860 801 3162 1 1 1 0.8
0 126768 806 3674 1 10 0 0.8
0 155473 813 3616 1 1 1 0.8
0 118609 816 2632 1 10 0 0.8
0 99584 818 2388 1 1 1 0.8
0 130971 819 2997 1 1 0 0.8
0 103661 820 2505 1 1 1 0.8
0 132888 824 3909 1 10 0 0.8
0 162954 825 3287 1 1 0 0.8
0 104278 827 2675 1 1 1 0.8
0 74979 828 1685 1 10 0 0.8
0 134438 830 4002 1 50 1 0.8
0 131888 830 3168 1 1 0 0.8
0 138104 833 3941 1 1 1 0.8
0 114602 834 3012 1 1 1 0.8
0 97725 834 2585 1 10 0 0.8
0 115654 837 2896 1 50 1 0.8
0 76587 841 1664 1 1 1 0.8
0 112550 842 2308 1 1 1 0.8
0 146096 843 3577 1 1 1 0.8
0 79044 846 2126 1 1 0 0.8
0 162651 848 4760 1 1 0 0.8
0 125078 848 3737 1 10 0 0.8
0 126723 850 2744 1 1 0 0.8
0 152314 855 3979 1 1 1 0.8
0 120548 857 3505 1 1 1 0.8
0 109296 858 2956 1 1 0 0.8
0 145590 859 3099 1 1 1 0.8
0 139374 864 4023 1 1 1 0.8
0 110932 865 2470 1 50 0 0.8
0 175092 867 4111 1 1 0 0.8
0 150954 868 4007 1 1 1 0.8
0 158409 869 4088 1 50 0 0.8
0 129762 871 2616 1 1 0 0.8
0 74130 871 2075 1 10 0 0.8
0 137565 871 4046 1 1 0 0.8
0 67247 872 1643 1 1 1 0.8
0 139056 877 2785 1 1 1 0.8
0 61792 879 1445 1 50 0 0.8
0 69166 880 1594 1 1 0 0.8
0 104541 881 2988 1 1 1 0.8
0 91314 881 2576 1 10 0 0.8
0 61949 881 1842 1 10 1 0.8
0 92657 882 2462 1 50 0 0.8
0 156395 884 4549 1 1 1 0.8
0 141912 886 3618 1 1 0 0.8
0 106812 889 2965 1 10 1 0.8
0 105526 890 2124 1 1 0 0.8
0 95740 891 2433 1 10 1 0.8
0 105790 893 3134 1 1 0 0.8
0 99381 896 2383 1 10 1 0.8
0 145437 897 3346 1 10 0 0.8
0 177059 898 4399 1 1 1 0.8
0 103833 901 2377 1 1 0 0.8
0 128663 903 3028 1 10 1 0.8
0 77396 905 2200 1 1 1 0.8
0 86236 905 2278 1 50 0 0.8
0 121047 907 3238 1 10 1 0.8
0 97198 907 2526 1 10 0 0.8
0 95922 908 2825 1 50 0 0.8
0 103440 909 2624 1 10 1 0.8
0 161954 910 4546 1 1 1 0.8
0 80694 910 2300 1 10 0 0.8
0 112819 915 3031 1 1 0 0.8
0 92809 915 2012 1 10 0 0.8
0 133765 919 3352 1 1 1 0.8
0 107554 919 2331 1 10 0 0.8
0 166739 920 4374 1 1 0 0.8
0 69822 921 1926 1 1 1 0.8
0 117429 922 2683 1 1 1 0.8
0 110868 925 2719 1 1 0 0.8
0 123613 927 3657 1 50 0 0.8
0 155714 930 4004 1 1 0 0.8
0 73845 930 1838 1 1 1 0.8
0 149935 930 4095 1 1 1 0.8
0 154453 931 3125 1 1 0 0.8
0 175893 933 4906 1 10 1 0.8
0 82092 937 1777 1 1 0 0.8
0 61207 940 1787 1 1 1 0.8
0 67631 950 1742 1 1 1 0.8
0 106260 951 2405 1 10 1 0.8
0 63786 955 1691 1 50 1 0.8
0 120780 958 3392 1 1 1 0.8
0 86725 959 1783 1 10 0 0.8
0 127004 960 3347 1 10 1 0.8
0 123862 962 3192 1 1 1 0.8
0 124923 963 2925 1 1 1 0.8
0 100370 966 2424 1 1 0 0.8
0 73347 966 1990 1 10 0 0.8
0 149046 975 4281 1 10 1 0.8
0 173321 977 4810 1 1 0 0.8
0 126894 979 3055 1 10 0 0.8
0 162219 980 4602 1 1 1 0.8
0 156964 986 4068 1 10 1 0.8
0 106572 989 2577 1 50 0 0.8
0 66744 990 1964 1 1 0 0.8
0 132619 992 2877 1 10 0 0.8
0 80879 994 1699 1 1 0 0.8
0 166196 994 3505 1 10 1 0.8
0 118829 999 3367 1 10 1 0.8
0 139395 1002 3976 1 10 0 0.8
0 68918 1006 1896 1 1 1 0.8
0 160637 1012 3921 1 1 0 0.8
0 128406 1026 3587 1 10 0 0.8
0 135400 1027 2821 1 1 1 0.8
0 121742 1030 2459 1 10 0 0.8
0 86063 1031 2506 1 1 1 0.8
0 144287 1034 3262 1 1 0 0.8
0 123476 1036 3524 1 1 1 0.8
0 62040 1036 1285 1 1 1 0.8
0 160300 1043 3303 1 50 1 0.8
0 80476 1045 1609 1 10 0 0.8
0 156858 1046 4275 1 10 1 0.8
0 111325 1046 2862 1 10 0 0.8
0 101334 1048 2854 1 1 1 0.8
0 114064 1051 2545 1 10 0 0.8
0 130004 1058 2747 1 50 1 0.8
0 115166 1059 2867 1 1 1 0.8
0 138115 1060 3077 1 1 1 0.8
0 169941 1061 4210 1 1 0 0.8
0 97311 1067 2899 1 1 1 0.8
0 152837 1069 3440 1 1 1 0.8
0 100625 1070 3002 1 1 0 0.8
0 64317 1070 1766 1 10 0 0.8
0 84746 1072 2433 1 10 0 0.8
0 176464 1075 4176 1 1 0 0.8
0 152451 1075 4568 1 1 1 0.8
0 155885 1078 3325 1 1 1 0.8
0 171940 1079 3487 1 10 0 0.8
0 74964 1083 1569 1 1 0 0.8
0 63737 1084 1597 1 50 1 0.8
0 153207 1087 3309 1 1 0 0.8
0 165471 1087 3490 1 50 1 0.8
0 66688 1089 1572 1 10 0 0.8
0 128894 1095 3217 1 1 0 0.8
0 84552 1102 2218 1 50 0 0.8
0 150507 1108 3831 1 1 1 0.8
0 100556 1109 2313 1 50 1 0.8
0 145023 1114 3317 1 1 0 0.8
0 89659 1114 1967 1 1 0 0.8
0 118064 1123 3228 1 1 1 0.8
0 140586 1127 3758 1 1 1 0.8
0 118271 1130 2901 1 1 1 0.8
0 88284 1131 1983 1 1 0 0.8
0 137323 1134 4091 1 1 1 0.8
0 146811 1134 4109 1 10 0 0.8
0 135743 1135 2944 1 50 0 0.8
0 167340 1135 3630 1 1 1 0.8
0 152052 1136 3277 1 10 1 0.8
0 127306 1138 3340 1 10 1 0.8
0 158795 1140 3892 1 10 0 0.8
0 125151 1141 3590 1 1 0 0.8
0 68625 1143 1686 1 1 0 0.8
0 62308 1144 1515 1 1 1 0.8
0 150243 1144 4339 1 1 1 0.8
0 85464 1148 2302 1 1 1 0.8
0 65090 1154 1512 1 1 0 0.8
0 76264 1155 1534 1 1 0 0.8
0 90109 1155 2455 1 1 1 0.8
0 74914 1162 2009 1 1 1 0.8
0 156701 1163 3171 1 50 1 0.8
0 129992 1169 3455 1 10 1 0.8
0 104882 1170 2933 1 1 1 0.8
0 118212 1176 2532 1 50 1 0.8
0 177460 1178 3713 1 1 1 0.8
0 126223 1178 2935 1 10 1 0.8
0 156878 1180 3682 1 10 0 0.8
0 107040 1180 2902 1 1 0 0.8
0 147034 1184 3294 1 10 1 0.8
0 82482 1186 1652 1 1 1 0.8
0 145295 1191 3634 1 1 1 0.8
0 126036 1192 2986 1 10 0 0.8
0 107963 1193 3066 1 1 0 0.8
0 68397 1193 1483 1 10 1 0.8
0 114914 1194 2731 1 1 1 0.8
0 114913 1203 2526 1 1 1 0.8
0 119583 1206 2759 1 1 0 0.8
0 97241 1211 2637 1 10 1 0.8
0 140186 1211 2975 1 50 1 0.8
0 67388 1219 1647 1 10 0 0.8
0 145520 1226 4072 1 10 1 0.8
0 136973 1226 3034 1 1 0 0.8
0 87670 1228 1967 1 1 0 0.8
0 65054 1229 1886 1 10 1 0.8
0 105033 1229 2177 1 10 1 0.8
0 79145 1232 2198 1 1 1 0.8
0 168059 1232 3928 1 1 0 0.8
0 114130 1233 2597 1 1 0 0.8
0 140084 1234 3477 1 1 1 0.8
0 90401 1235 2265 1 1 0 0.8
0 140970 1237 4095 1 10 0 0.8
0 156395 1240 3988 1 10 0 0.8
0 74846 1240 2147 1 10 1 0.8
0 72350 1244 1661 1 10 1 0.8
0 93467 1246 2552 1 10 1 0.8
0 77013 1249 1681 1 1 0 0.8
0 118184 1250 3071 1 50 1 0.8
0 146954 1251 3995 1 50 0 0.8
0 102450 1252 2895 1 50 1 0.8
0 114143 1255 2609 1 1 1 0.8
0 72670 1255 2095 1 1 1 0.8
0 86422 1256 1922 1 1 0 0.8
0 71548 1258 2114 1 1 1 0.8
0 71750 1263 2065 1 10 0 0.8
0 161358 1270 3323 1 1 0 0.8
0 164789 1271 3893 1 10 0 0.8
0 111294 1272 3013 1 10 0 0.8
0 171003 1273 3707 1 50 0 0.8
0 162739 1277 3769 1 50 1 0.8
0 120123 1286 3345 1 10 1 0.8
0 127499 1289 2653 1 10 1 0.8
0 92733 1293 2099 1 1 0 0.8
0 175832 1293 4110 1 1 1 0.8
0 69969 1294 1653 1 10 1 0.8
0 144075 1294 3436 1 1 0 0.8
0 153006 1298 3222 1 10 1 0.8
0 151988 1301 3971 1 1 0 0.8
0 107747 1303 2255 1 1 0 0.8
0 74098 1304 2124 1 10 0 0.8
0 153825 1304 3356 1 10 1 0.8
0 120206 1305 3025 1 10 1 0.8
0 123971 1306 3649 1 1 0 0.8
0 177056 1306 3959 1 1 1 0.8
0 91853 1317 1871 1 1 0 0.8
0 86867 1319 1739 1 50 1 0.8
0 146247 1321 3359 1 10 0 0.8
0 104143 1330 2148 1 1 1 0.8
0 173999 1330 3556 1 10 1 0.8
0 66716 1336 1894 1 10 0 0.8
0 81380 1336 2364 1 1 1 0.8
0 113008 1350 3095 1 50 1 0.8
0 108481 1352 3156 1 1 1 0.8
0 146923 1352 3666 1 10 0 0.8
0 150641 1352 4482 1 1 0 0.8
0 178312 1354 5096 1 50 1 0.8
0 179596 1355 4855 1 1 1 0.8
0 111718 1355 2669 1 1 1 0.8
0 100549 1358 2572 1 1 1 0.8
0 71966 1358 1890 1 1 0 0.8
0 108220 1358 2596 1 1 1 0.8
0 76602 1363 2247 1 50 1 0.8
0 69580 1363 1948 1 1 1 0.8
0 131520 1368 3926 1 1 1 0.8
0 94793 1374 2408 1 50 1 0.8
0 141970 1377 2880 1 10 0 0.8
0 76709 1392 2125 1 1 0 0.8
0 89908 1395 2512 1 10 1 0.8
0 159502 1395 4324 1 1 1 0.8
0 156181 1396 4071 1 1 1 0.8
0 105576 1401 2135 1 10 1 0.8
0 122367 1405 2603 1 1 1 0.8
0 162801 1405 4361 1 50 1 0.8
0 81993 1407 1999 1 1 0 0.8
0 147736 1410 3239 1 1 1 0.8
0 139337 1412 3854 1 50 0 0.8
0 112098 1412 2310 1 10 1 0.8
0 100634 1415 2773 1 50 1 0.8
0 141096 1423 3769 1 1 0 0.8
0 81904 1427 1794 1 50 1 0.8
0 146056 1436 3225 1 50 0 0.8
0 127768 1439 3129 1 1 1 0.8
0 89395 1441 2375 1 1 1 0.8
0 140691 1443 2819 1 1 0 0.8
0 97461 1444 2222 1 10 0 0.8
0 128012 1447 3124 1 1 0 0.8
0 150446 1455 3561 1 1 0 0.8
0 137205 1455 3673 1 50 0 0.8
0 100373 1457 2421 1 1 0 0.8
0 87267 1460 2149 1 10 1 0.8
0 66753 1460 1588 1 1 0 0.8
0 66461 1460 1731 1 10 1 0.8
0 76353 1464 1855 1 1 0 0.8
0 99766 1464 2298 1 10 0 0.8
0 69268 1467 1634 1 1 1 0.8
0 139239 1468 3157 1 1 1 0.8
0 63975 1470 1572 1 1 1 0.8
0 94318 1470 2529 1 1 0 0.8
0 66930 1470 1460 1 10 0 0.8
0 123847 1475 3585 1 1 1 0.8
0 147073 1476 3046 1 1 1 0.8
0 62909 1477 1290 1 1 1 0.8
0 71243 1479 2092 1 10 1 0.8
0 74961 1480 2123 1 10 1 0.8
0 162903 1484 4080 1 1 0 0.8
0 118817 1487 2435 1 1 1 0.8
0 85371 1487 2136 1 1 0 0.8
0 147260 1487 3193 1 10 0 0.8
0 71720 1488 1750 1 1 1 0.8
0 130852 1489 3005 1 1 1 0.8
0 93947 1492 2601 1 1 0 0.8
0 137628 1497 3693 1 10 1 0.8
0 96014 1502 2875 1 1 0 0.8
0 81121 1509 1627 1 10 0 0.8
0 97352 1509 2340 1 10 0 0.8
0 110210 1511 3167 1 10 0 0.8
0 177541 1512 5320 1 10 0 0.8
0 132706 1514 2875 1 10 0 0.8
0 116651 1517 2495 1 50 1 0.8
0 176272 1522 4288 1 1 0 0.8
0 161459 1524 4448 1 1 0 0.8
0 111974 1525 2885 1 1 1 0.8
0 175080 1526 4995 1 1 0 0.8
0 138979 1530 3738 1 1 1 0.8
0 165385 1530 4747 1 10 0 0.8
0 91434 1532 2589 1 50 0 0.8
0 68685 1532 1444 1 10 1 0.8
0 155802 1538 3161 1 10 0 0.8
0 162295 1538 3866 1 10 0 0.8
0 156686 1540 4661 1 1 1 0.8
0 173011 1540 4916 1 1 1 0.8
0 72930 1541 1944 1 10 0 0.8
0 177485 1541 5145 1 50 0 0.8
0 84081 1544 2342 1 1 1 0.8
0 132881 1547 3021 1 50 0 0.8
0 142716 1547 3968 1 1 0 0.8
0 68686 1552 1932 1 1 0 0.8
0 101865 1556 2063 1 10 1 0.8
0 121709 1556 3265 1 1 0 0.8
0 123522 1559 3426 1 1 0 0.8
0 164884 1560 4322 1 10 0 0.8
0 105496 1564 3053 1 1 1 0.8
0 90866 1566 2622 1 1 1 0.8
0 165331 1566 4755 1 50 1 0.8
0 167137 1566 4456 1 1 0 0.8
0 161922 1574 3276 1 10 1 0.8
0 134754 1574 3409 1 10 0 0.8
0 149583 1577 3959 1 1 0 0.8
0 75733 1577 1948 1 10 1 0.8
0 65283 1580 1366 1 50 0 0.8
0 75395 1582 1834 1 1 1 0.8
0 117088 1592 2466 1 1 0 0.8
0 79196 1592 2373 1 1 0 0.8
0 121529 1597 2557 1 1 1 0.8
0 87632 1600 2143 1 1 1 0.8
0 98591 1601 2803 1 50 1 0.8
0 68708 1601 1794 1 10 0 0.8
0 158224 1601 3545 1 10 0 0.8
0 110112 1603 2245 1 10 0 0.8
0 133261 1604 3390 1 1 0 0.8
0 161342 1605 3948 1 10 0 0.8
0 80784 1613 2226 1 10 1 0.8
0 156520 1615 4645 1 10 0 0.8
0 85185 1616 1853 1 1 0 0.8
0 121071 1618 3194 1 1 0 0.8
0 178439 1619 3804 1 10 1 0.8
0 111064 1629 2696 1 10 1 0.8
0 90162 1629 2166 1 1 1 0.8
0 98791 1630 2436 1 1 1 0.8
0 177696 1631 3883 1 1 1 0.8
0 162106 1635 4325 1 10 0 0.8
0 107507 1637 2908 1 50 0 0.8
0 106189 1641 2573 1 1 0 0.8
0 66079 1641 1713 1 50 1 0.8
0 100427 1641 2909 1 1 1 0.8
0 90421 1641 2180 1 1 1 0.8
0 78843 1642 2278 1 1 0 0.8
0 137835 1643 4004 1 10 0 0.8
0 126296 1643 2950 1 50 1 0.8
0 70578 1643 1973 1 1 1 0.8
0 141078 1643 3119 1 50 1 0.8
0 93312 1644 2193 1 1 0 0.8
0 122421 1649 3150 1 1 0 0.8
0 65610 1650 1399 1 1 1 0.8
0 130068 1653 3369 1 1 1 0.8
0 169381 1657 3686 1 10 0 0.8
0 179805 1658 5236 1 10 1 0.8
0 119564 1669 2632 1 1 0 0.8
0 120069 1670 3160 1 10 0 0.8
0 116930 1674 2804 1 10 0 0.8
0 131444 1676 3150 1 10 0 0.8
0 127626 1677 3393 1 1 0 0.8
0 113263 1678 3373 1 1 1 0.8
0 155046 1679 3743 1 10 0 0.8
0 124967 1681 3641 1 10 1 0.8
0 156436 1686 3421 1 1 1 0.8
0 86778 1687 2478 1 10 0 0.8
0 164788 1687 4833 1 1 0 0.8
0 154509 1692 3243 1 1 0 0.8
0 102794 1696 2555 1 50 0 0.8
0 145850 1697 2987 1 1 1 0.8
0 106014 1699 2260 1 1 1 0.8
0 94508 1701 1947 1 10 0 0.8
0 164749 1701 4267 1 1 1 0.8
0 72083 1706 1863 1 50 1 0.8
0 141309 1708 3343 1 10 0 0.8
0 111503 1708 3121 1 1 1 0.8
0 172285 1709 3691 1 1 0 0.8
0 78110 1713 1772 1 1 1 0.8
0 61898 1718 1276 1 50 0 0.8
0 164141 1720 4850 1 1 0 0.8
0 93453 1723 2736 1 1 0 0.8
0 174273 1724 3559 1 1 0 0.8
0 81084 1730 1829 1 10 0 0.8
0 145105 1730 3444 1 10 0 0.8
0 110354 1732 2890 1 50 1 0.8
0 141629 1733 4085 1 1 0 0.8
0 84970 1741 1901 1 10 0 0.8
0 82367 1741 2045 1 1 1 0.8
0 66647 1749 1997 1 10 1 0.8
0 171541 1750 4531 1 1 1 0.8
0 149799 1754 3235 1 1 1 0.8
0 64864 1755 1670 1 1 0 0.8
0 98171 1757 1998 1 1 0 0.8
0 78544 1758 1734 1 1 1 0.8
0 129694 1765 2942 1 1 0 0.8
0 65646 1771 1515 1 10 1 0.8
0 174813 1776 4230 1 50 0 0.8
0 143380 1777 4047 1 1 1 0.8
0 179893 1780 4562 1 50 1 0.8
0 62740 1782 1522 1 10 0 0.8
0 126571 1784 2600 1 1 1 0.8
0 93339 1785 2710 1 1 0 0.8
0 107677 1789 3100 1 1 0 0.8
0 139951 1792 2942 1 10 0 0.8
0 147671 1801 3535 1 1 1 0.8
0 142187 1801 3713 1 10 1 0.8
0 138349 1806 2852 1 50 1 0.8
0 80456 1806 1831 1 10 1 0.8
0 140864 1808 2902 1 1 0 0.8
0 130451 1811 3148 1 10 1 0.8
0 128101 1814 3250 1 1 0 0.8
0 76810 1815 2224 1 1 0 0.8
0 136004 1821 2947 1 1 1 0.8
0 77732 1824 1567 1 1 1 0.8
0 76187 1824 1703 1 10 0 0.8
0 68149 1825 1396 1 1 1 0.8
0 66280 1826 1425 1 1 0 0.8
0 122686 1830 3535 1 10 0 0.8
0 153090 1830 4512 1 1 1 0.8
0 152010 1832 3963 1 1 0 0.8
0 149291 1834 2998 1 1 1 0.8
0 86536 1836 2177 1 10 1 0.8
0 173835 1854 3903 1 1 1 0.8
0 140799 1855 3437 1 10 1 0.8
0 117065 1860 2459 1 10 0 0.8
0 61860 1868 1254 1 10 1 0.8
0 71322 1869 1631 1 1 0 0.8
0 153104 1870 4046 1 1 1 0.8
0 149862 1874 4322 1 1 1 0.8
0 77694 1874 2202 1 1 0 0.8
0 79734 1876 1889 1 1 1 0.8
0 120913 1877 2737 1 10 0 0.8
0 134997 1877 3888 1 1 0 0.8
0 167685 1881 3396 1 10 0 0.8
0 68018 1883 1615 1 1 1 0.8
0 66887 1883 1363 1 10 0 0.8
0 146884 1886 3265 1 1 1 0.8
0 110495 1893 2574 1 1 0 0.8
0 133900 1893 3259 1 1 1 0.8
0 68484 1895 1621 1 50 1 0.8
0 74774 1897 1963 1 1 0 0.8
0 80207 1899 1623 1 1 1 0.8
0 178767 1905 4503 1 1 0 0.8
0 93978 1909 2736 1 1 1 0.8
0 80188 1910 2069 1 1 1 0.8
0 104071 1915 2632 1 1 1 0.8
0 131614 1918 2941 1 10 1 0.8
0 68407 1923 1420 1 1 1 0.8
0 179703 1929 5165 1 10 1 0.8
0 100172 1929 2543 1 1 1 0.8
0 148788 1931 3376 1 1 1 0.8
0 178037 1935 3700 1 1 1 0.8
0 113444 1940 3193 1 1 0 0.8
0 179670 1941 5078 1 50 0 0.8
0 71726 1941 1912 1 1 0 0.8
0 167465 1941 4309 1 1 1 0.8
0 88604 1942 2650 1 1 0 0.8
0 109436 1943 2320 1 1 1 0.8
0 152434 1947 3436 1 50 0 0.8
0 68216 1953 1747 1 10 1 0.8
0 95931 1955 2537 1 1 0 0.8
0 155097 1956 3373 1 1 1 0.8
0 95201 1956 2788 1 10 0 0.8
0 175422 1957 5120 1 1 0 0.8
0 64171 1957 1838 1 10 1 0.8
0 119164 1957 3158 1 1 0 0.8
0 129673 1957 3481 1 1 1 0.8
0 152668 1959 3928 1 1 1 0.8
0 150974 1965 3959 1 1 0 0.8
0 87684 1966 1837 1 1 0 0.8
0 144702 1968 3583 1 10 0 0.8
0 167765 1970 3890 1 1 0 0.8
0 94967 1971 2597 1 1 1 0.8
0 113094 1976 2821 1 1 0 0.8
0 141166 1982 3018 1 1 0 0.8
0 106277 1983 2674 1 1 1 0.8
0 125684 1983 2617 1 10 0 0.8
0 96698 1983 2338 1 10 1 0.8
0 173569 1984 3842 1 1 1 0.8
0 103046 1984 2859 1 1 1 0.8
0 96139 1985 2407 1 50 1 0.8
0 123250 1987 2476 1 10 1 0.8
0 149823 1992 4157 1 1 0 0.8
0 166054 1993 4704 1 10 0 0.8
0 148930 1994 3802 1 1 0 0.8
0 126246 1996 3369 1 1 1 0.8
0 170819 1999 4351 1 10 0 0.8
0 126896 1999 3411 1 10 1 0.8
0 166124 2006 4810 1 10 0 0.8
0 95181 2008 2317 1 1 0 0.8
0 102089 2009 2646 1 10 0 0.8
0 116053 2009 2878 1 10 1 0.8
0 84223 2009 1916 1 1 0 0.8
0 96253 2010 2496 1 10 1 0.8
0 91336 2011 2666 1 1 1 0.8
0 68394 2011 1978 1 1 0 0.8
0 107402 2015 2591 1 1 1 0.8
0 175369 2015 4310 1 10 1 0.8
0 73102 2016 1877 1 10 0 0.8
0 149933 2022 3132 1 1 0 0.8
0 77375 2026 1881 1 10 1 0.8
0 131647 2028 2916 1 1 1 0.8
0 167686 2035 4380 1 1 0 0.8
0 118735 2037 2483 1 50 1 0.8
0 157512 2039 3171 1 50 0 0.8
0 99298 2044 2520 1 1 1 0.8
0 170682 2045 4928 1 50 0 0.8
0 103222 2048 3093 1 1 1 0.8
0 171536 2049 4077 1 50 1 0.8
0 64900 2050 1716 1 1 0 0.8
0 153637 2053 4434 1 1 0 0.8
0 123548 2056 3339 1 1 1 0.8
0 87611 2060 2433 1 1 0 0.8
0 72567 2061 1496 1 1 1 0.8
0 147982 2067 3360 1 50 0 0.8
0 94200 2073 1923 1 1 0 0.8
0 67757 2074 1923 1 1 1 0.8
0 150659 2075 3395 1 1 0 0.8
0 60085 2075 1573 1 1 1 0.8
0 155172 2076 4606 1 1 0 0.8
0 61304 2079 1735 1 1 0 0.8
0 102456 2080 2413 1 1 1 0.8
0 70900 2086 2021 1 10 1 0.8
0 135287 2087 2803 1 1 0 0.8
0 123303 2089 2673 1 10 0 0.8
0 90300 2092 2303 1 1 0 0.8
0 108399 2099 2608 1 1 1 0.8
0 68278 2102 1605 1 10 1 0.8
0 164105 2103 3444 1 50 0 0.8
0 175111 2108 3502 1 1 1 0.8
0 147310 2109 3540 1 1 1 0.8
0 159988 2110 4417 1 1 1 0.8
0 120782 2110 2460 1 10 0 0.8
0 132786 2111 2836 1 10 0 0.8
0 162286 2115 4855 1 1 0 0.8
0 151202 2116 3372 1 10 0 0.8
0 114074 2120 3058 1 1 1 0.8
0 70839 2120 1593 1 10 1 0.8
0 144518 2121 4234 1 10 0 0.8
0 117998 2124 2718 1 10 1 0.8
0 165732 2128 3727 1 10 1 0.8
0 75323 2130 1576 1 1 0 0.8
0 139473 2130 3626 1 1 0 0.8
0 161824 2132 3308 1 10 0 0.8
0 89833 2139 2304 1 10 0 0.8
0 117962 2140 3340 1 10 1 0.8
0 90120 2141 2467 1 1 0 0.8
0 147200 2142 3082 1 1 1 0.8
0 145656 2144 3740 1 1 1 0.8
0 82614 2145 2233 1 1 1 0.8
0 65947 2147 1777 1 10 1 0.8
0 85135 2151 2018 1 10 1 0.8
0 134349 2153 3702 1 10 1 0.8
0 125225 2153 2825 1 1 1 0.8
0 148447 2153 3657 1 1 1 0.8
0 171647 2155 4968 1 1 1 0.8
0 161814 2156 3853 1 10 0 0.8
0 160275 2157 3362 1 10 0 0.8
0 97282 2158 2081 1 1 0 0.8
0 76866 2159 1935 1 10 0 0.8
0 139831 2160 3680 1 1 1 0.8
0 74302 2166 1920 1 1 0 0.8
0 63631 2166 1488 1 1 1 0.8
0 102480 2169 2265 1 1 1 0.8
0 143392 2169 3077 1 1 1 0.8
0 90962 2169 2686 1 10 1 0.8
0 91011 2172 2285 1 1 1 0.8
0 94209 2177 2281 1 1 1 0.8
0 146752 2178 3647 1 1 0 0.8
0 94064 2179 1888 1 1 1 0.8
0 82056 2180 1848 1 10 0 0.8
0 90255 2180 1940 1 10 1 0.8
0 100444 2180 2715 1 1 1 0.8
0 150289 2181 3016 1 10 0 0.8
0 126777 2182 2572 1 10 0 0.8
0 118567 2185 3452 1 1 1 0.8
0 75080 2185 1699 1 1 1 0.8
0 104578 2188 2574 1 1 0 0.8
0 87545 2193 2604 1 1 0 0.8
0 124789 2195 3023 1 1 1 0.8
0 131913 2199 3121 1 10 0 0.8
0 164372 2222 3799 1 1 0 0.8
0 179733 2226 4365 1 50 1 0.8
0 160380 2228 4436 1 1 0 0.8
0 131739 2235 2949 1 1 1 0.8
0 76146 2235 1677 1 1 1 0.8
0 64818 2236 1296 1 50 1 0.8
0 89310 2240 2573 1 1 1 0.8
0 164653 2244 4233 1 1 1 0.8
0 105085 2245 2391 1 1 1 0.8
0 153883 2247 4297 1 1 0 0.8
0 177658 2249 3600 1 1 1 0.8
0 76126 2250 2105 1 1 0 0.8
0 127417 2251 2728 1 1 0 0.8
0 137785 2253 3602 1 50 0 0.8
0 106777 2255 2360 1 10 1 0.8
0 80042 2255 1873 1 1 0 0.8
0 108374 2257 2950 1 1 1 0.8
0 81475 2258 1642 1 1 0 0.8
0 67454 2259 1676 1 1 1 0.8
0 78781 2261 2018 1 1 1 0.8
0 132001 2267 3238 1 1 0 0.8
0 68991 2270 1443 1 1 0 0.8
0 117333 2272 3321 1 1 1 0.8
0 102559 2275 2872 1 1 0 0.8
0 97789 2275 2075 1 1 0 0.8
0 69379 2275 1896 1 1 0 0.8
0 85732 2275 2372 1 10 1 0.8
0 69968 2278 1669 1 10 1 0.8
0 87777 2282 2013 1 50 0 0.8
0 160222 2283 3598 1 10 0 0.8
0 165265 2284 3307 1 1 1 0.8
0 141813 2284 3425 1 1 1 0.8
0 62894 2290 1778 1 50 1 0.8
0 173455 2291 4246 1 1 0 0.8
0 79508 2293 2326 1 1 1 0.8
0 131561 2293 3241 1 1 0 0.8
0 176777 2293 4446 1 1 1 0.8
0 177716 2294 3898 1 1 0 0.8
0 86304 2295 1922 1 1 0 0.8
0 147192 2298 3577 1 1 1 0.8
0 85398 2298 1799 1 50 0 0.8
0 79169 2300 1654 1 1 0 0.8
0 79543 2301 1619 1 50 1 0.8
0 153440 2302 3486 1 1 1 0.8
0 168949 2303 3382 1 10 0 0.8
0 102944 2303 2867 1 10 0 0.8
0 97290 2304 2203 1 1 1 0.8
0 136959 2304 3584 1 10 1 0.8
0 81927 2308 1674 1 1 0 0.8
0 170486 2308 3822 1 10 0 0.8
0 89704 2310 1911 1 10 1 0.8
0 175699 2313 4344 1 10 0 0.8
0 145038 2326 3022 1 1 0 0.8
0 158080 2329 3488 1 50 1 0.8
0 147427 2331 3209 1 50 0 0.8
0 108975 2331 2856 1 1 0 0.8
0 153804 2334 4139 1 10 1 0.8
0 173680 2336 4209 1 1 0 0.8
0 98412 2337 1996 1 10 1 0.8
0 104051 2338 2677 1 50 0 0.8
0 178885 2344 4979 1 10 1 0.8
0 158453 2344 3250 1 1 0 0.8
0 121652 2346 3131 1 10 0 0.8
0 106334 2347 3045 1 10 1 0.8
0 82111 2347 2068 1 50 1 0.8
0 161600 2348 4203 1 1 0 0.8
0 171490 2350 4452 1 10 0 0.8
0 80557 2359 2183 1 1 0 0.8
0 153260 2366 4264 1 1 1 0.8
0 162232 2373 3598 1 50 1 0.8
0 114517 2373 2917 1 1 1 0.8
0 112101 2375 2334 1 10 0 0.8
0 102818 2379 2987 1 1 0 0.8
0 164538 2381 4344 1 1 0 0.8
0 101154 2383 2204 1 1 0 0.8
0 131222 2386 3310 1 1 0 0.8
0 62528 2388 1281 1 1 0 0.8
0 169593 2391 3659 1 1 0 0.8
0 114016 2391 2829 1 1 0 0.8
0 161559 2392 4568 1 10 1 0.8
0 93386 2392 2499 1 50 1 0.8
0 164427 2393 3872 1 10 0 0.8
0 152134 2398 3877 1 1 0 0.8
0 160860 2401 4155 1 1 0 0.8
0 98791 2403 2863 1 1 0 0.8
0 107927 2408 2954 1 50 0 0.8
0 142920 2409 4250 1 1 0 0.8
0 95185 2410 2293 1 50 0 0.8
0 175372 2411 3968 1 1 1 0.8
0 123496 2413 2883 1 1 0 0.8
0 98528 2413 2073 1 1 0 0.8
0 171751 2417 4212 1 1 0 0.8
0 83178 2426 2379 1 50 0 0.8
0 113310 2430 2504 1 10 0 0.8
0 114215 2434 3027 1 50 0 0.8
0 62274 2435 1472 1 1 0 0.8
0 167507 2440 3782 1 10 1 0.8
0 104373 2441 2471 1 10 1 0.8
0 174374 2445 4563 1 50 1 0.8
0 167935 2451 4536 1 10 1 0.8
0 175628 2454 3578 1 50 1 0.8
0 121011 2455 2972 1 10 0 0.8
0 140485 2458 3792 1 1 1 0.8
0 166910 2458 4626 1 1 1 0.8
0 75254 2461 2093 1 10 0 0.8
0 175433 2462 4796 1 1 0 0.8
0 66339 2465 1934 1 10 0 0.8
0 64782 2466 1296 1 1 0 0.8
0 173746 2467 3998 1 1 1 0.8
0 125528 2471 2523 1 10 0 0.8
0 78279 2471 1712 1 1 0 0.8
0 134678 2472 2957 1 10 0 0.8
0 106667 2474 2461 1 1 1 0.8
0 62959 2475 1282 1 10 1 0.8
0 175492 2475 4872 1 1 1 0.8
0 94457 2475 2489 1 1 0 0.8
0 164140 2478 4256 1 1 0 0.8
0 100149 2478 2121 1 1 0 0.8
0 114387 2478 2909 1 1 1 0.8
0 70979 2482 1802 1 1 0 0.8
0 126307 2484 2756 1 1 1 0.8
0 159064 2487 3828 1 10 1 0.8
0 66695 2488 1677 1 50 0 0.8
0 85711 2489 2082 1 1 1 0.8
0 178877 2490 3785 1 1 1 0.8
0 133664 2491 3041 1 1 1 0.8
0 90706 2492 2541 1 10 1 0.8
0 79151 2498 1909 1 1 0 0.8
0 167361 2499 4275 1 10 1 0.8
0 150311 2501 4286 1 10 1 0.8
0 150035 2504 3269 1 1 1 0.8
0 164990 2506 4037 1 1 0 0.8
0 89225 2509 2074 1 1 0 0.8
0 110333 2510 2574 1 10 0 0.8
0 125085 2517 3673 1 50 0 0.8
0 148389 2520 3838 1 1 1 0.8
0 151612 2522 3945 1 1 1 0.8
0 89078 2523 2306 1 10 1 0.8
0 103340 2526 2404 1 50 1 0.8
0 154037 2530 3385 1 1 1 0.8
0 68017 2533 1797 1 10 1 0.8
0 167639 2534 4947 1 1 0 0.8
0 144961 2537 3563 1 1 1 0.8
0 82724 2537 1726 1 10 0 0.8
0 157798 2543 4318 1 1 0 0.8
0 122747 2545 3157 1 1 0 0.8
0 154835 2546 3761 1 10 0 0.8
0 148066 2554 3042 1 50 1 0.8
0 137347 2557 4069 1 1 0 0.8
0 162958 2557 4719 1 10 1 0.8
0 104790 2558 2566 1 1 0 0.8
0 101552 2559 2744 1 1 1 0.8
0 92997 2562 2580 1 1 0 0.8
0 152359 2563 3638 1 1 1 0.8
0 97198 2564 2037 1 1 0 0.8
0 151873 2565 3065 1 1 1 0.8
0 74087 2566 2169 1 1 0 0.8
0 107783 2568 2922 1 1 1 0.8
0 166731 2568 3430 1 1 0 0.8
0 63915 2573 1488 1 1 0 0.8
0 110633 2575 2283 1 10 1 0.8
0 151029 2575 3476 1 50 0 0.8
0 66830 2579 1814 1 1 0 0.8
0 68602 2580 1964 1 10 1 0.8
0 104828 2582 2325 1 1 0 0.8
0 127579 2584 3484 1 10 1 0.8
0 109636 2586 2930 1 1 1 0.8
0 95691 2598 2227 1 1 0 0.8
0 173173 2603 5168 1 1 1 0.8
0 110557 2606 2566 1 1 0 0.8
0 124221 2608 3281 1 1 0 0.8
0 127091 2608 3199 1 1 0 0.8
0 146538 2609 3258 1 10 0 0.8
0 73739 2612 2066 1 50 0 0.8
0 175872 2618 4265 1 1 1 0.8
0 135771 2624 3564 1 50 1 0.8
0 154137 2627 3530 1 50 1 0.8
0 75309 2629 1910 1 10 1 0.8
0 135956 2631 3738 1 1 1 0.8
0 62888 2635 1807 1 1 0 0.8
0 131532 2640 2682 1 1 0 0.8
0 138499 2645 2800 1 1 1 0.8
0 127604 2646 3494 1 1 1 0.8
0 170342 2647 3840 1 1 1 0.8
0 110783 2649 2987 1 10 0 0.8
0 74114 2652 1795 1 10 0 0.8
0 143909 2652 2942 1 1 0 0.8
0 70018 2655 1481 1 1 1 0.8
0 114771 2657 3063 1 10 1 0.8
0 147627 2659 2967 1 1 1 0.8
0 133367 2665 3241 1 50 1 0.8
0 83550 2665 2149 1 1 1 0.8
0 178272 2666 4961 1 10 1 0.8
0 60857 2667 1794 1 10 1 0.8
0 165817 2671 3885 1 50 0 0.8
0 108336 2672 2427 1 1 1 0.8
0 164170 2674 4071 1 1 1 0.8
0 66353 2675 1904 1 50 1 0.8
0 101167 2678 2852 1 1 0 0.8
0 75083 2679 1973 1 1 0 0.8
0 171337 2680 3480 1 1 0 0.8
0 176691 2682 4004 1 10 0 0.8
0 89045 2694 2656 1 1 0 0.8
0 133409 2695 3959 1 10 1 0.8
0 124699 2699 2665 1 10 1 0.8
0 133938 2702 2749 1 1 0 0.8
0 159884 2702 3899 1 10 1 0.8
0 120588 2707 3169 1 10 0 0.8
0 146164 2711 3922 1 1 1 0.8
0 137332 2711 3303 1 1 0 0.8
0 130569 2712 3060 1 1 1 0.8
0 80461 2715 1918 1 1 1 0.8
0 100506 2719 2417 1 1 0 0.8
0 92902 2725 2629 1 1 1 0.8
0 123985 2726 3000 1 1 0 0.8
0 121403 2729 3612 1 10 1 0.8
0 134246 2729 3773 1 1 0 0.8
0 96223 2733 2868 1 10 1 0.8
0 141091 2735 3621 1 1 0 0.8
0 69405 2738 1699 1 1 1 0.8
0 101462 2741 2984 1 1 0 0.8
0 147623 2742 3076 1 50 1 0.8
0 176216 2742 4695 1 1 1 0.8
0 65659 2744 1700 1 10 0 0.8
0 134958 2747 2888 1 10 1 0.8
0 77025 2752 2198 1 1 0 0.8
0 126167 2755 2679 1 1 0 0.8
0 131243 2764 3720 1 1 1 0.8
0 99585 2768 2555 1 50 1 0.8
0 133689 2768 3359 1 1 1 0.8
0 112411 2773 2790 1 1 0 0.8
0 178081 2774 4542 1 50 0 0.8
0 88139 2775 2062 1 10 1 0.8
0 98018 2775 2900 1 1 1 0.8
0 123053 2777 2514 1 10 0 0.8
0 119466 2782 3137 1 50 0 0.8
0 62268 2783 1677 1 50 0 0.8
0 76091 2786 1767 1 1 1 0.8
0 154781 2797 3224 1 10 1 0.8
0 101411 2799 2195 1 1 0 0.8
0 134620 2806 3015 1 1 0 0.8
0 145912 2810 4003 1 10 0 0.8
0 110375 2816 2540 1 50 1 0.8
0 158464 2830 3978 1 1 1 0.8
0 167036 2831 4900 1 1 1 0.8
0 167229 2833 3811 1 1 1 0.8
0 103227 2835 2370 1 1 0 0.8
0 174679 2840 3661 1 1 1 0.8
0 68864 2840 1934 1 1 1 0.8
0 172757 2842 4017 1 1 1 0.8
0 84436 2847 2130 1 10 1 0.8
0 85449 2849 1885 1 1 0 0.8
0 158294 2852 4330 1 1 0 0.8
0 166824 2854 3624 1 1 0 0.8
0 175645 2855 3853 1 1 1 0.8
0 86863 2859 1916 1 1 0 0.8
0 161459 2867 4242 1 1 1 0.8
0 72516 2871 1756 1 10 1 0.8
0 137274 2877 4079 1 1 1 0.8
0 132996 2878 3697 1 50 0 0.8
0 148319 2879 3505 1 10 0 0.8
0 81437 2881 1797 1 1 1 0.8
0 112134 2889 2861 1 10 1 0.8
0 141087 2890 4183 1 10 0 0.8
0 84294 2892 1873 1 10 1 0.8
0 163043 2897 4401 1 10 1 0.8
0 155277 2906 3648 1 1 0 0.8
0 65579 2911 1329 1 1 0 0.8
0 140259 2912 3063 1 1 0 0.8
0 78884 2914 1741 1 10 0 0.8
0 76270 2920 2196 1 1 0 0.8
0 126142 2920 3350 1 10 0 0.8
0 88021 2921 2094 1 1 0 0.8
0 125768 2922 3390 1 10 1 0.8
0 171361 2923 5047 1 10 1 0.8
0 157801 2931 3870 1 1 0 0.8
0 142713 2931 2964 1 10 1 0.8
0 93722 2932 2142 1 1 0 0.8
0 102603 2935 2230 1 1 1 0.8
0 78218 2936 2115 1 10 1 0.8
0 123703 2937 3652 1 1 0 0.8
0 86943 2937 2022 1 50 0 0.8
0 89152 2942 1979 1 1 0 0.8
0 82619 2947 1769 1 1 0 0.8
0 104188 2947 2708 1 10 1 0.8
0 120006 2955 3562 1 10 1 0.8
0 102454 2955 2286 1 1 1 0.8
0 79075 2958 2081 1 10 0 0.8
0 128649 2958 2837 1 50 1 0.8
0 167713 2958 4915 1 1 1 0.8
0 79125 2959 2127 1 10 1 0.8
0 128708 2961 3452 1 1 0 0.8
0 177503 2964 4461 1 1 0 0.8
0 77208 2968 1565 1 50 0 0.8
0 155246 2974 3962 1 1 1 0.8
0 139935 2976 3879 1 1 0 0.8
0 62751 2982 1416 1 1 1 0.8
0 64522 2986 1601 1 1 0 0.8
0 155131 2989 3978 1 10 1 0.8
0 62162 2996 1554 1 1 0 0.8
0 77492 2996 2044 1 10 0 0.8
0 76670 3001 1635 1 10 1 0.8
0 70353 3005 1762 1 50 1 0.8
0 95938 3008 2843 1 1 0 0.8
0 176801 3011 3718 1 1 1 0.8
0 60854 3015 1523 1 10 1 0.8
0 143763 3019 4159 1 10 1 0.8
0 143906 3019 4058 1 10 1 0.8
0 148822 3019 3598 1 1 0 0.8
0 111595 3020 2622 1 50 0 0.8
0 68984 3020 1935 1 1 1 0.8
0 140205 3026 4050 1 10 0 0.8
0 139365 3026 3247 1 1 0 0.8
0 111179 3027 2605 1 10 1 0.8
0 103559 3028 2944 1 10 1 0.8
0 123655 3029 2644 1 1 0 0.8
0 110705 3033 2575 1 1 1 0.8
0 178246 3034 5185 1 50 0 0.8
0 89218 3036 2594 1 10 1 0.8
0 167808 3044 4806 1 1 1 0.8
0 129320 3051 2781 1 10 1 0.8
0 108098 3051 3061 1 10 1 0.8
0 119262 3054 3339 1 1 1 0.8
0 167424 3058 4493 1 10 0 0.8
0 106480 3062 3132 1 10 0 0.8
0 151299 3067 3932 1 1 0 0.8
0 151621 3069 3346 1 1 1 0.8
0 145097 3072 3286 1 10 0 0.8
0 153557 3073 3368 1 10 0 0.8
0 99567 3075 2404 1 1 0 0.8
0 106251 3087 2376 1 10 0 0.8
0 145954 3089 3259 1 1 1 0.8
0 139754 3091 3617 1 1 0 0.8
0 176412 3092 4130 1 1 1 0.8
0 86258 3094 2437 1 50 1 0.8
0 94579 3095 2415 1 50 1 0.8
0 165950 3100 3454 1 10 1 0.8
0 164013 3101 3786 1 10 1 0.8
0 64899 3103 1398 1 1 1 0.8
0 173269 3107 3576 1 1 1 0.8
0 94763 3108 2315 1 1 0 0.8
0 88675 3109 2074 1 1 1 0.8
0 87523 3114 2539 1 1 1 0.8
0 161294 3120 3485 1 10 0 0.8
0 80815 3120 2412 1 1 1 0.8
0 70492 3120 1487 1 10 1 0.8
0 81341 3122 1860 1 1 0 0.8
0 96744 3126 2792 1 1 0 0.8
0 165553 3128 4030 1 1 0 0.8
0 134731 3129 2696 1 1 1 0.8
0 90568 3129 2200 1 10 1 0.8
0 98182 3129 2133 1 50 0 0.8
0 148972 3132 3528 1 1 0 0.8
0 137755 3133 3699 1 50 0 0.8
0 176539 3138 4704 1 50 0 0.8
0 108442 3139 2234 1 10 0 0.8
0 135782 3139 3804 1 1 1 0.8
0 114805 3140 2429 1 1 1 0.8
0 106754 3144 2820 1 1 0 0.8
0 114532 3144 3189 1 50 1 0.8
0 68248 3146 1844 1 50 0 0.8
0 126748 3146 3599 1 10 1 0.8
0 64696 3152 1909 1 1 1 0.8
0 91173 3152 2482 1 10 1 0.8
0 122033 3152 2910 1 1 0 0.8
0 112537 3153 3218 1 1 0 0.8
0 146290 3154 2945 1 1 1 0.8
0 70054 3155 1861 1 1 0 0.8
0 136492 3156 3591 1 50 1 0.8
0 160314 3157 3348 1 1 0 0.8
0 62360 3160 1759 1 10 0 0.8
0 169872 3160 5085 1 1 0 0.8
0 84741 3162 2434 1 50 1 0.8
0 102873 3162 2630 1 10 1 0.8
0 63233 3164 1672 1 10 1 0.8
0 116272 3167 2433 1 1 0 0.8
0 89377 3172 2184 1 10 0 0.8
0 88648 3172 2204 1 10 0 0.8
0 74032 3173 1665 1 1 1 0.8
0 131142 3179 3644 1 1 0 0.8
0 166159 3187 4091 1 1 0 0.8
0 162619 3190 3920 1 10 1 0.8
0 96643 3191 2386 1 1 0 0.8
0 106341 3191 2385 1 1 0 0.8
0 68938 3192 1678 1 1 1 0.8
0 149321 3192 3785 1 1 0 0.8
0 74635 3195 2034 1 10 0 0.8
0 152531 3201 3706 1 1 1 0.8
0 62479 3210 1645 1 10 1 0.8
0 175811 3214 4825 1 1 0 0.8
0 159508 3216 4662 1 1 1 0.8
0 102605 3221 2898 1 1 1 0.8
0 65800 3224 1639 1 1 0 0.8
0 175261 3224 3777 1 1 1 0.8
0 143570 3227 3740 1 1 1 0.8
0 77845 3228 2249 1 10 1 0.8
0 88572 3229 2427 1 1 1 0.8
0 88379 3230 1811 1 50 1 0.8
0 102443 3231 2841 1 1 1 0.8
0 145188 3231 3595 1 1 1 0.8
0 179783 3236 3752 1 1 1 0.8
0 151253 3240 3266 1 1 1 0.8
0 73432 3241 1614 1 10 1 0.8
0 128953 3241 2983 1 1 1 0.8
0 145923 3243 3345 1 10 0 0.8
0 153066 3246 3499 1 10 0 0.8
0 67213 3248 1528 1 1 0 0.8
0 167845 3248 3450 1 1 1 0.8
0 91650 3251 2438 1 1 1 0.8
0 80568 3260 2102 1 1 1 0.8
0 164087 3261 4841 1 10 1 0.8
0 160551 3265 4527 1 1 1 0.8
0 149402 3266 4023 1 1 0 0.8
0 74148 3266 1514 1 1 0 0.8
0 146855 3268 3075 1 50 1 0.8
0 109754 3268 2410 1 1 0 0.8
0 175059 3270 4227 1 1 1 0.8
0 105591 3270 2844 1 1 0 0.8
0 154146 3271 3820 1 1 0 0.8
0 82340 3274 2302 1 10 0 0.8
0 63739 3279 1314 1 10 1 0.8
0 130893 3284 3121 1 1 1 0.8
0 140187 3285 4054 1 10 1 0.8
0 163277 3285 3413 1 1 1 0.8
0 71269 3287 1740 1 50 0 0.8
0 102899 3294 2404 1 1 1 0.8
0 148696 3295 3847 1 1 1 0.8
0 119464 3296 3276 1 1 0 0.8
0 141365 3298 3829 1 10 0 0.8
0 96680 3299 2417 1 1 1 0.8
0 61365 3300 1245 1 50 0 0.8
0 73351 3302 2024 1 1 1 0.8
0 145997 3302 3812 1 1 1 0.8
0 166847 3302 4140 1 10 0 0.8
0 140453 3308 3455 1 1 0 0.8
0 150420 3311 4346 1 1 0 0.8
0 137725 3312 3183 1 1 1 0.8
0 132405 3316 3175 1 50 0 0.8
0 112125 3318 2730 1 1 1 0.8
0 176895 3319 4997 1 1 0 0.8
0 104777 3320 2600 1 1 0 0.8
0 120073 3320 3086 1 10 0 0.8
0 75130 3322 1679 1 1 0 0.8
0 63971 3322 1816 1 1 0 0.8
0 179981 3338 4860 1 1 1 0.8
0 176082 3339 5089 1 10 1 0.8
0 112290 3340 3205 1 1 1 0.8
0 161601 3344 3858 1 1 0 0.8
0 80683 3346 2128 1 1 0 0.8
0 66744 3351 1673 1 10 1 0.8
0 83684 3353 2275 1 10 0 0.8
0 98272 3355 2135 1 1 0 0.8
0 66501 3355 1516 1 1 1 0.8
0 99490 3356 2854 1 50 1 0.8
0 110556 3361 2848 1 1 1 0.8
0 165010 3361 4701 1 1 1 0.8
0 100286 3361 2338 1 1 1 0.8
0 159321 3366 3473 1 1 1 0.8
0 151324 3368 4260 1 1 0 0.8
0 94280 3368 2709 1 1 0 0.8
0 160991 3370 3960 1 1 1 0.8
0 115004 3370 3157 1 1 0 0.8
0 100613 3374 2180 1 1 0 0.8
0 126552 3376 3777 1 1 1 0.8
0 110704 3377 2425 1 1 0 0.8
0 149754 3383 4084 1 10 1 0.8
0 172485 3385 4171 1 1 1 0.8
0 170313 3389 4004 1 1 1 0.8
0 122277 3392 2591 1 1 1 0.8
0 167441 3393 4963 1 50 0 0.8
0 68930 3393 1659 1 1 1 0.8
0 88428 3397 2120 1 1 1 0.8
0 155862 3398 4495 1 10 0 0.8
0 117633 3399 2709 1 1 0 0.8
0 118432 3400 3026 1 1 1 0.8
0 113402 3405 2626 1 1 0 0.8
0 164445 3405 4164 1 1 1 0.8
0 78989 3406 1761 1 1 1 0.8
0 165827 3408 4407 1 1 1 0.8
0 105796 3409 2232 1 10 0 0.8
0 84167 3410 2479 1 1 0 0.8
0 82624 3411 2230 1 10 1 0.8
0 167902 3412 3835 1 1 0 0.8
0 142700 3416 3616 1 1 0 0.8
0 136634 3419 3719 1 1 1 0.8
0 179527 3419 5331 1 1 0 0.8
0 149335 3421 3251 1 1 1 0.8
0 63221 3421 1615 1 1 0 0.8
0 85198 3427 2255 1 1 0 0.8
0 143900 3429 3088 1 1 1 0.8
0 142378 3432 3353 1 1 1 0.8
0 78617 3434 2311 1 1 1 0.8
0 163247 3435 4211 1 10 1 0.8
0 106423 3436 2283 1 1 1 0.8
0 161523 3436 4222 1 1 1 0.8
0 140394 3436 3793 1 10 0 0.8
0 119831 3438 2924 1 10 0 0.8
0 165521 3442 3730 1 1 1 0.8
0 109446 3445 2255 1 1 1 0.8
0 100850 3447 2190 1 10 1 0.8
0 145309 3451 3017 1 1 1 0.8
0 107941 3452 2607 1 1 1 0.8
0 66251 3454 1781 1 1 1 0.8
0 89888 3456 2520 1 10 0 0.8
0 80131 3458 1876 1 10 1 0.8
0 102381 3460 2603 1 1 0 0.8
0 127095 3466 2948 1 1 1 0.8
0 85136 3466 2108 1 1 1 0.8
0 68136 3468 1993 1 1 0 0.8
0 177410 3468 3863 1 1 0 0.8
0 144190 3470 4096 1 1 1 0.8
0 153933 3470 4262 1 10 0 0.8
0 125660 3471 2900 1 10 0 0.8
0 150053 3475 4092 1 50 1 0.8
0 154980 3480 3484 1 1 0 0.8
0 179222 3483 5199 1 1 1 0.8
0 93581 3484 2803 1 1 0 0.8
0 90165 3485 2277 1 1 0 0.8
0 81896 3486 1694 1 1 0 0.8
0 77180 3487 2149 1 10 0 0.8
0 136584 3493 2898 1 10 0 0.8
0 93439 3494 2046 1 1 0 0.8
0 173474 3495 4844 1 1 0 0.8
0 87765 3495 2207 1 50 0 0.8
0 170801 3497 4449 1 10 1 0.8
0 62432 3500 1560 1 10 1 0.8
0 116395 3502 3297 1 10 1 0.8
0 100569 3503 2045 1 1 1 0.8
0 142391 3504 3956 1 10 1 0.8
0 120760 3505 2736 1 1 1 0.8
0 63232 3506 1433 1 10 0 0.8
0 178270 3510 3986 1 10 0 0.8
0 125866 3512 2559 1 10 0 0.8
0 115877 3519 3187 1 50 1 0.8
0 112902 3524 3248 1 1 1 0.8
0 114457 3528 2289 1 1 1 0.8
0 109593 3531 2426 1 10 1 0.8
0 73570 3534 1842 1 50 0 0.8
0 68609 3535 1612 1 10 0 0.8
0 119186 3537 2994 1 1 0 0.8
0 86911 3540 2470 1 10 1 0.8
0 108707 3540 3223 1 10 1 0.8
0 157803 3542 4431 1 10 1 0.8
0 104652 3546 2172 1 1 0 0.8
0 115921 3548 3357 1 1 0 0.8
0 123516 3550 2491 1 1 1 0.8
0 62330 3552 1550 1 10 0 0.8
0 115844 3562 2655 1 1 1 0.8
0 63342 3570 1399 1 1 1 0.8
0 111396 3572 3183 1 1 0 0.8
0 91779 3573 2160 1 10 0 0.8
0 100222 3573 2541 1 10 0 0.8
0 87988 3574 2549 1 1 0 0.8
0 98618 3579 2901 1 50 0 0.8
0 79000 3582 1854 1 1 0 0.8
0 158342 3584 4679 1 1 0 0.8
0 179820 3590 4867 1 10 0 0.8
0 153051 3592 4292 1 10 1 0.8
0 129455 3593 3677 1 1 1 0.8
0 123864 3597 3365 1 50 1 0.8
0 159219 3598 3490 1 1 0 0.8
0 175855 3598 3616 1 1 0 0.8
