1500
1 157551 5 3452 1 1 1 0.8
1 75534 7 2188 1 1 1 0.8
1 98048 9 2677 1 1 0 0.8
1 177275 17 3988 1 1 0 0.8
1 84793 18 2472 1 10 1 0.8
1 65584 20 1391 1 1 1 0.8
1 161439 26 4826 1 50 0 0.8
1 122947 27 3367 1 50 0 0.8
1 69568 28 2033 1 10 0 0.8
1 156769 30 3632 1 1 0 0.8
1 91396 32 1916 1 10 1 0.8
1 139349 36 3969 1 10 0 0.8
1 87171 37 2059 1 1 1 0.8
1 98115 39 2048 1 1 0 0.8
1 124163 41 2958 1 1 1 0.8
1 147295 41 3909 1 1 0 0.8
1 170361 42 4593 1 10 0 0.8
1 128162 43 3739 1 1 0 0.8
1 104441 49 2718 1 10 0 0.8
1 90286 50 2354 1 1 1 0.8
1 130097 52 3816 1 10 1 0.8
1 103413 56 2296 1 1 0 0.8
1 110419 60 2718 1 10 1 0.8
1 175426 61 4336 1 50 0 0.8
1 174819 62 4700 1 1 1 0.8
1 137651 64 3159 1 10 0 0.8
1 161866 77 3867 1 1 1 0.8
1 157071 78 4623 1 1 1 0.8
1 124366 81 2543 1 1 0 0.8
1 81689 87 2299 1 10 0 0.8
1 68017 89 1936 1 10 1 0.8
1 77094 93 2205 1 1 0 0.8
1 117200 95 3123 1 10 1 0.8
1 172483 101 4417 1 1 1 0.8
1 154718 105 4401 1 10 1 0.8
1 83489 109 1713 1 1 1 0.8
1 108032 111 3113 1 1 1 0.8
1 90274 115 2605 1 10 1 0.8
1 87605 119 2003 1 1 0 0.8
1 150938 120 3652 1 50 0 0.8
1 70361 120 1689 1 1 0 0.8
1 81058 124 2302 1 1 1 0.8
1 71880 126 1513 1 1 0 0.8
1 119293 128 3064 1 10 0 0.8
1 164730 129 4724 1 1 0 0.8
1 72440 130 2046 1 10 0 0.8
1 138130 131 3079 1 1 1 0.8
1 109459 135 2977 1 10 0 0.8
1 179088 138 3853 1 10 0 0.8
1 179980 145 4340 1 10 1 0.8
1 144298 145 3325 1 1 1 0.8
1 125809 146 2539 1 1 0 0.8
1 167569 149 4607 1 50 1 0.8
1 108012 150 2903 1 10 0 0.8
1 83432 151 2501 1 1 0 0.8
1 123391 151 3620 1 1 1 0.8
1 176568 153 5078 1 10 1 0.8
1 102279 153 2118 1 1 1 0.8
1 114174 154 3228 1 10 0 0.8
1 138032 157 3855 1 1 0 0.8
1 154740 157 3655 1 1 0 0.8
1 137226 158 3423 1 1 1 0.8
1 155617 167 3483 1 1 0 0.8
1 85566 171 1917 1 10 0 0.8
1 73525 178 1609 1 1 1 0.8
1 115743 180 2795 1 1 1 0.8
1 126050 181 3379 1 1 1 0.8
1 66897 185 1729 1 1 1 0.8
1 92545 187 2316 1 1 1 0.8
1 87847 188 2389 1 10 0 0.8
1 173082 201 4008 1 1 1 0.8
1 104870 204 2806 1 10 0 0.8
1 94808 211 2571 1 1 0 0.8
1 152468 213 3082 1 10 0 0.8
1 87576 219 2073 1 1 1 0.8
1 75758 221 1964 1 10 0 0.8
1 91918 224 2553 1 1 1 0.8
1 71878 227 1789 1 1 1 0.8
1 124098 228 3691 1 10 0 0.8
1 171594 232 3772 1 10 1 0.8
1 72986 232 1858 1 10 0 0.8
1 152642 232 3316 1 1 0 0.8
1 88042 238 2571 1 1 1 0.8
1 168608 241 4447 1 1 0 0.8
1 101864 242 2787 1 1 1 0.8
1 155497 242 4345 1 10 0 0.8
1 157187 250 4231 1 1 1 0.8
1 147895 255 4049 1 50 1 0.8
1 78359 261 2170 1 10 0 0.8
1 135444 262 2956 1 1 0 0.8
1 81147 262 2083 1 50 0 0.8
1 164950 262 3943 1 10 0 0.8
1 105907 264 2976 1 10 1 0.8
1 81698 266 2027 1 10 0 0.8
1 60740 268 1416 1 10 1 0.8
1 163764 269 4693 1 50 0 0.8
1 74840 274 1739 1 10 0 0.8
1 70028 274 1983 1 50 0 0.8
1 151167 276 3340 1 1 0 0.8
1 89633 277 2598 1 50 1 0.8
1 150861 281 3594 1 1 1 0.8
1 162005 283 4803 1 1 0 0.8
1 96626 288 2513 1 1 1 0.8
1 119880 295 2708 1 1 0 0.8
1 101461 297 2364 1 10 1 0.8
1 65036 298 1700 1 1 1 0.8
1 174730 299 4933 1 10 1 0.8
1 110806 299 2579 1 1 1 0.8
1 103683 302 2853 1 10 1 0.8
1 160375 302 3944 1 50 1 0.8
1 154405 306 4558 1 1 0 0.8
1 73095 307 1748 1 1 0 0.8
1 91422 311 1851 1 50 1 0.8
1 119304 313 2726 1 1 0 0.8
1 62884 313 1352 1 10 1 0.8
1 151261 316 3800 1 1 1 0.8
1 96237 320 2703 1 1 0 0.8
1 77272 332 2012 1 10 0 0.8
1 115596 333 2971 1 1 1 0.8
1 90340 336 1994 1 1 0 0.8
1 98139 338 2135 1 10 0 0.8
1 122849 340 3624 1 1 0 0.8
1 125800 344 3498 1 10 0 0.8
1 137441 349 3487 1 10 1 0.8
1 170526 350 4272 1 1 1 0.8
1 114729 350 2562 1 1 0 0.8
1 122953 351 2466 1 1 0 0.8
1 67440 351 1868 1 1 1 0.8
1 116673 352 2614 1 1 1 0.8
1 138202 353 3779 1 1 1 0.8
1 144325 356 3686 1 1 1 0.8
1 177638 360 5319 1 1 0 0.8
1 100376 361 2593 1 1 0 0.8
1 76319 367 1867 1 1 1 0.8
1 76125 367 1558 1 1 0 0.8
1 104549 367 2896 1 10 0 0.8
1 71433 376 1651 1 50 1 0.8
1 152560 377 3620 1 1 1 0.8
1 129707 379 3499 1 1 0 0.8
1 61531 380 1583 1 1 1 0.8
1 94371 382 1993 1 50 0 0.8
1 107792 383 2230 1 1 0 0.8
1 159709 384 3280 1 1 1 0.8
1 172765 386 4141 1 1 0 0.8
1 68512 393 1539 1 1 1 0.8
1 152512 395 3541 1 1 0 0.8
1 137987 398 2838 1 1 1 0.8
1 123181 398 2993 1 10 0 0.8
1 124290 399 3377 1 1 1 0.8
1 133205 402 2955 1 10 1 0.8
1 168292 405 4820 1 1 1 0.8
1 164866 405 4715 1 50 1 0.8
1 154086 407 3718 1 1 1 0.8
1 133316 408 3736 1 10 1 0.8
1 103229 408 2973 1 1 0 0.8
1 89890 411 2286 1 10 1 0.8
1 84247 416 1735 1 10 1 0.8
1 156153 419 3787 1 10 1 0.8
1 151980 424 4324 1 1 1 0.8
1 157196 427 3839 1 50 1 0.8
1 163723 429 4445 1 1 0 0.8
1 120791 431 3070 1 1 0 0.8
1 73467 438 1667 1 1 0 0.8
1 160083 438 4331 1 10 1 0.8
1 103534 438 2140 1 1 0 0.8
1 100738 440 2682 1 1 1 0.8
1 113066 444 2524 1 1 1 0.8
1 127067 450 2876 1 1 0 0.8
1 63387 452 1621 1 1 1 0.8
1 113205 453 3048 1 50 0 0.8
1 132300 455 3163 1 1 0 0.8
1 109597 458 2352 1 1 1 0.8
1 175725 458 4402 1 50 0 0.8
1 111827 460 2466 1 1 0 0.8
1 143291 460 3731 1 10 1 0.8
1 68833 461 1892 1 1 1 0.8
1 98283 463 2706 1 1 0 0.8
1 115146 466 3273 1 10 1 0.8
1 171722 479 4624 1 1 1 0.8
1 146608 480 3289 1 10 0 0.8
1 105738 482 2473 1 10 0 0.8
1 135607 483 2878 1 1 1 0.8
1 167748 483 4471 1 1 1 0.8
1 165751 487 3572 1 10 1 0.8
1 141630 489 3887 1 1 0 0.8
1 79386 495 2113 1 1 1 0.8
1 174508 497 4122 1 1 0 0.8
1 177915 498 4220 1 10 1 0.8
1 120406 501 2552 1 1 1 0.8
1 100776 501 2520 1 50 0 0.8
1 66244 502 1480 1 10 1 0.8
1 67161 503 1736 1 10 1 0.8
1 178792 505 3625 1 10 1 0.8
1 168661 505 3768 1 1 1 0.8
1 66365 507 1688 1 10 1 0.8
1 135859 507 3184 1 1 1 0.8
1 150692 508 3055 1 1 1 0.8
1 78836 510 1659 1 1 0 0.8
1 134121 510 3505 1 10 1 0.8
1 113586 512 2600 1 10 1 0.8
1 90229 513 2236 1 1 0 0.8
1 133060 514 2809 1 1 0 0.8
1 123104 515 2494 1 10 0 0.8
1 94797 517 2227 1 1 1 0.8
1 144610 517 3792 1 10 1 0.8
1 161641 520 4831 1 10 0 0.8
1 146375 522 3190 1 10 0 0.8
1 148677 528 3283 1 1 0 0.8
1 146912 534 3381 1 1 0 0.8
1 148648 541 4309 1 1 0 0.8
1 172403 545 3771 1 1 1 0.8
1 163614 545 3977 1 1 1 0.8
1 160740 546 4092 1 1 0 0.8
1 166100 547 3439 1 1 0 0.8
1 176639 548 4820 1 1 0 0.8
1 96366 556 2375 1 10 0 0.8
1 171137 564 4547 1 10 0 0.8
1 171214 568 4576 1 10 1 0.8
1 119735 568 2775 1 1 0 0.8
1 99452 568 2677 1 10 1 0.8
1 166062 570 3626 1 1 1 0.8
1 63952 570 1700 1 1 0 0.8
1 63347 571 1820 1 50 0 0.8
1 110005 571 2643 1 1 1 0.8
1 99076 574 2701 1 1 1 0.8
1 161522 576 4154 1 1 0 0.8
1 159179 576 4362 1 10 0 0.8
1 78827 576 1962 1 1 0 0.8
1 92404 584 2154 1 50 1 0.8
1 146114 588 3959 1 1 1 0.8
1 135719 592 3768 1 1 0 0.8
1 119464 593 3130 1 1 1 0.8
1 96423 598 2383 1 10 1 0.8
1 155217 603 4403 1 10 0 0.8
1 142134 605 4098 1 1 1 0.8
1 146611 612 4136 1 1 0 0.8
1 70693 613 1724 1 1 0 0.8
1 88055 615 2319 1 1 0 0.8
1 78736 619 2306 1 1 1 0.8
1 172063 619 4478 1 1 1 0.8
1 144406 621 2973 1 1 1 0.8
1 179980 622 3814 1 10 0 0.8
1 151473 623 3833 1 1 1 0.8
1 116968 626 3165 1 1 0 0.8
1 96365 627 2260 1 1 0 0.8
1 125336 627 2557 1 1 0 0.8
1 163420 627 3358 1 10 1 0.8
1 99871 627 2810 1 1 0 0.8
1 134801 628 3444 1 1 1 0.8
1 147857 635 3107 1 1 1 0.8
1 80743 637 1704 1 1 0 0.8
1 142127 637 4146 1 10 1 0.8
1 100475 641 2283 1 1 0 0.8
1 158101 646 4713 1 1 0 0.8
1 93121 647 1954 1 1 1 0.8
1 126844 650 2572 1 1 0 0.8
1 149133 654 3472 1 1 0 0.8
1 153664 658 3333 1 10 0 0.8
1 81073 659 2041 1 10 0 0.8
1 64705 661 1641 1 1 0 0.8
1 68585 663 1735 1 10 0 0.8
1 67714 665 1919 1 1 1 0.8
1 104620 666 3014 1 10 1 0.8
1 144290 671 3229 1 10 1 0.8
1 61917 672 1514 1 50 0 0.8
1 70554 672 1967 1 1 1 0.8
1 120357 680 3438 1 10 1 0.8
1 171743 685 3714 1 50 0 0.8
1 73468 687 2024 1 1 1 0.8
1 76963 687 1946 1 1 1 0.8
1 109751 687 3171 1 1 1 0.8
1 81997 687 2087 1 1 0 0.8
1 161629 687 4682 1 10 1 0.8
1 151604 688 4262 1 10 1 0.8
1 161045 689 4040 1 10 1 0.8
1 141987 691 3953 1 1 0 0.8
1 97857 691 2587 1 10 0 0.8
1 80799 693 1949 1 1 0 0.8
1 150499 700 3150 1 1 0 0.8
1 142608 701 3602 1 1 1 0.8
1 138441 706 4105 1 1 0 0.8
1 113445 709 3133 1 1 1 0.8
1 161804 711 4352 1 50 0 0.8
1 81712 712 2384 1 50 1 0.8
1 82460 713 2225 1 1 1 0.8
1 66925 713 1569 1 1 0 0.8
1 114263 713 2622 1 10 1 0.8
1 166588 719 4933 1 1 1 0.8
1 102285 720 2333 1 1 1 0.8
1 122856 721 2733 1 1 0 0.8
1 178915 721 4261 1 1 1 0.8
1 97685 722 2129 1 1 0 0.8
1 123337 723 3087 1 10 1 0.8
1 153632 724 4176 1 1 0 0.8
1 100280 726 2395 1 1 0 0.8
1 178615 728 4867 1 1 1 0.8
1 161894 729 3313 1 1 0 0.8
1 111877 730 2315 1 1 0 0.8
1 136775 733 3355 1 50 0 0.8
1 154177 734 3159 1 1 1 0.8
1 104627 734 2710 1 10 0 0.8
1 155732 736 3700 1 10 0 0.8
1 87757 737 2089 1 1 0 0.8
1 129810 738 2939 1 10 1 0.8
1 113840 745 2377 1 10 0 0.8
1 117328 745 2563 1 1 1 0.8
1 112126 750 3073 1 10 0 0.8
1 88515 751 1885 1 1 0 0.8
1 115047 752 3258 1 1 0 0.8
1 155050 754 3750 1 1 1 0.8
1 101589 758 2453 1 1 1 0.8
1 135085 759 3623 1 1 0 0.8
1 118602 759 2409 1 1 1 0.8
1 90481 763 2390 1 1 1 0.8
1 70342 768 1633 1 1 0 0.8
1 154519 769 4026 1 1 0 0.8
1 107903 770 2743 1 1 0 0.8
1 163077 771 4224 1 10 1 0.8
1 96363 776 2064 1 10 1 0.8
1 90668 777 1844 1 1 1 0.8
1 85509 781 1869 1 10 1 0.8
1 151239 782 4022 1 1 1 0.8
1 167135 787 3352 1 10 0 0.8
1 125183 787 2621 1 10 0 0.8
1 109681 788 3150 1 1 1 0.8
1 143076 789 3808 1 50 0 0.8
1 144759 792 4180 1 10 0 0.8
1 134366 793 3687 1 1 1 0.8
1 170903 794 4714 1 1 1 0.8
1 142946 797 3316 1 1 1 0.8
1 126047 798 3216 1 10 1 0.8
1 115331 799 3446 1 50 1 0.8
1 146417 801 3726 1 10 0 0.8
1 63268 801 1781 1 50 1 0.8
1 126699 805 2805 1 1 0 0.8
1 94309 809 2718 1 10 0 0.8
1 115314 813 3255 1 10 1 0.8
1 157393 816 4154 1 1 1 0.8
1 62751 821 1791 1 1 0 0.8
1 143683 823 3169 1 50 0 0.8
1 136771 824 2923 1 10 0 0.8
1 130577 827 3755 1 10 0 0.8
1 76188 830 2195 1 1 1 0.8
1 128541 836 3677 1 1 0 0.8
1 79706 837 1767 1 1 1 0.8
1 119815 837 3548 1 10 1 0.8
1 68296 839 1748 1 10 0 0.8
1 169510 839 3797 1 50 0 0.8
1 79891 840 1900 1 50 0 0.8
1 142025 840 2982 1 1 0 0.8
1 87836 841 1763 1 1 1 0.8
1 151657 842 3690 1 10 0 0.8
1 65861 843 1588 1 1 0 0.8
1 178282 843 4646 1 1 0 0.8
1 68318 847 1380 1 1 1 0.8
1 62665 849 1390 1 10 1 0.8
1 135379 849 3096 1 1 0 0.8
1 162902 849 3394 1 1 1 0.8
1 82379 850 2279 1 1 0 0.8
1 171200 851 4839 1 1 0 0.8
1 108798 853 2480 1 10 0 0.8
1 108538 857 2585 1 1 0 0.8
1 95021 860 2422 1 1 1 0.8
1 143442 864 3030 1 1 0 0.8
1 103988 866 2809 1 1 0 0.8
1 92310 871 2526 1 10 1 0.8
1 141479 871 3337 1 1 1 0.8
1 169273 874 3608 1 1 0 0.8
1 72769 876 1574 1 1 0 0.8
1 92904 877 1957 1 1 1 0.8
1 175729 880 3921 1 10 1 0.8
1 65568 881 1520 1 1 1 0.8
1 117600 884 3494 1 50 1 0.8
1 99060 884 2471 1 10 0 0.8
1 77146 891 2103 1 1 0 0.8
1 67416 892 1679 1 10 0 0.8
1 98313 894 2326 1 10 0 0.8
1 90432 894 2200 1 10 1 0.8
1 104161 900 2203 1 1 1 0.8
1 143105 902 4162 1 10 1 0.8
1 91327 904 2621 1 1 1 0.8
1 77380 905 2317 1 1 0 0.8
1 78271 906 2188 1 10 0 0.8
1 74584 908 1906 1 1 0 0.8
1 131803 911 3258 1 10 0 0.8
1 168000 912 4532 1 1 1 0.8
1 162028 912 4173 1 10 0 0.8
1 74135 914 1886 1 10 0 0.8
1 74332 916 1651 1 1 0 0.8
1 139083 923 3684 1 1 1 0.8
1 179893 923 3879 1 1 1 0.8
1 106670 924 2502 1 1 1 0.8
1 170497 926 3905 1 1 0 0.8
1 122246 926 2722 1 50 1 0.8
1 103604 928 3003 1 1 0 0.8
1 109222 930 3080 1 10 0 0.8
1 134526 933 3739 1 50 1 0.8
1 122656 933 3013 1 1 0 0.8
1 159036 935 3245 1 1 0 0.8
1 107182 935 2321 1 1 1 0.8
1 149182 938 3671 1 1 1 0.8
1 157040 939 3306 1 1 0 0.8
1 94712 940 2839 1 1 1 0.8
1 164116 943 4479 1 1 0 0.8
1 76894 943 2259 1 1 1 0.8
1 172765 948 4937 1 1 0 0.8
1 117178 948 2385 1 1 0 0.8
1 139293 949 3772 1 1 0 0.8
1 114699 955 2536 1 10 0 0.8
1 125004 958 3450 1 1 0 0.8
1 132145 959 3133 1 10 0 0.8
1 134052 961 2799 1 1 1 0.8
1 116175 962 3288 1 1 0 0.8
1 65669 965 1765 1 10 0 0.8
1 123880 973 2526 1 10 0 0.8
1 121832 973 3335 1 1 1 0.8
1 85416 981 2033 1 10 0 0.8
1 65777 988 1517 1 1 1 0.8
1 68975 989 1732 1 50 1 0.8
1 128872 993 3539 1 1 1 0.8
1 84247 994 2480 1 1 0 0.8
1 78802 999 1830 1 1 1 0.8
1 98211 1000 2786 1 1 1 0.8
1 65804 1002 1883 1 1 1 0.8
1 111654 1007 2564 1 1 0 0.8
1 152857 1009 3618 1 50 1 0.8
1 92842 1011 2708 1 1 0 0.8
1 161688 1014 4702 1 1 0 0.8
1 172625 1016 4269 1 10 1 0.8
1 101662 1016 3031 1 50 1 0.8
1 168324 1023 4436 1 1 0 0.8
1 156798 1025 4121 1 1 0 0.8
1 87224 1026 2018 1 50 0 0.8
1 79496 1026 2041 1 1 0 0.8
1 162919 1027 4697 1 10 1 0.8
1 79956 1035 1841 1 1 1 0.8
1 124076 1036 3567 1 10 1 0.8
1 65971 1038 1388 1 10 1 0.8
1 82497 1040 1974 1 1 1 0.8
1 91371 1048 2582 1 1 0 0.8
1 72604 1057 2173 1 1 0 0.8
1 161606 1057 3339 1 1 0 0.8
1 178679 1057 4369 1 1 0 0.8
1 174080 1057 4943 1 1 1 0.8
1 66269 1058 1842 1 10 0 0.8
1 140232 1061 3273 1 10 1 0.8
1 135696 1064 3454 1 1 1 0.8
1 75656 1065 2142 1 10 1 0.8
1 176302 1068 4077 1 1 1 0.8
1 142790 1069 3520 1 1 1 0.8
1 149071 1073 3383 1 1 1 0.8
1 84187 1078 1934 1 10 1 0.8
1 76981 1086 2039 1 1 1 0.8
1 123583 1090 3019 1 10 1 0.8
1 66077 1093 1917 1 1 0 0.8
1 68278 1097 1859 1 10 0 0.8
1 168463 1099 4506 1 1 1 0.8
1 126865 1100 3456 1 1 1 0.8
1 96210 1100 2803 1 1 1 0.8
1 117181 1106 2698 1 10 0 0.8
1 177099 1108 4526 1 50 0 0.8
1 95602 1113 2722 1 10 0 0.8
1 114666 1119 2521 1 1 0 0.8
1 69731 1119 2044 1 10 1 0.8
1 62779 1120 1382 1 10 1 0.8
1 143102 1123 3400 1 1 0 0.8
1 103900 1128 2173 1 10 1 0.8
1 139692 1129 3764 1 10 0 0.8
1 81029 1129 1832 1 10 1 0.8
1 60922 1130 1595 1 10 1 0.8
1 138597 1130 3037 1 1 0 0.8
1 104931 1133 2451 1 1 0 0.8
1 152273 1134 4280 1 1 1 0.8
1 143529 1142 4066 1 10 0 0.8
1 106101 1147 2291 1 10 1 0.8
1 100957 1148 2559 1 50 1 0.8
1 95370 1151 2363 1 10 1 0.8
1 88395 1151 2232 1 1 1 0.8
1 78817 1154 2042 1 1 1 0.8
1 114969 1161 3013 1 1 0 0.8
1 83575 1163 2474 1 1 0 0.8
1 122110 1167 3252 1 1 1 0.8
1 96300 1168 2616 1 1 1 0.8
1 63775 1171 1310 1 1 1 0.8
1 117122 1173 2963 1 1 0 0.8
1 126398 1174 3656 1 1 1 0.8
1 171919 1175 3619 1 1 1 0.8
1 83111 1175 1991 1 1 1 0.8
1 86634 1177 2049 1 1 0 0.8
1 67879 1178 1901 1 1 1 0.8
1 104501 1180 2457 1 10 0 0.8
1 177629 1184 4815 1 10 1 0.8
1 140778 1184 3570 1 1 0 0.8
1 92468 1190 2194 1 1 1 0.8
1 91210 1191 2176 1 1 1 0.8
1 172208 1191 4717 1 10 1 0.8
1 71487 1192 1471 1 1 1 0.8
1 125839 1193 3754 1 1 0 0.8
1 93187 1197 2290 1 10 1 0.8
1 167909 1204 4182 1 1 1 0.8
1 173813 1205 3994 1 50 1 0.8
1 143407 1207 3952 1 1 1 0.8
1 132913 1208 2789 1 1 1 0.8
1 111958 1209 2528 1 1 0 0.8
1 112729 1213 2614 1 10 0 0.8
1 135123 1213 4010 1 1 1 0.8
1 97239 1214 2553 1 1 0 0.8
1 145723 1214 3883 1 10 0 0.8
1 72375 1217 1462 1 10 1 0.8
1 102604 1218 2505 1 50 0 0.8
1 66242 1219 1877 1 10 0 0.8
1 105491 1223 2322 1 10 0 0.8
1 112129 1226 2653 1 1 1 0.8
1 113869 1230 2396 1 1 1 0.8
1 173612 1230 4549 1 1 1 0.8
1 137759 1231 3520 1 10 1 0.8
1 116444 1233 2367 1 1 1 0.8
1 76916 1237 1547 1 1 1 0.8
1 73601 1239 1743 1 1 0 0.8
1 95485 1240 2183 1 1 1 0.8
1 77073 1243 2131 1 10 1 0.8
1 147637 1244 3904 1 1 0 0.8
1 109252 1245 2614 1 10 0 0.8
1 94107 1250 2551 1 1 0 0.8
1 139988 1252 3958 1 1 0 0.8
1 123522 1252 3084 1 1 1 0.8
1 135345 1255 2747 1 1 0 0.8
1 70380 1256 2011 1 10 1 0.8
1 132300 1258 3499 1 1 1 0.8
1 116276 1259 3098 1 1 1 0.8
1 108393 1260 2284 1 1 0 0.8
1 123266 1263 2573 1 1 0 0.8
1 111763 1263 2397 1 1 1 0.8
1 148717 1268 3769 1 1 1 0.8
1 123778 1273 3491 1 10 1 0.8
1 67424 1277 1675 1 1 1 0.8
1 138811 1278 3088 1 1 0 0.8
1 72220 1279 1731 1 1 1 0.8
1 64433 1285 1411 1 1 0 0.8
1 151850 1287 4478 1 10 0 0.8
1 73478 1290 1845 1 1 1 0.8
1 60855 1292 1328 1 1 1 0.8
1 147795 1292 4341 1 1 1 0.8
1 114855 1293 2830 1 10 0 0.8
1 158316 1296 4315 1 1 0 0.8
1 167648 1299 4064 1 1 0 0.8
1 148572 1301 3202 1 1 1 0.8
1 92207 1304 2097 1 1 1 0.8
1 89022 1306 1932 1 1 1 0.8
1 110366 1309 2336 1 50 0 0.8
1 86896 1313 2501 1 10 0 0.8
1 160924 1314 3521 1 1 0 0.8
1 76850 1316 1848 1 1 1 0.8
1 84524 1317 1927 1 1 1 0.8
1 99866 1318 2038 1 1 0 0.8
1 107978 1321 2717 1 10 1 0.8
1 132134 1321 3234 1 1 1 0.8
1 82352 1325 1651 1 10 0 0.8
1 69041 1328 1497 1 1 0 0.8
1 133201 1330 3033 1 1 0 0.8
1 100548 1331 3009 1 10 0 0.8
1 84963 1333 1867 1 1 0 0.8
1 63102 1341 1810 1 10 0 0.8
1 95675 1343 2031 1 10 0 0.8
1 136393 1347 3715 1 1 0 0.8
1 166607 1347 3874 1 1 1 0.8
1 136796 1350 2810 1 1 0 0.8
1 169941 1351 4384 1 1 1 0.8
1 77930 1352 1954 1 10 0 0.8
1 122729 1353 3179 1 1 0 0.8
1 176596 1356 4368 1 50 1 0.8
1 97103 1364 2112 1 1 1 0.8
1 138513 1365 3512 1 50 0 0.8
1 174695 1368 3568 1 1 0 0.8
1 114238 1374 3084 1 1 1 0.8
1 128394 1374 2937 1 1 0 0.8
1 112810 1381 3287 1 1 1 0.8
1 172997 1381 4088 1 50 1 0.8
1 85444 1382 2419 1 10 0 0.8
1 81375 1383 2126 1 1 1 0.8
1 130203 1384 3399 1 1 1 0.8
1 176666 1386 4127 1 1 0 0.8
1 81078 1390 1652 1 10 0 0.8
1 141875 1394 3875 1 1 0 0.8
1 127845 1395 3299 1 1 0 0.8
1 74452 1398 1851 1 10 1 0.8
1 141100 1402 4070 1 1 0 0.8
1 75031 1403 2214 1 1 0 0.8
1 82284 1407 2241 1 1 0 0.8
1 85318 1410 2063 1 1 0 0.8
1 113970 1414 2560 1 1 1 0.8
1 90057 1415 2168 1 1 1 0.8
1 166090 1416 4468 1 10 0 0.8
1 118137 1422 3264 1 10 0 0.8
1 113925 1427 2653 1 50 0 0.8
1 126652 1435 2845 1 10 1 0.8
1 128575 1436 3213 1 1 1 0.8
1 109786 1437 3277 1 10 0 0.8
1 94593 1438 2172 1 1 1 0.8
1 152855 1441 3192 1 1 1 0.8
1 81453 1442 2076 1 1 0 0.8
1 121576 1445 2828 1 10 1 0.8
1 138787 1450 3473 1 10 0 0.8
1 146864 1458 3537 1 1 0 0.8
1 164415 1459 4595 1 1 0 0.8
1 68650 1464 1757 1 1 0 0.8
1 133509 1469 3627 1 1 1 0.8
1 171742 1472 4740 1 10 0 0.8
1 177208 1477 4731 1 10 0 0.8
1 108288 1478 2362 1 1 0 0.8
1 94417 1479 2403 1 10 1 0.8
1 132284 1480 3328 1 1 0 0.8
1 110116 1482 2979 1 10 1 0.8
1 89570 1483 2447 1 1 1 0.8
1 143181 1483 3439 1 1 1 0.8
1 132108 1485 2673 1 1 1 0.8
1 139006 1486 2822 1 10 1 0.8
1 175307 1488 4425 1 1 1 0.8
1 121447 1490 3620 1 1 1 0.8
1 132315 1490 3769 1 50 1 0.8
1 157494 1496 3987 1 10 0 0.8
1 116349 1499 2976 1 50 0 0.8
1 150618 1502 3738 1 1 1 0.8
1 152067 1502 3340 1 1 0 0.8
1 85407 1502 2110 1 1 0 0.8
1 84473 1503 2256 1 1 1 0.8
1 151174 1505 4288 1 1 0 0.8
1 95504 1506 2831 1 1 0 0.8
1 167060 1508 4249 1 1 1 0.8
1 123887 1510 2986 1 10 0 0.8
1 135641 1510 3598 1 1 0 0.8
1 88240 1512 2176 1 10 1 0.8
1 95626 1513 2458 1 1 1 0.8
1 90872 1516 1826 1 1 1 0.8
1 84912 1517 2249 1 1 0 0.8
1 110663 1517 3235 1 1 0 0.8
1 116457 1518 3357 1 1 1 0.8
1 94267 1520 2028 1 1 1 0.8
1 105771 1532 2518 1 1 0 0.8
1 124781 1534 2823 1 10 0 0.8
1 156739 1535 3206 1 10 1 0.8
1 145883 1536 4351 1 10 1 0.8
1 168373 1538 4158 1 1 0 0.8
1 72124 1541 1513 1 1 0 0.8
1 107035 1549 3121 1 10 0 0.8
1 117651 1549 3100 1 1 0 0.8
1 90511 1550 2515 1 10 1 0.8
1 143598 1554 4022 1 1 1 0.8
1 121491 1560 3111 1 1 0 0.8
1 110752 1560 2618 1 1 1 0.8
1 78004 1561 1717 1 1 1 0.8
1 104708 1564 2560 1 10 0 0.8
1 118254 1566 2824 1 10 1 0.8
1 92653 1572 2433 1 10 1 0.8
1 136109 1576 3326 1 10 1 0.8
1 169432 1579 3569 1 1 1 0.8
1 98155 1581 1984 1 10 0 0.8
1 73351 1582 1976 1 10 1 0.8
1 122147 1585 2643 1 1 0 0.8
1 160580 1586 4062 1 10 1 0.8
1 96056 1590 2853 1 1 0 0.8
1 123737 1592 2859 1 1 0 0.8
1 112243 1597 2492 1 1 0 0.8
1 121207 1597 2528 1 1 0 0.8
1 111386 1601 2508 1 10 0 0.8
1 147398 1601 3936 1 10 1 0.8
1 145338 1601 3153 1 1 0 0.8
1 144361 1604 3850 1 1 1 0.8
1 111743 1606 3140 1 1 1 0.8
1 165531 1609 4471 1 1 1 0.8
1 140087 1610 3038 1 10 0 0.8
1 83794 1610 2370 1 1 0 0.8
1 68417 1611 1960 1 10 1 0.8
1 66970 1618 1717 1 10 0 0.8
1 66554 1618 1793 1 50 1 0.8
1 95052 1622 2843 1 50 0 0.8
1 173169 1623 4974 1 1 0 0.8
1 129786 1623 2705 1 10 1 0.8
1 80106 1626 2369 1 10 0 0.8
1 90584 1629 2027 1 1 0 0.8
1 127998 1634 3699 1 1 1 0.8
1 154422 1635 3973 1 1 1 0.8
1 67162 1637 1343 1 1 1 0.8
1 108775 1638 2976 1 10 0 0.8
1 164119 1642 3727 1 1 0 0.8
1 72186 1644 2056 1 1 0 0.8
1 105688 1647 2679 1 1 0 0.8
1 98477 1647 2562 1 10 1 0.8
1 108197 1648 2873 1 50 0 0.8
1 138137 1653 3110 1 10 0 0.8
1 110058 1653 3106 1 10 0 0.8
1 103417 1654 2359 1 1 0 0.8
1 157464 1669 4209 1 1 0 0.8
1 158104 1669 4305 1 10 0 0.8
1 152378 1674 3599 1 10 0 0.8
1 118221 1674 2383 1 50 0 0.8
1 95860 1675 2320 1 1 1 0.8
1 72685 1675 1760 1 1 0 0.8
1 86542 1675 2441 1 1 1 0.8
1 117512 1676 3513 1 1 1 0.8
1 154716 1676 4572 1 1 0 0.8
1 175481 1680 4551 1 50 1 0.8
1 179474 1683 4792 1 1 1 0.8
1 144757 1684 3909 1 1 0 0.8
1 119228 1688 2728 1 50 1 0.8
1 72970 1690 1646 1 10 0 0.8
1 159452 1706 3308 1 10 0 0.8
1 90938 1707 2055 1 1 0 0.8
1 98853 1708 2163 1 1 1 0.8
1 175393 1711 3953 1 1 1 0.8
1 128152 1711 3678 1 1 1 0.8
1 171633 1715 4631 1 1 0 0.8
1 160914 1715 4423 1 1 1 0.8
1 158436 1716 4260 1 10 0 0.8
1 67545 1725 1477 1 1 1 0.8
1 176034 1730 5184 1 1 0 0.8
1 142181 1731 3078 1 10 1 0.8
1 132722 1731 3699 1 1 0 0.8
1 146236 1732 3001 1 1 0 0.8
1 177211 1733 4095 1 1 0 0.8
1 131739 1733 3927 1 10 0 0.8
1 115475 1735 3245 1 50 0 0.8
1 128714 1735 2926 1 1 0 0.8
1 122156 1737 2749 1 1 1 0.8
1 75324 1742 1565 1 1 1 0.8
1 174424 1742 3692 1 10 0 0.8
1 111525 1743 2952 1 1 0 0.8
1 66393 1745 1602 1 1 0 0.8
1 144157 1750 3938 1 10 1 0.8
1 67611 1753 1356 1 1 1 0.8
1 162237 1756 3332 1 1 1 0.8
1 132319 1759 2844 1 1 1 0.8
1 75854 1759 1880 1 50 0 0.8
1 98640 1762 2327 1 10 1 0.8
1 178644 1763 4733 1 1 1 0.8
1 135708 1763 3358 1 10 1 0.8
1 65510 1767 1846 1 1 0 0.8
1 139799 1767 3977 1 1 0 0.8
1 98209 1768 2742 1 50 1 0.8
1 105112 1770 2237 1 10 1 0.8
1 63466 1772 1825 1 1 0 0.8
1 109439 1774 2720 1 1 0 0.8
1 126050 1775 3125 1 1 0 0.8
1 134709 1785 2700 1 1 0 0.8
1 117364 1786 3188 1 10 0 0.8
1 107867 1787 2483 1 1 0 0.8
1 164600 1792 3425 1 1 0 0.8
1 93620 1793 2476 1 1 1 0.8
1 115787 1798 2898 1 1 1 0.8
1 165392 1801 4710 1 1 0 0.8
1 78715 1803 1697 1 1 0 0.8
1 170131 1804 5043 1 1 0 0.8
1 108176 1807 2261 1 1 0 0.8
1 151461 1817 3127 1 10 1 0.8
1 170982 1822 3518 1 50 1 0.8
1 143964 1822 3094 1 1 0 0.8
1 110910 1825 2298 1 10 0 0.8
1 69572 1826 1720 1 10 1 0.8
1 144540 1828 3133 1 1 0 0.8
1 139184 1829 3150 1 1 1 0.8
1 169441 1832 4581 1 1 1 0.8
1 159193 1834 3684 1 10 1 0.8
1 173913 1836 4925 1 1 1 0.8
1 168326 1841 4130 1 50 1 0.8
1 168147 1843 4703 1 1 1 0.8
1 106481 1846 2230 1 1 1 0.8
1 99538 1849 2105 1 10 1 0.8
1 135081 1850 3465 1 10 1 0.8
1 106761 1851 2467 1 1 0 0.8
1 113744 1852 2644 1 10 1 0.8
1 162478 1854 4065 1 1 1 0.8
1 132028 1856 3692 1 1 0 0.8
1 169829 1858 4017 1 1 0 0.8
1 82507 1860 1935 1 1 0 0.8
1 130530 1862 3260 1 10 0 0.8
1 148727 1862 3504 1 1 1 0.8
1 160750 1862 4736 1 1 0 0.8
1 128795 1863 3274 1 10 1 0.8
1 131215 1864 3172 1 1 1 0.8
1 163278 1873 4128 1 10 1 0.8
1 136282 1875 3710 1 1 0 0.8
1 128634 1879 3736 1 1 0 0.8
1 135283 1880 3114 1 50 1 0.8
1 174564 1888 4925 1 50 0 0.8
1 114298 1888 3237 1 1 0 0.8
1 114252 1892 3277 1 1 0 0.8
1 172473 1894 4770 1 1 0 0.8
1 133486 1894 3479 1 1 0 0.8
1 136939 1895 2797 1 1 1 0.8
1 104369 1899 2362 1 1 1 0.8
1 165246 1904 4244 1 10 0 0.8
1 156398 1904 4143 1 1 1 0.8
1 160162 1907 4031 1 1 0 0.8
1 177724 1911 4872 1 1 0 0.8
1 176854 1913 3856 1 1 0 0.8
1 87432 1913 2122 1 1 1 0.8
1 67494 1914 1382 1 1 1 0.8
1 128320 1920 3004 1 1 1 0.8
1 81697 1923 1987 1 1 0 0.8
1 164858 1928 4760 1 1 0 0.8
1 167216 1930 3381 1 1 0 0.8
1 172489 1930 4298 1 10 0 0.8
1 100460 1930 2413 1 10 1 0.8
1 114851 1932 2701 1 1 0 0.8
1 82219 1938 1954 1 1 0 0.8
1 130335 1940 3854 1 10 1 0.8
1 177022 1941 4132 1 1 0 0.8
1 70409 1941 1968 1 10 0 0.8
1 167890 1943 3659 1 10 0 0.8
1 135865 1946 3148 1 1 1 0.8
1 87661 1949 1758 1 1 0 0.8
1 172400 1953 4288 1 1 1 0.8
1 87836 1959 2051 1 1 1 0.8
1 161502 1961 3633 1 1 0 0.8
1 90032 1965 1976 1 1 0 0.8
1 65734 1968 1967 1 10 1 0.8
1 164195 1968 3966 1 50 0 0.8
1 117674 1969 3170 1 10 1 0.8
1 91302 1972 2021 1 1 1 0.8
1 176944 1976 3890 1 1 1 0.8
1 135767 1979 3394 1 1 1 0.8
1 152899 1983 3966 1 10 1 0.8
1 123028 1987 2917 1 1 0 0.8
1 99820 1988 2738 1 1 1 0.8
1 176268 1997 4642 1 10 1 0.8
1 81038 2000 1892 1 1 1 0.8
1 111089 2004 2570 1 1 0 0.8
1 146751 2006 3175 1 1 0 0.8
1 116670 2006 2589 1 1 0 0.8
1 123650 2007 2533 1 1 1 0.8
1 90818 2010 2100 1 1 0 0.8
1 105373 2012 2770 1 10 1 0.8
1 140757 2015 3579 1 1 0 0.8
1 161477 2018 3288 1 1 0 0.8
1 108046 2018 2761 1 1 1 0.8
1 97660 2019 2322 1 10 0 0.8
1 106277 2022 2792 1 1 1 0.8
1 90828 2023 1948 1 1 0 0.8
1 111364 2026 2719 1 1 1 0.8
1 163097 2026 4592 1 1 0 0.8
1 98975 2038 2615 1 1 0 0.8
1 108628 2045 2461 1 1 1 0.8
1 149520 2045 3356 1 10 0 0.8
1 64533 2045 1297 1 1 0 0.8
1 87014 2047 2039 1 50 1 0.8
1 172882 2057 5158 1 10 0 0.8
1 111212 2057 2715 1 10 1 0.8
1 134448 2058 2846 1 1 0 0.8
1 143954 2058 3972 1 1 1 0.8
1 73112 2071 2008 1 10 1 0.8
1 74604 2072 1669 1 1 1 0.8
1 156613 2072 3636 1 1 1 0.8
1 71124 2076 1830 1 10 0 0.8
1 77239 2076 2032 1 1 0 0.8
1 170707 2080 4107 1 1 1 0.8
1 175589 2085 4303 1 10 1 0.8
1 162220 2089 3475 1 10 0 0.8
1 74175 2092 1975 1 1 1 0.8
1 96729 2094 2481 1 10 0 0.8
1 84903 2094 2218 1 1 1 0.8
1 150757 2097 4475 1 1 1 0.8
1 74241 2102 1816 1 1 1 0.8
1 158699 2106 3618 1 10 0 0.8
1 65252 2107 1796 1 1 1 0.8
1 175159 2114 5228 1 10 0 0.8
1 78530 2114 2285 1 1 0 0.8
1 176782 2118 5154 1 1 0 0.8
1 178408 2123 3619 1 50 1 0.8
1 119737 2124 3164 1 1 1 0.8
1 95526 2130 2744 1 1 0 0.8
1 137031 2131 3602 1 10 0 0.8
1 112556 2133 3337 1 10 0 0.8
1 158524 2134 4700 1 10 1 0.8
1 78687 2135 1806 1 1 0 0.8
1 89785 2136 1891 1 10 0 0.8
1 163069 2138 4317 1 10 0 0.8
1 75198 2139 1739 1 1 0 0.8
1 71952 2139 1488 1 10 1 0.8
1 134668 2141 3031 1 10 0 0.8
1 133728 2147 2861 1 50 1 0.8
1 170444 2148 4851 1 1 0 0.8
1 125452 2150 3111 1 1 0 0.8
1 100256 2151 2287 1 1 0 0.8
1 141124 2156 4170 1 10 0 0.8
1 166705 2162 3384 1 1 0 0.8
1 175799 2170 4808 1 10 0 0.8
1 70475 2175 1854 1 50 1 0.8
1 172103 2175 4608 1 1 1 0.8
1 98302 2175 2512 1 1 0 0.8
1 132027 2178 2674 1 1 1 0.8
1 166812 2178 4826 1 50 1 0.8
1 177889 2180 3857 1 1 1 0.8
1 83762 2182 2185 1 1 1 0.8
1 156464 2182 4332 1 1 0 0.8
1 70045 2185 1413 1 1 0 0.8
1 134833 2188 3013 1 1 1 0.8
1 70524 2188 1852 1 1 1 0.8
1 62165 2189 1462 1 1 1 0.8
1 153357 2192 4250 1 1 0 0.8
1 131046 2193 2729 1 50 0 0.8
1 149267 2194 3730 1 1 1 0.8
1 130190 2197 3391 1 1 1 0.8
1 150112 2197 3544 1 50 0 0.8
1 93747 2198 1985 1 1 1 0.8
1 143297 2199 3664 1 50 0 0.8
1 128184 2201 3276 1 10 1 0.8
1 100723 2201 2807 1 10 0 0.8
1 70951 2201 1685 1 1 0 0.8
1 83444 2204 2276 1 1 1 0.8
1 99828 2205 2335 1 50 1 0.8
1 107329 2206 2687 1 1 1 0.8
1 133916 2208 3292 1 10 1 0.8
1 80227 2211 2090 1 1 0 0.8
1 168682 2211 4617 1 1 1 0.8
1 119492 2215 3129 1 10 0 0.8
1 78808 2216 1721 1 1 0 0.8
1 67822 2220 1740 1 10 0 0.8
1 79084 2224 1754 1 1 1 0.8
1 120665 2228 2681 1 1 1 0.8
1 145594 2230 4300 1 1 1 0.8
1 107490 2235 3116 1 50 0 0.8
1 81520 2236 1759 1 1 0 0.8
1 141558 2237 4158 1 1 1 0.8
1 172214 2240 3679 1 10 0 0.8
1 85108 2240 1796 1 10 0 0.8
1 71433 2250 1670 1 50 0 0.8
1 138874 2253 3060 1 1 0 0.8
1 68553 2254 1978 1 1 1 0.8
1 99559 2260 2235 1 10 0 0.8
1 111301 2261 2440 1 10 0 0.8
1 106040 2263 2754 1 1 1 0.8
1 167430 2267 4799 1 10 0 0.8
1 107904 2267 2856 1 10 1 0.8
1 60793 2272 1562 1 1 1 0.8
1 149749 2274 3441 1 10 1 0.8
1 139656 2276 3721 1 10 1 0.8
1 125186 2276 2679 1 1 1 0.8
1 147483 2277 3836 1 1 1 0.8
1 114936 2279 2854 1 1 0 0.8
1 141901 2281 4045 1 10 1 0.8
1 130124 2282 3242 1 1 0 0.8
1 83768 2283 2117 1 1 0 0.8
1 147056 2283 3227 1 1 0 0.8
1 91950 2293 2618 1 1 1 0.8
1 173055 2293 3685 1 1 0 0.8
1 151487 2299 4255 1 1 0 0.8
1 102227 2301 2171 1 50 0 0.8
1 107734 2302 2415 1 1 0 0.8
1 164368 2303 4182 1 1 0 0.8
1 136451 2304 3549 1 1 1 0.8
1 80784 2306 2195 1 1 0 0.8
1 123657 2310 2721 1 10 0 0.8
1 90356 2311 2620 1 50 1 0.8
1 170874 2314 3767 1 10 1 0.8
1 174007 2320 3601 1 1 1 0.8
1 130564 2321 2987 1 1 0 0.8
1 107599 2321 3194 1 10 0 0.8
1 124540 2324 2781 1 1 0 0.8
1 86747 2325 1854 1 10 1 0.8
1 90819 2327 1900 1 50 1 0.8
1 73848 2328 2020 1 10 0 0.8
1 102603 2330 3028 1 10 0 0.8
1 135426 2331 2919 1 1 0 0.8
1 149751 2332 3310 1 1 0 0.8
1 161986 2336 4437 1 50 1 0.8
1 93848 2336 2482 1 1 1 0.8
1 164518 2338 4792 1 1 1 0.8
1 103363 2342 2136 1 10 1 0.8
1 91268 2343 2207 1 1 0 0.8
1 138176 2344 3560 1 10 0 0.8
1 113841 2344 3115 1 1 0 0.8
1 146614 2347 4125 1 50 0 0.8
1 86866 2347 2584 1 1 0 0.8
1 94639 2348 2816 1 10 0 0.8
1 146801 2348 4331 1 50 0 0.8
1 65971 2352 1853 1 1 0 0.8
1 61645 2353 1454 1 1 1 0.8
1 135950 2354 3016 1 50 0 0.8
1 74339 2354 2019 1 10 0 0.8
1 178237 2355 4386 1 50 0 0.8
1 100266 2356 2887 1 1 1 0.8
1 101567 2362 2252 1 1 0 0.8
1 98858 2363 2934 1 1 1 0.8
1 166529 2366 4049 1 10 1 0.8
1 173023 2368 3828 1 50 0 0.8
1 107915 2371 2507 1 50 0 0.8
1 108028 2376 3014 1 1 0 0.8
1 106574 2376 2265 1 1 1 0.8
1 80353 2388 2087 1 10 0 0.8
1 63921 2391 1910 1 1 0 0.8
1 108659 2391 2595 1 1 1 0.8
1 176324 2393 5162 1 10 0 0.8
1 114807 2393 2516 1 1 0 0.8
1 128416 2394 2582 1 10 1 0.8
1 117556 2395 3072 1 50 0 0.8
1 138630 2396 3027 1 10 1 0.8
1 126104 2398 3577 1 1 0 0.8
1 77431 2400 2253 1 1 1 0.8
1 112913 2401 2838 1 1 0 0.8
1 92933 2401 2357 1 10 0 0.8
1 126261 2403 3400 1 1 1 0.8
1 175754 2404 4228 1 10 0 0.8
1 119660 2405 2634 1 1 1 0.8
1 172926 2405 3650 1 50 1 0.8
1 60227 2411 1424 1 1 0 0.8
1 72359 2413 2046 1 1 1 0.8
1 175228 2414 4175 1 1 1 0.8
1 114341 2416 2617 1 1 1 0.8
1 138433 2419 2969 1 1 0 0.8
1 93131 2419 2673 1 10 1 0.8
1 105526 2420 2403 1 10 1 0.8
1 112926 2422 3187 1 1 0 0.8
1 77401 2426 1548 1 1 1 0.8
1 72191 2426 1721 1 1 1 0.8
1 151490 2437 3129 1 10 1 0.8
1 69862 2438 1749 1 1 1 0.8
1 158252 2440 4549 1 10 1 0.8
1 79580 2440 1609 1 10 1 0.8
1 139168 2442 3321 1 10 0 0.8
1 149579 2443 3628 1 10 0 0.8
1 94161 2445 2463 1 1 1 0.8
1 74945 2446 1750 1 1 1 0.8
1 66322 2448 1564 1 1 1 0.8
1 83305 2448 2181 1 1 0 0.8
1 120666 2451 2429 1 50 0 0.8
1 158317 2454 4666 1 1 0 0.8
1 71884 2457 2022 1 1 0 0.8
1 141542 2457 3375 1 1 0 0.8
1 78474 2463 1574 1 10 0 0.8
1 104154 2463 2306 1 1 1 0.8
1 107586 2465 3020 1 1 0 0.8
1 75617 2467 2069 1 1 0 0.8
1 165275 2468 4132 1 1 1 0.8
1 171825 2469 4488 1 10 0 0.8
1 93100 2469 2436 1 1 1 0.8
1 84343 2470 2254 1 1 1 0.8
1 93215 2471 2157 1 1 1 0.8
1 136397 2471 3981 1 1 0 0.8
1 93989 2474 2687 1 10 0 0.8
1 168086 2474 3667 1 50 0 0.8
1 72190 2480 1543 1 1 0 0.8
1 133535 2482 3688 1 10 1 0.8
1 156232 2489 3539 1 1 0 0.8
1 62977 2489 1875 1 1 1 0.8
1 166960 2496 3924 1 1 0 0.8
1 93019 2497 1934 1 10 1 0.8
1 104563 2501 2437 1 10 0 0.8
1 138171 2501 3022 1 1 0 0.8
1 159815 2502 4249 1 1 1 0.8
1 171009 2504 4658 1 50 1 0.8
1 102774 2506 2782 1 10 1 0.8
1 141818 2508 2896 1 50 0 0.8
1 99620 2514 2706 1 1 1 0.8
1 160357 2519 3413 1 1 0 0.8
1 134425 2521 3918 1 10 0 0.8
1 139449 2521 3520 1 1 1 0.8
1 120600 2526 3356 1 10 0 0.8
1 154022 2526 3773 1 1 0 0.8
1 149315 2528 3390 1 1 1 0.8
1 68365 2530 1420 1 1 0 0.8
1 67330 2535 1432 1 10 1 0.8
1 154759 2535 3927 1 10 0 0.8
1 102610 2537 2849 1 1 0 0.8
1 81907 2537 1775 1 1 0 0.8
1 160205 2537 4498 1 1 0 0.8
1 154115 2539 3443 1 50 1 0.8
1 173057 2541 4739 1 10 0 0.8
1 176794 2543 4514 1 1 1 0.8
1 126654 2543 2809 1 1 1 0.8
1 126102 2546 3689 1 1 1 0.8
1 77592 2547 1625 1 1 0 0.8
1 84557 2553 1715 1 1 1 0.8
1 115932 2556 2988 1 1 0 0.8
1 145749 2558 3690 1 1 0 0.8
1 169597 2561 4790 1 1 1 0.8
1 132542 2563 3738 1 1 0 0.8
1 120486 2566 3499 1 1 1 0.8
1 146157 2567 3887 1 1 0 0.8
1 176295 2567 3805 1 10 0 0.8
1 164028 2570 4760 1 1 1 0.8
1 159973 2573 3769 1 1 1 0.8
1 87138 2574 2328 1 10 0 0.8
1 142955 2577 3952 1 10 1 0.8
1 160372 2590 3542 1 1 1 0.8
1 63151 2592 1556 1 1 1 0.8
1 92944 2594 2025 1 1 1 0.8
1 140402 2599 3284 1 10 1 0.8
1 131153 2601 2834 1 1 1 0.8
1 126607 2602 3774 1 1 0 0.8
1 88878 2603 2592 1 10 0 0.8
1 150718 2603 3364 1 10 1 0.8
1 76718 2604 2219 1 1 0 0.8
1 86177 2607 1737 1 1 1 0.8
1 140964 2611 3461 1 10 1 0.8
1 131742 2612 3200 1 1 0 0.8
1 94315 2618 2563 1 10 0 0.8
1 98492 2620 2519 1 1 1 0.8
1 91372 2621 1832 1 10 0 0.8
1 152364 2621 3869 1 1 0 0.8
1 152376 2623 4525 1 1 1 0.8
1 61237 2625 1807 1 1 1 0.8
1 109753 2625 2984 1 1 1 0.8
1 175962 2626 3577 1 50 0 0.8
1 109736 2629 3275 1 10 1 0.8
1 93324 2632 2470 1 10 1 0.8
1 138771 2632 2836 1 1 0 0.8
1 166259 2633 3881 1 10 0 0.8
1 130911 2635 3535 1 1 1 0.8
1 91604 2636 2270 1 1 0 0.8
1 159223 2637 4338 1 1 0 0.8
1 105826 2639 3032 1 10 0 0.8
1 119091 2640 2516 1 10 0 0.8
1 68829 2644 1872 1 1 0 0.8
1 138497 2650 4099 1 1 0 0.8
1 153101 2651 3813 1 1 1 0.8
1 97635 2651 2679 1 10 1 0.8
1 108001 2654 2583 1 10 1 0.8
1 179450 2658 4491 1 1 0 0.8
1 104763 2665 2658 1 50 0 0.8
1 99700 2667 2330 1 1 1 0.8
1 75797 2667 1753 1 1 0 0.8
1 67093 2669 1979 1 10 1 0.8
1 117917 2671 2384 1 1 0 0.8
1 172283 2672 4030 1 50 1 0.8
1 117020 2672 2635 1 1 0 0.8
1 116921 2673 2788 1 1 0 0.8
1 75986 2676 1967 1 1 0 0.8
1 128667 2682 3013 1 1 1 0.8
1 129109 2684 3004 1 1 0 0.8
1 97029 2686 2119 1 10 1 0.8
1 84626 2696 2492 1 1 0 0.8
1 174647 2699 5088 1 10 1 0.8
1 127193 2701 2570 1 1 0 0.8
1 86920 2703 2302 1 1 0 0.8
1 158416 2703 4671 1 1 0 0.8
1 129294 2703 3236 1 10 1 0.8
1 165004 2704 4332 1 50 0 0.8
1 133196 2706 3534 1 1 0 0.8
1 147295 2718 3046 1 1 0 0.8
1 155124 2718 3693 1 1 0 0.8
1 154112 2720 4281 1 1 0 0.8
1 63834 2728 1617 1 1 0 0.8
1 130892 2728 2691 1 10 0 0.8
1 132909 2735 3066 1 1 0 0.8
1 89378 2735 1911 1 1 0 0.8
1 74308 2736 1748 1 1 1 0.8
1 160555 2738 4744 1 50 0 0.8
1 75158 2740 1815 1 50 0 0.8
1 152816 2750 4515 1 1 1 0.8
1 99948 2754 2031 1 1 1 0.8
1 62040 2759 1637 1 1 1 0.8
1 179864 2763 5182 1 1 0 0.8
1 88783 2769 1990 1 10 0 0.8
1 165190 2769 3985 1 10 1 0.8
1 92287 2774 2474 1 10 1 0.8
1 171530 2774 5059 1 1 0 0.8
1 126926 2775 3551 1 50 1 0.8
1 133438 2776 2815 1 50 1 0.8
1 71553 2782 2062 1 10 0 0.8
1 65185 2785 1340 1 1 1 0.8
1 62255 2786 1446 1 1 1 0.8
1 172864 2786 4731 1 1 0 0.8
1 120654 2787 2802 1 1 1 0.8
1 73081 2787 2177 1 10 1 0.8
1 134736 2788 3979 1 50 0 0.8
1 174937 2789 3974 1 1 0 0.8
1 132469 2790 2705 1 1 0 0.8
1 73373 2795 2094 1 10 1 0.8
1 83220 2795 2249 1 10 1 0.8
1 144848 2799 3340 1 1 0 0.8
1 77773 2800 1769 1 1 1 0.8
1 146642 2800 3445 1 50 0 0.8
1 139989 2803 2991 1 50 0 0.8
1 128937 2805 2953 1 1 1 0.8
1 107935 2805 2413 1 10 0 0.8
1 95217 2806 2504 1 1 1 0.8
1 111876 2806 3285 1 1 1 0.8
1 150418 2806 3065 1 10 0 0.8
1 168524 2808 5029 1 1 1 0.8
1 149520 2812 3165 1 1 0 0.8
1 115659 2813 2710 1 50 0 0.8
1 104694 2816 2560 1 1 0 0.8
1 95281 2820 2777 1 1 0 0.8
1 60425 2824 1445 1 10 0 0.8
1 71793 2825 1572 1 10 1 0.8
1 171321 2826 4827 1 1 0 0.8
1 138218 2827 2788 1 10 1 0.8
1 90793 2827 1881 1 1 1 0.8
1 70038 2828 1665 1 50 0 0.8
1 178945 2835 5320 1 50 0 0.8
1 75478 2836 1634 1 1 1 0.8
1 86882 2838 2347 1 10 1 0.8
1 110108 2839 2970 1 10 0 0.8
1 123765 2839 2910 1 1 0 0.8
1 113558 2840 2817 1 1 1 0.8
1 140901 2846 3065 1 1 1 0.8
1 109718 2847 3027 1 10 0 0.8
1 157406 2848 4630 1 10 0 0.8
1 174341 2852 3730 1 1 1 0.8
1 114660 2855 2902 1 10 0 0.8
1 174748 2857 4187 1 1 0 0.8
1 166649 2863 3722 1 1 0 0.8
1 83690 2864 1993 1 1 0 0.8
1 109874 2867 3170 1 1 0 0.8
1 122436 2867 3407 1 1 0 0.8
1 75909 2873 1566 1 10 0 0.8
1 109421 2874 2328 1 1 0 0.8
1 64673 2877 1371 1 1 0 0.8
1 155923 2882 3255 1 1 1 0.8
1 95764 2882 2789 1 10 1 0.8
1 93015 2883 2016 1 1 1 0.8
1 114741 2887 2777 1 1 1 0.8
1 84299 2889 2419 1 1 1 0.8
1 93632 2899 2330 1 1 0 0.8
1 127558 2901 3126 1 1 0 0.8
1 175872 2902 3899 1 1 1 0.8
1 155439 2903 3412 1 1 0 0.8
1 170143 2904 3826 1 1 1 0.8
1 101366 2904 2917 1 1 1 0.8
1 151992 2906 3981 1 1 1 0.8
1 94944 2911 2588 1 1 1 0.8
1 130815 2913 3688 1 1 0 0.8
1 172870 2918 4220 1 10 1 0.8
1 172266 2920 4266 1 1 0 0.8
1 131339 2921 3686 1 50 1 0.8
1 169660 2923 4636 1 1 1 0.8
1 84430 2925 2102 1 10 0 0.8
1 94744 2925 2575 1 1 1 0.8
1 119755 2928 2404 1 10 0 0.8
1 91222 2929 1829 1 10 1 0.8
1 137224 2929 4064 1 1 1 0.8
1 121260 2930 2765 1 1 0 0.8
1 128149 2931 2783 1 1 1 0.8
1 98245 2932 2346 1 10 1 0.8
1 116945 2933 3458 1 1 0 0.8
1 110705 2935 2955 1 1 0 0.8
1 98128 2936 2706 1 10 0 0.8
1 125334 2940 3563 1 50 0 0.8
1 95580 2943 2641 1 1 1 0.8
1 75089 2943 1951 1 1 0 0.8
1 154506 2943 3737 1 1 0 0.8
1 91987 2945 2327 1 1 1 0.8
1 96223 2946 2132 1 50 0 0.8
1 77228 2950 2051 1 10 1 0.8
1 79316 2951 2044 1 1 1 0.8
1 129582 2953 2929 1 1 0 0.8
1 62756 2954 1880 1 1 0 0.8
1 75357 2958 2247 1 1 1 0.8
1 85515 2958 2388 1 10 0 0.8
1 179023 2961 3763 1 1 0 0.8
1 162244 2968 4517 1 1 0 0.8
1 89637 2971 2077 1 10 1 0.8
1 173275 2971 3838 1 50 1 0.8
1 154721 2973 3398 1 1 0 0.8
1 73000 2976 1744 1 10 1 0.8
1 114689 2976 2401 1 10 1 0.8
1 88851 2980 2276 1 10 1 0.8
1 135133 2982 3080 1 1 0 0.8
1 78435 2984 1654 1 1 0 0.8
1 130119 2987 2997 1 10 1 0.8
1 174959 2988 3629 1 10 0 0.8
1 122495 2991 3315 1 1 0 0.8
1 137662 2992 4050 1 10 1 0.8
1 62059 2994 1311 1 1 1 0.8
1 131398 2998 3578 1 1 1 0.8
1 119335 3000 2411 1 1 1 0.8
1 135175 3001 3810 1 1 1 0.8
1 117526 3002 2783 1 10 1 0.8
1 74228 3003 1539 1 1 1 0.8
1 121507 3004 2602 1 1 0 0.8
1 171222 3007 4926 1 10 0 0.8
1 99550 3007 2618 1 50 0 0.8
1 98465 3018 2079 1 1 0 0.8
1 125352 3026 3036 1 1 1 0.8
1 66525 3026 1558 1 1 1 0.8
1 65534 3026 1713 1 1 1 0.8
1 153843 3027 3688 1 50 1 0.8
1 93980 3028 2339 1 1 0 0.8
1 106593 3029 3188 1 1 1 0.8
1 134460 3035 2829 1 10 0 0.8
1 98928 3036 2774 1 1 1 0.8
1 168809 3037 5027 1 10 0 0.8
1 88176 3037 1817 1 1 0 0.8
1 93679 3038 2131 1 10 0 0.8
1 95757 3041 2274 1 1 0 0.8
1 111518 3041 2684 1 1 0 0.8
1 104378 3045 2837 1 1 0 0.8
1 129123 3051 2671 1 1 1 0.8
1 173735 3058 4656 1 1 0 0.8
1 164436 3058 3972 1 1 0 0.8
1 91921 3059 2713 1 1 0 0.8
1 130967 3061 2780 1 10 0 0.8
1 92214 3061 2174 1 50 1 0.8
1 86501 3061 2523 1 10 1 0.8
1 122398 3061 2755 1 1 1 0.8
1 135701 3063 3820 1 10 1 0.8
1 158949 3065 4600 1 1 0 0.8
1 105077 3069 2443 1 10 1 0.8
1 82978 3074 2256 1 1 1 0.8
1 93624 3078 2310 1 1 1 0.8
1 121894 3080 2748 1 1 0 0.8
1 68520 3080 1827 1 1 0 0.8
1 164148 3084 3428 1 50 0 0.8
1 90689 3089 2254 1 1 0 0.8
1 76838 3090 2036 1 50 1 0.8
1 93088 3091 2302 1 1 0 0.8
1 143819 3095 3407 1 1 0 0.8
1 158149 3100 3451 1 10 0 0.8
1 85407 3100 2445 1 1 0 0.8
1 149423 3105 3094 1 10 0 0.8
1 129788 3109 3528 1 1 0 0.8
1 161692 3117 3275 1 1 1 0.8
1 120832 3123 2845 1 1 1 0.8
1 151797 3132 3959 1 1 0 0.8
1 147924 3133 3824 1 10 1 0.8
1 166016 3146 4971 1 1 1 0.8
1 111535 3146 3319 1 50 0 0.8
1 121807 3147 3190 1 1 0 0.8
1 91979 3151 2333 1 1 0 0.8
1 99828 3156 2862 1 10 1 0.8
1 114608 3156 3410 1 1 1 0.8
1 78483 3162 1606 1 1 1 0.8
1 164606 3163 4699 1 1 0 0.8
1 140248 3168 3388 1 1 1 0.8
1 82594 3171 2326 1 10 1 0.8
1 159026 3172 3557 1 10 1 0.8
1 119905 3178 3201 1 10 0 0.8
1 125386 3178 3581 1 10 1 0.8
1 93441 3183 2183 1 1 1 0.8
1 63685 3184 1351 1 1 0 0.8
1 88621 3192 2484 1 1 0 0.8
1 162265 3194 3622 1 1 0 0.8
1 75314 3196 1991 1 10 1 0.8
1 118995 3199 2520 1 10 1 0.8
1 87684 3200 2264 1 10 0 0.8
1 137712 3202 3457 1 1 1 0.8
1 166705 3211 4770 1 1 1 0.8
1 123851 3211 2813 1 10 1 0.8
1 80618 3215 1810 1 10 0 0.8
1 63891 3220 1904 1 1 0 0.8
1 151686 3220 3409 1 10 1 0.8
1 86769 3224 2093 1 10 0 0.8
1 155381 3235 4029 1 1 1 0.8
1 124681 3236 2557 1 50 1 0.8
1 176128 3236 4065 1 1 1 0.8
1 160778 3239 3727 1 10 1 0.8
1 97801 3240 2296 1 1 0 0.8
1 120104 3241 2406 1 1 0 0.8
1 132442 3242 2679 1 1 1 0.8
1 175653 3245 4835 1 10 0 0.8
1 144966 3246 3472 1 10 0 0.8
1 129014 3248 3474 1 1 0 0.8
1 165657 3250 4519 1 10 1 0.8
1 72682 3254 1855 1 10 1 0.8
1 176920 3255 4450 1 50 1 0.8
1 63526 3257 1352 1 10 0 0.8
1 140965 3260 3393 1 1 0 0.8
1 160831 3262 4381 1 1 1 0.8
1 168985 3266 3811 1 10 1 0.8
1 79275 3266 2109 1 50 0 0.8
1 170572 3268 4254 1 1 1 0.8
1 179937 3271 5372 1 10 1 0.8
1 142537 3271 3411 1 1 1 0.8
1 159414 3272 4297 1 1 1 0.8
1 154140 3273 4325 1 1 0 0.8
1 165658 3277 4068 1 1 1 0.8
1 132803 3281 3561 1 10 1 0.8
1 93531 3283 2024 1 10 1 0.8
1 125442 3284 2508 1 10 0 0.8
1 129557 3285 3164 1 1 1 0.8
1 168775 3287 3666 1 50 1 0.8
1 166605 3288 4092 1 10 1 0.8
1 176727 3289 4920 1 1 1 0.8
1 119355 3293 2776 1 10 0 0.8
1 152678 3309 3323 1 10 0 0.8
1 114053 3310 2953 1 50 1 0.8
1 71337 3311 1433 1 10 0 0.8
1 164845 3316 4632 1 1 0 0.8
1 123251 3318 2863 1 10 0 0.8
1 84737 3318 1945 1 1 0 0.8
1 112071 3322 2297 1 1 0 0.8
1 160520 3325 4779 1 10 1 0.8
1 64299 3326 1861 1 10 1 0.8
1 142878 3330 2945 1 10 0 0.8
1 100013 3334 2670 1 10 1 0.8
1 75926 3339 1546 1 10 0 0.8
1 103849 3344 2579 1 1 0 0.8
1 92998 3348 1860 1 1 1 0.8
1 152075 3350 3896 1 50 1 0.8
1 107276 3352 2182 1 1 1 0.8
1 93327 3353 1973 1 10 0 0.8
1 95600 3355 2461 1 10 0 0.8
1 158722 3357 4527 1 1 0 0.8
1 145218 3358 3485 1 1 0 0.8
1 73461 3358 1588 1 1 0 0.8
1 152361 3358 3652 1 50 1 0.8
1 137763 3359 2836 1 1 0 0.8
1 103359 3360 2627 1 10 1 0.8
1 162346 3360 3315 1 10 0 0.8
1 75062 3363 2019 1 1 0 0.8
1 178480 3365 4491 1 1 1 0.8
1 135573 3365 3456 1 10 0 0.8
1 60048 3367 1287 1 10 0 0.8
1 78182 3367 2177 1 1 0 0.8
1 79375 3367 1914 1 1 0 0.8
1 124090 3367 3034 1 1 1 0.8
1 78720 3373 2239 1 10 0 0.8
1 115210 3374 2377 1 10 0 0.8
1 63944 3375 1463 1 10 0 0.8
1 92774 3383 2488 1 1 0 0.8
1 144756 3390 4029 1 1 1 0.8
1 172391 3390 5091 1 1 0 0.8
1 122296 3392 2954 1 10 0 0.8
1 179255 3397 4013 1 10 0 0.8
1 62633 3398 1343 1 1 0 0.8
1 89737 3402 2446 1 1 0 0.8
1 80862 3402 1634 1 10 0 0.8
1 142709 3403 4130 1 1 1 0.8
1 85985 3405 2456 1 1 1 0.8
1 126622 3408 3613 1 50 1 0.8
1 113497 3411 2821 1 1 0 0.8
1 162374 3414 4269 1 1 0 0.8
1 116709 3416 2570 1 50 1 0.8
1 90149 3418 2020 1 10 1 0.8
1 77184 3418 1930 1 10 0 0.8
1 142091 3421 2985 1 10 1 0.8
1 78640 3428 2243 1 10 1 0.8
1 157620 3430 3263 1 50 1 0.8
1 69781 3432 1564 1 10 0 0.8
1 117560 3435 2673 1 1 1 0.8
1 105162 3436 2934 1 10 1 0.8
1 80457 3438 2412 1 1 1 0.8
1 135868 3444 3320 1 1 1 0.8
1 177838 3444 5315 1 10 0 0.8
1 72432 3445 1726 1 1 1 0.8
1 174332 3446 4253 1 1 1 0.8
1 156532 3447 4294 1 10 0 0.8
1 62717 3451 1315 1 1 0 0.8
1 66758 3452 1459 1 1 0 0.8
1 81377 3452 2326 1 10 1 0.8
1 108130 3454 2831 1 50 0 0.8
1 70925 3454 1661 1 1 1 0.8
1 87443 3457 2199 1 50 1 0.8
1 121267 3458 2748 1 1 1 0.8
1 108473 3460 2522 1 10 1 0.8
1 131377 3463 3886 1 1 0 0.8
1 161821 3480 4799 1 1 1 0.8
1 177216 3480 5195 1 1 1 0.8
1 167875 3480 3946 1 1 0 0.8
1 160303 3480 3361 1 10 0 0.8
1 91499 3481 2718 1 1 1 0.8
1 62273 3485 1485 1 10 1 0.8
1 69756 3485 1954 1 1 1 0.8
1 112935 3489 3152 1 1 0 0.8
1 169340 3492 4551 1 10 1 0.8
1 67270 3492 1588 1 10 0 0.8
1 103589 3494 2519 1 1 0 0.8
1 75843 3495 1984 1 10 0 0.8
1 76846 3497 2270 1 1 0 0.8
1 114298 3500 3161 1 10 0 0.8
1 141705 3501 3932 1 50 1 0.8
1 92076 3501 2300 1 10 0 0.8
1 132272 3502 2780 1 10 0 0.8
1 132080 3506 2841 1 10 1 0.8
1 147628 3507 4253 1 1 0 0.8
1 146640 3511 3283 1 1 0 0.8
1 129525 3514 2938 1 1 1 0.8
1 114433 3516 2986 1 1 0 0.8
1 74066 3516 1951 1 10 0 0.8
1 80349 3517 1675 1 10 1 0.8
1 64724 3523 1475 1 50 1 0.8
1 130415 3529 3436 1 1 1 0.8
1 127873 3530 3658 1 50 1 0.8
1 91790 3532 1871 1 10 0 0.8
1 74557 3533 2147 1 1 1 0.8
1 70348 3533 1701 1 1 0 0.8
1 126195 3534 3633 1 1 0 0.8
1 153862 3535 4043 1 1 1 0.8
1 115937 3539 2325 1 1 0 0.8
1 77591 3539 1589 1 1 0 0.8
1 167217 3540 4461 1 10 0 0.8
1 79325 3551 2064 1 10 0 0.8
1 174345 3553 4932 1 1 1 0.8
1 71110 3554 1461 1 1 1 0.8
1 61356 3556 1657 1 50 1 0.8
1 102197 3556 2937 1 10 1 0.8
1 102797 3557 2950 1 50 0 0.8
1 64378 3561 1359 1 1 0 0.8
1 139516 3566 3475 1 1 0 0.8
1 95885 3566 2451 1 1 1 0.8
1 68404 3569 1819 1 1 1 0.8
1 115533 3572 2735 1 1 0 0.8
1 73780 3573 1848 1 1 1 0.8
1 86490 3578 2092 1 10 1 0.8
1 165610 3579 4029 1 1 0 0.8
1 144578 3582 4007 1 10 1 0.8
1 70380 3585 1821 1 1 0 0.8
1 140751 3586 2835 1 1 0 0.8
1 179693 3591 4390 1 10 1 0.8
1 127995 3592 2938 1 10 1 0.8
