1500
2 71983 12 1677 1 1 1 0.8
2 80361 14 1953 1 1 1 0.8
2 70769 14 1658 1 1 1 0.8
2 156635 14 4189 1 1 0 0.8
2 66509 16 1871 1 10 1 0.8
2 137326 16 2752 1 1 1 0.8
2 134422 16 3004 1 1 1 0.8
2 173014 17 4959 1 10 0 0.8
2 154554 17 3262 1 10 0 0.8
2 111753 18 2963 1 10 0 0.8
2 95274 18 2006 1 1 0 0.8
2 87895 19 2210 1 1 0 0.8
2 112846 19 3079 1 10 1 0.8
2 121556 20 3623 1 50 1 0.8
2 126539 26 2742 1 50 1 0.8
2 149392 29 2999 1 1 0 0.8
2 114131 32 2321 1 50 0 0.8
2 83147 35 1776 1 10 0 0.8
2 60808 38 1690 1 1 0 0.8
2 136748 39 4082 1 50 1 0.8
2 161949 43 4102 1 1 0 0.8
2 67214 44 1400 1 10 0 0.8
2 150610 45 4030 1 1 1 0.8
2 138144 46 3171 1 1 0 0.8
2 176265 47 5247 1 1 0 0.8
2 159922 52 3349 1 1 0 0.8
2 115911 58 3476 1 1 1 0.8
2 154844 61 3831 1 1 0 0.8
2 104334 66 2255 1 1 1 0.8
2 106267 66 3154 1 1 1 0.8
2 135734 67 3364 1 1 1 0.8
2 138726 70 3306 1 1 1 0.8
2 118535 73 2881 1 10 1 0.8
2 112641 92 2985 1 1 1 0.8
2 148004 93 2962 1 10 1 0.8
2 179511 95 3854 1 50 0 0.8
2 132131 95 3545 1 10 0 0.8
2 81249 99 1657 1 1 1 0.8
2 116347 99 2482 1 1 1 0.8
2 116371 104 3423 1 50 0 0.8
2 99874 106 2525 1 1 1 0.8
2 169527 107 4914 1 10 1 0.8
2 122908 109 3360 1 1 1 0.8
2 170685 113 5007 1 1 0 0.8
2 118603 114 2592 1 1 0 0.8
2 142772 120 3914 1 1 0 0.8
2 68601 126 1379 1 1 0 0.8
2 110014 126 2332 1 10 1 0.8
2 72715 132 1476 1 10 0 0.8
2 87775 134 2234 1 1 0 0.8
2 115918 135 3271 1 1 1 0.8
2 73163 137 2032 1 50 1 0.8
2 84354 138 2434 1 10 1 0.8
2 88725 138 2014 1 1 1 0.8
2 163973 139 3333 1 1 1 0.8
2 76602 141 1585 1 1 0 0.8
2 106578 143 2816 1 1 0 0.8
2 95881 146 1999 1 1 1 0.8
2 61675 147 1410 1 1 1 0.8
2 167641 147 4424 1 1 1 0.8
2 91058 148 1933 1 1 1 0.8
2 97004 148 2449 1 1 1 0.8
2 168246 156 5011 1 1 1 0.8
2 92639 158 2486 1 1 0 0.8
2 83863 158 1771 1 1 1 0.8
2 130914 161 3681 1 10 1 0.8
2 101618 162 2979 1 1 1 0.8
2 156868 165 3167 1 1 1 0.8
2 151952 166 3937 1 1 1 0.8
2 175048 168 4253 1 50 0 0.8
2 167899 169 3720 1 50 0 0.8
2 162870 170 4069 1 1 1 0.8
2 68981 186 1646 1 1 1 0.8
2 152853 189 4071 1 1 1 0.8
2 71379 191 1567 1 1 1 0.8
2 116912 195 3493 1 1 1 0.8
2 115143 196 3330 1 10 1 0.8
2 140983 197 3936 1 10 1 0.8
2 153354 199 4336 1 1 1 0.8
2 151934 200 3131 1 10 0 0.8
2 179295 205 4018 1 10 0 0.8
2 132040 205 3805 1 1 1 0.8
2 101671 206 2470 1 10 1 0.8
2 110466 208 2447 1 10 1 0.8
2 88497 209 2383 1 1 0 0.8
2 104085 212 2154 1 1 1 0.8
2 89116 215 2595 1 1 0 0.8
2 136802 216 3165 1 1 0 0.8
2 138085 222 3016 1 1 0 0.8
2 173192 224 4486 1 1 0 0.8
2 119421 226 2652 1 10 0 0.8
2 85938 226 2237 1 1 0 0.8
2 144212 227 3336 1 50 1 0.8
2 110123 230 2968 1 10 0 0.8
2 107159 232 2560 1 1 1 0.8
2 163555 234 4404 1 50 1 0.8
2 170395 235 4134 1 10 0 0.8
2 98942 235 2966 1 10 1 0.8
2 80488 236 1911 1 10 0 0.8
2 70497 242 2013 1 1 1 0.8
2 112458 242 3098 1 10 1 0.8
2 129018 249 3217 1 1 1 0.8
2 167184 251 4243 1 10 0 0.8
2 161584 254 3508 1 50 1 0.8
2 150926 258 4010 1 10 0 0.8
2 139860 262 3157 1 1 1 0.8
2 61632 263 1471 1 1 0 0.8
2 163210 267 4705 1 1 1 0.8
2 135908 271 3760 1 50 0 0.8
2 80220 272 2244 1 1 1 0.8
2 144771 274 3467 1 1 0 0.8
2 170407 275 4188 1 10 1 0.8
2 61872 280 1354 1 1 0 0.8
2 99136 283 1991 1 1 0 0.8
2 123874 290 2507 1 10 0 0.8
2 113975 295 3413 1 50 0 0.8
2 84906 296 1824 1 1 0 0.8
2 139329 304 3888 1 10 1 0.8
2 94081 304 2699 1 1 1 0.8
2 157587 308 3441 1 1 1 0.8
2 153487 309 3243 1 1 0 0.8
2 134650 310 3797 1 1 1 0.8
2 118527 311 2809 1 1 0 0.8
2 93450 315 1949 1 1 0 0.8
2 71381 319 2101 1 1 1 0.8
2 119253 323 2454 1 1 0 0.8
2 78814 323 1612 1 1 1 0.8
2 179613 323 3688 1 50 1 0.8
2 127685 324 2637 1 1 0 0.8
2 151776 325 3845 1 1 0 0.8
2 86492 326 1737 1 1 1 0.8
2 177113 330 3699 1 10 1 0.8
2 139335 332 3054 1 1 1 0.8
2 70801 334 1787 1 50 1 0.8
2 73564 335 1956 1 1 1 0.8
2 77015 339 2204 1 1 1 0.8
2 164001 341 4793 1 1 0 0.8
2 118922 341 3564 1 1 0 0.8
2 91877 342 2488 1 10 0 0.8
2 130513 342 3683 1 1 0 0.8
2 160963 348 4000 1 1 1 0.8
2 64296 349 1734 1 1 0 0.8
2 110100 350 2984 1 1 1 0.8
2 159255 350 4079 1 10 0 0.8
2 131688 353 3560 1 1 0 0.8
2 73855 356 1736 1 10 1 0.8
2 117392 357 2392 1 10 1 0.8
2 142107 358 2948 1 1 1 0.8
2 128481 359 3031 1 1 0 0.8
2 125992 361 3386 1 1 1 0.8
2 99934 364 2410 1 1 0 0.8
2 95203 364 2467 1 1 1 0.8
2 119018 365 3196 1 1 0 0.8
2 159615 366 4592 1 1 0 0.8
2 154903 369 3542 1 1 0 0.8
2 150435 371 4083 1 10 0 0.8
2 61161 371 1430 1 1 1 0.8
2 124872 374 2763 1 10 0 0.8
2 81597 376 2389 1 10 0 0.8
2 135477 377 3262 1 1 1 0.8
2 157956 383 4439 1 1 0 0.8
2 81623 384 2165 1 10 1 0.8
2 157873 387 3401 1 1 0 0.8
2 86190 388 2313 1 1 1 0.8
2 130557 388 2980 1 1 0 0.8
2 135789 388 3739 1 10 0 0.8
2 101555 393 2282 1 1 1 0.8
2 101944 395 2178 1 1 1 0.8
2 175435 396 4143 1 1 1 0.8
2 144515 397 4010 1 10 0 0.8
2 172715 399 4747 1 1 1 0.8
2 114453 402 2845 1 10 1 0.8
2 77486 405 1986 1 1 0 0.8
2 102131 405 2964 1 10 0 0.8
2 71104 411 1481 1 10 1 0.8
2 78216 411 2076 1 1 1 0.8
2 124335 416 3192 1 1 0 0.8
2 108037 418 2541 1 10 0 0.8
2 110811 419 2618 1 10 1 0.8
2 144510 420 3763 1 50 0 0.8
2 157740 420 3926 1 50 1 0.8
2 123084 424 3582 1 1 0 0.8
2 166168 425 3738 1 50 0 0.8
2 143791 425 3141 1 1 0 0.8
2 66666 426 1346 1 10 1 0.8
2 83526 429 2062 1 1 1 0.8
2 143720 432 4221 1 1 0 0.8
2 67503 433 1482 1 1 0 0.8
2 76839 437 1801 1 1 1 0.8
2 138066 441 3351 1 10 1 0.8
2 88988 443 2403 1 1 0 0.8
2 114373 443 2491 1 1 0 0.8
2 124005 443 2695 1 10 1 0.8
2 116427 445 2702 1 1 0 0.8
2 149751 445 3876 1 10 1 0.8
2 80503 446 1636 1 10 1 0.8
2 106095 446 2409 1 1 0 0.8
2 107602 450 3150 1 1 1 0.8
2 175029 451 3575 1 1 1 0.8
2 120526 455 3394 1 1 1 0.8
2 108488 460 3005 1 1 0 0.8
2 116568 465 3182 1 1 0 0.8
2 177603 470 4944 1 1 1 0.8
2 145141 470 4328 1 1 0 0.8
2 100892 472 2633 1 10 1 0.8
2 130584 474 3805 1 1 1 0.8
2 79593 476 1863 1 1 1 0.8
2 69726 483 1691 1 1 1 0.8
2 163454 483 4236 1 1 1 0.8
2 166314 485 4360 1 50 0 0.8
2 116708 486 3493 1 1 0 0.8
2 72350 487 1966 1 10 1 0.8
2 73056 488 2019 1 1 0 0.8
2 95687 489 2625 1 1 1 0.8
2 62667 491 1259 1 1 0 0.8
2 72756 492 2081 1 1 0 0.8
2 106799 492 2875 1 1 1 0.8
2 85527 493 2146 1 50 1 0.8
2 126213 493 3224 1 1 1 0.8
2 135110 497 3155 1 1 1 0.8
2 74077 498 1826 1 50 1 0.8
2 128752 499 3110 1 1 1 0.8
2 166605 499 3802 1 10 0 0.8
2 161682 504 4604 1 10 1 0.8
2 149078 509 3140 1 1 0 0.8
2 117268 510 3431 1 1 0 0.8
2 64187 512 1582 1 1 1 0.8
2 103476 514 2568 1 10 1 0.8
2 64593 514 1688 1 1 0 0.8
2 64342 516 1768 1 1 1 0.8
2 91228 517 2213 1 1 1 0.8
2 167624 528 4452 1 50 0 0.8
2 150707 529 3925 1 1 1 0.8
2 175346 530 3585 1 1 0 0.8
2 148198 532 3341 1 1 1 0.8
2 176782 534 5168 1 50 1 0.8
2 89628 534 1987 1 1 0 0.8
2 80020 537 1699 1 1 0 0.8
2 154462 552 3908 1 1 0 0.8
2 69741 554 2077 1 1 0 0.8
2 101769 559 2271 1 10 1 0.8
2 139028 559 4126 1 10 0 0.8
2 141470 560 2879 1 1 1 0.8
2 121904 563 2575 1 1 0 0.8
2 130555 565 3382 1 10 1 0.8
2 138804 565 3234 1 1 1 0.8
2 115371 565 2972 1 1 0 0.8
2 93227 567 2308 1 1 1 0.8
2 150781 569 3032 1 10 0 0.8
2 171532 569 4659 1 10 1 0.8
2 67675 570 1676 1 1 0 0.8
2 61872 570 1687 1 1 1 0.8
2 161022 574 3943 1 1 1 0.8
2 117296 577 2784 1 1 1 0.8
2 62267 579 1436 1 1 0 0.8
2 109106 580 3077 1 10 0 0.8
2 102225 581 2848 1 1 0 0.8
2 172816 583 4483 1 10 1 0.8
2 68840 587 1644 1 1 1 0.8
2 170897 590 3604 1 50 1 0.8
2 77530 600 2304 1 1 0 0.8
2 160954 601 3856 1 1 1 0.8
2 92112 601 2020 1 1 0 0.8
2 93295 604 1945 1 10 1 0.8
2 152920 604 3435 1 10 1 0.8
2 159766 609 3891 1 50 1 0.8
2 165739 612 3674 1 1 1 0.8
2 163172 613 4533 1 1 1 0.8
2 145448 616 3233 1 1 0 0.8
2 87090 617 1814 1 1 1 0.8
2 134300 618 3269 1 1 0 0.8
2 65437 621 1610 1 1 1 0.8
2 172085 622 4540 1 1 0 0.8
2 85319 623 2123 1 10 1 0.8
2 85242 623 2384 1 10 0 0.8
2 144451 624 3212 1 1 1 0.8
2 64285 625 1339 1 10 0 0.8
2 67741 628 1495 1 10 0 0.8
2 72689 631 1896 1 1 0 0.8
2 106940 633 3185 1 1 0 0.8
2 77601 633 2056 1 1 1 0.8
2 165607 638 4852 1 1 1 0.8
2 148018 640 4092 1 1 0 0.8
2 83672 642 2117 1 50 0 0.8
2 66839 643 1543 1 1 0 0.8
2 83618 644 1843 1 1 1 0.8
2 71409 645 1588 1 1 0 0.8
2 83314 646 1818 1 1 0 0.8
2 157458 647 4345 1 1 1 0.8
2 76511 647 2280 1 50 1 0.8
2 166484 651 4859 1 10 1 0.8
2 166669 653 4746 1 50 1 0.8
2 154148 654 3972 1 1 0 0.8
2 124124 655 3509 1 1 1 0.8
2 148001 662 3555 1 1 1 0.8
2 67675 663 1725 1 1 1 0.8
2 173327 669 4995 1 10 1 0.8
2 135870 671 3846 1 10 0 0.8
2 84763 673 2514 1 1 0 0.8
2 112624 673 3279 1 50 1 0.8
2 179918 674 4311 1 1 0 0.8
2 148156 675 3902 1 50 1 0.8
2 106399 682 3184 1 1 1 0.8
2 153842 686 4353 1 1 0 0.8
2 140023 687 3735 1 50 0 0.8
2 60272 690 1263 1 1 0 0.8
2 153094 692 3548 1 10 1 0.8
2 148477 696 3636 1 1 0 0.8
2 130112 697 3624 1 1 1 0.8
2 114084 706 2578 1 50 1 0.8
2 79403 709 1979 1 10 1 0.8
2 66655 712 1581 1 1 1 0.8
2 83092 714 2357 1 10 1 0.8
2 66969 715 1909 1 1 0 0.8
2 96627 717 2586 1 1 1 0.8
2 76490 717 1641 1 50 1 0.8
2 101488 718 2238 1 1 1 0.8
2 98796 718 2537 1 1 1 0.8
2 119829 721 3289 1 10 1 0.8
2 100000 722 2985 1 10 0 0.8
2 179696 723 4033 1 1 1 0.8
2 68607 723 1846 1 50 0 0.8
2 124733 724 3505 1 1 1 0.8
2 88777 727 2251 1 1 0 0.8
2 167576 730 4369 1 1 0 0.8
2 81033 730 1943 1 1 1 0.8
2 133289 733 3346 1 10 0 0.8
2 64345 733 1788 1 10 1 0.8
2 116188 736 2588 1 10 1 0.8
2 98000 740 2141 1 10 1 0.8
2 78292 742 1795 1 1 1 0.8
2 78091 746 1693 1 1 1 0.8
2 97007 749 2201 1 1 0 0.8
2 162042 750 4397 1 1 0 0.8
2 131255 751 3158 1 50 0 0.8
2 138827 753 2895 1 10 1 0.8
2 136824 757 3366 1 1 1 0.8
2 70203 759 2013 1 1 0 0.8
2 113458 765 2886 1 10 0 0.8
2 150570 771 4260 1 1 0 0.8
2 145688 772 3738 1 1 0 0.8
2 63329 776 1856 1 10 0 0.8
2 81228 777 2168 1 10 0 0.8
2 117610 778 2850 1 1 1 0.8
2 117494 780 2446 1 50 1 0.8
2 86227 784 1875 1 50 1 0.8
2 83537 785 1677 1 1 0 0.8
2 95842 790 2086 1 1 0 0.8
2 95730 790 2316 1 1 0 0.8
2 81771 791 1849 1 10 1 0.8
2 127066 792 3066 1 10 0 0.8
2 74607 794 1537 1 1 0 0.8
2 145287 795 3789 1 50 0 0.8
2 128087 800 3283 1 10 1 0.8
2 137771 800 4014 1 1 0 0.8
2 100172 802 2235 1 1 0 0.8
2 150715 805 3405 1 1 0 0.8
2 141635 806 3425 1 1 1 0.8
2 161513 807 3652 1 1 1 0.8
2 129172 810 2847 1 1 0 0.8
2 130085 812 3758 1 10 1 0.8
2 105997 812 2499 1 50 1 0.8
2 146176 813 3552 1 1 0 0.8
2 87291 816 1784 1 10 0 0.8
2 128868 820 2952 1 1 0 0.8
2 170896 820 3630 1 1 1 0.8
2 65410 822 1427 1 1 1 0.8
2 137864 823 3885 1 1 1 0.8
2 105712 825 3101 1 10 0 0.8
2 148682 827 4318 1 50 0 0.8
2 90725 827 2150 1 10 0 0.8
2 162013 827 3363 1 10 0 0.8
2 63705 828 1737 1 1 0 0.8
2 84468 829 1864 1 1 1 0.8
2 93339 830 2530 1 1 0 0.8
2 138942 831 3616 1 10 0 0.8
2 115264 838 2479 1 10 1 0.8
2 160609 838 3648 1 1 1 0.8
2 167602 839 4372 1 1 1 0.8
2 146486 843 3795 1 10 0 0.8
2 82909 843 2124 1 10 0 0.8
2 105333 845 2740 1 1 1 0.8
2 122572 849 3374 1 10 0 0.8
2 172981 849 4033 1 1 1 0.8
2 78421 849 2263 1 1 0 0.8
2 155030 851 3164 1 1 0 0.8
2 133771 851 3046 1 10 0 0.8
2 125967 854 3486 1 50 1 0.8
2 148728 854 3094 1 50 1 0.8
2 119767 857 3092 1 10 0 0.8
2 156032 858 4622 1 1 0 0.8
2 170134 864 4742 1 10 0 0.8
2 177013 866 4500 1 10 0 0.8
2 129450 871 3101 1 50 0 0.8
2 140430 872 3396 1 1 1 0.8
2 169656 872 4018 1 10 1 0.8
2 158257 875 4627 1 1 1 0.8
2 130760 882 3679 1 50 1 0.8
2 84474 883 2314 1 10 1 0.8
2 161651 889 4772 1 1 0 0.8
2 100456 891 2238 1 1 1 0.8
2 176078 891 3537 1 1 0 0.8
2 148422 893 3296 1 1 1 0.8
2 158820 897 4177 1 1 0 0.8
2 62548 897 1617 1 10 0 0.8
2 133805 897 3351 1 10 1 0.8
2 62527 899 1553 1 50 0 0.8
2 131602 900 3612 1 1 1 0.8
2 118524 904 3113 1 1 0 0.8
2 131176 911 3164 1 10 0 0.8
2 101346 912 2347 1 10 0 0.8
2 101652 914 2661 1 1 1 0.8
2 150993 915 4382 1 10 0 0.8
2 74052 919 1962 1 10 1 0.8
2 82923 926 2174 1 1 0 0.8
2 90091 928 2201 1 10 0 0.8
2 118262 929 2381 1 10 1 0.8
2 120811 932 3176 1 50 0 0.8
2 125140 935 2878 1 1 0 0.8
2 114188 943 2333 1 10 1 0.8
2 127290 945 2552 1 10 0 0.8
2 104194 950 3023 1 1 0 0.8
2 93128 950 2078 1 1 0 0.8
2 157964 953 3932 1 10 0 0.8
2 98582 954 2632 1 10 0 0.8
2 133188 954 3810 1 50 1 0.8
2 157303 956 3959 1 1 0 0.8
2 176987 957 4423 1 10 0 0.8
2 141144 957 3431 1 1 0 0.8
2 142570 958 4044 1 10 1 0.8
2 72802 960 1596 1 1 0 0.8
2 136632 962 2759 1 1 0 0.8
2 134046 963 3453 1 1 0 0.8
2 75529 964 2034 1 10 1 0.8
2 72713 966 1889 1 1 0 0.8
2 154752 969 3808 1 10 0 0.8
2 92515 971 2668 1 1 1 0.8
2 173162 974 4351 1 10 1 0.8
2 151428 976 3622 1 1 0 0.8
2 88464 979 2535 1 1 0 0.8
2 115429 988 3404 1 1 0 0.8
2 179843 991 5224 1 1 0 0.8
2 147573 991 3346 1 10 0 0.8
2 70127 994 1493 1 10 1 0.8
2 151619 1000 3248 1 50 0 0.8
2 153055 1001 4404 1 10 0 0.8
2 155093 1002 3762 1 1 1 0.8
2 106867 1015 2703 1 1 0 0.8
2 79121 1018 2266 1 1 0 0.8
2 60231 1021 1222 1 1 1 0.8
2 67579 1023 1750 1 1 1 0.8
2 83872 1023 1832 1 1 1 0.8
2 140369 1024 3167 1 10 1 0.8
2 70708 1025 1511 1 10 0 0.8
2 170875 1025 3455 1 1 1 0.8
2 138472 1028 3797 1 1 1 0.8
2 113388 1030 3345 1 50 1 0.8
2 124367 1031 2925 1 10 0 0.8
2 131214 1036 2682 1 10 0 0.8
2 63913 1040 1703 1 1 0 0.8
2 86245 1042 2575 1 50 1 0.8
2 150026 1043 3236 1 1 0 0.8
2 109436 1049 2807 1 10 1 0.8
2 87104 1050 2339 1 10 1 0.8
2 175744 1051 4397 1 50 0 0.8
2 176598 1052 3684 1 50 0 0.8
2 129830 1052 2802 1 1 1 0.8
2 121671 1060 3378 1 10 0 0.8
2 168002 1063 4033 1 10 1 0.8
2 175203 1066 4997 1 1 1 0.8
2 148144 1074 3002 1 10 0 0.8
2 159968 1076 4771 1 10 0 0.8
2 134728 1077 3207 1 1 1 0.8
2 88393 1083 1833 1 50 0 0.8
2 120172 1088 2447 1 1 0 0.8
2 85841 1089 2536 1 10 1 0.8
2 113428 1094 2479 1 1 0 0.8
2 143159 1097 3139 1 10 0 0.8
2 133565 1098 3989 1 50 0 0.8
2 78554 1098 2206 1 1 1 0.8
2 145279 1101 4026 1 1 1 0.8
2 111670 1112 2714 1 1 0 0.8
2 150740 1113 3332 1 1 1 0.8
2 76410 1115 2194 1 1 0 0.8
2 99962 1116 2879 1 1 1 0.8
2 63722 1118 1846 1 1 0 0.8
2 134882 1118 3969 1 10 0 0.8
2 118395 1121 3097 1 10 1 0.8
2 160984 1129 4281 1 1 0 0.8
2 142351 1132 3039 1 1 1 0.8
2 161890 1138 3463 1 1 0 0.8
2 102913 1141 2813 1 1 1 0.8
2 105419 1147 2333 1 1 0 0.8
2 94969 1150 2447 1 10 0 0.8
2 102791 1153 2857 1 1 1 0.8
2 92367 1157 2597 1 1 0 0.8
2 61148 1160 1733 1 50 0 0.8
2 101231 1161 2478 1 1 1 0.8
2 146338 1166 3907 1 1 0 0.8
2 133357 1168 3092 1 10 1 0.8
2 81026 1169 2234 1 1 1 0.8
2 105079 1171 2135 1 10 1 0.8
2 72954 1173 1534 1 1 0 0.8
2 167015 1173 4637 1 1 0 0.8
2 161968 1174 4148 1 10 1 0.8
2 64950 1176 1418 1 10 0 0.8
2 153089 1180 3369 1 10 1 0.8
2 73297 1180 1771 1 1 0 0.8
2 150155 1186 3420 1 1 1 0.8
2 178086 1188 4067 1 10 0 0.8
2 60085 1192 1604 1 1 1 0.8
2 120574 1192 3069 1 10 0 0.8
2 134194 1193 3855 1 10 1 0.8
2 167136 1195 4009 1 1 0 0.8
2 158171 1196 4334 1 1 1 0.8
2 83818 1202 1921 1 1 0 0.8
2 158862 1207 4411 1 50 0 0.8
2 165567 1209 4397 1 1 0 0.8
2 175810 1216 4555 1 1 1 0.8
2 85733 1216 2275 1 1 1 0.8
2 136142 1219 3547 1 1 1 0.8
2 69939 1222 1848 1 10 0 0.8
2 120132 1222 3162 1 10 1 0.8
2 77930 1227 1713 1 1 1 0.8
2 104232 1229 2494 1 1 0 0.8
2 164296 1230 3688 1 50 1 0.8
2 140165 1233 4156 1 1 1 0.8
2 146244 1235 3204 1 50 0 0.8
2 66053 1250 1795 1 1 1 0.8
2 117103 1251 2842 1 1 0 0.8
2 133997 1252 3741 1 1 1 0.8
2 168351 1255 3838 1 10 1 0.8
2 93757 1260 2604 1 1 0 0.8
2 121526 1262 2905 1 1 0 0.8
2 82137 1265 1915 1 1 0 0.8
2 176947 1267 4989 1 1 1 0.8
2 134868 1276 2804 1 1 1 0.8
2 103884 1277 2097 1 1 1 0.8
2 152632 1279 4043 1 1 0 0.8
2 79624 1280 1875 1 10 0 0.8
2 164012 1285 3909 1 1 1 0.8
2 104901 1286 2538 1 1 0 0.8
2 148512 1288 3583 1 50 1 0.8
2 77893 1291 1702 1 10 1 0.8
2 108044 1298 2495 1 10 1 0.8
2 158631 1298 3266 1 1 0 0.8
2 112081 1299 2334 1 1 1 0.8
2 157340 1301 4256 1 1 1 0.8
2 135914 1302 3821 1 10 1 0.8
2 75001 1305 1864 1 1 0 0.8
2 147470 1305 4009 1 1 0 0.8
2 65781 1307 1808 1 1 1 0.8
2 78362 1312 1647 1 1 0 0.8
2 100224 1312 2138 1 1 0 0.8
2 90703 1314 2626 1 1 1 0.8
2 124911 1314 3432 1 1 1 0.8
2 111396 1317 3260 1 1 0 0.8
2 125777 1317 2629 1 1 0 0.8
2 137112 1319 4080 1 1 0 0.8
2 124226 1320 2596 1 1 1 0.8
2 177587 1322 4770 1 1 0 0.8
2 146228 1322 3522 1 1 1 0.8
2 166685 1326 3716 1 1 1 0.8
2 171258 1328 4080 1 10 1 0.8
2 135992 1329 3606 1 1 0 0.8
2 133307 1331 2994 1 1 1 0.8
2 63812 1334 1448 1 1 0 0.8
2 147330 1337 4331 1 1 0 0.8
2 111718 1340 2253 1 1 0 0.8
2 133155 1342 2709 1 1 0 0.8
2 76455 1343 1828 1 1 0 0.8
2 65763 1345 1700 1 10 1 0.8
2 179032 1349 3972 1 50 0 0.8
2 139661 1350 3006 1 10 1 0.8
2 74941 1351 1676 1 50 1 0.8
2 170563 1352 4766 1 50 0 0.8
2 101486 1357 2738 1 1 1 0.8
2 158256 1358 3680 1 10 0 0.8
2 112271 1360 2393 1 10 0 0.8
2 111222 1361 2504 1 1 1 0.8
2 108195 1361 3190 1 1 1 0.8
2 89053 1364 2290 1 1 0 0.8
2 121026 1367 3156 1 1 1 0.8
2 136411 1368 3606 1 1 1 0.8
2 118534 1371 2713 1 1 0 0.8
2 64447 1371 1366 1 10 0 0.8
2 82460 1373 2129 1 10 0 0.8
2 153251 1376 4011 1 10 1 0.8
2 78695 1378 2341 1 10 1 0.8
2 138359 1381 3913 1 10 1 0.8
2 108798 1382 2783 1 1 1 0.8
2 69579 1387 1516 1 1 0 0.8
2 115888 1389 3177 1 1 1 0.8
2 171283 1391 4871 1 1 1 0.8
2 77172 1392 1985 1 1 0 0.8
2 111346 1393 2347 1 10 1 0.8
2 118902 1393 2576 1 1 0 0.8
2 119981 1397 3032 1 1 1 0.8
2 131428 1398 3686 1 1 1 0.8
2 96594 1398 2096 1 1 1 0.8
2 144747 1400 4194 1 10 0 0.8
2 79984 1402 1898 1 10 1 0.8
2 85306 1404 2033 1 1 0 0.8
2 102238 1404 2209 1 1 0 0.8
2 152255 1405 3327 1 1 0 0.8
2 114363 1405 3375 1 1 0 0.8
2 137877 1407 3897 1 10 0 0.8
2 129991 1407 3440 1 1 1 0.8
2 84926 1408 2133 1 1 1 0.8
2 168342 1411 4747 1 10 0 0.8
2 160487 1413 4637 1 10 0 0.8
2 126748 1426 2637 1 1 1 0.8
2 78570 1427 2276 1 10 0 0.8
2 152987 1429 3939 1 50 0 0.8
2 80406 1433 2164 1 1 0 0.8
2 126360 1439 3234 1 1 0 0.8
2 89615 1439 2026 1 1 1 0.8
2 99950 1442 2302 1 1 1 0.8
2 127820 1444 3261 1 10 0 0.8
2 169079 1445 4390 1 1 1 0.8
2 138591 1445 3845 1 1 0 0.8
2 67324 1451 1895 1 10 0 0.8
2 143680 1453 2987 1 10 1 0.8
2 97587 1453 2147 1 10 1 0.8
2 86885 1454 2453 1 1 0 0.8
2 105789 1455 2953 1 10 1 0.8
2 124156 1460 3233 1 1 0 0.8
2 71782 1460 1975 1 10 1 0.8
2 173118 1461 4182 1 10 0 0.8
2 154515 1462 3676 1 10 0 0.8
2 121658 1462 2463 1 1 1 0.8
2 143541 1463 3494 1 50 0 0.8
2 66267 1464 1983 1 1 0 0.8
2 102928 1467 2725 1 1 0 0.8
2 62339 1472 1692 1 1 1 0.8
2 148310 1474 3510 1 1 0 0.8
2 119417 1475 3142 1 50 0 0.8
2 154582 1478 4237 1 50 1 0.8
2 104714 1482 2230 1 1 1 0.8
2 117123 1482 2464 1 1 0 0.8
2 125571 1486 3710 1 50 0 0.8
2 63309 1488 1783 1 10 0 0.8
2 82881 1489 1868 1 1 0 0.8
2 166840 1495 3962 1 10 0 0.8
2 111663 1504 2756 1 1 1 0.8
2 100557 1506 2987 1 1 1 0.8
2 74272 1508 2049 1 10 1 0.8
2 176453 1509 4376 1 1 0 0.8
2 61359 1510 1378 1 10 1 0.8
2 114685 1510 3046 1 1 1 0.8
2 110373 1512 2641 1 10 0 0.8
2 85795 1514 2270 1 1 0 0.8
2 95050 1522 1905 1 1 0 0.8
2 89829 1522 2149 1 1 1 0.8
2 150057 1523 4385 1 1 1 0.8
2 123454 1523 2753 1 1 0 0.8
2 103663 1524 3064 1 1 1 0.8
2 167177 1537 4963 1 1 0 0.8
2 107797 1540 2347 1 1 0 0.8
2 148937 1546 3879 1 10 1 0.8
2 155036 1552 3770 1 1 1 0.8
2 85853 1553 1743 1 10 1 0.8
2 80705 1555 1705 1 1 1 0.8
2 148472 1555 3576 1 1 1 0.8
2 134884 1558 2781 1 1 1 0.8
2 173766 1564 5183 1 1 0 0.8
2 150617 1568 4278 1 1 0 0.8
2 63458 1570 1773 1 50 0 0.8
2 75836 1570 2135 1 1 0 0.8
2 83794 1575 1874 1 1 1 0.8
2 76218 1577 1961 1 1 1 0.8
2 172140 1584 3963 1 10 1 0.8
2 83671 1596 2168 1 10 1 0.8
2 161616 1600 4353 1 1 0 0.8
2 147005 1600 4193 1 10 1 0.8
2 116431 1601 2964 1 1 1 0.8
2 161459 1608 4672 1 1 0 0.8
2 124573 1612 2717 1 1 1 0.8
2 143666 1613 3261 1 1 1 0.8
2 72543 1614 1722 1 10 0 0.8
2 161732 1617 3948 1 1 1 0.8
2 167268 1618 4074 1 1 1 0.8
2 113666 1620 3270 1 1 0 0.8
2 63803 1623 1456 1 10 0 0.8
2 77378 1627 1904 1 10 1 0.8
2 92508 1630 2259 1 10 1 0.8
2 105901 1630 2607 1 10 1 0.8
2 146335 1631 4019 1 1 1 0.8
2 172402 1631 4142 1 10 1 0.8
2 122668 1632 3292 1 50 1 0.8
2 141511 1634 4179 1 1 0 0.8
2 62193 1638 1408 1 10 1 0.8
2 133143 1640 3595 1 1 0 0.8
2 73628 1643 1767 1 1 0 0.8
2 63369 1646 1753 1 1 0 0.8
2 104784 1660 2200 1 50 1 0.8
2 106809 1660 2558 1 10 1 0.8
2 151875 1660 4451 1 1 0 0.8
2 130247 1662 3565 1 1 1 0.8
2 178847 1668 4495 1 10 0 0.8
2 123435 1668 3600 1 10 0 0.8
2 90489 1670 2353 1 1 0 0.8
2 75476 1670 1884 1 1 1 0.8
2 69729 1671 1573 1 10 0 0.8
2 129373 1672 3465 1 1 0 0.8
2 61192 1675 1536 1 10 1 0.8
2 96781 1677 2600 1 1 0 0.8
2 132213 1681 2657 1 10 0 0.8
2 147753 1684 3088 1 1 1 0.8
2 173779 1685 5162 1 1 0 0.8
2 138149 1685 3308 1 50 1 0.8
2 167793 1687 3449 1 10 0 0.8
2 156087 1689 4477 1 1 1 0.8
2 155129 1689 4563 1 1 0 0.8
2 110350 1690 2631 1 10 0 0.8
2 81696 1690 2044 1 10 1 0.8
2 93032 1690 2170 1 1 1 0.8
2 108532 1692 2995 1 1 0 0.8
2 144208 1693 4008 1 10 1 0.8
2 80454 1700 2134 1 1 1 0.8
2 137107 1710 3880 1 10 1 0.8
2 135566 1710 3970 1 1 1 0.8
2 174260 1712 3753 1 1 1 0.8
2 155132 1712 3581 1 50 1 0.8
2 109795 1714 3048 1 1 1 0.8
2 82138 1719 2446 1 1 0 0.8
2 131157 1720 3830 1 10 0 0.8
2 177266 1721 5316 1 1 0 0.8
2 72392 1722 1784 1 50 1 0.8
2 125786 1722 3298 1 10 0 0.8
2 148530 1729 3576 1 1 1 0.8
2 129724 1730 3094 1 10 1 0.8
2 78719 1732 1870 1 1 1 0.8
2 67142 1733 1397 1 1 0 0.8
2 156631 1733 4426 1 1 1 0.8
2 83334 1734 1974 1 10 0 0.8
2 168550 1737 4931 1 10 0 0.8
2 151723 1738 3653 1 1 1 0.8
2 151248 1740 3383 1 10 0 0.8
2 158161 1740 3634 1 1 1 0.8
2 142665 1743 3320 1 10 1 0.8
2 69597 1743 1983 1 10 0 0.8
2 137826 1746 3015 1 10 1 0.8
2 65471 1746 1948 1 50 1 0.8
2 62358 1747 1779 1 1 1 0.8
2 69453 1750 1921 1 1 0 0.8
2 74988 1750 2245 1 1 0 0.8
2 76606 1752 1666 1 1 0 0.8
2 150256 1753 3897 1 1 0 0.8
2 124940 1774 3326 1 1 0 0.8
2 174811 1777 3662 1 1 1 0.8
2 127148 1779 3361 1 1 0 0.8
2 158606 1783 4089 1 1 1 0.8
2 139160 1789 2989 1 1 1 0.8
2 177327 1798 3783 1 1 0 0.8
2 134272 1803 3104 1 1 0 0.8
2 171113 1805 3833 1 1 0 0.8
2 81970 1805 2299 1 1 0 0.8
2 126434 1805 3753 1 1 0 0.8
2 90588 1808 2056 1 1 0 0.8
2 119639 1817 2860 1 1 1 0.8
2 125289 1823 3192 1 1 1 0.8
2 123562 1823 3583 1 10 0 0.8
2 153620 1824 3915 1 1 1 0.8
2 176895 1825 5066 1 1 0 0.8
2 83451 1830 1959 1 1 0 0.8
2 69210 1830 1398 1 10 0 0.8
2 105630 1834 2704 1 10 1 0.8
2 61422 1837 1448 1 10 0 0.8
2 124710 1838 3659 1 1 0 0.8
2 158463 1840 3496 1 10 1 0.8
2 168817 1845 3967 1 1 0 0.8
2 101255 1845 2562 1 50 1 0.8
2 168671 1846 4508 1 1 0 0.8
2 111629 1848 3056 1 1 1 0.8
2 90114 1848 2513 1 1 1 0.8
2 127562 1849 2815 1 10 0 0.8
2 76066 1851 1956 1 10 0 0.8
2 95464 1852 2725 1 10 0 0.8
2 172761 1855 3929 1 1 0 0.8
2 175710 1859 4039 1 1 0 0.8
2 97562 1860 2719 1 1 1 0.8
2 60668 1863 1640 1 1 1 0.8
2 172948 1863 4592 1 1 1 0.8
2 131079 1868 2685 1 1 0 0.8
2 104442 1870 2843 1 1 0 0.8
2 167011 1871 4580 1 1 1 0.8
2 170031 1873 4066 1 50 0 0.8
2 124610 1874 2654 1 50 0 0.8
2 139751 1875 3128 1 10 0 0.8
2 160699 1875 3700 1 1 0 0.8
2 122229 1875 2855 1 10 0 0.8
2 122667 1878 3357 1 1 0 0.8
2 83219 1881 1683 1 1 1 0.8
2 112470 1882 2874 1 1 0 0.8
2 179253 1885 4082 1 1 1 0.8
2 80133 1887 2179 1 10 1 0.8
2 162384 1887 3734 1 1 0 0.8
2 155388 1892 4239 1 1 0 0.8
2 149333 1892 3911 1 1 1 0.8
2 155694 1894 4580 1 1 1 0.8
2 104940 1895 2443 1 1 1 0.8
2 130078 1898 2844 1 1 0 0.8
2 126726 1899 3296 1 50 1 0.8
2 177806 1901 4097 1 1 1 0.8
2 113700 1906 2782 1 50 0 0.8
2 60170 1906 1686 1 10 1 0.8
2 125240 1906 3395 1 1 0 0.8
2 160003 1907 3364 1 10 1 0.8
2 166186 1910 4238 1 1 1 0.8
2 170327 1914 4129 1 1 0 0.8
2 130115 1915 3237 1 1 0 0.8
2 65855 1916 1899 1 1 0 0.8
2 82999 1917 2193 1 10 0 0.8
2 162452 1919 3500 1 1 1 0.8
2 158701 1920 4415 1 10 1 0.8
2 91005 1921 2249 1 1 0 0.8
2 102810 1921 2910 1 10 0 0.8
2 70054 1923 1780 1 1 1 0.8
2 168367 1926 4891 1 1 0 0.8
2 179010 1931 4221 1 1 1 0.8
2 84609 1932 1761 1 1 0 0.8
2 175077 1935 3980 1 1 1 0.8
2 72123 1936 1836 1 1 0 0.8
2 61853 1937 1436 1 50 0 0.8
2 98856 1941 2478 1 1 1 0.8
2 92204 1941 2765 1 1 0 0.8
2 144386 1942 3707 1 10 1 0.8
2 152630 1943 4070 1 10 0 0.8
2 102185 1943 2653 1 1 0 0.8
2 169517 1950 4485 1 1 1 0.8
2 68060 1953 1975 1 1 1 0.8
2 94428 1953 2401 1 10 0 0.8
2 152594 1955 3293 1 50 1 0.8
2 174697 1956 4476 1 1 1 0.8
2 108028 1957 3039 1 1 1 0.8
2 78053 1960 2329 1 1 1 0.8
2 145956 1960 3509 1 1 0 0.8
2 166668 1961 4301 1 1 0 0.8
2 91707 1963 2467 1 1 1 0.8
2 132854 1964 2992 1 10 0 0.8
2 118076 1965 3448 1 1 0 0.8
2 87215 1965 1997 1 1 1 0.8
2 100220 1967 2271 1 10 1 0.8
2 66562 1968 1682 1 10 1 0.8
2 118392 1969 3363 1 1 1 0.8
2 163239 1971 4262 1 1 0 0.8
2 95596 1973 1959 1 50 1 0.8
2 122585 1978 3289 1 1 1 0.8
2 70430 1981 1836 1 1 1 0.8
2 165394 1984 3988 1 50 1 0.8
2 166699 1986 4358 1 10 0 0.8
2 155082 1986 3762 1 10 0 0.8
2 176068 1986 5108 1 10 0 0.8
2 149827 1987 3875 1 10 1 0.8
2 100885 1988 2947 1 1 1 0.8
2 178252 1994 4029 1 10 1 0.8
2 151885 1997 3530 1 1 1 0.8
2 125235 2001 2796 1 10 0 0.8
2 162281 2002 3351 1 10 0 0.8
2 63397 2003 1412 1 10 0 0.8
2 142541 2004 2960 1 50 0 0.8
2 132556 2005 3606 1 1 0 0.8
2 173375 2005 3591 1 1 1 0.8
2 160164 2008 4508 1 1 0 0.8
2 133816 2011 2812 1 1 0 0.8
2 129865 2014 3073 1 1 1 0.8
2 60143 2017 1535 1 1 0 0.8
2 101615 2023 2564 1 1 0 0.8
2 162690 2023 4787 1 1 0 0.8
2 147869 2025 4374 1 10 0 0.8
2 163962 2030 3428 1 1 0 0.8
2 155485 2030 3677 1 1 1 0.8
2 176544 2030 3854 1 1 0 0.8
2 169072 2031 3649 1 1 0 0.8
2 77790 2033 1626 1 1 0 0.8
2 130547 2036 3584 1 10 0 0.8
2 133761 2037 3829 1 10 0 0.8
2 155371 2043 4106 1 10 1 0.8
2 172401 2045 3993 1 1 1 0.8
2 145488 2045 3391 1 50 0 0.8
2 146513 2048 3383 1 10 0 0.8
2 162024 2049 4792 1 50 0 0.8
2 132402 2051 3203 1 1 1 0.8
2 95124 2056 2222 1 1 1 0.8
2 161898 2058 3824 1 1 1 0.8
2 143561 2058 4028 1 10 1 0.8
2 143218 2067 2998 1 1 0 0.8
2 127756 2070 3527 1 1 0 0.8
2 83601 2073 1730 1 10 0 0.8
2 150609 2075 3493 1 1 0 0.8
2 160361 2076 4392 1 50 1 0.8
2 92696 2078 2500 1 1 1 0.8
2 167139 2079 4145 1 1 1 0.8
2 122618 2084 3495 1 10 1 0.8
2 113520 2085 2287 1 50 1 0.8
2 84270 2089 2484 1 1 0 0.8
2 149283 2091 3293 1 1 1 0.8
2 158222 2092 3246 1 50 1 0.8
2 66287 2093 1904 1 1 1 0.8
2 100002 2093 2578 1 1 0 0.8
2 100251 2094 2750 1 10 1 0.8
2 63736 2097 1334 1 1 0 0.8
2 177387 2105 4158 1 10 1 0.8
2 85669 2110 2439 1 10 0 0.8
2 137684 2116 3396 1 1 1 0.8
2 91613 2122 2434 1 1 1 0.8
2 114138 2124 2437 1 1 1 0.8
2 152306 2125 3169 1 50 0 0.8
2 71754 2126 2051 1 10 1 0.8
2 149394 2128 3908 1 10 1 0.8
2 98211 2131 2935 1 10 0 0.8
2 131469 2140 2641 1 1 0 0.8
2 157703 2143 4226 1 50 0 0.8
2 152062 2147 4171 1 10 1 0.8
2 83942 2147 2163 1 1 0 0.8
2 80286 2150 1617 1 1 0 0.8
2 167459 2153 4564 1 10 0 0.8
2 134127 2156 3547 1 1 0 0.8
2 176552 2159 5114 1 1 1 0.8
2 91952 2161 2215 1 10 0 0.8
2 145334 2165 3665 1 1 1 0.8
2 107488 2167 2491 1 50 1 0.8
2 97946 2168 2363 1 10 0 0.8
2 137972 2168 3685 1 10 1 0.8
2 72053 2169 1505 1 1 0 0.8
2 159068 2171 3598 1 10 1 0.8
2 124333 2172 2837 1 1 1 0.8
2 172209 2172 4551 1 1 1 0.8
2 158283 2172 3551 1 1 1 0.8
2 97787 2174 2885 1 10 1 0.8
2 133110 2180 3600 1 1 1 0.8
2 153556 2183 3555 1 10 1 0.8
2 110727 2186 2628 1 1 1 0.8
2 169573 2187 3858 1 10 0 0.8
2 140912 2188 3789 1 10 1 0.8
2 113319 2190 2791 1 1 0 0.8
2 152260 2201 3196 1 1 0 0.8
2 177351 2204 5260 1 1 0 0.8
2 162499 2205 3777 1 1 0 0.8
2 66758 2206 1794 1 10 0 0.8
2 77710 2208 2320 1 1 0 0.8
2 107870 2209 2173 1 1 0 0.8
2 81926 2209 1898 1 1 0 0.8
2 130790 2210 3586 1 1 0 0.8
2 61541 2210 1746 1 1 0 0.8
2 155965 2217 3994 1 1 0 0.8
2 74796 2218 1644 1 1 1 0.8
2 122102 2219 3450 1 1 0 0.8
2 175231 2219 4268 1 1 1 0.8
2 140169 2221 2841 1 1 1 0.8
2 86770 2222 2108 1 1 0 0.8
2 125160 2223 3408 1 10 0 0.8
2 136786 2223 3839 1 1 0 0.8
2 178699 2224 4930 1 50 0 0.8
2 99787 2228 2652 1 1 0 0.8
2 64445 2229 1410 1 10 1 0.8
2 153263 2230 4099 1 1 1 0.8
2 73396 2230 1776 1 10 1 0.8
2 167066 2231 4219 1 1 0 0.8
2 120882 2232 2418 1 10 1 0.8
2 140400 2239 3479 1 1 0 0.8
2 176443 2240 4694 1 1 0 0.8
2 82229 2242 2343 1 1 0 0.8
2 118408 2242 2407 1 1 0 0.8
2 108418 2243 3083 1 1 1 0.8
2 140887 2251 4062 1 10 0 0.8
2 135660 2254 3864 1 1 0 0.8
2 137152 2254 2836 1 1 1 0.8
2 123175 2256 2523 1 1 0 0.8
2 86203 2259 1804 1 10 0 0.8
2 83619 2261 1873 1 1 0 0.8
2 61409 2262 1525 1 1 0 0.8
2 126471 2264 3664 1 1 0 0.8
2 60792 2269 1513 1 50 0 0.8
2 104959 2273 3119 1 10 0 0.8
2 165173 2274 4755 1 1 1 0.8
2 169434 2276 3839 1 1 0 0.8
2 171443 2278 3905 1 1 0 0.8
2 112031 2284 2502 1 10 0 0.8
2 146360 2284 3118 1 1 1 0.8
2 101721 2292 2852 1 10 0 0.8
2 67168 2294 1696 1 1 0 0.8
2 150335 2299 3969 1 10 1 0.8
2 150054 2301 3704 1 10 1 0.8
2 179438 2303 5267 1 1 0 0.8
2 99379 2304 2259 1 10 1 0.8
2 70063 2315 1431 1 1 1 0.8
2 176001 2318 3809 1 1 1 0.8
2 107228 2320 2852 1 1 0 0.8
2 67663 2323 1485 1 1 1 0.8
2 75937 2325 1782 1 1 0 0.8
2 125118 2326 3300 1 10 1 0.8
2 116142 2329 2860 1 1 0 0.8
2 179053 2333 4231 1 10 0 0.8
2 141546 2333 4071 1 1 0 0.8
2 154896 2334 3542 1 1 1 0.8
2 61539 2338 1233 1 1 1 0.8
2 117889 2341 3457 1 50 0 0.8
2 95246 2342 2630 1 10 0 0.8
2 130411 2347 3689 1 10 1 0.8
2 61813 2350 1497 1 1 1 0.8
2 173740 2354 3717 1 1 1 0.8
2 156630 2355 3502 1 1 0 0.8
2 89554 2356 2283 1 10 1 0.8
2 150424 2357 4154 1 10 1 0.8
2 80167 2361 2394 1 1 1 0.8
2 85116 2361 2237 1 10 1 0.8
2 125717 2362 3576 1 1 1 0.8
2 77893 2367 1653 1 1 1 0.8
2 140553 2367 3723 1 10 1 0.8
2 84322 2367 1876 1 1 1 0.8
2 126071 2370 2646 1 10 0 0.8
2 81614 2370 2319 1 50 1 0.8
2 143357 2372 3760 1 10 1 0.8
2 135137 2373 2751 1 1 0 0.8
2 156646 2374 4113 1 10 0 0.8
2 141559 2375 3431 1 50 0 0.8
2 77701 2376 1923 1 50 1 0.8
2 157028 2376 4111 1 50 1 0.8
2 78437 2380 1746 1 1 0 0.8
2 146633 2382 3033 1 1 0 0.8
2 64994 2389 1548 1 10 0 0.8
2 122625 2395 3391 1 1 1 0.8
2 163499 2396 4264 1 1 1 0.8
2 117491 2399 2874 1 1 1 0.8
2 84983 2408 1949 1 10 0 0.8
2 75731 2409 1534 1 10 1 0.8
2 174078 2412 4359 1 50 1 0.8
2 175080 2415 3757 1 10 1 0.8
2 131297 2417 3044 1 1 0 0.8
2 76665 2420 1543 1 50 1 0.8
2 96931 2421 2848 1 1 0 0.8
2 82741 2423 2145 1 1 0 0.8
2 167718 2423 3738 1 1 0 0.8
2 93736 2423 2265 1 1 0 0.8
2 123504 2430 3344 1 50 0 0.8
2 136833 2432 3254 1 1 0 0.8
2 167611 2433 4700 1 1 1 0.8
2 76412 2436 1558 1 10 0 0.8
2 122847 2437 3412 1 50 1 0.8
2 179360 2441 4025 1 1 1 0.8
2 176725 2446 5283 1 1 0 0.8
2 125757 2450 3123 1 50 1 0.8
2 84942 2457 1712 1 1 0 0.8
2 145982 2462 4313 1 50 0 0.8
2 155938 2462 4412 1 1 0 0.8
2 139097 2467 3334 1 1 0 0.8
2 147203 2467 3930 1 10 0 0.8
2 68249 2469 1957 1 10 1 0.8
2 122188 2472 3620 1 1 1 0.8
2 147040 2475 3892 1 50 0 0.8
2 89489 2478 2343 1 10 1 0.8
2 171903 2481 4338 1 1 1 0.8
2 109952 2481 2230 1 1 1 0.8
2 121557 2482 2759 1 50 0 0.8
2 172465 2483 3666 1 1 0 0.8
2 137501 2486 3658 1 1 1 0.8
2 104142 2486 2189 1 1 0 0.8
2 117703 2486 3385 1 1 0 0.8
2 84447 2488 2155 1 1 0 0.8
2 157276 2490 4091 1 1 0 0.8
2 85399 2490 1994 1 1 1 0.8
2 157176 2490 3762 1 1 1 0.8
2 90837 2492 2588 1 1 0 0.8
2 166712 2492 3463 1 1 1 0.8
2 145521 2499 3752 1 1 0 0.8
2 107895 2499 2197 1 50 1 0.8
2 121710 2502 2960 1 10 1 0.8
2 112000 2508 2468 1 10 0 0.8
2 103372 2508 2844 1 1 1 0.8
2 159858 2509 3782 1 10 1 0.8
2 153760 2509 3667 1 10 1 0.8
2 154528 2510 4619 1 10 1 0.8
2 119724 2511 2738 1 10 0 0.8
2 107777 2513 3009 1 1 0 0.8
2 75713 2519 2046 1 1 1 0.8
2 167131 2521 4274 1 1 0 0.8
2 101529 2522 2473 1 1 0 0.8
2 123587 2524 3345 1 1 0 0.8
2 129671 2530 2751 1 1 0 0.8
2 70153 2532 1983 1 1 1 0.8
2 98690 2535 2691 1 10 1 0.8
2 99939 2540 2275 1 1 1 0.8
2 118721 2541 2736 1 1 0 0.8
2 94246 2541 2216 1 10 1 0.8
2 119589 2542 3442 1 10 0 0.8
2 115187 2548 2664 1 10 1 0.8
2 88061 2564 1832 1 10 0 0.8
2 157719 2568 4613 1 1 0 0.8
2 76104 2569 2003 1 1 0 0.8
2 175634 2569 4198 1 1 0 0.8
2 65633 2572 1871 1 10 0 0.8
2 105921 2575 3111 1 1 1 0.8
2 157954 2575 3671 1 1 0 0.8
2 132454 2578 3002 1 10 1 0.8
2 94823 2581 2766 1 1 0 0.8
2 127688 2587 2723 1 1 0 0.8
2 77708 2596 2042 1 1 0 0.8
2 138507 2598 4135 1 1 1 0.8
2 118064 2598 2700 1 1 0 0.8
2 112030 2602 2523 1 1 1 0.8
2 79663 2607 2242 1 1 1 0.8
2 150805 2610 4022 1 1 0 0.8
2 132535 2611 3525 1 10 0 0.8
2 88377 2614 1815 1 10 1 0.8
2 80784 2616 2231 1 10 0 0.8
2 112094 2618 3186 1 1 0 0.8
2 139299 2618 3542 1 10 0 0.8
2 134950 2619 3968 1 50 1 0.8
2 144863 2623 3578 1 50 0 0.8
2 99584 2623 2742 1 50 0 0.8
2 133592 2623 3983 1 1 0 0.8
2 70988 2627 2123 1 1 0 0.8
2 98236 2634 1966 1 1 1 0.8
2 154129 2637 4588 1 1 1 0.8
2 153959 2644 4114 1 1 1 0.8
2 92902 2655 2579 1 1 1 0.8
2 159253 2662 4650 1 1 0 0.8
2 141290 2663 4196 1 1 1 0.8
2 178940 2664 3592 1 1 0 0.8
2 102246 2665 2734 1 1 1 0.8
2 147416 2667 4074 1 10 0 0.8
2 120392 2667 2518 1 50 1 0.8
2 175547 2669 4344 1 10 1 0.8
2 106218 2670 2370 1 10 0 0.8
2 89158 2674 2198 1 1 1 0.8
2 161223 2677 3505 1 10 0 0.8
2 113985 2677 3321 1 50 1 0.8
2 72250 2680 1967 1 50 1 0.8
2 62727 2684 1747 1 50 1 0.8
2 121453 2687 3157 1 1 1 0.8
2 115328 2688 3142 1 1 0 0.8
2 60931 2689 1818 1 1 0 0.8
2 159423 2690 4264 1 1 0 0.8
2 104607 2692 2780 1 10 1 0.8
2 75178 2694 2122 1 1 1 0.8
2 82335 2695 2214 1 1 0 0.8
2 164160 2696 3518 1 1 1 0.8
2 168751 2700 4527 1 50 0 0.8
2 105341 2700 2305 1 1 1 0.8
2 109409 2703 3051 1 1 1 0.8
2 72658 2705 2064 1 1 0 0.8
2 124884 2706 3093 1 10 1 0.8
2 136736 2710 3316 1 1 0 0.8
2 175919 2711 5252 1 1 1 0.8
2 148474 2711 3969 1 1 0 0.8
2 160535 2717 3328 1 10 1 0.8
2 179835 2719 5099 1 1 1 0.8
2 110920 2725 2340 1 10 1 0.8
2 111651 2729 2514 1 1 1 0.8
2 82793 2732 1680 1 1 1 0.8
2 177568 2734 4109 1 10 1 0.8
2 160611 2738 4614 1 1 1 0.8
2 115118 2742 2586 1 10 0 0.8
2 91213 2744 2255 1 50 1 0.8
2 167528 2747 4975 1 10 0 0.8
2 93670 2750 2279 1 10 1 0.8
2 171051 2751 4949 1 1 0 0.8
2 170039 2758 5062 1 1 1 0.8
2 171018 2760 4760 1 1 0 0.8
2 145461 2760 3156 1 10 0 0.8
2 179950 2764 4779 1 10 0 0.8
2 135025 2764 3016 1 10 1 0.8
2 178827 2764 4563 1 1 0 0.8
2 73154 2769 1692 1 1 0 0.8
2 167421 2772 4724 1 1 1 0.8
2 68145 2773 1945 1 1 0 0.8
2 144783 2780 3132 1 1 0 0.8
2 64432 2784 1570 1 50 0 0.8
2 87422 2788 2538 1 10 1 0.8
2 76599 2791 2187 1 1 1 0.8
2 114659 2792 2790 1 10 0 0.8
2 144342 2793 3419 1 10 0 0.8
2 122934 2793 3637 1 10 0 0.8
2 161738 2798 4011 1 1 1 0.8
2 127164 2798 3228 1 1 0 0.8
2 167818 2800 4753 1 10 1 0.8
2 110886 2810 2924 1 1 1 0.8
2 116081 2812 3052 1 10 0 0.8
2 113510 2813 3325 1 1 0 0.8
2 76042 2813 1587 1 1 1 0.8
2 157302 2814 3449 1 10 1 0.8
2 132639 2814 2889 1 10 1 0.8
2 81131 2815 1822 1 1 1 0.8
2 177560 2817 4968 1 1 1 0.8
2 74312 2817 2005 1 10 0 0.8
2 121314 2818 3236 1 10 1 0.8
2 109142 2825 3235 1 50 1 0.8
2 142054 2830 3670 1 50 0 0.8
2 115326 2833 3306 1 1 0 0.8
2 91805 2844 1994 1 1 1 0.8
2 91291 2846 1994 1 1 1 0.8
2 94060 2846 2034 1 1 1 0.8
2 86596 2846 2226 1 10 0 0.8
2 105449 2847 2705 1 10 1 0.8
2 151447 2848 4313 1 1 1 0.8
2 89385 2850 2301 1 50 1 0.8
2 86847 2851 2383 1 1 1 0.8
2 99776 2853 2013 1 1 0 0.8
2 162497 2853 3983 1 10 0 0.8
2 89515 2855 2054 1 1 1 0.8
2 134192 2857 3358 1 1 1 0.8
2 136917 2859 3579 1 50 0 0.8
2 67532 2860 1720 1 1 0 0.8
2 141818 2860 2884 1 1 1 0.8
2 123920 2864 3342 1 1 0 0.8
2 113526 2866 2514 1 1 1 0.8
2 72690 2871 1523 1 1 1 0.8
2 89661 2875 1881 1 10 0 0.8
2 140399 2876 4078 1 1 0 0.8
2 102589 2877 2335 1 1 1 0.8
2 110906 2877 2299 1 1 1 0.8
2 76023 2878 2221 1 1 1 0.8
2 66556 2879 1794 1 1 1 0.8
2 140891 2880 2962 1 1 1 0.8
2 158003 2884 4161 1 10 0 0.8
2 124580 2886 3023 1 1 0 0.8
2 130590 2886 3539 1 1 1 0.8
2 172295 2888 3843 1 10 0 0.8
2 170402 2892 3835 1 1 0 0.8
2 136906 2892 3148 1 10 0 0.8
2 137532 2896 3623 1 1 1 0.8
2 100127 2900 2926 1 1 0 0.8
2 136740 2904 3515 1 10 1 0.8
2 69496 2905 1566 1 1 1 0.8
2 146921 2911 4173 1 10 0 0.8
2 94422 2911 1959 1 50 0 0.8
2 163989 2911 4498 1 1 1 0.8
2 144189 2914 3235 1 10 0 0.8
2 139766 2922 3921 1 1 0 0.8
2 75888 2923 1764 1 50 1 0.8
2 159796 2924 3439 1 10 1 0.8
2 144895 2926 4012 1 1 0 0.8
2 76666 2936 1859 1 50 0 0.8
2 79578 2939 2382 1 50 0 0.8
2 121784 2942 2732 1 1 0 0.8
2 113940 2943 3242 1 1 0 0.8
2 113280 2944 2715 1 10 1 0.8
2 156109 2945 4392 1 50 0 0.8
2 104901 2955 2390 1 1 0 0.8
2 129217 2961 3641 1 10 0 0.8
2 131845 2964 3612 1 10 1 0.8
2 77671 2968 1885 1 1 1 0.8
2 168761 2969 4281 1 1 1 0.8
2 149296 2970 4175 1 1 0 0.8
2 111197 2971 2692 1 1 0 0.8
2 104140 2971 2795 1 1 1 0.8
2 150337 2971 3673 1 1 0 0.8
2 112055 2976 2964 1 50 0 0.8
2 66469 2977 1970 1 10 0 0.8
2 137480 2980 3101 1 1 1 0.8
2 75748 2982 1787 1 10 0 0.8
2 113804 2983 2426 1 10 1 0.8
2 116263 2983 2602 1 1 1 0.8
2 88987 2987 2025 1 1 1 0.8
2 175495 2993 4217 1 1 1 0.8
2 78323 2994 1777 1 1 1 0.8
2 174824 2994 4066 1 1 1 0.8
2 72657 2994 1802 1 50 0 0.8
2 178380 2994 3983 1 10 1 0.8
2 102270 2994 2359 1 10 1 0.8
2 112810 2995 2941 1 10 1 0.8
2 146835 2996 3583 1 50 0 0.8
2 79228 2996 1688 1 10 0 0.8
2 179149 2999 4964 1 10 1 0.8
2 102068 3002 2476 1 1 0 0.8
2 150291 3011 3914 1 1 0 0.8
2 129878 3017 3214 1 10 1 0.8
2 111236 3022 2871 1 1 1 0.8
2 110603 3023 2545 1 1 0 0.8
2 163509 3024 3880 1 1 0 0.8
2 174437 3026 5156 1 1 1 0.8
2 93188 3034 2298 1 1 1 0.8
2 104211 3039 2919 1 50 1 0.8
2 165901 3039 3704 1 1 0 0.8
2 176071 3048 5044 1 10 1 0.8
2 68459 3051 1536 1 1 0 0.8
2 144777 3053 3755 1 1 1 0.8
2 175491 3058 4652 1 1 0 0.8
2 150908 3058 3127 1 1 1 0.8
2 122704 3061 2682 1 1 1 0.8
2 172165 3062 4402 1 1 1 0.8
2 144749 3065 3001 1 1 0 0.8
2 112017 3067 2582 1 1 0 0.8
2 67862 3068 1731 1 1 1 0.8
2 129925 3069 3690 1 50 0 0.8
2 131745 3069 3027 1 1 1 0.8
2 135998 3069 3588 1 1 0 0.8
2 64844 3072 1935 1 10 0 0.8
2 132462 3072 2786 1 10 0 0.8
2 147555 3073 3546 1 1 1 0.8
2 60657 3073 1614 1 1 1 0.8
2 125148 3075 3633 1 10 0 0.8
2 70067 3078 1808 1 50 0 0.8
2 113093 3085 2654 1 1 0 0.8
2 80604 3090 1778 1 10 0 0.8
2 127477 3099 3073 1 1 1 0.8
2 70942 3108 1563 1 50 0 0.8
2 138908 3109 2819 1 10 0 0.8
2 143595 3110 3484 1 50 1 0.8
2 87834 3115 1937 1 1 0 0.8
2 170659 3121 4291 1 1 0 0.8
2 161017 3123 4639 1 1 1 0.8
2 110871 3133 2441 1 10 1 0.8
2 145350 3136 3026 1 1 1 0.8
2 139407 3137 3754 1 1 1 0.8
2 106768 3138 3138 1 1 1 0.8
2 108138 3139 2397 1 1 1 0.8
2 91796 3140 2415 1 1 1 0.8
2 169239 3142 3395 1 1 1 0.8
2 102319 3144 2550 1 1 0 0.8
2 146181 3145 3117 1 1 1 0.8
2 145622 3146 3247 1 1 0 0.8
2 177834 3147 4854 1 1 1 0.8
2 115899 3148 3158 1 50 0 0.8
2 94653 3150 2382 1 10 1 0.8
2 111863 3154 3062 1 10 1 0.8
2 136131 3155 3622 1 1 0 0.8
2 81416 3156 2067 1 10 0 0.8
2 171544 3163 4174 1 10 0 0.8
2 171934 3165 3515 1 1 0 0.8
2 131637 3165 2893 1 10 1 0.8
2 101581 3180 2561 1 1 1 0.8
2 137663 3181 3378 1 1 0 0.8
2 172020 3184 4842 1 10 0 0.8
2 83108 3185 1913 1 1 1 0.8
2 132362 3192 3950 1 10 1 0.8
2 162552 3192 4103 1 10 1 0.8
2 176668 3192 4317 1 10 1 0.8
2 175036 3193 4142 1 10 0 0.8
2 115070 3202 3255 1 1 1 0.8
2 111439 3203 3045 1 1 0 0.8
2 107466 3203 2202 1 10 0 0.8
2 134683 3209 3322 1 1 1 0.8
2 77009 3211 2248 1 1 1 0.8
2 167045 3213 4367 1 1 0 0.8
2 174952 3213 4166 1 10 1 0.8
2 90144 3215 2621 1 1 1 0.8
2 152486 3216 4195 1 1 0 0.8
2 77349 3217 1621 1 1 0 0.8
2 138875 3221 3502 1 1 0 0.8
2 145786 3231 3768 1 50 1 0.8
2 147614 3233 4093 1 10 0 0.8
2 123952 3236 3214 1 50 0 0.8
2 62333 3239 1601 1 1 1 0.8
2 111592 3239 2877 1 1 1 0.8
2 98021 3240 2184 1 1 0 0.8
2 78432 3247 2179 1 1 0 0.8
2 97967 3248 2817 1 10 1 0.8
2 67818 3248 1835 1 50 0 0.8
2 161110 3251 3250 1 10 1 0.8
2 76649 3252 2205 1 1 0 0.8
2 112056 3261 2284 1 1 0 0.8
2 172808 3265 5157 1 50 1 0.8
2 87749 3266 2080 1 10 1 0.8
2 63359 3266 1551 1 10 1 0.8
2 97001 3268 2080 1 1 0 0.8
2 128704 3270 3002 1 1 0 0.8
2 75258 3274 1951 1 1 1 0.8
2 142073 3275 4000 1 10 1 0.8
2 128719 3276 2898 1 1 1 0.8
2 105884 3277 2873 1 50 0 0.8
2 168441 3277 5017 1 1 0 0.8
2 67395 3278 1651 1 1 1 0.8
2 123848 3280 2483 1 1 0 0.8
2 77210 3281 1869 1 50 1 0.8
2 119319 3283 2791 1 1 1 0.8
2 158611 3284 3366 1 10 1 0.8
2 144898 3289 4138 1 50 1 0.8
2 77786 3291 1889 1 1 1 0.8
2 175683 3296 5224 1 1 0 0.8
2 160788 3296 4623 1 10 1 0.8
2 166540 3299 3585 1 10 1 0.8
2 164004 3300 3661 1 1 0 0.8
2 163720 3305 4656 1 50 0 0.8
2 143401 3305 3961 1 10 0 0.8
2 60691 3306 1330 1 1 0 0.8
2 121238 3316 3518 1 10 1 0.8
2 149668 3317 4081 1 1 0 0.8
2 114226 3323 3235 1 1 1 0.8
2 145038 3325 3364 1 1 0 0.8
2 116708 3331 3137 1 1 0 0.8
2 113302 3332 3069 1 50 0 0.8
2 145889 3332 3813 1 10 1 0.8
2 154065 3337 3726 1 1 0 0.8
2 179609 3337 5331 1 1 1 0.8
2 144619 3338 3088 1 1 1 0.8
2 168314 3338 4536 1 1 0 0.8
2 63727 3343 1279 1 1 0 0.8
2 96533 3345 2018 1 10 0 0.8
2 124805 3346 2954 1 50 0 0.8
2 120027 3348 3566 1 1 1 0.8
2 92348 3348 2037 1 1 1 0.8
2 110752 3348 2283 1 50 0 0.8
2 65137 3355 1932 1 1 1 0.8
2 168777 3360 4422 1 1 0 0.8
2 73149 3360 2041 1 10 0 0.8
2 85012 3360 1773 1 1 1 0.8
2 90067 3361 2012 1 1 0 0.8
2 99141 3363 2738 1 1 0 0.8
2 106766 3367 2990 1 50 1 0.8
2 68846 3367 1867 1 1 1 0.8
2 77671 3374 2225 1 10 1 0.8
2 67574 3381 1757 1 1 1 0.8
2 87274 3385 2438 1 1 0 0.8
2 86935 3387 2146 1 50 1 0.8
2 100846 3391 2247 1 10 1 0.8
2 147925 3391 3617 1 1 1 0.8
2 150510 3393 3693 1 1 1 0.8
2 113048 3393 2869 1 1 0 0.8
2 98933 3396 2343 1 10 1 0.8
2 154211 3400 3668 1 50 0 0.8
2 72938 3402 1599 1 1 1 0.8
2 125634 3403 2516 1 10 0 0.8
2 85137 3403 2308 1 1 0 0.8
2 113152 3406 3088 1 1 0 0.8
2 97907 3408 2847 1 1 0 0.8
2 155822 3414 3892 1 10 0 0.8
2 76942 3414 2051 1 1 0 0.8
2 137748 3415 3482 1 1 0 0.8
2 176324 3416 3676 1 1 1 0.8
2 77817 3418 1567 1 1 1 0.8
2 82215 3419 1995 1 1 1 0.8
2 118082 3420 3475 1 1 0 0.8
2 124101 3422 2814 1 10 0 0.8
2 135563 3423 3633 1 1 1 0.8
2 157900 3426 3469 1 1 0 0.8
2 154444 3430 3287 1 1 0 0.8
2 147459 3430 4331 1 1 1 0.8
2 63707 3432 1692 1 50 0 0.8
2 74574 3433 2000 1 10 0 0.8
2 64448 3434 1378 1 1 0 0.8
2 155125 3435 4210 1 1 1 0.8
2 156993 3438 3923 1 1 0 0.8
2 97109 3439 2214 1 1 0 0.8
2 127603 3439 2718 1 10 1 0.8
2 121967 3440 2995 1 10 1 0.8
2 62904 3441 1733 1 1 0 0.8
2 63128 3444 1863 1 1 0 0.8
2 147801 3448 3826 1 10 1 0.8
2 140618 3449 3166 1 1 0 0.8
2 68838 3451 1485 1 1 0 0.8
2 159905 3455 3921 1 1 1 0.8
2 71693 3456 1482 1 50 0 0.8
2 120133 3457 3350 1 1 1 0.8
2 93282 3460 2009 1 1 1 0.8
2 82644 3460 2213 1 10 0 0.8
2 156504 3463 4433 1 1 1 0.8
2 127588 3468 3650 1 1 0 0.8
2 172461 3469 3989 1 1 0 0.8
2 130650 3473 3384 1 50 0 0.8
2 91384 3477 1949 1 10 0 0.8
2 164902 3481 4534 1 1 1 0.8
2 68858 3483 1912 1 1 1 0.8
2 111089 3485 3196 1 1 0 0.8
2 175086 3487 4555 1 1 0 0.8
2 62251 3489 1561 1 1 0 0.8
2 75248 3489 1508 1 1 1 0.8
2 128583 3492 3399 1 1 1 0.8
2 146722 3492 3432 1 1 1 0.8
2 172899 3498 4234 1 1 0 0.8
2 179900 3499 4478 1 1 0 0.8
2 174113 3503 4385 1 10 0 0.8
2 143207 3504 3478 1 1 1 0.8
2 79998 3504 2168 1 50 1 0.8
2 108066 3505 2300 1 1 0 0.8
2 121581 3505 2725 1 50 1 0.8
2 138950 3506 3421 1 10 0 0.8
2 62392 3510 1672 1 1 0 0.8
2 175430 3516 3735 1 1 0 0.8
2 122960 3522 2940 1 1 1 0.8
2 95212 3530 2321 1 50 1 0.8
2 67007 3539 1688 1 10 1 0.8
2 166599 3540 4131 1 10 1 0.8
2 92366 3541 2212 1 1 1 0.8
2 179337 3542 4513 1 1 0 0.8
2 72275 3543 2027 1 1 1 0.8
2 87746 3545 2074 1 1 0 0.8
2 71164 3546 1694 1 1 0 0.8
2 64764 3551 1442 1 1 0 0.8
2 65303 3556 1519 1 1 1 0.8
2 171129 3562 5115 1 1 1 0.8
2 84308 3565 1732 1 1 0 0.8
2 77937 3567 2071 1 1 0 0.8
2 130778 3568 3750 1 1 0 0.8
2 63853 3575 1317 1 1 1 0.8
2 137294 3577 3733 1 1 1 0.8
2 79324 3579 1829 1 1 0 0.8
2 177816 3579 5078 1 1 0 0.8
2 143639 3581 3103 1 10 0 0.8
2 107416 3585 3138 1 10 0 0.8
2 138647 3586 3065 1 1 1 0.8
2 94949 3587 2004 1 1 1 0.8
2 120197 3588 3276 1 10 0 0.8
2 110720 3589 2485 1 1 1 0.8
2 66257 3591 1595 1 1 1 0.8
2 128993 3595 3208 1 1 0 0.8
2 88956 3595 2050 1 50 0 0.8
2 89882 3598 2119 1 1 0 0.8
