1500
3 135928 0 3206 1 1 1 0.8
3 169601 3 4615 1 10 0 0.8
3 127767 5 2678 1 1 0 0.8
3 124059 18 3220 1 10 1 0.8
3 169642 19 4076 1 1 0 0.8
3 130348 19 3825 1 1 1 0.8
3 85901 20 1819 1 1 1 0.8
3 107732 22 2700 1 10 1 0.8
3 107811 23 2746 1 10 0 0.8
3 82363 23 1696 1 1 0 0.8
3 162060 25 3291 1 1 1 0.8
3 128514 28 3589 1 1 1 0.8
3 135551 31 3797 1 1 1 0.8
3 176036 34 5057 1 1 0 0.8
3 146804 40 2941 1 1 1 0.8
3 74940 41 2219 1 10 0 0.8
3 64791 41 1893 1 10 0 0.8
3 113663 41 3347 1 1 0 0.8
3 150990 49 3524 1 10 0 0.8
3 157418 51 3582 1 1 1 0.8
3 137140 56 4101 1 1 1 0.8
3 119946 57 2703 1 1 1 0.8
3 72879 58 1759 1 1 1 0.8
3 82459 60 2036 1 1 1 0.8
3 118681 61 3138 1 1 0 0.8
3 95898 65 2572 1 1 1 0.8
3 171403 67 3766 1 1 0 0.8
3 83080 67 1722 1 50 0 0.8
3 131144 68 3630 1 50 1 0.8
3 161222 73 4538 1 1 1 0.8
3 148728 75 3381 1 10 0 0.8
3 137917 75 3097 1 1 1 0.8
3 72528 75 1761 1 10 0 0.8
3 151466 76 3336 1 1 1 0.8
3 127950 77 3485 1 1 0 0.8
3 144085 79 3239 1 50 1 0.8
3 169700 82 3816 1 10 1 0.8
3 147821 84 3201 1 50 0 0.8
3 178691 88 4849 1 1 0 0.8
3 139180 92 3636 1 1 1 0.8
3 103382 94 2509 1 1 0 0.8
3 163128 94 4137 1 1 0 0.8
3 125979 96 3318 1 1 0 0.8
3 133336 97 3973 1 10 1 0.8
3 162774 98 4801 1 1 0 0.8
3 97670 98 2882 1 50 1 0.8
3 150860 102 3790 1 1 1 0.8
3 63664 102 1788 1 10 0 0.8
3 156153 103 3534 1 10 1 0.8
3 154441 103 3460 1 10 1 0.8
3 82319 107 2091 1 1 0 0.8
3 82272 111 1881 1 1 0 0.8
3 152417 120 3058 1 1 1 0.8
3 149454 124 3650 1 10 1 0.8
3 67831 125 1600 1 1 0 0.8
3 93750 132 2594 1 1 1 0.8
3 157948 137 3461 1 1 1 0.8
3 101661 138 2680 1 1 1 0.8
3 145677 140 3198 1 10 1 0.8
3 96308 140 2710 1 10 0 0.8
3 89642 146 2645 1 1 0 0.8
3 77279 150 1573 1 1 1 0.8
3 65506 152 1522 1 1 0 0.8
3 99533 152 2844 1 1 0 0.8
3 72917 153 1717 1 50 0 0.8
3 68929 153 1751 1 10 1 0.8
3 102104 156 2436 1 1 0 0.8
3 169659 158 4197 1 10 1 0.8
3 145974 162 4268 1 10 0 0.8
3 152164 163 3922 1 10 1 0.8
3 111846 165 2867 1 10 1 0.8
3 123091 165 2572 1 1 1 0.8
3 64870 166 1647 1 1 1 0.8
3 103978 168 2526 1 1 1 0.8
3 148375 173 3271 1 1 1 0.8
3 92262 173 2041 1 1 0 0.8
3 68129 175 1567 1 10 1 0.8
3 83702 175 1988 1 10 1 0.8
3 174275 179 3769 1 1 0 0.8
3 159541 179 3764 1 1 1 0.8
3 81827 180 1970 1 1 0 0.8
3 164816 184 3942 1 1 1 0.8
3 98170 188 2906 1 1 0 0.8
3 165440 188 4683 1 1 0 0.8
3 89818 189 2381 1 1 1 0.8
3 146954 189 3878 1 1 0 0.8
3 177415 192 5211 1 10 1 0.8
3 130950 192 3432 1 10 0 0.8
3 142487 196 3760 1 1 1 0.8
3 91464 198 2464 1 1 1 0.8
3 90056 199 2532 1 50 0 0.8
3 117389 199 2777 1 1 0 0.8
3 124621 201 3436 1 1 0 0.8
3 160622 211 3854 1 1 0 0.8
3 160868 216 3950 1 1 1 0.8
3 106468 222 3008 1 10 1 0.8
3 150098 224 3782 1 1 0 0.8
3 120128 226 3052 1 1 0 0.8
3 114717 229 2423 1 1 1 0.8
3 159785 230 3287 1 10 0 0.8
3 134818 231 3837 1 10 1 0.8
3 112596 239 2820 1 10 1 0.8
3 174483 239 4221 1 1 1 0.8
3 96026 241 2830 1 10 0 0.8
3 173830 244 4754 1 1 1 0.8
3 85063 247 1746 1 1 1 0.8
3 91897 252 2306 1 1 1 0.8
3 65551 255 1910 1 1 0 0.8
3 158357 258 4455 1 1 1 0.8
3 155576 262 4547 1 1 0 0.8
3 99343 263 2431 1 1 1 0.8
3 70600 266 1488 1 1 0 0.8
3 164818 267 3405 1 10 1 0.8
3 170174 269 4642 1 10 1 0.8
3 128676 270 2944 1 10 1 0.8
3 85813 272 2043 1 1 0 0.8
3 141687 282 4156 1 1 0 0.8
3 158888 284 3322 1 10 0 0.8
3 123539 284 2675 1 50 1 0.8
3 106259 287 2547 1 10 1 0.8
3 120916 288 2459 1 1 1 0.8
3 95387 289 2421 1 1 0 0.8
3 159899 291 3323 1 1 1 0.8
3 87813 294 1898 1 1 1 0.8
3 92159 295 2616 1 10 1 0.8
3 102073 300 2404 1 10 0 0.8
3 92125 301 2233 1 1 1 0.8
3 74915 303 1746 1 1 1 0.8
3 75583 304 1746 1 1 1 0.8
3 174092 306 4897 1 1 1 0.8
3 92196 311 2338 1 10 0 0.8
3 158859 313 4325 1 1 0 0.8
3 143626 314 3618 1 1 0 0.8
3 160999 318 3543 1 1 1 0.8
3 91427 320 1896 1 1 1 0.8
3 166005 322 4569 1 10 0 0.8
3 85693 322 2567 1 1 0 0.8
3 94888 323 2009 1 10 0 0.8
3 151282 329 3208 1 1 0 0.8
3 80349 329 1911 1 1 0 0.8
3 67558 332 2004 1 10 0 0.8
3 179083 333 4934 1 1 1 0.8
3 68821 336 1725 1 1 1 0.8
3 67496 351 1586 1 1 0 0.8
3 177621 351 3977 1 1 1 0.8
3 155733 354 4437 1 1 0 0.8
3 146278 357 4193 1 10 0 0.8
3 174300 361 3804 1 1 1 0.8
3 158775 362 3682 1 1 1 0.8
3 150388 362 3360 1 1 1 0.8
3 96429 363 2382 1 10 1 0.8
3 88915 365 2345 1 1 1 0.8
3 120053 370 2621 1 1 1 0.8
3 175282 371 4897 1 1 0 0.8
3 127475 373 3738 1 1 0 0.8
3 163654 378 3982 1 1 1 0.8
3 170488 379 4434 1 1 0 0.8
3 179634 379 5204 1 1 0 0.8
3 113942 381 2616 1 1 1 0.8
3 75248 383 1977 1 1 0 0.8
3 158933 390 4015 1 1 1 0.8
3 65644 391 1507 1 1 1 0.8
3 103762 393 2595 1 1 0 0.8
3 159573 395 4152 1 50 0 0.8
3 74952 398 1823 1 1 0 0.8
3 106425 399 2462 1 10 0 0.8
3 115100 401 3208 1 1 0 0.8
3 145236 403 3327 1 10 1 0.8
3 165187 406 4602 1 10 1 0.8
3 66906 411 1876 1 1 0 0.8
3 66020 413 1564 1 1 1 0.8
3 103061 414 2102 1 1 0 0.8
3 136336 414 3209 1 10 1 0.8
3 107408 418 2671 1 1 1 0.8
3 109314 420 2874 1 1 0 0.8
3 147413 424 4372 1 1 0 0.8
3 172529 424 3494 1 1 0 0.8
3 118324 425 3202 1 1 1 0.8
3 111545 429 2621 1 1 0 0.8
3 66573 431 1949 1 1 1 0.8
3 159387 431 4367 1 1 0 0.8
3 129583 432 3324 1 1 1 0.8
3 67779 432 2029 1 10 1 0.8
3 81983 433 2376 1 1 1 0.8
3 151926 434 4232 1 1 1 0.8
3 110967 434 3241 1 10 1 0.8
3 61561 441 1724 1 10 1 0.8
3 99090 442 2093 1 10 1 0.8
3 102898 447 2501 1 1 0 0.8
3 85718 447 2123 1 1 1 0.8
3 171092 452 4129 1 10 1 0.8
3 115481 454 3240 1 1 0 0.8
3 151047 459 4317 1 1 0 0.8
3 142093 459 3501 1 1 1 0.8
3 90367 460 2262 1 10 1 0.8
3 72459 460 1472 1 1 1 0.8
3 70154 462 1414 1 1 1 0.8
3 109068 467 2978 1 1 0 0.8
3 166318 468 4805 1 10 0 0.8
3 84079 470 1835 1 10 0 0.8
3 76766 473 1791 1 1 0 0.8
3 119397 479 2726 1 1 1 0.8
3 116898 480 3264 1 1 0 0.8
3 141205 480 3590 1 1 1 0.8
3 125566 481 2883 1 1 0 0.8
3 103263 483 2676 1 1 1 0.8
3 177641 484 4864 1 1 1 0.8
3 147167 484 4014 1 1 1 0.8
3 121290 486 3256 1 10 0 0.8
3 62730 488 1596 1 1 1 0.8
3 147680 489 3806 1 1 0 0.8
3 129093 490 3742 1 1 1 0.8
3 127733 491 2906 1 1 0 0.8
3 65758 492 1861 1 1 1 0.8
3 60008 493 1329 1 10 1 0.8
3 139732 493 3360 1 1 1 0.8
3 61292 495 1550 1 1 0 0.8
3 91316 495 2107 1 1 1 0.8
3 111074 497 3254 1 50 0 0.8
3 179807 501 3637 1 1 0 0.8
3 120886 501 2803 1 10 0 0.8
3 69250 502 1964 1 1 0 0.8
3 157443 506 4020 1 10 1 0.8
3 63837 509 1833 1 1 1 0.8
3 65523 511 1353 1 1 0 0.8
3 170020 513 3806 1 1 1 0.8
3 132375 513 3077 1 50 1 0.8
3 149579 514 3689 1 10 0 0.8
3 134762 516 3095 1 10 1 0.8
3 64432 517 1474 1 1 1 0.8
3 142248 519 3848 1 1 0 0.8
3 144998 529 3599 1 50 0 0.8
3 125552 530 2816 1 1 1 0.8
3 127132 532 3054 1 10 0 0.8
3 126726 533 2652 1 1 0 0.8
3 98866 535 2519 1 50 1 0.8
3 130686 538 2664 1 1 0 0.8
3 88306 546 1846 1 1 0 0.8
3 130960 553 3897 1 50 0 0.8
3 159285 555 3602 1 1 0 0.8
3 64333 556 1922 1 10 1 0.8
3 134216 558 3336 1 1 0 0.8
3 178538 559 4861 1 1 0 0.8
3 104683 560 2763 1 1 0 0.8
3 107181 561 2242 1 1 1 0.8
3 89661 564 2516 1 1 0 0.8
3 102097 566 2779 1 1 1 0.8
3 161056 573 4715 1 1 1 0.8
3 140686 576 3956 1 1 1 0.8
3 84833 577 2360 1 10 0 0.8
3 140974 579 3145 1 10 1 0.8
3 105761 583 2430 1 10 1 0.8
3 67843 586 1968 1 10 1 0.8
3 130807 587 3512 1 10 0 0.8
3 74593 588 2156 1 10 1 0.8
3 97142 590 2792 1 10 0 0.8
3 91091 592 2472 1 1 0 0.8
3 116081 593 2733 1 1 1 0.8
3 140811 597 3544 1 10 1 0.8
3 98596 602 2955 1 10 0 0.8
3 120144 603 3284 1 50 0 0.8
3 63439 603 1792 1 50 1 0.8
3 100372 605 2773 1 1 0 0.8
3 86540 610 1999 1 10 0 0.8
3 87356 610 2217 1 10 1 0.8
3 135362 622 4042 1 1 0 0.8
3 106329 624 2218 1 1 0 0.8
3 175878 625 4860 1 1 1 0.8
3 123244 627 3487 1 10 0 0.8
3 177429 628 4915 1 1 0 0.8
3 95630 628 2373 1 50 0 0.8
3 101460 629 2858 1 1 0 0.8
3 163568 630 3767 1 10 0 0.8
3 99297 630 2899 1 1 1 0.8
3 132528 632 3783 1 1 1 0.8
3 145446 636 3496 1 10 0 0.8
3 100976 636 2887 1 1 1 0.8
3 92777 636 2452 1 10 0 0.8
3 100154 637 2965 1 50 1 0.8
3 92442 638 1894 1 1 0 0.8
3 74669 638 1559 1 10 0 0.8
3 91492 645 2258 1 10 0 0.8
3 122978 645 2502 1 10 0 0.8
3 156762 645 3215 1 1 0 0.8
3 119537 650 3191 1 1 0 0.8
3 138003 650 3028 1 10 1 0.8
3 87387 657 1770 1 10 1 0.8
3 109136 658 2597 1 10 1 0.8
3 150040 665 3115 1 1 1 0.8
3 175264 668 4081 1 1 1 0.8
3 138978 669 2882 1 1 0 0.8
3 130607 670 3363 1 10 0 0.8
3 75705 671 2071 1 1 0 0.8
3 83154 671 1815 1 50 1 0.8
3 152274 675 4376 1 10 1 0.8
3 124680 684 3070 1 1 1 0.8
3 112199 685 2582 1 10 1 0.8
3 115829 687 2473 1 1 1 0.8
3 124303 688 2657 1 1 1 0.8
3 167287 688 4276 1 10 1 0.8
3 74201 690 1660 1 1 1 0.8
3 94393 693 2081 1 10 0 0.8
3 80430 696 2297 1 1 0 0.8
3 122495 701 2571 1 1 1 0.8
3 75640 702 1901 1 1 1 0.8
3 87800 706 1941 1 1 0 0.8
3 105170 712 2397 1 10 0 0.8
3 140346 714 3363 1 1 0 0.8
3 99961 721 2251 1 1 0 0.8
3 80696 723 2026 1 10 1 0.8
3 109304 724 2402 1 10 1 0.8
3 120245 725 2863 1 1 0 0.8
3 103987 725 2281 1 1 1 0.8
3 88068 726 2588 1 1 0 0.8
3 131862 727 2777 1 50 1 0.8
3 171206 728 5018 1 50 0 0.8
3 176669 729 4792 1 10 1 0.8
3 174659 730 4054 1 1 0 0.8
3 120827 732 2566 1 1 1 0.8
3 153702 735 4219 1 50 1 0.8
3 157878 736 3867 1 1 0 0.8
3 90877 739 2449 1 1 1 0.8
3 130798 739 3440 1 10 0 0.8
3 176776 739 4401 1 10 1 0.8
3 113902 745 3187 1 1 1 0.8
3 69948 749 1418 1 1 1 0.8
3 125910 751 2570 1 1 1 0.8
3 140417 752 3105 1 1 0 0.8
3 143094 752 3036 1 1 0 0.8
3 128772 752 3050 1 1 1 0.8
3 114334 758 3097 1 1 0 0.8
3 127407 759 3380 1 1 0 0.8
3 94849 759 2631 1 10 0 0.8
3 116254 762 2853 1 50 1 0.8
3 113666 764 3269 1 1 0 0.8
3 162624 765 3281 1 50 0 0.8
3 141026 772 3250 1 1 1 0.8
3 139504 778 4050 1 10 1 0.8
3 67999 778 1444 1 10 1 0.8
3 90389 779 2537 1 1 1 0.8
3 168717 780 4373 1 10 0 0.8
3 169119 782 3585 1 1 1 0.8
3 94059 789 2579 1 50 0 0.8
3 174953 791 4949 1 1 0 0.8
3 158382 793 3533 1 50 1 0.8
3 119513 798 3486 1 10 0 0.8
3 156840 799 4582 1 1 1 0.8
3 152779 800 4207 1 50 0 0.8
3 148700 800 4182 1 1 1 0.8
3 86675 801 2512 1 50 1 0.8
3 84316 802 2248 1 10 0 0.8
3 156373 803 4411 1 1 1 0.8
3 85029 807 2361 1 1 0 0.8
3 126195 810 2922 1 1 1 0.8
3 171737 811 4185 1 1 1 0.8
3 92535 812 2572 1 50 0 0.8
3 76754 814 2036 1 10 0 0.8
3 109009 814 3184 1 50 0 0.8
3 61866 816 1288 1 1 1 0.8
3 157975 816 3527 1 1 0 0.8
3 163999 817 3682 1 1 1 0.8
3 95496 819 2120 1 10 1 0.8
3 61216 819 1661 1 10 1 0.8
3 144138 820 3561 1 50 1 0.8
3 93201 826 2426 1 1 0 0.8
3 134757 828 3547 1 1 0 0.8
3 74904 829 1686 1 50 0 0.8
3 131482 830 2764 1 1 0 0.8
3 160060 833 3721 1 1 1 0.8
3 129041 834 3051 1 1 1 0.8
3 95529 840 2231 1 1 1 0.8
3 158279 841 3903 1 1 0 0.8
3 139426 846 2788 1 50 0 0.8
3 126246 851 3615 1 50 1 0.8
3 103024 853 2267 1 1 1 0.8
3 69146 854 1786 1 1 0 0.8
3 115056 861 3392 1 1 0 0.8
3 153185 869 4550 1 1 1 0.8
3 105053 869 3105 1 1 0 0.8
3 118354 870 2471 1 10 0 0.8
3 71240 871 2065 1 1 0 0.8
3 101008 872 2383 1 1 1 0.8
3 112966 872 2473 1 1 0 0.8
3 102734 872 2058 1 10 0 0.8
3 137445 875 3351 1 50 0 0.8
3 175123 876 4582 1 10 0 0.8
3 171634 877 4571 1 10 1 0.8
3 105096 879 2333 1 10 1 0.8
3 178201 881 4514 1 10 0 0.8
3 97481 882 2209 1 1 1 0.8
3 171933 882 4304 1 1 0 0.8
3 97482 882 1956 1 1 1 0.8
3 149614 886 3173 1 1 1 0.8
3 106438 889 2590 1 1 1 0.8
3 118655 894 3370 1 1 1 0.8
3 170542 894 4130 1 1 1 0.8
3 153074 895 3989 1 10 1 0.8
3 102024 898 2583 1 10 0 0.8
3 78851 898 2192 1 10 0 0.8
3 150457 899 4443 1 1 0 0.8
3 104252 902 2974 1 1 0 0.8
3 100276 908 2855 1 1 0 0.8
3 70489 909 1867 1 10 0 0.8
3 64750 914 1584 1 1 1 0.8
3 87184 915 1995 1 1 0 0.8
3 111963 926 2339 1 1 1 0.8
3 100450 926 2935 1 50 0 0.8
3 174313 929 4528 1 10 0 0.8
3 169297 932 4601 1 10 1 0.8
3 164810 935 4162 1 1 0 0.8
3 95844 935 2873 1 1 1 0.8
3 134898 940 3557 1 1 1 0.8
3 102613 940 2582 1 1 1 0.8
3 166206 942 4659 1 1 0 0.8
3 131481 943 3134 1 1 0 0.8
3 65523 952 1816 1 50 0 0.8
3 147454 961 4421 1 1 1 0.8
3 79148 962 2279 1 10 1 0.8
3 170932 963 4372 1 1 1 0.8
3 174575 963 4255 1 1 1 0.8
3 118801 963 2393 1 1 0 0.8
3 68540 967 1981 1 50 0 0.8
3 87807 970 2116 1 1 1 0.8
3 133877 975 3146 1 1 1 0.8
3 67296 976 1464 1 1 0 0.8
3 75815 979 1536 1 1 0 0.8
3 78806 982 1932 1 1 1 0.8
3 161290 986 4361 1 10 1 0.8
3 171331 988 4855 1 1 1 0.8
3 153048 989 3940 1 1 0 0.8
3 167126 990 3945 1 1 0 0.8
3 171636 997 3840 1 10 0 0.8
3 65408 1006 1717 1 1 0 0.8
3 159851 1009 4151 1 1 1 0.8
3 115159 1018 2978 1 1 0 0.8
3 156641 1019 3869 1 1 1 0.8
3 127423 1019 2877 1 1 0 0.8
3 81723 1022 1990 1 10 0 0.8
3 111702 1025 2710 1 1 0 0.8
3 83688 1029 1893 1 10 1 0.8
3 165154 1029 4447 1 10 1 0.8
3 85729 1031 1965 1 1 1 0.8
3 113914 1038 3098 1 1 0 0.8
3 111111 1042 3247 1 50 1 0.8
3 147318 1042 3836 1 1 1 0.8
3 117528 1043 2541 1 10 0 0.8
3 88958 1044 2299 1 1 0 0.8
3 110926 1044 2453 1 10 0 0.8
3 108321 1046 2954 1 1 0 0.8
3 77629 1046 1566 1 10 0 0.8
3 106016 1047 2904 1 1 1 0.8
3 87333 1051 2072 1 10 1 0.8
3 81794 1054 1950 1 1 1 0.8
3 70971 1054 1656 1 50 0 0.8
3 122547 1060 3555 1 1 0 0.8
3 78999 1060 2222 1 1 1 0.8
3 63716 1064 1500 1 10 1 0.8
3 66139 1066 1808 1 10 0 0.8
3 163347 1070 4624 1 1 1 0.8
3 119467 1071 2668 1 1 1 0.8
3 112271 1073 2786 1 50 1 0.8
3 113536 1079 2379 1 1 1 0.8
3 162650 1079 3443 1 1 0 0.8
3 163248 1081 3574 1 10 1 0.8
3 137277 1081 3020 1 10 0 0.8
3 164923 1084 3765 1 10 0 0.8
3 178701 1088 3795 1 1 0 0.8
3 127772 1094 3249 1 50 1 0.8
3 126966 1097 3566 1 1 0 0.8
3 83657 1098 2103 1 1 1 0.8
3 141738 1098 3352 1 1 0 0.8
3 105008 1098 2401 1 50 0 0.8
3 141191 1099 3759 1 1 1 0.8
3 159905 1099 4158 1 1 0 0.8
3 134515 1106 3770 1 1 1 0.8
3 147511 1113 3797 1 1 1 0.8
3 162497 1115 4285 1 10 1 0.8
3 67191 1116 1528 1 1 1 0.8
3 96508 1117 2452 1 1 0 0.8
3 158608 1120 4090 1 1 1 0.8
3 67590 1120 1898 1 1 0 0.8
3 65306 1122 1340 1 1 1 0.8
3 137734 1127 3887 1 10 0 0.8
3 70631 1128 1842 1 1 0 0.8
3 167426 1133 4763 1 1 1 0.8
3 70054 1136 1683 1 1 1 0.8
3 83804 1139 2151 1 1 0 0.8
3 132766 1140 3955 1 10 1 0.8
3 106891 1146 2831 1 10 1 0.8
3 138246 1148 3081 1 10 1 0.8
3 87184 1151 1976 1 1 0 0.8
3 86118 1152 1887 1 10 0 0.8
3 117253 1153 3494 1 1 0 0.8
3 154570 1155 3408 1 10 0 0.8
3 161591 1155 3521 1 1 1 0.8
3 159684 1158 3812 1 10 0 0.8
3 113525 1158 3093 1 1 0 0.8
3 120048 1164 2960 1 10 0 0.8
3 67080 1167 1695 1 1 0 0.8
3 70069 1169 1740 1 1 1 0.8
3 94842 1172 2087 1 1 0 0.8
3 168283 1172 4130 1 10 0 0.8
3 74895 1176 1788 1 1 1 0.8
3 80488 1177 2283 1 10 0 0.8
3 168113 1179 3599 1 10 0 0.8
3 72878 1185 1584 1 10 0 0.8
3 170068 1190 4444 1 10 1 0.8
3 64220 1191 1416 1 50 0 0.8
3 176733 1192 4891 1 1 0 0.8
3 93287 1193 2081 1 1 0 0.8
3 150375 1196 3847 1 1 0 0.8
3 100403 1207 2366 1 1 1 0.8
3 125017 1207 3010 1 10 1 0.8
3 136293 1209 4018 1 10 1 0.8
3 169512 1210 4259 1 1 1 0.8
3 70758 1217 1820 1 1 0 0.8
3 64027 1222 1399 1 10 1 0.8
3 146573 1227 3643 1 1 0 0.8
3 113884 1233 2314 1 10 0 0.8
3 118866 1235 2931 1 1 0 0.8
3 157804 1239 4692 1 1 0 0.8
3 119290 1240 2504 1 10 1 0.8
3 126254 1241 2740 1 1 0 0.8
3 167810 1242 4577 1 10 1 0.8
3 99823 1242 2220 1 1 1 0.8
3 61340 1244 1435 1 10 0 0.8
3 156163 1244 4484 1 10 1 0.8
3 109716 1246 3024 1 1 1 0.8
3 74550 1251 2021 1 50 1 0.8
3 160068 1252 3788 1 1 1 0.8
3 116449 1253 3082 1 1 0 0.8
3 159428 1260 4424 1 10 0 0.8
3 81827 1260 1690 1 1 1 0.8
3 172109 1263 3955 1 1 0 0.8
3 134618 1266 3456 1 1 1 0.8
3 99987 1267 2219 1 1 0 0.8
3 117841 1269 2854 1 50 0 0.8
3 122539 1277 3382 1 10 1 0.8
3 143983 1277 3375 1 50 1 0.8
3 164914 1277 4092 1 1 1 0.8
3 82347 1279 1814 1 10 0 0.8
3 136243 1279 2894 1 1 1 0.8
3 101341 1280 2051 1 1 1 0.8
3 166829 1281 3419 1 10 1 0.8
3 61335 1285 1425 1 1 0 0.8
3 166701 1287 4401 1 10 1 0.8
3 104711 1289 2930 1 1 0 0.8
3 138222 1291 2875 1 10 1 0.8
3 124029 1294 3365 1 10 1 0.8
3 96974 1294 2381 1 1 0 0.8
3 115684 1294 2595 1 1 0 0.8
3 132242 1295 3915 1 50 0 0.8
3 176177 1297 5247 1 10 1 0.8
3 67872 1297 1988 1 1 1 0.8
3 134972 1300 3091 1 1 1 0.8
3 95141 1302 2853 1 1 0 0.8
3 64429 1302 1359 1 10 1 0.8
3 75112 1307 1522 1 10 1 0.8
3 147462 1311 3320 1 1 0 0.8
3 83257 1318 1986 1 10 0 0.8
3 61577 1318 1452 1 1 0 0.8
3 84465 1319 2236 1 10 0 0.8
3 166879 1320 4345 1 1 0 0.8
3 118158 1321 2657 1 1 0 0.8
3 179068 1324 4560 1 50 0 0.8
3 163981 1325 4648 1 1 1 0.8
3 142071 1331 3768 1 1 0 0.8
3 173324 1333 3507 1 50 0 0.8
3 117262 1335 3170 1 1 0 0.8
3 131143 1339 2915 1 10 0 0.8
3 67928 1339 1490 1 1 0 0.8
3 60967 1340 1497 1 10 1 0.8
3 146795 1343 3541 1 1 0 0.8
3 102858 1346 2250 1 1 1 0.8
3 126929 1346 2823 1 50 0 0.8
3 97555 1348 2769 1 50 0 0.8
3 82096 1348 1948 1 10 0 0.8
3 71843 1352 1770 1 10 0 0.8
3 178451 1356 5176 1 50 0 0.8
3 176057 1358 3667 1 10 0 0.8
3 77861 1359 1923 1 50 0 0.8
3 108642 1360 2180 1 10 1 0.8
3 100384 1366 2199 1 10 0 0.8
3 85988 1367 1751 1 1 1 0.8
3 152299 1369 3334 1 1 1 0.8
3 153002 1379 3840 1 10 0 0.8
3 77442 1380 1814 1 10 0 0.8
3 156317 1385 4574 1 1 1 0.8
3 165429 1385 3351 1 1 1 0.8
3 87681 1386 1954 1 10 1 0.8
3 85185 1386 2182 1 1 0 0.8
3 169154 1387 4022 1 1 0 0.8
3 84474 1389 2166 1 10 1 0.8
3 134377 1392 3941 1 50 1 0.8
3 65903 1395 1490 1 1 1 0.8
3 130884 1398 2678 1 1 0 0.8
3 134796 1402 2791 1 50 1 0.8
3 140084 1403 3511 1 50 0 0.8
3 150653 1405 3349 1 10 1 0.8
3 120389 1411 3318 1 1 1 0.8
3 94260 1413 2465 1 10 0 0.8
3 115849 1414 2336 1 1 0 0.8
3 130127 1417 2832 1 50 1 0.8
3 71156 1418 1760 1 1 0 0.8
3 128169 1422 3348 1 1 1 0.8
3 151519 1426 3902 1 1 1 0.8
3 97705 1431 2422 1 1 1 0.8
3 122161 1431 3344 1 10 0 0.8
3 139243 1439 3953 1 10 1 0.8
3 157657 1442 3402 1 10 1 0.8
3 167276 1444 4259 1 50 1 0.8
3 122369 1445 3407 1 1 0 0.8
3 122744 1447 3315 1 10 1 0.8
3 125677 1448 2661 1 1 1 0.8
3 122358 1449 2499 1 1 0 0.8
3 61449 1450 1755 1 1 0 0.8
3 138590 1452 3687 1 1 1 0.8
3 148347 1457 3086 1 10 1 0.8
3 90641 1460 2188 1 10 1 0.8
3 89960 1461 2183 1 10 1 0.8
3 117225 1462 3308 1 1 0 0.8
3 72378 1465 1668 1 1 1 0.8
3 86087 1468 2463 1 10 1 0.8
3 141594 1472 3101 1 10 0 0.8
3 155024 1472 3944 1 1 1 0.8
3 162799 1475 4424 1 1 0 0.8
3 169308 1475 4128 1 10 0 0.8
3 115346 1479 3399 1 10 0 0.8
3 65136 1480 1475 1 1 1 0.8
3 93202 1482 2100 1 1 1 0.8
3 110534 1483 2878 1 1 1 0.8
3 162433 1489 4499 1 10 1 0.8
3 138649 1491 3773 1 1 0 0.8
3 119098 1492 2732 1 1 0 0.8
3 107886 1495 2816 1 1 0 0.8
3 125237 1496 3206 1 1 0 0.8
3 96965 1496 2736 1 1 1 0.8
3 101763 1497 2325 1 1 0 0.8
3 118122 1501 3322 1 10 1 0.8
3 168011 1504 3454 1 1 1 0.8
3 90897 1505 2674 1 50 1 0.8
3 76218 1506 1679 1 1 1 0.8
3 140804 1507 3391 1 1 0 0.8
3 131970 1508 3252 1 10 0 0.8
3 171775 1512 4180 1 1 1 0.8
3 70488 1513 1751 1 1 1 0.8
3 144189 1515 3624 1 1 0 0.8
3 64923 1517 1827 1 10 0 0.8
3 75385 1522 1578 1 1 0 0.8
3 111400 1524 2443 1 10 1 0.8
3 105460 1525 2708 1 1 0 0.8
3 156245 1527 3709 1 1 0 0.8
3 112684 1530 3175 1 1 1 0.8
3 63485 1531 1769 1 1 1 0.8
3 128812 1536 3844 1 1 0 0.8
3 165526 1537 4866 1 10 1 0.8
3 127828 1544 3719 1 1 0 0.8
3 119344 1544 3204 1 1 0 0.8
3 111232 1548 2617 1 10 0 0.8
3 171509 1549 5134 1 1 0 0.8
3 156798 1551 4559 1 10 1 0.8
3 131968 1553 2677 1 1 1 0.8
3 108049 1554 2415 1 50 0 0.8
3 150842 1559 3337 1 1 0 0.8
3 140458 1562 3420 1 50 1 0.8
3 66432 1562 1718 1 1 0 0.8
3 69358 1566 1881 1 1 0 0.8
3 60886 1569 1672 1 1 1 0.8
3 132213 1571 3399 1 10 1 0.8
3 94258 1574 2655 1 10 0 0.8
3 168884 1574 4524 1 1 1 0.8
3 122613 1582 2480 1 10 1 0.8
3 100052 1582 2367 1 1 0 0.8
3 147677 1585 3066 1 10 0 0.8
3 97287 1585 2646 1 50 1 0.8
3 117232 1589 2910 1 10 1 0.8
3 67314 1589 1410 1 10 1 0.8
3 148116 1598 3303 1 1 1 0.8
3 112404 1599 3208 1 1 1 0.8
3 149588 1599 4262 1 50 1 0.8
3 68869 1600 2011 1 1 0 0.8
3 97219 1601 2059 1 10 1 0.8
3 149076 1606 4209 1 10 0 0.8
3 130407 1606 2609 1 10 1 0.8
3 125126 1606 3128 1 1 1 0.8
3 89578 1607 2288 1 1 0 0.8
3 134058 1607 3173 1 1 1 0.8
3 169536 1617 3510 1 1 1 0.8
3 99164 1622 2479 1 10 0 0.8
3 60448 1623 1694 1 10 1 0.8
3 126440 1623 3449 1 10 0 0.8
3 167994 1623 3806 1 10 1 0.8
3 84002 1625 2311 1 10 1 0.8
3 171082 1626 3721 1 1 1 0.8
3 177485 1629 4169 1 1 1 0.8
3 124428 1631 3089 1 1 1 0.8
3 89404 1631 1796 1 50 0 0.8
3 132005 1638 2740 1 10 1 0.8
3 137121 1640 3616 1 1 1 0.8
3 69593 1641 1919 1 1 1 0.8
3 103465 1641 3052 1 1 1 0.8
3 99410 1643 2280 1 10 1 0.8
3 159342 1645 4624 1 1 0 0.8
3 112385 1647 2631 1 50 0 0.8
3 126290 1651 3378 1 1 0 0.8
3 88984 1651 2540 1 1 1 0.8
3 115580 1654 3059 1 50 0 0.8
3 176141 1656 5131 1 10 0 0.8
3 120038 1658 3390 1 1 1 0.8
3 137800 1659 4104 1 1 1 0.8
3 135505 1663 2976 1 1 0 0.8
3 90160 1663 1950 1 1 1 0.8
3 96442 1664 1974 1 1 1 0.8
3 130602 1667 3140 1 1 1 0.8
3 121507 1669 2724 1 1 1 0.8
3 88837 1669 2416 1 1 0 0.8
3 74956 1672 2134 1 1 1 0.8
3 121772 1675 3341 1 1 1 0.8
3 99547 1676 2326 1 1 1 0.8
3 163716 1677 4535 1 50 0 0.8
3 142287 1683 3558 1 1 0 0.8
3 94620 1685 2200 1 1 0 0.8
3 83556 1687 1789 1 1 0 0.8
3 81724 1691 2115 1 1 0 0.8
3 170510 1692 3663 1 1 1 0.8
3 65026 1693 1513 1 1 0 0.8
3 130662 1696 3478 1 10 1 0.8
3 112663 1696 2951 1 10 1 0.8
3 132260 1701 2782 1 10 1 0.8
3 90039 1702 2233 1 1 0 0.8
3 116290 1707 2674 1 1 0 0.8
3 126458 1710 3474 1 1 0 0.8
3 128506 1718 2587 1 10 0 0.8
3 114849 1723 2709 1 1 1 0.8
3 122810 1732 2653 1 1 0 0.8
3 150300 1743 3238 1 1 1 0.8
3 95896 1752 2605 1 1 0 0.8
3 139329 1759 3997 1 1 1 0.8
3 103521 1760 3093 1 10 1 0.8
3 137005 1764 3508 1 1 1 0.8
3 140019 1765 3895 1 1 1 0.8
3 106644 1776 2890 1 10 0 0.8
3 127369 1777 3344 1 1 1 0.8
3 179062 1779 4068 1 1 0 0.8
3 101292 1779 2801 1 10 1 0.8
3 143069 1784 3036 1 1 0 0.8
3 175384 1791 3758 1 10 1 0.8
3 115952 1792 2868 1 1 1 0.8
3 165070 1795 4006 1 1 1 0.8
3 100499 1796 2071 1 1 0 0.8
3 121125 1796 2729 1 1 0 0.8
3 113496 1799 2691 1 50 0 0.8
3 83017 1802 2124 1 10 0 0.8
3 79709 1802 2093 1 10 0 0.8
3 113774 1805 2809 1 10 1 0.8
3 67062 1806 1991 1 1 0 0.8
3 141632 1809 3943 1 10 1 0.8
3 113439 1811 2756 1 10 1 0.8
3 108557 1817 3053 1 50 0 0.8
3 169412 1818 4769 1 50 0 0.8
3 105600 1821 3080 1 10 0 0.8
3 102795 1823 2345 1 1 0 0.8
3 177375 1823 5227 1 10 0 0.8
3 168267 1824 4048 1 1 0 0.8
3 104841 1825 2223 1 10 0 0.8
3 178904 1828 4213 1 10 0 0.8
3 83477 1834 2140 1 1 0 0.8
3 175047 1835 5104 1 10 1 0.8
3 65522 1839 1436 1 1 0 0.8
3 159441 1841 3295 1 10 0 0.8
3 64616 1845 1582 1 10 1 0.8
3 66951 1845 1883 1 10 0 0.8
3 177004 1846 5174 1 1 1 0.8
3 67434 1849 1412 1 10 1 0.8
3 178078 1850 5299 1 50 0 0.8
3 92631 1853 2402 1 50 1 0.8
3 109750 1853 2487 1 1 0 0.8
3 124369 1859 3142 1 1 1 0.8
3 146769 1862 3983 1 1 1 0.8
3 105222 1862 2717 1 1 1 0.8
3 168105 1862 3799 1 1 0 0.8
3 177734 1868 4618 1 1 0 0.8
3 111284 1871 2682 1 10 1 0.8
3 142458 1872 4052 1 50 0 0.8
3 154977 1873 4601 1 1 1 0.8
3 88963 1873 2555 1 1 1 0.8
3 101939 1883 2775 1 10 0 0.8
3 176190 1892 5227 1 50 1 0.8
3 76241 1894 2059 1 1 0 0.8
3 152422 1895 3881 1 10 0 0.8
3 82224 1897 2279 1 1 0 0.8
3 82384 1898 2157 1 10 0 0.8
3 151054 1902 4327 1 10 1 0.8
3 98816 1903 2780 1 1 0 0.8
3 100781 1905 2849 1 10 1 0.8
3 102921 1906 2631 1 1 0 0.8
3 141689 1911 3187 1 1 0 0.8
3 83542 1914 1750 1 1 1 0.8
3 103625 1915 2451 1 10 1 0.8
3 161017 1916 3289 1 1 0 0.8
3 77789 1920 1909 1 1 1 0.8
3 123165 1924 2792 1 10 1 0.8
3 95440 1924 2044 1 1 0 0.8
3 109043 1925 3241 1 1 0 0.8
3 163899 1927 3394 1 1 1 0.8
3 132509 1933 2957 1 1 0 0.8
3 138644 1942 3129 1 10 0 0.8
3 106630 1943 2259 1 10 0 0.8
3 64936 1943 1868 1 1 0 0.8
3 144842 1945 3857 1 1 0 0.8
3 169505 1947 4864 1 1 0 0.8
3 89128 1954 2476 1 1 0 0.8
3 115249 1956 3238 1 1 1 0.8
3 173092 1961 3464 1 10 0 0.8
3 121729 1962 3307 1 10 1 0.8
3 95924 1966 2788 1 10 0 0.8
3 98816 1967 2603 1 1 0 0.8
3 113947 1967 3220 1 1 0 0.8
3 89999 1971 2359 1 1 1 0.8
3 145759 1976 4246 1 10 1 0.8
3 110071 1976 2754 1 10 0 0.8
3 92919 1977 2001 1 50 1 0.8
3 106509 1980 2487 1 1 0 0.8
3 171958 1981 4920 1 10 1 0.8
3 110527 1982 2537 1 1 0 0.8
3 165115 1985 3902 1 1 1 0.8
3 147135 1986 4042 1 10 0 0.8
3 119386 1989 2862 1 10 1 0.8
3 164932 1989 4397 1 1 1 0.8
3 115102 1990 2571 1 10 1 0.8
3 110007 1992 3123 1 1 0 0.8
3 144754 1992 4250 1 1 1 0.8
3 155292 1994 3756 1 1 0 0.8
3 91841 1998 2276 1 50 0 0.8
3 175217 2003 4882 1 1 1 0.8
3 69248 2006 1534 1 10 0 0.8
3 151496 2008 3077 1 1 0 0.8
3 140342 2010 4148 1 1 1 0.8
3 149266 2012 3152 1 10 1 0.8
3 156000 2014 3265 1 10 0 0.8
3 117187 2019 3094 1 10 1 0.8
3 157220 2022 3333 1 50 0 0.8
3 161919 2023 3564 1 1 1 0.8
3 88169 2025 2498 1 1 0 0.8
3 176993 2028 5184 1 1 1 0.8
3 109486 2037 2596 1 1 0 0.8
3 89776 2038 1890 1 10 0 0.8
3 150311 2042 3336 1 10 0 0.8
3 94829 2044 2709 1 1 1 0.8
3 121803 2047 3377 1 1 1 0.8
3 140057 2047 3760 1 50 1 0.8
3 102605 2047 2443 1 1 0 0.8
3 137748 2047 3203 1 1 1 0.8
3 173940 2051 5087 1 50 0 0.8
3 166474 2057 4434 1 1 0 0.8
3 178453 2061 4200 1 10 1 0.8
3 95164 2062 2352 1 1 1 0.8
3 133784 2063 3452 1 1 1 0.8
3 155576 2065 3467 1 1 1 0.8
3 144643 2067 3111 1 10 0 0.8
3 134125 2075 3468 1 1 1 0.8
3 150532 2078 4157 1 10 1 0.8
3 86911 2083 2176 1 10 1 0.8
3 94629 2089 2810 1 10 1 0.8
3 121738 2090 2590 1 1 0 0.8
3 86052 2099 2049 1 1 0 0.8
3 148962 2101 3585 1 10 0 0.8
3 110932 2103 2662 1 50 1 0.8
3 145162 2106 3646 1 10 1 0.8
3 124883 2106 2783 1 1 1 0.8
3 145548 2108 3949 1 1 0 0.8
3 113673 2109 2763 1 10 0 0.8
3 81590 2110 1825 1 1 0 0.8
3 121821 2116 2684 1 10 1 0.8
3 134055 2116 3750 1 1 0 0.8
3 102052 2117 3053 1 50 0 0.8
3 95581 2117 2420 1 1 1 0.8
3 76557 2122 1838 1 10 0 0.8
3 178216 2122 4202 1 1 1 0.8
3 161040 2126 3866 1 1 1 0.8
3 113415 2126 2787 1 1 0 0.8
3 98318 2128 2170 1 1 1 0.8
3 136842 2130 3036 1 1 1 0.8
3 82415 2131 1772 1 1 1 0.8
3 146184 2133 4354 1 1 0 0.8
3 176393 2137 4350 1 1 0 0.8
3 71726 2142 2145 1 50 1 0.8
3 91591 2142 2144 1 1 0 0.8
3 87874 2142 2626 1 1 1 0.8
3 139585 2142 2892 1 10 1 0.8
3 162892 2143 4541 1 10 1 0.8
3 133798 2150 3432 1 10 1 0.8
3 123624 2150 3261 1 1 1 0.8
3 131542 2153 3851 1 1 0 0.8
3 102463 2153 2750 1 1 0 0.8
3 110460 2154 3093 1 1 0 0.8
3 150359 2157 3602 1 10 1 0.8
3 156447 2158 4455 1 1 0 0.8
3 71284 2161 1523 1 1 1 0.8
3 80693 2167 2248 1 1 0 0.8
3 151213 2172 3136 1 1 1 0.8
3 177015 2173 4300 1 1 1 0.8
3 157596 2177 3713 1 10 0 0.8
3 98070 2181 2247 1 10 0 0.8
3 105758 2181 2743 1 1 1 0.8
3 75112 2182 2108 1 1 1 0.8
3 120161 2182 2645 1 10 1 0.8
3 163203 2195 3495 1 1 0 0.8
3 87488 2209 2621 1 1 1 0.8
3 96253 2212 2381 1 1 1 0.8
3 71929 2212 2071 1 10 1 0.8
3 164535 2215 3330 1 1 1 0.8
3 111401 2225 3111 1 10 1 0.8
3 125282 2230 2796 1 10 1 0.8
3 178313 2236 4976 1 1 1 0.8
3 124428 2236 3202 1 10 0 0.8
3 134750 2241 3614 1 50 1 0.8
3 140714 2244 3319 1 1 1 0.8
3 158762 2246 3874 1 1 1 0.8
3 143945 2251 4126 1 1 0 0.8
3 122715 2251 2884 1 1 1 0.8
3 163095 2253 4184 1 50 0 0.8
3 135823 2253 3871 1 1 1 0.8
3 111202 2256 3056 1 1 0 0.8
3 155835 2258 4495 1 1 0 0.8
3 96077 2261 2468 1 1 1 0.8
3 155220 2263 3184 1 1 0 0.8
3 86823 2264 2509 1 1 0 0.8
3 86806 2266 2097 1 1 1 0.8
3 166345 2271 4044 1 50 0 0.8
3 108314 2271 2826 1 10 1 0.8
3 77505 2275 1841 1 10 0 0.8
3 82151 2278 2210 1 10 1 0.8
3 69917 2278 1913 1 1 0 0.8
3 108557 2282 2205 1 1 1 0.8
3 87651 2285 2317 1 1 1 0.8
3 111557 2289 2747 1 1 1 0.8
3 173067 2291 3690 1 1 1 0.8
3 83008 2292 1849 1 10 0 0.8
3 146161 2293 3923 1 10 1 0.8
3 168466 2295 4758 1 1 0 0.8
3 64850 2296 1813 1 10 1 0.8
3 82241 2298 2166 1 1 1 0.8
3 124387 2303 3677 1 1 1 0.8
3 106577 2306 2962 1 50 0 0.8
3 168844 2308 4607 1 1 0 0.8
3 107838 2310 2834 1 1 1 0.8
3 139177 2311 3281 1 1 1 0.8
3 139002 2312 3328 1 1 1 0.8
3 110881 2313 2691 1 1 0 0.8
3 145766 2317 3503 1 10 0 0.8
3 106230 2317 2301 1 1 0 0.8
3 164691 2319 4491 1 1 0 0.8
3 62525 2321 1652 1 1 0 0.8
3 174768 2321 4414 1 1 0 0.8
3 83311 2323 2404 1 1 1 0.8
3 85229 2327 1800 1 10 0 0.8
3 92054 2331 2648 1 1 1 0.8
3 165341 2333 4323 1 1 0 0.8
3 89334 2335 2325 1 1 0 0.8
3 69800 2337 2088 1 1 1 0.8
3 99927 2339 2963 1 1 1 0.8
3 170471 2340 4882 1 50 1 0.8
3 122455 2348 3198 1 10 0 0.8
3 105089 2348 2571 1 10 1 0.8
3 137459 2352 3882 1 1 0 0.8
3 165494 2353 4330 1 1 1 0.8
3 121893 2353 3112 1 1 0 0.8
3 178598 2357 4137 1 1 0 0.8
3 165665 2358 4539 1 1 1 0.8
3 116961 2360 3502 1 10 0 0.8
3 114264 2364 2735 1 10 1 0.8
3 86293 2366 2248 1 10 1 0.8
3 118545 2367 3260 1 1 1 0.8
3 176899 2369 4029 1 10 0 0.8
3 123253 2370 3017 1 1 1 0.8
3 105369 2374 2861 1 1 0 0.8
3 75656 2375 1775 1 1 0 0.8
3 81927 2380 2128 1 1 1 0.8
3 92629 2380 2229 1 1 0 0.8
3 63570 2382 1302 1 1 1 0.8
3 93409 2382 2594 1 1 0 0.8
3 124319 2387 3443 1 1 0 0.8
3 159339 2387 4019 1 10 0 0.8
3 75205 2387 2125 1 1 1 0.8
3 87857 2389 2450 1 1 1 0.8
3 81159 2390 1953 1 1 1 0.8
3 81462 2392 1769 1 1 0 0.8
3 164568 2393 3448 1 50 1 0.8
3 140061 2394 4134 1 1 1 0.8
3 71055 2401 1928 1 1 0 0.8
3 118739 2405 2959 1 1 0 0.8
3 125737 2406 3527 1 1 0 0.8
3 97837 2406 2410 1 1 0 0.8
3 76552 2408 2050 1 1 1 0.8
3 110572 2408 2815 1 1 0 0.8
3 144942 2408 3126 1 1 0 0.8
3 121921 2409 2772 1 10 1 0.8
3 176225 2413 5261 1 1 1 0.8
3 176190 2418 4632 1 10 0 0.8
3 124127 2418 2646 1 1 0 0.8
3 85523 2420 2387 1 1 0 0.8
3 86932 2421 1882 1 1 0 0.8
3 139271 2422 2976 1 1 0 0.8
3 88829 2423 2369 1 1 1 0.8
3 146035 2431 4367 1 1 1 0.8
3 157098 2433 3833 1 1 1 0.8
3 106004 2433 2926 1 10 1 0.8
3 154771 2435 3715 1 10 0 0.8
3 118982 2441 3052 1 1 1 0.8
3 115431 2442 2992 1 1 0 0.8
3 75892 2443 1876 1 1 0 0.8
3 109655 2444 3284 1 1 0 0.8
3 170862 2444 4642 1 1 1 0.8
3 144999 2446 3607 1 1 1 0.8
3 126155 2447 3254 1 10 1 0.8
3 104206 2449 2752 1 10 1 0.8
3 111551 2451 2818 1 1 1 0.8
3 149865 2453 3995 1 10 1 0.8
3 170763 2457 3944 1 10 1 0.8
3 174270 2458 4659 1 1 0 0.8
3 178870 2461 3601 1 1 0 0.8
3 179754 2462 4112 1 1 0 0.8
3 95104 2462 2716 1 1 0 0.8
3 70189 2463 1942 1 1 0 0.8
3 94208 2464 2514 1 1 1 0.8
3 159222 2466 4126 1 1 0 0.8
3 153830 2467 3198 1 1 0 0.8
3 73107 2468 1851 1 1 0 0.8
3 112931 2468 2383 1 1 1 0.8
3 145769 2472 3745 1 1 0 0.8
3 131965 2474 3378 1 10 0 0.8
3 73039 2475 2008 1 50 1 0.8
3 91646 2475 2026 1 1 0 0.8
3 101342 2476 2376 1 1 0 0.8
3 87861 2476 2042 1 1 1 0.8
3 177120 2483 3902 1 1 1 0.8
3 108246 2484 3102 1 1 1 0.8
3 135768 2491 2760 1 50 0 0.8
3 108753 2492 2328 1 10 0 0.8
3 75943 2495 1785 1 50 1 0.8
3 78933 2502 1587 1 10 1 0.8
3 117951 2503 3501 1 10 0 0.8
3 164399 2505 3289 1 50 0 0.8
3 139822 2505 3289 1 1 1 0.8
3 154009 2507 4167 1 1 0 0.8
3 146585 2507 3716 1 1 1 0.8
3 67810 2512 1830 1 10 0 0.8
3 132181 2512 3090 1 10 1 0.8
3 62549 2513 1808 1 1 1 0.8
3 141883 2519 2987 1 10 0 0.8
3 149585 2525 4350 1 1 1 0.8
3 103602 2527 2928 1 1 1 0.8
3 92884 2528 1988 1 10 1 0.8
3 113235 2530 2842 1 10 0 0.8
3 85146 2534 2459 1 1 1 0.8
3 170429 2537 4930 1 1 1 0.8
3 157494 2542 3527 1 1 0 0.8
3 153837 2556 3221 1 50 1 0.8
3 104652 2560 3130 1 1 1 0.8
3 68185 2562 1524 1 1 0 0.8
3 157303 2564 3327 1 1 1 0.8
3 120050 2571 3008 1 10 0 0.8
3 122357 2572 3276 1 1 0 0.8
3 80351 2576 2309 1 1 0 0.8
3 91266 2586 2714 1 1 0 0.8
3 62732 2590 1350 1 1 1 0.8
3 71177 2591 2106 1 1 1 0.8
3 60023 2593 1528 1 10 1 0.8
3 155297 2593 4191 1 1 1 0.8
3 179977 2594 3634 1 1 0 0.8
3 149833 2595 4157 1 10 0 0.8
3 125904 2598 3034 1 1 0 0.8
3 128603 2599 3078 1 10 1 0.8
3 151793 2599 3507 1 50 0 0.8
3 76963 2603 2125 1 1 1 0.8
3 98278 2604 2307 1 10 0 0.8
3 168734 2606 4305 1 1 1 0.8
3 170983 2606 4397 1 10 0 0.8
3 165260 2608 3872 1 1 0 0.8
3 106927 2610 2410 1 1 0 0.8
3 172071 2611 3877 1 10 0 0.8
3 138609 2611 3141 1 50 1 0.8
3 62152 2612 1312 1 1 0 0.8
3 125926 2612 2527 1 50 0 0.8
3 112099 2614 2891 1 10 1 0.8
3 99331 2617 2965 1 1 0 0.8
3 63293 2619 1439 1 1 1 0.8
3 146119 2621 3333 1 1 1 0.8
3 132223 2622 3677 1 1 0 0.8
3 111847 2622 2953 1 1 0 0.8
3 86694 2623 1742 1 10 1 0.8
3 135858 2626 3913 1 1 0 0.8
3 103455 2628 2921 1 1 0 0.8
3 73844 2629 2059 1 1 0 0.8
3 65659 2631 1325 1 1 1 0.8
3 113450 2635 3230 1 1 0 0.8
3 83059 2637 2080 1 50 0 0.8
3 76525 2639 2138 1 1 1 0.8
3 113924 2644 2503 1 1 0 0.8
3 60903 2646 1416 1 1 1 0.8
3 76456 2648 2232 1 1 1 0.8
3 75019 2649 1528 1 1 1 0.8
3 138876 2649 3628 1 1 0 0.8
3 72538 2652 1522 1 1 0 0.8
3 71387 2662 2078 1 50 1 0.8
3 109126 2663 2933 1 10 1 0.8
3 174077 2670 4431 1 10 1 0.8
3 175381 2670 4266 1 10 1 0.8
3 130559 2671 3712 1 1 1 0.8
3 135447 2675 2817 1 10 0 0.8
3 88435 2680 1879 1 1 0 0.8
3 72706 2680 1462 1 10 0 0.8
3 95061 2681 2356 1 1 1 0.8
3 161906 2691 4127 1 10 0 0.8
3 84482 2696 2250 1 1 1 0.8
3 144470 2696 2927 1 1 1 0.8
3 177397 2698 3672 1 50 1 0.8
3 141011 2704 3485 1 1 0 0.8
3 132789 2707 3339 1 10 1 0.8
3 101973 2708 2917 1 1 1 0.8
3 152352 2710 3463 1 1 0 0.8
3 108911 2711 2419 1 10 0 0.8
3 128034 2713 3779 1 1 0 0.8
3 157668 2714 4300 1 1 1 0.8
3 137612 2715 4062 1 1 0 0.8
3 86547 2721 2509 1 10 1 0.8
3 137497 2722 3456 1 1 1 0.8
3 99155 2722 2920 1 10 0 0.8
3 178925 2723 4646 1 10 1 0.8
3 135865 2725 2739 1 1 1 0.8
3 121257 2725 3633 1 50 0 0.8
3 81050 2725 1839 1 1 0 0.8
3 155734 2731 4022 1 1 0 0.8
3 74160 2734 1560 1 1 0 0.8
3 76998 2735 1895 1 10 1 0.8
3 105399 2735 2704 1 1 0 0.8
3 82354 2737 2172 1 1 0 0.8
3 133130 2737 3086 1 1 0 0.8
3 104064 2738 2518 1 10 0 0.8
3 150822 2745 3033 1 10 1 0.8
3 118045 2745 3304 1 10 1 0.8
3 167780 2751 3678 1 1 0 0.8
3 165325 2754 4182 1 1 1 0.8
3 97486 2755 2104 1 1 1 0.8
3 102316 2755 3050 1 10 0 0.8
3 144556 2756 3548 1 1 0 0.8
3 86109 2757 1865 1 10 0 0.8
3 153145 2759 3374 1 10 0 0.8
3 140632 2762 4158 1 1 0 0.8
3 118361 2767 3159 1 1 0 0.8
3 69337 2776 1460 1 1 0 0.8
3 96645 2781 2453 1 1 0 0.8
3 75204 2781 1858 1 1 1 0.8
3 74331 2782 1925 1 1 1 0.8
3 66253 2784 1338 1 1 0 0.8
3 77183 2787 2231 1 1 0 0.8
3 139291 2789 3512 1 1 1 0.8
3 110530 2794 2384 1 10 0 0.8
3 131712 2795 3777 1 1 0 0.8
3 166743 2797 3956 1 1 0 0.8
3 107336 2806 2700 1 1 1 0.8
3 111532 2810 3338 1 1 1 0.8
3 107448 2811 2990 1 1 1 0.8
3 82211 2813 2314 1 1 0 0.8
3 73677 2822 1538 1 1 0 0.8
3 161739 2822 4139 1 10 1 0.8
3 145492 2822 4009 1 1 1 0.8
3 91957 2825 2402 1 1 1 0.8
3 108037 2826 3237 1 1 1 0.8
3 79864 2826 1758 1 1 0 0.8
3 126663 2828 3016 1 1 1 0.8
3 61721 2830 1494 1 1 0 0.8
3 61896 2831 1340 1 1 0 0.8
3 159420 2838 3406 1 1 0 0.8
3 166676 2839 3927 1 10 0 0.8
3 123403 2846 3098 1 1 1 0.8
3 144921 2848 3042 1 1 1 0.8
3 145471 2848 3141 1 1 1 0.8
3 167268 2849 4385 1 10 0 0.8
3 66456 2856 1789 1 1 1 0.8
3 160650 2857 3953 1 1 0 0.8
3 171572 2860 4928 1 1 1 0.8
3 126133 2862 3691 1 1 0 0.8
3 79296 2865 2370 1 10 1 0.8
3 69649 2865 1636 1 50 1 0.8
3 144914 2869 3483 1 10 1 0.8
3 133855 2878 3961 1 10 0 0.8
3 123305 2882 3452 1 1 0 0.8
3 117645 2889 3042 1 1 0 0.8
3 110067 2891 2631 1 1 1 0.8
3 73994 2892 1755 1 10 0 0.8
3 61648 2893 1565 1 1 1 0.8
3 174147 2894 4570 1 50 1 0.8
3 118105 2895 2839 1 1 0 0.8
3 73526 2895 1817 1 10 0 0.8
3 61195 2896 1571 1 10 1 0.8
3 125832 2896 2752 1 1 1 0.8
3 170474 2897 5088 1 50 0 0.8
3 100024 2898 2750 1 1 1 0.8
3 130421 2899 3640 1 10 0 0.8
3 101263 2908 2795 1 1 1 0.8
3 104087 2911 2845 1 1 0 0.8
3 113475 2912 2925 1 10 1 0.8
3 136659 2919 4000 1 1 0 0.8
3 145280 2924 4101 1 50 0 0.8
3 168299 2925 3973 1 10 0 0.8
3 79208 2927 1834 1 1 0 0.8
3 68527 2929 1588 1 1 1 0.8
3 146805 2929 3393 1 1 1 0.8
3 140486 2931 3104 1 1 0 0.8
3 164248 2931 4311 1 10 1 0.8
3 119531 2935 3132 1 1 0 0.8
3 81219 2939 1723 1 1 1 0.8
3 60811 2940 1550 1 10 0 0.8
3 68624 2943 1506 1 1 1 0.8
3 101647 2944 2260 1 1 1 0.8
3 121578 2946 2632 1 10 0 0.8
3 159994 2955 3927 1 50 1 0.8
3 173810 2955 5200 1 1 0 0.8
3 94891 2964 2107 1 10 1 0.8
3 78403 2970 2102 1 10 1 0.8
3 150812 2970 4007 1 1 1 0.8
3 82838 2971 2341 1 50 0 0.8
3 134579 2974 3020 1 10 0 0.8
3 161798 2983 4052 1 50 0 0.8
3 97014 2992 2834 1 10 1 0.8
3 92088 2992 2755 1 1 1 0.8
3 147424 2997 3868 1 1 0 0.8
3 79637 2998 1729 1 1 0 0.8
3 83291 2998 1989 1 1 0 0.8
3 84021 3002 2389 1 50 0 0.8
3 83947 3003 1787 1 1 0 0.8
3 83103 3005 2035 1 1 1 0.8
3 104205 3005 2971 1 1 1 0.8
3 84277 3006 1857 1 1 1 0.8
3 68630 3007 1618 1 50 1 0.8
3 62525 3010 1613 1 1 1 0.8
3 69988 3011 1529 1 1 0 0.8
3 140577 3011 3760 1 10 0 0.8
3 104169 3014 3039 1 10 0 0.8
3 127897 3014 3538 1 10 1 0.8
3 141922 3017 3901 1 1 0 0.8
3 105624 3018 2721 1 10 1 0.8
3 151531 3022 3344 1 1 0 0.8
3 137106 3022 3615 1 1 0 0.8
3 99982 3027 2076 1 1 0 0.8
3 159971 3032 3868 1 1 1 0.8
3 117895 3040 3426 1 1 1 0.8
3 114556 3045 2805 1 1 1 0.8
3 91885 3050 2520 1 1 0 0.8
3 153903 3052 3562 1 1 1 0.8
3 129040 3054 3132 1 1 0 0.8
3 140179 3055 3346 1 1 0 0.8
3 159507 3056 4601 1 10 0 0.8
3 113585 3056 3309 1 1 0 0.8
3 138687 3056 3115 1 1 1 0.8
3 121478 3060 3476 1 1 0 0.8
3 87856 3060 2364 1 1 1 0.8
3 83180 3071 1866 1 1 0 0.8
3 161058 3074 4810 1 1 0 0.8
3 92495 3074 2398 1 10 1 0.8
3 67306 3084 1836 1 10 0 0.8
3 160169 3085 4161 1 1 0 0.8
3 65348 3088 1603 1 10 1 0.8
3 172647 3089 4733 1 1 0 0.8
3 82694 3091 2211 1 10 0 0.8
3 60965 3095 1710 1 50 0 0.8
3 72262 3095 1765 1 50 1 0.8
3 91953 3095 2116 1 10 0 0.8
3 127678 3096 3627 1 1 1 0.8
3 114756 3098 2921 1 1 1 0.8
3 79864 3098 1748 1 1 0 0.8
3 139678 3099 3687 1 1 0 0.8
3 138970 3102 2792 1 50 0 0.8
3 159756 3103 3687 1 1 1 0.8
3 66964 3103 1817 1 10 0 0.8
3 89674 3105 2250 1 1 1 0.8
3 67740 3105 1620 1 1 1 0.8
3 83512 3111 2050 1 10 1 0.8
3 170620 3114 4890 1 1 1 0.8
3 179686 3118 3874 1 10 0 0.8
3 84465 3124 2477 1 1 0 0.8
3 166670 3124 3587 1 1 1 0.8
3 173871 3126 4314 1 10 0 0.8
3 156198 3129 3390 1 10 0 0.8
3 161219 3130 3918 1 1 0 0.8
3 157431 3130 4069 1 10 1 0.8
3 122419 3131 2646 1 10 1 0.8
3 154842 3132 4474 1 10 1 0.8
3 113155 3133 3189 1 10 0 0.8
3 129140 3133 2692 1 10 1 0.8
3 92539 3135 2380 1 1 1 0.8
3 114784 3137 2552 1 1 1 0.8
3 106692 3137 2641 1 10 0 0.8
3 66456 3137 1867 1 10 1 0.8
3 113528 3140 3177 1 10 0 0.8
3 101430 3144 2155 1 1 0 0.8
3 82940 3145 2218 1 1 1 0.8
3 118732 3146 3229 1 10 0 0.8
3 102326 3149 2669 1 10 0 0.8
3 170794 3149 4358 1 1 1 0.8
3 84535 3149 1844 1 10 0 0.8
3 127539 3155 2973 1 1 0 0.8
3 103195 3160 2150 1 1 1 0.8
3 76906 3160 1682 1 1 1 0.8
3 79941 3166 1963 1 1 0 0.8
3 94569 3170 2107 1 1 1 0.8
3 109453 3172 2213 1 1 0 0.8
3 110592 3176 3063 1 1 0 0.8
3 179838 3176 5087 1 1 0 0.8
3 103807 3176 2471 1 10 1 0.8
3 164105 3179 4137 1 10 0 0.8
3 171317 3181 3473 1 10 1 0.8
3 92595 3183 2048 1 1 1 0.8
3 132582 3184 3580 1 1 1 0.8
3 79806 3184 1597 1 10 0 0.8
3 107259 3189 3142 1 10 1 0.8
3 96013 3194 1930 1 1 0 0.8
3 171813 3194 4821 1 1 0 0.8
3 125109 3194 3451 1 1 0 0.8
3 71958 3196 1506 1 1 1 0.8
3 125553 3197 2707 1 1 1 0.8
3 136012 3202 3608 1 1 0 0.8
3 156141 3205 3806 1 10 1 0.8
3 179272 3208 4067 1 50 0 0.8
3 82426 3217 1819 1 1 0 0.8
3 132664 3219 2875 1 1 1 0.8
3 169789 3219 4632 1 10 0 0.8
3 66653 3222 1831 1 1 0 0.8
3 130225 3222 3894 1 50 1 0.8
3 112507 3223 2411 1 50 1 0.8
3 160015 3224 4543 1 10 0 0.8
3 166451 3224 4469 1 1 1 0.8
3 78384 3227 2295 1 1 1 0.8
3 141716 3227 3130 1 1 0 0.8
3 163821 3228 4104 1 1 1 0.8
3 110528 3229 3183 1 1 1 0.8
3 170454 3232 3914 1 10 0 0.8
3 174142 3233 3536 1 10 1 0.8
3 138691 3233 3379 1 1 1 0.8
3 160253 3235 4687 1 1 1 0.8
3 134138 3235 3261 1 1 1 0.8
3 172149 3236 4755 1 1 0 0.8
3 122665 3237 2957 1 1 1 0.8
3 60627 3241 1461 1 1 1 0.8
3 86304 3246 2226 1 10 0 0.8
3 133464 3247 3142 1 1 0 0.8
3 85389 3247 2206 1 10 1 0.8
3 89513 3247 2511 1 1 1 0.8
3 88142 3249 2145 1 1 1 0.8
3 149514 3251 4369 1 1 1 0.8
3 159414 3258 3958 1 10 0 0.8
3 114924 3261 2439 1 1 1 0.8
3 171862 3261 3802 1 1 1 0.8
3 121631 3262 3566 1 10 0 0.8
3 134648 3268 2866 1 1 1 0.8
3 152645 3271 3887 1 1 0 0.8
3 71761 3271 1773 1 1 0 0.8
3 81897 3271 2039 1 1 0 0.8
3 167945 3274 3483 1 1 1 0.8
3 145976 3279 3089 1 10 1 0.8
3 127101 3279 3698 1 1 1 0.8
3 168580 3279 4278 1 50 0 0.8
3 92363 3288 2058 1 1 1 0.8
3 127931 3288 2678 1 10 1 0.8
3 124735 3290 3244 1 10 1 0.8
3 178307 3294 5263 1 1 0 0.8
3 70255 3295 1898 1 1 1 0.8
3 63158 3295 1806 1 10 0 0.8
3 144137 3304 3674 1 10 1 0.8
3 76785 3304 1920 1 50 1 0.8
3 61024 3307 1578 1 50 0 0.8
3 141480 3308 3249 1 1 0 0.8
3 104954 3313 2497 1 1 0 0.8
3 145691 3322 3139 1 1 0 0.8
3 72963 3325 1986 1 1 1 0.8
3 155944 3325 4552 1 1 1 0.8
3 68110 3325 1771 1 10 1 0.8
3 169335 3331 4988 1 1 1 0.8
3 137415 3332 3727 1 1 1 0.8
3 168183 3333 3950 1 1 1 0.8
3 178157 3336 3578 1 1 0 0.8
3 112987 3336 2996 1 1 1 0.8
3 104665 3338 3012 1 1 1 0.8
3 114734 3339 2958 1 1 1 0.8
3 92841 3341 2483 1 10 1 0.8
3 140398 3343 3960 1 10 1 0.8
3 144709 3343 2964 1 1 1 0.8
3 65839 3347 1710 1 1 0 0.8
3 106745 3352 2219 1 50 1 0.8
3 147797 3352 4411 1 1 0 0.8
3 162904 3353 4689 1 1 0 0.8
3 164742 3354 4243 1 1 0 0.8
3 87881 3355 1769 1 50 0 0.8
3 67953 3358 1398 1 1 1 0.8
3 104050 3360 2953 1 10 1 0.8
3 93183 3363 2657 1 1 0 0.8
3 121607 3367 3421 1 1 0 0.8
3 110639 3368 2471 1 1 0 0.8
3 105433 3368 2742 1 1 1 0.8
3 178767 3368 4141 1 1 0 0.8
3 97309 3369 2621 1 10 1 0.8
3 168803 3371 4585 1 10 0 0.8
3 147236 3373 3345 1 50 1 0.8
3 70046 3374 1562 1 10 0 0.8
3 162471 3375 4289 1 1 0 0.8
3 175219 3378 4025 1 1 0 0.8
3 166864 3381 4837 1 1 0 0.8
3 100170 3386 2786 1 1 0 0.8
3 147250 3387 4336 1 1 0 0.8
3 80386 3387 1927 1 1 1 0.8
3 97892 3390 2489 1 1 1 0.8
3 107993 3391 2884 1 50 0 0.8
3 151163 3391 4262 1 10 1 0.8
3 154452 3392 3584 1 10 0 0.8
3 179716 3394 3807 1 1 1 0.8
3 153611 3395 3953 1 1 0 0.8
3 98996 3399 2849 1 1 1 0.8
3 158599 3399 3999 1 1 1 0.8
3 160836 3401 3733 1 1 1 0.8
3 162077 3403 4457 1 1 1 0.8
3 131980 3403 3654 1 10 1 0.8
3 166860 3404 4577 1 1 0 0.8
3 62897 3411 1308 1 10 1 0.8
3 171953 3412 3555 1 1 0 0.8
3 100122 3422 2763 1 1 1 0.8
3 156090 3426 3281 1 1 1 0.8
3 87150 3426 2174 1 1 1 0.8
3 65421 3429 1544 1 1 1 0.8
3 151934 3431 3769 1 10 0 0.8
3 142130 3432 3836 1 10 1 0.8
3 133590 3435 2855 1 1 0 0.8
3 179610 3440 3977 1 1 1 0.8
3 157903 3442 3396 1 1 1 0.8
3 103730 3445 2285 1 1 0 0.8
3 78659 3446 2066 1 1 0 0.8
3 144660 3447 3239 1 1 0 0.8
3 161423 3449 4628 1 1 0 0.8
3 139232 3449 2821 1 10 0 0.8
3 62517 3449 1389 1 10 1 0.8
3 169153 3451 3420 1 1 1 0.8
3 159772 3456 3561 1 1 1 0.8
3 137418 3461 3459 1 1 0 0.8
3 72364 3463 1602 1 1 0 0.8
3 134529 3466 3581 1 1 1 0.8
3 72283 3467 1955 1 1 0 0.8
3 77976 3469 1647 1 1 0 0.8
3 61673 3469 1280 1 1 0 0.8
3 60269 3470 1779 1 50 0 0.8
3 89646 3470 2250 1 1 1 0.8
3 78350 3470 1661 1 10 1 0.8
3 163351 3470 4348 1 10 0 0.8
3 152533 3472 3692 1 1 0 0.8
3 91594 3479 2506 1 1 0 0.8
3 174963 3479 4033 1 1 1 0.8
3 144899 3480 2943 1 10 0 0.8
3 159862 3480 3268 1 50 0 0.8
3 121836 3484 2687 1 50 1 0.8
3 149495 3485 3192 1 10 0 0.8
3 81465 3487 2405 1 10 1 0.8
3 99948 3493 2265 1 1 0 0.8
3 129064 3495 3617 1 1 1 0.8
3 137658 3495 3661 1 1 1 0.8
3 76347 3496 2128 1 1 1 0.8
3 133438 3497 3060 1 10 0 0.8
3 63111 3497 1861 1 10 0 0.8
3 98647 3501 2096 1 10 1 0.8
3 165117 3506 4045 1 10 1 0.8
3 110801 3506 2617 1 10 1 0.8
3 173995 3510 3842 1 1 0 0.8
3 140387 3513 3410 1 1 0 0.8
3 151452 3517 3766 1 10 0 0.8
3 105532 3517 2798 1 10 0 0.8
3 130777 3524 3381 1 10 1 0.8
3 153870 3524 4025 1 1 0 0.8
3 84792 3524 2451 1 1 1 0.8
3 106580 3525 2758 1 1 1 0.8
3 169886 3528 5075 1 1 0 0.8
3 150929 3531 3779 1 1 0 0.8
3 67322 3533 1401 1 1 0 0.8
3 151293 3534 3507 1 1 0 0.8
3 161981 3537 3908 1 1 1 0.8
3 178038 3537 5250 1 1 0 0.8
3 76056 3546 1977 1 10 0 0.8
3 177016 3553 4169 1 50 1 0.8
3 113908 3556 2540 1 1 1 0.8
3 65303 3557 1366 1 50 0 0.8
3 138628 3558 4051 1 1 1 0.8
3 60692 3558 1734 1 1 1 0.8
3 160655 3561 4623 1 1 0 0.8
3 137601 3575 3921 1 1 0 0.8
3 88859 3577 2511 1 1 0 0.8
3 134787 3577 2949 1 10 0 0.8
3 134645 3585 3845 1 1 0 0.8
3 143137 3588 3498 1 10 1 0.8
3 135982 3589 3743 1 1 1 0.8
3 123622 3592 3414 1 1 0 0.8
3 106868 3594 2522 1 1 1 0.8
3 115064 3596 2921 1 10 0 0.8
