1500
4 70865 0 1803 1 1 0 0.8
4 62604 2 1638 1 1 1 0.8
4 69292 5 1948 1 1 0 0.8
4 150319 7 3896 1 10 0 0.8
4 125080 8 3598 1 1 1 0.8
4 65765 10 1825 1 1 0 0.8
4 128095 10 3496 1 1 0 0.8
4 130704 11 2887 1 50 1 0.8
4 166266 12 3347 1 10 1 0.8
4 107016 20 2574 1 1 0 0.8
4 156910 26 4407 1 50 0 0.8
4 99365 26 2818 1 10 1 0.8
4 137534 27 2825 1 50 0 0.8
4 130515 30 3600 1 1 1 0.8
4 171301 34 4096 1 1 0 0.8
4 70419 36 1984 1 1 1 0.8
4 65128 38 1670 1 50 0 0.8
4 126555 40 3120 1 10 1 0.8
4 89114 41 1928 1 1 1 0.8
4 175835 45 4543 1 10 1 0.8
4 115431 47 2873 1 1 0 0.8
4 174838 48 3923 1 10 1 0.8
4 61163 52 1477 1 10 1 0.8
4 100688 53 2229 1 1 0 0.8
4 99613 56 2028 1 1 0 0.8
4 116047 58 3020 1 10 1 0.8
4 108460 61 2735 1 10 0 0.8
4 70473 67 1902 1 1 1 0.8
4 68348 68 1406 1 1 0 0.8
4 135735 70 3569 1 10 0 0.8
4 117506 77 3190 1 10 0 0.8
4 108922 79 2216 1 1 0 0.8
4 108150 79 2567 1 1 1 0.8
4 66828 80 1846 1 1 1 0.8
4 140006 84 3917 1 1 0 0.8
4 86407 85 1954 1 50 0 0.8
4 78031 88 2128 1 10 1 0.8
4 114483 88 2339 1 1 0 0.8
4 66551 89 1370 1 1 1 0.8
4 131440 102 3780 1 1 1 0.8
4 94266 102 2044 1 1 1 0.8
4 64871 109 1811 1 1 0 0.8
4 121310 112 2941 1 10 1 0.8
4 104303 113 2480 1 1 0 0.8
4 161151 114 3936 1 10 1 0.8
4 65334 116 1891 1 10 0 0.8
4 122033 117 2765 1 1 1 0.8
4 106462 117 2424 1 1 0 0.8
4 164099 119 4827 1 10 0 0.8
4 69136 126 2018 1 50 1 0.8
4 163274 132 4334 1 1 1 0.8
4 121727 142 2881 1 1 1 0.8
4 70385 142 1796 1 10 1 0.8
4 166191 149 3988 1 1 1 0.8
4 76136 150 1992 1 10 1 0.8
4 95960 152 2761 1 1 0 0.8
4 67733 155 1956 1 1 1 0.8
4 166408 159 4835 1 1 0 0.8
4 88476 160 2420 1 1 1 0.8
4 113982 162 3348 1 1 0 0.8
4 70126 168 2058 1 1 0 0.8
4 155049 170 4307 1 50 0 0.8
4 105237 170 2433 1 1 0 0.8
4 167533 173 4584 1 10 1 0.8
4 142594 177 4101 1 1 0 0.8
4 135924 178 3179 1 1 0 0.8
4 147466 182 3132 1 1 1 0.8
4 157078 183 4501 1 1 0 0.8
4 83287 185 2281 1 10 1 0.8
4 144230 186 3705 1 50 1 0.8
4 167584 187 3703 1 1 1 0.8
4 131893 194 3410 1 10 0 0.8
4 71295 197 1695 1 10 0 0.8
4 69221 197 1710 1 1 1 0.8
4 154268 197 4423 1 1 0 0.8
4 142553 210 2871 1 1 0 0.8
4 74928 212 1972 1 10 0 0.8
4 81354 213 1648 1 1 1 0.8
4 62039 219 1701 1 1 1 0.8
4 144041 230 3914 1 1 1 0.8
4 116954 232 2787 1 10 1 0.8
4 146489 233 3334 1 50 1 0.8
4 78005 233 2035 1 1 0 0.8
4 134945 236 3156 1 10 1 0.8
4 99660 236 2909 1 10 0 0.8
4 148684 236 3011 1 10 0 0.8
4 156399 243 4090 1 50 1 0.8
4 61569 245 1805 1 1 0 0.8
4 153035 245 4026 1 50 1 0.8
4 87293 252 2381 1 10 0 0.8
4 102830 256 2174 1 1 0 0.8
4 93836 258 2245 1 1 0 0.8
4 83115 265 1690 1 10 1 0.8
4 172549 265 4865 1 50 1 0.8
4 64595 267 1692 1 1 0 0.8
4 95933 267 2180 1 50 0 0.8
4 177379 268 4903 1 1 1 0.8
4 121982 269 2479 1 1 0 0.8
4 127981 269 3181 1 10 0 0.8
4 93976 272 2512 1 1 1 0.8
4 151647 272 4495 1 1 0 0.8
4 93101 274 2714 1 1 0 0.8
4 112102 284 2679 1 10 0 0.8
4 110451 288 2737 1 1 0 0.8
4 159561 294 3968 1 10 0 0.8
4 91540 294 1893 1 10 0 0.8
4 177906 298 5195 1 50 0 0.8
4 106766 299 2784 1 1 1 0.8
4 97444 299 2130 1 1 0 0.8
4 87806 300 2067 1 10 0 0.8
4 106506 306 2270 1 1 0 0.8
4 142587 306 3949 1 1 0 0.8
4 65539 311 1474 1 50 0 0.8
4 70619 315 1888 1 1 1 0.8
4 103513 315 2433 1 50 0 0.8
4 151984 320 3684 1 10 0 0.8
4 142396 325 3381 1 1 0 0.8
4 134102 325 3523 1 1 1 0.8
4 78559 326 1762 1 1 1 0.8
4 100100 328 2065 1 1 0 0.8
4 60892 329 1536 1 1 1 0.8
4 138327 330 3799 1 1 1 0.8
4 142768 335 2974 1 1 1 0.8
4 97019 339 2129 1 1 1 0.8
4 177100 342 3969 1 1 0 0.8
4 130181 346 2638 1 1 1 0.8
4 97539 348 2123 1 50 1 0.8
4 73437 349 1879 1 1 1 0.8
4 176517 351 4831 1 1 1 0.8
4 149312 353 4259 1 50 1 0.8
4 160693 355 3471 1 10 0 0.8
4 158266 357 4586 1 10 0 0.8
4 174483 357 4158 1 50 0 0.8
4 173731 358 3716 1 1 0 0.8
4 177553 363 4428 1 1 0 0.8
4 66596 364 1979 1 10 0 0.8
4 151623 368 4290 1 1 1 0.8
4 160895 369 3722 1 1 1 0.8
4 91689 370 1836 1 1 1 0.8
4 138008 370 3475 1 10 0 0.8
4 102687 372 3020 1 1 0 0.8
4 173454 375 3980 1 1 1 0.8
4 154966 377 3559 1 1 0 0.8
4 103615 382 2803 1 1 0 0.8
4 110676 385 3210 1 50 0 0.8
4 123042 385 2580 1 1 1 0.8
4 163426 388 4051 1 1 0 0.8
4 86692 393 2165 1 10 0 0.8
4 61812 393 1455 1 1 1 0.8
4 124240 393 3067 1 10 1 0.8
4 107467 394 2725 1 10 0 0.8
4 166535 398 4935 1 1 0 0.8
4 176200 398 4955 1 1 1 0.8
4 159227 400 4000 1 1 0 0.8
4 144531 410 3892 1 1 0 0.8
4 169673 410 3725 1 1 0 0.8
4 89033 413 2146 1 1 0 0.8
4 135184 413 3872 1 1 1 0.8
4 168355 416 4519 1 10 0 0.8
4 86112 417 1940 1 10 0 0.8
4 62270 419 1788 1 1 1 0.8
4 116461 420 3322 1 1 0 0.8
4 130743 421 2975 1 10 1 0.8
4 174923 421 4272 1 1 1 0.8
4 172717 430 3839 1 1 0 0.8
4 64484 430 1305 1 1 1 0.8
4 150308 431 3565 1 1 0 0.8
4 141088 431 3115 1 1 1 0.8
4 158230 435 3591 1 1 1 0.8
4 115362 436 3073 1 1 1 0.8
4 177896 440 4171 1 10 0 0.8
4 152064 441 3303 1 1 1 0.8
4 66368 445 1570 1 1 0 0.8
4 94072 448 2021 1 1 0 0.8
4 125973 448 2980 1 1 1 0.8
4 132873 453 3033 1 10 1 0.8
4 110068 453 2299 1 10 1 0.8
4 89687 456 1997 1 1 0 0.8
4 149558 458 3068 1 50 1 0.8
4 111766 460 3299 1 50 1 0.8
4 109344 461 2879 1 1 0 0.8
4 155671 466 4487 1 10 1 0.8
4 86483 467 1928 1 50 1 0.8
4 62440 471 1375 1 1 1 0.8
4 63248 474 1764 1 10 1 0.8
4 149909 474 3965 1 50 0 0.8
4 78936 474 1668 1 50 1 0.8
4 97161 475 2587 1 1 1 0.8
4 67014 480 1349 1 1 0 0.8
4 167729 485 4861 1 10 1 0.8
4 111960 490 3022 1 50 0 0.8
4 61420 491 1454 1 1 0 0.8
4 146455 492 4342 1 1 1 0.8
4 85535 497 2084 1 1 0 0.8
4 116979 500 2582 1 1 0 0.8
4 137758 503 3874 1 1 0 0.8
4 82906 507 1791 1 1 1 0.8
4 122112 509 2446 1 1 1 0.8
4 123836 509 3068 1 1 1 0.8
4 149013 512 3963 1 1 1 0.8
4 83091 520 2282 1 50 1 0.8
4 107661 525 2459 1 1 1 0.8
4 114871 528 2880 1 1 0 0.8
4 77388 528 2049 1 1 1 0.8
4 107669 531 2212 1 1 0 0.8
4 159122 531 3444 1 1 1 0.8
4 177826 531 4702 1 10 0 0.8
4 119002 534 2622 1 1 0 0.8
4 145116 539 4187 1 10 1 0.8
4 84428 541 2323 1 50 1 0.8
4 106531 543 2302 1 1 0 0.8
4 60403 547 1800 1 1 0 0.8
4 172646 548 4865 1 10 0 0.8
4 145890 549 3166 1 1 0 0.8
4 128274 550 3662 1 10 1 0.8
4 96128 551 2720 1 1 1 0.8
4 74748 554 1938 1 10 1 0.8
4 153812 554 3313 1 1 1 0.8
4 138854 554 4039 1 10 1 0.8
4 87596 556 2507 1 1 0 0.8
4 85794 556 2496 1 1 0 0.8
4 84332 558 1990 1 10 0 0.8
4 62328 562 1476 1 50 0 0.8
4 88791 563 1833 1 50 1 0.8
4 169340 569 3925 1 10 1 0.8
4 95062 571 2534 1 10 1 0.8
4 71433 573 1533 1 1 1 0.8
4 163510 573 4603 1 1 1 0.8
4 80922 580 2287 1 1 1 0.8
4 82667 581 2293 1 10 0 0.8
4 91728 582 2265 1 1 0 0.8
4 150154 588 3043 1 1 1 0.8
4 125528 591 2751 1 10 1 0.8
4 78241 591 2189 1 1 0 0.8
4 71227 591 1930 1 1 0 0.8
4 68835 595 1474 1 1 1 0.8
4 68979 596 1608 1 1 0 0.8
4 166201 597 4862 1 1 0 0.8
4 68838 599 1827 1 1 0 0.8
4 121591 603 2435 1 1 1 0.8
4 147038 603 3235 1 10 0 0.8
4 109106 603 2511 1 10 1 0.8
4 64009 607 1560 1 10 0 0.8
4 71714 610 1543 1 1 1 0.8
4 179988 612 4230 1 1 0 0.8
4 67292 614 1892 1 1 0 0.8
4 142354 617 4180 1 1 0 0.8
4 164516 618 3711 1 1 1 0.8
4 96131 620 2122 1 10 1 0.8
4 94103 627 2478 1 10 1 0.8
4 97879 629 2788 1 1 1 0.8
4 110623 631 3154 1 10 1 0.8
4 136047 635 3034 1 1 0 0.8
4 129796 640 3747 1 1 0 0.8
4 172419 643 4323 1 50 1 0.8
4 168740 643 3840 1 10 1 0.8
4 87190 650 2302 1 1 0 0.8
4 65464 652 1659 1 1 1 0.8
4 125539 654 3659 1 10 0 0.8
4 95365 654 2692 1 1 1 0.8
4 161599 656 4579 1 1 0 0.8
4 157531 656 4709 1 1 1 0.8
4 80072 656 2014 1 10 0 0.8
4 163435 660 3539 1 10 1 0.8
4 154700 661 3398 1 1 0 0.8
4 146121 662 3032 1 10 1 0.8
4 139584 663 3923 1 10 1 0.8
4 78011 664 2263 1 1 1 0.8
4 128863 667 3614 1 1 0 0.8
4 153501 673 4584 1 1 1 0.8
4 143488 674 2953 1 1 0 0.8
4 118788 676 2503 1 1 1 0.8
4 99633 679 2132 1 1 1 0.8
4 133486 681 3242 1 10 1 0.8
4 176413 683 5176 1 1 0 0.8
4 84015 684 2029 1 10 0 0.8
4 163151 689 3698 1 50 0 0.8
4 177916 689 4224 1 1 1 0.8
4 136422 691 2810 1 1 1 0.8
4 168561 694 3975 1 50 1 0.8
4 116277 700 3024 1 1 1 0.8
4 103096 703 2271 1 1 0 0.8
4 147113 705 3596 1 50 1 0.8
4 110611 707 2630 1 50 0 0.8
4 127169 711 3550 1 10 0 0.8
4 143368 711 3735 1 50 0 0.8
4 171904 712 4534 1 10 1 0.8
4 166435 712 4702 1 1 1 0.8
4 103045 712 2279 1 1 0 0.8
4 80016 712 1920 1 1 0 0.8
4 130982 714 3158 1 1 0 0.8
4 68354 717 1919 1 10 1 0.8
4 95232 719 2837 1 1 1 0.8
4 127495 720 2983 1 1 0 0.8
4 161157 720 4789 1 1 0 0.8
4 124130 722 2658 1 10 0 0.8
4 154641 725 4063 1 1 1 0.8
4 138486 728 3150 1 10 0 0.8
4 113466 729 3255 1 1 1 0.8
4 174666 729 3593 1 1 0 0.8
4 125438 731 2548 1 1 1 0.8
4 92714 732 2475 1 1 1 0.8
4 169439 735 4547 1 1 0 0.8
4 142640 738 3233 1 1 0 0.8
4 74134 738 1741 1 1 1 0.8
4 64368 741 1843 1 10 1 0.8
4 77664 746 1890 1 10 1 0.8
4 80784 748 1847 1 1 0 0.8
4 87091 751 2156 1 1 1 0.8
4 69377 754 1773 1 50 0 0.8
4 116499 759 2754 1 10 0 0.8
4 137838 761 3891 1 10 1 0.8
4 97154 762 2034 1 1 1 0.8
4 106730 770 2304 1 1 1 0.8
4 78922 771 2087 1 1 1 0.8
4 127943 774 3734 1 1 1 0.8
4 145437 775 3876 1 1 1 0.8
4 165614 775 4557 1 1 0 0.8
4 67581 777 1888 1 10 0 0.8
4 162003 777 4406 1 50 1 0.8
4 78818 782 1771 1 1 0 0.8
4 99249 787 2970 1 1 1 0.8
4 163193 789 4088 1 1 0 0.8
4 103591 798 2432 1 10 0 0.8
4 111866 800 3044 1 1 0 0.8
4 125107 802 2606 1 1 0 0.8
4 66709 806 1774 1 1 0 0.8
4 68955 810 1956 1 10 0 0.8
4 85630 813 2268 1 1 1 0.8
4 112401 813 3067 1 1 0 0.8
4 103051 814 2852 1 10 1 0.8
4 137687 816 3880 1 10 1 0.8
4 149209 818 3880 1 1 1 0.8
4 129857 822 3449 1 10 0 0.8
4 103150 824 2423 1 10 1 0.8
4 103244 826 2920 1 1 0 0.8
4 78688 827 1740 1 1 0 0.8
4 64925 827 1492 1 1 0 0.8
4 100428 829 2073 1 1 1 0.8
4 170236 837 4056 1 1 0 0.8
4 116918 838 3485 1 1 0 0.8
4 173136 841 4158 1 1 1 0.8
4 76776 843 2224 1 10 0 0.8
4 108859 846 2840 1 1 1 0.8
4 119290 846 3424 1 1 0 0.8
4 73928 847 1721 1 1 0 0.8
4 63815 850 1892 1 1 1 0.8
4 128912 852 3514 1 50 1 0.8
4 82833 854 2451 1 1 1 0.8
4 113919 857 2964 1 10 0 0.8
4 135884 860 3177 1 10 1 0.8
4 152329 862 4297 1 1 0 0.8
4 86164 862 1793 1 10 1 0.8
4 79464 863 2205 1 10 0 0.8
4 61586 863 1785 1 10 1 0.8
4 166539 867 4915 1 50 1 0.8
4 168306 867 4879 1 50 0 0.8
4 110199 868 2780 1 1 0 0.8
4 98742 872 2535 1 1 1 0.8
4 144702 872 4261 1 10 0 0.8
4 133788 874 3562 1 1 0 0.8
4 70784 875 1874 1 50 0 0.8
4 106801 877 2785 1 10 1 0.8
4 129349 880 3382 1 10 1 0.8
4 138339 882 3476 1 1 1 0.8
4 145684 883 3154 1 1 0 0.8
4 121466 886 3504 1 1 1 0.8
4 98138 888 1983 1 10 1 0.8
4 165466 888 4840 1 50 1 0.8
4 60420 890 1598 1 1 1 0.8
4 83184 890 2344 1 1 0 0.8
4 90367 892 2510 1 1 0 0.8
4 152145 895 3377 1 10 1 0.8
4 76206 897 1852 1 1 0 0.8
4 168792 899 3660 1 1 1 0.8
4 120028 903 2595 1 1 0 0.8
4 120434 904 2787 1 1 1 0.8
4 119141 906 2721 1 10 0 0.8
4 147988 907 4325 1 1 0 0.8
4 100846 908 2793 1 10 0 0.8
4 120385 908 2696 1 10 1 0.8
4 91410 910 1936 1 1 1 0.8
4 179103 911 4075 1 1 0 0.8
4 102886 912 2786 1 10 1 0.8
4 95805 916 1944 1 50 1 0.8
4 164105 916 4746 1 1 0 0.8
4 136067 917 4009 1 10 1 0.8
4 104452 919 3116 1 10 1 0.8
4 156275 922 3871 1 1 0 0.8
4 176517 923 4655 1 10 0 0.8
4 176170 923 4140 1 1 0 0.8
4 135777 930 3003 1 10 1 0.8
4 100599 932 2299 1 10 0 0.8
4 121397 936 3443 1 1 1 0.8
4 159653 939 3326 1 50 1 0.8
4 152043 946 4381 1 50 1 0.8
4 159339 947 4208 1 10 1 0.8
4 109758 948 2787 1 10 1 0.8
4 103450 951 2915 1 10 1 0.8
4 88674 951 2075 1 10 1 0.8
4 175528 958 4445 1 1 1 0.8
4 74541 959 1715 1 50 0 0.8
4 106383 965 2512 1 10 1 0.8
4 170319 966 4833 1 1 1 0.8
4 68699 967 1977 1 1 1 0.8
4 73864 969 1802 1 1 0 0.8
4 74485 969 1524 1 1 0 0.8
4 84853 970 1916 1 1 1 0.8
4 139673 970 2825 1 1 1 0.8
4 97328 972 2789 1 50 0 0.8
4 134316 973 3855 1 1 1 0.8
4 127808 975 3054 1 10 0 0.8
4 109558 982 2601 1 1 1 0.8
4 161732 982 4510 1 10 0 0.8
4 123682 983 3211 1 50 1 0.8
4 134955 984 2814 1 10 0 0.8
4 111787 986 3001 1 1 0 0.8
4 151936 990 3683 1 1 0 0.8
4 178850 996 5209 1 1 0 0.8
4 121488 1002 3264 1 10 1 0.8
4 93629 1002 2405 1 1 0 0.8
4 83563 1005 1691 1 1 1 0.8
4 111325 1006 2965 1 1 0 0.8
4 170665 1007 3874 1 50 1 0.8
4 93107 1007 2700 1 1 0 0.8
4 61467 1008 1600 1 10 0 0.8
4 124149 1009 3282 1 50 1 0.8
4 171325 1009 4230 1 1 1 0.8
4 76345 1010 2082 1 1 0 0.8
4 107937 1011 2790 1 1 1 0.8
4 73857 1011 1810 1 1 0 0.8
4 135287 1011 2960 1 10 0 0.8
4 71799 1013 1653 1 1 0 0.8
4 164925 1014 3313 1 10 1 0.8
4 67514 1014 1798 1 1 1 0.8
4 148884 1015 4311 1 1 0 0.8
4 86054 1017 2541 1 10 1 0.8
4 147870 1019 3002 1 1 0 0.8
4 179984 1035 4091 1 1 1 0.8
4 94310 1042 1957 1 10 1 0.8
4 162215 1042 3427 1 10 1 0.8
4 71447 1043 1693 1 1 1 0.8
4 155124 1044 4302 1 1 0 0.8
4 165443 1044 4903 1 1 1 0.8
4 139460 1045 3657 1 10 1 0.8
4 170265 1046 4154 1 10 0 0.8
4 129002 1046 3210 1 1 1 0.8
4 60773 1048 1720 1 1 1 0.8
4 173714 1048 4899 1 50 1 0.8
4 153301 1048 3145 1 1 1 0.8
4 149719 1048 4458 1 1 0 0.8
4 116756 1051 3309 1 10 1 0.8
4 78358 1052 1632 1 1 0 0.8
4 165601 1054 4744 1 50 0 0.8
4 146051 1054 4157 1 10 0 0.8
4 166648 1056 4316 1 50 1 0.8
4 152360 1059 3085 1 50 1 0.8
4 95425 1059 2662 1 1 0 0.8
4 118219 1060 2487 1 1 0 0.8
4 66420 1060 1671 1 1 0 0.8
4 162145 1061 3515 1 1 0 0.8
4 92690 1065 2724 1 50 0 0.8
4 76185 1068 2188 1 1 1 0.8
4 76529 1077 1687 1 1 1 0.8
4 125446 1078 2646 1 50 0 0.8
4 143938 1080 2962 1 1 1 0.8
4 113312 1080 2824 1 50 1 0.8
4 88981 1084 2406 1 1 1 0.8
4 179847 1084 3855 1 1 1 0.8
4 133279 1086 3973 1 1 1 0.8
4 133411 1086 3378 1 1 1 0.8
4 165791 1088 3416 1 50 0 0.8
4 148234 1088 3230 1 1 0 0.8
4 137365 1091 3007 1 10 0 0.8
4 161893 1092 4467 1 50 0 0.8
4 130057 1092 3247 1 1 1 0.8
4 98291 1094 2279 1 1 1 0.8
4 73691 1096 1783 1 1 0 0.8
4 163484 1097 4249 1 1 1 0.8
4 81807 1098 2125 1 1 1 0.8
4 171462 1098 3507 1 10 0 0.8
4 119097 1098 2802 1 10 0 0.8
4 99831 1100 2369 1 10 1 0.8
4 175678 1104 4948 1 1 0 0.8
4 96966 1109 2358 1 1 1 0.8
4 153489 1111 3632 1 10 1 0.8
4 124918 1114 2903 1 1 0 0.8
4 99334 1115 2076 1 10 1 0.8
4 111266 1117 2671 1 1 1 0.8
4 101122 1118 2844 1 1 0 0.8
4 134304 1121 3984 1 50 1 0.8
4 98029 1122 2343 1 1 0 0.8
4 175872 1123 4907 1 1 0 0.8
4 161754 1124 3513 1 1 0 0.8
4 117925 1126 2464 1 50 0 0.8
4 84574 1126 2410 1 1 0 0.8
4 157747 1126 4653 1 1 1 0.8
4 148083 1127 4266 1 10 0 0.8
4 138359 1132 3276 1 10 1 0.8
4 173078 1133 4876 1 1 0 0.8
4 73974 1135 2214 1 10 1 0.8
4 90202 1140 2440 1 10 1 0.8
4 149434 1148 3705 1 1 1 0.8
4 161757 1152 4657 1 1 1 0.8
4 62271 1155 1558 1 1 1 0.8
4 179179 1157 3602 1 1 1 0.8
4 105275 1167 3027 1 10 1 0.8
4 131849 1170 2797 1 1 0 0.8
4 97989 1171 2931 1 1 0 0.8
4 104031 1172 2693 1 10 0 0.8
4 64447 1172 1565 1 1 1 0.8
4 123937 1173 2598 1 1 0 0.8
4 86842 1174 2050 1 1 1 0.8
4 127806 1174 3552 1 1 1 0.8
4 179045 1175 3830 1 10 0 0.8
4 163439 1177 4227 1 10 0 0.8
4 104075 1179 2479 1 50 0 0.8
4 165715 1182 4875 1 1 0 0.8
4 65238 1184 1356 1 1 0 0.8
4 63913 1189 1728 1 10 1 0.8
4 91678 1194 2460 1 50 1 0.8
4 103268 1195 2800 1 10 1 0.8
4 91663 1195 1916 1 10 0 0.8
4 122801 1197 2642 1 1 0 0.8
4 64883 1205 1392 1 10 0 0.8
4 161595 1205 4807 1 1 1 0.8
4 86640 1210 2449 1 1 0 0.8
4 145301 1211 3861 1 1 0 0.8
4 124464 1214 2567 1 1 1 0.8
4 167847 1216 4259 1 10 1 0.8
4 160572 1216 4332 1 1 1 0.8
4 79851 1222 1789 1 1 0 0.8
4 61105 1224 1627 1 10 0 0.8
4 103196 1227 2849 1 1 0 0.8
4 82759 1231 2315 1 50 0 0.8
4 152837 1233 3315 1 10 1 0.8
4 148852 1234 3063 1 50 0 0.8
4 104795 1234 2731 1 1 0 0.8
4 78393 1237 1872 1 1 1 0.8
4 162170 1238 4790 1 1 1 0.8
4 137435 1239 3840 1 50 1 0.8
4 101022 1248 2738 1 1 0 0.8
4 165338 1251 4582 1 1 1 0.8
4 111785 1257 2733 1 1 1 0.8
4 170947 1259 3706 1 1 0 0.8
4 81852 1259 1961 1 1 1 0.8
4 178076 1266 3583 1 1 0 0.8
4 69290 1266 2051 1 10 0 0.8
4 98815 1267 2185 1 1 1 0.8
4 177975 1267 3771 1 1 0 0.8
4 100218 1269 2752 1 10 1 0.8
4 92548 1272 1851 1 1 1 0.8
4 95714 1275 2658 1 10 0 0.8
4 127791 1278 2847 1 1 0 0.8
4 105137 1280 2545 1 1 1 0.8
4 124539 1281 2861 1 1 0 0.8
4 115129 1281 2935 1 10 1 0.8
4 107470 1285 2673 1 50 0 0.8
4 65457 1285 1338 1 1 1 0.8
4 169254 1286 3657 1 1 1 0.8
4 78166 1286 2183 1 1 0 0.8
4 171487 1287 4605 1 1 0 0.8
4 119815 1293 3337 1 1 1 0.8
4 117127 1293 3180 1 1 0 0.8
4 176439 1293 4986 1 1 1 0.8
4 148828 1298 3489 1 1 0 0.8
4 101523 1302 2624 1 1 0 0.8
4 61593 1312 1323 1 10 0 0.8
4 153230 1313 4252 1 1 1 0.8
4 86724 1313 2571 1 10 1 0.8
4 166238 1314 4179 1 1 1 0.8
4 131049 1315 3111 1 1 1 0.8
4 119397 1316 2397 1 50 1 0.8
4 70480 1316 1414 1 10 1 0.8
4 112157 1319 3022 1 1 0 0.8
4 61019 1322 1569 1 1 1 0.8
4 90070 1326 1907 1 10 0 0.8
4 108012 1331 2800 1 1 1 0.8
4 75809 1332 2086 1 1 0 0.8
4 66961 1335 1572 1 1 0 0.8
4 63586 1335 1528 1 10 1 0.8
4 74675 1337 2119 1 50 1 0.8
4 159387 1338 4403 1 1 1 0.8
4 169770 1343 4926 1 50 0 0.8
4 168029 1346 4758 1 1 0 0.8
4 99519 1351 2740 1 1 1 0.8
4 119702 1357 3403 1 1 0 0.8
4 153869 1360 4475 1 10 1 0.8
4 164963 1363 3748 1 1 0 0.8
4 64231 1364 1849 1 1 1 0.8
4 171427 1364 3780 1 50 1 0.8
4 125166 1366 3301 1 1 1 0.8
4 103779 1367 3025 1 1 1 0.8
4 99935 1368 2591 1 1 0 0.8
4 137000 1370 3789 1 10 0 0.8
4 88575 1376 2496 1 1 0 0.8
4 117118 1379 3042 1 1 1 0.8
4 129757 1382 2935 1 1 1 0.8
4 65605 1383 1688 1 1 0 0.8
4 130588 1388 3518 1 10 0 0.8
4 61274 1391 1273 1 10 0 0.8
4 142860 1392 4063 1 1 0 0.8
4 103324 1396 2838 1 1 0 0.8
4 98083 1396 2419 1 10 1 0.8
4 129931 1398 3752 1 10 0 0.8
4 97858 1401 2757 1 1 1 0.8
4 178473 1405 4913 1 1 0 0.8
4 81317 1407 2236 1 1 1 0.8
4 153683 1413 3985 1 10 0 0.8
4 157388 1416 4393 1 1 0 0.8
4 79098 1416 2285 1 1 1 0.8
4 136797 1416 3439 1 50 1 0.8
4 89426 1417 2238 1 10 0 0.8
4 125807 1422 2872 1 1 0 0.8
4 98284 1427 2293 1 1 0 0.8
4 160586 1428 3823 1 1 0 0.8
4 142189 1430 3413 1 10 1 0.8
4 120157 1432 2533 1 1 0 0.8
4 165494 1437 4686 1 1 0 0.8
4 64131 1437 1510 1 10 0 0.8
4 142824 1440 4121 1 10 1 0.8
4 123608 1440 3680 1 10 1 0.8
4 143369 1442 3398 1 50 0 0.8
4 83171 1443 1818 1 1 0 0.8
4 172526 1444 4641 1 1 0 0.8
4 152869 1445 3850 1 1 0 0.8
4 100205 1449 2311 1 1 0 0.8
4 169418 1449 4093 1 50 0 0.8
4 145946 1451 3925 1 1 0 0.8
4 149160 1452 3949 1 1 1 0.8
4 125558 1454 2640 1 1 1 0.8
4 112034 1455 3341 1 1 1 0.8
4 150180 1459 3747 1 1 0 0.8
4 131621 1461 3794 1 1 1 0.8
4 150327 1465 4366 1 10 0 0.8
4 70654 1474 1416 1 10 0 0.8
4 114782 1479 3242 1 10 0 0.8
4 132421 1479 3190 1 50 0 0.8
4 153925 1483 3619 1 1 1 0.8
4 175155 1486 5027 1 50 1 0.8
4 70969 1487 1750 1 1 1 0.8
4 83324 1490 1805 1 1 0 0.8
4 106978 1492 2658 1 1 0 0.8
4 97374 1492 2753 1 1 0 0.8
4 151205 1495 4441 1 1 1 0.8
4 164665 1498 3791 1 1 0 0.8
4 80267 1500 1942 1 10 0 0.8
4 126905 1505 2666 1 10 0 0.8
4 103761 1505 2769 1 10 1 0.8
4 119526 1507 2574 1 1 0 0.8
4 125821 1508 2628 1 10 1 0.8
4 92741 1527 2001 1 10 0 0.8
4 133464 1529 3397 1 1 1 0.8
4 82594 1536 1808 1 1 1 0.8
4 162177 1536 4821 1 1 1 0.8
4 84544 1539 2325 1 10 0 0.8
4 131037 1544 3495 1 1 0 0.8
4 116417 1544 3126 1 1 1 0.8
4 85025 1548 2003 1 1 0 0.8
4 104685 1548 3100 1 10 1 0.8
4 118640 1549 3480 1 1 1 0.8
4 114156 1549 3061 1 50 1 0.8
4 89950 1555 2549 1 1 0 0.8
4 61577 1556 1578 1 1 1 0.8
4 149380 1562 3210 1 10 1 0.8
4 139233 1569 3991 1 10 0 0.8
4 85125 1576 1806 1 50 1 0.8
4 154267 1577 4355 1 1 1 0.8
4 88392 1578 2391 1 1 1 0.8
4 95787 1579 1935 1 1 0 0.8
4 150857 1581 3952 1 1 0 0.8
4 98244 1582 2127 1 1 1 0.8
4 75196 1587 2242 1 50 1 0.8
4 126030 1590 3144 1 10 0 0.8
4 130631 1591 3747 1 1 0 0.8
4 178307 1591 4122 1 1 1 0.8
4 179302 1592 5184 1 1 1 0.8
4 171473 1593 4961 1 1 1 0.8
4 176073 1597 4382 1 10 0 0.8
4 152799 1600 3510 1 1 0 0.8
4 120434 1602 2587 1 1 1 0.8
4 93738 1603 2626 1 10 1 0.8
4 141850 1607 3924 1 10 0 0.8
4 82983 1607 1705 1 1 1 0.8
4 154154 1612 4420 1 1 0 0.8
4 94072 1614 2235 1 1 0 0.8
4 110008 1618 2534 1 10 0 0.8
4 129675 1619 3180 1 50 0 0.8
4 173719 1621 3631 1 1 0 0.8
4 155123 1628 3879 1 10 1 0.8
4 179473 1628 4936 1 1 1 0.8
4 106385 1628 2535 1 1 1 0.8
4 69706 1633 1796 1 1 1 0.8
4 157675 1635 3750 1 1 1 0.8
4 143732 1640 2985 1 50 1 0.8
4 99331 1644 2823 1 50 1 0.8
4 90563 1650 2025 1 10 1 0.8
4 164061 1651 4777 1 10 1 0.8
4 167405 1652 4886 1 10 0 0.8
4 92612 1652 1954 1 10 0 0.8
4 100213 1654 2537 1 1 0 0.8
4 165322 1662 4173 1 10 0 0.8
4 68309 1665 1372 1 1 0 0.8
4 91530 1669 2052 1 50 1 0.8
4 82191 1671 2350 1 1 1 0.8
4 80797 1672 2042 1 50 1 0.8
4 156175 1675 3700 1 10 0 0.8
4 173257 1683 4504 1 1 1 0.8
4 116778 1683 2907 1 10 0 0.8
4 90881 1686 1895 1 10 0 0.8
4 119595 1687 2834 1 50 0 0.8
4 114386 1690 2413 1 10 0 0.8
4 137290 1690 3594 1 1 0 0.8
4 83740 1692 1889 1 10 0 0.8
4 107778 1695 3067 1 1 0 0.8
4 130561 1696 2850 1 1 0 0.8
4 116297 1697 2835 1 10 0 0.8
4 73513 1699 1975 1 1 1 0.8
4 131781 1701 3121 1 1 1 0.8
4 141066 1701 3633 1 10 1 0.8
4 121846 1701 3492 1 1 0 0.8
4 99236 1704 2660 1 50 1 0.8
4 75484 1706 1600 1 1 1 0.8
4 144415 1706 4276 1 10 0 0.8
4 61592 1712 1396 1 1 1 0.8
4 73050 1713 2085 1 1 1 0.8
4 130531 1714 3590 1 1 1 0.8
4 90468 1716 2411 1 1 1 0.8
4 112966 1718 2265 1 1 1 0.8
4 97853 1719 2375 1 1 1 0.8
4 169375 1719 4651 1 1 1 0.8
4 113936 1723 2900 1 1 1 0.8
4 160442 1729 4076 1 10 1 0.8
4 71561 1733 1912 1 1 1 0.8
4 102689 1735 2099 1 10 0 0.8
4 136256 1742 3291 1 1 0 0.8
4 119679 1745 2632 1 1 0 0.8
4 147184 1745 3310 1 10 1 0.8
4 161272 1746 4834 1 1 0 0.8
4 147756 1748 3241 1 1 0 0.8
4 72470 1748 2020 1 50 0 0.8
4 159983 1750 4127 1 10 0 0.8
4 66171 1751 1962 1 1 0 0.8
4 102923 1757 2127 1 50 1 0.8
4 64273 1762 1329 1 10 1 0.8
4 164346 1763 4512 1 10 1 0.8
4 122356 1763 2769 1 10 0 0.8
4 108790 1764 3064 1 1 1 0.8
4 71953 1765 1909 1 10 0 0.8
4 111780 1766 2543 1 1 0 0.8
4 113123 1767 2566 1 1 0 0.8
4 72228 1771 1646 1 1 1 0.8
4 154241 1777 4367 1 1 0 0.8
4 133567 1778 3770 1 10 1 0.8
4 158259 1779 4554 1 1 0 0.8
4 92119 1783 2570 1 10 0 0.8
4 82503 1785 1961 1 10 0 0.8
4 120194 1789 2894 1 1 0 0.8
4 150396 1790 3861 1 50 0 0.8
4 166428 1792 3493 1 1 0 0.8
4 122839 1796 3451 1 1 1 0.8
4 168605 1799 4300 1 1 1 0.8
4 64587 1800 1563 1 10 1 0.8
4 69215 1805 1854 1 1 1 0.8
4 80924 1808 2311 1 10 0 0.8
4 163798 1810 4129 1 50 1 0.8
4 179552 1815 4504 1 1 0 0.8
4 73100 1823 2027 1 1 1 0.8
4 115183 1827 2644 1 1 1 0.8
4 166114 1850 4058 1 1 0 0.8
4 154386 1853 3100 1 10 0 0.8
4 108397 1856 2767 1 10 0 0.8
4 62803 1859 1559 1 1 1 0.8
4 176227 1860 3736 1 1 1 0.8
4 151285 1863 3983 1 1 1 0.8
4 152052 1864 3389 1 10 0 0.8
4 124345 1868 3092 1 10 0 0.8
4 63580 1871 1630 1 10 1 0.8
4 83873 1873 1678 1 1 0 0.8
4 88311 1874 2058 1 10 0 0.8
4 141859 1874 3068 1 1 1 0.8
4 96006 1874 2124 1 10 1 0.8
4 104470 1875 2646 1 1 0 0.8
4 120786 1879 3363 1 1 0 0.8
4 117177 1880 3456 1 50 1 0.8
4 130628 1880 2912 1 50 1 0.8
4 139068 1885 3203 1 1 0 0.8
4 91456 1887 2050 1 50 0 0.8
4 109855 1888 2443 1 10 0 0.8
4 60670 1889 1661 1 10 0 0.8
4 142900 1890 3824 1 10 1 0.8
4 109165 1891 2970 1 50 1 0.8
4 112322 1893 2301 1 50 0 0.8
4 157709 1893 4563 1 1 0 0.8
4 176170 1898 3910 1 1 0 0.8
4 130536 1899 3868 1 1 1 0.8
4 173652 1901 4972 1 1 0 0.8
4 66464 1906 1453 1 1 0 0.8
4 125441 1906 2711 1 1 0 0.8
4 88450 1906 2234 1 1 1 0.8
4 112164 1910 2568 1 1 1 0.8
4 73620 1911 1514 1 1 1 0.8
4 113635 1913 2843 1 1 0 0.8
4 97565 1922 2007 1 1 0 0.8
4 80135 1924 2174 1 10 1 0.8
4 155434 1927 4316 1 10 0 0.8
4 164988 1931 3330 1 10 0 0.8
4 92684 1934 2086 1 1 0 0.8
4 89724 1934 1932 1 1 1 0.8
4 84787 1937 2105 1 1 1 0.8
4 103886 1941 2923 1 1 0 0.8
4 133644 1943 3891 1 1 1 0.8
4 156091 1946 3815 1 1 0 0.8
4 88619 1947 2137 1 1 0 0.8
4 89554 1953 2064 1 10 0 0.8
4 168423 1954 3403 1 1 1 0.8
4 116047 1957 2433 1 50 1 0.8
4 130616 1958 3247 1 1 0 0.8
4 101199 1961 2143 1 1 0 0.8
4 150245 1962 3156 1 1 1 0.8
4 121755 1963 3631 1 1 1 0.8
4 73651 1965 1836 1 10 1 0.8
4 133930 1965 3872 1 1 1 0.8
4 168931 1966 3866 1 1 0 0.8
4 166199 1967 4179 1 10 1 0.8
4 112962 1968 2914 1 1 0 0.8
4 121344 1971 2708 1 50 0 0.8
4 89208 1975 1986 1 50 1 0.8
4 102077 1978 2779 1 10 1 0.8
4 158926 1980 4340 1 50 0 0.8
4 178325 1989 5060 1 1 1 0.8
4 132017 1992 3090 1 10 1 0.8
4 132530 2001 2737 1 1 0 0.8
4 79732 2005 1929 1 10 0 0.8
4 120909 2006 2443 1 10 1 0.8
4 76523 2007 1570 1 1 0 0.8
4 75318 2007 1671 1 10 0 0.8
4 107882 2008 3175 1 10 1 0.8
4 69451 2012 1541 1 1 1 0.8
4 90833 2012 2105 1 10 0 0.8
4 71843 2019 1985 1 10 0 0.8
4 96871 2021 2019 1 10 1 0.8
4 177549 2023 4050 1 1 1 0.8
4 73053 2023 1660 1 10 1 0.8
4 128548 2026 2893 1 10 1 0.8
4 176020 2028 5050 1 1 0 0.8
4 123901 2030 3352 1 1 0 0.8
4 60037 2032 1731 1 1 0 0.8
4 153635 2034 3436 1 50 1 0.8
4 144462 2036 4214 1 10 0 0.8
4 163224 2038 3642 1 1 0 0.8
4 154586 2039 3361 1 10 0 0.8
4 76297 2040 2170 1 1 0 0.8
4 93318 2040 2084 1 50 0 0.8
4 124244 2041 2516 1 1 0 0.8
4 165334 2042 4616 1 10 0 0.8
4 161578 2045 4440 1 10 0 0.8
4 68659 2046 1924 1 1 1 0.8
4 172460 2048 4645 1 1 1 0.8
4 166325 2049 3637 1 10 1 0.8
4 157936 2050 4727 1 1 0 0.8
4 149786 2051 3118 1 10 1 0.8
4 153880 2053 3991 1 1 0 0.8
4 117419 2055 2554 1 1 1 0.8
4 165269 2058 4283 1 1 0 0.8
4 129564 2058 3133 1 10 1 0.8
4 89659 2059 2228 1 1 0 0.8
4 96333 2064 2337 1 10 1 0.8
4 80891 2067 1640 1 10 0 0.8
4 78833 2068 1758 1 10 0 0.8
4 84141 2070 1741 1 10 1 0.8
4 76103 2071 1589 1 1 1 0.8
4 93080 2080 2476 1 1 0 0.8
4 156647 2083 4407 1 10 0 0.8
4 76360 2083 1971 1 1 1 0.8
4 90560 2083 2452 1 1 1 0.8
4 135888 2085 2843 1 50 1 0.8
4 106923 2088 2824 1 10 1 0.8
4 158153 2094 3931 1 1 0 0.8
4 138296 2097 3085 1 1 0 0.8
4 85359 2099 2553 1 10 1 0.8
4 71075 2101 1471 1 1 0 0.8
4 68704 2102 1524 1 10 0 0.8
4 90404 2105 2120 1 1 1 0.8
4 115561 2105 2313 1 1 1 0.8
4 136111 2107 3313 1 10 1 0.8
4 75164 2108 1599 1 1 1 0.8
4 114989 2109 3045 1 1 1 0.8
4 63278 2112 1671 1 1 0 0.8
4 144342 2114 3803 1 10 1 0.8
4 81435 2117 2260 1 10 0 0.8
4 154871 2118 3700 1 50 0 0.8
4 85051 2130 2024 1 10 1 0.8
4 119169 2131 2938 1 1 1 0.8
4 117715 2133 3104 1 10 0 0.8
4 119325 2140 2518 1 10 0 0.8
4 144458 2145 3156 1 10 1 0.8
4 146440 2153 4324 1 10 0 0.8
4 110027 2156 2843 1 10 1 0.8
4 84924 2159 2299 1 1 1 0.8
4 95136 2159 2760 1 1 0 0.8
4 87458 2161 2375 1 1 0 0.8
4 131880 2165 2704 1 1 0 0.8
4 125430 2167 3217 1 10 0 0.8
4 64126 2170 1545 1 50 1 0.8
4 156825 2173 4217 1 50 0 0.8
4 145085 2173 2957 1 1 1 0.8
4 102163 2177 2286 1 10 1 0.8
4 174110 2189 4108 1 1 1 0.8
4 60662 2189 1551 1 10 1 0.8
4 150391 2190 4493 1 10 1 0.8
4 78928 2197 1675 1 10 1 0.8
4 60901 2201 1287 1 1 0 0.8
4 159905 2206 3326 1 1 0 0.8
4 138177 2213 2938 1 50 0 0.8
4 175223 2225 3850 1 1 0 0.8
4 165465 2225 3975 1 1 0 0.8
4 114265 2229 2592 1 1 0 0.8
4 152155 2231 3119 1 1 0 0.8
4 104516 2232 3122 1 50 0 0.8
4 133142 2232 3270 1 50 1 0.8
4 150528 2234 4280 1 1 1 0.8
4 162320 2240 3577 1 1 0 0.8
4 157406 2240 3234 1 1 0 0.8
4 120194 2247 3014 1 10 1 0.8
4 131379 2249 3529 1 10 1 0.8
4 68351 2250 1995 1 1 1 0.8
4 123798 2258 3388 1 10 1 0.8
4 99345 2258 2729 1 1 1 0.8
4 99142 2259 2669 1 1 0 0.8
4 170105 2260 5035 1 10 0 0.8
4 178581 2267 4166 1 1 0 0.8
4 171952 2267 5145 1 1 0 0.8
4 102257 2270 2433 1 10 1 0.8
4 178436 2277 4735 1 10 1 0.8
4 171871 2286 4472 1 10 1 0.8
4 96638 2288 2591 1 10 0 0.8
4 86574 2292 2297 1 1 0 0.8
4 152644 2292 3789 1 10 0 0.8
4 167679 2293 3379 1 10 0 0.8
4 149935 2298 3838 1 10 1 0.8
4 100135 2302 2256 1 1 1 0.8
4 151448 2303 3967 1 50 1 0.8
4 150022 2306 3201 1 50 0 0.8
4 113328 2306 3238 1 10 1 0.8
4 133619 2308 3607 1 1 1 0.8
4 162034 2313 3624 1 10 0 0.8
4 88871 2314 2383 1 1 1 0.8
4 164218 2316 4520 1 10 1 0.8
4 115364 2317 3193 1 1 1 0.8
4 175535 2318 4680 1 10 0 0.8
4 123799 2321 3038 1 10 0 0.8
4 72202 2327 1787 1 1 0 0.8
4 175741 2328 4203 1 1 0 0.8
4 144799 2329 3699 1 1 0 0.8
4 126352 2329 3592 1 10 0 0.8
4 114520 2333 3083 1 1 1 0.8
4 139547 2333 3763 1 1 1 0.8
4 108381 2334 2239 1 10 0 0.8
4 147295 2336 4051 1 10 0 0.8
4 105773 2339 2271 1 1 0 0.8
4 139687 2341 3832 1 1 0 0.8
4 139963 2344 4006 1 50 1 0.8
4 66965 2345 1603 1 1 1 0.8
4 65830 2346 1689 1 10 0 0.8
4 88135 2347 2431 1 1 1 0.8
4 112425 2348 2940 1 1 0 0.8
4 141190 2351 3421 1 1 0 0.8
4 127584 2353 3253 1 1 1 0.8
4 107045 2353 2967 1 10 1 0.8
4 134901 2363 2826 1 1 0 0.8
4 96441 2365 1968 1 1 1 0.8
4 170579 2369 4742 1 1 0 0.8
4 67683 2369 1885 1 10 1 0.8
4 99761 2372 2426 1 1 0 0.8
4 146671 2373 3163 1 1 0 0.8
4 88184 2376 1969 1 10 0 0.8
4 171688 2376 4724 1 10 1 0.8
4 123860 2378 3435 1 1 1 0.8
4 68976 2384 1570 1 10 0 0.8
4 164854 2387 3938 1 1 0 0.8
4 122118 2390 3467 1 1 0 0.8
4 74709 2397 1825 1 1 0 0.8
4 172923 2398 4052 1 10 1 0.8
4 129083 2402 3483 1 1 1 0.8
4 116463 2405 3139 1 50 1 0.8
4 150384 2405 4321 1 1 0 0.8
4 80800 2415 2375 1 1 1 0.8
4 132775 2416 3196 1 1 1 0.8
4 124333 2417 2827 1 1 0 0.8
4 147033 2418 4349 1 1 0 0.8
4 120085 2420 3556 1 1 1 0.8
4 166164 2423 3996 1 50 1 0.8
4 137415 2426 2877 1 1 1 0.8
4 164374 2427 3535 1 10 1 0.8
4 83686 2428 2272 1 10 1 0.8
4 131096 2432 3241 1 1 1 0.8
4 103137 2433 2357 1 1 1 0.8
4 82482 2434 2436 1 1 1 0.8
4 158659 2437 4281 1 1 1 0.8
4 135370 2440 3540 1 1 0 0.8
4 63059 2440 1518 1 10 1 0.8
4 93903 2440 2033 1 1 1 0.8
4 114679 2443 2846 1 1 0 0.8
4 92980 2445 2189 1 10 1 0.8
4 161841 2447 4378 1 1 0 0.8
4 130162 2452 2936 1 10 1 0.8
4 164480 2452 4486 1 1 1 0.8
4 84507 2454 1961 1 1 0 0.8
4 110724 2455 3209 1 10 0 0.8
4 170068 2457 3557 1 1 1 0.8
4 172034 2461 5003 1 1 1 0.8
4 165587 2463 4234 1 50 0 0.8
4 74472 2470 2138 1 1 1 0.8
4 165219 2472 3504 1 10 0 0.8
4 105356 2476 3027 1 10 0 0.8
4 107604 2476 2280 1 10 0 0.8
4 134647 2476 3853 1 10 0 0.8
4 73817 2476 1601 1 1 1 0.8
4 120387 2477 3458 1 10 1 0.8
4 97764 2480 2172 1 50 1 0.8
4 168598 2480 4498 1 1 1 0.8
4 156208 2497 4295 1 1 0 0.8
4 158055 2499 4477 1 10 1 0.8
4 144107 2500 3517 1 1 0 0.8
4 149945 2507 4249 1 1 0 0.8
4 145295 2509 4090 1 10 0 0.8
4 68571 2511 1580 1 1 0 0.8
4 98795 2514 2334 1 1 1 0.8
4 140756 2515 2994 1 1 0 0.8
4 156714 2517 4645 1 1 1 0.8
4 147878 2519 3563 1 10 0 0.8
4 120780 2519 3552 1 1 0 0.8
4 93833 2523 2226 1 1 0 0.8
4 96443 2531 2040 1 10 0 0.8
4 165948 2532 4807 1 1 0 0.8
4 79516 2533 2319 1 50 1 0.8
4 101589 2538 2592 1 1 0 0.8
4 122498 2540 3108 1 1 0 0.8
4 122074 2543 3384 1 1 0 0.8
4 66438 2548 1335 1 10 1 0.8
4 70931 2558 2117 1 1 0 0.8
4 93976 2559 2634 1 1 0 0.8
4 149600 2566 3341 1 1 1 0.8
4 142154 2568 3825 1 10 1 0.8
4 170797 2569 4331 1 10 1 0.8
4 65193 2571 1911 1 1 1 0.8
4 147195 2573 3387 1 10 1 0.8
4 120317 2578 2997 1 10 0 0.8
4 65346 2580 1573 1 1 1 0.8
4 156116 2581 3171 1 1 1 0.8
4 75035 2583 2192 1 10 0 0.8
4 87578 2583 1771 1 10 0 0.8
4 77713 2584 1861 1 10 1 0.8
4 89913 2584 1955 1 10 0 0.8
4 163467 2585 3658 1 1 0 0.8
4 93550 2585 1921 1 1 0 0.8
4 103137 2586 2389 1 10 1 0.8
4 114075 2590 3233 1 50 0 0.8
4 135523 2593 3985 1 10 0 0.8
4 71644 2594 2101 1 1 1 0.8
4 109078 2594 2881 1 1 0 0.8
4 131700 2596 3510 1 10 1 0.8
4 155969 2598 4375 1 1 1 0.8
4 72320 2598 1700 1 10 0 0.8
4 73015 2599 1735 1 50 0 0.8
4 104077 2599 2416 1 50 1 0.8
4 83276 2606 2038 1 10 0 0.8
4 178351 2607 5152 1 1 0 0.8
4 61393 2608 1811 1 10 0 0.8
4 128316 2610 3358 1 1 1 0.8
4 160297 2610 3983 1 1 1 0.8
4 92190 2612 2020 1 1 0 0.8
4 151349 2615 4488 1 1 0 0.8
4 153950 2617 4036 1 50 1 0.8
4 109795 2618 2871 1 1 0 0.8
4 97967 2618 2698 1 1 1 0.8
4 116352 2623 3431 1 1 0 0.8
4 145207 2629 2969 1 1 1 0.8
4 132998 2633 3919 1 1 1 0.8
4 172894 2633 4280 1 1 0 0.8
4 132180 2634 3859 1 10 0 0.8
4 111588 2640 2677 1 10 0 0.8
4 101644 2640 2477 1 1 0 0.8
4 148264 2644 4341 1 1 0 0.8
4 115653 2647 2525 1 1 1 0.8
4 115612 2649 3095 1 50 0 0.8
4 68261 2650 1787 1 1 0 0.8
4 131426 2652 2714 1 1 1 0.8
4 179334 2652 3860 1 1 1 0.8
4 170390 2653 4006 1 1 0 0.8
4 140018 2655 3589 1 10 1 0.8
4 162534 2657 4181 1 10 1 0.8
4 80247 2661 2260 1 1 0 0.8
4 71232 2661 1792 1 50 1 0.8
4 70593 2662 1836 1 1 1 0.8
4 67510 2663 1692 1 10 1 0.8
4 101681 2663 2826 1 10 0 0.8
4 70018 2666 1637 1 10 0 0.8
4 98888 2668 2716 1 10 0 0.8
4 122370 2677 2708 1 1 1 0.8
4 104166 2685 2676 1 1 0 0.8
4 115561 2685 3442 1 1 0 0.8
4 114130 2686 3339 1 1 0 0.8
4 79068 2688 1719 1 1 1 0.8
4 143198 2691 2951 1 1 0 0.8
4 164972 2694 4219 1 1 1 0.8
4 146121 2697 4214 1 10 0 0.8
4 130431 2698 3395 1 10 0 0.8
4 88084 2700 1934 1 50 0 0.8
4 158937 2701 4393 1 1 0 0.8
4 107206 2701 2793 1 10 0 0.8
4 66878 2701 1412 1 1 0 0.8
4 65181 2702 1477 1 1 0 0.8
4 145171 2702 4261 1 1 1 0.8
4 135507 2703 3549 1 50 0 0.8
4 82434 2706 2117 1 1 1 0.8
4 72451 2712 1649 1 10 1 0.8
4 75576 2715 1770 1 10 1 0.8
4 104420 2724 2642 1 10 1 0.8
4 117716 2725 2960 1 1 1 0.8
4 70366 2725 1885 1 1 0 0.8
4 150327 2725 3431 1 1 1 0.8
4 113319 2728 2951 1 1 1 0.8
4 105805 2730 2371 1 50 0 0.8
4 162712 2730 4746 1 10 0 0.8
4 66706 2733 1971 1 1 0 0.8
4 164472 2733 3787 1 1 1 0.8
4 137430 2736 2829 1 1 0 0.8
4 159698 2737 3460 1 1 1 0.8
4 92192 2739 2420 1 1 0 0.8
4 87420 2740 1774 1 10 0 0.8
4 104592 2740 2540 1 50 0 0.8
4 158256 2745 4231 1 1 0 0.8
4 104690 2745 2431 1 1 1 0.8
4 101100 2746 2649 1 1 1 0.8
4 169171 2747 3609 1 10 0 0.8
4 170442 2761 4948 1 50 0 0.8
4 144476 2764 3881 1 1 1 0.8
4 64094 2766 1879 1 1 1 0.8
4 122029 2767 3412 1 1 0 0.8
4 106931 2768 3184 1 1 0 0.8
4 129018 2769 3787 1 1 0 0.8
4 140560 2770 3195 1 1 0 0.8
4 69497 2771 1891 1 1 0 0.8
4 84411 2772 2370 1 1 1 0.8
4 80521 2779 2269 1 50 1 0.8
4 86233 2784 1875 1 1 0 0.8
4 92114 2786 2191 1 10 0 0.8
4 166622 2786 4830 1 10 0 0.8
4 173746 2787 3994 1 1 0 0.8
4 96235 2788 1955 1 10 0 0.8
4 99478 2790 2439 1 50 1 0.8
4 162527 2793 4586 1 1 0 0.8
4 128424 2794 3536 1 10 1 0.8
4 88125 2797 2357 1 1 1 0.8
4 161983 2798 3568 1 1 1 0.8
4 81238 2802 1764 1 1 0 0.8
4 141844 2804 4066 1 10 1 0.8
4 137125 2807 3569 1 10 1 0.8
4 81765 2810 1700 1 10 0 0.8
4 132422 2816 3712 1 1 0 0.8
4 135078 2817 3909 1 10 0 0.8
4 148067 2818 3513 1 1 0 0.8
4 111838 2819 2783 1 1 1 0.8
4 114387 2821 3150 1 1 1 0.8
4 105998 2822 3069 1 1 1 0.8
4 83195 2822 2481 1 1 0 0.8
4 174161 2824 3741 1 1 1 0.8
4 109566 2824 2305 1 1 1 0.8
4 105444 2827 2174 1 1 0 0.8
4 99652 2830 2151 1 1 0 0.8
4 69688 2832 2051 1 50 1 0.8
4 109683 2833 3279 1 10 0 0.8
4 149605 2833 3203 1 1 1 0.8
4 131998 2835 3537 1 1 1 0.8
4 68768 2843 1427 1 10 1 0.8
4 119531 2844 2546 1 1 0 0.8
4 145565 2845 3045 1 1 1 0.8
4 164303 2846 3374 1 10 0 0.8
4 143914 2855 3156 1 50 1 0.8
4 121059 2856 2576 1 1 0 0.8
4 166813 2858 4379 1 10 0 0.8
4 153840 2861 3826 1 1 1 0.8
4 112518 2861 2395 1 1 0 0.8
4 95648 2863 2601 1 1 0 0.8
4 115030 2866 2573 1 1 0 0.8
4 81053 2873 1840 1 1 0 0.8
4 118611 2874 2844 1 1 1 0.8
4 90647 2876 2447 1 1 0 0.8
4 120755 2876 2450 1 1 0 0.8
4 100918 2876 2992 1 1 1 0.8
4 106842 2881 2704 1 1 0 0.8
4 95445 2881 2246 1 10 1 0.8
4 167298 2882 4742 1 50 0 0.8
4 142484 2882 3780 1 1 1 0.8
4 168286 2882 3848 1 1 0 0.8
4 122319 2883 2754 1 1 0 0.8
4 91484 2883 2083 1 1 0 0.8
4 131448 2884 3570 1 1 0 0.8
4 125097 2889 3255 1 1 0 0.8
4 69511 2889 1899 1 1 0 0.8
4 78461 2892 2315 1 10 0 0.8
4 166072 2892 4974 1 1 0 0.8
4 85759 2894 2502 1 1 0 0.8
4 112948 2894 2920 1 1 0 0.8
4 81233 2897 2365 1 10 0 0.8
4 66915 2898 1962 1 1 1 0.8
4 154793 2902 3101 1 1 1 0.8
4 88123 2902 1768 1 1 1 0.8
4 167427 2903 3690 1 1 1 0.8
4 93925 2909 2393 1 10 0 0.8
4 132947 2913 3145 1 10 0 0.8
4 118443 2914 3490 1 1 0 0.8
4 84216 2916 2273 1 10 0 0.8
4 125588 2922 3556 1 1 0 0.8
4 106757 2927 3055 1 1 1 0.8
4 60767 2927 1571 1 1 0 0.8
4 93477 2932 2124 1 10 1 0.8
4 148483 2934 4285 1 50 1 0.8
4 166634 2935 4751 1 1 0 0.8
4 81728 2937 2371 1 50 0 0.8
4 120899 2938 3107 1 10 0 0.8
4 95236 2940 1913 1 1 0 0.8
4 69444 2942 1497 1 50 0 0.8
4 110651 2944 2914 1 1 1 0.8
4 94368 2944 1956 1 1 1 0.8
4 131029 2945 3412 1 1 1 0.8
4 99924 2946 2960 1 50 0 0.8
4 87679 2948 2448 1 10 1 0.8
4 98923 2949 2082 1 10 0 0.8
4 89736 2952 2229 1 1 0 0.8
4 111669 2952 2939 1 1 0 0.8
4 135333 2957 3465 1 10 1 0.8
4 131689 2959 3382 1 1 1 0.8
4 78733 2967 1887 1 50 1 0.8
4 87337 2970 2076 1 1 0 0.8
4 159030 2979 3562 1 10 1 0.8
4 106140 2981 2957 1 1 0 0.8
4 85340 2982 2140 1 10 0 0.8
4 113413 2995 2778 1 10 1 0.8
4 125279 2996 3518 1 1 1 0.8
4 101742 2996 2642 1 10 1 0.8
4 157806 2997 3559 1 10 1 0.8
4 167544 2998 3649 1 1 0 0.8
4 75650 2999 2015 1 10 0 0.8
4 171583 2999 4899 1 50 1 0.8
4 93528 3003 2470 1 1 0 0.8
4 120334 3003 2525 1 1 0 0.8
4 73834 3005 2017 1 10 0 0.8
4 69038 3009 1633 1 1 1 0.8
4 70576 3012 1745 1 1 0 0.8
4 79535 3013 1857 1 1 0 0.8
4 116068 3013 3174 1 1 0 0.8
4 92181 3015 2061 1 10 1 0.8
4 157093 3016 4323 1 10 0 0.8
4 149225 3017 3675 1 10 1 0.8
4 146967 3017 4383 1 50 1 0.8
4 86541 3017 2547 1 1 1 0.8
4 129370 3017 3065 1 10 0 0.8
4 102102 3019 2657 1 1 1 0.8
4 83997 3022 1711 1 1 1 0.8
4 71629 3024 2094 1 10 0 0.8
4 133296 3028 2836 1 1 1 0.8
4 122074 3029 3138 1 1 1 0.8
4 63945 3031 1604 1 1 0 0.8
4 162342 3031 3854 1 1 1 0.8
4 76727 3033 2115 1 1 1 0.8
4 151744 3039 3959 1 1 0 0.8
4 93585 3042 2784 1 1 0 0.8
4 82387 3044 2372 1 10 0 0.8
4 102091 3046 2493 1 10 1 0.8
4 104173 3048 2361 1 1 1 0.8
4 92239 3051 1932 1 1 0 0.8
4 76975 3056 1885 1 1 0 0.8
4 112280 3059 2355 1 1 1 0.8
4 80993 3059 1936 1 50 0 0.8
4 168346 3065 4902 1 1 1 0.8
4 113156 3068 3138 1 10 1 0.8
4 92658 3070 2422 1 1 0 0.8
4 171060 3072 5022 1 1 1 0.8
4 162555 3074 3995 1 1 1 0.8
4 94390 3075 2044 1 10 1 0.8
4 89039 3076 2479 1 10 1 0.8
4 157158 3077 3681 1 10 0 0.8
4 128966 3078 2849 1 10 1 0.8
4 65316 3088 1554 1 1 1 0.8
4 112093 3090 2544 1 1 0 0.8
4 111807 3095 2470 1 10 0 0.8
4 131592 3095 3622 1 1 1 0.8
4 82404 3100 1887 1 1 0 0.8
4 95675 3101 2522 1 1 1 0.8
4 142243 3102 4071 1 10 1 0.8
4 152678 3105 3457 1 1 0 0.8
4 92058 3107 2122 1 1 1 0.8
4 89085 3108 2651 1 1 0 0.8
4 104734 3110 2662 1 1 1 0.8
4 175780 3110 3796 1 1 1 0.8
4 148786 3112 3237 1 1 0 0.8
4 98914 3113 2946 1 50 0 0.8
4 77425 3115 1867 1 10 1 0.8
4 63065 3117 1799 1 10 1 0.8
4 71761 3117 1478 1 1 0 0.8
4 86132 3123 2452 1 1 0 0.8
4 131495 3126 3840 1 1 0 0.8
4 153035 3126 3554 1 1 0 0.8
4 170699 3129 4727 1 1 0 0.8
4 159335 3130 3190 1 1 1 0.8
4 115029 3132 3201 1 1 1 0.8
4 118572 3133 2889 1 50 1 0.8
4 81535 3133 2414 1 10 0 0.8
4 87823 3133 2368 1 1 0 0.8
4 130763 3135 3881 1 50 1 0.8
4 98001 3135 2674 1 1 0 0.8
4 85971 3135 2099 1 1 1 0.8
4 179558 3136 4749 1 1 0 0.8
4 172498 3140 3455 1 1 0 0.8
4 171915 3144 4258 1 1 0 0.8
4 156763 3147 4430 1 50 0 0.8
4 123248 3149 2841 1 10 1 0.8
4 99922 3152 2303 1 1 1 0.8
4 173472 3154 4740 1 1 0 0.8
4 139552 3154 2841 1 50 1 0.8
4 66514 3154 1675 1 1 1 0.8
4 95766 3157 1995 1 10 1 0.8
4 61721 3164 1622 1 1 0 0.8
4 137878 3166 3497 1 50 1 0.8
4 104475 3167 2856 1 10 0 0.8
4 120798 3168 3319 1 10 0 0.8
4 161762 3169 4246 1 10 1 0.8
4 76653 3171 2181 1 10 0 0.8
4 175148 3172 5023 1 1 1 0.8
4 106977 3175 2499 1 1 1 0.8
4 108404 3177 2234 1 10 1 0.8
4 85712 3184 1896 1 1 0 0.8
4 161907 3186 4584 1 1 0 0.8
4 141521 3187 3747 1 1 0 0.8
4 176581 3191 4799 1 10 0 0.8
4 139020 3199 3489 1 1 0 0.8
4 125158 3199 2720 1 1 1 0.8
4 167333 3201 4084 1 1 1 0.8
4 117073 3201 3030 1 1 1 0.8
4 158685 3207 4562 1 10 1 0.8
4 80232 3209 2207 1 10 0 0.8
4 103142 3212 2207 1 10 0 0.8
4 93084 3212 2286 1 1 1 0.8
4 169801 3214 5078 1 1 1 0.8
4 179228 3216 4411 1 10 0 0.8
4 63169 3217 1648 1 10 0 0.8
4 112033 3221 2922 1 50 0 0.8
4 176166 3221 4308 1 1 0 0.8
4 144820 3223 3249 1 10 1 0.8
4 86052 3224 2571 1 1 0 0.8
4 122893 3224 2553 1 1 0 0.8
4 64150 3226 1576 1 10 0 0.8
4 60866 3227 1658 1 10 0 0.8
4 116094 3229 3227 1 1 1 0.8
4 137199 3229 3402 1 1 1 0.8
4 100459 3231 2989 1 1 0 0.8
4 65289 3232 1653 1 1 1 0.8
4 155573 3233 3229 1 1 0 0.8
4 128909 3235 3122 1 1 1 0.8
4 96520 3235 2359 1 50 0 0.8
4 158146 3236 4105 1 50 0 0.8
4 140418 3239 3356 1 1 1 0.8
4 93963 3241 2792 1 10 0 0.8
4 60322 3243 1258 1 1 1 0.8
4 135557 3245 4017 1 10 1 0.8
4 113514 3252 3220 1 1 1 0.8
4 80208 3253 1640 1 1 0 0.8
4 162604 3254 3432 1 10 0 0.8
4 63481 3255 1499 1 50 0 0.8
4 144250 3257 3912 1 1 1 0.8
4 63764 3258 1473 1 1 1 0.8
4 173466 3259 4263 1 10 1 0.8
4 97316 3259 2329 1 10 1 0.8
4 153049 3262 3914 1 1 1 0.8
4 104971 3264 2695 1 1 1 0.8
4 128795 3265 3384 1 1 0 0.8
4 119938 3267 3352 1 1 1 0.8
4 141298 3268 3295 1 10 1 0.8
4 111457 3273 3204 1 1 1 0.8
4 160595 3276 3789 1 10 0 0.8
4 146685 3277 3105 1 10 0 0.8
4 149290 3279 3675 1 1 1 0.8
4 141608 3283 3350 1 10 1 0.8
4 169929 3287 4551 1 10 0 0.8
4 172673 3287 3909 1 1 1 0.8
4 98096 3289 2333 1 1 1 0.8
4 97113 3291 2264 1 1 0 0.8
4 150627 3291 3463 1 10 1 0.8
4 104531 3295 2961 1 1 0 0.8
4 63746 3296 1552 1 1 0 0.8
4 89703 3298 1943 1 1 0 0.8
4 154971 3302 4164 1 10 0 0.8
4 83506 3303 2378 1 1 1 0.8
4 136715 3305 3069 1 1 0 0.8
4 140537 3306 3506 1 1 1 0.8
4 111903 3307 2293 1 10 1 0.8
4 61982 3308 1661 1 1 1 0.8
4 92847 3316 1882 1 1 1 0.8
4 157882 3323 3610 1 10 1 0.8
4 170999 3323 4297 1 50 1 0.8
4 64496 3333 1797 1 1 0 0.8
4 165203 3336 4674 1 1 1 0.8
4 69203 3342 1633 1 1 1 0.8
4 100920 3346 2521 1 1 0 0.8
4 60946 3352 1741 1 1 0 0.8
4 64361 3362 1395 1 1 0 0.8
4 173761 3362 4400 1 10 0 0.8
4 162677 3365 4511 1 10 0 0.8
4 145973 3366 3242 1 50 0 0.8
4 111488 3369 3155 1 1 1 0.8
4 139166 3369 3636 1 1 0 0.8
4 121473 3375 2830 1 1 0 0.8
4 151798 3377 3341 1 10 0 0.8
4 60805 3386 1395 1 10 0 0.8
4 126088 3388 3189 1 10 0 0.8
4 135040 3388 3010 1 1 1 0.8
4 125428 3389 3095 1 1 1 0.8
4 156651 3391 3196 1 10 0 0.8
4 127476 3392 3145 1 10 0 0.8
4 150192 3393 3858 1 1 0 0.8
4 129461 3395 3049 1 1 0 0.8
4 169963 3396 4264 1 1 0 0.8
4 72762 3397 2135 1 1 0 0.8
4 109227 3399 3205 1 50 0 0.8
4 78096 3402 2064 1 10 0 0.8
4 82962 3404 2369 1 1 0 0.8
4 90926 3411 2693 1 1 0 0.8
4 106535 3411 2914 1 1 1 0.8
4 99806 3412 2017 1 1 1 0.8
4 165343 3412 4266 1 1 0 0.8
4 116008 3413 3018 1 1 0 0.8
4 156582 3419 4534 1 10 0 0.8
4 141412 3419 2842 1 1 1 0.8
4 87796 3420 2125 1 1 1 0.8
4 67290 3435 1797 1 10 0 0.8
4 70891 3437 1868 1 1 0 0.8
4 153653 3445 4086 1 1 0 0.8
4 135885 3445 3980 1 10 0 0.8
4 68845 3451 1668 1 1 0 0.8
4 94762 3453 2132 1 10 1 0.8
4 79930 3456 2240 1 1 1 0.8
4 103362 3457 2187 1 10 0 0.8
4 99596 3457 2616 1 1 0 0.8
4 65619 3458 1513 1 10 0 0.8
4 60828 3461 1253 1 1 1 0.8
4 81866 3463 2100 1 1 1 0.8
4 175299 3463 4915 1 10 1 0.8
4 138806 3466 3015 1 1 1 0.8
4 150052 3466 3737 1 1 1 0.8
4 156127 3468 3747 1 10 1 0.8
4 109709 3477 2290 1 50 1 0.8
4 122689 3482 3298 1 1 0 0.8
4 144539 3486 4218 1 1 0 0.8
4 138167 3486 3465 1 50 0 0.8
4 65662 3492 1882 1 1 1 0.8
4 114734 3495 2985 1 1 0 0.8
4 113281 3496 2571 1 1 1 0.8
4 89738 3497 2254 1 1 1 0.8
4 115465 3503 2332 1 1 1 0.8
4 99650 3504 2711 1 1 1 0.8
4 113222 3506 3226 1 10 1 0.8
4 118756 3508 2831 1 10 1 0.8
4 163220 3509 4588 1 1 0 0.8
4 156847 3517 3429 1 1 0 0.8
4 130749 3518 3421 1 1 0 0.8
4 111444 3518 3151 1 50 0 0.8
4 156590 3522 3303 1 10 1 0.8
4 130227 3523 3480 1 1 0 0.8
4 99049 3525 2451 1 1 0 0.8
4 79105 3530 2083 1 10 0 0.8
4 129623 3532 3141 1 10 0 0.8
4 157817 3533 4154 1 1 1 0.8
4 172863 3533 4593 1 10 0 0.8
4 154907 3533 4379 1 10 0 0.8
4 68745 3540 1728 1 10 1 0.8
4 129268 3541 3515 1 1 0 0.8
4 124869 3541 2884 1 1 1 0.8
4 63033 3543 1315 1 1 0 0.8
4 113457 3545 3354 1 1 0 0.8
4 73978 3547 1963 1 10 0 0.8
4 104182 3549 2475 1 1 1 0.8
4 111254 3551 3334 1 1 1 0.8
4 139014 3559 4163 1 10 1 0.8
4 114233 3560 3119 1 10 0 0.8
4 102140 3563 2106 1 10 1 0.8
4 171761 3564 4237 1 10 1 0.8
4 92261 3565 2407 1 10 1 0.8
4 93252 3572 2193 1 10 1 0.8
4 112448 3577 2846 1 1 1 0.8
4 85743 3582 2028 1 1 1 0.8
4 145045 3583 4188 1 1 1 0.8
4 100283 3583 2886 1 10 1 0.8
4 82444 3585 2170 1 50 0 0.8
4 83344 3589 2251 1 1 0 0.8
4 121910 3593 3315 1 10 0 0.8
4 103106 3594 3002 1 1 1 0.8
4 104011 3599 2092 1 1 1 0.8
