offer ($),clients reduction (W),H,motor
0.0,-54.0,46746.454,30067.5
0.025,6407.0,45131.204,21991.25
0.05,6788.0,45035.954,21515.0
0.075,7274.0,44914.454,20907.5
0.1,7369.0,44890.704,20788.75
0.125,7685.0,44811.704,20393.75
0.15,7879.0,44763.204,20151.25
0.175,8081.0,44712.704,19898.75
0.2,8193.0,44684.704,19758.75
0.225,8333.0,44649.704,19583.75
0.25,8333.0,44649.704,19583.75
0.275,8362.0,44642.454,19547.5
0.3,8376.0,44638.954,19530.0
0.325,8403.0,44632.204,19496.25
0.35,8453.0,44619.704,19433.75
0.375,8473.0,44614.704,19408.75
0.4,8486.0,44611.454,19392.5
0.425,8492.0,44609.954,19385.0
0.45,8492.0,44609.954,19385.0
0.475,8507.0,44606.204,19366.25
0.5,8522.0,44602.454,19347.5
0.525,8556.0,44593.954,19305.0
0.55,8578.0,44588.454,19277.5
0.575,8600.0,44582.954,19250.0
0.6,8600.0,44582.954,19250.0
0.625,8622.0,44577.454,19222.5
0.65,8675.0,44564.204,19156.25
0.675,8869.0,44515.704,18913.75
0.7,8877.0,44513.704,18903.75
0.725,9317.0,44403.704,18353.75
0.75,9465.0,44366.704,18168.75
0.775,9465.0,44366.704,18168.75
0.8,9607.0,44331.204,17991.25
0.825,9641.0,44322.704,17948.75
0.85,9883.0,44262.204,17646.25
0.875,9883.0,44262.204,17646.25
0.9,10288.0,44160.954,17140.0
0.925,11659.0,43818.204,15426.25
0.95,14349.0,43145.704,12063.75
0.975,15118.0,42953.454,11102.5
1.0,15118.0,42953.454,11102.5
1.025,15320.0,42902.954,10850.0
1.05,15320.0,42902.954,10850.0
1.075,15514.0,42854.454,10607.5
1.1,15561.0,42842.704,10548.75
1.125,15561.0,42842.704,10548.75
1.15,15561.0,42842.704,10548.75
1.175,15573.0,42839.704,10533.75
1.2,15573.0,42839.704,10533.75
1.225,15609.0,42830.704,10488.75
1.25,15732.0,42799.954,10335.0
1.275,15773.0,42789.704,10283.75
1.3,16093.0,42709.704,9883.75
1.325,16093.0,42709.704,9883.75
1.35,16623.0,42577.204,9221.25
1.375,17459.0,42368.204,8176.25
1.4,17749.0,42295.704,7813.75
1.425,18293.0,42159.704,7133.75
1.45,19274.0,41914.454,5907.5
1.475,19479.0,41863.204,5651.25
1.5,20078.0,41713.454,4902.5
1.525,20480.0,41612.954,4400.0
1.55,20809.0,41530.704,3988.75
1.575,20906.0,41506.454,3867.5
1.6,21031.0,41475.204,3711.25
1.625,21416.0,41378.954,3230.0
1.65,21416.0,41378.954,3230.0
1.675,21416.0,41378.954,3230.0
1.7,21794.0,41284.454,2757.5
1.725,21922.0,41252.454,2597.5
1.75,22195.0,41184.204,2256.25
1.775,22741.0,41047.704,1573.75
1.8,23156.0,40943.954,1055.0
1.825,24222.0,40677.454,0.0
1.85,27346.0,39896.454,0.0
1.875,29044.0,39471.954,0.0
1.9,30386.0,39136.454,0.0
1.925,31944.0,38746.954,0.0
1.95,32920.0,38502.954,0.0
1.975,33108.0,38455.954,0.0
2.0,33311.0,38405.204,0.0
2.025,33946.0,38246.454,0.0
2.05,34221.0,38177.704,0.0
2.075,34221.0,38177.704,0.0
2.1,34346.0,38146.454,0.0
2.125,34533.0,38099.704,0.0
2.15,34762.0,38042.454,0.0
2.175,34762.0,38042.454,0.0
2.2,34762.0,38042.454,0.0
2.225,35166.0,37941.454,0.0
2.25,35362.0,37892.454,0.0
2.275,35553.0,37844.704,0.0
2.3,37321.0,37402.704,0.0
2.325,37898.0,37258.454,0.0
2.35,43092.0,35959.954,0.0
2.375,43284.0,35911.954,0.0
2.4,44258.0,35668.454,0.0
2.425,44648.0,35570.954,0.0
2.45,45589.0,35335.704,0.0
2.475,45589.0,35335.704,0.0
2.5,45966.0,35241.454,0.0
2.525,45989.0,35235.704,0.0
2.55,46182.0,35187.454,0.0
2.575,46356.0,35143.954,0.0
2.6,46356.0,35143.954,0.0
2.625,46356.0,35143.954,0.0
2.65,46755.0,35044.204,0.0
2.675,47127.0,34951.204,0.0
2.7,47322.0,34902.454,0.0
2.725,47515.0,34854.204,0.0
2.75,48090.0,34710.454,0.0
2.775,48500.0,34607.954,0.0
2.8,49097.0,34458.704,0.0
2.825,49097.0,34458.704,0.0
2.85,49871.0,34265.204,0.0
2.875,49871.0,34265.204,0.0
2.9,51243.0,33922.204,0.0
2.925,52029.0,33725.704,0.0
2.95,52426.0,33626.454,0.0
2.975,52433.0,33624.704,0.0
3.0,52433.0,33624.704,0.0
3.025,52838.0,33523.454,0.0
3.05,53012.0,33479.954,0.0
3.075,53237.0,33423.704,0.0
3.1,53434.0,33374.454,0.0
3.125,53434.0,33374.454,0.0
3.15,53434.0,33374.454,0.0
3.175,53434.0,33374.454,0.0
3.2,53434.0,33374.454,0.0
3.225,53449.0,33370.704,0.0
3.25,53449.0,33370.704,0.0
3.275,53490.0,33360.454,0.0
3.3,53490.0,33360.454,0.0
3.325,53490.0,33360.454,0.0
3.35,53689.0,33310.704,0.0
3.375,53886.0,33261.454,0.0
3.4,54285.0,33161.704,0.0
3.425,54679.0,33063.204,0.0
3.45,54857.0,16509.352,0.0
3.475,55282.0,16456.227,0.0
3.5,55486.0,16430.727,0.0
3.525,56653.0,16284.852,0.0
3.55,56847.0,16260.602,0.0
3.575,57448.0,16185.477,0.0
3.6,58462.0,16058.727,0.0
3.625,59061.0,15983.852,0.0
3.65,59271.0,15957.602,0.0
3.675,59889.0,15880.352,0.0
3.7,59889.0,15880.352,0.0
3.725,59889.0,15880.352,0.0
3.75,59889.0,15880.352,0.0
3.775,59928.0,15875.477,0.0
3.8,59928.0,15875.477,0.0
3.825,60122.0,15851.227,0.0
3.85,60312.0,15827.477,0.0
3.875,60312.0,15827.477,0.0
3.9,60312.0,15827.477,0.0
3.925,60312.0,15827.477,0.0
3.95,60312.0,15827.477,0.0
3.975,60346.0,15823.227,0.0
4.0,60346.0,15823.227,0.0
4.025,60346.0,15823.227,0.0
4.05,60346.0,15823.227,0.0
4.075,60346.0,15823.227,0.0
4.1,60548.0,15797.977,0.0
4.125,60548.0,15797.977,0.0
4.15,60613.0,15789.852,0.0
4.175,60666.0,15783.227,0.0
4.2,60679.0,15781.602,0.0
4.225,60679.0,15781.602,0.0
4.25,60782.0,15768.727,0.0
4.275,60976.0,15744.477,0.0
4.3,60976.0,15744.477,0.0
4.325,61006.0,15740.727,0.0
4.35,61013.0,15739.852,0.0
4.375,61013.0,15739.852,0.0
4.4,61013.0,15739.852,0.0
4.425,61013.0,15739.852,0.0
4.45,61079.0,15731.602,0.0
4.475,61143.0,15723.602,0.0
4.5,61182.0,15718.727,0.0
4.525,61228.0,15712.977,0.0
4.55,61228.0,15712.977,0.0
4.575,61228.0,15712.977,0.0
4.6,61228.0,15712.977,0.0
4.625,61270.0,15707.727,0.0
4.65,61295.0,15704.602,0.0
4.675,61387.0,15693.102,0.0
4.7,61387.0,15693.102,0.0
4.725,61387.0,15693.102,0.0
4.75,61387.0,15693.102,0.0
4.775,61387.0,15693.102,0.0
4.8,61387.0,15693.102,0.0
4.825,61405.0,15690.852,0.0
4.85,61405.0,15690.852,0.0
4.875,61405.0,15690.852,0.0
4.9,61456.0,15684.477,0.0
4.925,61508.0,15677.977,0.0
4.95,61508.0,15677.977,0.0
4.975,61552.0,15672.477,0.0
5.0,61593.0,15667.352,0.0
5.025,61612.0,15664.977,0.0
5.05,61612.0,15664.977,0.0
5.075,61621.0,15663.852,0.0
5.1,61621.0,15663.852,0.0
5.125,61621.0,15663.852,0.0
5.15,61682.0,15656.227,0.0
5.175,61682.0,15656.227,0.0
5.2,61682.0,15656.227,0.0
5.225,61682.0,15656.227,0.0
5.25,61695.0,15654.602,0.0
5.275,61695.0,15654.602,0.0
5.3,61695.0,15654.602,0.0
5.325,61695.0,15654.602,0.0
5.35,61695.0,15654.602,0.0
5.375,61810.0,15640.227,0.0
5.4,61810.0,15640.227,0.0
5.425,62019.0,15614.102,0.0
5.45,62024.0,15613.477,0.0
5.475,62057.0,15609.352,0.0
5.5,62057.0,15609.352,0.0
5.525,62057.0,15609.352,0.0
5.55,62057.0,15609.352,0.0
5.575,62057.0,15609.352,0.0
5.6,62057.0,15609.352,0.0
5.625,62061.0,15608.852,0.0
5.65,62061.0,15608.852,0.0
5.675,62061.0,15608.852,0.0
5.7,62061.0,15608.852,0.0
5.725,62061.0,15608.852,0.0
5.75,62061.0,15608.852,0.0
5.775,62071.0,15607.602,0.0
5.8,62071.0,15607.602,0.0
5.825,62083.0,15606.102,0.0
5.85,62083.0,15606.102,0.0
5.875,62083.0,15606.102,0.0
5.9,62158.0,15596.727,0.0
5.925,62209.0,15590.352,0.0
5.95,62319.0,15576.602,0.0
5.975,62319.0,15576.602,0.0
6.0,62319.0,15576.602,0.0
6.025,62319.0,15576.602,0.0
6.05,62319.0,15576.602,0.0
6.075,62319.0,15576.602,0.0
6.1,62319.0,15576.602,0.0
6.125,62319.0,15576.602,0.0
6.15,62319.0,15576.602,0.0
6.175,62319.0,15576.602,0.0
6.2,62319.0,15576.602,0.0
6.225,62338.0,15574.227,0.0
6.25,62338.0,15574.227,0.0
6.275,62338.0,15574.227,0.0
6.3,62373.0,15569.852,0.0
6.325,62373.0,15569.852,0.0
6.35,62373.0,15569.852,0.0
6.375,62373.0,15569.852,0.0
6.4,62373.0,15569.852,0.0
6.425,62473.0,15557.352,0.0
6.45,62496.0,15554.477,0.0
6.475,62496.0,15554.477,0.0
6.5,62496.0,15554.477,0.0
6.525,62502.0,15553.727,0.0
6.55,62628.0,15537.977,0.0
6.575,62662.0,15533.727,0.0
6.6,62662.0,15533.727,0.0
6.625,62662.0,15533.727,0.0
6.65,62662.0,15533.727,0.0
6.675,62662.0,15533.727,0.0
6.7,62662.0,15533.727,0.0
6.725,62808.0,15515.477,0.0
6.75,62808.0,15515.477,0.0
6.775,62808.0,15515.477,0.0
6.8,62808.0,15515.477,0.0
6.825,62808.0,15515.477,0.0
6.85,62808.0,15515.477,0.0
6.875,62808.0,15515.477,0.0
6.9,62808.0,15515.477,0.0
6.925,62808.0,15515.477,0.0
6.95,62808.0,15515.477,0.0
6.975,62808.0,15515.477,0.0
7.0,62808.0,15515.477,0.0
7.025,62808.0,15515.477,0.0
7.05,62808.0,15515.477,0.0
7.075,62808.0,15515.477,0.0
7.1,62901.0,15503.852,0.0
7.125,62901.0,15503.852,0.0
7.15,62901.0,15503.852,0.0
7.175,62901.0,15503.852,0.0
7.2,62901.0,15503.852,0.0
7.225,63021.0,15488.852,0.0
7.25,63031.0,15487.602,0.0
7.275,63031.0,15487.602,0.0
7.3,63045.0,15485.852,0.0
7.325,63045.0,15485.852,0.0
7.35,63045.0,15485.852,0.0
7.375,63050.0,15485.227,0.0
7.4,63058.0,15484.227,0.0
7.425,63063.0,15483.602,0.0
7.45,63063.0,15483.602,0.0
7.475,63074.0,15482.227,0.0
7.5,63074.0,15482.227,0.0
7.525,63074.0,15482.227,0.0
7.55,63074.0,15482.227,0.0
7.575,63074.0,15482.227,0.0
7.6,63074.0,15482.227,0.0
7.625,63078.0,15481.727,0.0
7.65,63078.0,15481.727,0.0
7.675,63078.0,15481.727,0.0
7.7,63078.0,15481.727,0.0
7.725,63078.0,15481.727,0.0
7.75,63078.0,15481.727,0.0
7.775,63091.0,15480.102,0.0
7.8,63091.0,15480.102,0.0
7.825,63091.0,15480.102,0.0
7.85,63181.0,15468.852,0.0
7.875,63181.0,15468.852,0.0
7.9,63181.0,15468.852,0.0
7.925,63181.0,15468.852,0.0
7.95,63181.0,15468.852,0.0
7.975,63181.0,15468.852,0.0
8.0,63181.0,15468.852,0.0
8.025,63181.0,15468.852,0.0
8.05,63190.0,15467.727,0.0
8.075,63190.0,15467.727,0.0
8.1,63190.0,15467.727,0.0
8.125,63190.0,15467.727,0.0
8.15,63190.0,15467.727,0.0
8.175,63190.0,15467.727,0.0
8.2,63190.0,15467.727,0.0
8.225,63190.0,15467.727,0.0
8.25,63190.0,15467.727,0.0
8.275,63190.0,15467.727,0.0
8.3,63190.0,15467.727,0.0
8.325,63190.0,15467.727,0.0
8.35,63190.0,15467.727,0.0
8.375,63190.0,15467.727,0.0
8.4,63190.0,15467.727,0.0
8.425,63190.0,15467.727,0.0
8.45,63190.0,15467.727,0.0
8.475,63190.0,15467.727,0.0
8.5,63190.0,15467.727,0.0
8.525,63190.0,15467.727,0.0
8.55,63301.0,15453.852,0.0
8.575,63301.0,15453.852,0.0
8.6,63301.0,15453.852,0.0
8.625,63301.0,15453.852,0.0
8.65,63301.0,15453.852,0.0
8.675,63301.0,15453.852,0.0
8.7,63301.0,15453.852,0.0
8.725,63301.0,15453.852,0.0
8.75,63301.0,15453.852,0.0
8.775,63305.0,15453.352,0.0
8.8,63305.0,15453.352,0.0
8.825,63305.0,15453.352,0.0
8.85,63305.0,15453.352,0.0
8.875,63305.0,15453.352,0.0
8.9,63305.0,15453.352,0.0
8.925,63305.0,15453.352,0.0
8.95,63305.0,15453.352,0.0
8.975,63305.0,15453.352,0.0
9.0,63305.0,15453.352,0.0
9.025,63305.0,15453.352,0.0
9.05,63693.0,15404.852,0.0
9.075,63890.0,15380.227,0.0
9.1,63890.0,15380.227,0.0
9.125,63890.0,15380.227,0.0
9.15,63890.0,15380.227,0.0
9.175,64082.0,15356.227,0.0
9.2,64853.0,15259.852,0.0
9.225,64853.0,15259.852,0.0
9.25,64853.0,15259.852,0.0
9.275,64853.0,15259.852,0.0
9.3,64853.0,15259.852,0.0
9.325,64853.0,15259.852,0.0
9.35,64853.0,15259.852,0.0
9.375,65037.0,15236.852,0.0
9.4,65037.0,15236.852,0.0
9.425,65228.0,15212.977,0.0
9.45,65228.0,15212.977,0.0
9.475,65228.0,15212.977,0.0
9.5,65530.0,15175.227,0.0
9.525,65530.0,15175.227,0.0
9.55,65530.0,15175.227,0.0
9.575,65570.0,15170.227,0.0
9.6,65570.0,15170.227,0.0
9.625,65570.0,15170.227,0.0
9.65,65570.0,15170.227,0.0
9.675,65570.0,15170.227,0.0
9.7,65570.0,15170.227,0.0
9.725,65570.0,15170.227,0.0
9.75,65570.0,15170.227,0.0
9.775,65762.0,15146.227,0.0
9.8,65762.0,15146.227,0.0
9.825,65762.0,15146.227,0.0
9.85,65762.0,15146.227,0.0
9.875,65762.0,15146.227,0.0
9.9,65762.0,15146.227,0.0
9.925,65762.0,15146.227,0.0
9.95,65762.0,15146.227,0.0
9.975,65762.0,15146.227,0.0
10.0,65762.0,15146.227,0.0
10.025,65873.0,15132.352,0.0
10.05,65873.0,15132.352,0.0
10.075,65873.0,15132.352,0.0
10.1,65873.0,15132.352,0.0
10.125,65873.0,15132.352,0.0
10.15,65873.0,15132.352,0.0
10.175,66097.0,15104.352,0.0
10.2,66097.0,15104.352,0.0
10.225,66097.0,15104.352,0.0
10.25,66097.0,15104.352,0.0
10.275,66108.0,15102.977,0.0
10.3,66108.0,15102.977,0.0
10.325,66108.0,15102.977,0.0
10.35,66108.0,15102.977,0.0
10.375,66108.0,15102.977,0.0
10.4,66108.0,15102.977,0.0
10.425,66108.0,15102.977,0.0
10.45,66311.0,15077.602,0.0
10.475,66311.0,15077.602,0.0
10.5,66311.0,15077.602,0.0
10.525,66311.0,15077.602,0.0
10.55,66311.0,15077.602,0.0
10.575,66311.0,15077.602,0.0
10.6,66311.0,15077.602,0.0
10.625,66311.0,15077.602,0.0
10.65,66311.0,15077.602,0.0
10.675,66311.0,15077.602,0.0
10.7,66311.0,15077.602,0.0
10.725,66311.0,15077.602,0.0
10.75,66450.0,15060.227,0.0
10.775,66450.0,15060.227,0.0
10.8,66450.0,15060.227,0.0
10.825,66460.0,15058.977,0.0
10.85,66493.0,15054.852,0.0
10.875,66660.0,15033.977,0.0
10.9,66660.0,15033.977,0.0
10.925,66660.0,15033.977,0.0
10.95,66660.0,15033.977,0.0
10.975,66660.0,15033.977,0.0
11.0,66660.0,15033.977,0.0
11.025,66660.0,15033.977,0.0
11.05,66660.0,15033.977,0.0
11.075,66660.0,15033.977,0.0
11.1,66660.0,15033.977,0.0
11.125,66660.0,15033.977,0.0
11.15,66660.0,15033.977,0.0
11.175,66660.0,15033.977,0.0
11.2,66660.0,15033.977,0.0
11.225,66660.0,15033.977,0.0
11.25,66660.0,15033.977,0.0
11.275,66864.0,15008.477,0.0
11.3,66864.0,15008.477,0.0
11.325,66864.0,15008.477,0.0
11.35,66864.0,15008.477,0.0
11.375,66968.0,14995.477,0.0
11.4,66974.0,14994.727,0.0
11.425,66974.0,14994.727,0.0
11.45,66974.0,14994.727,0.0
11.475,66974.0,14994.727,0.0
11.5,66974.0,14994.727,0.0
11.525,66974.0,14994.727,0.0
11.55,66974.0,14994.727,0.0
11.575,66974.0,14994.727,0.0
11.6,66974.0,14994.727,0.0
11.625,66974.0,14994.727,0.0
11.65,66974.0,14994.727,0.0
11.675,66974.0,14994.727,0.0
11.7,66974.0,14994.727,0.0
11.725,66974.0,14994.727,0.0
11.75,66974.0,14994.727,0.0
11.775,67076.0,14981.977,0.0
11.8,67270.0,14957.727,0.0
11.825,67270.0,14957.727,0.0
11.85,67270.0,14957.727,0.0
11.875,67385.0,14943.352,0.0
11.9,67508.0,14927.977,0.0
11.925,67708.0,14902.977,0.0
11.95,67708.0,14902.977,0.0
11.975,67708.0,14902.977,0.0
12.0,67708.0,14902.977,0.0
12.025,67708.0,14902.977,0.0
12.05,67708.0,14902.977,0.0
12.075,67708.0,14902.977,0.0
12.1,67708.0,14902.977,0.0
12.125,67708.0,14902.977,0.0
12.15,67708.0,14902.977,0.0
12.175,67896.0,14879.477,0.0
12.2,67896.0,14879.477,0.0
12.225,67896.0,14879.477,0.0
12.25,67896.0,14879.477,0.0
12.275,67896.0,14879.477,0.0
12.3,67896.0,14879.477,0.0
12.325,67896.0,14879.477,0.0
12.35,67896.0,14879.477,0.0
12.375,67896.0,14879.477,0.0
12.4,67896.0,14879.477,0.0
12.425,67896.0,14879.477,0.0
12.45,67896.0,14879.477,0.0
12.475,67896.0,14879.477,0.0
12.5,67896.0,14879.477,0.0
12.525,67896.0,14879.477,0.0
12.55,67896.0,14879.477,0.0
12.575,67896.0,14879.477,0.0
12.6,67896.0,14879.477,0.0
12.625,67896.0,14879.477,0.0
12.65,67896.0,14879.477,0.0
12.675,67896.0,14879.477,0.0
12.7,67896.0,14879.477,0.0
12.725,67896.0,14879.477,0.0
12.75,67896.0,14879.477,0.0
12.775,67896.0,14879.477,0.0
12.8,67896.0,14879.477,0.0
12.825,67896.0,14879.477,0.0
12.85,67896.0,14879.477,0.0
12.875,68098.0,14854.227,0.0
12.9,68098.0,14854.227,0.0
12.925,68098.0,14854.227,0.0
12.95,68098.0,14854.227,0.0
12.975,68098.0,14854.227,0.0
13.0,68098.0,14854.227,0.0
13.025,68098.0,14854.227,0.0
13.05,68098.0,14854.227,0.0
13.075,68206.0,14840.727,0.0
13.1,68206.0,14840.727,0.0
13.125,68206.0,14840.727,0.0
13.15,68206.0,14840.727,0.0
13.175,68206.0,14840.727,0.0
13.2,68206.0,14840.727,0.0
13.225,68206.0,14840.727,0.0
13.25,68206.0,14840.727,0.0
13.275,68206.0,14840.727,0.0
13.3,68206.0,14840.727,0.0
13.325,68206.0,14840.727,0.0
13.35,68206.0,14840.727,0.0
13.375,68206.0,14840.727,0.0
13.4,68206.0,14840.727,0.0
13.425,68206.0,14840.727,0.0
13.45,68206.0,14840.727,0.0
13.475,68206.0,14840.727,0.0
13.5,68206.0,14840.727,0.0
13.525,68206.0,14840.727,0.0
13.55,68206.0,14840.727,0.0
13.575,68206.0,14840.727,0.0
13.6,68206.0,14840.727,0.0
13.625,68206.0,14840.727,0.0
13.65,68311.0,14827.602,0.0
13.675,68311.0,14827.602,0.0
13.7,68434.0,14812.227,0.0
13.725,68434.0,14812.227,0.0
13.75,68434.0,14812.227,0.0
13.775,68434.0,14812.227,0.0
13.8,68434.0,14812.227,0.0
13.825,68434.0,14812.227,0.0
13.85,68434.0,14812.227,0.0
13.875,68434.0,14812.227,0.0
13.9,68434.0,14812.227,0.0
13.925,68632.0,14787.477,0.0
13.95,68632.0,14787.477,0.0
13.975,68632.0,14787.477,0.0
14.0,68632.0,14787.477,0.0
14.025,68632.0,14787.477,0.0
14.05,68632.0,14787.477,0.0
14.075,68632.0,14787.477,0.0
14.1,68632.0,14787.477,0.0
14.125,69019.0,14739.102,0.0
14.15,69019.0,14739.102,0.0
14.175,69215.0,14714.602,0.0
14.2,69215.0,14714.602,0.0
14.225,69215.0,14714.602,0.0
14.25,69215.0,14714.602,0.0
14.275,69215.0,14714.602,0.0
14.3,69215.0,14714.602,0.0
14.325,69215.0,14714.602,0.0
14.35,69215.0,14714.602,0.0
14.375,69215.0,14714.602,0.0
14.4,69409.0,14690.352,0.0
14.425,69409.0,14690.352,0.0
14.45,69409.0,14690.352,0.0
14.475,69409.0,14690.352,0.0
14.5,69409.0,14690.352,0.0
14.525,69409.0,14690.352,0.0
14.55,69409.0,14690.352,0.0
14.575,69409.0,14690.352,0.0
14.6,69409.0,14690.352,0.0
14.625,69409.0,14690.352,0.0
14.65,69599.0,14666.602,0.0
14.675,69599.0,14666.602,0.0
14.7,69599.0,14666.602,0.0
14.725,69599.0,14666.602,0.0
14.75,69599.0,14666.602,0.0
14.775,69599.0,14666.602,0.0
14.8,69599.0,14666.602,0.0
14.825,69599.0,14666.602,0.0
14.85,69599.0,14666.602,0.0
14.875,69725.0,14650.852,0.0
14.9,69725.0,14650.852,0.0
14.925,69725.0,14650.852,0.0
14.95,69742.0,14648.727,0.0
14.975,69742.0,14648.727,0.0
