1500
1 143086 6 2907 1 10 1 1.0
1 67296 6 1732 1 10 1 1.0
1 83538 9 1849 1 1 0 1.0
1 104133 11 2265 1 1 1 1.0
1 126070 11 3718 1 1 0 1.0
1 67767 12 1605 1 50 0 1.0
1 117688 13 2882 1 10 0 1.0
1 144229 15 4265 1 1 0 1.0
1 91775 15 1881 1 1 1 1.0
1 142003 18 3633 1 1 1 1.0
1 114152 19 3088 1 1 0 1.0
1 110058 21 2258 1 1 1 1.0
1 108773 22 2756 1 10 0 1.0
1 77649 25 1977 1 50 0 1.0
1 96759 31 2714 1 10 1 1.0
1 112814 31 2827 1 1 0 1.0
1 147075 34 4044 1 10 1 1.0
1 68329 38 1479 1 1 1 1.0
1 72754 50 1806 1 10 1 1.0
1 91309 55 2496 1 1 1 1.0
1 123638 56 3318 1 1 1 1.0
1 179678 56 4215 1 1 0 1.0
1 129724 59 3038 1 1 1 1.0
1 134003 59 3183 1 1 1 1.0
1 139617 61 4079 1 10 1 1.0
1 97601 61 2797 1 10 1 1.0
1 63565 63 1547 1 50 0 1.0
1 123062 66 2963 1 1 1 1.0
1 117124 67 3038 1 10 1 1.0
1 117418 68 2531 1 10 0 1.0
1 89399 71 1862 1 50 1 1.0
1 123780 72 2799 1 1 1 1.0
1 165428 76 4406 1 1 0 1.0
1 139243 76 3317 1 1 0 1.0
1 89737 81 1795 1 1 0 1.0
1 101555 86 2630 1 50 1 1.0
1 105775 87 2562 1 1 0 1.0
1 104667 89 2470 1 1 1 1.0
1 116270 91 2927 1 10 1 1.0
1 88503 92 2587 1 50 1 1.0
1 93547 93 2375 1 10 1 1.0
1 123610 95 2880 1 1 1 1.0
1 69339 100 1971 1 1 1 1.0
1 61427 102 1591 1 1 0 1.0
1 69640 106 1716 1 1 1 1.0
1 92260 106 2285 1 50 1 1.0
1 71380 108 1906 1 50 1 1.0
1 89311 109 2122 1 10 1 1.0
1 173339 112 4048 1 50 1 1.0
1 160734 116 3860 1 1 0 1.0
1 167516 124 4080 1 1 1 1.0
1 177534 125 3738 1 1 0 1.0
1 101078 126 2864 1 10 1 1.0
1 76730 132 2074 1 1 1 1.0
1 91404 134 2142 1 10 0 1.0
1 104247 134 2731 1 50 1 1.0
1 85644 137 2134 1 1 1 1.0
1 145596 140 3150 1 10 0 1.0
1 71792 148 1979 1 1 0 1.0
1 77772 149 1983 1 1 1 1.0
1 95220 151 2259 1 1 0 1.0
1 100590 153 2607 1 10 1 1.0
1 168252 158 3412 1 10 0 1.0
1 117798 159 3423 1 50 0 1.0
1 139468 166 2974 1 1 0 1.0
1 99373 170 2734 1 50 0 1.0
1 72528 175 1580 1 1 1 1.0
1 69288 175 1811 1 10 1 1.0
1 129755 176 3383 1 1 0 1.0
1 64067 177 1731 1 1 0 1.0
1 93722 180 1900 1 10 1 1.0
1 95669 180 2106 1 1 1 1.0
1 124366 185 3449 1 10 1 1.0
1 134051 186 3776 1 1 0 1.0
1 72628 188 1523 1 1 0 1.0
1 132410 190 3884 1 1 0 1.0
1 146555 195 4229 1 1 1 1.0
1 81707 195 2018 1 1 1 1.0
1 149756 196 4257 1 10 1 1.0
1 66804 200 1552 1 1 1 1.0
1 103468 204 2681 1 1 0 1.0
1 63232 208 1282 1 1 0 1.0
1 133554 208 3218 1 10 1 1.0
1 117203 214 2957 1 1 0 1.0
1 89287 216 2605 1 1 0 1.0
1 95294 218 2444 1 1 0 1.0
1 124405 222 3082 1 10 1 1.0
1 82186 230 2421 1 1 1 1.0
1 137575 230 3094 1 10 0 1.0
1 85168 231 2253 1 1 0 1.0
1 64232 236 1288 1 1 0 1.0
1 151250 237 3606 1 1 0 1.0
1 106575 239 3062 1 10 1 1.0
1 92266 245 2619 1 1 1 1.0
1 157585 247 3284 1 10 0 1.0
1 165272 252 4297 1 10 1 1.0
1 83257 253 1722 1 50 0 1.0
1 150807 254 3800 1 1 1 1.0
1 111726 255 2693 1 50 1 1.0
1 177506 256 4049 1 1 0 1.0
1 115258 262 2837 1 10 0 1.0
1 103609 263 2307 1 10 0 1.0
1 64949 264 1783 1 1 0 1.0
1 120886 268 2909 1 10 1 1.0
1 122388 268 3064 1 50 1 1.0
1 132875 269 3342 1 1 1 1.0
1 121726 271 3381 1 1 0 1.0
1 156435 275 4578 1 1 0 1.0
1 105681 275 2797 1 1 0 1.0
1 138911 276 3451 1 10 0 1.0
1 95199 276 2030 1 1 0 1.0
1 79120 277 1834 1 10 1 1.0
1 67995 282 1574 1 1 1 1.0
1 108106 282 2699 1 50 0 1.0
1 119401 287 2414 1 1 0 1.0
1 138688 290 3958 1 10 1 1.0
1 109597 291 2377 1 10 1 1.0
1 163992 294 3538 1 1 1 1.0
1 139452 294 3783 1 10 1 1.0
1 158034 296 4119 1 10 1 1.0
1 97056 297 2495 1 1 0 1.0
1 114689 300 2399 1 1 0 1.0
1 139834 304 3002 1 10 1 1.0
1 92722 304 1864 1 10 0 1.0
1 88994 304 2561 1 1 1 1.0
1 86265 305 2185 1 10 1 1.0
1 142611 306 2895 1 1 1 1.0
1 76711 306 1831 1 50 1 1.0
1 177312 311 4218 1 1 1 1.0
1 168427 312 4482 1 1 1 1.0
1 101740 313 2121 1 1 1 1.0
1 120188 321 3022 1 1 0 1.0
1 115087 324 3035 1 10 0 1.0
1 107252 327 3145 1 10 1 1.0
1 107248 327 2388 1 1 0 1.0
1 64683 329 1674 1 1 0 1.0
1 76276 332 1699 1 50 1 1.0
1 143047 335 4142 1 1 0 1.0
1 163017 337 4216 1 1 0 1.0
1 99835 342 2812 1 1 1 1.0
1 150220 342 3792 1 10 1 1.0
1 123469 344 3469 1 1 0 1.0
1 151168 344 3819 1 50 0 1.0
1 129453 354 2885 1 1 1 1.0
1 112629 354 2510 1 1 0 1.0
1 131398 359 3618 1 10 0 1.0
1 167287 361 3972 1 1 0 1.0
1 70548 362 2082 1 1 0 1.0
1 151363 363 4099 1 1 1 1.0
1 91462 365 2091 1 1 0 1.0
1 90049 371 2049 1 1 0 1.0
1 96936 372 2529 1 10 0 1.0
1 110061 374 2704 1 10 1 1.0
1 124302 376 2625 1 1 0 1.0
1 154030 384 3841 1 1 0 1.0
1 88045 385 2600 1 10 1 1.0
1 155178 386 4333 1 1 1 1.0
1 162817 388 3583 1 1 0 1.0
1 140125 389 4094 1 1 1 1.0
1 121737 395 3438 1 10 1 1.0
1 65835 395 1685 1 10 1 1.0
1 148131 397 2977 1 1 1 1.0
1 129055 400 2659 1 1 0 1.0
1 179108 406 4359 1 50 0 1.0
1 145488 407 3639 1 1 1 1.0
1 128603 410 3752 1 1 1 1.0
1 88442 412 1982 1 10 1 1.0
1 102375 414 2252 1 1 0 1.0
1 77513 417 2094 1 1 0 1.0
1 172074 418 5088 1 10 1 1.0
1 139390 418 2950 1 10 0 1.0
1 136347 420 3193 1 1 0 1.0
1 156183 420 4600 1 1 1 1.0
1 71647 421 1868 1 1 1 1.0
1 97520 424 2466 1 1 1 1.0
1 142387 428 4186 1 50 0 1.0
1 145097 428 3879 1 10 0 1.0
1 69672 435 1760 1 10 1 1.0
1 98690 437 2479 1 1 1 1.0
1 111621 437 3281 1 10 1 1.0
1 100889 438 2242 1 10 1 1.0
1 118026 445 3187 1 1 0 1.0
1 142647 446 3700 1 10 1 1.0
1 150231 446 4181 1 1 0 1.0
1 144102 449 2891 1 1 1 1.0
1 81595 450 1720 1 1 0 1.0
1 162822 450 4793 1 1 0 1.0
1 71579 451 1657 1 1 1 1.0
1 167740 453 4389 1 10 0 1.0
1 166066 455 4346 1 50 1 1.0
1 147747 464 3298 1 1 1 1.0
1 111079 466 3201 1 1 0 1.0
1 132624 467 3536 1 10 1 1.0
1 118547 467 2781 1 10 0 1.0
1 127897 470 3530 1 1 0 1.0
1 60344 470 1481 1 1 0 1.0
1 134841 472 2874 1 1 0 1.0
1 159244 478 3423 1 1 1 1.0
1 126132 481 3161 1 1 0 1.0
1 163034 484 3714 1 1 1 1.0
1 83471 484 1848 1 50 1 1.0
1 70410 485 1799 1 1 1 1.0
1 75289 485 1611 1 1 0 1.0
1 88458 488 2432 1 10 0 1.0
1 130641 489 3182 1 1 1 1.0
1 152664 490 3703 1 1 1 1.0
1 98497 494 2536 1 1 0 1.0
1 129815 495 3004 1 1 1 1.0
1 174404 495 3592 1 1 0 1.0
1 138356 501 2791 1 1 1 1.0
1 163634 501 3399 1 1 0 1.0
1 159764 503 3351 1 1 0 1.0
1 124738 504 3099 1 10 0 1.0
1 131092 505 3760 1 50 0 1.0
1 165023 506 4879 1 10 1 1.0
1 162317 507 4133 1 10 0 1.0
1 151304 509 3995 1 50 1 1.0
1 120533 510 3099 1 10 1 1.0
1 162127 511 3941 1 1 0 1.0
1 112481 511 3132 1 10 0 1.0
1 140908 515 3340 1 10 1 1.0
1 138865 517 2974 1 1 1 1.0
1 78314 522 1576 1 10 0 1.0
1 124493 522 3425 1 1 1 1.0
1 105664 524 2975 1 1 1 1.0
1 155404 528 3921 1 10 1 1.0
1 133495 531 2891 1 10 1 1.0
1 106221 535 2157 1 10 0 1.0
1 92624 536 2029 1 1 1 1.0
1 63263 536 1774 1 1 0 1.0
1 129304 540 2661 1 1 0 1.0
1 89487 541 2180 1 50 1 1.0
1 168049 542 3679 1 50 0 1.0
1 65774 543 1364 1 10 0 1.0
1 99867 543 2155 1 1 1 1.0
1 107245 543 2299 1 1 1 1.0
1 131355 545 3156 1 10 1 1.0
1 82207 546 2071 1 10 1 1.0
1 98905 546 2737 1 1 1 1.0
1 98407 548 2079 1 1 0 1.0
1 97407 565 2168 1 1 1 1.0
1 76345 566 1803 1 1 0 1.0
1 159421 566 4133 1 10 1 1.0
1 102229 575 2874 1 1 0 1.0
1 131793 584 3333 1 1 1 1.0
1 165094 586 4764 1 50 1 1.0
1 60549 586 1273 1 1 0 1.0
1 164609 587 3376 1 1 0 1.0
1 127837 589 3786 1 10 1 1.0
1 64963 592 1896 1 10 0 1.0
1 143350 592 3255 1 1 1 1.0
1 107050 594 2366 1 1 0 1.0
1 174082 595 5043 1 1 1 1.0
1 70377 596 1773 1 50 1 1.0
1 85295 599 2070 1 10 1 1.0
1 173644 601 3559 1 10 1 1.0
1 131348 609 2803 1 1 1 1.0
1 75680 611 2083 1 50 0 1.0
1 110849 612 3141 1 1 1 1.0
1 71458 612 1435 1 10 1 1.0
1 96972 612 2551 1 10 0 1.0
1 144072 613 3149 1 1 1 1.0
1 101628 625 2154 1 1 1 1.0
1 82730 628 2262 1 10 0 1.0
1 83920 632 2511 1 1 1 1.0
1 110303 632 2983 1 10 0 1.0
1 145312 637 3819 1 50 1 1.0
1 157804 637 4276 1 50 0 1.0
1 160884 637 4670 1 1 0 1.0
1 60899 638 1309 1 1 0 1.0
1 76480 640 2281 1 1 0 1.0
1 144435 641 3370 1 10 1 1.0
1 85991 642 2567 1 50 1 1.0
1 94615 648 2079 1 10 0 1.0
1 177057 649 5219 1 1 1 1.0
1 117553 650 3382 1 1 0 1.0
1 99380 652 2401 1 10 1 1.0
1 136128 653 3908 1 1 1 1.0
1 89053 657 2532 1 10 1 1.0
1 134571 659 2805 1 10 0 1.0
1 86920 662 2176 1 50 0 1.0
1 73132 662 1641 1 50 0 1.0
1 69873 664 1617 1 10 0 1.0
1 167663 664 3950 1 10 0 1.0
1 76691 667 1865 1 1 0 1.0
1 63828 669 1376 1 1 0 1.0
1 88005 670 2053 1 10 1 1.0
1 62474 674 1730 1 10 1 1.0
1 85389 676 1817 1 1 1 1.0
1 171023 678 4968 1 1 1 1.0
1 99445 678 2391 1 1 0 1.0
1 111199 683 2359 1 1 1 1.0
1 159058 684 4127 1 1 0 1.0
1 177992 688 5182 1 1 0 1.0
1 119456 689 3285 1 1 1 1.0
1 172199 689 4551 1 1 0 1.0
1 159703 691 4124 1 1 0 1.0
1 170072 693 3895 1 1 0 1.0
1 143048 697 3417 1 1 1 1.0
1 160533 698 3337 1 1 1 1.0
1 127366 699 3743 1 1 0 1.0
1 134770 704 3039 1 10 0 1.0
1 135665 706 3926 1 1 0 1.0
1 61564 706 1594 1 1 1 1.0
1 99984 711 2356 1 1 1 1.0
1 94970 713 2839 1 1 0 1.0
1 175537 715 3829 1 1 1 1.0
1 84382 718 1947 1 1 1 1.0
1 158270 720 4458 1 10 1 1.0
1 136120 722 3508 1 10 1 1.0
1 61002 722 1522 1 1 0 1.0
1 126734 725 3341 1 10 1 1.0
1 132254 730 3722 1 1 1 1.0
1 108978 731 2741 1 1 0 1.0
1 125415 734 3437 1 1 0 1.0
1 119023 738 2530 1 1 0 1.0
1 99455 742 2208 1 10 0 1.0
1 123000 743 3137 1 10 0 1.0
1 139076 744 2857 1 1 0 1.0
1 80701 745 2000 1 1 1 1.0
1 71175 747 1863 1 1 0 1.0
1 143430 749 3970 1 10 1 1.0
1 123298 752 3331 1 1 0 1.0
1 62626 754 1767 1 1 0 1.0
1 113162 755 2306 1 1 0 1.0
1 106050 760 2948 1 1 0 1.0
1 77686 763 2206 1 10 1 1.0
1 136174 766 3499 1 10 1 1.0
1 149726 766 3278 1 50 0 1.0
1 169151 771 3542 1 1 1 1.0
1 88854 774 2049 1 1 0 1.0
1 148895 778 3645 1 50 0 1.0
1 169862 778 3818 1 1 1 1.0
1 124981 782 3231 1 50 0 1.0
1 64426 782 1825 1 10 1 1.0
1 141345 782 3626 1 10 0 1.0
1 143959 783 3832 1 1 1 1.0
1 92003 783 2519 1 50 1 1.0
1 169206 783 4087 1 10 1 1.0
1 102324 793 2582 1 50 0 1.0
1 170496 795 4910 1 1 1 1.0
1 67759 796 1552 1 1 1 1.0
1 127213 797 3676 1 1 1 1.0
1 97355 803 2332 1 1 1 1.0
1 90352 803 2639 1 10 1 1.0
1 137377 805 3471 1 1 0 1.0
1 155866 807 3448 1 1 1 1.0
1 136132 817 3881 1 10 1 1.0
1 73720 817 1546 1 1 0 1.0
1 62089 818 1350 1 1 1 1.0
1 156029 820 3499 1 10 0 1.0
1 179530 820 5235 1 1 0 1.0
1 175646 822 5064 1 1 1 1.0
1 150784 824 3764 1 1 1 1.0
1 159443 825 4123 1 10 1 1.0
1 148000 826 3291 1 1 0 1.0
1 151044 830 3428 1 1 0 1.0
1 122116 830 2453 1 1 0 1.0
1 159069 832 4478 1 1 1 1.0
1 156038 835 3671 1 1 0 1.0
1 109248 838 2948 1 1 1 1.0
1 94383 842 1991 1 1 1 1.0
1 144587 842 2896 1 1 0 1.0
1 173074 843 4844 1 1 1 1.0
1 91437 845 1979 1 10 0 1.0
1 105579 846 3100 1 1 1 1.0
1 87526 850 1823 1 10 1 1.0
1 116899 850 2431 1 1 0 1.0
1 169288 856 4951 1 10 0 1.0
1 106014 857 2675 1 1 0 1.0
1 94562 861 2557 1 1 0 1.0
1 96035 862 2415 1 10 1 1.0
1 122599 864 2491 1 50 0 1.0
1 158640 865 4345 1 10 0 1.0
1 85472 865 1841 1 10 1 1.0
1 167404 868 3979 1 1 1 1.0
1 60217 870 1408 1 1 1 1.0
1 168527 871 4160 1 50 0 1.0
1 169853 874 4603 1 1 1 1.0
1 171868 876 4380 1 10 0 1.0
1 100405 880 2529 1 50 1 1.0
1 161925 880 4707 1 1 0 1.0
1 170326 880 3636 1 10 1 1.0
1 115590 883 2373 1 1 0 1.0
1 169949 883 3505 1 50 1 1.0
1 122305 883 2919 1 50 0 1.0
1 87241 884 2583 1 1 0 1.0
1 105615 889 2482 1 50 0 1.0
1 170927 892 3797 1 10 0 1.0
1 139252 896 2834 1 1 0 1.0
1 174073 898 4533 1 50 1 1.0
1 127947 903 2767 1 10 1 1.0
1 94143 906 1968 1 10 1 1.0
1 62604 908 1826 1 50 1 1.0
1 162338 914 3575 1 10 1 1.0
1 155399 917 3696 1 1 0 1.0
1 76790 919 1549 1 1 0 1.0
1 84846 921 2368 1 1 0 1.0
1 131554 921 3910 1 1 0 1.0
1 115097 928 3184 1 10 0 1.0
1 99519 928 2469 1 1 0 1.0
1 76554 930 2119 1 1 1 1.0
1 111367 930 3329 1 10 1 1.0
1 178389 935 5254 1 1 0 1.0
1 84357 936 1713 1 10 1 1.0
1 121594 937 2895 1 50 0 1.0
1 84623 937 2190 1 1 1 1.0
1 90025 938 2016 1 50 0 1.0
1 164904 939 4491 1 1 1 1.0
1 139226 939 3946 1 1 1 1.0
1 120337 945 3281 1 1 1 1.0
1 167372 949 4580 1 50 1 1.0
1 132015 949 2902 1 1 1 1.0
1 115711 949 2813 1 1 0 1.0
1 87525 951 2162 1 10 1 1.0
1 107392 953 2740 1 1 0 1.0
1 144726 953 4257 1 1 0 1.0
1 110646 954 2832 1 10 1 1.0
1 137343 954 4012 1 1 1 1.0
1 162105 959 3323 1 1 1 1.0
1 117306 964 2881 1 10 0 1.0
1 171302 965 4354 1 10 0 1.0
1 88891 970 2159 1 1 0 1.0
1 69383 970 1877 1 10 1 1.0
1 64285 974 1371 1 10 1 1.0
1 153383 976 4013 1 10 1 1.0
1 74382 978 1561 1 50 0 1.0
1 98143 979 2326 1 10 0 1.0
1 177483 985 4494 1 50 0 1.0
1 91592 989 2524 1 10 1 1.0
1 154631 990 3462 1 1 1 1.0
1 130534 990 3808 1 1 0 1.0
1 65960 992 1320 1 1 1 1.0
1 133326 992 3629 1 1 0 1.0
1 129943 995 3507 1 10 0 1.0
1 158266 996 4535 1 50 1 1.0
1 117365 998 2809 1 1 1 1.0
1 103593 1002 2590 1 10 1 1.0
1 125854 1005 2725 1 10 1 1.0
1 141615 1006 3924 1 50 0 1.0
1 115433 1007 2522 1 10 1 1.0
1 120735 1007 2978 1 10 0 1.0
1 175293 1012 4308 1 1 0 1.0
1 108856 1014 3130 1 1 1 1.0
1 83106 1014 1692 1 1 1 1.0
1 140790 1014 3457 1 1 0 1.0
1 65096 1017 1517 1 10 1 1.0
1 122467 1020 3531 1 10 1 1.0
1 159476 1022 3637 1 1 0 1.0
1 114280 1022 2584 1 1 0 1.0
1 123561 1023 2811 1 1 1 1.0
1 168787 1023 4751 1 10 1 1.0
1 171415 1026 3777 1 1 0 1.0
1 94714 1031 2216 1 1 0 1.0
1 123665 1032 2543 1 1 0 1.0
1 98458 1036 2768 1 1 1 1.0
1 117892 1039 2577 1 1 1 1.0
1 111429 1039 2761 1 10 1 1.0
1 72797 1039 1659 1 1 0 1.0
1 93600 1040 2692 1 1 0 1.0
1 108821 1043 2900 1 10 0 1.0
1 154805 1044 4538 1 1 0 1.0
1 66895 1047 1983 1 1 0 1.0
1 107589 1052 2459 1 1 1 1.0
1 110456 1054 2549 1 1 0 1.0
1 97863 1055 2154 1 1 0 1.0
1 162871 1059 4549 1 1 1 1.0
1 62304 1059 1253 1 10 0 1.0
1 118204 1060 2885 1 10 0 1.0
1 107826 1064 2678 1 10 1 1.0
1 131301 1064 2858 1 10 0 1.0
1 138460 1067 3731 1 1 0 1.0
1 129496 1067 3738 1 1 1 1.0
1 72422 1074 1692 1 1 0 1.0
1 121075 1078 2545 1 50 0 1.0
1 115131 1087 3269 1 1 0 1.0
1 136586 1087 3595 1 1 0 1.0
1 102135 1092 2621 1 10 0 1.0
1 143522 1099 3092 1 1 1 1.0
1 124983 1099 3597 1 1 1 1.0
1 67165 1100 1983 1 50 1 1.0
1 156890 1100 4453 1 50 1 1.0
1 102267 1103 3002 1 10 1 1.0
1 67889 1104 1646 1 10 0 1.0
1 114645 1105 3278 1 1 0 1.0
1 133654 1108 3589 1 10 0 1.0
1 157935 1108 4614 1 1 1 1.0
1 146729 1120 3917 1 10 0 1.0
1 114760 1120 3036 1 1 0 1.0
1 165557 1121 4906 1 10 1 1.0
1 99651 1124 2912 1 1 0 1.0
1 107413 1126 2429 1 50 1 1.0
1 111288 1128 2593 1 10 0 1.0
1 94009 1131 2129 1 10 0 1.0
1 100345 1131 2861 1 1 1 1.0
1 103115 1135 2720 1 1 1 1.0
1 95648 1135 2706 1 1 0 1.0
1 142824 1137 4067 1 10 0 1.0
1 121973 1138 3079 1 10 1 1.0
1 128659 1140 3331 1 1 1 1.0
1 110230 1140 2849 1 1 1 1.0
1 148227 1142 3718 1 1 1 1.0
1 148108 1145 3340 1 1 1 1.0
1 150449 1149 3159 1 1 0 1.0
1 175301 1151 3666 1 1 1 1.0
1 151877 1151 3880 1 10 1 1.0
1 130237 1152 2937 1 1 0 1.0
1 117521 1153 3189 1 1 1 1.0
1 111784 1158 2446 1 1 1 1.0
1 175591 1161 4867 1 10 1 1.0
1 171058 1167 5098 1 1 1 1.0
1 151350 1168 3175 1 10 1 1.0
1 138952 1168 3262 1 10 1 1.0
1 103277 1175 2376 1 10 1 1.0
1 123571 1181 2750 1 1 1 1.0
1 117398 1182 3255 1 10 1 1.0
1 115654 1184 2552 1 1 0 1.0
1 133106 1187 2842 1 1 1 1.0
1 128681 1188 2851 1 50 0 1.0
1 127966 1195 3024 1 10 1 1.0
1 91065 1197 2246 1 10 0 1.0
1 170537 1199 4680 1 1 0 1.0
1 147804 1202 3970 1 1 0 1.0
1 159447 1214 3645 1 1 0 1.0
1 109952 1214 2400 1 50 0 1.0
1 163918 1215 4410 1 1 0 1.0
1 79546 1216 1990 1 1 0 1.0
1 99710 1216 2005 1 1 0 1.0
1 71993 1220 1726 1 1 0 1.0
1 94238 1220 2682 1 10 0 1.0
1 100941 1225 2555 1 1 0 1.0
1 111653 1225 2409 1 1 0 1.0
1 113017 1235 2520 1 10 0 1.0
1 170012 1236 4031 1 1 1 1.0
1 137050 1240 4039 1 10 0 1.0
1 71175 1240 1517 1 1 1 1.0
1 114571 1241 3433 1 1 0 1.0
1 125137 1249 3461 1 10 1 1.0
1 94635 1253 2033 1 1 0 1.0
1 176522 1256 4321 1 1 1 1.0
1 80272 1257 1800 1 50 1 1.0
1 141115 1258 3469 1 50 0 1.0
1 69400 1263 2004 1 10 0 1.0
1 132782 1269 2695 1 10 1 1.0
1 165205 1277 4153 1 1 0 1.0
1 159287 1278 3330 1 1 1 1.0
1 64254 1279 1463 1 10 0 1.0
1 97300 1280 2809 1 1 0 1.0
1 133407 1287 3756 1 1 1 1.0
1 71220 1287 1508 1 10 0 1.0
1 139528 1291 3991 1 50 1 1.0
1 114896 1294 3157 1 1 1 1.0
1 139858 1298 3771 1 10 1 1.0
1 143853 1300 2960 1 50 1 1.0
1 149569 1300 4112 1 10 0 1.0
1 106791 1301 2497 1 10 1 1.0
1 136323 1302 3352 1 1 1 1.0
1 158281 1303 3710 1 10 0 1.0
1 102438 1305 2945 1 1 1 1.0
1 131541 1314 3175 1 10 0 1.0
1 108260 1315 2284 1 10 0 1.0
1 61593 1319 1266 1 10 0 1.0
1 62956 1321 1589 1 10 1 1.0
1 81354 1321 2114 1 1 1 1.0
1 155237 1326 3528 1 10 0 1.0
1 163792 1326 4348 1 1 0 1.0
1 156993 1328 3183 1 10 0 1.0
1 138961 1328 3778 1 10 0 1.0
1 107346 1329 2158 1 1 1 1.0
1 76928 1333 1552 1 10 0 1.0
1 68405 1341 1586 1 1 1 1.0
1 132890 1343 2659 1 1 1 1.0
1 76934 1343 2057 1 1 0 1.0
1 77006 1344 2055 1 10 0 1.0
1 81642 1345 2086 1 10 1 1.0
1 166938 1348 3715 1 1 0 1.0
1 76556 1352 1625 1 10 1 1.0
1 88275 1360 1980 1 10 1 1.0
1 67280 1362 1660 1 1 1 1.0
1 165774 1366 3841 1 10 0 1.0
1 122386 1368 3150 1 1 0 1.0
1 150838 1371 3063 1 1 1 1.0
1 127898 1371 3135 1 1 1 1.0
1 72386 1377 2127 1 10 0 1.0
1 116202 1380 3428 1 50 1 1.0
1 90155 1382 2192 1 1 1 1.0
1 136144 1382 4067 1 1 1 1.0
1 72964 1387 2142 1 1 0 1.0
1 177423 1387 4259 1 10 1 1.0
1 142744 1392 3413 1 10 0 1.0
1 131223 1395 2698 1 1 0 1.0
1 67909 1398 1720 1 1 1 1.0
1 151439 1399 3687 1 10 0 1.0
1 145043 1401 3843 1 1 1 1.0
1 98250 1405 2354 1 1 1 1.0
1 173093 1408 4075 1 10 1 1.0
1 107261 1410 2850 1 1 0 1.0
1 97605 1411 2831 1 10 1 1.0
1 62504 1414 1416 1 10 1 1.0
1 169641 1416 3547 1 1 0 1.0
1 79140 1416 1865 1 1 1 1.0
1 162664 1417 3922 1 1 0 1.0
1 118279 1423 2394 1 1 0 1.0
1 159270 1424 4346 1 10 1 1.0
1 112011 1427 2911 1 10 1 1.0
1 110641 1427 2257 1 10 1 1.0
1 126416 1427 3237 1 1 0 1.0
1 94004 1428 2490 1 10 0 1.0
1 104264 1430 2747 1 1 1 1.0
1 67278 1430 1393 1 1 1 1.0
1 171443 1430 5124 1 1 1 1.0
1 117268 1435 2806 1 50 1 1.0
1 149069 1436 3515 1 1 0 1.0
1 112922 1437 2372 1 10 1 1.0
1 108695 1438 2708 1 1 1 1.0
1 73730 1442 1807 1 50 0 1.0
1 71127 1442 2099 1 1 0 1.0
1 80323 1447 1687 1 1 0 1.0
1 99388 1447 2615 1 10 0 1.0
1 60014 1450 1617 1 1 1 1.0
1 108224 1454 2651 1 10 1 1.0
1 111289 1455 2925 1 1 1 1.0
1 90592 1456 1864 1 1 0 1.0
1 84778 1456 2254 1 10 0 1.0
1 111888 1459 3137 1 10 0 1.0
1 77022 1462 1991 1 10 0 1.0
1 81394 1466 2412 1 1 0 1.0
1 143390 1467 3970 1 10 1 1.0
1 114520 1467 3351 1 50 0 1.0
1 84417 1469 2457 1 50 1 1.0
1 170790 1472 3537 1 1 1 1.0
1 120746 1472 3453 1 10 1 1.0
1 102623 1474 2341 1 1 0 1.0
1 146751 1478 3220 1 10 0 1.0
1 71239 1479 1652 1 1 0 1.0
1 175801 1481 4950 1 1 1 1.0
1 158896 1483 3464 1 1 0 1.0
1 127930 1487 3410 1 1 0 1.0
1 117160 1495 3361 1 1 0 1.0
1 80643 1496 1784 1 1 1 1.0
1 163048 1505 4788 1 1 1 1.0
1 158947 1513 4671 1 10 1 1.0
1 104518 1523 2895 1 1 1 1.0
1 74195 1528 1861 1 1 1 1.0
1 134872 1531 2772 1 1 0 1.0
1 78784 1532 1769 1 1 0 1.0
1 122537 1534 3635 1 1 0 1.0
1 119937 1538 3242 1 50 1 1.0
1 83487 1540 2269 1 1 0 1.0
1 92852 1544 2506 1 10 0 1.0
1 135930 1544 3422 1 1 0 1.0
1 161436 1545 3707 1 1 0 1.0
1 75641 1550 1905 1 1 0 1.0
1 172340 1555 3947 1 10 1 1.0
1 104594 1566 2894 1 1 0 1.0
1 115699 1569 3233 1 10 1 1.0
1 64204 1573 1652 1 1 1 1.0
1 149785 1576 3649 1 50 0 1.0
1 145143 1577 3091 1 1 1 1.0
1 76260 1580 2268 1 10 1 1.0
1 116128 1582 2347 1 10 1 1.0
1 63664 1584 1791 1 1 1 1.0
1 122912 1590 3188 1 1 1 1.0
1 138128 1591 4109 1 10 0 1.0
1 162404 1595 4167 1 10 1 1.0
1 67312 1598 1692 1 1 1 1.0
1 67626 1602 1535 1 1 0 1.0
1 72844 1608 2011 1 1 0 1.0
1 162442 1612 4495 1 50 1 1.0
1 142153 1614 3220 1 1 0 1.0
1 121991 1615 2472 1 1 0 1.0
1 105675 1618 2845 1 1 1 1.0
1 79511 1618 1625 1 1 1 1.0
1 159444 1619 4249 1 10 0 1.0
1 61086 1624 1573 1 1 1 1.0
1 89102 1626 2115 1 1 0 1.0
1 105691 1628 2264 1 1 0 1.0
1 175253 1629 3730 1 1 0 1.0
1 69750 1630 1398 1 1 1 1.0
1 120957 1631 3574 1 1 0 1.0
1 104457 1632 3066 1 1 0 1.0
1 159704 1632 3493 1 1 1 1.0
1 138178 1634 2803 1 50 0 1.0
1 116125 1636 3050 1 10 0 1.0
1 101388 1638 2836 1 1 1 1.0
1 78564 1640 1572 1 1 0 1.0
1 100216 1649 2063 1 10 0 1.0
1 104083 1650 2995 1 1 1 1.0
1 177947 1651 5061 1 1 0 1.0
1 91293 1653 2704 1 1 0 1.0
1 112355 1654 3268 1 10 0 1.0
1 67103 1657 1563 1 1 1 1.0
1 147219 1659 3456 1 1 1 1.0
1 166264 1667 4032 1 1 0 1.0
1 98637 1668 2649 1 1 1 1.0
1 178942 1671 5325 1 50 1 1.0
1 111144 1674 3007 1 10 0 1.0
1 72357 1675 2087 1 10 1 1.0
1 119014 1679 2780 1 10 0 1.0
1 136133 1681 3730 1 1 1 1.0
1 72036 1682 1907 1 10 0 1.0
1 109625 1685 3213 1 1 0 1.0
1 114478 1689 2979 1 1 1 1.0
1 71819 1689 1612 1 1 0 1.0
1 105635 1691 2137 1 1 0 1.0
1 72866 1692 1858 1 10 1 1.0
1 149022 1710 3047 1 1 0 1.0
1 75551 1714 1960 1 1 0 1.0
1 99179 1714 2945 1 1 0 1.0
1 61916 1715 1771 1 10 0 1.0
1 99484 1717 2843 1 10 1 1.0
1 108097 1718 3142 1 10 1 1.0
1 143559 1722 2902 1 1 0 1.0
1 151232 1726 3285 1 1 0 1.0
1 63019 1727 1707 1 1 0 1.0
1 169051 1728 4303 1 1 1 1.0
1 99692 1735 2438 1 10 1 1.0
1 88692 1737 2598 1 10 1 1.0
1 179542 1741 4318 1 1 1 1.0
1 158917 1744 3774 1 1 0 1.0
1 172570 1744 4170 1 1 0 1.0
1 95361 1748 2782 1 50 1 1.0
1 143058 1748 3618 1 1 0 1.0
1 159858 1751 4124 1 1 1 1.0
1 112078 1751 2747 1 10 0 1.0
1 142043 1751 3558 1 10 1 1.0
1 97848 1752 2644 1 1 1 1.0
1 76602 1765 1634 1 1 0 1.0
1 173986 1768 4963 1 1 1 1.0
1 130679 1780 2758 1 1 1 1.0
1 75489 1782 2105 1 10 0 1.0
1 121856 1785 2716 1 10 1 1.0
1 127810 1787 2871 1 10 0 1.0
1 138855 1788 3830 1 1 0 1.0
1 174114 1791 3502 1 1 0 1.0
1 71637 1793 2022 1 1 1 1.0
1 90900 1793 2457 1 50 0 1.0
1 161078 1794 4387 1 1 0 1.0
1 110715 1795 2299 1 10 0 1.0
1 157093 1799 3945 1 1 1 1.0
1 89754 1804 2074 1 1 0 1.0
1 126197 1805 2702 1 10 0 1.0
1 61127 1807 1745 1 1 0 1.0
1 66352 1808 1745 1 1 0 1.0
1 132205 1809 3846 1 1 0 1.0
1 107186 1813 2951 1 1 1 1.0
1 169141 1819 3982 1 10 0 1.0
1 103480 1828 2106 1 1 1 1.0
1 174017 1834 3520 1 10 0 1.0
1 63024 1835 1759 1 10 1 1.0
1 148725 1836 3566 1 1 0 1.0
1 83247 1836 2101 1 1 0 1.0
1 62809 1837 1638 1 1 1 1.0
1 178000 1838 5299 1 1 1 1.0
1 95704 1838 2359 1 10 1 1.0
1 83729 1840 2310 1 1 1 1.0
1 168101 1848 3500 1 1 0 1.0
1 116809 1849 3116 1 1 0 1.0
1 135832 1850 3769 1 1 0 1.0
1 142331 1855 3872 1 1 1 1.0
1 130975 1855 3234 1 1 0 1.0
1 120293 1859 3110 1 10 0 1.0
1 118854 1861 3289 1 10 1 1.0
1 169467 1863 4547 1 1 1 1.0
1 158886 1865 4765 1 10 0 1.0
1 79711 1869 2132 1 50 0 1.0
1 111992 1870 2826 1 10 1 1.0
1 60583 1872 1405 1 1 0 1.0
1 143694 1872 3201 1 10 0 1.0
1 168319 1872 4301 1 10 1 1.0
1 145837 1873 3022 1 1 1 1.0
1 176573 1874 5107 1 1 1 1.0
1 158443 1877 3375 1 1 0 1.0
1 76724 1880 2205 1 50 0 1.0
1 131815 1881 3509 1 1 0 1.0
1 143228 1881 4269 1 10 1 1.0
1 94780 1882 2657 1 1 0 1.0
1 167530 1886 4172 1 1 1 1.0
1 174402 1892 3884 1 10 0 1.0
1 166994 1897 4028 1 1 0 1.0
1 94960 1897 2790 1 50 1 1.0
1 131973 1900 3848 1 1 0 1.0
1 91995 1901 2580 1 1 0 1.0
1 155534 1902 4221 1 1 0 1.0
1 142341 1903 4085 1 10 1 1.0
1 131710 1907 2980 1 50 1 1.0
1 146289 1911 4095 1 10 0 1.0
1 122420 1913 3179 1 50 0 1.0
1 95327 1914 2080 1 1 0 1.0
1 127648 1914 2607 1 1 1 1.0
1 79411 1914 1786 1 10 1 1.0
1 99718 1917 2879 1 1 0 1.0
1 82006 1920 2273 1 50 0 1.0
1 112196 1922 3178 1 1 1 1.0
1 152506 1922 4247 1 1 0 1.0
1 92651 1926 2486 1 1 1 1.0
1 110165 1929 2679 1 10 1 1.0
1 83389 1931 2166 1 1 0 1.0
1 109769 1934 2561 1 1 1 1.0
1 77936 1936 1937 1 1 1 1.0
1 147895 1936 3166 1 50 0 1.0
1 166108 1937 4344 1 1 0 1.0
1 158302 1938 3397 1 50 1 1.0
1 95255 1939 2711 1 50 0 1.0
1 60400 1940 1469 1 50 1 1.0
1 121461 1942 2926 1 10 0 1.0
1 125567 1947 3265 1 1 0 1.0
1 163700 1950 4756 1 10 1 1.0
1 103593 1952 2244 1 1 0 1.0
1 169800 1953 4309 1 10 0 1.0
1 62503 1956 1481 1 50 1 1.0
1 156013 1965 4269 1 1 1 1.0
1 104095 1971 2663 1 1 0 1.0
1 71200 1973 1711 1 1 0 1.0
1 147190 1974 3770 1 1 1 1.0
1 109532 1977 2413 1 1 0 1.0
1 132417 1977 2860 1 1 0 1.0
1 87650 1978 1778 1 1 0 1.0
1 62683 1979 1793 1 10 0 1.0
1 91139 1987 2570 1 1 1 1.0
1 126166 1991 2540 1 10 0 1.0
1 143341 1992 3789 1 50 1 1.0
1 147495 1992 3577 1 1 1 1.0
1 142434 1994 3473 1 10 1 1.0
1 85253 1997 1968 1 1 1 1.0
1 123377 2005 2643 1 10 0 1.0
1 76291 2007 1800 1 10 1 1.0
1 94218 2010 2385 1 1 0 1.0
1 173722 2011 4766 1 1 1 1.0
1 92985 2016 2684 1 1 1 1.0
1 114769 2016 2989 1 1 0 1.0
1 134551 2017 3244 1 10 1 1.0
1 150224 2023 3986 1 1 1 1.0
1 68330 2025 1434 1 1 0 1.0
1 76650 2029 1996 1 1 0 1.0
1 174609 2031 5078 1 1 0 1.0
1 81663 2031 1865 1 10 0 1.0
1 124734 2036 3580 1 10 1 1.0
1 169204 2036 4761 1 1 0 1.0
1 113124 2036 3341 1 1 1 1.0
1 117151 2038 3149 1 10 1 1.0
1 77451 2038 2177 1 1 1 1.0
1 159090 2040 4684 1 1 0 1.0
1 159272 2040 3920 1 1 0 1.0
1 172718 2041 4674 1 1 1 1.0
1 102932 2041 2853 1 1 1 1.0
1 158118 2045 4490 1 10 0 1.0
1 78968 2048 1777 1 1 0 1.0
1 65505 2048 1396 1 1 0 1.0
1 89282 2048 2019 1 10 1 1.0
1 139618 2054 2947 1 1 1 1.0
1 138330 2057 3583 1 1 1 1.0
1 104666 2060 2741 1 10 0 1.0
1 137382 2062 3886 1 10 1 1.0
1 106307 2066 2542 1 1 1 1.0
1 92788 2066 2323 1 1 0 1.0
1 171494 2068 3699 1 1 0 1.0
1 62287 2068 1247 1 1 1 1.0
1 154001 2068 3943 1 10 1 1.0
1 137997 2069 3757 1 1 1 1.0
1 81529 2077 1932 1 10 0 1.0
1 122398 2078 2539 1 1 1 1.0
1 111193 2079 2341 1 1 1 1.0
1 68538 2087 1630 1 1 1 1.0
1 146110 2090 3801 1 1 1 1.0
1 62936 2090 1362 1 1 0 1.0
1 89654 2092 1829 1 1 0 1.0
1 166124 2093 4172 1 1 1 1.0
1 100433 2095 2892 1 1 0 1.0
1 144501 2096 3734 1 10 0 1.0
1 84176 2097 2072 1 50 1 1.0
1 71328 2099 1969 1 1 1 1.0
1 89468 2100 1790 1 50 1 1.0
1 89662 2101 1924 1 10 0 1.0
1 144738 2101 3821 1 10 1 1.0
1 171297 2105 4043 1 1 0 1.0
1 174331 2108 4670 1 1 0 1.0
1 78355 2110 2310 1 10 0 1.0
1 154199 2112 3154 1 1 0 1.0
1 101782 2117 2253 1 10 0 1.0
1 143999 2124 2899 1 1 1 1.0
1 159743 2125 3751 1 10 0 1.0
1 134366 2126 3727 1 10 0 1.0
1 152650 2128 3449 1 1 1 1.0
1 164509 2128 4315 1 1 1 1.0
1 102616 2129 2536 1 1 1 1.0
1 142347 2130 4228 1 1 0 1.0
1 150974 2132 3920 1 50 0 1.0
1 143059 2133 3703 1 10 1 1.0
1 129240 2137 3158 1 50 1 1.0
1 174666 2139 4992 1 10 0 1.0
1 137962 2141 3449 1 50 1 1.0
1 116081 2141 2487 1 10 0 1.0
1 140432 2145 4088 1 10 0 1.0
1 100544 2146 2230 1 1 0 1.0
1 124548 2149 2765 1 1 0 1.0
1 83773 2159 2204 1 1 1 1.0
1 172679 2160 4599 1 10 0 1.0
1 119204 2160 2634 1 10 1 1.0
1 68886 2162 1662 1 1 1 1.0
1 167170 2163 4953 1 10 1 1.0
1 166678 2163 3537 1 10 0 1.0
1 92999 2164 2505 1 1 0 1.0
1 83426 2169 1883 1 1 1 1.0
1 119679 2169 3140 1 1 0 1.0
1 95346 2170 1906 1 50 1 1.0
1 86387 2171 1797 1 10 1 1.0
1 166719 2172 3736 1 1 1 1.0
1 163677 2174 3471 1 10 1 1.0
1 138445 2175 2921 1 10 0 1.0
1 116439 2175 2811 1 1 0 1.0
1 87334 2176 2415 1 1 0 1.0
1 84864 2177 2403 1 1 1 1.0
1 120841 2179 3110 1 1 0 1.0
1 113514 2182 3134 1 1 1 1.0
1 91833 2184 2255 1 10 1 1.0
1 125241 2188 3695 1 1 1 1.0
1 62894 2191 1555 1 50 1 1.0
1 127617 2195 3061 1 1 0 1.0
1 177970 2196 4849 1 10 0 1.0
1 122661 2201 2998 1 10 1 1.0
1 151195 2203 4197 1 1 1 1.0
1 165084 2206 3875 1 1 1 1.0
1 127796 2208 2675 1 10 0 1.0
1 147161 2209 4188 1 1 0 1.0
1 169534 2212 3596 1 10 0 1.0
1 169563 2212 4974 1 1 0 1.0
1 165870 2213 3749 1 10 1 1.0
1 90995 2216 2545 1 10 0 1.0
1 79178 2216 1705 1 1 1 1.0
1 74103 2220 1976 1 1 1 1.0
1 102334 2220 3048 1 1 0 1.0
1 102204 2221 2481 1 10 0 1.0
1 111086 2229 2862 1 50 1 1.0
1 168563 2234 3610 1 50 1 1.0
1 153810 2234 3696 1 1 1 1.0
1 151059 2240 3885 1 1 1 1.0
1 99626 2244 2377 1 10 0 1.0
1 63255 2244 1428 1 10 1 1.0
1 62624 2245 1657 1 10 0 1.0
1 97029 2247 2364 1 1 1 1.0
1 147460 2248 3208 1 10 0 1.0
1 70716 2250 1952 1 10 0 1.0
1 74560 2251 2222 1 1 1 1.0
1 114777 2251 2297 1 10 0 1.0
1 91721 2252 1902 1 1 0 1.0
1 138727 2252 3709 1 10 0 1.0
1 125599 2253 3320 1 10 1 1.0
1 129811 2256 3122 1 1 1 1.0
1 98781 2257 2602 1 1 0 1.0
1 103846 2260 2607 1 50 0 1.0
1 100394 2262 2367 1 10 0 1.0
1 144151 2262 3379 1 10 1 1.0
1 92988 2262 2062 1 1 1 1.0
1 161000 2263 3283 1 10 1 1.0
1 120642 2264 3409 1 1 1 1.0
1 127894 2266 3122 1 10 1 1.0
1 165030 2267 4890 1 1 1 1.0
1 115048 2268 3386 1 10 0 1.0
1 158295 2269 3432 1 10 0 1.0
1 150069 2272 3637 1 1 1 1.0
1 71894 2272 1868 1 1 0 1.0
1 97004 2273 2325 1 1 1 1.0
1 113630 2277 2801 1 1 1 1.0
1 99821 2279 2904 1 1 1 1.0
1 151519 2280 3525 1 1 1 1.0
1 159373 2284 3542 1 1 1 1.0
1 169346 2284 3469 1 1 0 1.0
1 178063 2287 4632 1 10 1 1.0
1 156668 2288 4381 1 50 1 1.0
1 66568 2288 1411 1 1 0 1.0
1 152552 2291 4171 1 50 0 1.0
1 64207 2299 1784 1 1 1 1.0
1 62240 2309 1633 1 10 0 1.0
1 146325 2310 4273 1 1 0 1.0
1 110917 2314 3290 1 50 0 1.0
1 105073 2314 2920 1 1 0 1.0
1 79215 2318 1639 1 1 0 1.0
1 135311 2322 3192 1 1 0 1.0
1 109122 2325 2660 1 1 1 1.0
1 89671 2325 2046 1 10 1 1.0
1 109318 2326 2914 1 1 0 1.0
1 140990 2328 3167 1 1 0 1.0
1 128109 2329 2983 1 10 1 1.0
1 97952 2329 2685 1 1 0 1.0
1 113378 2329 2803 1 1 1 1.0
1 115461 2329 2599 1 50 1 1.0
1 167458 2334 4658 1 1 1 1.0
1 84958 2334 2437 1 10 1 1.0
1 147716 2334 3499 1 1 0 1.0
1 115692 2335 2536 1 1 0 1.0
1 128615 2336 2619 1 10 0 1.0
1 62848 2339 1727 1 1 1 1.0
1 129281 2340 3832 1 1 1 1.0
1 104717 2348 2832 1 50 1 1.0
1 168794 2348 3493 1 50 1 1.0
1 145736 2351 3895 1 1 1 1.0
1 158460 2351 3844 1 1 0 1.0
1 176225 2351 3599 1 1 0 1.0
1 89097 2353 2178 1 1 1 1.0
1 178276 2354 3732 1 1 0 1.0
1 68437 2355 1907 1 1 0 1.0
1 148476 2355 3144 1 1 1 1.0
1 76351 2357 1583 1 1 1 1.0
1 87421 2357 2206 1 1 1 1.0
1 163005 2361 4810 1 1 1 1.0
1 173143 2365 4667 1 1 0 1.0
1 148653 2368 3487 1 1 1 1.0
1 84356 2372 2367 1 1 0 1.0
1 136906 2372 3701 1 10 0 1.0
1 67064 2377 1759 1 1 0 1.0
1 124604 2380 3558 1 1 1 1.0
1 77972 2381 1804 1 50 1 1.0
1 154580 2382 4168 1 10 0 1.0
1 158240 2385 3437 1 1 1 1.0
1 71782 2385 1490 1 1 1 1.0
1 168349 2390 4397 1 1 1 1.0
1 178381 2395 4638 1 50 1 1.0
1 76452 2396 1861 1 50 0 1.0
1 120507 2397 2691 1 10 1 1.0
1 143756 2408 3139 1 10 1 1.0
1 136087 2413 2931 1 1 1 1.0
1 136936 2421 4028 1 10 1 1.0
1 107953 2424 2856 1 1 0 1.0
1 80341 2426 1658 1 1 1 1.0
1 143026 2428 3747 1 1 0 1.0
1 93223 2430 2649 1 1 1 1.0
1 90853 2431 2110 1 1 1 1.0
1 127215 2432 3031 1 50 0 1.0
1 174543 2439 5045 1 1 0 1.0
1 97204 2446 2326 1 50 0 1.0
1 175522 2457 4363 1 10 0 1.0
1 130813 2458 3267 1 10 0 1.0
1 109646 2459 2258 1 1 0 1.0
1 85005 2459 2455 1 10 0 1.0
1 120265 2460 3414 1 1 0 1.0
1 131559 2460 2933 1 10 0 1.0
1 146614 2462 4362 1 10 1 1.0
1 163924 2463 4737 1 1 0 1.0
1 101071 2465 2708 1 50 0 1.0
1 109398 2467 3256 1 1 0 1.0
1 60169 2471 1467 1 50 0 1.0
1 109039 2472 2710 1 1 1 1.0
1 131240 2473 3374 1 1 0 1.0
1 79441 2475 1984 1 50 0 1.0
1 94505 2477 2121 1 1 0 1.0
1 113399 2484 2326 1 10 0 1.0
1 63404 2484 1556 1 10 0 1.0
1 154836 2484 3281 1 1 1 1.0
1 170147 2484 3541 1 1 1 1.0
1 142877 2486 3851 1 1 0 1.0
1 159337 2487 3516 1 50 0 1.0
1 143341 2490 3412 1 10 1 1.0
1 128376 2491 3339 1 50 0 1.0
1 144088 2491 3460 1 10 0 1.0
1 120312 2492 3095 1 1 1 1.0
1 80171 2496 2286 1 1 1 1.0
1 137448 2497 3344 1 1 0 1.0
1 72640 2500 1792 1 10 0 1.0
1 74541 2504 1721 1 1 0 1.0
1 72638 2504 2032 1 10 1 1.0
1 130896 2509 3070 1 1 1 1.0
1 132329 2511 2684 1 1 1 1.0
1 179366 2513 3976 1 1 1 1.0
1 164339 2516 4431 1 1 0 1.0
1 101591 2519 2694 1 1 0 1.0
1 96263 2519 2317 1 10 1 1.0
1 167008 2522 4583 1 1 1 1.0
1 146951 2523 3859 1 10 1 1.0
1 82660 2523 2234 1 1 1 1.0
1 75639 2529 1721 1 1 1 1.0
1 75060 2529 1894 1 1 1 1.0
1 130282 2531 3191 1 10 1 1.0
1 73577 2534 1503 1 10 1 1.0
1 179615 2534 4064 1 50 1 1.0
1 151398 2541 4066 1 1 1 1.0
1 105698 2541 2441 1 1 1 1.0
1 150058 2545 3690 1 1 0 1.0
1 65027 2549 1723 1 50 1 1.0
1 69811 2551 1877 1 50 1 1.0
1 108402 2551 3071 1 10 0 1.0
1 64254 2556 1453 1 10 1 1.0
1 152706 2557 4134 1 1 1 1.0
1 89624 2558 2133 1 1 1 1.0
1 141239 2560 3863 1 1 0 1.0
1 111707 2561 2957 1 50 0 1.0
1 122131 2561 3414 1 1 0 1.0
1 72313 2565 1602 1 50 1 1.0
1 67651 2565 1832 1 1 0 1.0
1 96644 2566 2400 1 1 0 1.0
1 157001 2569 4138 1 10 0 1.0
1 65074 2572 1640 1 1 0 1.0
1 67637 2575 1848 1 1 1 1.0
1 91411 2575 2088 1 10 1 1.0
1 114974 2577 2590 1 10 0 1.0
1 118063 2589 3241 1 50 0 1.0
1 178863 2592 4382 1 10 0 1.0
1 119063 2597 2397 1 10 0 1.0
1 133049 2598 3595 1 1 0 1.0
1 117194 2600 2672 1 1 1 1.0
1 154798 2603 4022 1 10 0 1.0
1 153636 2605 3327 1 50 1 1.0
1 144419 2608 3012 1 1 0 1.0
1 139167 2609 2982 1 1 0 1.0
1 94703 2610 1935 1 1 1 1.0
1 84289 2611 2496 1 1 0 1.0
1 71976 2615 1955 1 10 0 1.0
1 124739 2618 2849 1 1 1 1.0
1 113788 2620 2557 1 1 1 1.0
1 105131 2621 2967 1 1 1 1.0
1 115515 2621 2658 1 1 1 1.0
1 160223 2622 3347 1 10 1 1.0
1 157237 2623 4666 1 10 0 1.0
1 134683 2624 3990 1 10 1 1.0
1 132954 2628 3814 1 10 1 1.0
1 164691 2628 4667 1 1 0 1.0
1 81777 2631 1875 1 10 1 1.0
1 176317 2633 5055 1 1 0 1.0
1 121809 2634 3096 1 1 1 1.0
1 60092 2634 1291 1 1 1 1.0
1 149716 2635 3139 1 1 0 1.0
1 110866 2636 2809 1 1 1 1.0
1 91580 2636 2569 1 1 0 1.0
1 60309 2640 1568 1 50 1 1.0
1 165482 2643 3840 1 10 0 1.0
1 77577 2644 2219 1 10 0 1.0
1 162510 2644 3600 1 1 1 1.0
1 96148 2648 2176 1 50 1 1.0
1 65019 2650 1879 1 1 1 1.0
1 173526 2651 4070 1 10 1 1.0
1 134557 2654 3883 1 10 0 1.0
1 77805 2655 2296 1 1 1 1.0
1 98354 2659 2777 1 1 0 1.0
1 148649 2660 4323 1 10 0 1.0
1 172447 2664 3527 1 1 0 1.0
1 138768 2668 2931 1 1 0 1.0
1 89505 2668 1834 1 1 1 1.0
1 143535 2673 3145 1 1 0 1.0
1 105399 2674 2777 1 1 1 1.0
1 81164 2675 1712 1 1 0 1.0
1 104437 2675 2645 1 1 0 1.0
1 117355 2677 2407 1 1 1 1.0
1 133133 2679 3438 1 1 0 1.0
1 128594 2683 3457 1 1 0 1.0
1 160326 2685 3486 1 10 0 1.0
1 145622 2687 3283 1 1 0 1.0
1 134506 2693 3191 1 1 0 1.0
1 120546 2694 3302 1 1 0 1.0
1 138859 2694 3192 1 1 0 1.0
1 92944 2696 2082 1 10 1 1.0
1 149644 2699 3931 1 1 1 1.0
1 75270 2705 1943 1 10 0 1.0
1 161378 2705 4820 1 1 1 1.0
1 124782 2706 3013 1 1 0 1.0
1 144120 2707 3569 1 1 1 1.0
1 99577 2710 2927 1 1 1 1.0
1 104644 2712 2747 1 1 1 1.0
1 140405 2716 2825 1 50 0 1.0
1 120455 2718 2585 1 1 0 1.0
1 77964 2718 1823 1 1 1 1.0
1 93138 2720 2086 1 10 0 1.0
1 72928 2722 1929 1 1 0 1.0
1 110570 2725 2477 1 1 0 1.0
1 106534 2734 2804 1 1 0 1.0
1 67345 2734 1615 1 1 0 1.0
1 138115 2741 3626 1 10 0 1.0
1 84256 2749 2129 1 1 0 1.0
1 88438 2750 1864 1 1 1 1.0
1 116680 2753 3196 1 1 1 1.0
1 173849 2756 3678 1 1 1 1.0
1 157384 2757 3687 1 1 1 1.0
1 142488 2762 3237 1 1 0 1.0
1 63968 2763 1707 1 1 1 1.0
1 119550 2770 2462 1 10 0 1.0
1 130025 2773 2707 1 10 1 1.0
1 159149 2773 3846 1 1 0 1.0
1 67099 2778 1451 1 1 1 1.0
1 121883 2779 2489 1 10 0 1.0
1 83490 2783 2471 1 1 0 1.0
1 126202 2783 2949 1 1 0 1.0
1 88091 2785 2152 1 1 1 1.0
1 177088 2786 4988 1 50 1 1.0
1 88629 2788 2207 1 1 1 1.0
1 69973 2801 1542 1 50 1 1.0
1 135468 2807 3091 1 10 1 1.0
1 74838 2809 2109 1 1 1 1.0
1 146667 2810 3974 1 1 1 1.0
1 106982 2811 2479 1 10 1 1.0
1 176153 2812 4431 1 1 1 1.0
1 133609 2813 3382 1 10 0 1.0
1 116702 2816 3071 1 1 0 1.0
1 81604 2817 2033 1 1 0 1.0
1 119788 2817 2460 1 10 0 1.0
1 125856 2824 2928 1 1 0 1.0
1 63134 2826 1478 1 1 1 1.0
1 157769 2826 3387 1 50 0 1.0
1 121807 2834 3128 1 1 0 1.0
1 178671 2835 4344 1 1 0 1.0
1 107682 2838 2611 1 1 0 1.0
1 131347 2840 2707 1 1 0 1.0
1 89021 2843 2622 1 10 0 1.0
1 107296 2844 3024 1 1 1 1.0
1 82465 2845 2327 1 10 1 1.0
1 163495 2845 3769 1 10 0 1.0
1 158920 2847 4731 1 10 1 1.0
1 78439 2847 1988 1 10 0 1.0
1 165602 2863 3484 1 10 1 1.0
1 87825 2867 2332 1 1 0 1.0
1 120315 2869 3509 1 1 0 1.0
1 106411 2869 3122 1 1 0 1.0
1 152316 2872 3460 1 1 0 1.0
1 103403 2874 3015 1 1 0 1.0
1 81241 2875 2158 1 50 1 1.0
1 84945 2879 2355 1 50 0 1.0
1 131576 2882 3588 1 1 1 1.0
1 132408 2883 2857 1 1 0 1.0
1 91119 2884 2101 1 1 0 1.0
1 73393 2890 1991 1 10 0 1.0
1 61488 2892 1301 1 1 0 1.0
1 152673 2893 4350 1 10 0 1.0
1 159902 2894 3391 1 1 0 1.0
1 177292 2895 3971 1 50 1 1.0
1 124948 2897 3454 1 1 0 1.0
1 141158 2897 3838 1 10 1 1.0
1 74339 2899 1530 1 10 1 1.0
1 134029 2907 3993 1 1 0 1.0
1 122991 2914 2660 1 50 1 1.0
1 141154 2915 2847 1 10 0 1.0
1 165248 2918 4717 1 1 1 1.0
1 102448 2918 2165 1 10 0 1.0
1 142280 2920 3964 1 10 0 1.0
1 127956 2921 3007 1 1 1 1.0
1 150618 2922 3410 1 1 1 1.0
1 165315 2923 3799 1 10 0 1.0
1 80874 2927 1639 1 1 0 1.0
1 85906 2929 1971 1 1 1 1.0
1 94466 2930 1990 1 10 1 1.0
1 151066 2934 3254 1 50 0 1.0
1 138504 2935 3598 1 10 0 1.0
1 79564 2936 1732 1 10 1 1.0
1 66914 2936 1458 1 10 0 1.0
1 108701 2940 2972 1 1 0 1.0
1 97585 2941 2153 1 1 0 1.0
1 65704 2941 1377 1 50 1 1.0
1 136955 2942 3184 1 1 1 1.0
1 108966 2954 2478 1 10 1 1.0
1 77495 2954 2232 1 10 0 1.0
1 67791 2955 1449 1 10 1 1.0
1 67539 2956 1724 1 10 0 1.0
1 177964 2958 3600 1 1 1 1.0
1 66750 2958 1954 1 1 1 1.0
1 157084 2959 4359 1 10 0 1.0
1 121513 2961 2469 1 10 1 1.0
1 106388 2966 2975 1 10 0 1.0
1 98626 2969 2665 1 10 0 1.0
1 114265 2969 3006 1 1 0 1.0
1 124647 2971 2729 1 1 1 1.0
1 152044 2972 3881 1 1 1 1.0
1 90047 2980 2333 1 1 0 1.0
1 132401 2981 3428 1 1 1 1.0
1 72482 2985 1628 1 1 1 1.0
1 110698 2986 2373 1 1 1 1.0
1 152257 2987 4016 1 1 1 1.0
1 145230 2991 4264 1 1 1 1.0
1 116028 2994 3202 1 10 0 1.0
1 92288 2996 2182 1 1 1 1.0
1 61326 2998 1741 1 10 1 1.0
1 77537 2998 2085 1 1 1 1.0
1 63909 3000 1535 1 1 0 1.0
1 96794 3001 2530 1 1 0 1.0
1 146287 3002 3227 1 50 1 1.0
1 102141 3003 2115 1 1 1 1.0
1 179422 3005 3878 1 1 0 1.0
1 142192 3012 4050 1 10 1 1.0
1 120633 3012 3100 1 1 0 1.0
1 83057 3015 2422 1 10 1 1.0
1 178170 3016 3776 1 1 1 1.0
1 112276 3016 2912 1 1 1 1.0
1 106152 3018 2340 1 10 1 1.0
1 146100 3020 4045 1 10 0 1.0
1 160662 3023 3353 1 1 1 1.0
1 118513 3029 3162 1 1 1 1.0
1 103367 3031 3049 1 10 0 1.0
1 106369 3031 2537 1 10 0 1.0
1 119187 3031 2981 1 1 1 1.0
1 165290 3037 3499 1 10 0 1.0
1 99815 3038 2662 1 1 0 1.0
1 162670 3046 3785 1 50 0 1.0
1 166645 3056 4948 1 50 0 1.0
1 158345 3056 4547 1 1 0 1.0
1 85157 3063 2511 1 1 0 1.0
1 66533 3065 1873 1 1 0 1.0
1 103359 3065 2073 1 1 0 1.0
1 115140 3066 2861 1 1 0 1.0
1 142639 3067 3319 1 1 0 1.0
1 69914 3072 1900 1 10 0 1.0
1 105910 3077 2626 1 1 1 1.0
1 121708 3079 2735 1 1 1 1.0
1 103301 3082 2580 1 10 1 1.0
1 94875 3083 2348 1 10 0 1.0
1 83109 3083 1955 1 1 0 1.0
1 141856 3088 2968 1 1 0 1.0
1 172597 3089 5098 1 1 0 1.0
1 144746 3092 3741 1 10 0 1.0
1 177662 3101 4683 1 1 0 1.0
1 174811 3103 3757 1 50 0 1.0
1 174381 3109 3666 1 10 0 1.0
1 144049 3110 3599 1 1 0 1.0
1 92169 3111 2457 1 1 1 1.0
1 175678 3113 3951 1 1 0 1.0
1 142301 3113 2983 1 1 1 1.0
1 142525 3115 3214 1 10 0 1.0
1 123303 3118 2893 1 1 0 1.0
1 100604 3129 2108 1 50 1 1.0
1 119146 3131 2616 1 1 0 1.0
1 87820 3132 1975 1 10 1 1.0
1 115301 3132 2615 1 1 1 1.0
1 86408 3134 1953 1 1 1 1.0
1 179478 3136 4966 1 10 0 1.0
1 158508 3138 3424 1 10 0 1.0
1 71362 3144 2076 1 1 0 1.0
1 148793 3146 4453 1 1 1 1.0
1 176485 3147 3551 1 10 0 1.0
1 85420 3150 2263 1 1 0 1.0
1 144227 3152 3641 1 10 1 1.0
1 108029 3155 3150 1 1 1 1.0
1 97219 3155 2038 1 10 0 1.0
1 162549 3160 4221 1 50 0 1.0
1 119100 3160 2897 1 1 0 1.0
1 77098 3162 1618 1 10 0 1.0
1 77618 3162 2001 1 1 0 1.0
1 80740 3164 1953 1 1 1 1.0
1 126307 3166 2950 1 10 0 1.0
1 121339 3174 2866 1 1 0 1.0
1 165335 3175 4244 1 1 0 1.0
1 147479 3178 4164 1 1 0 1.0
1 146347 3183 4165 1 10 0 1.0
1 73579 3184 2033 1 1 1 1.0
1 142544 3188 3383 1 1 1 1.0
1 107680 3190 2809 1 1 1 1.0
1 113571 3190 2436 1 1 0 1.0
1 148903 3192 3623 1 10 1 1.0
1 60125 3193 1263 1 1 1 1.0
1 108034 3196 2869 1 1 1 1.0
1 109229 3199 2831 1 50 1 1.0
1 149547 3200 4005 1 1 0 1.0
1 156534 3200 4290 1 10 0 1.0
1 97250 3204 2346 1 1 0 1.0
1 83259 3210 2199 1 1 1 1.0
1 109640 3222 3140 1 1 1 1.0
1 152659 3223 3053 1 10 1 1.0
1 121530 3225 3500 1 10 1 1.0
1 172033 3232 5087 1 10 1 1.0
1 177469 3233 4471 1 1 1 1.0
1 141045 3238 3891 1 1 0 1.0
1 69893 3239 1655 1 10 0 1.0
1 134084 3241 2845 1 1 0 1.0
1 82303 3247 1914 1 1 1 1.0
1 61020 3248 1797 1 1 1 1.0
1 119509 3251 2539 1 1 0 1.0
1 85310 3254 1848 1 10 1 1.0
1 140255 3255 3545 1 10 0 1.0
1 76229 3255 1872 1 1 0 1.0
1 114082 3256 3167 1 10 1 1.0
1 134168 3260 3925 1 1 1 1.0
1 135631 3261 3389 1 50 0 1.0
1 137540 3261 3216 1 1 1 1.0
1 67694 3261 1967 1 1 1 1.0
1 171171 3263 3741 1 10 0 1.0
1 122420 3266 3412 1 1 0 1.0
1 136994 3266 4006 1 50 1 1.0
1 105496 3266 2715 1 10 0 1.0
1 168854 3267 4020 1 1 0 1.0
1 171756 3273 5078 1 1 1 1.0
1 71081 3278 1811 1 1 0 1.0
1 177115 3283 4575 1 1 0 1.0
1 144560 3283 3631 1 1 0 1.0
1 84575 3287 2321 1 1 1 1.0
1 176586 3289 5185 1 10 1 1.0
1 150672 3292 4177 1 10 1 1.0
1 157709 3293 4148 1 10 1 1.0
1 122903 3294 3137 1 1 0 1.0
1 64903 3294 1896 1 10 0 1.0
1 106506 3295 3049 1 1 0 1.0
1 149563 3297 3623 1 1 1 1.0
1 151408 3298 3618 1 1 1 1.0
1 66170 3304 1880 1 10 1 1.0
1 60258 3305 1394 1 10 0 1.0
1 61349 3306 1438 1 10 0 1.0
1 156412 3307 4485 1 10 1 1.0
1 134835 3312 3469 1 1 1 1.0
1 107871 3320 2340 1 50 0 1.0
1 138663 3322 3030 1 1 1 1.0
1 96859 3322 1950 1 10 1 1.0
1 61581 3325 1440 1 50 0 1.0
1 73208 3327 2081 1 10 0 1.0
1 76318 3327 1566 1 10 1 1.0
1 157027 3331 4102 1 10 0 1.0
1 123552 3336 2876 1 1 1 1.0
1 150230 3337 4375 1 1 1 1.0
1 145603 3338 2968 1 10 1 1.0
1 170283 3339 4451 1 1 1 1.0
1 106846 3339 2489 1 10 0 1.0
1 92545 3340 2728 1 1 1 1.0
1 103601 3340 2925 1 10 0 1.0
1 120466 3343 3534 1 1 1 1.0
1 91007 3345 2658 1 1 1 1.0
1 121594 3345 3152 1 1 1 1.0
1 173928 3351 4807 1 1 1 1.0
1 84211 3354 1921 1 1 1 1.0
1 121086 3355 2804 1 1 0 1.0
1 148151 3358 4164 1 10 0 1.0
1 101515 3363 2379 1 1 1 1.0
1 77839 3372 2081 1 50 0 1.0
1 123168 3380 3544 1 10 0 1.0
1 155714 3383 3817 1 10 0 1.0
1 103277 3389 2318 1 1 1 1.0
1 106199 3391 2721 1 10 1 1.0
1 160164 3391 4598 1 1 0 1.0
1 68671 3392 1558 1 1 1 1.0
1 150276 3393 3655 1 1 1 1.0
1 102361 3393 2515 1 1 1 1.0
1 104442 3396 2310 1 10 0 1.0
1 103061 3396 2189 1 1 1 1.0
1 103594 3398 2120 1 1 0 1.0
1 67737 3400 1886 1 10 1 1.0
1 157887 3403 4187 1 1 1 1.0
1 62573 3406 1705 1 1 1 1.0
1 113198 3406 3242 1 10 0 1.0
1 75764 3413 2201 1 10 0 1.0
1 61403 3418 1292 1 1 0 1.0
1 93008 3420 1986 1 1 1 1.0
1 137380 3420 3382 1 1 0 1.0
1 82577 3422 1878 1 1 1 1.0
1 160686 3425 3568 1 50 0 1.0
1 133652 3430 3961 1 10 0 1.0
1 67360 3433 1593 1 50 0 1.0
1 90381 3435 2027 1 1 0 1.0
1 161318 3441 4610 1 10 0 1.0
1 178959 3442 5200 1 1 0 1.0
1 77058 3450 1972 1 1 0 1.0
1 136692 3453 2749 1 10 1 1.0
1 102800 3456 2456 1 1 0 1.0
1 148683 3457 4392 1 10 0 1.0
1 170279 3458 3451 1 1 1 1.0
1 86761 3461 2361 1 10 0 1.0
1 87397 3462 2336 1 10 0 1.0
1 107892 3464 2947 1 50 0 1.0
1 112371 3465 3159 1 1 1 1.0
1 64509 3469 1793 1 10 0 1.0
1 166808 3469 3485 1 50 0 1.0
1 143469 3471 4038 1 1 0 1.0
1 143614 3476 3097 1 10 0 1.0
1 115406 3477 2418 1 10 1 1.0
1 117369 3480 2866 1 1 0 1.0
1 104956 3481 2394 1 10 0 1.0
1 130678 3490 2858 1 1 1 1.0
1 122330 3491 3486 1 50 0 1.0
1 154625 3501 4320 1 1 1 1.0
1 130981 3508 3505 1 1 1 1.0
1 93066 3511 2749 1 10 1 1.0
1 123724 3517 2951 1 10 0 1.0
1 74154 3517 1577 1 10 0 1.0
1 132208 3518 3280 1 1 0 1.0
1 69428 3518 1903 1 1 0 1.0
1 86203 3521 2422 1 10 0 1.0
1 91970 3521 2474 1 1 0 1.0
1 107296 3523 2314 1 1 0 1.0
1 80894 3523 1698 1 10 1 1.0
1 147149 3526 4318 1 1 0 1.0
1 123854 3526 2653 1 1 0 1.0
1 154063 3527 3676 1 1 0 1.0
1 93998 3528 2782 1 1 0 1.0
1 88970 3529 1909 1 10 0 1.0
1 170683 3530 4771 1 1 0 1.0
1 141275 3530 2933 1 10 0 1.0
1 125991 3530 3249 1 1 0 1.0
1 153822 3534 3323 1 1 0 1.0
1 109979 3534 2404 1 1 0 1.0
1 172446 3541 3793 1 50 1 1.0
1 65884 3542 1904 1 10 1 1.0
1 163230 3547 3839 1 10 1 1.0
1 67953 3550 2027 1 1 0 1.0
1 111303 3551 2944 1 1 1 1.0
1 137040 3555 2907 1 1 0 1.0
1 162742 3555 4586 1 1 1 1.0
1 89884 3558 2185 1 1 1 1.0
1 100519 3567 2441 1 1 0 1.0
1 159894 3569 3585 1 1 0 1.0
1 77210 3572 1753 1 1 1 1.0
1 78445 3573 2275 1 50 1 1.0
1 86426 3573 1867 1 10 1 1.0
1 139380 3574 2928 1 1 1 1.0
1 128942 3577 2870 1 1 0 1.0
1 63009 3582 1725 1 1 1 1.0
1 123641 3584 2529 1 1 1 1.0
1 134877 3584 3326 1 10 1 1.0
1 122022 3586 3499 1 1 0 1.0
1 118665 3587 2863 1 1 1 1.0
1 95817 3593 2727 1 1 0 1.0
