1500
11 123585 3 3244 1 50 0 1.0
11 140933 4 3900 1 50 1 1.0
11 170071 6 3988 1 10 0 1.0
11 127357 8 2816 1 50 0 1.0
11 117533 10 3434 1 1 0 1.0
11 129784 16 3832 1 1 0 1.0
11 82906 19 2377 1 10 0 1.0
11 147734 20 3007 1 10 0 1.0
11 153131 20 3984 1 1 0 1.0
11 155918 22 4648 1 1 0 1.0
11 76802 22 1966 1 1 1 1.0
11 132235 25 3076 1 10 1 1.0
11 161749 27 4603 1 1 1 1.0
11 121804 33 3443 1 10 1 1.0
11 146478 36 3984 1 10 0 1.0
11 166529 42 3823 1 10 0 1.0
11 107978 42 3125 1 1 1 1.0
11 99159 43 2673 1 10 0 1.0
11 156938 44 4704 1 1 0 1.0
11 110396 44 2939 1 10 1 1.0
11 75000 45 1877 1 1 1 1.0
11 78857 48 2231 1 1 0 1.0
11 147211 51 4191 1 10 1 1.0
11 167217 51 4822 1 1 1 1.0
11 71016 52 1456 1 1 0 1.0
11 143908 52 3709 1 50 0 1.0
11 157341 52 4188 1 1 0 1.0
11 177614 55 4665 1 1 0 1.0
11 93770 56 2532 1 1 1 1.0
11 174472 56 4254 1 1 0 1.0
11 157666 56 3721 1 1 1 1.0
11 63606 61 1880 1 50 1 1.0
11 72904 65 1889 1 10 0 1.0
11 178544 67 4478 1 10 0 1.0
11 136146 68 4081 1 1 0 1.0
11 92459 70 2082 1 1 0 1.0
11 97901 70 2331 1 1 0 1.0
11 94146 75 2158 1 1 0 1.0
11 85075 75 1720 1 10 0 1.0
11 174529 76 4945 1 1 1 1.0
11 165638 76 3770 1 1 1 1.0
11 141549 80 3647 1 50 1 1.0
11 102094 82 2926 1 1 1 1.0
11 129973 84 3330 1 1 0 1.0
11 143543 88 2990 1 1 0 1.0
11 151791 94 3058 1 1 1 1.0
11 158661 98 3876 1 10 1 1.0
11 166994 103 4592 1 10 0 1.0
11 178221 103 4797 1 1 0 1.0
11 97778 104 2022 1 10 0 1.0
11 101738 105 2711 1 50 0 1.0
11 86784 105 2247 1 50 1 1.0
11 152753 110 3227 1 1 0 1.0
11 87825 113 2248 1 1 0 1.0
11 163471 121 3362 1 10 0 1.0
11 94027 122 2763 1 1 1 1.0
11 142493 125 3562 1 1 1 1.0
11 118687 127 3316 1 10 1 1.0
11 136973 127 3390 1 10 0 1.0
11 65184 129 1627 1 10 0 1.0
11 99411 129 2895 1 50 1 1.0
11 85474 131 2439 1 10 0 1.0
11 79757 138 1842 1 10 1 1.0
11 138098 142 3105 1 1 0 1.0
11 86545 148 1957 1 1 1 1.0
11 168681 154 4671 1 1 0 1.0
11 60624 155 1286 1 1 1 1.0
11 103767 156 3031 1 1 0 1.0
11 82227 157 2446 1 10 1 1.0
11 113833 158 2730 1 10 0 1.0
11 139867 160 4009 1 50 0 1.0
11 130819 160 3355 1 1 1 1.0
11 87267 161 1874 1 1 1 1.0
11 61661 162 1819 1 1 0 1.0
11 130357 164 2724 1 50 1 1.0
11 82693 167 1837 1 1 0 1.0
11 131816 168 3038 1 10 1 1.0
11 159997 168 3494 1 1 0 1.0
11 141846 170 3946 1 10 1 1.0
11 70121 171 1730 1 50 0 1.0
11 177543 176 5146 1 50 0 1.0
11 74361 177 1523 1 1 1 1.0
11 136224 177 3460 1 1 1 1.0
11 102098 178 2760 1 1 0 1.0
11 64373 180 1792 1 1 1 1.0
11 103039 181 2925 1 50 1 1.0
11 162250 184 3721 1 1 1 1.0
11 161570 185 3484 1 1 1 1.0
11 158640 186 3548 1 1 0 1.0
11 94038 188 1915 1 1 1 1.0
11 116998 190 3323 1 1 1 1.0
11 135830 199 3936 1 1 1 1.0
11 133750 200 3115 1 1 1 1.0
11 110359 200 2356 1 1 0 1.0
11 86241 202 2433 1 1 0 1.0
11 115334 202 2752 1 1 1 1.0
11 91458 206 1896 1 50 1 1.0
11 134138 207 3299 1 1 0 1.0
11 97813 208 2899 1 10 1 1.0
11 79573 210 2312 1 50 0 1.0
11 172301 210 3674 1 10 0 1.0
11 113400 217 3053 1 1 1 1.0
11 150374 218 4102 1 1 1 1.0
11 126963 219 2647 1 50 0 1.0
11 67360 229 1642 1 1 1 1.0
11 128704 230 2742 1 1 0 1.0
11 98413 232 2038 1 1 1 1.0
11 77869 240 2077 1 1 1 1.0
11 176246 241 5190 1 1 0 1.0
11 102711 246 2057 1 10 1 1.0
11 108802 253 2461 1 10 1 1.0
11 130037 258 3268 1 1 0 1.0
11 160709 260 4674 1 1 1 1.0
11 149680 264 3816 1 10 0 1.0
11 131248 267 2921 1 1 1 1.0
11 140112 274 4003 1 50 1 1.0
11 114435 276 2946 1 1 0 1.0
11 137429 277 3746 1 1 0 1.0
11 175679 277 4071 1 1 0 1.0
11 112945 277 2758 1 1 0 1.0
11 104346 280 2612 1 10 0 1.0
11 69966 281 1810 1 10 0 1.0
11 171801 283 5008 1 1 0 1.0
11 62773 283 1350 1 10 0 1.0
11 141649 294 3286 1 1 1 1.0
11 155181 298 3735 1 1 0 1.0
11 77956 298 1948 1 10 0 1.0
11 71387 298 1485 1 10 1 1.0
11 172622 300 3456 1 1 1 1.0
11 168411 307 4938 1 10 0 1.0
11 100493 308 2753 1 1 0 1.0
11 105907 318 2992 1 1 0 1.0
11 60410 323 1588 1 1 1 1.0
11 86929 326 2249 1 1 1 1.0
11 123272 329 3146 1 1 1 1.0
11 107369 335 2851 1 10 0 1.0
11 83050 338 2487 1 1 1 1.0
11 90348 342 2344 1 10 1 1.0
11 143807 345 3579 1 1 0 1.0
11 109401 345 2205 1 50 1 1.0
11 163844 348 4467 1 50 0 1.0
11 64644 348 1608 1 1 1 1.0
11 158132 349 3491 1 1 1 1.0
11 162335 351 4835 1 50 0 1.0
11 85677 352 1890 1 10 1 1.0
11 78371 355 2301 1 10 0 1.0
11 109833 356 2495 1 10 0 1.0
11 145747 357 3219 1 10 1 1.0
11 167856 364 3694 1 10 1 1.0
11 78740 365 1722 1 10 0 1.0
11 133150 370 2847 1 1 1 1.0
11 130877 370 3889 1 1 0 1.0
11 170754 374 4463 1 10 0 1.0
11 158768 375 3193 1 10 1 1.0
11 165971 381 3475 1 1 1 1.0
11 131056 383 3069 1 10 1 1.0
11 100426 390 2695 1 1 0 1.0
11 173885 402 4364 1 50 0 1.0
11 179439 405 4004 1 50 0 1.0
11 99080 405 2440 1 1 1 1.0
11 113199 410 3000 1 1 0 1.0
11 99406 410 2651 1 50 1 1.0
11 103821 411 2260 1 10 1 1.0
11 63096 417 1277 1 1 0 1.0
11 68996 423 1446 1 1 0 1.0
11 113820 425 2812 1 1 1 1.0
11 80180 426 1626 1 1 0 1.0
11 74097 426 1972 1 1 0 1.0
11 154611 429 4154 1 1 0 1.0
11 149168 430 4411 1 1 0 1.0
11 132505 436 3464 1 1 0 1.0
11 85844 437 2564 1 10 1 1.0
11 94582 438 2296 1 50 1 1.0
11 101302 438 2452 1 10 1 1.0
11 159379 440 4500 1 1 0 1.0
11 92921 444 2115 1 1 0 1.0
11 149072 446 4208 1 1 1 1.0
11 147499 448 3717 1 1 1 1.0
11 87564 450 2139 1 1 1 1.0
11 73298 451 1952 1 1 1 1.0
11 112200 452 2877 1 10 1 1.0
11 173567 458 4613 1 1 0 1.0
11 72962 459 1986 1 1 0 1.0
11 160359 461 3951 1 50 0 1.0
11 120141 463 3170 1 50 1 1.0
11 85480 468 1748 1 10 1 1.0
11 72538 469 1762 1 10 1 1.0
11 92890 473 2083 1 10 0 1.0
11 135220 478 3374 1 10 1 1.0
11 137696 482 3742 1 10 0 1.0
11 148910 488 3467 1 10 0 1.0
11 91171 490 2384 1 50 0 1.0
11 77557 490 2268 1 1 0 1.0
11 166513 493 4757 1 1 1 1.0
11 144260 501 3824 1 1 0 1.0
11 138286 512 4121 1 10 0 1.0
11 105620 514 2268 1 50 1 1.0
11 127610 516 3211 1 10 0 1.0
11 120633 517 2615 1 1 0 1.0
11 118898 526 3283 1 10 1 1.0
11 151961 527 4180 1 10 0 1.0
11 138638 533 2898 1 1 1 1.0
11 96534 534 2658 1 1 1 1.0
11 147870 539 3653 1 1 1 1.0
11 76923 539 1706 1 1 1 1.0
11 117678 543 3314 1 1 0 1.0
11 127534 545 3245 1 10 1 1.0
11 94132 546 2056 1 10 0 1.0
11 71635 548 1526 1 10 1 1.0
11 176104 551 4230 1 10 0 1.0
11 73592 551 1606 1 10 0 1.0
11 132939 554 3760 1 1 0 1.0
11 105042 554 2253 1 1 0 1.0
11 79089 556 2022 1 1 0 1.0
11 136964 563 2839 1 1 1 1.0
11 138325 563 3404 1 1 1 1.0
11 96736 566 2191 1 10 1 1.0
11 131761 569 3944 1 10 0 1.0
11 136577 570 3637 1 1 1 1.0
11 146956 571 4026 1 1 0 1.0
11 149989 571 3120 1 10 1 1.0
11 111523 572 3051 1 1 0 1.0
11 72428 576 1743 1 1 1 1.0
11 82618 577 2095 1 10 1 1.0
11 143009 578 3986 1 10 0 1.0
11 71777 585 1555 1 50 0 1.0
11 84590 586 1930 1 50 1 1.0
11 144285 587 3836 1 50 1 1.0
11 117926 591 2937 1 1 0 1.0
11 122208 592 3146 1 1 1 1.0
11 138356 592 2924 1 1 0 1.0
11 96949 593 1994 1 1 0 1.0
11 101497 593 2922 1 50 1 1.0
11 91003 594 2705 1 1 0 1.0
11 118274 601 3529 1 10 1 1.0
11 157566 601 3904 1 10 1 1.0
11 102703 602 2125 1 1 0 1.0
11 146497 604 3545 1 1 0 1.0
11 170322 613 3690 1 10 1 1.0
11 88196 614 1947 1 10 0 1.0
11 109325 618 2944 1 1 0 1.0
11 166030 620 3393 1 1 0 1.0
11 149577 621 3367 1 1 0 1.0
11 108489 625 3017 1 1 0 1.0
11 60767 625 1733 1 10 0 1.0
11 70939 626 2107 1 10 1 1.0
11 151112 635 4125 1 1 1 1.0
11 106914 637 2186 1 1 1 1.0
11 98073 637 2402 1 10 0 1.0
11 133853 646 3802 1 1 0 1.0
11 123090 649 2479 1 1 0 1.0
11 106741 650 2556 1 10 1 1.0
11 152210 653 3741 1 10 1 1.0
11 104398 654 3038 1 10 1 1.0
11 132970 657 3539 1 1 0 1.0
11 167896 659 4137 1 1 1 1.0
11 76231 662 2285 1 1 0 1.0
11 177283 662 4834 1 1 0 1.0
11 153918 663 3926 1 10 1 1.0
11 139656 667 3732 1 1 0 1.0
11 122248 672 3072 1 1 0 1.0
11 129585 677 3103 1 10 0 1.0
11 114098 678 2917 1 10 0 1.0
11 94803 683 1984 1 1 1 1.0
11 172943 685 4190 1 50 1 1.0
11 148952 685 3084 1 1 1 1.0
11 141488 695 4223 1 10 1 1.0
11 77362 695 2092 1 1 1 1.0
11 137737 696 2856 1 1 1 1.0
11 109401 696 3091 1 50 1 1.0
11 130586 697 2739 1 10 0 1.0
11 150824 702 3161 1 10 0 1.0
11 96036 705 2163 1 10 0 1.0
11 75538 705 1604 1 1 0 1.0
11 80775 714 1954 1 10 0 1.0
11 146425 720 3216 1 10 1 1.0
11 60875 725 1810 1 1 0 1.0
11 172637 726 4083 1 10 0 1.0
11 173994 727 4887 1 1 1 1.0
11 178476 729 4418 1 1 0 1.0
11 162136 731 4002 1 10 1 1.0
11 100307 733 2220 1 10 1 1.0
11 120901 735 3233 1 1 1 1.0
11 75909 736 1955 1 1 1 1.0
11 70399 737 1867 1 1 0 1.0
11 110308 739 2384 1 1 0 1.0
11 67428 747 1357 1 10 0 1.0
11 160275 754 4136 1 10 1 1.0
11 94530 756 2631 1 1 1 1.0
11 141666 760 3182 1 1 0 1.0
11 85602 761 2510 1 1 0 1.0
11 104901 761 2451 1 10 0 1.0
11 138760 764 3166 1 1 1 1.0
11 164560 778 3696 1 1 0 1.0
11 121316 778 2844 1 1 1 1.0
11 179960 779 4890 1 1 1 1.0
11 120626 781 3564 1 1 1 1.0
11 64823 785 1829 1 1 0 1.0
11 119828 787 3536 1 50 1 1.0
11 147051 788 2946 1 10 0 1.0
11 178829 788 3972 1 10 0 1.0
11 171862 793 4538 1 10 0 1.0
11 140076 797 4130 1 10 1 1.0
11 177157 797 4257 1 10 1 1.0
11 120521 797 2572 1 50 1 1.0
11 134369 800 2942 1 10 0 1.0
11 129305 802 3194 1 1 0 1.0
11 149898 802 4404 1 1 0 1.0
11 127079 804 2953 1 1 1 1.0
11 155659 805 3924 1 1 0 1.0
11 115379 806 3410 1 1 0 1.0
11 86189 807 1872 1 1 0 1.0
11 134744 808 3370 1 1 1 1.0
11 94764 811 2261 1 10 0 1.0
11 81039 813 1736 1 1 1 1.0
11 81573 816 1683 1 50 0 1.0
11 67617 828 1569 1 1 1 1.0
11 105924 830 2220 1 10 1 1.0
11 141403 833 3155 1 10 0 1.0
11 156129 835 3814 1 50 0 1.0
11 95216 835 2527 1 10 1 1.0
11 71991 835 1732 1 1 1 1.0
11 94433 839 2026 1 10 1 1.0
11 90097 842 2368 1 1 1 1.0
11 119237 851 3051 1 1 0 1.0
11 160210 853 4678 1 1 0 1.0
11 153877 853 3909 1 1 0 1.0
11 155646 854 4105 1 10 1 1.0
11 122146 854 3123 1 1 0 1.0
11 154078 855 3604 1 1 1 1.0
11 67822 856 1836 1 50 1 1.0
11 131602 859 3621 1 10 0 1.0
11 81054 862 2418 1 1 1 1.0
11 151474 863 3644 1 10 0 1.0
11 167691 864 4529 1 10 1 1.0
11 67201 868 1604 1 1 0 1.0
11 178888 874 4049 1 50 1 1.0
11 144472 880 3809 1 50 1 1.0
11 158505 881 3233 1 10 0 1.0
11 117407 883 3180 1 1 1 1.0
11 85313 885 2155 1 10 1 1.0
11 82467 886 2079 1 1 0 1.0
11 146990 891 3903 1 1 0 1.0
11 81566 894 2044 1 1 1 1.0
11 94005 895 2444 1 1 0 1.0
11 146454 896 3300 1 10 1 1.0
11 162768 898 3630 1 10 0 1.0
11 125809 900 2711 1 50 1 1.0
11 150165 904 3056 1 50 1 1.0
11 171488 905 4721 1 1 1 1.0
11 88330 906 2482 1 50 1 1.0
11 65279 907 1418 1 1 1 1.0
11 152054 919 3585 1 1 0 1.0
11 118510 924 3184 1 50 0 1.0
11 162015 926 4397 1 1 0 1.0
11 179024 927 4977 1 10 0 1.0
11 66682 927 1491 1 1 1 1.0
11 89184 928 2234 1 1 1 1.0
11 132810 929 3875 1 10 0 1.0
11 80638 934 1716 1 1 1 1.0
11 78805 935 1654 1 10 0 1.0
11 121724 938 2762 1 1 1 1.0
11 88852 938 2433 1 1 0 1.0
11 169634 938 3429 1 1 0 1.0
11 64682 946 1456 1 1 0 1.0
11 161959 947 3452 1 50 1 1.0
11 81273 948 2400 1 1 0 1.0
11 173514 948 3760 1 1 1 1.0
11 139600 949 3023 1 1 0 1.0
11 174097 951 5168 1 1 0 1.0
11 115296 954 2599 1 1 1 1.0
11 155132 959 3151 1 1 1 1.0
11 92490 960 2118 1 10 0 1.0
11 154842 960 3487 1 10 0 1.0
11 82132 964 1858 1 1 0 1.0
11 165388 966 4892 1 1 1 1.0
11 141034 971 3519 1 10 1 1.0
11 175549 976 3966 1 1 1 1.0
11 89680 978 2122 1 1 0 1.0
11 83759 982 2046 1 1 0 1.0
11 155657 983 3972 1 1 1 1.0
11 85179 986 2330 1 1 0 1.0
11 139114 986 2826 1 10 0 1.0
11 174980 989 3994 1 1 1 1.0
11 66052 989 1517 1 1 0 1.0
11 149042 992 3126 1 10 1 1.0
11 146704 992 3525 1 1 1 1.0
11 151806 1000 4278 1 10 0 1.0
11 175746 1002 3686 1 10 1 1.0
11 131813 1003 2863 1 50 1 1.0
11 90290 1004 2498 1 1 1 1.0
11 175179 1006 3993 1 1 1 1.0
11 137038 1007 3896 1 1 1 1.0
11 112316 1008 2776 1 50 1 1.0
11 60515 1009 1583 1 1 0 1.0
11 152930 1009 4122 1 1 0 1.0
11 94011 1009 2079 1 10 0 1.0
11 179852 1010 4045 1 10 1 1.0
11 168913 1012 3655 1 1 0 1.0
11 132159 1015 2993 1 1 0 1.0
11 146681 1015 3336 1 1 0 1.0
11 92142 1017 2182 1 1 1 1.0
11 87358 1019 2442 1 1 1 1.0
11 116243 1022 3053 1 10 1 1.0
11 118537 1024 2440 1 10 1 1.0
11 119044 1025 3269 1 1 0 1.0
11 150570 1027 3618 1 10 1 1.0
11 133253 1029 3096 1 1 0 1.0
11 114195 1031 3259 1 1 1 1.0
11 104270 1031 2272 1 10 1 1.0
11 103380 1033 2892 1 1 1 1.0
11 94423 1033 2428 1 50 1 1.0
11 168211 1042 4737 1 1 0 1.0
11 158521 1044 3750 1 1 0 1.0
11 151273 1044 3564 1 1 0 1.0
11 90719 1046 1999 1 1 0 1.0
11 108197 1049 2935 1 50 0 1.0
11 68249 1050 1720 1 1 0 1.0
11 139290 1053 3413 1 1 1 1.0
11 63929 1055 1705 1 1 1 1.0
11 169397 1058 4488 1 10 0 1.0
11 177630 1062 4026 1 10 1 1.0
11 61219 1078 1638 1 10 0 1.0
11 122403 1078 3386 1 1 1 1.0
11 161052 1079 4802 1 1 0 1.0
11 165773 1079 3609 1 1 0 1.0
11 67517 1087 1736 1 10 0 1.0
11 114603 1088 2473 1 10 0 1.0
11 119637 1092 3551 1 10 1 1.0
11 85163 1092 2084 1 1 0 1.0
11 177186 1095 4584 1 1 0 1.0
11 71827 1096 2089 1 10 0 1.0
11 124649 1100 2679 1 1 0 1.0
11 148611 1101 3185 1 10 1 1.0
11 138940 1102 2804 1 1 1 1.0
11 126678 1102 2894 1 10 1 1.0
11 64732 1104 1600 1 1 0 1.0
11 85054 1108 2525 1 1 0 1.0
11 89542 1109 2127 1 1 0 1.0
11 121149 1115 3214 1 1 1 1.0
11 67972 1119 1781 1 50 1 1.0
11 80029 1119 2289 1 50 0 1.0
11 112619 1120 3177 1 1 1 1.0
11 125356 1126 3451 1 10 0 1.0
11 107870 1128 2460 1 1 0 1.0
11 135023 1130 3925 1 50 1 1.0
11 131169 1132 3346 1 50 0 1.0
11 79172 1135 2276 1 1 0 1.0
11 162336 1138 4505 1 1 1 1.0
11 112101 1141 2446 1 1 0 1.0
11 133472 1143 3584 1 1 0 1.0
11 63236 1148 1522 1 10 1 1.0
11 94909 1150 2081 1 1 1 1.0
11 113339 1152 2399 1 1 1 1.0
11 169454 1158 4310 1 1 0 1.0
11 91648 1158 2463 1 1 1 1.0
11 132986 1159 3930 1 1 1 1.0
11 72184 1159 1990 1 10 0 1.0
11 117787 1161 3369 1 1 0 1.0
11 77883 1175 2197 1 1 1 1.0
11 123031 1176 3056 1 1 1 1.0
11 99808 1177 2633 1 10 1 1.0
11 62915 1178 1505 1 10 1 1.0
11 157795 1180 3938 1 1 0 1.0
11 142660 1180 3794 1 1 1 1.0
11 69432 1180 1750 1 1 0 1.0
11 69573 1185 1709 1 10 1 1.0
11 126131 1186 2682 1 10 0 1.0
11 86726 1188 1854 1 1 0 1.0
11 85048 1189 2409 1 1 1 1.0
11 94940 1195 2261 1 1 1 1.0
11 161791 1209 3920 1 10 1 1.0
11 141420 1214 3967 1 1 1 1.0
11 132128 1214 3049 1 1 1 1.0
11 78827 1220 1836 1 1 1 1.0
11 118574 1221 3062 1 1 1 1.0
11 173151 1222 3846 1 1 1 1.0
11 156732 1223 4146 1 1 1 1.0
11 77954 1224 2160 1 1 0 1.0
11 88029 1226 2259 1 1 0 1.0
11 87173 1230 1994 1 1 0 1.0
11 153321 1235 3799 1 50 0 1.0
11 88485 1236 2334 1 1 1 1.0
11 114732 1236 2480 1 50 0 1.0
11 74269 1240 2124 1 1 1 1.0
11 99013 1248 2714 1 1 1 1.0
11 66781 1255 1854 1 1 1 1.0
11 71813 1256 1581 1 1 0 1.0
11 110317 1256 3070 1 1 1 1.0
11 173013 1259 4683 1 1 0 1.0
11 145273 1260 3567 1 10 0 1.0
11 73276 1262 1684 1 1 0 1.0
11 101284 1271 2915 1 10 0 1.0
11 92975 1273 1879 1 1 1 1.0
11 168227 1274 4719 1 1 1 1.0
11 61575 1275 1690 1 10 1 1.0
11 144258 1275 2934 1 50 0 1.0
11 113596 1276 2438 1 1 1 1.0
11 172812 1280 4702 1 10 1 1.0
11 170707 1280 4630 1 10 1 1.0
11 129060 1282 3647 1 10 1 1.0
11 86638 1285 1939 1 1 1 1.0
11 163024 1285 3572 1 50 1 1.0
11 100404 1287 2602 1 1 1 1.0
11 140871 1289 3038 1 1 1 1.0
11 129046 1290 2737 1 10 1 1.0
11 170114 1294 5006 1 50 1 1.0
11 103166 1297 2671 1 50 1 1.0
11 120711 1298 2833 1 10 0 1.0
11 94550 1299 2352 1 1 1 1.0
11 179419 1307 3925 1 1 0 1.0
11 132503 1308 3412 1 1 1 1.0
11 129025 1309 3662 1 1 0 1.0
11 150647 1311 3728 1 1 1 1.0
11 130260 1313 3195 1 50 1 1.0
11 120664 1316 3400 1 1 1 1.0
11 120792 1318 3408 1 1 0 1.0
11 139810 1321 4055 1 1 1 1.0
11 123769 1331 3272 1 10 0 1.0
11 104867 1333 2383 1 1 0 1.0
11 177607 1336 5232 1 10 1 1.0
11 94776 1337 2131 1 10 0 1.0
11 150067 1340 3341 1 1 0 1.0
11 159867 1343 3474 1 50 0 1.0
11 178240 1352 4062 1 1 0 1.0
11 111635 1368 2663 1 1 1 1.0
11 91319 1369 2480 1 1 0 1.0
11 119814 1370 2570 1 1 1 1.0
11 132289 1371 3538 1 1 0 1.0
11 178409 1378 4974 1 1 0 1.0
11 94205 1381 2055 1 1 0 1.0
11 91929 1382 2094 1 1 1 1.0
11 80969 1382 1829 1 1 1 1.0
11 147376 1383 3106 1 1 1 1.0
11 107593 1384 2947 1 1 0 1.0
11 156198 1385 4065 1 50 0 1.0
11 98049 1388 2620 1 10 1 1.0
11 119597 1389 2520 1 50 0 1.0
11 159222 1389 3872 1 50 1 1.0
11 179864 1391 5212 1 10 1 1.0
11 171247 1400 4977 1 1 1 1.0
11 128901 1401 3427 1 1 0 1.0
11 134456 1406 2693 1 10 0 1.0
11 107583 1412 2674 1 10 1 1.0
11 71059 1413 1634 1 1 1 1.0
11 166564 1420 4616 1 1 0 1.0
11 96721 1421 2067 1 1 1 1.0
11 130298 1425 2917 1 1 1 1.0
11 163162 1425 4472 1 10 0 1.0
11 96244 1425 2162 1 1 1 1.0
11 173094 1433 3523 1 10 1 1.0
11 100436 1441 2382 1 1 0 1.0
11 72880 1445 1974 1 1 1 1.0
11 138578 1446 3145 1 1 1 1.0
11 95037 1451 2533 1 1 1 1.0
11 173550 1453 4930 1 10 0 1.0
11 126044 1455 2660 1 10 1 1.0
11 146030 1460 3981 1 1 1 1.0
11 157069 1463 3809 1 10 0 1.0
11 142789 1467 4212 1 1 0 1.0
11 165911 1468 4825 1 10 1 1.0
11 163479 1473 3985 1 1 1 1.0
11 102489 1477 2222 1 10 1 1.0
11 110275 1478 2415 1 50 0 1.0
11 142978 1479 3781 1 1 1 1.0
11 124704 1480 3711 1 1 1 1.0
11 109230 1487 2258 1 1 1 1.0
11 142726 1488 2890 1 1 0 1.0
11 179660 1488 4766 1 1 1 1.0
11 69419 1488 1946 1 10 0 1.0
11 66169 1494 1809 1 50 1 1.0
11 69879 1494 1863 1 1 1 1.0
11 116309 1498 2540 1 1 0 1.0
11 126814 1503 2621 1 1 0 1.0
11 107988 1504 2823 1 1 1 1.0
11 71045 1504 1921 1 10 1 1.0
11 79484 1505 1981 1 1 0 1.0
11 178311 1506 3741 1 1 1 1.0
11 64478 1507 1643 1 1 1 1.0
11 151033 1508 4315 1 1 1 1.0
11 105865 1510 2429 1 10 1 1.0
11 153595 1513 4351 1 1 0 1.0
11 136970 1515 4005 1 1 0 1.0
11 68320 1517 1970 1 1 0 1.0
11 145288 1521 4230 1 1 0 1.0
11 173775 1522 4747 1 10 0 1.0
11 149456 1523 3426 1 50 0 1.0
11 165295 1524 3912 1 1 1 1.0
11 155778 1525 4419 1 10 0 1.0
11 161934 1537 3932 1 1 1 1.0
11 75792 1539 1635 1 1 1 1.0
11 83503 1541 1949 1 50 1 1.0
11 168845 1542 4378 1 1 0 1.0
11 151032 1543 3541 1 1 1 1.0
11 149467 1544 4360 1 1 0 1.0
11 157655 1545 4144 1 1 1 1.0
11 69570 1548 2018 1 10 0 1.0
11 157383 1553 3977 1 10 1 1.0
11 87191 1554 1980 1 1 0 1.0
11 127751 1556 2899 1 10 1 1.0
11 65835 1557 1688 1 1 1 1.0
11 178215 1557 4636 1 50 1 1.0
11 140756 1560 3814 1 1 1 1.0
11 137310 1560 2927 1 10 1 1.0
11 150380 1560 3361 1 10 0 1.0
11 107853 1562 3084 1 1 0 1.0
11 125700 1564 2858 1 10 0 1.0
11 102367 1565 2348 1 1 1 1.0
11 118096 1572 3207 1 10 0 1.0
11 109473 1573 2435 1 1 1 1.0
11 146394 1575 3958 1 50 1 1.0
11 79480 1576 1897 1 1 1 1.0
11 176724 1582 4304 1 1 0 1.0
11 179581 1585 4809 1 50 1 1.0
11 176980 1587 4250 1 1 0 1.0
11 96327 1587 2792 1 10 0 1.0
11 108040 1588 2729 1 10 1 1.0
11 131969 1589 3679 1 1 0 1.0
11 126276 1597 2646 1 10 0 1.0
11 167334 1599 4895 1 50 1 1.0
11 61867 1600 1709 1 1 1 1.0
11 154405 1600 4316 1 1 1 1.0
11 139013 1600 3911 1 1 1 1.0
11 94114 1601 2274 1 1 1 1.0
11 79819 1602 2264 1 1 1 1.0
11 108231 1610 2777 1 50 0 1.0
11 89901 1616 2519 1 50 1 1.0
11 69555 1624 1594 1 1 0 1.0
11 80013 1625 2163 1 1 0 1.0
11 175965 1628 3959 1 50 0 1.0
11 112417 1630 2916 1 10 1 1.0
11 146293 1633 3848 1 10 1 1.0
11 163985 1640 4019 1 50 0 1.0
11 98377 1644 2918 1 10 1 1.0
11 148758 1648 4110 1 1 1 1.0
11 179677 1650 4332 1 10 0 1.0
11 139536 1651 4090 1 1 0 1.0
11 119028 1652 2763 1 1 0 1.0
11 137835 1653 3610 1 10 1 1.0
11 109269 1653 2697 1 1 0 1.0
11 171073 1666 4605 1 50 0 1.0
11 107221 1667 2484 1 1 1 1.0
11 91941 1667 1947 1 50 0 1.0
11 138990 1669 3991 1 1 1 1.0
11 71872 1670 1818 1 1 1 1.0
11 172455 1674 4833 1 10 1 1.0
11 72801 1676 1620 1 50 1 1.0
11 160474 1677 3675 1 1 0 1.0
11 72830 1683 1942 1 1 1 1.0
11 84400 1683 1904 1 10 0 1.0
11 82204 1685 2004 1 1 1 1.0
11 153537 1685 4581 1 50 1 1.0
11 69540 1689 1680 1 1 1 1.0
11 170395 1697 4941 1 50 0 1.0
11 121701 1697 3275 1 1 1 1.0
11 142769 1700 4249 1 10 0 1.0
11 107425 1700 2619 1 1 1 1.0
11 105984 1704 2542 1 1 0 1.0
11 140514 1710 3531 1 10 0 1.0
11 156425 1713 4165 1 1 1 1.0
11 121859 1713 2491 1 10 0 1.0
11 162444 1714 4377 1 1 0 1.0
11 138660 1715 2896 1 10 1 1.0
11 131354 1716 3306 1 10 1 1.0
11 111733 1717 2581 1 1 1 1.0
11 172799 1718 3461 1 1 0 1.0
11 89168 1723 2110 1 50 1 1.0
11 76005 1723 2146 1 10 0 1.0
11 91484 1725 2078 1 10 1 1.0
11 70537 1725 1644 1 10 0 1.0
11 102531 1726 3009 1 10 1 1.0
11 63431 1727 1515 1 1 0 1.0
11 75317 1730 2100 1 10 0 1.0
11 113420 1731 2882 1 10 1 1.0
11 171312 1731 4430 1 10 0 1.0
11 66605 1732 1826 1 10 1 1.0
11 138366 1733 3486 1 1 0 1.0
11 146178 1734 4287 1 10 0 1.0
11 79582 1739 1805 1 1 0 1.0
11 168188 1740 4409 1 1 0 1.0
11 174192 1742 3685 1 10 1 1.0
11 76677 1742 1678 1 1 1 1.0
11 99186 1747 2950 1 1 0 1.0
11 85420 1748 2114 1 1 1 1.0
11 119590 1748 2456 1 1 0 1.0
11 126060 1749 3732 1 50 1 1.0
11 89091 1752 1809 1 10 1 1.0
11 107428 1755 2754 1 1 1 1.0
11 104906 1756 2545 1 1 1 1.0
11 157795 1757 4086 1 1 0 1.0
11 137976 1757 3007 1 1 1 1.0
11 67778 1758 1920 1 1 0 1.0
11 130067 1760 2903 1 1 1 1.0
11 78570 1761 1657 1 50 0 1.0
11 146763 1762 3047 1 1 1 1.0
11 178304 1763 4083 1 1 1 1.0
11 129466 1765 3000 1 1 0 1.0
11 81511 1774 1676 1 10 0 1.0
11 122280 1775 3284 1 10 0 1.0
11 115677 1776 3097 1 50 0 1.0
11 78065 1777 1882 1 10 1 1.0
11 85976 1784 1961 1 1 0 1.0
11 157487 1784 4398 1 1 1 1.0
11 177853 1784 3576 1 10 0 1.0
11 72978 1788 1989 1 10 1 1.0
11 124504 1792 3406 1 1 0 1.0
11 91646 1795 2416 1 10 0 1.0
11 65466 1796 1791 1 1 0 1.0
11 120833 1798 3466 1 1 0 1.0
11 114885 1806 2454 1 1 0 1.0
11 134480 1806 2826 1 10 0 1.0
11 72959 1811 1582 1 10 0 1.0
11 66315 1811 1911 1 1 0 1.0
11 143016 1811 3002 1 1 1 1.0
11 114978 1814 2814 1 1 0 1.0
11 153991 1815 4112 1 1 1 1.0
11 171927 1815 3975 1 1 1 1.0
11 131099 1816 3899 1 1 1 1.0
11 73751 1820 1958 1 50 1 1.0
11 80905 1821 2033 1 10 0 1.0
11 105892 1823 2790 1 10 0 1.0
11 124650 1824 2655 1 1 1 1.0
11 60577 1825 1725 1 1 0 1.0
11 153798 1828 4383 1 1 1 1.0
11 106858 1828 2529 1 10 1 1.0
11 117492 1829 3280 1 10 0 1.0
11 170124 1831 4521 1 1 0 1.0
11 129301 1832 3318 1 1 0 1.0
11 155148 1834 3894 1 10 0 1.0
11 94693 1834 2757 1 50 1 1.0
11 91226 1838 2555 1 1 0 1.0
11 137176 1838 3362 1 1 1 1.0
11 170488 1842 4271 1 1 0 1.0
11 96974 1846 2831 1 1 0 1.0
11 69923 1849 1964 1 10 0 1.0
11 89471 1852 1936 1 1 1 1.0
11 127834 1853 2827 1 1 0 1.0
11 117835 1856 2727 1 1 0 1.0
11 67920 1858 1627 1 1 1 1.0
11 97078 1859 2111 1 1 0 1.0
11 82616 1868 2076 1 1 1 1.0
11 171508 1869 4437 1 1 1 1.0
11 160731 1872 4682 1 10 1 1.0
11 153539 1873 3756 1 10 1 1.0
11 106273 1874 3058 1 1 1 1.0
11 123493 1876 2734 1 1 1 1.0
11 110731 1878 2850 1 10 0 1.0
11 144014 1879 3447 1 1 0 1.0
11 62502 1879 1322 1 10 1 1.0
11 145454 1883 2980 1 1 0 1.0
11 109593 1883 2553 1 10 0 1.0
11 122428 1893 3651 1 10 1 1.0
11 103574 1901 2380 1 1 1 1.0
11 69601 1901 1623 1 10 0 1.0
11 123401 1908 3620 1 1 1 1.0
11 67600 1909 1885 1 1 1 1.0
11 113284 1910 3337 1 1 1 1.0
11 137826 1911 3042 1 1 0 1.0
11 108430 1916 2584 1 1 1 1.0
11 65010 1918 1884 1 1 1 1.0
11 97680 1920 2843 1 1 1 1.0
11 78094 1923 1786 1 1 1 1.0
11 62578 1924 1308 1 10 1 1.0
11 135040 1934 3991 1 1 0 1.0
11 81374 1937 1767 1 1 1 1.0
11 125263 1942 2836 1 10 1 1.0
11 161127 1944 4452 1 1 0 1.0
11 146268 1945 3136 1 10 0 1.0
11 142652 1945 3994 1 50 0 1.0
11 72563 1952 1876 1 1 1 1.0
11 64736 1954 1306 1 1 1 1.0
11 72993 1956 1529 1 10 1 1.0
11 103820 1956 2723 1 10 1 1.0
11 161912 1958 3817 1 1 0 1.0
11 166755 1958 4256 1 1 0 1.0
11 84170 1962 2194 1 10 0 1.0
11 147221 1963 3214 1 10 0 1.0
11 179804 1964 3915 1 1 0 1.0
11 156583 1968 3795 1 1 1 1.0
11 135229 1970 3950 1 1 1 1.0
11 163943 1970 3397 1 10 1 1.0
11 143725 1972 3332 1 10 0 1.0
11 82269 1974 2138 1 10 1 1.0
11 169967 1974 4873 1 10 0 1.0
11 114164 1975 3046 1 1 0 1.0
11 148444 1976 3563 1 50 1 1.0
11 80862 1984 2394 1 1 0 1.0
11 156817 1984 3531 1 1 0 1.0
11 128344 1988 3490 1 1 0 1.0
11 123201 1991 2938 1 1 1 1.0
11 141557 1991 2962 1 1 0 1.0
11 123729 1992 3325 1 1 1 1.0
11 148031 1993 3143 1 1 1 1.0
11 128729 1996 3188 1 1 0 1.0
11 94569 1996 2114 1 1 0 1.0
11 81490 1997 2019 1 50 0 1.0
11 96370 2002 2023 1 10 0 1.0
11 116481 2002 2443 1 1 0 1.0
11 97621 2002 2755 1 10 1 1.0
11 102691 2005 2540 1 10 0 1.0
11 162009 2005 3837 1 10 1 1.0
11 112110 2012 3328 1 50 0 1.0
11 168101 2016 4245 1 1 0 1.0
11 99926 2021 2948 1 1 1 1.0
11 66130 2021 1702 1 1 0 1.0
11 88356 2023 1785 1 1 1 1.0
11 78230 2026 1711 1 10 0 1.0
11 171931 2028 3774 1 10 1 1.0
11 93729 2028 2311 1 10 0 1.0
11 70840 2028 1636 1 10 1 1.0
11 103043 2029 2448 1 1 1 1.0
11 164314 2031 4882 1 1 0 1.0
11 100149 2032 2345 1 1 1 1.0
11 140115 2032 4103 1 1 1 1.0
11 107252 2036 3044 1 10 1 1.0
11 96932 2036 2360 1 1 0 1.0
11 153936 2037 3097 1 1 0 1.0
11 167067 2039 3349 1 1 1 1.0
11 143420 2039 3648 1 10 1 1.0
11 131386 2044 3538 1 1 1 1.0
11 117487 2046 3510 1 1 0 1.0
11 69853 2049 1689 1 10 1 1.0
11 99667 2050 2265 1 1 1 1.0
11 152647 2051 4269 1 50 1 1.0
11 109400 2051 2543 1 10 1 1.0
11 136863 2054 3713 1 10 0 1.0
11 64013 2057 1314 1 1 1 1.0
11 76714 2057 2003 1 10 0 1.0
11 148452 2058 3358 1 1 1 1.0
11 162690 2059 4442 1 10 1 1.0
11 171228 2061 4632 1 10 0 1.0
11 130957 2061 2901 1 10 1 1.0
11 80222 2071 1803 1 1 1 1.0
11 162090 2074 4393 1 50 1 1.0
11 162919 2075 4359 1 1 0 1.0
11 81049 2076 2281 1 1 0 1.0
11 174602 2077 4980 1 10 0 1.0
11 158363 2082 4698 1 1 0 1.0
11 144162 2086 3672 1 1 0 1.0
11 80586 2090 2411 1 1 0 1.0
11 66596 2092 1717 1 1 1 1.0
11 99691 2094 2576 1 1 1 1.0
11 114178 2097 2418 1 10 1 1.0
11 177483 2099 5121 1 1 1 1.0
11 145286 2106 3205 1 1 1 1.0
11 171312 2112 3929 1 1 1 1.0
11 156147 2113 3999 1 1 1 1.0
11 121690 2114 3044 1 10 0 1.0
11 160422 2118 4132 1 10 1 1.0
11 118891 2120 2885 1 10 1 1.0
11 73403 2120 1618 1 1 1 1.0
11 94603 2121 2150 1 10 1 1.0
11 86232 2123 1858 1 1 0 1.0
11 156077 2124 4325 1 1 0 1.0
11 68260 2127 1720 1 1 1 1.0
11 106104 2127 2149 1 10 1 1.0
11 117630 2129 2456 1 1 0 1.0
11 76697 2130 1723 1 10 0 1.0
11 142367 2131 3788 1 50 0 1.0
11 130784 2136 2794 1 1 0 1.0
11 142316 2136 3369 1 10 1 1.0
11 137795 2138 3753 1 1 1 1.0
11 109778 2140 3043 1 1 0 1.0
11 148802 2144 3487 1 1 0 1.0
11 109342 2145 3090 1 10 0 1.0
11 109002 2148 3052 1 1 1 1.0
11 99414 2149 2529 1 10 1 1.0
11 86640 2152 1839 1 1 1 1.0
11 86021 2157 1944 1 10 1 1.0
11 107678 2160 2407 1 1 1 1.0
11 84083 2172 1948 1 1 1 1.0
11 134153 2172 3865 1 10 0 1.0
11 155726 2175 3222 1 10 1 1.0
11 137432 2177 3401 1 1 0 1.0
11 136581 2190 2888 1 1 1 1.0
11 74571 2194 2117 1 1 1 1.0
11 133031 2194 3667 1 1 0 1.0
11 65547 2203 1586 1 10 1 1.0
11 132018 2204 3957 1 1 0 1.0
11 150301 2209 4270 1 1 1 1.0
11 161104 2210 4405 1 1 1 1.0
11 143097 2214 3888 1 10 0 1.0
11 166786 2214 3703 1 1 0 1.0
11 89745 2219 1794 1 1 0 1.0
11 175719 2222 4050 1 10 1 1.0
11 133046 2224 3836 1 10 1 1.0
11 149615 2224 4029 1 1 1 1.0
11 97960 2226 2928 1 1 0 1.0
11 133045 2236 3131 1 1 1 1.0
11 119900 2237 3473 1 10 0 1.0
11 144944 2238 3791 1 10 1 1.0
11 61112 2240 1441 1 1 0 1.0
11 102114 2244 2615 1 1 1 1.0
11 108152 2249 2247 1 1 1 1.0
11 91866 2252 1985 1 10 1 1.0
11 112721 2252 2537 1 1 0 1.0
11 131917 2261 3497 1 10 0 1.0
11 162560 2261 4342 1 10 0 1.0
11 102244 2262 2634 1 1 0 1.0
11 60461 2265 1254 1 1 1 1.0
11 169740 2266 3464 1 1 1 1.0
11 142007 2267 3148 1 10 0 1.0
11 170658 2272 4471 1 1 1 1.0
11 108077 2280 2616 1 1 0 1.0
11 94323 2280 2539 1 1 0 1.0
11 105550 2283 2777 1 10 1 1.0
11 110641 2286 2766 1 50 0 1.0
11 78045 2290 2327 1 10 0 1.0
11 122438 2290 3219 1 10 1 1.0
11 144241 2291 3676 1 10 1 1.0
11 177206 2294 5026 1 10 1 1.0
11 130161 2295 3622 1 1 1 1.0
11 158248 2296 3987 1 10 1 1.0
11 125952 2296 2779 1 10 0 1.0
11 77156 2296 1578 1 1 0 1.0
11 64220 2297 1636 1 1 1 1.0
11 73675 2298 2077 1 1 1 1.0
11 103819 2300 2115 1 10 0 1.0
11 98294 2302 2878 1 1 0 1.0
11 101665 2311 2623 1 1 0 1.0
11 88003 2311 1849 1 1 0 1.0
11 75910 2314 1666 1 1 0 1.0
11 96248 2316 2340 1 10 1 1.0
11 148654 2318 4288 1 1 1 1.0
11 77985 2323 2157 1 50 0 1.0
11 78270 2323 1815 1 1 0 1.0
11 99163 2324 2868 1 10 0 1.0
11 113515 2324 2910 1 1 1 1.0
11 65048 2327 1562 1 1 1 1.0
11 144462 2328 3902 1 10 1 1.0
11 67137 2332 1631 1 1 0 1.0
11 87986 2332 2443 1 1 0 1.0
11 143006 2335 3564 1 10 0 1.0
11 148530 2337 3500 1 1 1 1.0
11 137995 2340 3605 1 1 1 1.0
11 88328 2343 1918 1 1 1 1.0
11 125083 2344 3214 1 10 0 1.0
11 62544 2344 1608 1 1 1 1.0
11 66610 2344 1661 1 10 0 1.0
11 101213 2348 2473 1 1 1 1.0
11 172483 2348 4257 1 1 0 1.0
11 127715 2348 3495 1 1 0 1.0
11 152358 2352 3181 1 1 1 1.0
11 167610 2356 4878 1 1 1 1.0
11 172412 2356 3830 1 1 1 1.0
11 170352 2357 4180 1 50 1 1.0
11 83196 2357 1889 1 50 1 1.0
11 141384 2360 3263 1 1 1 1.0
11 162463 2360 4414 1 10 0 1.0
11 69225 2362 1814 1 1 1 1.0
11 178753 2364 4401 1 1 0 1.0
11 114777 2366 3234 1 50 0 1.0
11 139632 2366 4014 1 1 1 1.0
11 162357 2367 3296 1 1 0 1.0
11 104447 2370 2092 1 1 0 1.0
11 71484 2371 1835 1 1 0 1.0
11 142627 2376 4247 1 10 0 1.0
11 176548 2378 3594 1 1 0 1.0
11 93636 2382 2483 1 50 1 1.0
11 113250 2383 2779 1 1 0 1.0
11 139672 2385 3222 1 1 0 1.0
11 107954 2388 3013 1 50 1 1.0
11 159150 2389 3197 1 50 0 1.0
11 108736 2390 3191 1 1 1 1.0
11 61056 2393 1333 1 1 1 1.0
11 80379 2396 2238 1 10 0 1.0
11 81057 2396 2399 1 10 1 1.0
11 148845 2397 3839 1 50 1 1.0
11 96983 2397 2803 1 1 0 1.0
11 170427 2401 3426 1 1 0 1.0
11 159801 2403 4610 1 10 1 1.0
11 135407 2404 4002 1 1 0 1.0
11 177952 2405 4615 1 1 0 1.0
11 117334 2406 3365 1 10 0 1.0
11 84312 2409 1915 1 1 1 1.0
11 75255 2410 1935 1 1 0 1.0
11 134107 2418 3604 1 10 1 1.0
11 154148 2419 4011 1 1 1 1.0
11 94427 2425 2599 1 1 0 1.0
11 88609 2427 2594 1 1 0 1.0
11 68895 2428 1520 1 1 0 1.0
11 175164 2429 4418 1 1 1 1.0
11 137644 2431 3178 1 1 0 1.0
11 111961 2432 2500 1 10 1 1.0
11 67079 2434 1904 1 50 1 1.0
11 97751 2442 2046 1 10 0 1.0
11 155973 2447 3441 1 1 0 1.0
11 125554 2453 3522 1 10 0 1.0
11 128505 2456 3294 1 1 1 1.0
11 96134 2457 2068 1 1 0 1.0
11 152824 2460 4421 1 1 1 1.0
11 82598 2469 2447 1 1 0 1.0
11 86316 2473 2563 1 1 0 1.0
11 73721 2474 2137 1 10 0 1.0
11 135982 2475 3391 1 10 0 1.0
11 163146 2475 3674 1 1 0 1.0
11 139959 2476 3129 1 50 0 1.0
11 109081 2482 3091 1 10 0 1.0
11 158543 2493 3306 1 1 0 1.0
11 164204 2493 3593 1 10 1 1.0
11 111362 2494 2884 1 1 1 1.0
11 174808 2496 4619 1 50 1 1.0
11 131853 2496 2773 1 1 0 1.0
11 162679 2497 4459 1 1 0 1.0
11 131354 2498 2657 1 1 0 1.0
11 142454 2499 3765 1 10 0 1.0
11 123569 2508 3055 1 50 1 1.0
11 136172 2509 3189 1 1 1 1.0
11 82498 2511 1956 1 10 1 1.0
11 113878 2515 2401 1 50 1 1.0
11 170543 2517 5080 1 1 1 1.0
11 114748 2517 3264 1 1 1 1.0
11 159984 2523 3803 1 1 1 1.0
11 160704 2527 4143 1 1 0 1.0
11 73537 2529 1823 1 10 1 1.0
11 105976 2537 2666 1 10 1 1.0
11 141526 2542 3274 1 10 1 1.0
11 114210 2543 2684 1 1 1 1.0
11 94668 2544 2444 1 1 1 1.0
11 129568 2545 3826 1 1 1 1.0
11 144552 2548 3291 1 1 0 1.0
11 173066 2551 4825 1 50 1 1.0
11 82457 2552 1864 1 10 1 1.0
11 68828 2555 1852 1 10 1 1.0
11 63071 2562 1358 1 10 1 1.0
11 149907 2564 4152 1 1 1 1.0
11 79714 2566 1726 1 1 0 1.0
11 88775 2567 1842 1 50 1 1.0
11 139470 2570 3957 1 1 1 1.0
11 90372 2573 1825 1 1 1 1.0
11 97745 2579 2251 1 10 0 1.0
11 87910 2581 1821 1 1 1 1.0
11 105799 2581 3026 1 50 0 1.0
11 138018 2583 3497 1 1 0 1.0
11 142013 2583 2919 1 1 0 1.0
11 147131 2584 3358 1 1 1 1.0
11 94543 2584 2229 1 1 1 1.0
11 82526 2586 1836 1 10 0 1.0
11 82621 2591 1892 1 1 1 1.0
11 157136 2595 3168 1 50 0 1.0
11 95152 2596 2792 1 1 0 1.0
11 143985 2597 3031 1 1 0 1.0
11 68238 2599 1773 1 1 0 1.0
11 165738 2606 3950 1 1 0 1.0
11 115637 2606 2371 1 10 1 1.0
11 169589 2606 4051 1 1 0 1.0
11 155099 2606 3360 1 1 1 1.0
11 64678 2612 1297 1 1 1 1.0
11 70279 2613 1816 1 10 0 1.0
11 90132 2616 1966 1 1 0 1.0
11 125225 2616 3137 1 1 0 1.0
11 136699 2616 3201 1 1 0 1.0
11 82104 2618 2270 1 1 0 1.0
11 154383 2620 3876 1 1 1 1.0
11 104555 2626 2911 1 10 1 1.0
11 137036 2626 3625 1 1 0 1.0
11 141177 2628 3002 1 1 1 1.0
11 97532 2628 2505 1 1 0 1.0
11 128111 2628 2681 1 1 0 1.0
11 74469 2629 1745 1 1 0 1.0
11 175876 2636 3791 1 10 1 1.0
11 85842 2637 2017 1 1 1 1.0
11 73364 2638 1925 1 10 1 1.0
11 148166 2640 4315 1 1 0 1.0
11 135734 2645 3167 1 1 0 1.0
11 115230 2645 3018 1 1 0 1.0
11 163199 2646 3770 1 10 1 1.0
11 89419 2646 2583 1 1 0 1.0
11 64590 2650 1491 1 1 1 1.0
11 134253 2656 2861 1 1 1 1.0
11 147606 2656 4312 1 1 1 1.0
11 140157 2661 4094 1 1 1 1.0
11 79065 2662 2214 1 1 0 1.0
11 152206 2662 4214 1 1 1 1.0
11 89431 2665 1923 1 10 1 1.0
11 62021 2671 1598 1 1 0 1.0
11 60099 2672 1482 1 10 1 1.0
11 65722 2673 1690 1 10 1 1.0
11 107023 2674 2583 1 1 1 1.0
11 93110 2675 2762 1 10 1 1.0
11 164070 2681 3396 1 1 1 1.0
11 104719 2681 2340 1 10 0 1.0
11 120722 2682 3172 1 10 1 1.0
11 110271 2683 3065 1 1 1 1.0
11 118144 2685 3410 1 1 1 1.0
11 73275 2687 2009 1 10 0 1.0
11 75736 2690 1600 1 1 0 1.0
11 126615 2691 2545 1 1 0 1.0
11 66902 2693 1691 1 10 0 1.0
11 109946 2697 2729 1 1 0 1.0
11 104771 2699 2261 1 10 1 1.0
11 87044 2706 2440 1 1 0 1.0
11 111834 2710 2329 1 1 0 1.0
11 151557 2711 4423 1 10 0 1.0
11 99957 2714 2779 1 1 1 1.0
11 116742 2721 3492 1 1 1 1.0
11 80650 2721 2388 1 1 0 1.0
11 159301 2721 4081 1 1 0 1.0
11 81738 2722 2282 1 50 1 1.0
11 179743 2722 4390 1 1 1 1.0
11 105562 2728 2395 1 1 1 1.0
11 164952 2732 3856 1 10 0 1.0
11 145644 2735 4220 1 1 0 1.0
11 173752 2740 3923 1 1 1 1.0
11 99797 2744 2686 1 1 0 1.0
11 89103 2744 2450 1 10 1 1.0
11 63707 2749 1286 1 1 0 1.0
11 88731 2755 2617 1 10 0 1.0
11 78521 2757 2156 1 1 1 1.0
11 147698 2757 4004 1 1 0 1.0
11 116524 2761 2689 1 1 1 1.0
11 119012 2764 2428 1 50 0 1.0
11 162748 2768 4306 1 1 0 1.0
11 82760 2769 1798 1 1 0 1.0
11 125897 2777 2884 1 10 0 1.0
11 60464 2777 1568 1 1 0 1.0
11 130437 2780 3208 1 1 0 1.0
11 116716 2782 2595 1 1 1 1.0
11 166718 2783 4254 1 1 1 1.0
11 104724 2784 2749 1 10 1 1.0
11 129669 2785 3083 1 10 0 1.0
11 69335 2786 1621 1 1 1 1.0
11 147686 2787 3487 1 1 0 1.0
11 102495 2789 2389 1 1 1 1.0
11 139314 2799 3790 1 1 1 1.0
11 155055 2800 4185 1 1 1 1.0
11 65299 2800 1880 1 50 1 1.0
11 162470 2802 3516 1 1 1 1.0
11 108435 2802 2583 1 1 0 1.0
11 120955 2803 3131 1 1 1 1.0
11 102190 2806 2969 1 1 0 1.0
11 114831 2808 2307 1 1 0 1.0
11 75527 2808 1801 1 1 1 1.0
11 133797 2809 3705 1 1 0 1.0
11 77587 2809 1637 1 1 0 1.0
11 139680 2813 2985 1 10 1 1.0
11 93019 2814 2266 1 1 0 1.0
11 138092 2817 3058 1 10 1 1.0
11 82114 2819 2425 1 1 1 1.0
11 74483 2821 2068 1 10 0 1.0
11 114262 2821 3258 1 1 0 1.0
11 134267 2822 3880 1 1 1 1.0
11 113703 2824 3044 1 1 1 1.0
11 159970 2824 4721 1 1 0 1.0
11 118913 2828 3152 1 50 1 1.0
11 68713 2830 1703 1 10 1 1.0
11 111417 2838 2579 1 1 0 1.0
11 105723 2839 2388 1 10 1 1.0
11 176262 2839 3764 1 10 0 1.0
11 108908 2840 3242 1 1 1 1.0
11 106514 2842 2546 1 1 1 1.0
11 173103 2843 4111 1 10 0 1.0
11 113391 2846 2933 1 1 0 1.0
11 165882 2852 3317 1 1 0 1.0
11 142326 2852 4073 1 1 0 1.0
11 130312 2854 3908 1 10 0 1.0
11 118623 2855 2995 1 1 0 1.0
11 156249 2856 4439 1 1 1 1.0
11 131493 2857 3568 1 50 1 1.0
11 178776 2860 4965 1 1 1 1.0
11 104089 2861 2716 1 1 0 1.0
11 136210 2863 3545 1 50 1 1.0
11 96111 2864 2047 1 50 1 1.0
11 127555 2870 2565 1 1 1 1.0
11 61383 2871 1251 1 1 1 1.0
11 123986 2873 3275 1 50 0 1.0
11 152361 2874 3782 1 10 0 1.0
11 116827 2877 2864 1 10 0 1.0
11 82241 2886 1949 1 1 1 1.0
11 139726 2888 3082 1 10 0 1.0
11 125313 2892 3402 1 10 1 1.0
11 140520 2897 3896 1 50 1 1.0
11 147028 2899 3026 1 10 0 1.0
11 148306 2900 3005 1 10 0 1.0
11 117468 2902 2929 1 1 1 1.0
11 166853 2905 3941 1 1 0 1.0
11 121571 2907 3031 1 10 0 1.0
11 130626 2908 3091 1 1 0 1.0
11 166189 2912 4228 1 1 1 1.0
11 94776 2912 2253 1 10 0 1.0
11 106649 2913 2497 1 10 1 1.0
11 76521 2915 2162 1 10 1 1.0
11 103164 2916 2903 1 1 0 1.0
11 86904 2916 2247 1 1 0 1.0
11 170080 2917 3827 1 10 0 1.0
11 128199 2927 3710 1 1 1 1.0
11 135455 2927 3631 1 1 1 1.0
11 150020 2929 3903 1 1 1 1.0
11 174115 2929 3997 1 50 0 1.0
11 144626 2930 2926 1 1 0 1.0
11 74333 2936 1507 1 1 1 1.0
11 127880 2936 3488 1 50 1 1.0
11 169590 2938 4936 1 1 1 1.0
11 131881 2939 2971 1 1 0 1.0
11 128997 2941 3303 1 10 1 1.0
11 107707 2942 2819 1 10 1 1.0
11 126259 2943 3179 1 1 0 1.0
11 96280 2948 2472 1 10 0 1.0
11 163428 2949 4813 1 1 0 1.0
11 137634 2950 4097 1 1 0 1.0
11 150324 2953 3515 1 10 1 1.0
11 179016 2954 4871 1 1 0 1.0
11 95595 2955 2405 1 10 1 1.0
11 170183 2956 4624 1 1 1 1.0
11 174285 2960 4553 1 10 0 1.0
11 129892 2961 3487 1 1 0 1.0
11 90968 2963 1996 1 10 0 1.0
11 151477 2965 4046 1 1 1 1.0
11 88105 2966 2523 1 10 1 1.0
11 169472 2968 3527 1 10 1 1.0
11 174754 2969 3577 1 10 1 1.0
11 169292 2970 3889 1 10 0 1.0
11 131531 2970 3753 1 10 1 1.0
11 79431 2974 2303 1 1 0 1.0
11 62005 2976 1652 1 1 0 1.0
11 171650 2977 4513 1 1 1 1.0
11 121354 2981 3325 1 1 1 1.0
11 178751 2982 4783 1 1 1 1.0
11 151875 2984 4006 1 1 1 1.0
11 158615 2986 4296 1 1 1 1.0
11 74129 2990 2137 1 1 1 1.0
11 137507 2992 2823 1 10 0 1.0
11 117172 2993 2750 1 1 0 1.0
11 166152 2993 4241 1 10 0 1.0
11 132306 2994 3674 1 1 0 1.0
11 110145 2995 2551 1 10 0 1.0
11 132680 2995 3487 1 10 1 1.0
11 105812 2997 2296 1 1 1 1.0
11 177401 2999 4407 1 10 1 1.0
11 90231 3000 2491 1 1 1 1.0
11 89726 3000 2599 1 50 1 1.0
11 137307 3002 4106 1 50 0 1.0
11 91798 3003 2650 1 10 1 1.0
11 68265 3007 1542 1 10 0 1.0
11 110157 3011 2865 1 1 1 1.0
11 89384 3015 2275 1 1 1 1.0
11 85325 3016 1743 1 10 1 1.0
11 166283 3019 3916 1 1 0 1.0
11 148706 3022 4412 1 1 1 1.0
11 136890 3023 3243 1 1 1 1.0
11 109014 3026 2650 1 10 0 1.0
11 149231 3027 3885 1 1 0 1.0
11 147760 3027 3725 1 1 1 1.0
11 123239 3029 3352 1 1 0 1.0
11 116465 3033 2806 1 1 1 1.0
11 114239 3035 2403 1 1 1 1.0
11 165243 3044 3863 1 10 0 1.0
11 118438 3047 3134 1 10 0 1.0
11 63948 3050 1430 1 50 1 1.0
11 142867 3051 3023 1 1 1 1.0
11 117363 3053 2685 1 1 1 1.0
11 126205 3056 3463 1 10 0 1.0
11 141757 3057 4218 1 10 0 1.0
11 86757 3060 2262 1 1 0 1.0
11 155926 3061 3747 1 1 0 1.0
11 158661 3062 4314 1 10 0 1.0
11 75599 3067 1730 1 1 1 1.0
11 66982 3071 1585 1 10 1 1.0
11 170583 3076 3709 1 10 0 1.0
11 113884 3080 3117 1 10 1 1.0
11 179622 3087 4504 1 1 0 1.0
11 133556 3092 3603 1 1 1 1.0
11 170037 3096 4408 1 1 1 1.0
11 154840 3098 4582 1 10 1 1.0
11 150398 3098 3644 1 1 0 1.0
11 88301 3103 2425 1 1 1 1.0
11 143068 3108 3401 1 50 1 1.0
11 72523 3112 1656 1 10 1 1.0
11 130362 3114 3789 1 1 1 1.0
11 107261 3115 2208 1 1 0 1.0
11 71161 3118 2118 1 10 1 1.0
11 163296 3124 3674 1 1 0 1.0
11 160039 3124 4628 1 1 1 1.0
11 150624 3127 4457 1 1 1 1.0
11 138379 3133 2883 1 1 1 1.0
11 126138 3133 3649 1 1 1 1.0
11 139407 3134 3470 1 1 0 1.0
11 145739 3135 3641 1 10 1 1.0
11 82924 3135 2109 1 50 1 1.0
11 143634 3137 3062 1 1 1 1.0
11 131250 3141 3867 1 1 0 1.0
11 155400 3141 3211 1 1 1 1.0
11 138829 3147 3750 1 1 0 1.0
11 156509 3147 4488 1 10 1 1.0
11 171979 3147 4772 1 1 0 1.0
11 136535 3150 3794 1 1 1 1.0
11 70259 3156 1977 1 50 1 1.0
11 70396 3156 1974 1 1 1 1.0
11 95125 3156 2520 1 10 1 1.0
11 64162 3160 1311 1 1 1 1.0
11 90221 3161 1899 1 1 1 1.0
11 109565 3162 2764 1 1 1 1.0
11 72628 3163 1952 1 1 1 1.0
11 111072 3169 3029 1 10 0 1.0
11 105098 3177 2521 1 1 0 1.0
11 143361 3178 3626 1 10 1 1.0
11 174972 3180 4752 1 10 0 1.0
11 114889 3181 3352 1 10 1 1.0
11 150455 3183 3169 1 10 0 1.0
11 69728 3184 1663 1 1 0 1.0
11 161573 3189 4188 1 1 1 1.0
11 165123 3191 4602 1 10 1 1.0
11 136034 3193 2931 1 50 1 1.0
11 147800 3198 3808 1 10 1 1.0
11 63947 3199 1677 1 10 1 1.0
11 74063 3199 1654 1 1 0 1.0
11 103415 3201 2864 1 10 1 1.0
11 71611 3202 2026 1 1 1 1.0
11 167977 3204 4364 1 1 1 1.0
11 158421 3205 3335 1 10 0 1.0
11 61900 3206 1589 1 10 1 1.0
11 174084 3206 4096 1 1 0 1.0
11 178609 3209 4910 1 1 0 1.0
11 87152 3210 2279 1 1 1 1.0
11 138906 3211 3544 1 1 1 1.0
11 86041 3212 2489 1 10 1 1.0
11 128349 3220 3789 1 10 0 1.0
11 97758 3221 2019 1 50 1 1.0
11 148593 3224 4372 1 1 0 1.0
11 160536 3229 3456 1 1 1 1.0
11 90961 3232 2318 1 10 1 1.0
11 67073 3235 1782 1 1 1 1.0
11 124860 3237 3666 1 1 0 1.0
11 151017 3237 3788 1 10 1 1.0
11 66431 3243 1861 1 1 0 1.0
11 78902 3245 1727 1 1 1 1.0
11 128762 3249 3825 1 1 1 1.0
11 60547 3250 1335 1 10 1 1.0
11 82020 3251 1749 1 10 0 1.0
11 158461 3254 4087 1 1 0 1.0
11 163983 3254 4854 1 1 0 1.0
11 100400 3257 2357 1 1 1 1.0
11 139358 3259 3924 1 1 1 1.0
11 78278 3261 2123 1 1 1 1.0
11 142981 3263 3738 1 1 0 1.0
11 166940 3264 4058 1 1 0 1.0
11 111507 3265 2704 1 10 0 1.0
11 94991 3266 1949 1 1 1 1.0
11 165892 3267 3982 1 1 1 1.0
11 178663 3267 4961 1 1 1 1.0
11 139361 3270 3216 1 1 0 1.0
11 128716 3271 2773 1 10 0 1.0
11 139167 3274 3014 1 10 0 1.0
11 147685 3277 3035 1 1 0 1.0
11 171828 3277 4778 1 10 0 1.0
11 172292 3283 4431 1 10 1 1.0
11 130553 3290 2708 1 1 1 1.0
11 134699 3293 2944 1 1 1 1.0
11 87093 3293 1917 1 50 0 1.0
11 127158 3296 3201 1 10 0 1.0
11 68169 3297 1813 1 50 1 1.0
11 141859 3299 3992 1 10 0 1.0
11 154332 3300 4361 1 1 1 1.0
11 120889 3302 2664 1 1 1 1.0
11 150211 3308 3893 1 1 0 1.0
11 62780 3308 1855 1 1 1 1.0
11 170333 3318 4730 1 1 1 1.0
11 93961 3321 1897 1 1 0 1.0
11 117000 3327 3471 1 1 1 1.0
11 138532 3327 4119 1 1 1 1.0
11 115778 3329 3050 1 1 0 1.0
11 131441 3330 3195 1 10 0 1.0
11 129138 3332 3143 1 10 0 1.0
11 145147 3344 3866 1 1 1 1.0
11 74705 3345 1721 1 1 0 1.0
11 88780 3346 2090 1 10 0 1.0
11 106787 3347 2136 1 1 0 1.0
11 153673 3348 3489 1 1 0 1.0
11 102508 3351 2142 1 10 0 1.0
11 114715 3352 3095 1 1 1 1.0
11 139723 3357 3372 1 10 0 1.0
11 119286 3357 3064 1 1 0 1.0
11 126873 3357 3550 1 10 0 1.0
11 113975 3357 2430 1 1 0 1.0
11 171224 3358 4176 1 10 1 1.0
11 169712 3360 4086 1 1 0 1.0
11 75029 3360 1635 1 1 1 1.0
11 150102 3362 4418 1 10 1 1.0
11 145167 3362 4211 1 10 1 1.0
11 134294 3362 2768 1 50 0 1.0
11 116995 3369 2564 1 1 1 1.0
11 114023 3372 2434 1 10 0 1.0
11 127102 3372 3100 1 1 1 1.0
11 69312 3374 1748 1 1 0 1.0
11 77976 3377 1592 1 10 0 1.0
11 125054 3377 2582 1 1 1 1.0
11 130572 3378 2623 1 10 0 1.0
11 170427 3379 4088 1 1 0 1.0
11 142414 3385 3751 1 1 0 1.0
11 119026 3386 2403 1 1 0 1.0
11 168343 3392 3984 1 1 1 1.0
11 169836 3395 3629 1 50 0 1.0
11 124410 3396 3492 1 10 0 1.0
11 94599 3396 1919 1 10 1 1.0
11 164581 3397 3645 1 1 0 1.0
11 124396 3398 2843 1 1 1 1.0
11 111637 3398 3097 1 1 0 1.0
11 67827 3401 1655 1 1 0 1.0
11 109634 3403 2540 1 50 1 1.0
11 160246 3404 3626 1 1 0 1.0
11 160710 3406 4555 1 10 1 1.0
11 103163 3407 2551 1 1 1 1.0
11 74343 3409 1678 1 1 0 1.0
11 173006 3409 5175 1 1 0 1.0
11 97473 3410 2698 1 1 0 1.0
11 70516 3412 1875 1 1 0 1.0
11 176308 3416 4601 1 10 0 1.0
11 99916 3416 2273 1 1 1 1.0
11 95763 3419 2466 1 1 1 1.0
11 155983 3420 4437 1 10 0 1.0
11 121914 3422 3605 1 1 1 1.0
11 169529 3425 4694 1 10 0 1.0
11 61857 3427 1628 1 1 0 1.0
11 120555 3430 3307 1 10 1 1.0
11 116424 3435 3016 1 10 1 1.0
11 60556 3438 1367 1 10 0 1.0
11 158746 3441 3919 1 1 1 1.0
11 95430 3441 2856 1 10 0 1.0
11 80698 3443 2105 1 1 1 1.0
11 125955 3447 3602 1 10 1 1.0
11 79179 3450 2068 1 1 0 1.0
11 103281 3459 2136 1 1 1 1.0
11 65326 3459 1373 1 50 0 1.0
11 71972 3460 1733 1 1 0 1.0
11 151827 3461 3623 1 1 0 1.0
11 97630 3462 2848 1 1 0 1.0
11 160669 3462 3288 1 1 1 1.0
11 131900 3463 2840 1 50 1 1.0
11 112060 3466 3094 1 1 1 1.0
11 99466 3469 2578 1 1 1 1.0
11 149523 3473 4446 1 10 0 1.0
11 157495 3473 4232 1 1 0 1.0
11 88268 3473 2437 1 50 1 1.0
11 179434 3475 3769 1 1 0 1.0
11 69884 3476 1657 1 1 0 1.0
11 136883 3476 3506 1 1 1 1.0
11 144399 3476 3464 1 1 0 1.0
11 164139 3477 4725 1 10 1 1.0
11 130299 3477 3123 1 1 0 1.0
11 135807 3478 3863 1 1 1 1.0
11 132208 3481 3496 1 10 0 1.0
11 69111 3481 1657 1 10 0 1.0
11 66169 3484 1959 1 1 1 1.0
11 140299 3485 2811 1 10 0 1.0
11 130944 3485 3784 1 10 1 1.0
11 86640 3486 1767 1 1 1 1.0
11 172223 3487 3780 1 1 1 1.0
11 87511 3488 1795 1 1 0 1.0
11 97870 3492 2103 1 1 0 1.0
11 173936 3496 3933 1 1 1 1.0
11 133949 3498 3461 1 1 0 1.0
11 134968 3499 3226 1 1 1 1.0
11 105519 3499 2858 1 1 1 1.0
11 119179 3500 2629 1 10 0 1.0
11 104057 3501 2571 1 1 0 1.0
11 103964 3502 2927 1 10 1 1.0
11 97925 3503 2372 1 10 0 1.0
11 116960 3508 3138 1 1 0 1.0
11 79628 3508 2065 1 10 1 1.0
11 64855 3511 1363 1 10 0 1.0
11 68408 3514 1833 1 1 0 1.0
11 93827 3515 2276 1 1 0 1.0
11 75410 3518 1649 1 10 1 1.0
11 80325 3521 2118 1 1 1 1.0
11 155442 3526 3121 1 1 1 1.0
11 137597 3528 3960 1 10 1 1.0
11 71310 3529 1454 1 1 0 1.0
11 112216 3529 2959 1 1 1 1.0
11 79712 3531 1905 1 10 0 1.0
11 176866 3534 3538 1 50 1 1.0
11 91345 3535 2275 1 50 1 1.0
11 140391 3538 3159 1 1 1 1.0
11 88386 3538 2519 1 10 1 1.0
11 125926 3547 2561 1 10 1 1.0
11 122657 3548 2850 1 10 0 1.0
11 67049 3548 1723 1 10 0 1.0
11 106474 3552 3107 1 1 1 1.0
11 137846 3553 3389 1 1 1 1.0
11 162543 3555 4076 1 10 0 1.0
11 132710 3556 3867 1 1 1 1.0
11 171802 3560 3797 1 1 0 1.0
11 88479 3564 2187 1 1 1 1.0
11 103607 3566 2312 1 1 0 1.0
11 143253 3566 3345 1 1 1 1.0
11 125711 3569 3088 1 1 0 1.0
11 110587 3569 2444 1 50 0 1.0
11 139472 3569 3520 1 1 1 1.0
11 105773 3570 2928 1 1 0 1.0
11 152659 3571 3832 1 10 1 1.0
11 149633 3571 4374 1 1 0 1.0
11 118155 3572 2489 1 1 1 1.0
11 171489 3572 3728 1 1 0 1.0
11 175991 3573 3622 1 1 1 1.0
11 160720 3573 4028 1 1 1 1.0
11 145946 3575 3202 1 50 1 1.0
11 88095 3577 1771 1 1 1 1.0
11 118359 3582 3059 1 1 0 1.0
11 116562 3591 2642 1 10 0 1.0
11 97258 3598 2856 1 10 1 1.0
11 112306 3599 2434 1 10 1 1.0
