1500
13 149562 2 4002 1 50 1 0.8
13 155088 2 3939 1 1 0 0.8
13 102132 3 2440 1 10 1 0.8
13 128584 4 3842 1 1 1 0.8
13 63310 6 1318 1 10 0 0.8
13 122744 17 2917 1 10 0 0.8
13 146320 21 3809 1 1 1 0.8
13 139476 22 3365 1 1 1 0.8
13 99540 23 2532 1 1 0 0.8
13 167740 23 3709 1 1 1 0.8
13 101016 33 2121 1 1 0 0.8
13 87688 34 2498 1 1 0 0.8
13 123840 34 3385 1 1 1 0.8
13 71273 35 1728 1 10 0 0.8
13 118455 37 3264 1 1 1 0.8
13 89485 38 2315 1 1 0 0.8
13 93789 49 2463 1 1 1 0.8
13 110118 52 2687 1 10 1 0.8
13 143940 56 3722 1 10 1 0.8
13 174370 57 5081 1 1 1 0.8
13 155126 58 3189 1 50 1 0.8
13 71856 58 2056 1 10 1 0.8
13 147409 69 4227 1 10 1 0.8
13 171826 69 4627 1 1 0 0.8
13 175528 69 3722 1 1 1 0.8
13 103294 73 2700 1 10 1 0.8
13 64451 73 1894 1 50 1 0.8
13 105495 78 2493 1 1 0 0.8
13 173492 84 4482 1 1 1 0.8
13 123545 85 2733 1 1 0 0.8
13 101492 86 2322 1 1 1 0.8
13 68350 86 1888 1 1 0 0.8
13 104534 89 2797 1 1 1 0.8
13 129307 92 2788 1 10 0 0.8
13 104034 95 2622 1 1 0 0.8
13 149945 95 4367 1 10 1 0.8
13 71369 95 1955 1 10 1 0.8
13 78108 96 2007 1 1 0 0.8
13 168982 97 4905 1 1 0 0.8
13 140191 102 2991 1 10 0 0.8
13 98782 106 2593 1 1 1 0.8
13 164530 108 4250 1 50 1 0.8
13 83547 111 1896 1 10 0 0.8
13 98195 111 2356 1 10 0 0.8
13 88412 114 1940 1 1 1 0.8
13 129352 114 2925 1 10 0 0.8
13 112969 117 2665 1 10 0 0.8
13 121136 118 3589 1 1 1 0.8
13 80495 125 2183 1 1 1 0.8
13 139723 128 4124 1 10 0 0.8
13 133515 129 3725 1 1 0 0.8
13 142895 132 3967 1 1 0 0.8
13 71878 132 1510 1 50 0 0.8
13 125503 137 3724 1 50 0 0.8
13 178463 139 4193 1 50 1 0.8
13 104350 141 2242 1 1 1 0.8
13 152914 142 4404 1 10 0 0.8
13 71265 147 2070 1 10 1 0.8
13 118110 150 3274 1 1 1 0.8
13 143058 151 3239 1 1 1 0.8
13 102829 154 2831 1 1 1 0.8
13 75992 155 1668 1 1 1 0.8
13 65065 155 1527 1 10 1 0.8
13 140224 164 2998 1 10 1 0.8
13 176396 165 3980 1 1 1 0.8
13 168451 167 3778 1 1 0 0.8
13 152647 168 4087 1 1 0 0.8
13 126528 174 2917 1 10 0 0.8
13 159469 177 4174 1 1 0 0.8
13 83776 177 2142 1 1 0 0.8
13 86498 178 2046 1 10 0 0.8
13 94454 183 2366 1 1 1 0.8
13 129141 183 3182 1 10 0 0.8
13 112500 184 3238 1 1 0 0.8
13 174906 184 4359 1 1 1 0.8
13 159961 185 4605 1 50 1 0.8
13 144944 186 3337 1 10 0 0.8
13 91040 187 1974 1 1 1 0.8
13 75361 193 1715 1 50 0 0.8
13 103443 193 2401 1 1 1 0.8
13 85498 194 2136 1 10 0 0.8
13 158426 197 3430 1 1 1 0.8
13 166198 200 4921 1 10 0 0.8
13 155282 201 4007 1 50 0 0.8
13 144203 201 3134 1 1 1 0.8
13 170810 203 3419 1 1 1 0.8
13 96258 205 2759 1 1 1 0.8
13 141390 205 3040 1 1 0 0.8
13 160167 206 4239 1 10 1 0.8
13 141472 206 3428 1 50 0 0.8
13 146903 211 3447 1 1 1 0.8
13 130468 211 3138 1 50 1 0.8
13 97664 214 2666 1 1 1 0.8
13 97930 215 2555 1 10 0 0.8
13 167147 217 4733 1 10 1 0.8
13 63208 219 1512 1 10 1 0.8
13 159677 222 4610 1 1 0 0.8
13 92107 223 2548 1 50 1 0.8
13 77536 229 2195 1 1 1 0.8
13 167794 230 3742 1 1 1 0.8
13 92253 230 2301 1 10 0 0.8
13 84062 230 2385 1 1 0 0.8
13 93382 231 2206 1 1 1 0.8
13 60941 239 1449 1 1 0 0.8
13 163913 241 4908 1 1 0 0.8
13 122751 241 2630 1 10 1 0.8
13 145332 242 3492 1 1 0 0.8
13 91985 242 2001 1 10 0 0.8
13 115273 243 2688 1 1 0 0.8
13 115221 244 2673 1 1 0 0.8
13 112396 244 2376 1 1 1 0.8
13 124298 247 3290 1 1 0 0.8
13 159496 251 4310 1 50 1 0.8
13 118548 256 3066 1 1 1 0.8
13 176185 258 4983 1 1 1 0.8
13 131954 262 2966 1 1 0 0.8
13 179151 266 3829 1 1 1 0.8
13 150074 266 3451 1 1 0 0.8
13 96092 268 2780 1 1 0 0.8
13 117602 268 3026 1 1 1 0.8
13 142010 269 3821 1 10 0 0.8
13 145982 273 3166 1 50 1 0.8
13 133654 277 3622 1 1 1 0.8
13 150377 278 4510 1 10 0 0.8
13 74246 278 1925 1 1 1 0.8
13 164660 281 4413 1 1 1 0.8
13 66089 282 1721 1 1 1 0.8
13 131802 284 3349 1 1 0 0.8
13 176102 285 3989 1 1 1 0.8
13 172710 285 4004 1 1 1 0.8
13 131913 298 3604 1 1 0 0.8
13 110786 302 2667 1 1 0 0.8
13 130357 302 2840 1 50 1 0.8
13 164172 306 4507 1 1 1 0.8
13 129569 307 3561 1 10 1 0.8
13 102656 308 2116 1 1 1 0.8
13 78313 311 2088 1 10 0 0.8
13 129602 311 2997 1 10 0 0.8
13 84789 314 2364 1 1 1 0.8
13 72679 317 1562 1 50 0 0.8
13 116277 320 3075 1 1 0 0.8
13 144226 322 3736 1 1 0 0.8
13 74443 323 2098 1 1 1 0.8
13 141885 324 3177 1 1 0 0.8
13 81812 329 2147 1 1 0 0.8
13 96876 330 2405 1 1 1 0.8
13 60719 332 1580 1 1 0 0.8
13 66644 334 1961 1 10 0 0.8
13 66673 335 1759 1 10 0 0.8
13 91897 346 2166 1 10 0 0.8
13 122799 348 2957 1 1 1 0.8
13 172403 348 5062 1 50 1 0.8
13 126697 349 2775 1 10 0 0.8
13 147582 351 3086 1 10 0 0.8
13 70226 355 1888 1 1 1 0.8
13 67647 356 1565 1 1 0 0.8
13 67951 357 1637 1 1 1 0.8
13 141561 357 3118 1 10 0 0.8
13 143617 362 3039 1 1 0 0.8
13 90526 364 2198 1 1 0 0.8
13 110111 364 3235 1 10 0 0.8
13 149187 372 4349 1 1 0 0.8
13 177802 372 3880 1 10 1 0.8
13 149168 374 3612 1 1 0 0.8
13 135437 375 3826 1 10 1 0.8
13 156496 376 3579 1 50 0 0.8
13 143117 381 2987 1 1 1 0.8
13 168241 381 4549 1 1 1 0.8
13 121229 383 2580 1 10 1 0.8
13 70672 385 1958 1 1 0 0.8
13 157006 387 3610 1 1 1 0.8
13 116094 389 2599 1 10 0 0.8
13 171236 389 3974 1 10 0 0.8
13 126996 396 3463 1 1 1 0.8
13 65335 397 1348 1 1 1 0.8
13 143542 398 3610 1 10 1 0.8
13 117065 398 2870 1 1 1 0.8
13 119719 399 2885 1 1 1 0.8
13 85373 407 2286 1 1 0 0.8
13 67438 409 1922 1 1 1 0.8
13 129796 409 3702 1 1 0 0.8
13 92976 417 2267 1 1 0 0.8
13 147000 419 3794 1 50 0 0.8
13 178710 423 5241 1 1 1 0.8
13 110251 432 2671 1 10 0 0.8
13 157867 432 3471 1 10 1 0.8
13 113461 433 2477 1 10 0 0.8
13 74296 437 1774 1 1 1 0.8
13 179288 441 4935 1 1 1 0.8
13 150002 449 3451 1 10 1 0.8
13 84419 454 1846 1 1 0 0.8
13 115875 455 3136 1 10 1 0.8
13 129974 455 3137 1 1 1 0.8
13 105907 457 2641 1 10 1 0.8
13 61322 458 1776 1 1 1 0.8
13 167649 460 3937 1 1 0 0.8
13 156797 463 4401 1 1 1 0.8
13 88138 463 2211 1 1 1 0.8
13 81274 464 2396 1 10 0 0.8
13 65021 465 1578 1 1 0 0.8
13 69922 466 1949 1 1 1 0.8
13 93783 467 2104 1 10 0 0.8
13 73034 468 1473 1 1 0 0.8
13 166641 471 4360 1 1 0 0.8
13 128376 472 3064 1 10 1 0.8
13 157755 477 3216 1 10 0 0.8
13 89693 480 2004 1 1 1 0.8
13 162098 482 3463 1 1 1 0.8
13 146621 483 3991 1 1 1 0.8
13 124085 489 2504 1 1 1 0.8
13 112707 490 2329 1 1 0 0.8
13 99458 494 2261 1 1 1 0.8
13 114886 495 2367 1 1 0 0.8
13 60302 497 1804 1 1 1 0.8
13 133255 499 3001 1 10 1 0.8
13 118828 507 2611 1 1 1 0.8
13 84352 507 2297 1 10 0 0.8
13 109011 509 3046 1 50 1 0.8
13 83270 510 2163 1 1 1 0.8
13 172809 510 4977 1 10 1 0.8
13 140125 511 3969 1 1 1 0.8
13 113211 515 2741 1 1 0 0.8
13 121712 515 3210 1 1 1 0.8
13 135793 525 2971 1 50 0 0.8
13 147736 526 3257 1 10 0 0.8
13 61312 526 1520 1 1 1 0.8
13 63380 526 1439 1 1 0 0.8
13 96793 532 2352 1 1 1 0.8
13 121069 533 3052 1 1 1 0.8
13 178461 541 4265 1 1 1 0.8
13 179066 554 5005 1 1 0 0.8
13 71148 554 1738 1 10 0 0.8
13 118259 555 2734 1 10 0 0.8
13 94193 555 2006 1 1 0 0.8
13 107678 556 2307 1 1 1 0.8
13 89494 557 2363 1 1 0 0.8
13 108044 563 2767 1 1 0 0.8
13 140519 573 3854 1 1 1 0.8
13 117423 575 2384 1 1 1 0.8
13 115417 576 3112 1 1 0 0.8
13 168014 583 4062 1 10 0 0.8
13 81140 586 2369 1 10 0 0.8
13 135047 587 2776 1 1 1 0.8
13 105436 587 2487 1 50 0 0.8
13 110211 589 3301 1 1 1 0.8
13 144242 590 3998 1 10 1 0.8
13 93377 590 1872 1 1 0 0.8
13 166366 594 4699 1 1 0 0.8
13 126013 597 2783 1 1 0 0.8
13 129517 598 3094 1 50 1 0.8
13 146520 601 3956 1 1 0 0.8
13 74206 601 1636 1 1 0 0.8
13 106863 602 2393 1 1 0 0.8
13 98608 604 2761 1 1 0 0.8
13 77948 605 2073 1 10 0 0.8
13 141583 607 3171 1 50 0 0.8
13 129682 607 3821 1 1 0 0.8
13 122322 609 2860 1 1 1 0.8
13 113367 611 2789 1 1 1 0.8
13 97798 615 2542 1 1 0 0.8
13 164466 617 4499 1 1 0 0.8
13 75956 623 1999 1 1 0 0.8
13 134163 636 3744 1 1 1 0.8
13 98614 639 2484 1 10 0 0.8
13 73227 641 1860 1 1 0 0.8
13 62874 642 1378 1 10 0 0.8
13 139702 643 2877 1 1 0 0.8
13 178138 649 4431 1 50 0 0.8
13 67492 650 1861 1 10 1 0.8
13 144294 653 3926 1 1 0 0.8
13 172769 654 4647 1 1 1 0.8
13 97622 657 2273 1 10 0 0.8
13 176516 657 5159 1 10 1 0.8
13 127149 657 3324 1 1 0 0.8
13 111662 659 2374 1 1 0 0.8
13 81086 659 1930 1 1 1 0.8
13 144375 659 2902 1 50 0 0.8
13 73917 660 1577 1 1 0 0.8
13 134647 660 3217 1 10 1 0.8
13 123506 676 3382 1 1 0 0.8
13 105851 676 3125 1 50 1 0.8
13 165319 677 4336 1 1 1 0.8
13 83808 681 1746 1 1 0 0.8
13 103258 688 3082 1 1 0 0.8
13 128868 689 2675 1 1 1 0.8
13 121812 694 2738 1 1 0 0.8
13 69190 696 1858 1 1 0 0.8
13 66321 697 1863 1 1 0 0.8
13 132079 700 3206 1 1 1 0.8
13 115110 704 3412 1 10 0 0.8
13 147567 704 3242 1 10 0 0.8
13 174773 705 4462 1 10 0 0.8
13 153220 710 3148 1 10 1 0.8
13 150288 710 4238 1 1 1 0.8
13 160778 717 3534 1 1 1 0.8
13 106621 720 2817 1 50 0 0.8
13 83034 721 1950 1 1 1 0.8
13 69710 723 1587 1 10 1 0.8
13 110834 726 2226 1 1 0 0.8
13 61210 730 1668 1 1 1 0.8
13 161348 733 3626 1 1 0 0.8
13 60190 734 1722 1 1 1 0.8
13 127424 741 3030 1 1 1 0.8
13 105314 752 2413 1 10 1 0.8
13 101257 754 2045 1 10 0 0.8
13 91662 761 2640 1 1 1 0.8
13 114220 763 2924 1 1 0 0.8
13 85540 763 2544 1 10 1 0.8
13 143173 764 3429 1 10 1 0.8
13 71504 765 2063 1 1 0 0.8
13 120868 766 2603 1 1 0 0.8
13 80989 767 2041 1 10 0 0.8
13 111937 768 2896 1 50 0 0.8
13 75745 769 1809 1 1 1 0.8
13 131012 769 3813 1 10 1 0.8
13 146974 775 3544 1 1 0 0.8
13 179389 776 5069 1 1 1 0.8
13 114165 778 3405 1 1 1 0.8
13 147818 781 4186 1 1 0 0.8
13 67495 782 1858 1 1 1 0.8
13 69661 784 1549 1 1 0 0.8
13 166618 784 3350 1 10 1 0.8
13 76386 790 2084 1 1 1 0.8
13 130230 792 3364 1 1 1 0.8
13 131319 795 2633 1 1 0 0.8
13 116627 796 2715 1 1 1 0.8
13 139579 798 3889 1 1 0 0.8
13 81697 799 2344 1 1 1 0.8
13 117727 799 2645 1 1 0 0.8
13 172438 799 3621 1 10 0 0.8
13 69419 803 1812 1 1 0 0.8
13 159517 804 4763 1 1 1 0.8
13 169474 804 4868 1 50 0 0.8
13 90407 817 2330 1 1 1 0.8
13 62251 817 1389 1 10 0 0.8
13 72527 820 2113 1 1 0 0.8
13 161093 822 3229 1 1 0 0.8
13 69505 826 1517 1 1 0 0.8
13 168404 827 3550 1 50 0 0.8
13 178085 829 4346 1 10 1 0.8
13 169181 831 4186 1 1 0 0.8
13 124648 836 2522 1 1 1 0.8
13 109953 837 2433 1 10 0 0.8
13 138060 837 3029 1 10 0 0.8
13 147916 844 3186 1 10 0 0.8
13 69212 846 1583 1 1 1 0.8
13 121587 846 3185 1 1 0 0.8
13 60258 849 1605 1 10 0 0.8
13 176723 850 4432 1 1 1 0.8
13 66999 850 1452 1 1 0 0.8
13 115629 856 3286 1 10 0 0.8
13 104210 861 2816 1 10 1 0.8
13 71302 878 1520 1 10 0 0.8
13 91222 882 2645 1 1 1 0.8
13 117602 884 2370 1 50 1 0.8
13 76987 886 1917 1 1 1 0.8
13 131540 890 3335 1 1 0 0.8
13 140789 891 3089 1 1 0 0.8
13 114671 897 2582 1 1 0 0.8
13 115747 898 3188 1 1 1 0.8
13 62343 902 1289 1 1 0 0.8
13 100334 902 2481 1 1 0 0.8
13 114606 905 3058 1 10 0 0.8
13 128374 914 2860 1 1 0 0.8
13 104509 915 2718 1 1 1 0.8
13 73382 921 1717 1 1 0 0.8
13 101887 923 2387 1 1 1 0.8
13 109591 934 2629 1 10 1 0.8
13 76038 935 1804 1 10 1 0.8
13 91816 936 2630 1 1 0 0.8
13 145101 936 3493 1 1 1 0.8
13 133947 937 3956 1 1 0 0.8
13 117823 941 2742 1 10 1 0.8
13 175306 941 4179 1 1 1 0.8
13 145524 942 4228 1 10 1 0.8
13 138383 944 3080 1 10 1 0.8
13 108352 946 3213 1 10 0 0.8
13 136073 947 3690 1 1 0 0.8
13 69093 947 2018 1 50 0 0.8
13 88153 947 1888 1 1 0 0.8
13 63588 947 1353 1 1 1 0.8
13 99283 962 1986 1 10 1 0.8
13 94852 962 2091 1 1 1 0.8
13 93608 963 2731 1 1 1 0.8
13 96566 965 2456 1 1 0 0.8
13 148385 966 3937 1 1 0 0.8
13 134770 966 3691 1 1 1 0.8
13 157836 972 3468 1 1 1 0.8
13 109235 972 2656 1 1 1 0.8
13 172937 972 4268 1 1 0 0.8
13 100867 972 2538 1 1 0 0.8
13 65929 973 1765 1 10 1 0.8
13 73579 974 1489 1 1 1 0.8
13 77785 976 2185 1 1 1 0.8
13 120512 979 3046 1 1 1 0.8
13 135206 987 2901 1 1 0 0.8
13 74159 988 2017 1 1 1 0.8
13 130575 990 3899 1 1 0 0.8
13 78805 995 1799 1 10 0 0.8
13 141643 998 3374 1 10 1 0.8
13 91091 1000 2524 1 1 1 0.8
13 130463 1001 3155 1 1 1 0.8
13 90070 1003 2301 1 1 0 0.8
13 89013 1003 1784 1 1 1 0.8
13 157133 1007 4301 1 1 1 0.8
13 98288 1008 2643 1 1 0 0.8
13 109948 1008 2534 1 1 1 0.8
13 157547 1010 3688 1 10 0 0.8
13 130378 1012 2668 1 50 1 0.8
13 132413 1013 2673 1 1 1 0.8
13 130637 1018 3147 1 10 1 0.8
13 143305 1020 3985 1 10 1 0.8
13 128087 1020 2871 1 10 1 0.8
13 104964 1033 2115 1 50 1 0.8
13 149529 1036 4405 1 10 0 0.8
13 99767 1041 2768 1 1 1 0.8
13 63027 1042 1343 1 1 0 0.8
13 163464 1051 3434 1 1 0 0.8
13 151388 1054 4299 1 1 1 0.8
13 69030 1054 2029 1 50 0 0.8
13 94550 1064 2781 1 1 0 0.8
13 159393 1064 3843 1 10 1 0.8
13 68757 1067 1597 1 10 0 0.8
13 127997 1072 3495 1 10 0 0.8
13 88421 1079 1961 1 1 1 0.8
13 133276 1080 3343 1 10 0 0.8
13 137646 1081 3150 1 10 0 0.8
13 116420 1082 2479 1 1 0 0.8
13 169176 1086 4756 1 1 1 0.8
13 156231 1092 4582 1 1 1 0.8
13 150628 1093 4297 1 1 0 0.8
13 175513 1094 3869 1 1 0 0.8
13 142509 1094 4204 1 50 0 0.8
13 126995 1098 2888 1 10 0 0.8
13 134062 1100 3488 1 1 1 0.8
13 161064 1101 3871 1 10 1 0.8
13 165155 1103 4126 1 10 1 0.8
13 114847 1114 2306 1 10 1 0.8
13 119485 1115 2832 1 10 1 0.8
13 169093 1118 4324 1 1 1 0.8
13 176126 1126 4079 1 1 1 0.8
13 82042 1128 1981 1 1 1 0.8
13 152361 1130 4380 1 10 1 0.8
13 136502 1131 2822 1 50 0 0.8
13 129315 1134 3807 1 1 1 0.8
13 138048 1135 3801 1 1 1 0.8
13 84825 1135 2247 1 1 1 0.8
13 179555 1135 3630 1 1 1 0.8
13 90492 1136 1942 1 50 0 0.8
13 128373 1138 3288 1 1 0 0.8
13 108448 1141 2803 1 10 0 0.8
13 101980 1145 2450 1 50 1 0.8
13 166164 1147 3800 1 50 1 0.8
13 104226 1148 2312 1 1 1 0.8
13 159623 1149 3706 1 10 0 0.8
13 179828 1149 3862 1 1 0 0.8
13 81914 1150 1941 1 1 0 0.8
13 161117 1151 4220 1 1 1 0.8
13 86524 1152 1842 1 1 0 0.8
13 170476 1152 4252 1 10 0 0.8
13 80759 1152 1707 1 10 1 0.8
13 121116 1154 2982 1 1 0 0.8
13 129481 1154 3429 1 1 1 0.8
13 108102 1157 3100 1 1 0 0.8
13 121998 1157 2881 1 1 0 0.8
13 143856 1165 4283 1 1 1 0.8
13 88709 1165 2400 1 10 1 0.8
13 75737 1166 1621 1 1 0 0.8
13 156206 1171 3629 1 10 1 0.8
13 92238 1171 2394 1 10 0 0.8
13 158660 1173 4543 1 1 1 0.8
13 156537 1174 4596 1 10 0 0.8
13 164535 1175 4253 1 1 0 0.8
13 73720 1176 1794 1 10 0 0.8
13 144270 1179 3510 1 1 0 0.8
13 60113 1179 1260 1 10 1 0.8
13 161095 1181 3224 1 50 1 0.8
13 149822 1181 4489 1 1 1 0.8
13 171902 1182 4759 1 10 0 0.8
13 84298 1185 1816 1 50 1 0.8
13 71717 1188 1473 1 1 1 0.8
13 134402 1194 3273 1 1 1 0.8
13 121572 1197 2685 1 10 0 0.8
13 62299 1202 1683 1 10 1 0.8
13 81599 1203 2181 1 1 1 0.8
13 107205 1203 2816 1 1 1 0.8
13 171975 1203 4091 1 50 0 0.8
13 60522 1204 1528 1 1 0 0.8
13 178321 1206 4256 1 1 0 0.8
13 141463 1209 3320 1 1 1 0.8
13 149696 1211 3877 1 10 0 0.8
13 165905 1214 4736 1 1 1 0.8
13 87860 1215 1817 1 10 1 0.8
13 72893 1216 1904 1 1 0 0.8
13 164802 1217 3361 1 10 1 0.8
13 143161 1220 4177 1 1 1 0.8
13 85937 1234 2385 1 1 1 0.8
13 177116 1235 5143 1 50 0 0.8
13 132932 1237 3907 1 10 1 0.8
13 144325 1239 4237 1 1 0 0.8
13 159955 1243 4192 1 1 1 0.8
13 155073 1243 3373 1 1 1 0.8
13 176120 1244 4135 1 1 0 0.8
13 66341 1248 1576 1 10 1 0.8
13 67023 1250 1719 1 10 0 0.8
13 87884 1254 2515 1 10 1 0.8
13 121058 1255 2742 1 1 0 0.8
13 150954 1256 4032 1 50 0 0.8
13 101494 1257 2029 1 10 1 0.8
13 116009 1257 3359 1 1 1 0.8
13 89586 1263 2155 1 1 1 0.8
13 155951 1272 4484 1 10 1 0.8
13 114862 1275 2892 1 1 0 0.8
13 132059 1277 2730 1 1 0 0.8
13 118660 1283 3093 1 1 1 0.8
13 147114 1284 3714 1 1 0 0.8
13 70340 1285 2018 1 10 1 0.8
13 107226 1288 2421 1 50 1 0.8
13 128470 1289 3057 1 10 0 0.8
13 79118 1289 1603 1 10 0 0.8
13 167266 1293 3565 1 50 1 0.8
13 178719 1295 5011 1 1 1 0.8
13 95914 1295 2808 1 50 1 0.8
13 170794 1295 4523 1 10 1 0.8
13 62914 1300 1501 1 10 0 0.8
13 116123 1302 3225 1 10 0 0.8
13 137610 1305 3037 1 1 1 0.8
13 124608 1313 2877 1 1 1 0.8
13 108554 1316 2326 1 10 0 0.8
13 86777 1316 2278 1 10 0 0.8
13 103132 1317 2805 1 1 0 0.8
13 131967 1321 3287 1 1 1 0.8
13 67418 1323 1894 1 1 1 0.8
13 106059 1326 2170 1 10 0 0.8
13 135077 1327 2728 1 10 1 0.8
13 83126 1331 2259 1 1 0 0.8
13 83383 1335 1984 1 1 1 0.8
13 178511 1338 3630 1 50 0 0.8
13 110722 1339 2548 1 1 0 0.8
13 96648 1344 2522 1 10 0 0.8
13 136223 1344 3979 1 1 0 0.8
13 156819 1345 4162 1 10 0 0.8
13 69041 1346 1689 1 1 0 0.8
13 157365 1347 3961 1 10 1 0.8
13 137612 1350 2993 1 10 1 0.8
13 60076 1351 1449 1 50 1 0.8
13 71022 1352 1982 1 50 0 0.8
13 147633 1354 3082 1 50 1 0.8
13 134502 1357 3885 1 1 0 0.8
13 135015 1358 3661 1 10 1 0.8
13 146056 1362 3682 1 1 1 0.8
13 64083 1364 1833 1 50 1 0.8
13 61967 1364 1849 1 50 1 0.8
13 61212 1368 1709 1 10 1 0.8
13 87083 1368 2537 1 1 1 0.8
13 127031 1376 3384 1 1 0 0.8
13 134365 1376 3143 1 1 0 0.8
13 113285 1377 2849 1 1 0 0.8
13 113510 1380 2282 1 1 0 0.8
13 80604 1380 1803 1 1 1 0.8
13 98119 1389 1995 1 1 0 0.8
13 125416 1392 2931 1 1 0 0.8
13 81916 1396 2273 1 1 1 0.8
13 64225 1396 1646 1 1 0 0.8
13 136722 1397 3958 1 1 1 0.8
13 131141 1399 2708 1 1 1 0.8
13 166292 1400 4080 1 1 1 0.8
13 63090 1402 1304 1 1 0 0.8
13 103873 1403 2639 1 10 1 0.8
13 148966 1404 4244 1 1 0 0.8
13 65339 1405 1357 1 10 0 0.8
13 140601 1407 3317 1 1 0 0.8
13 164393 1407 4091 1 1 0 0.8
13 100285 1415 2197 1 1 0 0.8
13 105042 1416 2553 1 1 0 0.8
13 125001 1417 3679 1 1 0 0.8
13 100416 1420 2414 1 50 1 0.8
13 151763 1423 4108 1 10 0 0.8
13 151712 1427 3687 1 10 1 0.8
13 105532 1428 2751 1 1 0 0.8
13 171010 1432 4169 1 1 1 0.8
13 119713 1434 2504 1 1 0 0.8
13 104919 1436 2178 1 10 1 0.8
13 175550 1447 4232 1 50 0 0.8
13 167935 1450 3483 1 1 0 0.8
13 90247 1453 1949 1 50 0 0.8
13 84778 1455 2129 1 1 1 0.8
13 76890 1461 2172 1 10 1 0.8
13 127567 1462 3227 1 1 1 0.8
13 164317 1463 4801 1 1 1 0.8
13 113743 1465 3267 1 1 0 0.8
13 172223 1466 3936 1 10 0 0.8
13 135704 1467 3811 1 1 0 0.8
13 167811 1468 4074 1 1 0 0.8
13 106405 1474 2886 1 10 0 0.8
13 171409 1475 4046 1 1 0 0.8
13 148276 1484 3352 1 50 1 0.8
13 147814 1486 4188 1 10 1 0.8
13 160264 1486 3205 1 1 1 0.8
13 106452 1489 2812 1 10 0 0.8
13 127695 1494 3461 1 1 1 0.8
13 133871 1496 3508 1 10 1 0.8
13 107492 1499 2674 1 10 0 0.8
13 159289 1501 4468 1 1 1 0.8
13 103881 1502 2609 1 10 0 0.8
13 87798 1502 2460 1 10 0 0.8
13 124070 1503 3392 1 1 0 0.8
13 93507 1506 2527 1 10 0 0.8
13 138141 1506 3751 1 1 1 0.8
13 73811 1509 1899 1 1 1 0.8
13 114699 1511 2822 1 50 0 0.8
13 149126 1513 3256 1 50 0 0.8
13 60075 1523 1234 1 1 0 0.8
13 93849 1524 2545 1 50 1 0.8
13 96844 1525 1960 1 1 1 0.8
13 117817 1526 3010 1 1 1 0.8
13 131379 1532 3210 1 10 0 0.8
13 140763 1532 3468 1 1 0 0.8
13 155949 1533 4543 1 1 0 0.8
13 73197 1537 1472 1 1 1 0.8
13 66894 1538 1654 1 1 0 0.8
13 121175 1540 3208 1 10 1 0.8
13 76782 1544 2294 1 10 0 0.8
13 62049 1546 1597 1 10 1 0.8
13 168735 1547 4203 1 1 1 0.8
13 149001 1548 3257 1 1 0 0.8
13 122247 1551 2558 1 1 1 0.8
13 150676 1555 4229 1 50 1 0.8
13 68905 1557 1489 1 1 0 0.8
13 111038 1557 2495 1 1 0 0.8
13 128736 1560 3428 1 10 1 0.8
13 125026 1560 3744 1 1 0 0.8
13 169461 1562 3570 1 1 0 0.8
13 142991 1564 3407 1 1 1 0.8
13 72905 1566 1537 1 1 1 0.8
13 62647 1569 1776 1 10 1 0.8
13 97511 1569 2279 1 50 0 0.8
13 171475 1571 4425 1 1 0 0.8
13 138425 1572 4008 1 1 1 0.8
13 60979 1574 1690 1 10 0 0.8
13 95317 1577 2365 1 1 1 0.8
13 116576 1592 3333 1 1 1 0.8
13 160185 1593 4592 1 1 0 0.8
13 75912 1593 2015 1 50 1 0.8
13 115351 1594 3395 1 10 0 0.8
13 170354 1594 5072 1 50 1 0.8
13 131172 1597 3267 1 10 0 0.8
13 116840 1597 2435 1 50 0 0.8
13 98122 1599 2392 1 10 1 0.8
13 131192 1600 3039 1 10 1 0.8
13 98855 1602 2399 1 1 1 0.8
13 107352 1608 2685 1 1 1 0.8
13 103129 1611 2786 1 1 1 0.8
13 139243 1613 3089 1 50 0 0.8
13 162856 1613 3932 1 10 1 0.8
13 101638 1619 2839 1 10 0 0.8
13 156467 1621 3704 1 10 1 0.8
13 128879 1622 3482 1 10 1 0.8
13 118593 1622 3032 1 50 0 0.8
13 131672 1626 3445 1 1 0 0.8
13 66789 1628 1730 1 10 0 0.8
13 63602 1630 1578 1 1 0 0.8
13 178164 1631 3719 1 10 1 0.8
13 114970 1634 2454 1 1 1 0.8
13 136243 1635 3105 1 1 1 0.8
13 142095 1635 2919 1 1 0 0.8
13 145086 1639 3373 1 1 0 0.8
13 140997 1646 2947 1 1 1 0.8
13 86466 1646 2414 1 1 1 0.8
13 130166 1647 3615 1 1 0 0.8
13 68466 1649 1394 1 10 1 0.8
13 87940 1652 2174 1 1 1 0.8
13 148324 1655 4172 1 1 0 0.8
13 75568 1657 2197 1 1 0 0.8
13 167787 1662 3748 1 1 1 0.8
13 61036 1663 1514 1 10 0 0.8
13 173652 1663 4281 1 10 0 0.8
13 162375 1664 4808 1 1 1 0.8
13 98314 1670 2178 1 10 0 0.8
13 125065 1677 3360 1 1 1 0.8
13 129116 1680 2707 1 1 1 0.8
13 120890 1681 2832 1 1 0 0.8
13 93827 1683 2076 1 1 1 0.8
13 171191 1683 3808 1 1 1 0.8
13 71440 1684 1477 1 1 1 0.8
13 121006 1685 2738 1 1 1 0.8
13 91374 1686 2681 1 1 1 0.8
13 135227 1686 2718 1 1 1 0.8
13 61184 1688 1373 1 1 1 0.8
13 65589 1689 1523 1 1 0 0.8
13 169448 1692 3771 1 1 1 0.8
13 172233 1695 5010 1 1 0 0.8
13 163908 1696 4114 1 10 0 0.8
13 68587 1699 1638 1 1 0 0.8
13 173747 1701 5129 1 1 1 0.8
13 120125 1702 2866 1 50 1 0.8
13 166238 1704 4494 1 1 0 0.8
13 96107 1704 2582 1 1 0 0.8
13 119411 1707 3228 1 1 1 0.8
13 108372 1707 2175 1 10 0 0.8
13 125992 1707 3774 1 10 1 0.8
13 63427 1710 1622 1 10 1 0.8
13 69018 1717 2000 1 1 0 0.8
13 86918 1719 1776 1 50 1 0.8
13 105525 1719 2801 1 1 0 0.8
13 82471 1722 2215 1 1 0 0.8
13 152500 1723 4433 1 1 1 0.8
13 108673 1723 3196 1 10 0 0.8
13 158602 1726 4588 1 10 1 0.8
13 86888 1728 2532 1 1 0 0.8
13 115216 1731 3109 1 50 1 0.8
13 119567 1736 2568 1 50 0 0.8
13 114842 1737 3231 1 1 1 0.8
13 94526 1739 2737 1 1 0 0.8
13 66808 1742 1337 1 1 0 0.8
13 65407 1747 1443 1 1 1 0.8
13 171905 1751 4113 1 10 1 0.8
13 164357 1757 4228 1 1 1 0.8
13 166916 1759 4298 1 1 0 0.8
13 170094 1760 4935 1 50 0 0.8
13 94331 1765 2434 1 1 0 0.8
13 74135 1765 1745 1 1 1 0.8
13 62456 1768 1790 1 1 1 0.8
13 152837 1769 3906 1 10 0 0.8
13 140610 1771 3056 1 10 1 0.8
13 131049 1771 3066 1 1 1 0.8
13 62207 1772 1603 1 1 0 0.8
13 154554 1773 3291 1 50 1 0.8
13 154272 1774 3624 1 1 1 0.8
13 164711 1774 3553 1 10 0 0.8
13 105644 1778 2747 1 1 0 0.8
13 89105 1778 2381 1 1 0 0.8
13 95382 1784 2665 1 1 1 0.8
13 171664 1786 3480 1 1 1 0.8
13 126393 1787 3086 1 10 1 0.8
13 85140 1788 2182 1 10 0 0.8
13 66680 1789 1765 1 50 1 0.8
13 61376 1791 1438 1 10 1 0.8
13 61078 1796 1250 1 1 0 0.8
13 159666 1798 4341 1 50 0 0.8
13 77869 1802 1675 1 10 1 0.8
13 105841 1809 2684 1 50 1 0.8
13 115052 1810 3251 1 1 0 0.8
13 165295 1812 4476 1 1 0 0.8
13 177910 1813 3697 1 50 0 0.8
13 175647 1815 5214 1 1 1 0.8
13 99797 1817 2578 1 1 0 0.8
13 133302 1817 3126 1 50 0 0.8
13 110936 1818 3141 1 10 0 0.8
13 175079 1819 5196 1 1 1 0.8
13 166337 1820 3623 1 1 1 0.8
13 65386 1821 1700 1 1 0 0.8
13 144709 1821 4126 1 10 0 0.8
13 129032 1822 3238 1 50 0 0.8
13 171495 1825 4018 1 1 1 0.8
13 104838 1827 2981 1 1 0 0.8
13 71241 1828 2122 1 10 0 0.8
13 82514 1828 2314 1 10 1 0.8
13 135906 1831 2783 1 10 0 0.8
13 125081 1832 3098 1 1 1 0.8
13 177163 1832 4321 1 10 1 0.8
13 73715 1833 1706 1 1 0 0.8
13 161717 1835 4577 1 1 0 0.8
13 136718 1837 3271 1 10 1 0.8
13 115468 1839 3387 1 1 1 0.8
13 141930 1840 3501 1 10 0 0.8
13 98611 1841 2464 1 1 0 0.8
13 172118 1841 4591 1 1 0 0.8
13 88829 1845 2171 1 1 0 0.8
13 70209 1853 2070 1 10 1 0.8
13 107383 1853 3029 1 1 1 0.8
13 97713 1855 2800 1 1 1 0.8
13 176994 1858 5162 1 1 0 0.8
13 100519 1859 2307 1 1 1 0.8
13 83691 1859 1906 1 1 1 0.8
13 162116 1861 3984 1 10 1 0.8
13 98848 1870 2866 1 1 1 0.8
13 103760 1871 2875 1 1 1 0.8
13 142736 1874 4180 1 1 0 0.8
13 125712 1875 2935 1 50 0 0.8
13 142859 1875 3837 1 50 0 0.8
13 84313 1876 2086 1 1 0 0.8
13 143883 1877 3769 1 1 0 0.8
13 122457 1881 3446 1 1 1 0.8
13 171219 1881 3527 1 1 1 0.8
13 111424 1882 3075 1 50 1 0.8
13 170079 1883 4646 1 1 1 0.8
13 156280 1886 3305 1 1 0 0.8
13 118033 1890 2573 1 1 0 0.8
13 68593 1896 1915 1 1 1 0.8
13 109380 1896 2734 1 10 0 0.8
13 167564 1897 3909 1 10 0 0.8
13 104291 1897 2388 1 1 0 0.8
13 154994 1898 4164 1 1 0 0.8
13 102793 1898 2154 1 1 1 0.8
13 69709 1898 1676 1 10 1 0.8
13 148952 1905 3133 1 50 1 0.8
13 62593 1907 1551 1 1 1 0.8
13 157383 1911 4635 1 10 0 0.8
13 162922 1913 3719 1 1 1 0.8
13 83028 1914 2111 1 50 0 0.8
13 147007 1914 3919 1 10 1 0.8
13 143639 1915 3610 1 50 0 0.8
13 141444 1916 3734 1 10 0 0.8
13 77543 1917 1965 1 1 0 0.8
13 121756 1919 3037 1 50 0 0.8
13 170492 1919 4648 1 1 1 0.8
13 136134 1923 3330 1 1 1 0.8
13 164340 1923 3816 1 1 0 0.8
13 85034 1924 2337 1 1 0 0.8
13 106528 1926 2503 1 1 1 0.8
13 149385 1927 3567 1 1 0 0.8
13 132047 1929 3644 1 1 0 0.8
13 104065 1931 2847 1 1 1 0.8
13 63703 1935 1744 1 50 1 0.8
13 93870 1936 2459 1 1 0 0.8
13 137657 1943 3786 1 50 0 0.8
13 82248 1946 1988 1 10 1 0.8
13 152273 1949 3297 1 50 1 0.8
13 91690 1952 2064 1 1 1 0.8
13 116005 1953 2548 1 1 0 0.8
13 97787 1964 2556 1 1 1 0.8
13 84014 1964 1873 1 1 0 0.8
13 169621 1964 3607 1 50 0 0.8
13 62789 1965 1418 1 10 1 0.8
13 176411 1966 4635 1 50 0 0.8
13 122970 1967 3338 1 1 0 0.8
13 108143 1968 2779 1 50 1 0.8
13 166145 1974 4275 1 10 1 0.8
13 114797 1975 2858 1 1 0 0.8
13 179532 1979 4742 1 1 1 0.8
13 142104 1979 3304 1 10 1 0.8
13 155023 1985 3968 1 1 0 0.8
13 115163 1988 2571 1 1 1 0.8
13 139175 1988 3454 1 1 0 0.8
13 173123 1989 3470 1 50 0 0.8
13 164602 1995 4456 1 1 0 0.8
13 107071 1999 2210 1 10 1 0.8
13 93745 2001 2044 1 50 0 0.8
13 99151 2008 2001 1 1 0 0.8
13 75667 2009 1983 1 1 1 0.8
13 117254 2010 2514 1 10 0 0.8
13 173022 2011 3956 1 1 0 0.8
13 166085 2013 4150 1 10 1 0.8
13 67031 2014 1823 1 1 1 0.8
13 164904 2016 4837 1 1 0 0.8
13 167302 2019 4840 1 1 0 0.8
13 88571 2021 2067 1 1 0 0.8
13 100766 2022 2103 1 10 1 0.8
13 68042 2024 1935 1 1 0 0.8
13 171700 2024 3527 1 1 1 0.8
13 161963 2026 3295 1 10 0 0.8
13 135116 2028 3601 1 50 1 0.8
13 112958 2031 3076 1 1 1 0.8
13 114216 2032 3416 1 10 0 0.8
13 113255 2033 2765 1 1 1 0.8
13 106010 2035 3036 1 50 0 0.8
13 78186 2036 1764 1 1 0 0.8
13 168818 2037 4285 1 10 1 0.8
13 111999 2045 2258 1 10 1 0.8
13 110360 2045 2883 1 50 0 0.8
13 131175 2045 3553 1 10 0 0.8
13 107576 2056 2199 1 1 1 0.8
13 172096 2058 5003 1 1 0 0.8
13 74710 2058 1639 1 1 1 0.8
13 145271 2059 4128 1 1 1 0.8
13 163912 2059 4329 1 10 1 0.8
13 122961 2059 2493 1 1 0 0.8
13 111825 2059 2256 1 1 0 0.8
13 88653 2066 1915 1 10 1 0.8
13 169572 2069 3620 1 10 0 0.8
13 89915 2071 2540 1 1 1 0.8
13 65577 2072 1659 1 10 1 0.8
13 110177 2075 2953 1 1 0 0.8
13 144726 2075 2946 1 1 1 0.8
13 61657 2080 1676 1 10 1 0.8
13 128230 2081 3249 1 1 0 0.8
13 71779 2082 2146 1 1 1 0.8
13 96118 2088 2726 1 1 0 0.8
13 124129 2088 2588 1 1 1 0.8
13 121333 2092 2502 1 10 1 0.8
13 99244 2095 2725 1 10 1 0.8
13 78475 2098 1967 1 1 0 0.8
13 94383 2101 2671 1 10 1 0.8
13 158042 2108 3759 1 1 0 0.8
13 154179 2109 3123 1 10 1 0.8
13 90266 2118 2646 1 50 1 0.8
13 156059 2119 4471 1 50 1 0.8
13 139785 2120 3158 1 1 0 0.8
13 171641 2123 3707 1 10 1 0.8
13 65316 2124 1452 1 50 0 0.8
13 82076 2125 2240 1 10 1 0.8
13 168434 2130 3409 1 10 0 0.8
13 65445 2137 1340 1 10 0 0.8
13 155738 2138 3350 1 10 0 0.8
13 116693 2143 3420 1 1 0 0.8
13 131935 2143 3440 1 10 0 0.8
13 163179 2144 4684 1 1 1 0.8
13 154205 2147 4452 1 1 0 0.8
13 155912 2150 4265 1 10 0 0.8
13 76346 2157 2151 1 50 0 0.8
13 79219 2158 1650 1 1 0 0.8
13 94248 2158 2067 1 10 0 0.8
13 160449 2162 3646 1 1 0 0.8
13 106009 2166 3079 1 50 1 0.8
13 147112 2166 3806 1 1 0 0.8
13 135552 2167 2988 1 1 1 0.8
13 80528 2168 2308 1 10 0 0.8
13 101336 2168 2141 1 10 0 0.8
13 113158 2169 2324 1 1 0 0.8
13 169071 2172 4358 1 10 1 0.8
13 128403 2172 3055 1 50 1 0.8
13 83991 2173 1810 1 1 0 0.8
13 86977 2177 2430 1 1 0 0.8
13 169356 2178 4580 1 10 1 0.8
13 167897 2182 4601 1 10 0 0.8
13 174421 2185 3852 1 1 1 0.8
13 113480 2185 3233 1 10 1 0.8
13 92469 2187 2768 1 1 1 0.8
13 147847 2190 3037 1 1 0 0.8
13 88604 2192 1804 1 10 0 0.8
13 157333 2194 3880 1 50 0 0.8
13 77932 2195 1773 1 10 0 0.8
13 107803 2195 2831 1 50 1 0.8
13 93198 2197 1942 1 1 1 0.8
13 94973 2198 2613 1 1 1 0.8
13 172703 2200 4733 1 10 0 0.8
13 112987 2200 3076 1 1 0 0.8
13 146721 2201 4179 1 10 0 0.8
13 70925 2202 1746 1 10 0 0.8
13 121532 2205 2790 1 1 1 0.8
13 119912 2207 2661 1 1 0 0.8
13 84291 2208 2223 1 10 1 0.8
13 75461 2212 1960 1 1 0 0.8
13 111903 2212 2924 1 10 0 0.8
13 177935 2212 4260 1 1 0 0.8
13 139337 2218 3433 1 1 1 0.8
13 92748 2221 2371 1 1 0 0.8
13 114755 2224 3176 1 1 0 0.8
13 162302 2229 3476 1 1 1 0.8
13 145648 2235 3719 1 10 1 0.8
13 113571 2236 2513 1 10 0 0.8
13 161585 2236 3363 1 1 1 0.8
13 170605 2239 3755 1 1 0 0.8
13 115278 2249 2945 1 1 0 0.8
13 106464 2249 2737 1 1 0 0.8
13 110025 2249 2340 1 50 1 0.8
13 178454 2252 3669 1 1 0 0.8
13 69680 2254 1657 1 10 0 0.8
13 174934 2257 5210 1 10 0 0.8
13 80241 2258 1978 1 50 1 0.8
13 65733 2260 1681 1 1 0 0.8
13 91480 2264 2694 1 50 0 0.8
13 78468 2267 2080 1 1 0 0.8
13 116198 2269 2601 1 1 0 0.8
13 133806 2273 3914 1 1 1 0.8
13 147246 2278 3067 1 1 1 0.8
13 81950 2281 2282 1 1 0 0.8
13 66310 2284 1588 1 10 0 0.8
13 99700 2285 2848 1 10 0 0.8
13 170937 2285 4159 1 1 0 0.8
13 100108 2289 2634 1 1 1 0.8
13 62414 2291 1720 1 50 1 0.8
13 169570 2292 3589 1 1 1 0.8
13 143424 2293 4138 1 1 1 0.8
13 66851 2295 1742 1 10 1 0.8
13 84239 2300 2442 1 50 1 0.8
13 124533 2306 3059 1 10 0 0.8
13 63146 2309 1403 1 1 0 0.8
13 84080 2310 2232 1 1 1 0.8
13 160070 2312 4513 1 1 1 0.8
13 121916 2313 3144 1 10 0 0.8
13 142239 2314 2851 1 1 1 0.8
13 77771 2314 1614 1 10 1 0.8
13 137396 2314 3899 1 50 0 0.8
13 109964 2316 2653 1 1 1 0.8
13 156794 2317 3334 1 10 1 0.8
13 119536 2317 2880 1 1 0 0.8
13 119850 2318 3587 1 50 1 0.8
13 114196 2321 3164 1 1 1 0.8
13 119036 2322 3525 1 1 0 0.8
13 153234 2323 3500 1 1 1 0.8
13 80803 2324 2171 1 50 0 0.8
13 169788 2335 4978 1 1 0 0.8
13 163179 2339 4245 1 50 0 0.8
13 123132 2345 3605 1 10 0 0.8
13 106897 2346 2482 1 1 0 0.8
13 77123 2349 1803 1 50 1 0.8
13 148225 2349 3466 1 10 1 0.8
13 123307 2354 3577 1 10 0 0.8
13 115443 2358 2560 1 50 1 0.8
13 179861 2360 3884 1 1 0 0.8
13 156065 2363 3431 1 10 1 0.8
13 176103 2365 4058 1 50 1 0.8
13 62049 2365 1481 1 1 1 0.8
13 171303 2367 3985 1 10 1 0.8
13 69070 2374 1747 1 1 1 0.8
13 148450 2376 4177 1 1 1 0.8
13 156302 2377 4594 1 1 0 0.8
13 136756 2378 4031 1 1 1 0.8
13 157356 2381 3264 1 1 1 0.8
13 137350 2384 3473 1 1 0 0.8
13 153161 2391 3261 1 1 1 0.8
13 96680 2396 2077 1 1 1 0.8
13 98467 2398 2895 1 1 0 0.8
13 79646 2399 2361 1 1 1 0.8
13 81119 2409 1668 1 50 0 0.8
13 147365 2414 4148 1 1 0 0.8
13 125414 2415 3546 1 10 0 0.8
13 70421 2415 1741 1 1 0 0.8
13 92853 2417 2520 1 10 1 0.8
13 96008 2419 2879 1 1 0 0.8
13 166958 2419 4851 1 1 0 0.8
13 118628 2423 2664 1 1 1 0.8
13 72463 2428 2147 1 10 0 0.8
13 144986 2429 3330 1 1 0 0.8
13 163343 2431 3587 1 1 1 0.8
13 169875 2434 3782 1 50 1 0.8
13 157960 2434 4443 1 10 1 0.8
13 98118 2438 2282 1 1 0 0.8
13 158492 2439 3947 1 10 0 0.8
13 176501 2439 4138 1 10 1 0.8
13 71247 2442 2026 1 10 1 0.8
13 90181 2443 1862 1 50 1 0.8
13 113330 2443 2652 1 1 0 0.8
13 76928 2445 2011 1 10 0 0.8
13 95775 2446 2408 1 10 1 0.8
13 142035 2448 3450 1 10 1 0.8
13 67610 2450 1693 1 1 0 0.8
13 171026 2451 4081 1 1 1 0.8
13 65656 2453 1669 1 10 1 0.8
13 173767 2457 3947 1 1 1 0.8
13 74120 2459 2221 1 10 1 0.8
13 155868 2460 3481 1 1 0 0.8
13 72209 2461 2101 1 1 1 0.8
13 71647 2464 1877 1 1 1 0.8
13 68489 2470 1891 1 1 0 0.8
13 163639 2473 4452 1 50 0 0.8
13 61606 2478 1846 1 10 1 0.8
13 171091 2478 3830 1 10 0 0.8
13 173709 2483 4474 1 1 1 0.8
13 135945 2484 3480 1 50 1 0.8
13 132641 2485 2806 1 10 1 0.8
13 177843 2486 4673 1 1 0 0.8
13 93822 2488 2740 1 1 0 0.8
13 73897 2489 1689 1 1 0 0.8
13 80800 2491 2321 1 10 1 0.8
13 170769 2495 3617 1 1 0 0.8
13 150252 2496 3587 1 1 1 0.8
13 115034 2502 2321 1 1 0 0.8
13 74876 2504 2103 1 1 0 0.8
13 118094 2504 2476 1 10 1 0.8
13 173220 2505 4758 1 10 0 0.8
13 127625 2508 3657 1 1 0 0.8
13 142929 2508 3362 1 1 1 0.8
13 89506 2512 2450 1 10 0 0.8
13 120305 2515 2558 1 1 1 0.8
13 114822 2520 2785 1 10 0 0.8
13 176224 2522 4246 1 1 0 0.8
13 100056 2523 2678 1 1 1 0.8
13 126845 2526 3213 1 1 1 0.8
13 68568 2536 1682 1 1 0 0.8
13 150741 2538 3735 1 1 0 0.8
13 152981 2539 3800 1 1 0 0.8
13 68542 2541 1561 1 10 1 0.8
13 86555 2546 2172 1 1 0 0.8
13 156995 2548 3419 1 1 0 0.8
13 113553 2553 3259 1 1 0 0.8
13 122457 2554 2742 1 1 0 0.8
13 154270 2555 3459 1 10 0 0.8
13 158840 2555 3385 1 1 0 0.8
13 95176 2557 2202 1 1 1 0.8
13 132277 2557 3254 1 1 0 0.8
13 69904 2558 1880 1 10 0 0.8
13 78526 2561 2026 1 10 1 0.8
13 109539 2562 2270 1 1 0 0.8
13 91118 2566 2302 1 1 1 0.8
13 65960 2567 1564 1 1 1 0.8
13 177457 2568 5241 1 1 1 0.8
13 163069 2573 3905 1 1 1 0.8
13 164300 2575 3831 1 10 0 0.8
13 79411 2575 2168 1 1 1 0.8
13 173231 2577 5027 1 1 0 0.8
13 90672 2579 1840 1 10 0 0.8
13 146909 2583 4051 1 10 0 0.8
13 77810 2585 2305 1 1 1 0.8
13 151218 2593 3429 1 1 1 0.8
13 103885 2601 3098 1 1 0 0.8
13 75125 2609 1805 1 10 1 0.8
13 149070 2612 4016 1 1 1 0.8
13 116535 2615 2993 1 1 0 0.8
13 86768 2619 2541 1 1 1 0.8
13 97528 2620 1996 1 1 0 0.8
13 119368 2623 3320 1 10 1 0.8
13 111564 2624 3082 1 10 1 0.8
13 179469 2627 4818 1 10 1 0.8
13 64527 2629 1668 1 10 0 0.8
13 157641 2635 4519 1 1 1 0.8
13 157690 2638 3455 1 1 0 0.8
13 128234 2642 2594 1 1 1 0.8
13 176744 2643 4486 1 10 1 0.8
13 139778 2646 4172 1 10 0 0.8
13 89285 2648 2170 1 10 1 0.8
13 82911 2655 2342 1 1 0 0.8
13 175433 2656 4509 1 1 1 0.8
13 171831 2657 4563 1 1 1 0.8
13 84131 2659 2162 1 1 0 0.8
13 115061 2660 3403 1 50 1 0.8
13 158351 2662 4137 1 1 0 0.8
13 60978 2664 1578 1 50 0 0.8
13 128294 2669 2655 1 1 1 0.8
13 172945 2672 4038 1 10 1 0.8
13 142000 2675 3605 1 10 0 0.8
13 165857 2678 3912 1 1 0 0.8
13 177261 2678 4465 1 1 0 0.8
13 116630 2681 2379 1 10 0 0.8
13 108159 2683 2298 1 1 1 0.8
13 79153 2686 2277 1 1 0 0.8
13 99789 2689 2176 1 1 0 0.8
13 99293 2691 2100 1 1 0 0.8
13 138918 2692 3793 1 1 1 0.8
13 134615 2694 3616 1 1 1 0.8
13 126211 2694 3159 1 10 0 0.8
13 152163 2698 3879 1 10 0 0.8
13 153535 2700 3292 1 10 0 0.8
13 101269 2708 2661 1 1 0 0.8
13 111282 2712 2231 1 50 1 0.8
13 60112 2716 1405 1 1 1 0.8
13 98262 2720 2546 1 1 0 0.8
13 81286 2727 2093 1 10 0 0.8
13 65727 2729 1720 1 10 0 0.8
13 178137 2730 3693 1 1 1 0.8
13 126522 2735 3310 1 10 1 0.8
13 60825 2735 1670 1 1 0 0.8
13 92380 2736 2585 1 10 0 0.8
13 89141 2739 1985 1 10 1 0.8
13 177900 2740 4396 1 1 0 0.8
13 166960 2742 3425 1 1 1 0.8
13 75899 2745 1764 1 10 1 0.8
13 133863 2753 3343 1 1 1 0.8
13 147732 2762 3566 1 10 0 0.8
13 121873 2765 2793 1 1 0 0.8
13 175085 2765 4902 1 10 1 0.8
13 79557 2767 2218 1 10 0 0.8
13 168768 2769 4336 1 10 1 0.8
13 124559 2776 3332 1 1 0 0.8
13 84700 2781 1833 1 1 1 0.8
13 167530 2782 4064 1 1 0 0.8
13 92637 2783 2182 1 10 1 0.8
13 167608 2783 3486 1 10 0 0.8
13 145933 2785 3367 1 50 0 0.8
13 100962 2785 2604 1 1 1 0.8
13 133108 2786 3509 1 10 0 0.8
13 61573 2787 1284 1 1 1 0.8
13 126743 2790 2989 1 1 0 0.8
13 171132 2791 3882 1 50 0 0.8
13 137534 2792 2968 1 1 1 0.8
13 158085 2794 4491 1 10 1 0.8
13 91247 2797 2551 1 1 1 0.8
13 115759 2799 3018 1 1 0 0.8
13 126055 2800 3407 1 10 1 0.8
13 108634 2802 2883 1 10 1 0.8
13 83441 2802 1831 1 10 0 0.8
13 93970 2806 2764 1 1 1 0.8
13 96853 2807 2656 1 1 0 0.8
13 118229 2816 2383 1 1 0 0.8
13 128684 2816 3321 1 1 0 0.8
13 150837 2818 3181 1 1 1 0.8
13 102771 2822 2750 1 10 0 0.8
13 85695 2826 1808 1 50 1 0.8
13 155724 2827 3639 1 10 0 0.8
13 120474 2831 3025 1 10 0 0.8
13 63751 2831 1322 1 10 0 0.8
13 147406 2831 3529 1 1 0 0.8
13 95541 2832 2636 1 1 1 0.8
13 79257 2835 1861 1 10 1 0.8
13 88518 2836 1909 1 50 1 0.8
13 125068 2836 3485 1 10 0 0.8
13 75746 2839 1943 1 50 0 0.8
13 127777 2842 3054 1 1 0 0.8
13 176330 2846 5044 1 1 1 0.8
13 157157 2850 3941 1 10 1 0.8
13 70178 2852 1696 1 10 0 0.8
13 168440 2853 3455 1 10 1 0.8
13 65996 2856 1614 1 10 1 0.8
13 173336 2856 4467 1 50 1 0.8
13 135986 2857 3035 1 10 0 0.8
13 162364 2858 3824 1 10 0 0.8
13 158137 2863 3637 1 1 0 0.8
13 85054 2872 2415 1 1 0 0.8
13 147447 2872 3946 1 10 0 0.8
13 75137 2874 2220 1 10 0 0.8
13 143485 2876 4203 1 1 0 0.8
13 176977 2881 4444 1 50 0 0.8
13 137588 2883 3676 1 1 0 0.8
13 130251 2884 2863 1 1 0 0.8
13 92848 2886 2078 1 1 1 0.8
13 138676 2890 2811 1 1 1 0.8
13 142069 2895 3701 1 1 0 0.8
13 130601 2903 2796 1 10 1 0.8
13 65079 2907 1896 1 1 0 0.8
13 88332 2908 2010 1 1 1 0.8
13 79247 2910 2168 1 1 0 0.8
13 110549 2915 3069 1 1 1 0.8
13 103559 2916 2136 1 10 0 0.8
13 139547 2916 3313 1 1 1 0.8
13 116902 2922 2598 1 1 1 0.8
13 165266 2923 4510 1 1 0 0.8
13 141733 2927 3614 1 10 1 0.8
13 71387 2928 1538 1 1 1 0.8
13 71449 2928 1876 1 1 1 0.8
13 94016 2928 2701 1 50 0 0.8
13 167704 2928 4412 1 1 1 0.8
13 118988 2930 2775 1 1 1 0.8
13 121312 2934 2705 1 1 1 0.8
13 118501 2938 3103 1 10 1 0.8
13 168764 2942 4839 1 1 1 0.8
13 105531 2947 2158 1 1 0 0.8
13 89121 2948 2408 1 1 0 0.8
13 148818 2949 4313 1 1 0 0.8
13 123866 2950 3037 1 1 0 0.8
13 141102 2952 3217 1 1 1 0.8
13 103332 2956 2761 1 1 1 0.8
13 169348 2959 3418 1 1 1 0.8
13 164154 2962 4077 1 10 0 0.8
13 156000 2962 3936 1 10 1 0.8
13 158460 2963 3768 1 1 1 0.8
13 96458 2967 2293 1 1 1 0.8
13 178575 2982 3578 1 1 0 0.8
13 82653 2982 1953 1 10 0 0.8
13 111236 2986 2895 1 10 0 0.8
13 101087 2987 2803 1 10 1 0.8
13 75250 2988 2144 1 1 1 0.8
13 112659 2993 2758 1 10 1 0.8
13 140968 2993 3513 1 1 0 0.8
13 166168 2994 3413 1 10 1 0.8
13 99079 2994 2727 1 1 0 0.8
13 138472 2997 3643 1 50 1 0.8
13 159448 2998 3634 1 1 0 0.8
13 128285 3002 3332 1 10 0 0.8
13 92495 3010 2750 1 1 1 0.8
13 116059 3016 3035 1 1 0 0.8
13 142198 3020 3482 1 50 0 0.8
13 108683 3021 2344 1 1 1 0.8
13 76369 3022 1985 1 50 0 0.8
13 146909 3024 4025 1 1 1 0.8
13 152456 3025 3066 1 1 1 0.8
13 148566 3028 3578 1 10 1 0.8
13 70628 3032 2008 1 10 0 0.8
13 124303 3036 2529 1 1 1 0.8
13 139596 3040 3987 1 1 0 0.8
13 63434 3041 1826 1 1 1 0.8
13 85419 3045 2474 1 10 0 0.8
13 60311 3045 1682 1 10 0 0.8
13 125153 3051 3069 1 1 1 0.8
13 165775 3054 4027 1 10 1 0.8
13 148878 3055 4058 1 1 1 0.8
13 91172 3061 2507 1 1 0 0.8
13 172889 3061 4167 1 1 1 0.8
13 118050 3064 2894 1 10 1 0.8
13 101671 3065 2655 1 1 1 0.8
13 137735 3080 2932 1 10 0 0.8
13 111115 3081 2397 1 50 0 0.8
13 152207 3081 4325 1 10 0 0.8
13 168207 3082 4663 1 1 1 0.8
13 94546 3088 2388 1 10 0 0.8
13 135018 3088 3184 1 1 0 0.8
13 142396 3090 3465 1 1 1 0.8
13 100872 3090 2852 1 50 0 0.8
13 62654 3092 1854 1 10 1 0.8
13 149093 3093 3965 1 1 1 0.8
13 97277 3093 2778 1 1 1 0.8
13 154759 3093 4431 1 1 0 0.8
13 104220 3099 2314 1 50 0 0.8
13 71385 3100 1960 1 10 0 0.8
13 127190 3113 3613 1 10 1 0.8
13 69566 3114 1666 1 10 0 0.8
13 103071 3115 2460 1 10 1 0.8
13 149460 3115 3229 1 1 1 0.8
13 92350 3115 2345 1 10 1 0.8
13 86575 3116 2558 1 50 0 0.8
13 119001 3117 3281 1 1 0 0.8
13 93802 3118 2454 1 1 1 0.8
13 168773 3119 3977 1 1 1 0.8
13 107646 3119 2159 1 1 0 0.8
13 121129 3121 2742 1 1 1 0.8
13 78320 3122 1580 1 1 1 0.8
13 73271 3124 1977 1 1 0 0.8
13 75608 3126 1829 1 1 1 0.8
13 80697 3127 2038 1 1 0 0.8
13 64820 3129 1940 1 1 1 0.8
13 168203 3130 3924 1 1 1 0.8
13 96068 3132 2820 1 1 1 0.8
13 131901 3133 2867 1 1 0 0.8
13 95912 3136 1922 1 1 0 0.8
13 108787 3141 2751 1 1 0 0.8
13 154177 3144 4491 1 10 1 0.8
13 151184 3146 3401 1 10 0 0.8
13 107896 3147 2652 1 1 1 0.8
13 100649 3151 2783 1 1 0 0.8
13 115501 3152 3246 1 1 1 0.8
13 91281 3153 2607 1 10 0 0.8
13 155702 3154 4539 1 1 0 0.8
13 60630 3158 1731 1 1 1 0.8
13 80319 3159 2228 1 10 1 0.8
13 138743 3164 4055 1 1 1 0.8
13 149616 3166 3407 1 10 1 0.8
13 146835 3167 3611 1 10 1 0.8
13 116830 3173 2664 1 10 1 0.8
13 67182 3174 1835 1 1 0 0.8
13 171269 3174 3759 1 50 1 0.8
13 106851 3175 2579 1 1 1 0.8
13 132838 3175 2919 1 1 1 0.8
13 149460 3176 3965 1 10 1 0.8
13 153472 3179 3582 1 10 1 0.8
13 101419 3183 2039 1 1 1 0.8
13 93200 3183 2654 1 1 1 0.8
13 151006 3185 4392 1 1 1 0.8
13 77775 3186 2258 1 1 1 0.8
13 120143 3187 3394 1 50 1 0.8
13 78689 3188 1591 1 1 0 0.8
13 123240 3188 3205 1 10 1 0.8
13 156855 3189 3518 1 10 0 0.8
13 141956 3191 3675 1 10 0 0.8
13 166221 3192 3369 1 10 1 0.8
13 69787 3193 1662 1 1 1 0.8
13 170157 3193 4168 1 1 0 0.8
13 73197 3202 1724 1 1 1 0.8
13 75362 3202 2252 1 10 1 0.8
13 107987 3204 3236 1 1 1 0.8
13 133550 3207 3718 1 1 1 0.8
13 164985 3209 3763 1 1 1 0.8
13 143275 3210 3315 1 1 0 0.8
13 124392 3214 3102 1 10 0 0.8
13 85406 3214 2484 1 10 0 0.8
13 148733 3216 4436 1 1 1 0.8
13 119752 3219 2604 1 1 0 0.8
13 66233 3223 1558 1 1 1 0.8
13 156286 3225 3214 1 1 0 0.8
13 130657 3228 3824 1 1 0 0.8
13 100914 3229 2403 1 1 0 0.8
13 70028 3231 1628 1 1 0 0.8
13 66717 3232 1553 1 1 1 0.8
13 139670 3232 3006 1 1 1 0.8
13 122440 3236 3093 1 10 0 0.8
13 81982 3237 2421 1 1 1 0.8
13 153397 3239 4269 1 1 1 0.8
13 70787 3241 1816 1 1 0 0.8
13 126345 3243 2836 1 1 1 0.8
13 171465 3244 4863 1 1 0 0.8
13 75204 3246 2198 1 1 0 0.8
13 148511 3247 3905 1 1 0 0.8
13 98382 3248 2049 1 1 0 0.8
13 125354 3250 2579 1 10 1 0.8
13 170795 3252 4040 1 10 0 0.8
13 153415 3254 3576 1 1 1 0.8
13 99073 3256 2086 1 1 0 0.8
13 65095 3257 1472 1 1 1 0.8
13 160096 3257 4268 1 1 1 0.8
13 76798 3258 1845 1 1 0 0.8
13 139140 3261 3286 1 1 1 0.8
13 146028 3262 3400 1 10 0 0.8
13 74691 3264 1757 1 10 1 0.8
13 70997 3267 1700 1 1 1 0.8
13 148746 3269 3351 1 10 0 0.8
13 115040 3275 3337 1 1 1 0.8
13 156906 3278 4414 1 1 1 0.8
13 106366 3285 2359 1 10 0 0.8
13 86906 3288 1756 1 1 1 0.8
13 62166 3288 1400 1 10 0 0.8
13 149769 3288 4013 1 1 0 0.8
13 82012 3291 1669 1 10 0 0.8
13 110144 3291 2958 1 10 1 0.8
13 113124 3292 2551 1 50 1 0.8
13 73346 3293 1947 1 10 0 0.8
13 61992 3294 1435 1 10 0 0.8
13 132739 3295 2861 1 10 1 0.8
13 166414 3296 3597 1 10 1 0.8
13 161637 3298 3677 1 50 1 0.8
13 132526 3300 2958 1 1 0 0.8
13 140614 3304 3290 1 1 0 0.8
13 87349 3315 1852 1 1 0 0.8
13 119070 3317 2824 1 1 1 0.8
13 132275 3318 3861 1 10 1 0.8
13 156383 3319 4472 1 10 1 0.8
13 130782 3320 2998 1 1 1 0.8
13 94666 3321 2634 1 1 1 0.8
13 136252 3325 3804 1 1 1 0.8
13 155919 3326 4193 1 10 1 0.8
13 95532 3327 2043 1 1 1 0.8
13 146516 3330 4128 1 1 1 0.8
13 116799 3332 3429 1 1 1 0.8
13 137304 3334 3190 1 10 1 0.8
13 158527 3334 4156 1 1 1 0.8
13 140968 3336 4182 1 1 0 0.8
13 130217 3343 3699 1 1 0 0.8
13 103285 3345 3088 1 50 0 0.8
13 131161 3349 2982 1 10 1 0.8
13 98615 3349 2188 1 1 0 0.8
13 178875 3352 4709 1 50 1 0.8
13 69118 3360 1475 1 1 0 0.8
13 110955 3361 2734 1 1 0 0.8
13 114902 3364 3216 1 10 1 0.8
13 88255 3364 2281 1 1 1 0.8
13 127083 3368 3704 1 1 0 0.8
13 108929 3369 2718 1 10 1 0.8
13 75846 3369 2020 1 50 0 0.8
13 69551 3374 1657 1 10 0 0.8
13 145911 3378 4159 1 1 0 0.8
13 75291 3379 1545 1 50 1 0.8
13 83569 3381 2170 1 50 1 0.8
13 148177 3382 3901 1 1 1 0.8
13 106287 3384 2597 1 1 0 0.8
13 156629 3384 3414 1 10 0 0.8
13 97922 3385 2511 1 1 1 0.8
13 169238 3385 4721 1 1 1 0.8
13 90814 3389 2605 1 1 1 0.8
13 69354 3389 1490 1 50 1 0.8
13 137016 3394 4022 1 1 1 0.8
13 118344 3395 3364 1 1 1 0.8
13 177785 3402 5240 1 1 1 0.8
13 128228 3403 3071 1 10 1 0.8
13 136003 3406 3263 1 50 1 0.8
13 126681 3408 3360 1 10 1 0.8
13 140217 3409 2908 1 1 1 0.8
13 168626 3415 3650 1 10 0 0.8
13 93971 3420 1991 1 1 1 0.8
13 90328 3420 2426 1 1 1 0.8
13 94856 3420 2235 1 10 0 0.8
13 179590 3420 4444 1 50 0 0.8
13 72415 3425 2170 1 1 0 0.8
13 166687 3426 4258 1 10 0 0.8
13 133014 3426 3300 1 10 1 0.8
13 143469 3429 4086 1 1 0 0.8
13 84639 3432 2406 1 1 0 0.8
13 159042 3432 3293 1 10 0 0.8
13 135797 3432 3127 1 50 1 0.8
13 143178 3433 4041 1 1 0 0.8
13 64306 3433 1577 1 1 1 0.8
13 171272 3437 3939 1 10 1 0.8
13 67402 3440 1811 1 1 0 0.8
13 89746 3441 2064 1 1 1 0.8
13 82862 3444 2192 1 10 0 0.8
13 61718 3444 1651 1 1 1 0.8
13 112178 3453 2819 1 50 1 0.8
13 86696 3456 2009 1 1 1 0.8
13 132257 3459 3701 1 1 0 0.8
13 132409 3460 3376 1 10 0 0.8
13 113940 3460 2520 1 50 0 0.8
13 170768 3461 3834 1 10 1 0.8
13 109420 3465 3041 1 1 0 0.8
13 131587 3469 2749 1 1 1 0.8
13 142915 3469 3607 1 1 0 0.8
13 137764 3473 4058 1 10 0 0.8
13 151983 3479 3965 1 1 1 0.8
13 166511 3481 3908 1 1 0 0.8
13 136625 3497 3384 1 1 0 0.8
13 163905 3501 3422 1 1 0 0.8
13 90392 3502 2213 1 10 0 0.8
13 106577 3504 2950 1 50 0 0.8
13 99744 3504 2367 1 10 0 0.8
13 92607 3504 2230 1 50 1 0.8
13 82872 3506 2004 1 1 0 0.8
13 171656 3510 4800 1 1 0 0.8
13 123729 3513 2903 1 10 0 0.8
13 110829 3518 3275 1 1 1 0.8
13 106679 3518 2622 1 1 0 0.8
13 174301 3521 4399 1 1 0 0.8
13 140184 3526 3746 1 1 1 0.8
13 109381 3527 3074 1 50 0 0.8
13 163809 3529 4331 1 1 0 0.8
13 131788 3529 3275 1 1 0 0.8
13 70361 3531 1722 1 50 0 0.8
13 67466 3533 1839 1 50 0 0.8
13 92511 3533 1966 1 1 1 0.8
13 157005 3538 4096 1 10 0 0.8
13 63442 3539 1529 1 1 0 0.8
13 175005 3542 4854 1 1 0 0.8
13 122695 3544 3084 1 10 0 0.8
13 173920 3552 4269 1 1 0 0.8
13 108222 3555 2427 1 1 0 0.8
13 62753 3557 1677 1 1 0 0.8
13 149813 3557 3544 1 10 1 0.8
13 137481 3558 2860 1 50 1 0.8
13 149048 3562 3449 1 10 0 0.8
13 159167 3571 4694 1 1 1 0.8
13 89644 3571 2528 1 1 1 0.8
13 68643 3571 1860 1 1 0 0.8
13 83702 3581 1693 1 10 1 0.8
13 78771 3582 1992 1 10 0 0.8
13 82218 3583 1863 1 10 1 0.8
13 158887 3585 3772 1 1 1 0.8
13 148389 3585 4258 1 10 0 0.8
13 64424 3587 1809 1 1 1 0.8
13 76356 3588 1785 1 10 1 0.8
13 84949 3590 2356 1 1 1 0.8
13 178573 3594 4454 1 1 0 0.8
13 84248 3595 1936 1 10 0 0.8
13 79286 3596 1686 1 1 1 0.8
13 144486 3597 2987 1 1 1 0.8
