1500
18 142933 0 3219 1 1 1 0.8
18 80353 1 2179 1 1 0 0.8
18 77193 3 1871 1 10 1 0.8
18 64939 4 1471 1 10 1 0.8
18 162615 8 3929 1 1 0 0.8
18 79459 9 2328 1 10 1 0.8
18 156071 13 3951 1 50 1 0.8
18 63994 15 1380 1 50 1 0.8
18 142159 22 4127 1 1 1 0.8
18 134244 23 2891 1 1 1 0.8
18 138786 27 3630 1 1 1 0.8
18 99414 28 2409 1 1 0 0.8
18 148464 31 3667 1 50 1 0.8
18 71113 32 1675 1 1 0 0.8
18 170768 32 4605 1 1 1 0.8
18 153265 35 3697 1 10 0 0.8
18 101827 36 2728 1 1 0 0.8
18 110211 42 2580 1 1 1 0.8
18 86358 42 1764 1 10 1 0.8
18 103732 49 2654 1 1 1 0.8
18 125843 50 2794 1 1 0 0.8
18 110027 50 2234 1 1 1 0.8
18 100532 56 2048 1 10 1 0.8
18 108336 58 2508 1 50 0 0.8
18 85800 60 1947 1 1 1 0.8
18 166125 63 4128 1 10 0 0.8
18 62589 65 1774 1 10 1 0.8
18 106419 65 2359 1 10 0 0.8
18 160045 66 3222 1 1 0 0.8
18 98439 69 2636 1 1 0 0.8
18 113372 69 3108 1 1 1 0.8
18 65187 73 1685 1 1 0 0.8
18 148165 73 3699 1 1 0 0.8
18 174167 74 3603 1 10 1 0.8
18 160520 76 4759 1 1 0 0.8
18 113138 78 2921 1 1 0 0.8
18 82935 79 1915 1 1 1 0.8
18 78110 83 2245 1 10 0 0.8
18 172078 89 3816 1 1 0 0.8
18 111719 90 3163 1 1 1 0.8
18 62149 90 1649 1 1 0 0.8
18 62750 91 1868 1 1 1 0.8
18 118589 96 3313 1 1 1 0.8
18 178557 104 4347 1 1 0 0.8
18 175471 108 3591 1 10 0 0.8
18 83524 109 2233 1 1 0 0.8
18 149235 110 3740 1 10 1 0.8
18 82896 115 2047 1 50 0 0.8
18 73070 116 2047 1 1 1 0.8
18 107001 119 2175 1 1 0 0.8
18 88484 120 2568 1 1 1 0.8
18 63133 124 1411 1 10 0 0.8
18 143355 126 4244 1 1 1 0.8
18 84613 130 1986 1 1 1 0.8
18 87408 131 2611 1 1 1 0.8
18 149887 133 4095 1 1 0 0.8
18 114256 141 2992 1 1 1 0.8
18 123066 146 2680 1 1 0 0.8
18 122549 147 3207 1 10 1 0.8
18 104254 147 2309 1 10 1 0.8
18 104712 147 2206 1 10 0 0.8
18 128951 147 2828 1 1 0 0.8
18 174386 148 4430 1 1 0 0.8
18 147640 153 4286 1 1 0 0.8
18 159093 157 4719 1 10 1 0.8
18 69795 158 1852 1 10 1 0.8
18 68598 159 1706 1 1 0 0.8
18 104093 159 3077 1 50 1 0.8
18 144323 162 3751 1 10 1 0.8
18 155109 166 4339 1 1 1 0.8
18 105123 167 2182 1 10 1 0.8
18 128227 170 2706 1 1 1 0.8
18 138847 170 3970 1 1 0 0.8
18 97269 174 2584 1 10 0 0.8
18 86722 175 1893 1 10 0 0.8
18 75859 175 2164 1 50 0 0.8
18 145804 176 4067 1 1 0 0.8
18 100810 177 2933 1 10 1 0.8
18 119756 178 2613 1 1 0 0.8
18 101535 180 2932 1 1 1 0.8
18 153521 181 3216 1 50 0 0.8
18 85617 181 2496 1 1 1 0.8
18 178276 181 3970 1 1 0 0.8
18 117659 183 2996 1 1 1 0.8
18 154396 186 3989 1 1 1 0.8
18 125446 187 3115 1 10 0 0.8
18 102894 190 2637 1 10 1 0.8
18 117641 192 3109 1 10 1 0.8
18 114298 193 2310 1 50 0 0.8
18 92218 195 2696 1 1 0 0.8
18 103762 195 2192 1 1 1 0.8
18 142187 196 3346 1 10 0 0.8
18 84792 197 1904 1 10 1 0.8
18 70803 197 1876 1 1 1 0.8
18 108338 198 3053 1 1 0 0.8
18 150739 198 4006 1 10 0 0.8
18 140046 198 4054 1 10 0 0.8
18 164064 200 4537 1 1 1 0.8
18 158603 200 4237 1 1 1 0.8
18 130556 203 2621 1 50 1 0.8
18 109178 207 2554 1 1 0 0.8
18 132869 207 3985 1 10 0 0.8
18 162011 208 3789 1 50 1 0.8
18 78756 210 1779 1 1 1 0.8
18 124555 212 3384 1 50 1 0.8
18 177594 216 3636 1 10 0 0.8
18 108162 218 2428 1 1 1 0.8
18 120497 219 2942 1 10 0 0.8
18 171734 222 3947 1 1 0 0.8
18 68561 227 1678 1 10 1 0.8
18 150424 227 4448 1 10 1 0.8
18 65003 228 1386 1 1 0 0.8
18 124713 232 3421 1 10 1 0.8
18 111221 233 2629 1 10 0 0.8
18 178843 236 3791 1 1 0 0.8
18 111135 238 3236 1 10 0 0.8
18 150378 238 3465 1 1 1 0.8
18 174867 239 4135 1 50 1 0.8
18 104405 242 2944 1 1 0 0.8
18 82163 243 1656 1 1 1 0.8
18 147442 244 3996 1 1 1 0.8
18 140825 246 4081 1 10 1 0.8
18 144318 246 3088 1 1 0 0.8
18 118656 249 3528 1 1 1 0.8
18 92796 250 2761 1 1 0 0.8
18 96274 251 2823 1 50 0 0.8
18 78818 253 2041 1 1 0 0.8
18 119197 253 2599 1 1 1 0.8
18 83605 254 1832 1 1 0 0.8
18 101165 254 2375 1 10 0 0.8
18 143040 258 3985 1 1 1 0.8
18 95850 261 2131 1 1 0 0.8
18 114099 263 2976 1 10 1 0.8
18 89915 275 2102 1 10 0 0.8
18 179208 277 3816 1 1 0 0.8
18 131712 278 3442 1 1 0 0.8
18 154264 279 4354 1 10 0 0.8
18 66347 287 1965 1 10 1 0.8
18 101641 288 2686 1 1 0 0.8
18 122122 288 3181 1 50 1 0.8
18 60162 288 1238 1 50 0 0.8
18 123189 289 3436 1 1 1 0.8
18 90076 297 2599 1 1 0 0.8
18 84147 299 1706 1 1 0 0.8
18 78287 300 2168 1 50 0 0.8
18 142295 301 4021 1 1 0 0.8
18 121228 305 3137 1 10 0 0.8
18 78069 306 2250 1 1 1 0.8
18 94047 306 2574 1 50 0 0.8
18 63597 310 1890 1 10 0 0.8
18 126863 314 3105 1 10 1 0.8
18 173482 315 5123 1 1 0 0.8
18 102293 317 2762 1 10 1 0.8
18 98178 323 2191 1 10 1 0.8
18 96889 326 2716 1 10 1 0.8
18 60333 327 1547 1 10 1 0.8
18 100145 327 2161 1 1 0 0.8
18 61876 331 1671 1 1 0 0.8
18 147518 334 3058 1 1 1 0.8
18 121892 337 2542 1 1 1 0.8
18 178621 337 4018 1 1 0 0.8
18 171466 341 4066 1 10 1 0.8
18 141274 351 2846 1 10 1 0.8
18 96571 358 2652 1 1 0 0.8
18 136765 360 3543 1 1 0 0.8
18 93642 360 1893 1 1 0 0.8
18 112795 361 3304 1 1 0 0.8
18 150879 362 3383 1 10 1 0.8
18 143280 365 3908 1 10 0 0.8
18 111745 365 3222 1 1 0 0.8
18 157419 368 3178 1 1 1 0.8
18 78011 372 2224 1 50 0 0.8
18 163985 378 4268 1 1 1 0.8
18 72963 379 2118 1 1 0 0.8
18 122774 381 2497 1 1 1 0.8
18 98218 384 2939 1 1 1 0.8
18 150641 385 3691 1 50 0 0.8
18 67589 387 1545 1 1 1 0.8
18 117166 390 2408 1 1 0 0.8
18 101984 393 2744 1 10 0 0.8
18 95517 395 1925 1 1 1 0.8
18 171746 403 4383 1 50 0 0.8
18 124897 404 3079 1 10 1 0.8
18 127221 404 3133 1 1 1 0.8
18 167388 412 4358 1 1 0 0.8
18 159132 413 3255 1 1 0 0.8
18 108623 417 3078 1 1 1 0.8
18 106870 424 2291 1 1 0 0.8
18 171144 427 4688 1 1 1 0.8
18 159170 427 3746 1 10 0 0.8
18 126423 434 2649 1 1 1 0.8
18 142576 435 3860 1 1 0 0.8
18 68774 437 2015 1 10 0 0.8
18 154392 439 3499 1 1 0 0.8
18 111829 443 2629 1 10 1 0.8
18 93859 446 2124 1 10 1 0.8
18 154781 446 3383 1 1 0 0.8
18 99478 449 2609 1 10 1 0.8
18 148390 449 3568 1 10 0 0.8
18 91327 450 2002 1 1 1 0.8
18 157210 452 4196 1 10 0 0.8
18 84735 456 2482 1 10 0 0.8
18 150618 458 3084 1 50 1 0.8
18 126098 461 3523 1 10 0 0.8
18 156691 462 4386 1 1 1 0.8
18 64834 463 1401 1 10 0 0.8
18 177847 465 4345 1 1 1 0.8
18 60659 466 1687 1 1 1 0.8
18 121578 469 2699 1 1 1 0.8
18 163534 471 3392 1 10 1 0.8
18 134565 471 3220 1 1 1 0.8
18 117379 473 3295 1 1 0 0.8
18 133287 474 2839 1 1 0 0.8
18 112905 475 3325 1 1 1 0.8
18 113954 476 2404 1 1 0 0.8
18 96482 479 2838 1 10 0 0.8
18 126048 480 3347 1 10 0 0.8
18 76782 489 1626 1 10 1 0.8
18 141753 490 4228 1 1 1 0.8
18 80680 494 1895 1 50 0 0.8
18 152772 498 4508 1 1 1 0.8
18 142834 501 3706 1 50 0 0.8
18 156990 502 4513 1 1 1 0.8
18 81300 505 1933 1 10 0 0.8
18 151507 506 3241 1 1 1 0.8
18 137691 512 3826 1 1 0 0.8
18 179807 513 3966 1 10 1 0.8
18 137947 514 2904 1 50 0 0.8
18 125317 515 2551 1 1 1 0.8
18 156870 515 3337 1 10 0 0.8
18 90503 519 2315 1 1 1 0.8
18 61783 524 1848 1 1 0 0.8
18 173240 524 4441 1 1 1 0.8
18 114276 526 2899 1 1 0 0.8
18 174595 528 3828 1 1 0 0.8
18 149753 531 2999 1 1 0 0.8
18 145002 531 3239 1 10 0 0.8
18 69423 532 1886 1 1 1 0.8
18 169160 538 4949 1 1 0 0.8
18 65751 540 1624 1 1 0 0.8
18 112440 541 2271 1 10 0 0.8
18 175704 545 4107 1 1 1 0.8
18 157935 550 4649 1 1 0 0.8
18 75363 551 1649 1 10 1 0.8
18 151496 552 4270 1 1 0 0.8
18 104258 557 2514 1 1 0 0.8
18 68555 557 1566 1 1 1 0.8
18 127322 561 2588 1 1 0 0.8
18 95445 564 2327 1 1 1 0.8
18 168692 566 4803 1 10 1 0.8
18 81194 569 2358 1 1 0 0.8
18 81400 570 2226 1 10 0 0.8
18 116753 576 2510 1 1 0 0.8
18 109759 577 2955 1 10 1 0.8
18 138328 578 3781 1 10 1 0.8
18 83753 579 1837 1 1 1 0.8
18 126581 579 3719 1 10 1 0.8
18 149812 584 4105 1 1 0 0.8
18 173392 587 3970 1 1 1 0.8
18 98609 589 2525 1 1 0 0.8
18 73611 591 1939 1 10 0 0.8
18 80739 591 1985 1 10 0 0.8
18 160769 596 4199 1 1 0 0.8
18 67600 601 2002 1 10 1 0.8
18 159223 604 4429 1 1 1 0.8
18 95474 605 2299 1 1 0 0.8
18 62951 607 1679 1 1 1 0.8
18 152100 608 3372 1 10 0 0.8
18 141273 609 3700 1 1 0 0.8
18 70395 612 1635 1 1 0 0.8
18 158277 620 3200 1 1 1 0.8
18 115668 622 3113 1 1 1 0.8
18 146854 623 3169 1 1 1 0.8
18 148003 624 2989 1 1 0 0.8
18 136072 625 3083 1 10 0 0.8
18 165836 626 3950 1 50 1 0.8
18 70598 627 1606 1 1 1 0.8
18 133964 638 2881 1 1 1 0.8
18 126647 638 3594 1 10 1 0.8
18 86267 639 2058 1 10 0 0.8
18 74412 644 2027 1 1 1 0.8
18 175914 648 4322 1 50 1 0.8
18 95737 651 2742 1 1 1 0.8
18 152476 651 3100 1 10 1 0.8
18 166920 652 4267 1 1 0 0.8
18 79265 655 2134 1 1 1 0.8
18 155266 661 3610 1 1 1 0.8
18 170578 664 5097 1 10 1 0.8
18 101717 664 2469 1 50 1 0.8
18 77601 666 1987 1 1 0 0.8
18 84758 666 1715 1 1 1 0.8
18 131585 669 3769 1 1 0 0.8
18 98916 670 2662 1 1 1 0.8
18 99276 674 2375 1 1 0 0.8
18 63522 682 1829 1 1 1 0.8
18 143682 689 3224 1 10 0 0.8
18 104117 692 2646 1 1 0 0.8
18 101695 696 2889 1 1 1 0.8
18 134885 698 3877 1 1 1 0.8
18 72343 699 2141 1 1 1 0.8
18 108209 701 3169 1 10 0 0.8
18 97819 703 2285 1 1 0 0.8
18 128285 704 3677 1 1 1 0.8
18 88839 704 2248 1 1 1 0.8
18 117125 705 3233 1 1 1 0.8
18 100990 706 2212 1 50 0 0.8
18 169050 710 4915 1 50 0 0.8
18 117376 710 3023 1 1 1 0.8
18 113362 711 2745 1 1 0 0.8
18 78751 716 1759 1 10 1 0.8
18 163880 718 4008 1 10 0 0.8
18 62797 718 1818 1 1 0 0.8
18 106734 720 2703 1 1 0 0.8
18 122292 721 3576 1 1 1 0.8
18 168494 722 3384 1 1 0 0.8
18 92523 723 2288 1 1 0 0.8
18 79275 727 2082 1 10 0 0.8
18 60487 729 1282 1 1 0 0.8
18 129155 734 3012 1 50 1 0.8
18 147038 738 4197 1 10 1 0.8
18 109561 740 3179 1 1 0 0.8
18 140083 741 4126 1 1 0 0.8
18 89134 741 2146 1 1 1 0.8
18 82485 744 1707 1 1 0 0.8
18 120909 745 3109 1 1 0 0.8
18 102043 747 2804 1 1 1 0.8
18 163384 748 3917 1 1 0 0.8
18 122639 752 2576 1 50 1 0.8
18 126589 753 3430 1 10 0 0.8
18 158945 754 4315 1 1 1 0.8
18 84716 756 1736 1 1 1 0.8
18 147287 757 3390 1 10 0 0.8
18 100128 758 2673 1 1 0 0.8
18 123391 758 2652 1 1 1 0.8
18 155978 759 4146 1 1 0 0.8
18 61133 760 1736 1 1 0 0.8
18 114061 761 2464 1 10 1 0.8
18 84963 762 1791 1 10 1 0.8
18 130730 770 3191 1 1 1 0.8
18 155039 770 3384 1 10 1 0.8
18 169241 775 3745 1 1 0 0.8
18 115222 775 2982 1 1 0 0.8
18 155931 776 3993 1 50 0 0.8
18 145736 780 3231 1 1 1 0.8
18 124400 780 3468 1 1 0 0.8
18 125228 785 3564 1 1 1 0.8
18 170220 787 4516 1 10 0 0.8
18 129368 788 3334 1 10 0 0.8
18 139693 791 3193 1 1 1 0.8
18 87935 792 2490 1 50 1 0.8
18 96853 799 2175 1 50 1 0.8
18 113008 799 2550 1 1 0 0.8
18 129105 800 3651 1 10 0 0.8
18 130479 801 3539 1 1 0 0.8
18 87646 802 1768 1 1 1 0.8
18 121262 804 3016 1 50 0 0.8
18 155569 805 3604 1 10 0 0.8
18 153429 808 4484 1 1 1 0.8
18 116053 810 2533 1 1 0 0.8
18 138342 812 3045 1 10 0 0.8
18 152655 813 3290 1 10 1 0.8
18 138015 814 3213 1 1 0 0.8
18 123198 814 2562 1 50 1 0.8
18 160955 814 3946 1 10 1 0.8
18 168555 815 3859 1 10 1 0.8
18 77441 818 1570 1 1 0 0.8
18 138402 819 3154 1 1 1 0.8
18 92261 827 2757 1 1 0 0.8
18 117728 832 2492 1 1 1 0.8
18 112530 832 3369 1 1 1 0.8
18 101320 833 2267 1 1 0 0.8
18 98965 836 2424 1 10 1 0.8
18 141083 838 3097 1 50 1 0.8
18 115417 839 2996 1 10 0 0.8
18 88870 842 1918 1 10 1 0.8
18 76817 843 2255 1 10 0 0.8
18 139334 844 3223 1 10 1 0.8
18 122457 844 3249 1 1 0 0.8
18 92467 847 2742 1 10 0 0.8
18 102831 848 2835 1 50 1 0.8
18 136897 853 3771 1 10 0 0.8
18 70440 853 1881 1 50 0 0.8
18 92359 863 1945 1 1 1 0.8
18 89400 867 1925 1 10 0 0.8
18 159874 868 4777 1 10 0 0.8
18 143857 869 3615 1 1 1 0.8
18 137071 874 3991 1 1 1 0.8
18 156523 876 4413 1 1 0 0.8
18 126583 882 2579 1 1 0 0.8
18 147751 885 3323 1 1 0 0.8
18 71298 886 1994 1 1 1 0.8
18 86550 890 1762 1 1 1 0.8
18 74997 892 1991 1 10 1 0.8
18 64734 893 1581 1 1 0 0.8
18 125853 895 3229 1 1 1 0.8
18 72227 895 2045 1 1 0 0.8
18 124364 896 2793 1 10 0 0.8
18 135951 898 3197 1 10 1 0.8
18 116265 901 2913 1 1 1 0.8
18 62824 902 1434 1 10 0 0.8
18 125222 903 3572 1 1 1 0.8
18 169117 905 4798 1 10 1 0.8
18 73995 907 2075 1 1 1 0.8
18 101256 909 2033 1 10 1 0.8
18 67736 912 1823 1 1 1 0.8
18 68694 915 1650 1 1 1 0.8
18 109956 917 3268 1 1 1 0.8
18 140943 919 3433 1 1 0 0.8
18 168354 925 4163 1 10 0 0.8
18 160367 926 4420 1 1 0 0.8
18 116456 927 2830 1 10 1 0.8
18 104845 927 2618 1 1 0 0.8
18 155258 929 3195 1 10 0 0.8
18 150034 931 3448 1 1 1 0.8
18 141239 941 3155 1 10 0 0.8
18 126432 941 3656 1 50 0 0.8
18 98539 942 2924 1 10 0 0.8
18 91948 951 2524 1 1 1 0.8
18 70714 953 1723 1 1 0 0.8
18 145963 956 3650 1 1 0 0.8
18 162896 962 4287 1 1 0 0.8
18 102899 964 2474 1 10 1 0.8
18 132299 967 2858 1 1 0 0.8
18 92947 969 2717 1 10 0 0.8
18 143456 971 3452 1 10 1 0.8
18 115972 975 2600 1 1 1 0.8
18 115499 978 2462 1 1 0 0.8
18 123092 980 3608 1 1 0 0.8
18 157968 982 4063 1 10 1 0.8
18 99861 982 2610 1 50 0 0.8
18 112326 983 2847 1 1 1 0.8
18 62794 984 1673 1 1 1 0.8
18 121817 986 2464 1 10 1 0.8
18 80856 990 1874 1 10 1 0.8
18 177384 993 3636 1 1 0 0.8
18 136328 994 4041 1 50 1 0.8
18 126551 998 3623 1 1 1 0.8
18 104353 999 2791 1 50 1 0.8
18 103782 1003 2841 1 1 1 0.8
18 87376 1003 2051 1 50 0 0.8
18 174755 1004 4390 1 50 0 0.8
18 108029 1004 2688 1 1 1 0.8
18 78678 1006 2353 1 10 0 0.8
18 89536 1006 2495 1 1 1 0.8
18 119412 1006 3078 1 1 1 0.8
18 86356 1012 2383 1 1 0 0.8
18 169789 1012 4460 1 1 1 0.8
18 97240 1017 2191 1 1 0 0.8
18 79320 1018 2162 1 1 0 0.8
18 172649 1019 4497 1 1 0 0.8
18 95577 1021 2538 1 50 1 0.8
18 78419 1022 1869 1 1 0 0.8
18 92347 1023 2511 1 1 0 0.8
18 168860 1026 3865 1 1 0 0.8
18 86694 1027 2076 1 10 1 0.8
18 107862 1029 2804 1 1 1 0.8
18 87117 1029 2262 1 1 1 0.8
18 88140 1031 1943 1 10 0 0.8
18 109243 1037 2978 1 1 1 0.8
18 148662 1039 3114 1 10 0 0.8
18 79196 1041 1944 1 1 0 0.8
18 84567 1042 1955 1 50 1 0.8
18 134988 1045 3593 1 10 1 0.8
18 161751 1045 3555 1 10 0 0.8
18 82939 1046 2446 1 1 0 0.8
18 115382 1052 2659 1 1 1 0.8
18 149184 1054 3912 1 10 1 0.8
18 65691 1057 1492 1 1 1 0.8
18 76115 1064 1676 1 1 1 0.8
18 138324 1065 4087 1 1 1 0.8
18 151323 1067 3960 1 10 1 0.8
18 98880 1067 2307 1 1 0 0.8
18 161251 1070 3875 1 1 0 0.8
18 108575 1073 2521 1 50 1 0.8
18 140955 1077 3480 1 1 1 0.8
18 65211 1081 1800 1 10 0 0.8
18 107138 1082 2617 1 10 0 0.8
18 81057 1088 2335 1 1 1 0.8
18 84050 1089 1960 1 10 0 0.8
18 121791 1090 2498 1 1 1 0.8
18 165524 1092 4168 1 1 0 0.8
18 92456 1095 2741 1 10 0 0.8
18 139742 1097 3689 1 10 1 0.8
18 164698 1098 3783 1 1 1 0.8
18 61306 1099 1690 1 1 0 0.8
18 173576 1102 5023 1 1 1 0.8
18 150529 1105 3484 1 1 0 0.8
18 97187 1111 2820 1 50 1 0.8
18 125993 1111 3115 1 1 0 0.8
18 140737 1114 3487 1 10 0 0.8
18 143637 1123 3239 1 1 0 0.8
18 96373 1123 2626 1 10 0 0.8
18 82923 1136 1788 1 1 0 0.8
18 138716 1142 3063 1 1 0 0.8
18 90426 1144 1961 1 1 1 0.8
18 84970 1145 1894 1 1 0 0.8
18 145324 1154 3460 1 1 1 0.8
18 112115 1155 2674 1 1 0 0.8
18 162803 1160 4733 1 1 0 0.8
18 173409 1160 4052 1 1 0 0.8
18 176031 1161 3542 1 1 1 0.8
18 127374 1162 3202 1 50 0 0.8
18 89472 1164 2182 1 50 0 0.8
18 71951 1166 1910 1 10 0 0.8
18 133824 1173 3059 1 10 0 0.8
18 131450 1174 2632 1 1 0 0.8
18 76961 1181 1836 1 1 0 0.8
18 101584 1183 2736 1 10 1 0.8
18 91222 1183 2660 1 1 0 0.8
18 120650 1185 2542 1 1 1 0.8
18 77529 1187 2182 1 1 1 0.8
18 160794 1189 3773 1 10 0 0.8
18 158438 1192 4298 1 1 0 0.8
18 175183 1192 3588 1 50 1 0.8
18 65747 1199 1715 1 1 0 0.8
18 166525 1201 3518 1 50 0 0.8
18 127704 1202 2637 1 10 1 0.8
18 112548 1204 2635 1 1 1 0.8
18 97656 1205 2393 1 10 0 0.8
18 115295 1205 2853 1 10 0 0.8
18 140952 1208 3252 1 1 0 0.8
18 158724 1211 4065 1 1 0 0.8
18 132865 1213 3447 1 1 0 0.8
18 114407 1213 2543 1 50 0 0.8
18 166155 1214 3405 1 10 0 0.8
18 112366 1215 2786 1 1 1 0.8
18 143033 1217 3501 1 50 1 0.8
18 99060 1217 2687 1 1 0 0.8
18 121072 1220 3127 1 10 1 0.8
18 114765 1222 2926 1 1 0 0.8
18 63030 1222 1621 1 10 0 0.8
18 86771 1224 2392 1 10 1 0.8
18 70916 1224 1651 1 10 0 0.8
18 117786 1226 3045 1 1 1 0.8
18 156100 1227 4384 1 1 1 0.8
18 63765 1228 1711 1 1 1 0.8
18 90414 1229 1938 1 10 0 0.8
18 105750 1231 2512 1 1 1 0.8
18 96282 1239 2767 1 1 0 0.8
18 109630 1242 2689 1 10 1 0.8
18 127478 1244 3292 1 1 1 0.8
18 73026 1247 1797 1 10 1 0.8
18 65862 1248 1919 1 1 0 0.8
18 158290 1250 4669 1 1 1 0.8
18 100304 1250 2455 1 1 1 0.8
18 144107 1251 3759 1 1 1 0.8
18 133461 1251 3861 1 1 0 0.8
18 149186 1256 3441 1 1 0 0.8
18 178687 1259 3875 1 1 1 0.8
18 120413 1259 3286 1 10 0 0.8
18 137168 1259 3621 1 10 0 0.8
18 144942 1265 3309 1 50 0 0.8
18 95192 1266 2712 1 50 0 0.8
18 71988 1266 2154 1 10 1 0.8
18 174469 1267 4814 1 10 0 0.8
18 81216 1269 1844 1 10 1 0.8
18 98606 1270 2129 1 1 1 0.8
18 109546 1273 2600 1 1 1 0.8
18 154858 1274 3918 1 1 0 0.8
18 137536 1275 3966 1 10 0 0.8
18 70557 1275 1964 1 1 1 0.8
18 134002 1276 3335 1 1 0 0.8
18 144800 1278 3683 1 10 0 0.8
18 149180 1279 3927 1 10 1 0.8
18 132086 1281 3578 1 1 1 0.8
18 91495 1281 2579 1 1 1 0.8
18 136420 1282 2892 1 1 0 0.8
18 149807 1285 3157 1 10 0 0.8
18 92176 1291 2174 1 10 0 0.8
18 92356 1294 1937 1 1 1 0.8
18 143692 1299 3615 1 1 1 0.8
18 136557 1299 3112 1 1 1 0.8
18 155323 1303 3245 1 1 0 0.8
18 117898 1305 3272 1 10 1 0.8
18 62796 1307 1566 1 10 0 0.8
18 99300 1308 2865 1 1 1 0.8
18 131402 1312 3515 1 1 1 0.8
18 70953 1314 1965 1 50 0 0.8
18 60293 1326 1331 1 10 0 0.8
18 119284 1327 2411 1 50 0 0.8
18 155834 1333 4075 1 10 0 0.8
18 164810 1335 4688 1 1 1 0.8
18 149957 1339 3926 1 10 1 0.8
18 129991 1339 2925 1 1 0 0.8
18 125485 1341 2960 1 1 0 0.8
18 113729 1341 2312 1 10 0 0.8
18 97408 1341 2912 1 50 0 0.8
18 83460 1343 1985 1 1 1 0.8
18 160649 1345 3243 1 1 1 0.8
18 74270 1348 1564 1 1 0 0.8
18 125573 1348 3049 1 1 0 0.8
18 100991 1350 2204 1 1 0 0.8
18 170223 1351 4582 1 10 1 0.8
18 167930 1360 3455 1 10 0 0.8
18 81327 1361 1961 1 10 1 0.8
18 70389 1363 1979 1 1 1 0.8
18 110475 1366 2433 1 10 1 0.8
18 79832 1372 1742 1 1 1 0.8
18 78012 1373 2027 1 1 1 0.8
18 165417 1375 3520 1 10 0 0.8
18 124293 1382 2623 1 1 1 0.8
18 104798 1383 2103 1 10 1 0.8
18 91848 1388 2503 1 10 1 0.8
18 151547 1388 3735 1 1 1 0.8
18 87030 1389 1936 1 1 1 0.8
18 166933 1391 3417 1 1 1 0.8
18 150827 1391 3352 1 10 0 0.8
18 167264 1403 3856 1 1 1 0.8
18 121741 1403 2562 1 1 1 0.8
18 172096 1406 3627 1 1 1 0.8
18 62943 1408 1426 1 1 1 0.8
18 86720 1409 2531 1 1 0 0.8
18 152578 1413 3926 1 1 1 0.8
18 102082 1414 2326 1 10 0 0.8
18 147093 1416 4343 1 1 1 0.8
18 152876 1416 3512 1 10 0 0.8
18 90125 1427 2686 1 1 1 0.8
18 172809 1429 3505 1 1 1 0.8
18 123929 1430 2743 1 10 0 0.8
18 130982 1433 3650 1 1 0 0.8
18 108618 1436 2808 1 1 1 0.8
18 144911 1452 3121 1 50 1 0.8
18 120255 1452 3196 1 10 0 0.8
18 80988 1454 2383 1 1 1 0.8
18 178025 1455 4586 1 50 0 0.8
18 64480 1455 1909 1 1 0 0.8
18 69788 1463 1809 1 1 1 0.8
18 61413 1466 1671 1 1 0 0.8
18 61316 1467 1500 1 1 0 0.8
18 88011 1468 2580 1 1 1 0.8
18 156299 1477 3776 1 10 1 0.8
18 146295 1478 3882 1 1 1 0.8
18 105959 1485 3059 1 10 0 0.8
18 65824 1487 1738 1 1 1 0.8
18 172154 1487 3480 1 10 1 0.8
18 127149 1488 2734 1 50 1 0.8
18 160346 1491 4034 1 1 0 0.8
18 89289 1493 2346 1 10 0 0.8
18 145142 1499 3661 1 10 0 0.8
18 144916 1505 2937 1 1 1 0.8
18 62738 1505 1446 1 10 1 0.8
18 134188 1506 2991 1 1 0 0.8
18 133976 1508 3062 1 1 0 0.8
18 63877 1510 1370 1 1 1 0.8
18 87194 1510 2596 1 1 0 0.8
18 64892 1512 1829 1 50 1 0.8
18 120534 1514 3344 1 10 0 0.8
18 108756 1516 2883 1 1 1 0.8
18 171162 1521 3575 1 1 1 0.8
18 128974 1524 3185 1 1 1 0.8
18 162427 1525 4000 1 1 0 0.8
18 72173 1528 2118 1 1 1 0.8
18 149153 1532 3432 1 1 1 0.8
18 149387 1533 4340 1 1 0 0.8
18 142993 1533 3764 1 10 0 0.8
18 164404 1534 4485 1 10 0 0.8
18 120854 1536 2874 1 10 1 0.8
18 114075 1536 2350 1 10 0 0.8
18 139660 1538 3996 1 1 0 0.8
18 80010 1540 2184 1 10 1 0.8
18 83964 1541 1949 1 10 0 0.8
18 165220 1543 4690 1 1 1 0.8
18 179486 1543 4201 1 1 1 0.8
18 60516 1545 1647 1 1 1 0.8
18 75411 1547 1993 1 10 1 0.8
18 75667 1547 1589 1 1 1 0.8
18 156096 1555 3796 1 10 1 0.8
18 66911 1559 1827 1 1 0 0.8
18 78274 1564 2291 1 10 0 0.8
18 139040 1565 3472 1 1 0 0.8
18 164955 1567 3943 1 1 1 0.8
18 112566 1569 2294 1 1 1 0.8
18 81663 1574 1975 1 50 1 0.8
18 120764 1580 2810 1 1 1 0.8
18 102812 1580 3031 1 1 0 0.8
18 99412 1582 2848 1 1 0 0.8
18 120144 1582 3530 1 10 1 0.8
18 161372 1588 4031 1 10 0 0.8
18 61164 1592 1567 1 1 1 0.8
18 82569 1599 1707 1 1 0 0.8
18 166756 1600 3379 1 10 0 0.8
18 139803 1603 3560 1 1 1 0.8
18 135981 1612 3822 1 10 1 0.8
18 115963 1612 3368 1 1 0 0.8
18 84142 1613 1895 1 10 0 0.8
18 103386 1614 2496 1 1 0 0.8
18 143983 1616 4095 1 1 0 0.8
18 124065 1617 3251 1 1 0 0.8
18 172229 1623 4348 1 50 0 0.8
18 177223 1624 5265 1 1 0 0.8
18 64244 1627 1507 1 1 0 0.8
18 114014 1632 3045 1 10 1 0.8
18 103966 1636 2141 1 1 0 0.8
18 146301 1638 4068 1 10 0 0.8
18 170349 1641 4750 1 50 0 0.8
18 168963 1642 3685 1 10 0 0.8
18 100146 1644 2913 1 1 0 0.8
18 158467 1645 4416 1 1 1 0.8
18 153291 1647 4571 1 1 1 0.8
18 115559 1650 3429 1 1 1 0.8
18 126842 1651 2796 1 10 0 0.8
18 71823 1652 2066 1 1 0 0.8
18 169210 1656 4876 1 1 0 0.8
18 86094 1656 2136 1 1 0 0.8
18 83621 1658 2144 1 1 0 0.8
18 74329 1658 2057 1 10 1 0.8
18 166880 1659 4959 1 1 0 0.8
18 139392 1661 3480 1 1 1 0.8
18 137601 1664 3079 1 1 0 0.8
18 124011 1665 3067 1 50 0 0.8
18 112594 1671 2982 1 1 0 0.8
18 152734 1671 4414 1 50 1 0.8
18 107684 1673 2720 1 1 0 0.8
18 107204 1676 2253 1 10 0 0.8
18 103809 1677 2371 1 1 1 0.8
18 166990 1679 4549 1 1 1 0.8
18 146379 1686 3590 1 1 0 0.8
18 104356 1688 2175 1 1 1 0.8
18 139881 1689 3764 1 1 0 0.8
18 171868 1690 3875 1 1 1 0.8
18 172189 1690 4350 1 1 0 0.8
18 107397 1690 2358 1 10 1 0.8
18 83710 1690 1904 1 10 1 0.8
18 161156 1690 4497 1 10 0 0.8
18 162964 1691 4538 1 1 0 0.8
18 137916 1692 3534 1 10 1 0.8
18 78319 1696 1610 1 1 1 0.8
18 141381 1699 3471 1 10 0 0.8
18 126181 1701 3564 1 1 0 0.8
18 85898 1702 1902 1 1 1 0.8
18 69004 1702 1889 1 1 1 0.8
18 150061 1706 3325 1 1 0 0.8
18 108366 1708 2371 1 1 0 0.8
18 127448 1711 3116 1 1 0 0.8
18 137916 1712 4038 1 1 1 0.8
18 110291 1713 2270 1 1 1 0.8
18 86176 1718 2533 1 1 1 0.8
18 118446 1722 3498 1 50 0 0.8
18 120463 1726 3192 1 10 1 0.8
18 100086 1729 2320 1 10 1 0.8
18 149582 1731 3206 1 50 0 0.8
18 128121 1739 3158 1 10 1 0.8
18 96798 1741 2178 1 10 1 0.8
18 98632 1742 2261 1 10 1 0.8
18 155055 1746 4326 1 1 0 0.8
18 62427 1747 1620 1 1 1 0.8
18 95947 1749 2088 1 1 0 0.8
18 116663 1749 3173 1 1 1 0.8
18 63366 1750 1296 1 10 1 0.8
18 163844 1751 4087 1 10 0 0.8
18 107563 1752 2671 1 50 0 0.8
18 170359 1753 3972 1 1 0 0.8
18 115134 1762 3321 1 1 1 0.8
18 133865 1768 3685 1 10 0 0.8
18 64882 1770 1834 1 1 0 0.8
18 116643 1772 2561 1 1 1 0.8
18 72144 1772 1601 1 1 0 0.8
18 82530 1775 2210 1 50 1 0.8
18 177758 1776 4023 1 1 1 0.8
18 154273 1778 3559 1 1 0 0.8
18 162535 1778 4182 1 10 1 0.8
18 137315 1781 2785 1 1 0 0.8
18 133394 1781 3277 1 1 0 0.8
18 126263 1783 2845 1 1 0 0.8
18 115508 1784 2400 1 10 1 0.8
18 79853 1786 1765 1 1 0 0.8
18 170092 1796 3540 1 1 0 0.8
18 113972 1798 2509 1 1 0 0.8
18 103670 1808 2955 1 10 0 0.8
18 143183 1809 4187 1 50 1 0.8
18 163672 1811 4855 1 1 0 0.8
18 157407 1814 3160 1 10 1 0.8
18 126522 1821 2890 1 50 0 0.8
18 144551 1822 4244 1 1 1 0.8
18 86053 1824 2414 1 10 1 0.8
18 77568 1832 1637 1 1 0 0.8
18 134985 1833 3444 1 1 1 0.8
18 63109 1835 1815 1 1 0 0.8
18 168799 1836 4851 1 10 0 0.8
18 114823 1837 2415 1 10 1 0.8
18 63453 1839 1604 1 1 1 0.8
18 153474 1845 3268 1 1 1 0.8
18 72336 1846 1845 1 10 1 0.8
18 113278 1847 2501 1 1 0 0.8
18 92224 1848 2323 1 10 0 0.8
18 97905 1850 2356 1 1 0 0.8
18 83344 1851 2332 1 10 1 0.8
18 173441 1852 4013 1 1 1 0.8
18 150365 1862 4044 1 1 1 0.8
18 122692 1863 2848 1 10 1 0.8
18 152134 1864 3865 1 1 1 0.8
18 103618 1868 2309 1 1 0 0.8
18 61811 1871 1621 1 50 0 0.8
18 105061 1876 2325 1 1 0 0.8
18 103326 1877 2140 1 1 0 0.8
18 65498 1888 1418 1 1 0 0.8
18 108140 1889 2778 1 1 0 0.8
18 130654 1889 2925 1 1 1 0.8
18 83972 1894 1697 1 10 1 0.8
18 161510 1897 3443 1 50 0 0.8
18 171924 1899 4024 1 1 0 0.8
18 168769 1904 3808 1 1 1 0.8
18 87301 1908 1896 1 1 1 0.8
18 141833 1908 3121 1 10 1 0.8
18 72455 1908 1711 1 1 1 0.8
18 133951 1910 3447 1 1 0 0.8
18 90177 1913 2234 1 50 0 0.8
18 129508 1913 3609 1 1 0 0.8
18 93072 1915 2564 1 50 1 0.8
18 168585 1918 4343 1 10 0 0.8
18 117715 1920 3338 1 1 0 0.8
18 120010 1921 3397 1 1 1 0.8
18 178404 1923 3879 1 1 0 0.8
18 95469 1924 2120 1 1 0 0.8
18 69863 1935 1772 1 1 0 0.8
18 67951 1940 1730 1 50 0 0.8
18 140989 1942 4171 1 10 1 0.8
18 144976 1945 4088 1 1 1 0.8
18 124473 1952 3485 1 1 0 0.8
18 135919 1954 3255 1 50 1 0.8
18 132456 1957 3169 1 1 0 0.8
18 140732 1959 3117 1 1 1 0.8
18 105501 1961 2633 1 1 0 0.8
18 170416 1961 4624 1 1 1 0.8
18 66431 1964 1663 1 1 0 0.8
18 60603 1975 1814 1 1 0 0.8
18 145517 1978 3175 1 50 1 0.8
18 121208 1981 3135 1 1 0 0.8
18 63882 1981 1888 1 1 1 0.8
18 178467 1981 4240 1 1 1 0.8
18 92889 1986 2752 1 1 0 0.8
18 171998 1987 4400 1 1 1 0.8
18 88724 1990 2022 1 10 1 0.8
18 154237 1992 3730 1 10 1 0.8
18 102513 1995 2223 1 1 0 0.8
18 157903 1995 4515 1 1 0 0.8
18 148367 2002 3571 1 10 1 0.8
18 116094 2003 2462 1 10 0 0.8
18 155516 2006 4546 1 1 1 0.8
18 86084 2010 1864 1 10 1 0.8
18 85017 2011 1738 1 1 1 0.8
18 86446 2015 2408 1 1 0 0.8
18 130595 2017 3479 1 10 1 0.8
18 121214 2017 2966 1 10 0 0.8
18 176267 2017 3721 1 1 1 0.8
18 108750 2021 3222 1 1 0 0.8
18 172762 2022 5093 1 1 1 0.8
18 67755 2022 1536 1 50 1 0.8
18 142074 2023 3756 1 1 0 0.8
18 139471 2023 4112 1 1 1 0.8
18 131450 2024 2667 1 1 0 0.8
18 98369 2025 2128 1 50 1 0.8
18 164054 2028 3383 1 50 1 0.8
18 88977 2032 2640 1 1 0 0.8
18 179489 2032 3679 1 1 1 0.8
18 62281 2033 1507 1 1 1 0.8
18 78279 2037 2087 1 1 1 0.8
18 76530 2038 1869 1 1 0 0.8
18 127560 2038 3708 1 10 0 0.8
18 124654 2039 3610 1 50 1 0.8
18 133178 2039 3279 1 1 1 0.8
18 175832 2049 4705 1 10 0 0.8
18 117291 2053 2947 1 1 1 0.8
18 153397 2053 4582 1 10 1 0.8
18 154459 2053 3366 1 1 0 0.8
18 118149 2053 2474 1 10 1 0.8
18 86749 2056 2299 1 1 0 0.8
18 176004 2066 4919 1 10 0 0.8
18 70345 2066 1808 1 1 1 0.8
18 158688 2068 4240 1 1 0 0.8
18 158613 2069 4733 1 1 0 0.8
18 161691 2070 3938 1 10 1 0.8
18 136926 2072 4056 1 10 0 0.8
18 132668 2081 3441 1 1 0 0.8
18 119653 2093 2803 1 10 1 0.8
18 109296 2093 2347 1 10 1 0.8
18 137304 2096 3952 1 10 1 0.8
18 177478 2097 3680 1 50 1 0.8
18 158830 2100 3516 1 50 1 0.8
18 84696 2100 2052 1 1 1 0.8
18 86930 2101 2093 1 1 0 0.8
18 67905 2112 1531 1 1 0 0.8
18 111590 2117 3178 1 1 0 0.8
18 168271 2117 4548 1 1 0 0.8
18 179129 2118 3789 1 1 0 0.8
18 94093 2126 2187 1 10 1 0.8
18 94925 2126 2292 1 1 1 0.8
18 90580 2126 2224 1 10 0 0.8
18 129178 2131 3031 1 50 1 0.8
18 161303 2133 4530 1 10 0 0.8
18 93707 2133 2060 1 10 0 0.8
18 81631 2139 2129 1 10 1 0.8
18 101873 2139 2065 1 1 0 0.8
18 144644 2148 3243 1 1 0 0.8
18 88133 2149 1865 1 1 1 0.8
18 129705 2150 2682 1 50 1 0.8
18 70440 2156 1749 1 1 0 0.8
18 64772 2157 1361 1 1 1 0.8
18 168883 2157 4680 1 1 1 0.8
18 66682 2161 1862 1 10 1 0.8
18 162097 2167 3441 1 10 0 0.8
18 130678 2168 2635 1 1 1 0.8
18 69544 2169 1760 1 1 1 0.8
18 128673 2172 2586 1 1 0 0.8
18 97702 2173 2165 1 10 0 0.8
18 85213 2174 1942 1 1 0 0.8
18 137162 2175 3868 1 1 1 0.8
18 120925 2177 3292 1 1 1 0.8
18 92012 2180 2654 1 10 0 0.8
18 66898 2182 1923 1 10 0 0.8
18 91104 2185 2464 1 1 0 0.8
18 78942 2186 1725 1 1 0 0.8
18 78176 2200 2086 1 1 1 0.8
18 66732 2205 1800 1 1 0 0.8
18 171251 2205 4193 1 1 1 0.8
18 169089 2206 3456 1 1 0 0.8
18 85621 2208 2052 1 10 0 0.8
18 110677 2212 3053 1 1 1 0.8
18 93765 2213 2206 1 1 0 0.8
18 82120 2214 1852 1 1 1 0.8
18 175636 2220 3578 1 10 1 0.8
18 86901 2221 2581 1 10 1 0.8
18 111261 2224 2543 1 1 0 0.8
18 168661 2225 4925 1 1 0 0.8
18 138526 2230 3363 1 1 1 0.8
18 71275 2230 2045 1 1 1 0.8
18 171955 2231 4463 1 1 1 0.8
18 63730 2232 1588 1 1 1 0.8
18 143703 2234 3936 1 10 0 0.8
18 70269 2235 2053 1 1 1 0.8
18 153517 2236 4086 1 10 1 0.8
18 172850 2236 4744 1 1 0 0.8
18 170259 2241 4254 1 10 1 0.8
18 117885 2252 3453 1 10 0 0.8
18 176355 2255 4738 1 1 1 0.8
18 136757 2256 2948 1 10 0 0.8
18 170920 2256 3785 1 1 1 0.8
18 142904 2259 3826 1 1 1 0.8
18 67272 2262 1884 1 1 1 0.8
18 104261 2264 3012 1 1 0 0.8
18 153390 2269 4354 1 1 0 0.8
18 131709 2270 3878 1 1 1 0.8
18 163886 2272 4689 1 1 0 0.8
18 124884 2274 3083 1 1 0 0.8
18 125899 2275 3045 1 10 1 0.8
18 97787 2277 2239 1 1 0 0.8
18 134793 2277 3831 1 10 0 0.8
18 72916 2281 2120 1 1 0 0.8
18 95806 2288 2355 1 10 0 0.8
18 86434 2289 2372 1 1 0 0.8
18 85640 2290 1796 1 10 1 0.8
18 158916 2293 3942 1 1 0 0.8
18 73303 2294 1976 1 1 1 0.8
18 82693 2295 2282 1 1 1 0.8
18 128131 2299 3111 1 1 1 0.8
18 173923 2301 3537 1 1 0 0.8
18 80847 2307 1917 1 1 1 0.8
18 79354 2307 2309 1 1 1 0.8
18 103935 2307 2909 1 1 1 0.8
18 112541 2307 3090 1 1 1 0.8
18 76182 2308 1570 1 1 1 0.8
18 94434 2309 2060 1 1 0 0.8
18 95918 2313 2224 1 10 0 0.8
18 141343 2315 4071 1 1 0 0.8
18 163353 2317 4502 1 10 1 0.8
18 169490 2324 4387 1 1 0 0.8
18 68008 2324 1447 1 10 1 0.8
18 175407 2325 5239 1 1 0 0.8
18 178852 2327 4576 1 1 1 0.8
18 80887 2328 1909 1 1 0 0.8
18 119438 2329 2877 1 50 0 0.8
18 70032 2329 1720 1 1 1 0.8
18 141476 2331 3822 1 1 1 0.8
18 142852 2331 3669 1 1 1 0.8
18 135445 2331 3347 1 1 0 0.8
18 113822 2332 3322 1 50 1 0.8
18 85578 2338 2445 1 50 1 0.8
18 178721 2339 4896 1 10 1 0.8
18 121593 2342 2701 1 1 0 0.8
18 119304 2343 2631 1 10 0 0.8
18 176208 2346 4575 1 10 1 0.8
18 129749 2349 2851 1 1 1 0.8
18 107145 2351 2814 1 10 1 0.8
18 153461 2353 3590 1 1 0 0.8
18 60590 2356 1391 1 10 0 0.8
18 153298 2359 4463 1 1 0 0.8
18 79267 2360 2112 1 1 1 0.8
18 80686 2360 1696 1 1 1 0.8
18 89729 2365 1804 1 1 1 0.8
18 126771 2366 3676 1 1 1 0.8
18 150042 2367 4395 1 1 1 0.8
18 145286 2377 3750 1 10 0 0.8
18 68128 2380 1612 1 1 0 0.8
18 90427 2380 2392 1 1 1 0.8
18 171729 2382 3623 1 50 0 0.8
18 137505 2383 3994 1 10 1 0.8
18 152228 2384 3995 1 10 0 0.8
18 175799 2384 4189 1 1 0 0.8
18 104933 2385 2121 1 1 1 0.8
18 81317 2388 1636 1 1 1 0.8
18 62919 2388 1443 1 1 1 0.8
18 67657 2392 1838 1 1 1 0.8
18 82480 2394 1736 1 1 0 0.8
18 133157 2402 3379 1 1 1 0.8
18 134779 2403 3588 1 10 0 0.8
18 78986 2406 1991 1 1 0 0.8
18 117960 2408 2550 1 1 1 0.8
18 151068 2411 4024 1 1 0 0.8
18 108943 2411 2966 1 50 1 0.8
18 99220 2412 2697 1 1 0 0.8
18 169963 2416 4542 1 10 0 0.8
18 87113 2417 1914 1 50 1 0.8
18 167039 2418 4333 1 10 1 0.8
18 116465 2422 3389 1 10 1 0.8
18 142901 2422 4152 1 10 1 0.8
18 83812 2426 2397 1 10 1 0.8
18 168425 2435 4749 1 10 1 0.8
18 137590 2443 3936 1 10 1 0.8
18 70682 2443 1638 1 1 1 0.8
18 173898 2447 5180 1 50 0 0.8
18 118061 2447 2721 1 1 0 0.8
18 131708 2450 3811 1 1 0 0.8
18 155527 2454 3958 1 1 0 0.8
18 124365 2455 3454 1 1 1 0.8
18 125868 2460 3193 1 1 1 0.8
18 153478 2461 3315 1 10 0 0.8
18 157023 2461 3353 1 10 1 0.8
18 77433 2468 2078 1 10 0 0.8
18 110746 2471 2800 1 1 0 0.8
18 122984 2474 3330 1 1 1 0.8
18 96808 2479 2516 1 10 0 0.8
18 166881 2484 3697 1 10 1 0.8
18 125576 2485 3523 1 10 0 0.8
18 133276 2488 3425 1 1 0 0.8
18 132790 2488 3855 1 1 0 0.8
18 143802 2490 3940 1 1 1 0.8
18 143520 2492 3183 1 1 0 0.8
18 177240 2493 3874 1 1 1 0.8
18 117604 2494 2413 1 1 1 0.8
18 107464 2496 2986 1 50 0 0.8
18 90899 2496 2002 1 1 1 0.8
18 130106 2497 3585 1 1 1 0.8
18 115540 2503 2709 1 10 1 0.8
18 161548 2507 4027 1 10 0 0.8
18 142698 2509 4026 1 1 1 0.8
18 146030 2512 3278 1 1 1 0.8
18 90347 2515 1917 1 10 1 0.8
18 128266 2522 3843 1 10 1 0.8
18 171320 2525 3950 1 10 0 0.8
18 144358 2528 3158 1 1 0 0.8
18 97744 2529 2409 1 1 1 0.8
18 178937 2530 4965 1 1 1 0.8
18 138711 2531 3185 1 1 0 0.8
18 120244 2540 3290 1 1 1 0.8
18 169650 2541 5008 1 1 1 0.8
18 65106 2541 1728 1 1 0 0.8
18 155682 2547 3264 1 10 0 0.8
18 122883 2551 3076 1 10 0 0.8
18 82291 2554 1914 1 10 1 0.8
18 146166 2557 3439 1 50 1 0.8
18 116795 2559 3482 1 10 0 0.8
18 103069 2560 3013 1 1 0 0.8
18 80687 2562 1864 1 1 1 0.8
18 90187 2563 2571 1 10 1 0.8
18 142895 2566 4108 1 1 0 0.8
18 142278 2566 3223 1 1 1 0.8
18 74053 2566 1943 1 10 0 0.8
18 174468 2579 4308 1 10 1 0.8
18 156547 2580 3673 1 1 1 0.8
18 97956 2580 2727 1 10 0 0.8
18 71645 2586 2098 1 50 1 0.8
18 97380 2587 2876 1 10 0 0.8
18 85842 2588 1995 1 1 0 0.8
18 135643 2588 3216 1 10 1 0.8
18 156236 2589 3444 1 1 0 0.8
18 103626 2591 2514 1 1 0 0.8
18 124551 2592 3232 1 1 0 0.8
18 67017 2592 1593 1 10 0 0.8
18 61256 2595 1514 1 1 1 0.8
18 77397 2595 1716 1 1 1 0.8
18 154093 2599 3133 1 1 0 0.8
18 133583 2599 3739 1 10 1 0.8
18 178120 2601 5329 1 1 1 0.8
18 166354 2603 3435 1 1 1 0.8
18 94209 2604 2412 1 1 0 0.8
18 68775 2606 1519 1 50 1 0.8
18 69420 2606 1589 1 1 0 0.8
18 137694 2608 3696 1 1 0 0.8
18 79066 2610 1662 1 1 1 0.8
18 150029 2610 4110 1 50 1 0.8
18 121922 2611 3567 1 1 0 0.8
18 65954 2615 1588 1 1 0 0.8
18 154840 2622 3242 1 10 1 0.8
18 128261 2622 3577 1 1 1 0.8
18 81106 2623 1848 1 1 0 0.8
18 113977 2626 2933 1 1 1 0.8
18 164282 2627 4390 1 1 1 0.8
18 66267 2637 1932 1 10 1 0.8
18 130394 2637 3564 1 1 1 0.8
18 68934 2641 1950 1 10 0 0.8
18 114042 2641 2491 1 1 0 0.8
18 172418 2642 4939 1 1 0 0.8
18 76244 2645 1850 1 1 0 0.8
18 100138 2646 2447 1 1 1 0.8
18 155270 2647 4568 1 1 0 0.8
18 164829 2648 3559 1 10 0 0.8
18 144227 2649 3463 1 10 1 0.8
18 133246 2650 3872 1 1 1 0.8
18 143898 2652 3942 1 1 0 0.8
18 170279 2655 4984 1 1 1 0.8
18 97444 2658 2499 1 1 0 0.8
18 97350 2658 2442 1 1 0 0.8
18 178955 2658 5019 1 1 1 0.8
18 160183 2658 4178 1 10 0 0.8
18 72711 2659 1962 1 10 0 0.8
18 164254 2661 3580 1 1 1 0.8
18 62656 2664 1729 1 1 1 0.8
18 158691 2664 4433 1 1 0 0.8
18 62514 2664 1316 1 1 0 0.8
18 126978 2666 3655 1 50 1 0.8
18 141400 2667 3245 1 50 0 0.8
18 79994 2669 1879 1 1 1 0.8
18 164405 2673 4171 1 1 0 0.8
18 134387 2676 3040 1 1 0 0.8
18 101662 2677 2699 1 1 1 0.8
18 167954 2678 3906 1 10 1 0.8
18 114270 2681 2560 1 1 1 0.8
18 79624 2689 1861 1 50 0 0.8
18 179399 2691 4256 1 1 1 0.8
18 158877 2693 4518 1 1 1 0.8
18 152266 2696 4006 1 10 0 0.8
18 162561 2696 3407 1 10 1 0.8
18 95860 2697 2772 1 50 1 0.8
18 176201 2701 4553 1 1 0 0.8
18 118375 2704 2765 1 10 0 0.8
18 176027 2706 3811 1 50 0 0.8
18 117497 2708 2455 1 10 0 0.8
18 107230 2711 2595 1 1 1 0.8
18 140937 2714 3330 1 10 0 0.8
18 73132 2726 1577 1 1 1 0.8
18 120712 2729 2939 1 1 0 0.8
18 79222 2733 2093 1 1 0 0.8
18 110918 2734 3048 1 10 1 0.8
18 149774 2736 3433 1 1 1 0.8
18 146098 2737 3813 1 1 1 0.8
18 105301 2740 2124 1 10 0 0.8
18 148887 2740 4232 1 1 1 0.8
18 145038 2741 3205 1 1 0 0.8
18 145157 2744 4011 1 1 1 0.8
18 111432 2746 3253 1 10 0 0.8
18 87347 2747 2282 1 1 0 0.8
18 148288 2754 3582 1 1 0 0.8
18 175421 2755 5127 1 1 0 0.8
18 136302 2755 3487 1 50 0 0.8
18 134643 2755 3863 1 10 0 0.8
18 92741 2756 2466 1 1 1 0.8
18 154951 2757 3313 1 50 0 0.8
18 64254 2763 1401 1 10 1 0.8
18 114624 2770 3176 1 10 1 0.8
18 152816 2770 3789 1 10 0 0.8
18 116103 2772 2863 1 1 1 0.8
18 103608 2775 2287 1 10 0 0.8
18 172525 2776 3829 1 1 1 0.8
18 83189 2777 2249 1 10 1 0.8
18 72296 2777 2126 1 10 1 0.8
18 93744 2785 2274 1 1 0 0.8
18 174377 2786 4810 1 1 1 0.8
18 124448 2787 3596 1 1 0 0.8
18 152471 2789 3771 1 1 1 0.8
18 73229 2794 1611 1 10 1 0.8
18 169426 2795 3403 1 10 0 0.8
18 140132 2801 3736 1 10 0 0.8
18 78625 2801 2079 1 1 1 0.8
18 98769 2803 2183 1 1 1 0.8
18 72397 2810 1618 1 1 0 0.8
18 107499 2811 3014 1 1 0 0.8
18 60465 2813 1787 1 1 1 0.8
18 156377 2817 4499 1 1 0 0.8
18 85725 2817 2078 1 1 1 0.8
18 69459 2817 1753 1 1 1 0.8
18 76152 2818 1552 1 10 1 0.8
18 148296 2820 3014 1 1 0 0.8
18 166177 2824 4951 1 1 1 0.8
18 91379 2824 1861 1 10 1 0.8
18 152953 2825 4168 1 1 1 0.8
18 121196 2826 3595 1 1 0 0.8
18 87422 2827 1857 1 1 1 0.8
18 171937 2827 5020 1 10 0 0.8
18 119929 2829 2569 1 1 0 0.8
18 171249 2830 4358 1 10 0 0.8
18 101382 2831 2655 1 10 0 0.8
18 139295 2835 3334 1 1 0 0.8
18 104864 2836 3026 1 1 1 0.8
18 176729 2837 5272 1 10 0 0.8
18 105663 2840 2156 1 1 1 0.8
18 102830 2842 2551 1 1 1 0.8
18 135906 2851 3255 1 1 0 0.8
18 161763 2852 3471 1 1 0 0.8
18 173434 2859 4506 1 1 0 0.8
18 164284 2864 3898 1 10 0 0.8
18 68500 2865 1887 1 1 0 0.8
18 152376 2865 4406 1 10 1 0.8
18 131967 2868 3424 1 1 1 0.8
18 62077 2881 1313 1 10 1 0.8
18 127180 2885 2662 1 1 0 0.8
18 154014 2886 3540 1 1 0 0.8
18 70238 2888 1509 1 10 0 0.8
18 106287 2891 2898 1 1 1 0.8
18 92989 2892 1954 1 50 1 0.8
18 140316 2895 3654 1 1 0 0.8
18 126850 2895 3638 1 1 0 0.8
18 111096 2896 2524 1 1 1 0.8
18 143609 2898 3098 1 1 0 0.8
18 111543 2900 2639 1 1 1 0.8
18 79400 2900 1942 1 1 1 0.8
18 146950 2901 3903 1 50 1 0.8
18 71013 2901 1630 1 10 0 0.8
18 166205 2902 4938 1 1 0 0.8
18 176911 2902 5035 1 1 0 0.8
18 114044 2903 3170 1 1 1 0.8
18 119479 2908 3087 1 10 1 0.8
18 150767 2910 3850 1 50 1 0.8
18 175514 2911 5123 1 1 0 0.8
18 74694 2915 2203 1 50 1 0.8
18 85656 2916 2392 1 1 0 0.8
18 141423 2917 2864 1 1 0 0.8
18 129164 2917 3227 1 1 1 0.8
18 99895 2920 2504 1 1 0 0.8
18 158899 2920 4237 1 10 1 0.8
18 119761 2921 2760 1 10 0 0.8
18 71144 2928 1793 1 1 0 0.8
18 138145 2929 3041 1 1 1 0.8
18 151701 2929 3626 1 1 0 0.8
18 154834 2939 4149 1 1 0 0.8
18 139454 2948 3055 1 50 1 0.8
18 117837 2948 3084 1 1 0 0.8
18 161138 2948 4598 1 1 0 0.8
18 109834 2950 2613 1 1 0 0.8
18 138570 2951 4113 1 1 0 0.8
18 172628 2953 4935 1 1 0 0.8
18 147357 2955 3465 1 1 0 0.8
18 69298 2955 1806 1 1 1 0.8
18 109845 2960 2610 1 1 0 0.8
18 160087 2960 3516 1 10 0 0.8
18 110148 2964 2763 1 1 0 0.8
18 124286 2967 3165 1 1 0 0.8
18 89248 2968 2636 1 10 0 0.8
18 85695 2971 2179 1 10 1 0.8
18 106358 2971 2822 1 10 1 0.8
18 109954 2981 3152 1 1 1 0.8
18 165921 2981 3995 1 1 0 0.8
18 149905 2983 3186 1 50 1 0.8
18 79164 2986 2229 1 1 1 0.8
18 73719 2989 1474 1 1 1 0.8
18 161445 2993 4061 1 1 0 0.8
18 145718 3005 3115 1 1 0 0.8
18 92840 3007 1958 1 1 0 0.8
18 114432 3008 2740 1 10 0 0.8
18 96875 3009 2706 1 50 0 0.8
18 103065 3013 2157 1 1 0 0.8
18 84188 3016 2263 1 1 1 0.8
18 178504 3020 4815 1 1 0 0.8
18 166990 3033 4969 1 1 0 0.8
18 177902 3037 4021 1 1 0 0.8
18 108280 3048 3148 1 1 0 0.8
18 163490 3050 4778 1 10 1 0.8
18 173607 3050 4220 1 1 1 0.8
18 129418 3058 2823 1 1 0 0.8
18 75521 3060 1600 1 10 1 0.8
18 96658 3064 1946 1 1 1 0.8
18 178132 3066 4749 1 1 1 0.8
18 97100 3067 2426 1 1 0 0.8
18 178558 3069 4988 1 50 1 0.8
18 100259 3072 2487 1 10 1 0.8
18 144787 3081 4303 1 1 0 0.8
18 97463 3084 2275 1 1 1 0.8
18 140191 3087 3229 1 50 1 0.8
18 170773 3088 4007 1 1 1 0.8
18 172298 3093 4724 1 1 1 0.8
18 93412 3094 2233 1 1 1 0.8
18 126721 3095 2957 1 50 1 0.8
18 129974 3097 3457 1 1 0 0.8
18 68114 3105 1735 1 1 0 0.8
18 124221 3105 2584 1 1 1 0.8
18 96791 3113 2536 1 1 1 0.8
18 131384 3114 3394 1 10 0 0.8
18 128498 3117 3540 1 10 1 0.8
18 110505 3123 2498 1 10 0 0.8
18 87608 3128 2532 1 1 1 0.8
18 138621 3130 2881 1 1 0 0.8
18 131340 3132 3709 1 1 1 0.8
18 66604 3134 1362 1 1 1 0.8
18 63942 3135 1916 1 1 1 0.8
18 65994 3139 1781 1 1 0 0.8
18 102071 3139 2952 1 50 1 0.8
18 150693 3140 3041 1 10 0 0.8
18 173306 3144 4261 1 1 1 0.8
18 77289 3152 1699 1 1 1 0.8
18 111396 3154 2265 1 1 1 0.8
18 114926 3154 3008 1 1 1 0.8
18 165263 3155 3829 1 10 1 0.8
18 118132 3155 3427 1 1 1 0.8
18 174213 3155 4587 1 1 1 0.8
18 73617 3156 1656 1 1 1 0.8
18 150589 3157 3363 1 1 0 0.8
18 123072 3160 2542 1 10 1 0.8
18 129805 3160 3607 1 10 1 0.8
18 71747 3163 1858 1 1 0 0.8
18 117156 3164 3117 1 10 1 0.8
18 165634 3167 4303 1 10 0 0.8
18 66610 3168 1731 1 1 1 0.8
18 161801 3172 4703 1 1 1 0.8
18 151310 3172 3880 1 50 1 0.8
18 126551 3173 3223 1 10 0 0.8
18 90374 3174 1864 1 50 1 0.8
18 165906 3175 4700 1 10 0 0.8
18 140218 3178 3832 1 1 0 0.8
18 161442 3178 4141 1 10 1 0.8
18 169725 3180 4408 1 1 0 0.8
18 130182 3183 3733 1 10 1 0.8
18 93679 3186 2468 1 1 0 0.8
18 163186 3186 3377 1 10 1 0.8
18 93769 3187 2475 1 1 1 0.8
18 72015 3188 1744 1 1 1 0.8
18 106734 3193 2594 1 1 1 0.8
18 178213 3203 3906 1 10 0 0.8
18 130312 3208 2963 1 1 1 0.8
18 158525 3211 4429 1 1 1 0.8
18 60438 3211 1697 1 1 0 0.8
18 103454 3212 2700 1 10 1 0.8
18 114865 3213 2955 1 1 0 0.8
18 179508 3217 4714 1 1 1 0.8
18 103245 3218 2408 1 10 1 0.8
18 170604 3220 4818 1 1 1 0.8
18 96910 3221 2068 1 1 0 0.8
18 64918 3221 1631 1 1 0 0.8
18 73613 3222 2159 1 1 1 0.8
18 137590 3231 2879 1 1 0 0.8
18 88231 3236 2552 1 10 1 0.8
18 160847 3238 3761 1 50 0 0.8
18 170950 3239 4501 1 1 0 0.8
18 61227 3239 1538 1 10 0 0.8
18 132903 3247 2998 1 1 0 0.8
18 133807 3255 2771 1 10 1 0.8
18 87938 3255 2155 1 10 1 0.8
18 60790 3256 1266 1 1 0 0.8
18 84011 3262 2450 1 10 1 0.8
18 68836 3265 1715 1 1 0 0.8
18 178524 3266 4966 1 10 0 0.8
18 77564 3269 2116 1 10 1 0.8
18 69939 3271 1659 1 1 1 0.8
18 158333 3272 3256 1 1 1 0.8
18 171951 3274 4644 1 1 0 0.8
18 84189 3275 2254 1 10 1 0.8
18 87222 3275 1969 1 1 1 0.8
18 131109 3277 3688 1 10 1 0.8
18 138549 3277 3994 1 1 0 0.8
18 159669 3279 3942 1 50 1 0.8
18 135112 3280 3527 1 1 1 0.8
18 67897 3282 1632 1 1 1 0.8
18 148754 3282 3827 1 1 0 0.8
18 116582 3284 3192 1 1 0 0.8
18 89485 3284 2032 1 1 0 0.8
18 83691 3285 2222 1 10 0 0.8
18 149543 3285 3457 1 1 0 0.8
18 140053 3287 4160 1 10 0 0.8
18 168036 3289 3411 1 10 0 0.8
18 67061 3293 1942 1 1 1 0.8
18 94876 3297 2205 1 1 1 0.8
18 82322 3300 1797 1 10 1 0.8
18 81680 3301 2388 1 1 0 0.8
18 108947 3302 3186 1 1 1 0.8
18 81032 3305 2177 1 1 0 0.8
18 73957 3307 1989 1 1 0 0.8
18 118881 3308 2588 1 1 1 0.8
18 85703 3310 2336 1 1 0 0.8
18 157330 3311 4565 1 10 0 0.8
18 99580 3317 2213 1 1 1 0.8
18 87674 3319 2064 1 1 1 0.8
18 137412 3319 3770 1 10 0 0.8
18 71777 3322 1668 1 1 0 0.8
18 71352 3322 1767 1 1 0 0.8
18 172069 3324 5134 1 10 0 0.8
18 125105 3325 3748 1 1 0 0.8
18 75333 3326 1698 1 1 1 0.8
18 133425 3327 3341 1 1 0 0.8
18 162611 3331 4305 1 1 1 0.8
18 129426 3332 2606 1 1 0 0.8
18 79322 3336 2247 1 1 1 0.8
18 66072 3336 1878 1 1 1 0.8
18 142448 3339 3310 1 10 0 0.8
18 130657 3343 2751 1 1 1 0.8
18 83201 3343 1698 1 1 1 0.8
18 60787 3343 1705 1 10 0 0.8
18 175280 3344 3520 1 50 1 0.8
18 128467 3347 2843 1 50 1 0.8
18 110917 3356 3088 1 1 0 0.8
18 111927 3356 2390 1 10 1 0.8
18 102747 3366 2314 1 10 1 0.8
18 64100 3366 1359 1 1 1 0.8
18 108511 3373 2406 1 50 1 0.8
18 62789 3378 1568 1 10 1 0.8
18 80370 3378 1740 1 10 0 0.8
18 144536 3379 3249 1 1 1 0.8
18 111071 3381 2903 1 1 1 0.8
18 60839 3381 1467 1 1 1 0.8
18 168626 3384 3986 1 1 0 0.8
18 177523 3387 4220 1 1 1 0.8
18 64891 3392 1931 1 10 0 0.8
18 85899 3400 2235 1 1 0 0.8
18 99674 3404 2090 1 1 1 0.8
18 155468 3405 3371 1 1 1 0.8
18 89209 3406 2297 1 50 0 0.8
18 172850 3407 4029 1 1 1 0.8
18 73223 3411 1730 1 1 1 0.8
18 160482 3412 3767 1 1 1 0.8
18 121132 3413 3405 1 1 0 0.8
18 69940 3415 1625 1 1 0 0.8
18 166522 3420 4977 1 10 1 0.8
18 151268 3420 4306 1 1 1 0.8
18 138480 3420 3079 1 1 0 0.8
18 172065 3424 4832 1 10 0 0.8
18 130079 3426 3223 1 1 0 0.8
18 82481 3427 2371 1 50 1 0.8
18 61149 3434 1572 1 1 0 0.8
18 155502 3434 4126 1 10 1 0.8
18 82803 3439 2469 1 10 1 0.8
18 60310 3441 1289 1 1 1 0.8
18 151020 3443 3222 1 1 0 0.8
18 145615 3443 3125 1 1 0 0.8
18 179435 3443 3975 1 1 0 0.8
18 166185 3445 3355 1 1 1 0.8
18 162330 3445 4335 1 1 0 0.8
18 115020 3445 3100 1 10 0 0.8
18 92056 3446 2237 1 50 0 0.8
18 159144 3452 3597 1 10 1 0.8
18 66512 3453 1525 1 10 0 0.8
18 105799 3454 2951 1 50 1 0.8
18 170100 3455 4473 1 1 0 0.8
18 177961 3455 3601 1 10 1 0.8
18 73014 3456 1723 1 1 1 0.8
18 166267 3457 4224 1 1 0 0.8
18 170524 3458 4923 1 1 0 0.8
18 135615 3462 3562 1 50 1 0.8
18 68151 3463 1881 1 50 0 0.8
18 72620 3469 1718 1 10 0 0.8
18 131548 3475 2978 1 50 1 0.8
18 134740 3479 3827 1 10 1 0.8
18 93402 3482 2714 1 1 1 0.8
18 68884 3485 1482 1 1 0 0.8
18 105014 3486 2605 1 1 0 0.8
18 173063 3488 4541 1 1 0 0.8
18 102755 3488 2397 1 10 1 0.8
18 81836 3488 2277 1 1 0 0.8
18 102622 3491 2791 1 1 0 0.8
18 90967 3492 2118 1 1 1 0.8
18 132446 3493 3143 1 1 0 0.8
18 122599 3494 3489 1 1 0 0.8
18 72716 3494 1966 1 50 1 0.8
18 78365 3499 2089 1 10 1 0.8
18 105632 3506 2155 1 10 0 0.8
18 162678 3508 4807 1 1 1 0.8
18 97712 3515 2051 1 1 1 0.8
18 156364 3515 3773 1 1 0 0.8
18 89529 3519 2570 1 10 0 0.8
18 81471 3519 2336 1 10 0 0.8
18 65935 3519 1894 1 1 1 0.8
18 142074 3520 4042 1 1 0 0.8
18 159485 3522 4297 1 50 0 0.8
18 91203 3526 2406 1 10 0 0.8
18 99286 3526 2916 1 1 0 0.8
18 128536 3527 2685 1 50 0 0.8
18 175932 3530 3761 1 10 1 0.8
18 125643 3531 3281 1 1 1 0.8
18 67271 3532 1913 1 1 0 0.8
18 146275 3532 3985 1 10 0 0.8
18 163935 3533 4108 1 10 0 0.8
18 62131 3533 1807 1 1 0 0.8
18 179277 3534 4908 1 10 1 0.8
18 126049 3541 3492 1 1 0 0.8
18 178187 3542 3944 1 10 0 0.8
18 159402 3546 4477 1 10 1 0.8
18 105710 3549 2764 1 1 0 0.8
18 147256 3558 3856 1 10 0 0.8
18 164953 3559 3462 1 10 0 0.8
18 80973 3561 1787 1 10 1 0.8
18 99706 3562 2625 1 1 1 0.8
18 99320 3563 2139 1 1 0 0.8
18 147172 3563 3688 1 50 1 0.8
18 94868 3566 2842 1 1 0 0.8
18 177857 3572 3735 1 50 1 0.8
18 86156 3573 1918 1 1 1 0.8
18 83259 3580 2448 1 10 0 0.8
18 83292 3583 2253 1 1 0 0.8
18 70033 3585 1637 1 1 0 0.8
18 112106 3590 2291 1 1 1 0.8
18 69463 3591 1961 1 50 0 0.8
18 82458 3597 2239 1 50 1 0.8
18 146828 3597 3144 1 50 1 0.8
18 106283 3597 2867 1 10 0 0.8
