1500
19 74819 0 1617 1 50 0 0.4
19 153027 4 4371 1 1 0 0.4
19 138174 8 3927 1 1 1 0.4
19 109877 9 2768 1 1 1 0.4
19 70327 11 1903 1 1 1 0.4
19 153618 23 3994 1 1 1 0.4
19 101022 24 2760 1 1 0 0.4
19 132341 25 3957 1 10 0 0.4
19 151788 25 3960 1 1 1 0.4
19 119426 30 3019 1 50 1 0.4
19 169157 32 4092 1 1 1 0.4
19 84106 32 2359 1 10 1 0.4
19 143850 34 4308 1 10 0 0.4
19 150889 38 3044 1 10 1 0.4
19 142619 39 4142 1 1 0 0.4
19 66235 40 1443 1 10 1 0.4
19 84068 44 2130 1 1 0 0.4
19 81285 46 1692 1 1 1 0.4
19 63774 50 1722 1 10 1 0.4
19 84899 51 2147 1 10 1 0.4
19 130251 52 2815 1 1 0 0.4
19 113372 53 2692 1 1 0 0.4
19 104913 54 2738 1 1 0 0.4
19 104196 55 2467 1 10 1 0.4
19 160056 55 4721 1 10 0 0.4
19 73435 56 1694 1 1 1 0.4
19 83361 57 1999 1 1 0 0.4
19 72485 58 1619 1 1 0 0.4
19 165013 59 3847 1 10 1 0.4
19 118861 60 2783 1 1 1 0.4
19 93417 61 2365 1 1 0 0.4
19 87415 62 1790 1 1 1 0.4
19 132343 62 2700 1 50 1 0.4
19 164597 64 4419 1 1 0 0.4
19 152972 66 3545 1 1 1 0.4
19 71756 68 2133 1 1 0 0.4
19 62427 71 1611 1 10 1 0.4
19 157170 72 4379 1 10 1 0.4
19 129666 74 3756 1 1 0 0.4
19 65289 84 1354 1 1 1 0.4
19 89171 85 2452 1 10 0 0.4
19 130786 85 3009 1 50 1 0.4
19 132558 86 2998 1 1 1 0.4
19 160928 86 3589 1 50 1 0.4
19 91378 90 2343 1 1 1 0.4
19 87371 91 1997 1 1 1 0.4
19 172413 92 4571 1 1 0 0.4
19 149540 94 4154 1 10 1 0.4
19 141596 95 3339 1 1 0 0.4
19 161807 95 4182 1 1 0 0.4
19 124256 97 3586 1 10 0 0.4
19 82023 98 2010 1 1 1 0.4
19 60684 102 1575 1 50 1 0.4
19 87485 103 2030 1 1 1 0.4
19 164366 103 3909 1 10 1 0.4
19 100273 104 2176 1 1 0 0.4
19 104681 105 2186 1 10 1 0.4
19 178740 105 3971 1 10 0 0.4
19 154278 106 3422 1 10 0 0.4
19 85280 107 2441 1 1 0 0.4
19 84605 107 1906 1 10 0 0.4
19 121379 108 2665 1 1 0 0.4
19 60642 114 1804 1 1 1 0.4
19 114288 119 3037 1 10 0 0.4
19 89462 120 1813 1 10 1 0.4
19 144828 120 3460 1 50 0 0.4
19 174676 122 3716 1 1 0 0.4
19 61446 130 1837 1 1 0 0.4
19 172981 135 4412 1 1 0 0.4
19 131652 136 3335 1 10 0 0.4
19 143964 137 4139 1 1 0 0.4
19 94518 137 2198 1 1 1 0.4
19 140459 143 4021 1 1 1 0.4
19 108909 149 2899 1 1 0 0.4
19 92505 151 2677 1 10 0 0.4
19 155608 153 4386 1 1 1 0.4
19 100235 154 2939 1 50 0 0.4
19 124423 156 3539 1 1 0 0.4
19 170780 157 4185 1 1 1 0.4
19 152800 164 3169 1 1 0 0.4
19 91931 166 2698 1 1 0 0.4
19 161435 166 3722 1 1 1 0.4
19 113502 167 3132 1 1 1 0.4
19 104158 168 2673 1 1 1 0.4
19 106614 170 2438 1 1 0 0.4
19 100864 170 2135 1 1 1 0.4
19 144890 179 3490 1 1 0 0.4
19 169840 179 4429 1 10 1 0.4
19 142695 180 4108 1 1 1 0.4
19 75917 182 2016 1 1 0 0.4
19 62030 187 1460 1 10 1 0.4
19 128130 187 3204 1 50 0 0.4
19 156936 191 3827 1 50 1 0.4
19 146659 195 3109 1 10 1 0.4
19 82951 195 2176 1 1 1 0.4
19 145002 199 4033 1 10 0 0.4
19 128295 202 3373 1 1 0 0.4
19 151079 203 3693 1 1 1 0.4
19 139491 205 3468 1 1 1 0.4
19 139161 207 2984 1 10 1 0.4
19 109452 208 3059 1 1 1 0.4
19 178271 211 4877 1 1 0 0.4
19 176793 213 5023 1 1 1 0.4
19 138077 224 3637 1 10 1 0.4
19 178175 225 3877 1 1 1 0.4
19 179569 226 4102 1 10 0 0.4
19 130547 233 3299 1 10 0 0.4
19 130604 235 2824 1 10 0 0.4
19 82615 238 2245 1 10 1 0.4
19 67046 241 1864 1 10 0 0.4
19 113021 243 2982 1 10 1 0.4
19 152094 247 3051 1 1 0 0.4
19 71488 255 2021 1 10 1 0.4
19 177827 258 4709 1 1 1 0.4
19 152342 260 4469 1 1 0 0.4
19 127605 264 3216 1 1 0 0.4
19 60431 264 1253 1 1 0 0.4
19 122248 265 3526 1 1 0 0.4
19 166583 265 4860 1 1 0 0.4
19 76456 265 2249 1 50 1 0.4
19 103446 266 2553 1 1 1 0.4
19 111035 267 2948 1 1 0 0.4
19 149778 268 3543 1 1 1 0.4
19 173054 270 3652 1 1 1 0.4
19 73920 271 1831 1 1 0 0.4
19 122570 273 3507 1 1 1 0.4
19 126544 281 2816 1 1 1 0.4
19 103164 281 2698 1 1 0 0.4
19 92850 284 2465 1 10 0 0.4
19 68908 285 1915 1 1 1 0.4
19 167844 286 3716 1 10 0 0.4
19 170537 286 4394 1 10 0 0.4
19 104271 287 2574 1 1 1 0.4
19 137164 290 2803 1 1 1 0.4
19 144166 293 4069 1 1 1 0.4
19 81266 295 2324 1 1 0 0.4
19 125540 296 3354 1 50 1 0.4
19 128533 297 3523 1 10 1 0.4
19 79580 297 2318 1 10 1 0.4
19 82523 298 2161 1 1 1 0.4
19 90903 301 2039 1 50 0 0.4
19 169648 303 4426 1 1 1 0.4
19 103036 304 2897 1 1 0 0.4
19 98607 305 2365 1 1 0 0.4
19 163646 306 3839 1 1 1 0.4
19 75810 308 1586 1 1 0 0.4
19 94637 314 2535 1 10 0 0.4
19 160090 314 4731 1 1 1 0.4
19 128996 315 2870 1 1 1 0.4
19 87771 318 2081 1 1 1 0.4
19 106922 320 2511 1 1 1 0.4
19 145955 321 3711 1 1 1 0.4
19 178344 323 4155 1 1 0 0.4
19 164610 324 4057 1 50 0 0.4
19 75838 325 1560 1 10 0 0.4
19 130231 326 3507 1 10 0 0.4
19 96086 326 2407 1 10 1 0.4
19 115090 327 2601 1 10 0 0.4
19 144787 328 3427 1 1 1 0.4
19 99478 328 2659 1 50 1 0.4
19 64022 330 1640 1 10 1 0.4
19 65811 330 1700 1 1 0 0.4
19 83676 330 2301 1 10 0 0.4
19 122085 332 2781 1 10 0 0.4
19 161620 332 4213 1 10 0 0.4
19 99178 337 2492 1 1 1 0.4
19 75077 338 1755 1 10 0 0.4
19 105717 342 2542 1 1 1 0.4
19 129871 343 3171 1 1 0 0.4
19 166029 345 4395 1 1 0 0.4
19 147980 346 3008 1 1 0 0.4
19 101466 350 2374 1 1 1 0.4
19 93321 359 2187 1 1 0 0.4
19 169570 364 3706 1 10 0 0.4
19 73905 365 1917 1 1 0 0.4
19 129549 366 2652 1 50 1 0.4
19 65262 366 1531 1 10 1 0.4
19 138564 366 2891 1 1 1 0.4
19 132408 370 2840 1 1 1 0.4
19 77136 370 1989 1 10 0 0.4
19 117448 371 3374 1 10 1 0.4
19 126587 373 3657 1 10 0 0.4
19 154438 376 3164 1 1 0 0.4
19 176210 376 4614 1 1 0 0.4
19 162378 379 4738 1 10 1 0.4
19 71094 384 1764 1 50 0 0.4
19 101646 387 2223 1 10 1 0.4
19 102835 392 2467 1 1 1 0.4
19 109547 394 3056 1 1 1 0.4
19 100775 396 3016 1 10 0 0.4
19 76106 397 1919 1 1 0 0.4
19 123215 401 2909 1 1 0 0.4
19 117734 402 3103 1 10 1 0.4
19 153484 405 4474 1 1 1 0.4
19 140015 406 3609 1 1 1 0.4
19 97053 406 1982 1 50 1 0.4
19 123913 409 2485 1 1 0 0.4
19 81186 411 1737 1 1 0 0.4
19 96491 415 2867 1 1 1 0.4
19 61954 417 1394 1 10 0 0.4
19 164702 417 3397 1 50 1 0.4
19 95484 420 2788 1 1 1 0.4
19 169552 431 4929 1 1 0 0.4
19 67374 434 1868 1 1 0 0.4
19 172783 439 4665 1 10 1 0.4
19 117842 443 3375 1 1 1 0.4
19 71250 450 1549 1 10 1 0.4
19 178822 450 4075 1 1 0 0.4
19 154325 452 3844 1 1 1 0.4
19 91447 454 2731 1 10 1 0.4
19 68387 456 1507 1 1 1 0.4
19 92779 462 2019 1 10 0 0.4
19 142983 463 4122 1 1 0 0.4
19 62662 463 1274 1 10 1 0.4
19 95297 466 2660 1 10 0 0.4
19 174269 472 4902 1 50 1 0.4
19 133338 478 3655 1 1 0 0.4
19 148635 479 4300 1 1 0 0.4
19 76310 480 2203 1 1 0 0.4
19 147289 480 3463 1 1 0 0.4
19 158126 486 3933 1 1 0 0.4
19 83008 489 2461 1 1 1 0.4
19 80690 491 2172 1 50 0 0.4
19 89004 491 1947 1 1 0 0.4
19 168842 494 4677 1 1 0 0.4
19 152355 497 3168 1 1 1 0.4
19 74382 497 2140 1 1 1 0.4
19 109698 500 3145 1 1 1 0.4
19 110661 504 2682 1 50 0 0.4
19 85476 506 2253 1 50 0 0.4
19 148722 508 3847 1 1 1 0.4
19 90199 509 2172 1 50 0 0.4
19 104035 512 2897 1 1 1 0.4
19 83599 515 1685 1 10 0 0.4
19 162626 517 4276 1 1 0 0.4
19 153805 519 4428 1 50 1 0.4
19 119755 519 3089 1 1 0 0.4
19 82564 520 1930 1 10 1 0.4
19 165889 521 4961 1 1 0 0.4
19 111747 522 2565 1 10 0 0.4
19 155358 524 3278 1 10 1 0.4
19 137063 527 4084 1 10 0 0.4
19 139005 530 2794 1 50 1 0.4
19 163056 532 4019 1 1 1 0.4
19 113390 540 2936 1 10 0 0.4
19 99316 542 2874 1 1 1 0.4
19 61329 542 1746 1 10 1 0.4
19 87643 544 2096 1 10 0 0.4
19 95332 546 2380 1 1 0 0.4
19 80209 546 1939 1 10 0 0.4
19 173752 548 3685 1 10 1 0.4
19 94193 554 2731 1 1 1 0.4
19 150153 556 3614 1 1 1 0.4
19 86668 557 1779 1 1 0 0.4
19 179133 559 4045 1 1 1 0.4
19 114610 560 2672 1 1 1 0.4
19 167531 560 3518 1 10 0 0.4
19 93116 567 2332 1 1 0 0.4
19 179477 571 5052 1 1 0 0.4
19 94491 576 2725 1 1 0 0.4
19 122282 589 2603 1 1 0 0.4
19 72679 595 1533 1 1 1 0.4
19 137693 600 3481 1 10 0 0.4
19 72770 600 1922 1 1 0 0.4
19 117639 601 2437 1 1 1 0.4
19 115100 603 3155 1 1 0 0.4
19 141127 605 3196 1 1 0 0.4
19 108062 606 3104 1 10 0 0.4
19 162952 611 4733 1 1 1 0.4
19 65643 614 1831 1 10 0 0.4
19 93615 614 2431 1 1 0 0.4
19 68028 623 2031 1 1 0 0.4
19 150014 623 3709 1 1 0 0.4
19 168894 630 4213 1 1 1 0.4
19 171033 631 4760 1 10 1 0.4
19 67831 632 2008 1 1 0 0.4
19 142249 632 3393 1 10 1 0.4
19 172218 644 4166 1 10 1 0.4
19 72877 644 2164 1 1 1 0.4
19 105401 646 3101 1 1 0 0.4
19 105653 647 2656 1 1 1 0.4
19 130738 648 3699 1 1 0 0.4
19 105020 651 2444 1 1 1 0.4
19 68219 658 1555 1 10 1 0.4
19 108179 660 2783 1 10 0 0.4
19 172783 661 5170 1 1 0 0.4
19 145555 661 4319 1 10 1 0.4
19 178473 666 5288 1 1 0 0.4
19 114901 668 3029 1 1 1 0.4
19 76785 671 2257 1 10 1 0.4
19 60643 672 1430 1 1 1 0.4
19 172168 677 3603 1 1 1 0.4
19 67068 680 1805 1 1 1 0.4
19 109443 684 2601 1 50 0 0.4
19 157106 695 3364 1 10 0 0.4
19 176156 697 5272 1 10 0 0.4
19 125109 699 3743 1 1 1 0.4
19 77228 702 1856 1 1 1 0.4
19 133315 702 3430 1 10 0 0.4
19 77255 703 2067 1 1 1 0.4
19 148805 704 3552 1 50 1 0.4
19 134876 705 2893 1 10 1 0.4
19 68023 708 1873 1 1 0 0.4
19 124985 711 3747 1 10 0 0.4
19 130514 712 3172 1 1 1 0.4
19 108183 713 2597 1 10 0 0.4
19 161041 719 4105 1 1 1 0.4
19 94200 723 2625 1 10 1 0.4
19 78734 724 1855 1 10 1 0.4
19 125218 732 3574 1 50 1 0.4
19 108325 733 2698 1 10 0 0.4
19 87785 735 1952 1 1 0 0.4
19 167139 735 4343 1 1 1 0.4
19 169783 736 4236 1 1 0 0.4
19 103686 747 2352 1 10 0 0.4
19 116700 751 2808 1 1 0 0.4
19 135965 755 3844 1 1 0 0.4
19 90466 756 2014 1 1 1 0.4
19 69668 759 1432 1 1 0 0.4
19 179499 762 5104 1 1 0 0.4
19 98057 762 2807 1 50 0 0.4
19 81897 763 1869 1 10 0 0.4
19 168986 765 4919 1 10 0 0.4
19 80191 768 1885 1 1 1 0.4
19 105392 768 2770 1 1 1 0.4
19 118684 777 2927 1 1 0 0.4
19 86831 779 2484 1 1 1 0.4
19 61273 780 1670 1 10 0 0.4
19 165688 785 3495 1 1 0 0.4
19 100772 786 2998 1 50 0 0.4
19 168620 788 4987 1 1 0 0.4
19 83773 789 2247 1 10 0 0.4
19 92071 798 2399 1 50 1 0.4
19 135253 800 3264 1 1 0 0.4
19 148291 800 3689 1 10 1 0.4
19 101787 806 2684 1 1 0 0.4
19 80562 808 2200 1 1 0 0.4
19 122960 811 2473 1 1 1 0.4
19 169987 811 4619 1 50 0 0.4
19 178626 813 4725 1 50 1 0.4
19 140816 813 2933 1 10 1 0.4
19 126006 820 3430 1 10 0 0.4
19 121977 825 2684 1 1 0 0.4
19 107603 830 2306 1 1 1 0.4
19 65986 831 1652 1 10 0 0.4
19 147322 832 3950 1 1 0 0.4
19 72619 848 1543 1 50 0 0.4
19 119443 853 2726 1 1 0 0.4
19 165760 856 4744 1 1 1 0.4
19 62186 857 1593 1 1 0 0.4
19 153636 862 3715 1 1 0 0.4
19 120674 862 2530 1 10 1 0.4
19 157828 865 4410 1 1 0 0.4
19 72694 866 1739 1 10 0 0.4
19 174514 866 4257 1 1 1 0.4
19 108031 868 3095 1 1 0 0.4
19 71941 870 1647 1 1 0 0.4
19 64690 872 1513 1 1 1 0.4
19 82753 873 1680 1 1 1 0.4
19 61605 874 1742 1 1 0 0.4
19 123364 875 3234 1 1 0 0.4
19 128238 877 2564 1 1 1 0.4
19 79071 879 1831 1 1 1 0.4
19 154670 881 3265 1 10 0 0.4
19 96142 886 2007 1 1 0 0.4
19 138244 890 3604 1 1 0 0.4
19 91008 891 2415 1 1 1 0.4
19 90730 895 2261 1 10 1 0.4
19 162370 896 4418 1 1 0 0.4
19 94241 897 2388 1 1 0 0.4
19 90189 900 1924 1 1 1 0.4
19 161079 900 4501 1 1 1 0.4
19 115364 902 3117 1 10 0 0.4
19 93783 902 2614 1 10 1 0.4
19 149225 907 3812 1 10 0 0.4
19 130661 911 3909 1 10 1 0.4
19 171022 916 4268 1 50 1 0.4
19 147661 917 4342 1 1 1 0.4
19 179089 918 4721 1 10 0 0.4
19 101033 921 2549 1 1 1 0.4
19 150886 922 4346 1 50 0 0.4
19 145461 928 4245 1 1 1 0.4
19 179701 928 4993 1 1 1 0.4
19 66168 928 1870 1 1 0 0.4
19 141021 929 3145 1 10 1 0.4
19 155143 930 3703 1 50 1 0.4
19 169025 931 4638 1 1 0 0.4
19 161623 935 3286 1 1 0 0.4
19 132873 937 2741 1 1 0 0.4
19 74928 939 1805 1 10 1 0.4
19 70758 942 1473 1 1 0 0.4
19 156468 942 3317 1 1 1 0.4
19 124218 944 2771 1 10 0 0.4
19 72187 945 1677 1 1 1 0.4
19 107398 947 2648 1 1 0 0.4
19 77423 948 2230 1 1 1 0.4
19 133026 949 3412 1 1 0 0.4
19 94091 955 2761 1 1 1 0.4
19 152574 958 4555 1 10 0 0.4
19 65659 964 1394 1 1 0 0.4
19 168178 971 4527 1 1 1 0.4
19 176190 974 3669 1 1 1 0.4
19 129182 974 2762 1 10 0 0.4
19 167943 977 4377 1 50 1 0.4
19 177590 977 4210 1 1 0 0.4
19 67396 978 1693 1 1 1 0.4
19 72810 979 1923 1 50 0 0.4
19 85063 982 2066 1 1 1 0.4
19 129109 987 3172 1 1 1 0.4
19 115844 987 2825 1 10 1 0.4
19 147102 991 3972 1 1 1 0.4
19 135345 993 3594 1 50 1 0.4
19 177191 995 4050 1 1 1 0.4
19 89847 996 2091 1 1 1 0.4
19 141341 996 4067 1 1 1 0.4
19 78794 1000 1950 1 1 1 0.4
19 93217 1001 2675 1 1 1 0.4
19 135999 1002 3391 1 10 1 0.4
19 171208 1005 4111 1 1 0 0.4
19 156569 1009 3995 1 1 1 0.4
19 123624 1014 3040 1 1 1 0.4
19 62318 1017 1492 1 10 0 0.4
19 165706 1019 4093 1 1 0 0.4
19 152032 1019 3848 1 1 1 0.4
19 82926 1020 1745 1 1 1 0.4
19 76291 1020 1960 1 1 1 0.4
19 73714 1021 1837 1 50 1 0.4
19 61662 1028 1416 1 1 1 0.4
19 123425 1029 2716 1 1 1 0.4
19 79524 1033 1929 1 1 0 0.4
19 71805 1042 1932 1 1 0 0.4
19 174424 1044 3500 1 1 1 0.4
19 82397 1047 1956 1 1 0 0.4
19 119795 1053 3222 1 1 0 0.4
19 121832 1054 2502 1 1 1 0.4
19 145103 1054 3477 1 1 1 0.4
19 114789 1056 2442 1 50 0 0.4
19 101705 1057 2260 1 1 0 0.4
19 114077 1076 2601 1 10 1 0.4
19 109688 1078 2669 1 10 1 0.4
19 86960 1078 1960 1 1 0 0.4
19 132171 1079 3370 1 1 0 0.4
19 122176 1083 3186 1 1 0 0.4
19 144894 1085 4251 1 10 0 0.4
19 138462 1085 3772 1 50 0 0.4
19 63942 1086 1710 1 10 1 0.4
19 138691 1087 3516 1 10 0 0.4
19 66810 1097 1798 1 1 0 0.4
19 105703 1097 2691 1 1 1 0.4
19 140864 1100 2940 1 10 0 0.4
19 91405 1104 1882 1 1 0 0.4
19 166983 1107 3869 1 1 1 0.4
19 150818 1108 3032 1 1 0 0.4
19 170183 1108 3908 1 1 1 0.4
19 108684 1114 2996 1 1 0 0.4
19 144636 1115 3401 1 1 0 0.4
19 79289 1115 2103 1 1 0 0.4
19 70832 1118 1523 1 1 1 0.4
19 124376 1119 2990 1 1 1 0.4
19 68522 1121 1818 1 1 1 0.4
19 68006 1122 1599 1 50 0 0.4
19 116073 1126 2348 1 1 0 0.4
19 126813 1127 2669 1 1 0 0.4
19 84060 1127 1702 1 50 0 0.4
19 138256 1129 2885 1 1 1 0.4
19 166849 1129 3916 1 1 0 0.4
19 74066 1130 1812 1 1 0 0.4
19 79216 1131 2145 1 10 1 0.4
19 121680 1133 3083 1 1 0 0.4
19 76734 1137 1664 1 10 0 0.4
19 173578 1140 3487 1 1 1 0.4
19 105542 1140 2214 1 1 1 0.4
19 144628 1141 4040 1 50 0 0.4
19 136090 1142 3646 1 1 1 0.4
19 63570 1146 1642 1 10 1 0.4
19 117238 1154 2493 1 10 1 0.4
19 130255 1156 3388 1 10 0 0.4
19 73753 1158 1808 1 1 0 0.4
19 171211 1165 4116 1 1 0 0.4
19 64561 1166 1490 1 1 0 0.4
19 144644 1170 4114 1 1 1 0.4
19 81807 1172 1966 1 1 1 0.4
19 98967 1173 2131 1 10 0 0.4
19 158162 1182 4144 1 10 0 0.4
19 148442 1186 3096 1 1 1 0.4
19 135692 1192 2862 1 10 1 0.4
19 76477 1195 1776 1 1 0 0.4
19 178840 1195 4287 1 10 1 0.4
19 101446 1197 2779 1 1 0 0.4
19 63651 1199 1401 1 50 1 0.4
19 133126 1200 3684 1 10 1 0.4
19 87719 1202 2536 1 1 1 0.4
19 173251 1206 5015 1 1 1 0.4
19 116001 1207 2475 1 50 1 0.4
19 132403 1211 3477 1 50 0 0.4
19 162470 1211 3905 1 1 0 0.4
19 165011 1212 4738 1 1 1 0.4
19 84963 1214 1731 1 1 0 0.4
19 137585 1215 2802 1 10 0 0.4
19 149632 1218 3828 1 50 0 0.4
19 147049 1220 3498 1 1 0 0.4
19 130704 1221 3135 1 1 0 0.4
19 132611 1222 3388 1 1 0 0.4
19 79851 1227 2377 1 1 1 0.4
19 168192 1231 3443 1 10 0 0.4
19 178267 1234 3610 1 50 1 0.4
19 116072 1237 3164 1 1 1 0.4
19 89298 1237 2558 1 10 0 0.4
19 118212 1240 2392 1 10 1 0.4
19 136053 1250 2995 1 1 0 0.4
19 134362 1252 3139 1 1 1 0.4
19 148026 1253 3539 1 1 0 0.4
19 79171 1253 2301 1 1 1 0.4
19 146707 1254 3662 1 1 1 0.4
19 68850 1255 2060 1 1 1 0.4
19 161987 1256 3859 1 10 1 0.4
19 122893 1256 3078 1 1 0 0.4
19 77921 1257 2090 1 10 0 0.4
19 136525 1258 3394 1 1 0 0.4
19 137212 1258 3747 1 50 1 0.4
19 111179 1261 2689 1 1 1 0.4
19 144995 1262 4168 1 1 1 0.4
19 134540 1265 3579 1 1 0 0.4
19 78501 1269 1822 1 1 1 0.4
19 151669 1272 4176 1 1 0 0.4
19 111861 1278 2806 1 10 1 0.4
19 84142 1279 2306 1 1 0 0.4
19 101551 1280 2670 1 1 1 0.4
19 108562 1286 2277 1 1 1 0.4
19 138313 1288 3736 1 10 0 0.4
19 141357 1297 3668 1 10 0 0.4
19 65674 1299 1574 1 1 1 0.4
19 95592 1300 2849 1 10 1 0.4
19 99402 1304 2617 1 1 0 0.4
19 74079 1310 1681 1 1 0 0.4
19 130705 1313 3867 1 50 0 0.4
19 150138 1317 4244 1 50 0 0.4
19 168954 1321 3687 1 1 1 0.4
19 159967 1323 3459 1 1 1 0.4
19 96678 1325 2843 1 10 0 0.4
19 92099 1325 2533 1 1 1 0.4
19 115550 1329 2839 1 1 0 0.4
19 111599 1330 3250 1 10 1 0.4
19 60284 1330 1345 1 50 0 0.4
19 161647 1333 3785 1 1 1 0.4
19 153921 1338 3293 1 10 1 0.4
19 164186 1340 3285 1 1 1 0.4
19 116156 1340 3129 1 1 0 0.4
19 122365 1344 3549 1 10 1 0.4
19 92194 1345 2446 1 1 0 0.4
19 151853 1346 4308 1 1 0 0.4
19 135497 1347 3453 1 10 0 0.4
19 102674 1350 2295 1 1 0 0.4
19 83192 1351 2377 1 1 0 0.4
19 100130 1355 2831 1 10 0 0.4
19 65680 1355 1327 1 10 0 0.4
19 108852 1355 2298 1 1 0 0.4
19 111751 1357 3335 1 1 0 0.4
19 169851 1358 4531 1 10 1 0.4
19 65304 1359 1822 1 1 1 0.4
19 64398 1363 1867 1 50 0 0.4
19 65296 1368 1954 1 50 1 0.4
19 147276 1368 3988 1 10 0 0.4
19 148776 1370 3631 1 10 0 0.4
19 175589 1374 4788 1 10 1 0.4
19 159140 1375 4065 1 1 0 0.4
19 77347 1384 2297 1 10 0 0.4
19 121494 1386 3131 1 1 1 0.4
19 72302 1397 1732 1 50 1 0.4
19 135715 1398 2921 1 10 1 0.4
19 140805 1399 3530 1 50 0 0.4
19 66139 1403 1891 1 10 0 0.4
19 74814 1410 2051 1 50 0 0.4
19 137466 1410 2835 1 1 1 0.4
19 106349 1412 3035 1 10 0 0.4
19 158341 1412 3973 1 1 1 0.4
19 103632 1416 3096 1 1 1 0.4
19 161006 1417 3671 1 10 1 0.4
19 163266 1418 3272 1 50 0 0.4
19 142233 1418 2849 1 1 0 0.4
19 118048 1419 3434 1 50 1 0.4
19 114244 1425 2550 1 1 0 0.4
19 137126 1432 3974 1 1 0 0.4
19 125270 1432 3361 1 50 0 0.4
19 162022 1433 4284 1 1 0 0.4
19 163082 1434 4304 1 1 1 0.4
19 104521 1435 2386 1 1 0 0.4
19 98830 1436 2105 1 50 0 0.4
19 149783 1436 4382 1 1 1 0.4
19 82944 1440 2221 1 1 0 0.4
19 167286 1443 4864 1 1 1 0.4
19 155621 1445 4346 1 10 0 0.4
19 138920 1447 3786 1 1 0 0.4
19 141136 1447 2927 1 1 0 0.4
19 129735 1452 3112 1 1 0 0.4
19 149471 1453 4012 1 1 0 0.4
19 112675 1462 2367 1 50 0 0.4
19 80383 1462 2409 1 10 0 0.4
19 79810 1463 2367 1 10 1 0.4
19 80475 1464 1698 1 1 1 0.4
19 84261 1464 1960 1 1 0 0.4
19 81655 1465 1724 1 1 0 0.4
19 152605 1469 3473 1 1 1 0.4
19 128383 1471 3396 1 1 1 0.4
19 154439 1474 3821 1 1 0 0.4
19 167571 1474 4776 1 1 0 0.4
19 130706 1476 3330 1 10 1 0.4
19 115235 1476 3028 1 1 0 0.4
19 126005 1477 3086 1 10 1 0.4
19 136114 1478 3297 1 1 1 0.4
19 60792 1482 1525 1 10 0 0.4
19 127867 1482 3323 1 50 1 0.4
19 120997 1482 2887 1 1 0 0.4
19 115690 1484 3385 1 1 1 0.4
19 84013 1490 2127 1 10 0 0.4
19 85899 1490 1901 1 1 1 0.4
19 141175 1491 3601 1 1 0 0.4
19 116818 1494 2550 1 10 0 0.4
19 106719 1496 2773 1 1 0 0.4
19 141951 1497 3226 1 1 0 0.4
19 69739 1500 1869 1 10 0 0.4
19 138372 1507 2784 1 1 1 0.4
19 109485 1511 3128 1 10 0 0.4
19 63115 1512 1791 1 10 1 0.4
19 73110 1512 1481 1 50 1 0.4
19 133532 1518 3404 1 1 0 0.4
19 69081 1524 2037 1 10 0 0.4
19 115305 1525 3212 1 50 0 0.4
19 84033 1527 2479 1 1 1 0.4
19 104440 1528 2475 1 1 1 0.4
19 179440 1529 5027 1 1 1 0.4
19 156669 1534 3907 1 10 1 0.4
19 142580 1536 3000 1 10 0 0.4
19 116047 1537 2460 1 1 1 0.4
19 152587 1538 4097 1 1 0 0.4
19 89129 1538 2225 1 1 1 0.4
19 176602 1539 4123 1 10 1 0.4
19 168257 1551 4148 1 10 0 0.4
19 122149 1552 3161 1 1 0 0.4
19 72185 1552 1681 1 1 0 0.4
19 131012 1555 3724 1 1 0 0.4
19 175938 1556 4890 1 10 0 0.4
19 165875 1568 3757 1 1 1 0.4
19 75000 1574 1875 1 50 1 0.4
19 93825 1575 2443 1 1 0 0.4
19 68626 1577 1538 1 1 1 0.4
19 90200 1577 2333 1 50 0 0.4
19 90715 1579 2087 1 1 0 0.4
19 147514 1579 3862 1 10 0 0.4
19 116197 1580 2592 1 10 0 0.4
19 66956 1582 1340 1 1 1 0.4
19 139404 1583 2880 1 1 0 0.4
19 124972 1583 2763 1 1 0 0.4
19 127842 1590 3707 1 10 1 0.4
19 135530 1591 3949 1 1 0 0.4
19 147351 1591 3935 1 10 0 0.4
19 117302 1593 2974 1 10 1 0.4
19 82037 1600 1731 1 1 1 0.4
19 164505 1600 4560 1 10 1 0.4
19 148956 1602 4429 1 1 1 0.4
19 64513 1604 1912 1 10 1 0.4
19 176737 1605 4506 1 10 0 0.4
19 72656 1605 1760 1 10 0 0.4
19 85173 1606 1856 1 1 1 0.4
19 169048 1609 3990 1 10 1 0.4
19 135301 1611 3685 1 1 1 0.4
19 68379 1616 1587 1 10 1 0.4
19 162406 1617 4677 1 10 1 0.4
19 66990 1617 1699 1 1 1 0.4
19 63612 1619 1790 1 10 0 0.4
19 172434 1621 4948 1 10 0 0.4
19 136645 1622 4088 1 1 0 0.4
19 92049 1626 1924 1 1 1 0.4
19 102042 1626 2846 1 50 0 0.4
19 152852 1627 4418 1 50 1 0.4
19 78859 1627 2133 1 1 1 0.4
19 160691 1628 3408 1 10 0 0.4
19 144455 1629 3222 1 50 1 0.4
19 97642 1630 2270 1 1 1 0.4
19 137966 1631 3059 1 1 0 0.4
19 136088 1640 3823 1 10 1 0.4
19 87364 1644 2038 1 1 1 0.4
19 69043 1644 1515 1 10 1 0.4
19 144637 1645 4108 1 10 0 0.4
19 83677 1645 2022 1 1 0 0.4
19 67761 1650 1952 1 10 1 0.4
19 157682 1653 3928 1 1 1 0.4
19 82818 1655 1979 1 10 1 0.4
19 101407 1659 2877 1 10 0 0.4
19 157513 1661 4661 1 1 1 0.4
19 102374 1667 2856 1 1 1 0.4
19 163568 1670 4440 1 1 0 0.4
19 114067 1671 2982 1 10 1 0.4
19 91370 1675 2740 1 10 0 0.4
19 175050 1677 4916 1 1 0 0.4
19 93418 1678 2273 1 10 1 0.4
19 95860 1679 2383 1 1 0 0.4
19 134377 1680 3984 1 1 1 0.4
19 85207 1682 2184 1 1 0 0.4
19 165993 1682 3404 1 10 1 0.4
19 120544 1685 3608 1 10 1 0.4
19 85346 1685 2374 1 10 1 0.4
19 89910 1689 2248 1 1 1 0.4
19 125434 1693 3335 1 10 0 0.4
19 127248 1697 3386 1 1 0 0.4
19 112765 1697 2686 1 1 1 0.4
19 79039 1699 1643 1 1 0 0.4
19 159098 1699 4711 1 50 0 0.4
19 116112 1701 3440 1 1 0 0.4
19 95884 1710 1936 1 10 1 0.4
19 70556 1711 1695 1 1 0 0.4
19 121257 1714 3490 1 1 0 0.4
19 104687 1721 2414 1 10 1 0.4
19 151036 1721 3929 1 1 1 0.4
19 165555 1723 3593 1 10 0 0.4
19 69780 1729 1794 1 1 1 0.4
19 116924 1731 2736 1 50 1 0.4
19 171442 1732 3853 1 1 1 0.4
19 60074 1733 1232 1 1 1 0.4
19 104441 1736 2644 1 1 1 0.4
19 127353 1738 2746 1 10 0 0.4
19 62931 1739 1320 1 1 0 0.4
19 165002 1739 4098 1 1 1 0.4
19 121210 1742 3316 1 10 0 0.4
19 162858 1743 3580 1 1 1 0.4
19 134219 1746 3057 1 1 0 0.4
19 103570 1752 2323 1 10 1 0.4
19 76240 1752 1709 1 10 0 0.4
19 82484 1763 1684 1 1 0 0.4
19 73097 1767 1659 1 1 1 0.4
19 171178 1769 4586 1 1 0 0.4
19 97093 1771 2130 1 1 1 0.4
19 61410 1775 1293 1 10 0 0.4
19 175401 1778 4860 1 10 0 0.4
19 152229 1780 3241 1 10 0 0.4
19 63259 1781 1609 1 50 0 0.4
19 116335 1783 3404 1 1 0 0.4
19 116637 1787 2534 1 1 1 0.4
19 165084 1791 4812 1 1 0 0.4
19 82284 1792 2116 1 1 1 0.4
19 167436 1792 3759 1 10 0 0.4
19 131617 1795 3900 1 1 1 0.4
19 62403 1798 1604 1 1 0 0.4
19 154765 1798 4390 1 10 1 0.4
19 101727 1804 2649 1 10 1 0.4
19 135287 1807 2802 1 50 1 0.4
19 109994 1809 2855 1 1 1 0.4
19 106522 1809 2545 1 1 1 0.4
19 111737 1813 2414 1 1 0 0.4
19 141487 1815 3750 1 1 1 0.4
19 112926 1818 2535 1 10 0 0.4
19 61895 1822 1684 1 10 1 0.4
19 110809 1822 2375 1 10 0 0.4
19 90956 1827 2491 1 10 0 0.4
19 88139 1828 1875 1 1 0 0.4
19 74915 1835 1964 1 1 0 0.4
19 122427 1837 3653 1 10 1 0.4
19 61170 1839 1718 1 10 1 0.4
19 110070 1842 3078 1 10 0 0.4
19 107659 1843 2654 1 1 1 0.4
19 86770 1846 1848 1 10 1 0.4
19 177936 1846 3657 1 1 0 0.4
19 97657 1852 2889 1 50 1 0.4
19 100226 1856 2018 1 1 1 0.4
19 73180 1862 2022 1 1 1 0.4
19 154747 1863 3725 1 1 0 0.4
19 87183 1867 1753 1 10 1 0.4
19 179061 1870 4202 1 1 1 0.4
19 120972 1874 2887 1 1 1 0.4
19 111366 1876 2456 1 50 1 0.4
19 179132 1881 4886 1 1 0 0.4
19 99182 1883 2831 1 1 0 0.4
19 137294 1888 2809 1 1 0 0.4
19 94907 1890 2570 1 1 0 0.4
19 71540 1890 1953 1 1 0 0.4
19 60937 1891 1800 1 10 0 0.4
19 134877 1892 3995 1 50 0 0.4
19 108779 1892 3156 1 1 1 0.4
19 161010 1895 4148 1 10 1 0.4
19 82494 1901 2430 1 10 1 0.4
19 65849 1901 1947 1 1 1 0.4
19 122835 1904 2887 1 1 0 0.4
19 101469 1904 2791 1 1 0 0.4
19 83913 1905 2359 1 1 1 0.4
19 68719 1908 1631 1 1 1 0.4
19 145793 1909 4163 1 10 0 0.4
19 123022 1915 3291 1 10 0 0.4
19 75323 1918 1945 1 10 0 0.4
19 160116 1918 3477 1 10 1 0.4
19 80752 1920 2068 1 50 1 0.4
19 70066 1924 1412 1 1 0 0.4
19 102948 1932 2345 1 1 0 0.4
19 67432 1932 1588 1 1 0 0.4
19 150794 1943 3344 1 10 0 0.4
19 80466 1945 2041 1 10 0 0.4
19 130021 1947 3367 1 1 0 0.4
19 145880 1949 3182 1 1 1 0.4
19 115753 1953 2714 1 1 1 0.4
19 148962 1953 4280 1 1 1 0.4
19 77733 1956 2157 1 50 0 0.4
19 136813 1962 3939 1 1 0 0.4
19 131114 1963 3868 1 10 0 0.4
19 85483 1964 2368 1 1 0 0.4
19 127920 1966 3660 1 1 1 0.4
19 92097 1967 2617 1 1 1 0.4
19 71058 1969 1721 1 1 1 0.4
19 128019 1969 2661 1 50 1 0.4
19 85152 1970 2365 1 50 0 0.4
19 132468 1972 3549 1 1 1 0.4
19 177902 1974 3716 1 1 1 0.4
19 100589 1979 2543 1 1 1 0.4
19 136438 1980 3796 1 1 1 0.4
19 104905 1987 2286 1 1 1 0.4
19 174052 1987 5114 1 1 1 0.4
19 144647 1992 3054 1 10 1 0.4
19 104582 1993 2190 1 1 0 0.4
19 92367 1993 2042 1 1 1 0.4
19 110368 1993 2854 1 1 0 0.4
19 66688 1994 1540 1 10 0 0.4
19 111081 1998 2966 1 50 1 0.4
19 114349 2003 3073 1 1 0 0.4
19 74823 2005 1808 1 1 0 0.4
19 105490 2013 2442 1 1 1 0.4
19 173507 2014 4575 1 1 1 0.4
19 151867 2015 4059 1 10 1 0.4
19 73730 2017 1821 1 1 0 0.4
19 91795 2017 2426 1 1 1 0.4
19 72504 2019 2151 1 1 0 0.4
19 115605 2024 2542 1 1 1 0.4
19 83555 2032 1949 1 10 1 0.4
19 114522 2038 3320 1 50 0 0.4
19 129123 2042 2858 1 1 1 0.4
19 91933 2048 2432 1 1 0 0.4
19 95599 2054 2207 1 10 0 0.4
19 66967 2060 1750 1 10 1 0.4
19 177187 2064 3831 1 1 0 0.4
19 178471 2065 4170 1 10 1 0.4
19 102909 2065 2590 1 10 1 0.4
19 86765 2069 2194 1 10 0 0.4
19 139159 2071 2907 1 10 0 0.4
19 122572 2073 3397 1 50 1 0.4
19 119445 2073 2579 1 1 1 0.4
19 63078 2075 1284 1 1 0 0.4
19 62706 2076 1705 1 1 0 0.4
19 140244 2079 3420 1 1 0 0.4
19 118656 2081 3543 1 50 0 0.4
19 114645 2082 2784 1 1 0 0.4
19 104435 2085 2183 1 1 0 0.4
19 115283 2087 2601 1 10 1 0.4
19 63153 2091 1543 1 1 1 0.4
19 151915 2093 3367 1 10 1 0.4
19 128427 2098 3672 1 10 0 0.4
19 69423 2099 1916 1 10 0 0.4
19 60686 2099 1683 1 10 1 0.4
19 60152 2100 1421 1 1 1 0.4
19 82169 2100 2456 1 10 1 0.4
19 132888 2103 3477 1 10 1 0.4
19 115516 2103 3371 1 1 0 0.4
19 76992 2108 1738 1 10 1 0.4
19 103369 2113 3099 1 10 0 0.4
19 108599 2115 2707 1 50 1 0.4
19 137835 2122 3655 1 10 1 0.4
19 96747 2124 2031 1 1 1 0.4
19 60365 2125 1444 1 1 1 0.4
19 83098 2127 1702 1 50 1 0.4
19 126333 2131 3095 1 50 0 0.4
19 90274 2133 2137 1 1 0 0.4
19 81518 2135 1730 1 10 0 0.4
19 66244 2135 1457 1 1 0 0.4
19 70912 2137 1731 1 1 0 0.4
19 95141 2139 2648 1 1 1 0.4
19 128658 2139 3196 1 1 0 0.4
19 159654 2140 4299 1 1 1 0.4
19 169285 2142 3443 1 1 0 0.4
19 95688 2142 2741 1 1 1 0.4
19 169654 2143 3717 1 10 0 0.4
19 86102 2145 2405 1 50 1 0.4
19 95387 2147 2004 1 1 1 0.4
19 118950 2151 2652 1 1 0 0.4
19 122404 2153 3176 1 10 0 0.4
19 144972 2153 2913 1 1 0 0.4
19 125517 2153 3527 1 1 0 0.4
19 94635 2157 2613 1 50 0 0.4
19 90964 2159 1953 1 1 1 0.4
19 146826 2159 3252 1 10 1 0.4
19 131355 2160 3421 1 50 0 0.4
19 169793 2161 4228 1 10 1 0.4
19 127049 2164 2638 1 1 1 0.4
19 143003 2166 3179 1 1 0 0.4
19 84399 2168 2455 1 1 1 0.4
19 121713 2173 3226 1 1 0 0.4
19 126744 2176 3680 1 1 0 0.4
19 72019 2179 1765 1 10 1 0.4
19 161808 2185 4294 1 50 0 0.4
19 97043 2187 2095 1 1 0 0.4
19 138642 2189 3914 1 10 0 0.4
19 71841 2191 2103 1 1 0 0.4
19 144393 2197 3627 1 10 0 0.4
19 137904 2200 3763 1 1 0 0.4
19 145841 2202 3460 1 1 0 0.4
19 158757 2203 3288 1 1 0 0.4
19 149806 2208 3403 1 10 0 0.4
19 106529 2209 2584 1 1 0 0.4
19 109767 2212 3244 1 10 0 0.4
19 141312 2220 3935 1 1 1 0.4
19 167171 2221 4862 1 1 1 0.4
19 118307 2227 2702 1 10 0 0.4
19 69644 2230 1637 1 1 0 0.4
19 116368 2231 2782 1 1 1 0.4
19 158093 2245 4046 1 1 0 0.4
19 140971 2245 3167 1 50 0 0.4
19 171263 2249 4480 1 1 1 0.4
19 170588 2250 4608 1 50 0 0.4
19 64975 2251 1616 1 1 0 0.4
19 151667 2259 3055 1 10 0 0.4
19 148717 2260 3790 1 10 0 0.4
19 119599 2266 2473 1 1 0 0.4
19 143361 2271 2964 1 1 1 0.4
19 121059 2272 2869 1 10 1 0.4
19 85394 2272 1978 1 1 0 0.4
19 162474 2274 4278 1 1 1 0.4
19 96134 2275 2876 1 1 1 0.4
19 171513 2276 3443 1 1 0 0.4
19 142393 2280 3613 1 1 0 0.4
19 100665 2281 2937 1 50 1 0.4
19 145833 2283 4246 1 1 0 0.4
19 121321 2285 3631 1 1 1 0.4
19 112871 2285 3209 1 10 0 0.4
19 151048 2290 3470 1 10 1 0.4
19 84367 2290 2307 1 10 0 0.4
19 62030 2291 1509 1 50 1 0.4
19 88502 2292 2358 1 10 0 0.4
19 167290 2295 3679 1 10 1 0.4
19 72089 2295 2150 1 10 1 0.4
19 102552 2300 2741 1 10 0 0.4
19 143747 2304 4259 1 10 1 0.4
19 101058 2305 2234 1 10 1 0.4
19 87096 2309 2406 1 10 1 0.4
19 88174 2310 2533 1 50 1 0.4
19 63723 2312 1743 1 50 0 0.4
19 172159 2312 4927 1 1 1 0.4
19 130065 2314 2612 1 1 1 0.4
19 60173 2314 1228 1 10 0 0.4
19 173758 2314 3774 1 1 0 0.4
19 86402 2317 2232 1 10 0 0.4
19 137094 2318 3970 1 50 0 0.4
19 86412 2319 2129 1 1 1 0.4
19 114566 2319 3168 1 1 1 0.4
19 169791 2320 4191 1 1 1 0.4
19 123141 2325 2796 1 10 1 0.4
19 105044 2325 2799 1 1 0 0.4
19 110133 2326 2257 1 10 1 0.4
19 106017 2327 2856 1 10 1 0.4
19 61133 2328 1715 1 10 1 0.4
19 89713 2333 1953 1 1 1 0.4
19 119900 2333 3145 1 1 0 0.4
19 128255 2334 3648 1 1 1 0.4
19 128087 2341 3142 1 1 0 0.4
19 84659 2357 2320 1 1 1 0.4
19 145562 2358 3475 1 1 0 0.4
19 99771 2360 2711 1 1 1 0.4
19 128682 2364 3728 1 1 1 0.4
19 141363 2364 3413 1 10 1 0.4
19 173117 2367 4887 1 1 1 0.4
19 146844 2375 3901 1 10 0 0.4
19 162731 2376 4488 1 1 0 0.4
19 157295 2376 4434 1 1 0 0.4
19 79868 2378 1717 1 10 1 0.4
19 60048 2378 1231 1 50 1 0.4
19 115497 2378 3104 1 50 0 0.4
19 87813 2382 2025 1 10 1 0.4
19 88600 2383 2582 1 1 0 0.4
19 167727 2384 3541 1 1 1 0.4
19 65038 2390 1685 1 1 1 0.4
19 117387 2397 3378 1 1 1 0.4
19 60141 2397 1540 1 10 1 0.4
19 148274 2398 3841 1 1 0 0.4
19 113081 2398 2490 1 1 1 0.4
19 152924 2400 3909 1 1 1 0.4
19 62664 2401 1733 1 50 1 0.4
19 176179 2402 5051 1 1 0 0.4
19 158761 2402 3346 1 10 0 0.4
19 129440 2406 3809 1 1 1 0.4
19 118614 2407 2722 1 1 1 0.4
19 82832 2407 2059 1 1 0 0.4
19 154585 2410 3221 1 50 0 0.4
19 114679 2412 2795 1 1 0 0.4
19 81231 2412 1823 1 1 1 0.4
19 96332 2414 2190 1 10 1 0.4
19 116794 2414 3174 1 1 0 0.4
19 118199 2414 3412 1 10 1 0.4
19 104038 2425 3080 1 10 1 0.4
19 106196 2426 2263 1 1 1 0.4
19 158685 2427 4476 1 10 0 0.4
19 125929 2427 2670 1 1 0 0.4
19 84265 2428 1805 1 10 0 0.4
19 75828 2429 1959 1 10 0 0.4
19 146758 2429 3220 1 1 1 0.4
19 161121 2433 4701 1 1 0 0.4
19 154909 2433 4306 1 1 1 0.4
19 91162 2438 2648 1 10 0 0.4
19 170669 2441 4927 1 10 1 0.4
19 83035 2444 2315 1 10 0 0.4
19 119541 2450 3090 1 1 1 0.4
19 169249 2454 4564 1 1 1 0.4
19 170314 2457 4329 1 1 0 0.4
19 155373 2457 4240 1 1 0 0.4
19 101586 2458 2509 1 1 1 0.4
19 112790 2459 2483 1 50 0 0.4
19 97302 2460 2890 1 10 1 0.4
19 73238 2462 1888 1 50 1 0.4
19 141607 2464 3212 1 10 0 0.4
19 164647 2465 3801 1 1 0 0.4
19 73133 2465 2054 1 10 0 0.4
19 146871 2466 3630 1 1 0 0.4
19 93795 2468 2385 1 1 1 0.4
19 108297 2470 2802 1 1 0 0.4
19 133319 2472 3338 1 1 1 0.4
19 164371 2474 3812 1 1 1 0.4
19 113693 2476 2697 1 1 1 0.4
19 148688 2478 4134 1 1 1 0.4
19 60943 2478 1802 1 10 0 0.4
19 61403 2484 1360 1 10 1 0.4
19 77780 2486 1820 1 1 0 0.4
19 121466 2488 2784 1 1 1 0.4
19 174995 2504 3893 1 1 1 0.4
19 124136 2509 3456 1 1 1 0.4
19 125571 2509 2774 1 50 1 0.4
19 135799 2510 3218 1 1 0 0.4
19 104514 2511 2433 1 1 0 0.4
19 133790 2515 3709 1 1 1 0.4
19 73159 2515 1551 1 50 0 0.4
19 90288 2518 2073 1 10 1 0.4
19 157686 2519 4410 1 1 1 0.4
19 94586 2519 2182 1 1 1 0.4
19 86548 2523 2014 1 1 1 0.4
19 152299 2526 3137 1 1 0 0.4
19 150655 2529 4505 1 10 1 0.4
19 103702 2536 2304 1 1 0 0.4
19 142453 2536 3738 1 50 1 0.4
19 115121 2536 2747 1 1 1 0.4
19 79913 2540 1855 1 10 1 0.4
19 130643 2541 3376 1 1 1 0.4
19 62479 2541 1795 1 10 0 0.4
19 86277 2545 1848 1 10 0 0.4
19 162249 2550 3890 1 10 1 0.4
19 164654 2553 3594 1 10 0 0.4
19 65974 2555 1635 1 1 0 0.4
19 143372 2560 4261 1 10 1 0.4
19 168675 2560 4208 1 10 0 0.4
19 102312 2569 2465 1 1 1 0.4
19 135473 2573 3900 1 1 0 0.4
19 141910 2573 2913 1 1 0 0.4
19 99817 2574 2859 1 10 0 0.4
19 161098 2576 3780 1 10 1 0.4
19 95278 2582 2817 1 1 0 0.4
19 178269 2584 4117 1 1 0 0.4
19 121624 2589 3604 1 1 0 0.4
19 88096 2592 2059 1 10 1 0.4
19 166165 2594 3777 1 1 0 0.4
19 71251 2597 1688 1 1 1 0.4
19 175622 2597 4863 1 1 1 0.4
19 135347 2601 2753 1 1 0 0.4
19 90407 2601 2501 1 1 1 0.4
19 170143 2601 5044 1 1 0 0.4
19 66593 2605 1415 1 10 0 0.4
19 84509 2607 1987 1 1 1 0.4
19 66763 2607 1741 1 1 0 0.4
19 126899 2616 3008 1 10 1 0.4
19 164033 2618 4871 1 1 0 0.4
19 126390 2620 2997 1 10 0 0.4
19 83418 2623 1781 1 10 0 0.4
19 109259 2624 2319 1 10 1 0.4
19 71114 2624 1668 1 1 0 0.4
19 85950 2624 2058 1 1 0 0.4
19 171618 2627 3802 1 1 0 0.4
19 171540 2628 4705 1 1 1 0.4
19 166459 2630 4502 1 10 1 0.4
19 76103 2633 1582 1 1 0 0.4
19 98728 2636 2518 1 1 1 0.4
19 154736 2636 3968 1 1 1 0.4
19 83391 2641 2224 1 10 0 0.4
19 170503 2641 3508 1 50 0 0.4
19 80112 2645 2129 1 1 1 0.4
19 156063 2645 3165 1 50 1 0.4
19 78696 2649 2120 1 1 1 0.4
19 149828 2649 3638 1 10 0 0.4
19 152678 2650 3353 1 1 1 0.4
19 80869 2650 1671 1 50 1 0.4
19 99899 2651 2659 1 50 0 0.4
19 103702 2655 2078 1 10 0 0.4
19 152579 2657 3711 1 1 1 0.4
19 144029 2659 4285 1 1 1 0.4
19 119868 2659 3179 1 1 1 0.4
19 81688 2661 1915 1 1 1 0.4
19 177494 2664 4895 1 1 1 0.4
19 151511 2664 4342 1 50 1 0.4
19 84706 2665 1714 1 1 0 0.4
19 179268 2667 3794 1 1 0 0.4
19 126383 2669 2613 1 1 1 0.4
19 165951 2672 4393 1 1 1 0.4
19 90185 2672 1830 1 1 1 0.4
19 100284 2677 2543 1 10 0 0.4
19 138867 2677 2837 1 1 0 0.4
19 91442 2687 2047 1 10 1 0.4
19 130442 2693 2644 1 1 0 0.4
19 164401 2695 3518 1 10 1 0.4
19 67658 2697 1619 1 1 1 0.4
19 136031 2701 2802 1 1 1 0.4
19 76102 2704 2230 1 10 1 0.4
19 78436 2706 2099 1 1 0 0.4
19 113969 2708 3398 1 1 1 0.4
19 136037 2719 3317 1 10 1 0.4
19 119996 2719 3313 1 1 1 0.4
19 171812 2724 4183 1 1 0 0.4
19 130703 2724 3196 1 1 0 0.4
19 99118 2731 2005 1 1 1 0.4
19 171795 2732 4974 1 10 1 0.4
19 107136 2734 2335 1 10 1 0.4
19 169503 2736 4699 1 1 1 0.4
19 81936 2738 2098 1 1 1 0.4
19 110084 2742 2755 1 1 0 0.4
19 112411 2743 2720 1 10 0 0.4
19 101742 2748 2263 1 1 1 0.4
19 125046 2749 2924 1 1 0 0.4
19 105046 2751 2585 1 1 1 0.4
19 138486 2751 3842 1 1 1 0.4
19 168862 2753 4904 1 50 1 0.4
19 73850 2755 1964 1 1 0 0.4
19 133754 2760 3004 1 10 0 0.4
19 111297 2762 3008 1 10 1 0.4
19 114252 2762 2838 1 1 0 0.4
19 155136 2764 3412 1 1 1 0.4
19 87559 2767 1880 1 10 0 0.4
19 131337 2768 2967 1 1 0 0.4
19 90011 2768 2463 1 1 0 0.4
19 142645 2770 3581 1 1 1 0.4
19 90210 2771 2269 1 1 1 0.4
19 60041 2772 1474 1 50 1 0.4
19 62127 2776 1320 1 10 1 0.4
19 102359 2777 2754 1 1 1 0.4
19 155192 2778 4615 1 1 1 0.4
19 126739 2782 2679 1 1 0 0.4
19 122009 2784 2610 1 1 1 0.4
19 117666 2784 2706 1 10 0 0.4
19 158368 2786 3962 1 1 0 0.4
19 154975 2788 3259 1 1 0 0.4
19 165566 2791 4370 1 1 1 0.4
19 99765 2792 2767 1 50 0 0.4
19 145040 2793 3788 1 10 1 0.4
19 138474 2794 3798 1 1 0 0.4
19 62691 2796 1378 1 10 0 0.4
19 122481 2803 2502 1 1 0 0.4
19 89279 2804 2375 1 10 1 0.4
19 108566 2809 2927 1 1 0 0.4
19 120594 2815 3014 1 10 1 0.4
19 146878 2818 3235 1 1 1 0.4
19 114740 2819 2486 1 1 1 0.4
19 148724 2819 3525 1 10 1 0.4
19 125562 2826 3383 1 1 0 0.4
19 131976 2828 3118 1 1 1 0.4
19 105249 2830 2986 1 50 0 0.4
19 153938 2835 4450 1 1 1 0.4
19 146231 2837 3823 1 50 0 0.4
19 146982 2841 3484 1 1 0 0.4
19 169845 2843 4094 1 1 0 0.4
19 81650 2843 1917 1 1 1 0.4
19 80387 2845 1770 1 10 1 0.4
19 84408 2848 2193 1 1 0 0.4
19 174516 2848 3998 1 10 0 0.4
19 111849 2852 2486 1 1 0 0.4
19 116088 2853 3461 1 10 0 0.4
19 143493 2858 3294 1 1 0 0.4
19 115452 2860 2865 1 1 1 0.4
19 66729 2864 1496 1 10 0 0.4
19 162044 2871 4851 1 1 0 0.4
19 128564 2872 3797 1 10 1 0.4
19 120488 2874 2862 1 10 0 0.4
19 96881 2874 2104 1 1 0 0.4
19 145914 2874 3549 1 1 1 0.4
19 107771 2875 3153 1 10 1 0.4
19 84492 2875 2354 1 10 1 0.4
19 126882 2878 3062 1 10 0 0.4
19 78906 2878 2084 1 1 1 0.4
19 151855 2879 3103 1 10 0 0.4
19 66902 2880 1746 1 1 1 0.4
19 88493 2881 2224 1 1 1 0.4
19 108092 2884 2803 1 1 1 0.4
19 130319 2884 3908 1 1 1 0.4
19 75524 2885 2030 1 10 1 0.4
19 168729 2888 4410 1 1 0 0.4
19 111345 2890 2824 1 10 1 0.4
19 76721 2891 1558 1 1 0 0.4
19 83071 2891 1824 1 1 1 0.4
19 96504 2904 2207 1 1 1 0.4
19 72968 2905 1563 1 1 1 0.4
19 176183 2905 4306 1 1 1 0.4
19 146532 2909 3264 1 10 0 0.4
19 87740 2910 2254 1 10 1 0.4
19 178010 2912 5174 1 10 0 0.4
19 68987 2915 1565 1 50 0 0.4
19 133560 2922 3948 1 1 0 0.4
19 76877 2923 1555 1 50 0 0.4
19 108733 2926 3198 1 1 0 0.4
19 105784 2928 2428 1 1 1 0.4
19 139910 2934 4096 1 1 1 0.4
19 173696 2936 3979 1 50 1 0.4
19 132511 2943 3267 1 10 1 0.4
19 74693 2947 1739 1 10 1 0.4
19 152896 2948 3650 1 10 1 0.4
19 152285 2948 4212 1 10 1 0.4
19 165517 2948 3724 1 1 0 0.4
19 173725 2949 4180 1 1 0 0.4
19 123560 2950 3489 1 1 0 0.4
19 140433 2952 2960 1 1 0 0.4
19 122382 2955 2915 1 1 1 0.4
19 114100 2957 2799 1 1 1 0.4
19 124759 2961 2792 1 50 1 0.4
19 70208 2965 1925 1 1 0 0.4
19 158339 2966 3933 1 1 0 0.4
19 167606 2966 3932 1 10 0 0.4
19 78653 2968 2085 1 1 1 0.4
19 84984 2969 2002 1 1 0 0.4
19 127939 2971 2906 1 1 0 0.4
19 133315 2973 3711 1 1 1 0.4
19 116679 2977 2892 1 50 1 0.4
19 105024 2980 2803 1 10 1 0.4
19 111730 2980 2918 1 1 1 0.4
19 121448 2982 2446 1 1 1 0.4
19 95251 2985 2245 1 1 1 0.4
19 67218 2985 1867 1 10 0 0.4
19 98562 2986 2171 1 50 0 0.4
19 149896 2992 3717 1 1 0 0.4
19 81423 2995 2146 1 1 1 0.4
19 175954 2997 3788 1 1 1 0.4
19 70569 2997 1674 1 10 1 0.4
19 122294 2999 2657 1 1 0 0.4
19 119291 3003 3470 1 10 0 0.4
19 97069 3004 2722 1 1 1 0.4
19 97721 3006 2140 1 10 1 0.4
19 74898 3006 2183 1 1 0 0.4
19 148443 3011 3584 1 1 1 0.4
19 171245 3014 4000 1 1 1 0.4
19 116900 3016 2660 1 1 1 0.4
19 119197 3016 3075 1 1 0 0.4
19 134866 3017 3091 1 1 1 0.4
19 119445 3018 2815 1 1 0 0.4
19 84615 3018 2514 1 10 0 0.4
19 106556 3023 2970 1 10 1 0.4
19 149378 3028 3659 1 1 1 0.4
19 109810 3031 2203 1 10 1 0.4
19 67432 3032 1935 1 10 0 0.4
19 60868 3038 1248 1 1 1 0.4
19 68185 3039 1593 1 10 1 0.4
19 161143 3041 4444 1 10 0 0.4
19 61079 3047 1549 1 10 0 0.4
19 83910 3047 2266 1 1 0 0.4
19 83019 3048 2215 1 1 1 0.4
19 126761 3049 2904 1 50 1 0.4
19 76054 3049 2073 1 10 1 0.4
19 175857 3057 4961 1 10 0 0.4
19 70963 3057 1469 1 10 0 0.4
19 167328 3057 4163 1 1 1 0.4
19 138771 3059 3460 1 1 0 0.4
19 88834 3060 2612 1 1 1 0.4
19 103099 3069 2732 1 1 0 0.4
19 144112 3069 3874 1 1 1 0.4
19 76453 3072 2137 1 1 1 0.4
19 119053 3072 3509 1 1 0 0.4
19 84972 3080 2167 1 1 1 0.4
19 162595 3088 3549 1 50 1 0.4
19 134229 3091 3574 1 50 0 0.4
19 119806 3093 3198 1 1 1 0.4
19 149049 3096 3533 1 1 1 0.4
19 94948 3098 2219 1 50 1 0.4
19 83667 3098 1693 1 10 1 0.4
19 168922 3098 4489 1 10 1 0.4
19 79724 3099 1744 1 50 0 0.4
19 152582 3099 4524 1 10 0 0.4
19 80821 3100 1776 1 1 0 0.4
19 102222 3104 2250 1 10 0 0.4
19 124041 3106 2528 1 50 1 0.4
19 86214 3106 1752 1 10 0 0.4
19 71394 3108 1812 1 1 1 0.4
19 140003 3115 3649 1 1 1 0.4
19 172297 3117 4170 1 1 1 0.4
19 162289 3124 4238 1 1 0 0.4
19 67146 3126 1411 1 10 0 0.4
19 121605 3135 3227 1 10 0 0.4
19 138817 3139 4156 1 10 1 0.4
19 161767 3140 3851 1 1 1 0.4
19 163675 3141 4754 1 1 0 0.4
19 116227 3142 2959 1 10 0 0.4
19 136112 3144 3835 1 1 1 0.4
19 85687 3146 2389 1 1 0 0.4
19 145889 3147 3066 1 1 1 0.4
19 154825 3150 3579 1 1 0 0.4
19 119492 3151 2566 1 1 1 0.4
19 114643 3152 2447 1 1 0 0.4
19 126096 3155 2736 1 10 1 0.4
19 109246 3155 3144 1 50 1 0.4
19 179078 3156 3836 1 1 1 0.4
19 64470 3156 1820 1 1 0 0.4
19 155592 3163 3599 1 1 0 0.4
19 114880 3167 3183 1 1 0 0.4
19 160082 3174 4319 1 1 0 0.4
19 175964 3176 3911 1 1 1 0.4
19 73269 3188 1583 1 1 0 0.4
19 118527 3190 3372 1 10 1 0.4
19 67144 3192 1702 1 1 1 0.4
19 154535 3193 4273 1 1 0 0.4
19 91281 3196 2351 1 10 0 0.4
19 76112 3197 1680 1 50 0 0.4
19 128267 3197 2785 1 50 0 0.4
19 95009 3198 2663 1 10 1 0.4
19 122691 3199 2722 1 10 0 0.4
19 103208 3202 3041 1 10 0 0.4
19 105265 3203 2956 1 10 1 0.4
19 113708 3203 2635 1 1 1 0.4
19 115965 3205 2808 1 1 0 0.4
19 176115 3206 3939 1 1 1 0.4
19 135136 3210 3666 1 10 0 0.4
19 96323 3213 2212 1 10 0 0.4
19 71831 3215 1854 1 10 0 0.4
19 83195 3217 1683 1 1 1 0.4
19 166739 3220 4445 1 10 0 0.4
19 168948 3224 3648 1 10 1 0.4
19 155590 3232 4016 1 1 1 0.4
19 66047 3234 1400 1 10 0 0.4
19 73568 3240 1724 1 10 1 0.4
19 102431 3243 2340 1 1 0 0.4
19 164744 3247 4846 1 1 1 0.4
19 93453 3250 2640 1 50 1 0.4
19 169729 3250 3811 1 1 0 0.4
19 157000 3252 4681 1 1 1 0.4
19 145976 3254 2940 1 1 0 0.4
19 135779 3256 3649 1 50 0 0.4
19 136597 3258 3622 1 50 1 0.4
19 157063 3260 4535 1 10 1 0.4
19 153737 3262 3234 1 1 1 0.4
19 116606 3263 2515 1 50 1 0.4
19 136387 3265 3736 1 1 1 0.4
19 169945 3267 3604 1 10 0 0.4
19 124074 3267 3415 1 1 0 0.4
19 170565 3268 4602 1 10 1 0.4
19 101595 3268 2341 1 10 1 0.4
19 104122 3269 2499 1 1 0 0.4
19 102339 3271 2807 1 1 0 0.4
19 64350 3272 1644 1 1 1 0.4
19 75027 3275 2185 1 1 0 0.4
19 120573 3276 3049 1 1 0 0.4
19 87237 3277 2069 1 1 0 0.4
19 95152 3279 2588 1 1 0 0.4
19 106951 3282 2325 1 1 0 0.4
19 169299 3284 3915 1 10 0 0.4
19 94823 3284 2840 1 1 0 0.4
19 84127 3286 2376 1 10 1 0.4
19 139052 3289 2901 1 1 0 0.4
19 91342 3289 2493 1 1 1 0.4
19 167129 3290 3559 1 10 0 0.4
19 165547 3291 3876 1 10 1 0.4
19 168914 3292 4724 1 1 1 0.4
19 86903 3296 1875 1 10 1 0.4
19 127111 3300 3050 1 1 1 0.4
19 140843 3302 3911 1 1 1 0.4
19 141479 3302 2833 1 10 0 0.4
19 72364 3303 1586 1 1 1 0.4
19 65017 3304 1925 1 1 0 0.4
19 147343 3304 3685 1 10 0 0.4
19 158467 3305 3464 1 10 1 0.4
19 72064 3308 1983 1 10 1 0.4
19 64211 3309 1653 1 1 1 0.4
19 94831 3311 2197 1 1 0 0.4
19 87893 3311 2264 1 10 0 0.4
19 111751 3312 2990 1 10 1 0.4
19 61165 3320 1534 1 50 1 0.4
19 108971 3325 2725 1 10 0 0.4
19 111731 3330 2311 1 1 0 0.4
19 149221 3330 3426 1 1 1 0.4
19 101147 3332 2524 1 10 1 0.4
19 63844 3333 1861 1 1 0 0.4
19 142838 3336 3036 1 10 1 0.4
19 78613 3338 1590 1 10 1 0.4
19 71760 3340 1727 1 1 1 0.4
19 85972 3342 1826 1 10 1 0.4
19 61845 3346 1516 1 10 0 0.4
19 128333 3346 3208 1 1 1 0.4
19 118373 3357 3506 1 1 1 0.4
19 97125 3357 2323 1 1 1 0.4
19 96585 3359 2786 1 50 0 0.4
19 153244 3362 3815 1 10 0 0.4
19 134796 3365 3403 1 10 0 0.4
19 67716 3365 1876 1 10 1 0.4
19 126205 3368 2679 1 10 1 0.4
19 103006 3368 2682 1 50 0 0.4
19 96297 3368 2375 1 1 0 0.4
19 141374 3368 3997 1 1 0 0.4
19 111369 3369 2293 1 1 1 0.4
19 95602 3370 2576 1 1 1 0.4
19 89812 3371 2302 1 50 1 0.4
19 135929 3375 4032 1 1 1 0.4
19 142835 3377 3109 1 1 1 0.4
19 113636 3378 2535 1 1 0 0.4
19 93926 3381 2119 1 10 0 0.4
19 68433 3381 1515 1 10 1 0.4
19 67090 3384 1671 1 1 1 0.4
19 72037 3385 1614 1 10 0 0.4
19 62381 3386 1705 1 50 1 0.4
19 104896 3387 2201 1 10 1 0.4
19 84534 3388 2097 1 50 0 0.4
19 147887 3389 2989 1 1 0 0.4
19 155193 3390 3317 1 10 0 0.4
19 70789 3391 2069 1 1 1 0.4
19 78629 3399 2014 1 1 0 0.4
19 126029 3402 3274 1 10 1 0.4
19 131400 3403 2864 1 1 1 0.4
19 120874 3411 2551 1 1 1 0.4
19 80892 3414 1729 1 10 0 0.4
19 96745 3415 2861 1 1 1 0.4
19 134129 3417 3774 1 1 0 0.4
19 168520 3423 4610 1 1 1 0.4
19 158502 3425 3594 1 1 1 0.4
19 98235 3434 2387 1 1 0 0.4
19 163472 3437 3296 1 10 1 0.4
19 77991 3438 1890 1 10 1 0.4
19 179287 3440 3995 1 10 0 0.4
19 130146 3444 3468 1 1 1 0.4
19 170021 3448 3869 1 1 0 0.4
19 100345 3448 2140 1 1 1 0.4
19 89618 3449 2140 1 1 0 0.4
19 90868 3450 2181 1 10 1 0.4
19 155161 3458 3567 1 50 0 0.4
19 134417 3458 2903 1 10 1 0.4
19 65412 3464 1346 1 1 0 0.4
19 124513 3475 3059 1 1 0 0.4
19 100766 3475 2795 1 1 0 0.4
19 129690 3478 3154 1 10 1 0.4
19 63206 3478 1760 1 1 0 0.4
19 68062 3479 1941 1 10 1 0.4
19 76168 3481 2113 1 1 0 0.4
19 141587 3481 3459 1 1 0 0.4
19 126057 3482 3661 1 10 0 0.4
19 111402 3485 2432 1 1 0 0.4
19 113183 3489 3206 1 50 0 0.4
19 109284 3492 2843 1 50 1 0.4
19 167289 3493 4840 1 10 1 0.4
19 178187 3493 4548 1 50 1 0.4
19 179108 3496 4732 1 1 0 0.4
19 135912 3497 3569 1 50 1 0.4
19 158492 3498 3815 1 10 1 0.4
19 65380 3500 1659 1 1 1 0.4
19 147543 3503 4164 1 50 0 0.4
19 170848 3505 3933 1 10 1 0.4
19 114154 3511 2869 1 1 1 0.4
19 106365 3513 2769 1 1 1 0.4
19 159239 3515 4594 1 1 0 0.4
19 141610 3517 3179 1 10 1 0.4
19 177373 3520 4872 1 1 0 0.4
19 139825 3521 3855 1 1 0 0.4
19 139480 3522 3600 1 1 0 0.4
19 177202 3526 4124 1 10 1 0.4
19 110397 3527 2453 1 1 1 0.4
19 98516 3527 2179 1 10 1 0.4
19 117119 3528 2688 1 10 0 0.4
19 64046 3530 1600 1 1 0 0.4
19 66830 3530 1583 1 50 1 0.4
19 74174 3530 1585 1 1 1 0.4
19 137897 3532 3405 1 10 0 0.4
19 139497 3533 3208 1 1 0 0.4
19 112584 3539 3346 1 1 0 0.4
19 83964 3541 2375 1 1 0 0.4
19 108258 3541 2723 1 1 1 0.4
19 87285 3545 2310 1 50 0 0.4
19 143552 3545 3835 1 10 0 0.4
19 119726 3551 2686 1 1 0 0.4
19 154847 3555 4570 1 1 1 0.4
19 132859 3555 2981 1 1 0 0.4
19 143472 3555 3941 1 1 0 0.4
19 97958 3556 2608 1 50 0 0.4
19 110580 3558 2581 1 1 0 0.4
19 172092 3559 4090 1 1 1 0.4
19 138202 3560 3201 1 10 1 0.4
19 140081 3561 3554 1 1 1 0.4
19 179434 3561 4386 1 1 1 0.4
19 120915 3568 3624 1 10 0 0.4
19 125634 3568 3262 1 1 0 0.4
19 127368 3570 2883 1 1 0 0.4
19 82902 3571 2015 1 1 0 0.4
19 112287 3573 2334 1 10 0 0.4
19 150929 3573 4246 1 10 1 0.4
19 111884 3578 3030 1 1 0 0.4
19 142007 3583 3950 1 1 0 0.4
19 68977 3585 1650 1 1 0 0.4
19 177074 3586 3990 1 1 1 0.4
19 162130 3588 4632 1 10 0 0.4
19 129572 3596 2639 1 1 0 0.4
19 128730 3596 3711 1 50 0 0.4
19 141841 3597 3571 1 1 1 0.4
19 100068 3598 2289 1 10 0 0.4
19 130844 3598 3350 1 10 1 0.4
