1500
4 107242 0 2976 1 50 0 0.4
4 151821 0 4002 1 1 0 0.4
4 151365 5 4251 1 1 1 0.4
4 161334 6 4294 1 1 1 0.4
4 121429 7 2820 1 10 1 0.4
4 97177 7 2512 1 1 1 0.4
4 132601 8 3283 1 10 1 0.4
4 134591 15 3161 1 10 0 0.4
4 104725 15 2529 1 1 0 0.4
4 153169 19 3298 1 1 0 0.4
4 163362 25 4082 1 10 0 0.4
4 136085 26 2917 1 1 1 0.4
4 143634 26 3732 1 1 1 0.4
4 78557 28 1903 1 1 0 0.4
4 101932 30 2385 1 50 1 0.4
4 90482 34 1814 1 1 0 0.4
4 115407 35 3088 1 50 1 0.4
4 103984 36 2759 1 1 0 0.4
4 152907 38 3749 1 1 0 0.4
4 123783 38 2767 1 1 1 0.4
4 78419 41 2159 1 1 0 0.4
4 81358 42 2035 1 1 0 0.4
4 104634 47 3053 1 1 0 0.4
4 79867 50 1827 1 10 1 0.4
4 160781 58 3571 1 50 1 0.4
4 66864 61 1752 1 1 1 0.4
4 107959 62 2336 1 1 1 0.4
4 170498 63 3606 1 10 0 0.4
4 143207 69 2996 1 10 0 0.4
4 76275 77 1607 1 10 0 0.4
4 116546 78 3265 1 1 1 0.4
4 80193 80 1729 1 10 1 0.4
4 168750 83 3678 1 10 0 0.4
4 111251 86 2397 1 1 0 0.4
4 71475 87 1852 1 1 0 0.4
4 79018 88 1822 1 10 1 0.4
4 80407 92 1726 1 1 0 0.4
4 77616 94 1592 1 1 0 0.4
4 113239 95 2554 1 1 0 0.4
4 149922 97 4445 1 1 1 0.4
4 147923 104 3978 1 1 0 0.4
4 126859 104 3281 1 10 0 0.4
4 104383 106 2196 1 1 1 0.4
4 67573 109 1784 1 10 0 0.4
4 167228 114 3999 1 1 1 0.4
4 92156 120 2481 1 1 1 0.4
4 159753 122 3670 1 10 0 0.4
4 65120 123 1427 1 1 1 0.4
4 126547 124 3770 1 10 0 0.4
4 77094 126 1757 1 10 1 0.4
4 68328 127 1823 1 1 0 0.4
4 123658 128 3355 1 1 1 0.4
4 89113 130 2350 1 1 0 0.4
4 122011 134 2482 1 50 0 0.4
4 75035 139 2150 1 1 1 0.4
4 76233 143 1840 1 1 0 0.4
4 92250 143 2388 1 1 1 0.4
4 151769 145 3564 1 50 1 0.4
4 145627 146 4099 1 10 0 0.4
4 159073 147 4588 1 1 1 0.4
4 150495 154 4349 1 1 0 0.4
4 171771 158 3505 1 10 1 0.4
4 168379 161 4110 1 1 1 0.4
4 82492 161 2292 1 1 0 0.4
4 138356 171 2861 1 50 1 0.4
4 72635 175 2158 1 1 1 0.4
4 143200 175 3165 1 50 1 0.4
4 131658 182 3658 1 50 1 0.4
4 122351 183 2574 1 1 1 0.4
4 120857 184 3166 1 1 0 0.4
4 121935 188 3506 1 1 1 0.4
4 61854 190 1793 1 1 1 0.4
4 70726 194 1709 1 10 1 0.4
4 84220 198 1925 1 1 1 0.4
4 124585 199 2501 1 10 0 0.4
4 95596 201 2729 1 1 1 0.4
4 177296 202 3767 1 1 0 0.4
4 120947 202 2454 1 1 1 0.4
4 173401 203 4192 1 10 0 0.4
4 133802 219 2991 1 10 1 0.4
4 75980 223 1729 1 1 0 0.4
4 131504 225 3569 1 1 1 0.4
4 111788 227 2238 1 1 1 0.4
4 86262 228 2573 1 1 1 0.4
4 130490 232 3467 1 1 0 0.4
4 166323 232 3786 1 1 0 0.4
4 123324 237 2921 1 1 1 0.4
4 132066 240 3466 1 1 0 0.4
4 158762 244 3745 1 10 0 0.4
4 65520 247 1416 1 10 0 0.4
4 106991 247 3060 1 50 0 0.4
4 179273 249 5319 1 10 1 0.4
4 119455 252 2795 1 50 1 0.4
4 174697 256 4472 1 1 1 0.4
4 63814 257 1523 1 50 0 0.4
4 164796 258 3751 1 50 1 0.4
4 81246 263 1772 1 10 1 0.4
4 71730 263 1803 1 10 1 0.4
4 153726 264 3401 1 10 0 0.4
4 77714 267 1664 1 1 0 0.4
4 159423 274 4183 1 1 0 0.4
4 130554 286 3897 1 1 0 0.4
4 73278 289 1760 1 1 0 0.4
4 166014 290 4232 1 10 1 0.4
4 68000 290 1749 1 1 0 0.4
4 86326 291 2152 1 1 0 0.4
4 137086 293 3093 1 1 0 0.4
4 143365 294 4167 1 10 0 0.4
4 112113 296 2618 1 10 1 0.4
4 172402 301 3675 1 1 0 0.4
4 91361 301 2045 1 1 1 0.4
4 95725 303 1979 1 1 0 0.4
4 124854 303 2564 1 50 1 0.4
4 160088 309 4401 1 1 0 0.4
4 110591 312 2245 1 1 0 0.4
4 90087 314 2182 1 10 0 0.4
4 123797 315 3046 1 1 1 0.4
4 86205 316 2505 1 1 0 0.4
4 139300 316 4071 1 10 1 0.4
4 60120 316 1639 1 10 1 0.4
4 74638 322 1597 1 10 0 0.4
4 114665 324 2472 1 10 1 0.4
4 113800 328 2815 1 1 0 0.4
4 141351 330 3535 1 50 0 0.4
4 101330 331 3025 1 50 0 0.4
4 158000 338 4295 1 10 0 0.4
4 95225 338 1904 1 1 1 0.4
4 84358 341 2048 1 1 0 0.4
4 137302 345 4004 1 1 0 0.4
4 74839 347 1983 1 50 1 0.4
4 66273 351 1390 1 10 1 0.4
4 152364 361 3999 1 10 0 0.4
4 168124 364 3911 1 1 0 0.4
4 157523 365 3616 1 1 1 0.4
4 67523 365 1389 1 1 0 0.4
4 74346 366 1666 1 50 1 0.4
4 107395 370 2610 1 1 1 0.4
4 178086 373 4636 1 10 0 0.4
4 151327 376 4511 1 1 0 0.4
4 122021 377 2918 1 1 1 0.4
4 131252 377 3073 1 1 0 0.4
4 150455 380 3330 1 10 0 0.4
4 145545 382 3974 1 1 0 0.4
4 61280 386 1528 1 1 0 0.4
4 120533 391 2966 1 1 0 0.4
4 77171 391 2282 1 10 1 0.4
4 175233 393 3949 1 1 1 0.4
4 74764 398 1719 1 1 0 0.4
4 68400 410 1579 1 1 0 0.4
4 146523 411 4050 1 10 1 0.4
4 88433 414 1841 1 1 0 0.4
4 70973 415 1720 1 1 0 0.4
4 130541 416 3914 1 1 0 0.4
4 68748 419 1874 1 10 1 0.4
4 90504 427 2199 1 1 0 0.4
4 112488 428 3201 1 1 1 0.4
4 68449 431 1688 1 10 1 0.4
4 79714 431 1864 1 1 0 0.4
4 146806 433 4377 1 1 1 0.4
4 142827 435 3338 1 1 0 0.4
4 139742 439 3301 1 10 1 0.4
4 112695 440 2569 1 1 1 0.4
4 98434 440 2389 1 10 0 0.4
4 93677 443 2339 1 1 0 0.4
4 106619 443 2275 1 10 0 0.4
4 81088 447 2403 1 1 0 0.4
4 146814 450 4007 1 1 1 0.4
4 123361 451 2837 1 1 0 0.4
4 68391 455 1465 1 10 0 0.4
4 87284 461 1859 1 1 0 0.4
4 154606 468 3204 1 1 0 0.4
4 72166 471 2120 1 1 1 0.4
4 160135 471 3630 1 10 1 0.4
4 167385 472 3348 1 1 1 0.4
4 153463 477 3929 1 1 0 0.4
4 121873 481 3050 1 10 0 0.4
4 165845 482 3331 1 1 1 0.4
4 96920 485 2791 1 1 1 0.4
4 178980 493 4518 1 10 1 0.4
4 76177 493 1843 1 10 0 0.4
4 60044 494 1373 1 1 0 0.4
4 174406 495 3630 1 1 1 0.4
4 154430 496 3773 1 1 1 0.4
4 73910 497 2106 1 10 0 0.4
4 136742 501 2918 1 1 1 0.4
4 64157 502 1397 1 1 1 0.4
4 60142 502 1675 1 1 0 0.4
4 128723 507 3447 1 10 1 0.4
4 167503 510 4216 1 1 0 0.4
4 165516 512 4847 1 10 0 0.4
4 73664 513 2130 1 1 0 0.4
4 159971 518 4094 1 50 0 0.4
4 151050 522 3477 1 1 0 0.4
4 75559 527 1671 1 50 1 0.4
4 91411 529 1943 1 10 1 0.4
4 89782 530 2331 1 1 1 0.4
4 124641 534 2798 1 10 1 0.4
4 170839 535 4137 1 1 1 0.4
4 178830 539 4770 1 10 1 0.4
4 144257 550 4225 1 10 1 0.4
4 72925 551 1622 1 1 1 0.4
4 113953 556 3068 1 1 1 0.4
4 89893 557 2580 1 10 0 0.4
4 101738 568 2462 1 1 1 0.4
4 85251 570 1707 1 1 1 0.4
4 169979 574 3959 1 1 1 0.4
4 92592 576 2454 1 10 0 0.4
4 66589 577 1618 1 10 0 0.4
4 122884 579 3522 1 1 0 0.4
4 118070 582 2574 1 1 1 0.4
4 177999 583 4854 1 1 1 0.4
4 96426 585 2558 1 1 0 0.4
4 131494 588 2901 1 10 0 0.4
4 112667 589 2579 1 1 0 0.4
4 156292 594 3277 1 1 0 0.4
4 148082 596 3264 1 10 1 0.4
4 148844 597 3995 1 50 0 0.4
4 128561 598 2605 1 1 0 0.4
4 103690 599 2560 1 1 1 0.4
4 157889 606 3292 1 1 0 0.4
4 81834 607 1891 1 1 1 0.4
4 91571 608 2691 1 1 0 0.4
4 78353 612 1948 1 1 1 0.4
4 80545 616 1988 1 10 1 0.4
4 74233 617 1511 1 10 1 0.4
4 83052 617 1864 1 1 1 0.4
4 163899 624 4140 1 10 1 0.4
4 114773 629 3293 1 1 1 0.4
4 121421 631 3470 1 1 0 0.4
4 86094 634 2277 1 10 1 0.4
4 102252 637 2769 1 1 1 0.4
4 109387 639 2269 1 1 1 0.4
4 66945 642 1514 1 10 0 0.4
4 84433 644 1861 1 1 1 0.4
4 172216 650 5015 1 1 1 0.4
4 175256 651 3808 1 1 1 0.4
4 167577 652 4766 1 1 0 0.4
4 142012 654 2847 1 10 1 0.4
4 119711 658 2868 1 1 0 0.4
4 145874 660 3859 1 1 1 0.4
4 130945 663 3754 1 1 1 0.4
4 66410 663 1559 1 10 1 0.4
4 145243 666 3993 1 1 1 0.4
4 73109 669 2055 1 1 1 0.4
4 60351 669 1304 1 1 1 0.4
4 134830 673 3938 1 1 0 0.4
4 88818 677 2455 1 1 1 0.4
4 120042 677 2595 1 10 0 0.4
4 79111 681 2130 1 10 1 0.4
4 75357 683 1559 1 1 1 0.4
4 161191 683 4221 1 1 0 0.4
4 117257 689 3281 1 10 0 0.4
4 129914 692 3162 1 1 1 0.4
4 85724 700 2383 1 1 0 0.4
4 124543 700 2803 1 1 0 0.4
4 157001 703 3844 1 1 1 0.4
4 75049 707 1693 1 1 1 0.4
4 77486 708 2070 1 1 0 0.4
4 85968 711 1757 1 1 0 0.4
4 74359 712 1547 1 1 1 0.4
4 116699 713 2700 1 10 0 0.4
4 105004 715 2403 1 10 1 0.4
4 90185 715 2002 1 1 1 0.4
4 79300 716 1636 1 50 0 0.4
4 136732 717 3446 1 1 0 0.4
4 64381 718 1571 1 1 1 0.4
4 111865 719 2296 1 1 0 0.4
4 150695 721 4197 1 10 0 0.4
4 165601 722 4472 1 1 0 0.4
4 62996 724 1704 1 10 1 0.4
4 138702 724 3765 1 1 0 0.4
4 155137 732 4264 1 1 0 0.4
4 167403 736 3522 1 1 1 0.4
4 136573 737 3987 1 50 1 0.4
4 69354 738 1819 1 1 1 0.4
4 114042 740 2440 1 1 0 0.4
4 65199 752 1420 1 50 0 0.4
4 88805 753 1846 1 1 1 0.4
4 154675 760 4534 1 1 1 0.4
4 112741 764 2480 1 10 0 0.4
4 141224 766 3861 1 1 1 0.4
4 132125 767 3833 1 1 0 0.4
4 136181 769 3546 1 1 1 0.4
4 152588 769 3643 1 1 0 0.4
4 152771 773 3329 1 1 0 0.4
4 113763 776 2394 1 50 0 0.4
4 116210 777 2488 1 1 1 0.4
4 84327 780 2280 1 1 0 0.4
4 128294 784 3354 1 1 0 0.4
4 133471 797 2730 1 10 0 0.4
4 137699 800 3375 1 10 1 0.4
4 170731 802 3746 1 1 0 0.4
4 111264 802 3018 1 10 0 0.4
4 119984 804 2868 1 10 0 0.4
4 167366 805 3867 1 1 0 0.4
4 149409 805 3791 1 1 1 0.4
4 150723 805 3803 1 1 1 0.4
4 99420 809 2874 1 1 1 0.4
4 158563 811 4096 1 10 0 0.4
4 107638 815 2620 1 50 1 0.4
4 89534 817 2254 1 1 0 0.4
4 106706 822 2297 1 10 0 0.4
4 144243 825 3703 1 10 1 0.4
4 137958 826 4007 1 1 0 0.4
4 77589 829 2170 1 1 0 0.4
4 77196 830 1724 1 10 0 0.4
4 88986 835 2160 1 1 1 0.4
4 69501 839 1396 1 1 0 0.4
4 148850 841 4079 1 10 0 0.4
4 105435 844 2592 1 10 1 0.4
4 75956 845 2055 1 1 0 0.4
4 71296 847 1562 1 1 0 0.4
4 125667 849 3608 1 1 1 0.4
4 88696 855 2597 1 10 1 0.4
4 142511 855 3608 1 10 0 0.4
4 107645 858 2960 1 10 1 0.4
4 74438 869 1705 1 1 0 0.4
4 89648 869 2045 1 10 0 0.4
4 130745 872 3220 1 10 0 0.4
4 84343 873 2023 1 10 1 0.4
4 115443 876 2760 1 1 1 0.4
4 89849 880 1920 1 1 1 0.4
4 138631 897 3925 1 1 1 0.4
4 168974 897 4282 1 10 1 0.4
4 178016 899 5297 1 1 1 0.4
4 156263 900 3635 1 1 0 0.4
4 141482 904 3787 1 10 0 0.4
4 82668 905 2057 1 1 0 0.4
4 86578 905 1830 1 10 1 0.4
4 78740 910 1907 1 1 0 0.4
4 101648 912 2137 1 1 0 0.4
4 121071 912 3465 1 1 0 0.4
4 88325 916 2216 1 50 0 0.4
4 124507 922 3267 1 1 1 0.4
4 128883 928 2817 1 1 0 0.4
4 93519 929 2799 1 10 1 0.4
4 113474 929 2913 1 1 1 0.4
4 66197 931 1788 1 1 1 0.4
4 177763 932 4497 1 50 1 0.4
4 99270 934 2112 1 10 0 0.4
4 72703 935 2069 1 10 0 0.4
4 153329 935 3950 1 10 1 0.4
4 161904 936 3569 1 10 1 0.4
4 172080 937 3528 1 1 1 0.4
4 108202 938 2972 1 10 0 0.4
4 129623 939 2920 1 1 0 0.4
4 138279 940 2980 1 10 0 0.4
4 81736 945 2144 1 1 1 0.4
4 102352 947 2640 1 10 0 0.4
4 123915 947 3545 1 10 0 0.4
4 179541 948 4697 1 1 0 0.4
4 76186 948 1869 1 1 1 0.4
4 81386 953 1653 1 1 1 0.4
4 158197 957 4383 1 10 1 0.4
4 177299 957 4959 1 1 0 0.4
4 140543 957 4206 1 1 1 0.4
4 69431 957 1720 1 10 0 0.4
4 135383 958 3107 1 50 1 0.4
4 98010 960 2244 1 1 0 0.4
4 175097 961 4821 1 1 1 0.4
4 145902 963 3251 1 1 0 0.4
4 173768 964 4672 1 1 1 0.4
4 137340 966 2989 1 1 0 0.4
4 97969 968 2482 1 1 1 0.4
4 112021 971 2651 1 10 0 0.4
4 114915 972 2786 1 10 0 0.4
4 141709 973 3259 1 1 1 0.4
4 144305 975 3194 1 1 1 0.4
4 113954 976 2806 1 10 0 0.4
4 122816 977 2809 1 1 0 0.4
4 77142 978 2106 1 10 0 0.4
4 87760 981 2622 1 1 0 0.4
4 63644 989 1670 1 1 1 0.4
4 106760 991 2674 1 50 1 0.4
4 117513 993 3211 1 1 0 0.4
4 169319 994 4139 1 10 1 0.4
4 150936 996 3840 1 10 1 0.4
4 162637 996 3505 1 10 1 0.4
4 173152 999 5191 1 1 1 0.4
4 171067 1001 3862 1 1 0 0.4
4 173622 1004 4996 1 10 1 0.4
4 163826 1004 3282 1 1 1 0.4
4 74337 1016 1694 1 1 1 0.4
4 172279 1016 4265 1 1 0 0.4
4 135795 1024 3341 1 10 1 0.4
4 99133 1024 2564 1 1 0 0.4
4 76914 1024 1895 1 1 1 0.4
4 71995 1027 1585 1 10 0 0.4
4 106229 1029 2241 1 1 1 0.4
4 124927 1030 2711 1 10 1 0.4
4 116179 1031 2505 1 1 0 0.4
4 83473 1032 2390 1 1 1 0.4
4 90434 1036 1899 1 10 0 0.4
4 98802 1037 2265 1 1 0 0.4
4 92626 1038 2314 1 1 1 0.4
4 118755 1038 3554 1 50 0 0.4
4 176609 1043 4458 1 1 1 0.4
4 68950 1045 1772 1 10 1 0.4
4 98223 1049 2827 1 1 1 0.4
4 137008 1050 3545 1 1 1 0.4
4 121285 1051 3292 1 1 0 0.4
4 78153 1052 2044 1 1 1 0.4
4 152203 1053 4167 1 50 0 0.4
4 132544 1055 3152 1 1 1 0.4
4 76571 1056 2081 1 10 1 0.4
4 146962 1059 4153 1 10 0 0.4
4 61542 1061 1396 1 10 0 0.4
4 145448 1062 3627 1 1 0 0.4
4 90642 1066 2179 1 1 1 0.4
4 146133 1068 3520 1 1 0 0.4
4 166761 1071 4437 1 1 1 0.4
4 109591 1077 2895 1 1 1 0.4
4 164781 1080 3780 1 1 1 0.4
4 154006 1081 3901 1 1 0 0.4
4 146336 1087 4025 1 50 0 0.4
4 102926 1088 2921 1 50 1 0.4
4 108040 1089 3070 1 1 0 0.4
4 147994 1093 3285 1 50 0 0.4
4 115464 1096 2990 1 10 0 0.4
4 67514 1097 1695 1 1 1 0.4
4 154718 1098 3429 1 1 1 0.4
4 76578 1105 2042 1 1 1 0.4
4 79956 1107 2198 1 1 0 0.4
4 114180 1107 2923 1 1 0 0.4
4 144746 1110 3347 1 1 0 0.4
4 67849 1110 1743 1 10 1 0.4
4 179695 1111 4267 1 1 1 0.4
4 97689 1114 2881 1 1 1 0.4
4 178836 1116 5094 1 10 0 0.4
4 173782 1120 4880 1 50 0 0.4
4 99104 1122 2334 1 10 0 0.4
4 80569 1130 1973 1 10 1 0.4
4 170876 1133 4251 1 1 0 0.4
4 89356 1133 2476 1 10 1 0.4
4 167720 1133 4133 1 1 0 0.4
4 176718 1135 4070 1 1 0 0.4
4 165124 1140 3557 1 1 1 0.4
4 95788 1140 2119 1 1 0 0.4
4 151978 1143 3804 1 50 1 0.4
4 100593 1149 2181 1 1 0 0.4
4 60685 1150 1416 1 1 0 0.4
4 170575 1150 4501 1 10 1 0.4
4 156961 1152 4181 1 1 0 0.4
4 164924 1152 4816 1 1 1 0.4
4 144178 1154 4314 1 10 0 0.4
4 132827 1156 3898 1 1 1 0.4
4 67828 1159 1420 1 1 1 0.4
4 93825 1163 2671 1 10 0 0.4
4 152791 1163 3514 1 10 1 0.4
4 127093 1164 3622 1 1 1 0.4
4 145201 1171 4016 1 10 0 0.4
4 130690 1174 3828 1 10 1 0.4
4 173795 1177 3501 1 1 1 0.4
4 156491 1178 4336 1 10 0 0.4
4 116388 1178 2628 1 1 1 0.4
4 86057 1181 1901 1 1 0 0.4
4 133165 1182 3522 1 1 0 0.4
4 125289 1182 2521 1 10 0 0.4
4 101228 1183 2249 1 1 1 0.4
4 99986 1184 2881 1 50 1 0.4
4 155407 1184 4418 1 50 0 0.4
4 111197 1186 2914 1 1 0 0.4
4 62386 1187 1714 1 50 0 0.4
4 116211 1188 2801 1 50 1 0.4
4 66637 1192 1448 1 10 1 0.4
4 73503 1199 1514 1 50 1 0.4
4 164208 1204 4564 1 1 0 0.4
4 84941 1208 2140 1 10 1 0.4
4 174081 1209 3755 1 50 1 0.4
4 146854 1213 3529 1 1 1 0.4
4 133654 1214 2681 1 1 1 0.4
4 167680 1214 3598 1 1 0 0.4
4 152478 1216 4156 1 1 0 0.4
4 89672 1217 2041 1 10 1 0.4
4 85457 1220 1996 1 10 0 0.4
4 173231 1220 3858 1 10 1 0.4
4 127265 1223 3667 1 1 0 0.4
4 60985 1223 1485 1 10 0 0.4
4 72351 1224 2118 1 1 1 0.4
4 74786 1225 1935 1 1 0 0.4
4 114353 1228 2491 1 1 1 0.4
4 116495 1229 2950 1 1 0 0.4
4 132764 1232 2978 1 1 0 0.4
4 176515 1233 5237 1 10 0 0.4
4 153821 1234 3197 1 1 1 0.4
4 134482 1236 3850 1 1 1 0.4
4 120939 1237 3573 1 10 0 0.4
4 82176 1240 1959 1 50 0 0.4
4 175999 1249 5234 1 10 1 0.4
4 132316 1250 2904 1 1 0 0.4
4 102938 1250 2331 1 1 1 0.4
4 68772 1250 1665 1 10 0 0.4
4 116807 1262 3488 1 10 1 0.4
4 158209 1262 3466 1 50 0 0.4
4 70610 1264 1434 1 1 1 0.4
4 117483 1265 2481 1 1 0 0.4
4 168569 1266 5011 1 1 0 0.4
4 108973 1266 2902 1 1 0 0.4
4 75825 1267 1790 1 50 0 0.4
4 103404 1269 2215 1 1 1 0.4
4 160366 1269 3791 1 1 1 0.4
4 120102 1270 3252 1 50 0 0.4
4 105732 1271 3014 1 1 0 0.4
4 69751 1272 1891 1 1 0 0.4
4 154870 1275 3137 1 10 0 0.4
4 121280 1276 2712 1 1 0 0.4
4 117548 1276 3063 1 10 1 0.4
4 72148 1278 2061 1 50 0 0.4
4 95786 1278 2357 1 1 0 0.4
4 149356 1279 3813 1 10 0 0.4
4 146113 1279 3115 1 1 0 0.4
4 116778 1282 3266 1 50 1 0.4
4 168291 1284 4828 1 1 0 0.4
4 114718 1284 2338 1 1 0 0.4
4 136284 1286 2905 1 1 0 0.4
4 164172 1290 4462 1 1 1 0.4
4 153246 1294 3417 1 10 0 0.4
4 154113 1298 4045 1 1 0 0.4
4 72023 1300 1990 1 1 0 0.4
4 100972 1301 2808 1 1 1 0.4
4 134593 1301 3511 1 10 1 0.4
4 124744 1304 3674 1 10 1 0.4
4 175141 1306 4755 1 1 0 0.4
4 95101 1314 2147 1 10 0 0.4
4 109181 1315 2244 1 10 0 0.4
4 114492 1318 3115 1 1 0 0.4
4 118137 1319 2950 1 1 1 0.4
4 75155 1321 2033 1 10 1 0.4
4 179289 1323 5337 1 10 1 0.4
4 69181 1323 1821 1 1 1 0.4
4 151743 1324 3090 1 10 1 0.4
4 145952 1325 3552 1 1 0 0.4
4 159694 1330 4224 1 50 0 0.4
4 91703 1330 2192 1 1 0 0.4
4 79955 1331 1676 1 1 1 0.4
4 127234 1333 2584 1 1 1 0.4
4 74237 1334 1516 1 1 1 0.4
4 150201 1340 4399 1 1 1 0.4
4 151648 1342 3607 1 50 1 0.4
4 92948 1344 2497 1 50 1 0.4
4 106660 1344 2903 1 1 0 0.4
4 143842 1350 3312 1 1 0 0.4
4 112846 1352 2937 1 50 0 0.4
4 63236 1352 1334 1 1 0 0.4
4 70199 1361 1524 1 50 1 0.4
4 116166 1361 2979 1 10 0 0.4
4 156093 1363 3166 1 1 0 0.4
4 92472 1366 2139 1 10 0 0.4
4 67342 1368 1820 1 10 1 0.4
4 120238 1370 2669 1 1 1 0.4
4 175906 1377 4861 1 1 1 0.4
4 98922 1381 2099 1 10 1 0.4
4 107357 1382 2880 1 1 1 0.4
4 152089 1386 3245 1 10 1 0.4
4 67623 1392 1358 1 1 1 0.4
4 121548 1392 2839 1 1 0 0.4
4 63807 1394 1832 1 10 1 0.4
4 127441 1395 2626 1 10 0 0.4
4 178246 1399 4960 1 1 0 0.4
4 120517 1401 2812 1 10 1 0.4
4 78715 1403 2139 1 1 0 0.4
4 121949 1404 3009 1 1 0 0.4
4 68200 1406 2037 1 10 0 0.4
4 149369 1406 4476 1 50 0 0.4
4 139679 1406 3698 1 10 0 0.4
4 99571 1410 2285 1 10 1 0.4
4 109953 1411 3054 1 1 1 0.4
4 162235 1417 3498 1 10 1 0.4
4 78003 1418 1656 1 10 1 0.4
4 75077 1423 2111 1 10 1 0.4
4 144489 1423 3301 1 10 0 0.4
4 105031 1423 2265 1 10 0 0.4
4 152775 1424 4271 1 10 0 0.4
4 72818 1425 1922 1 10 0 0.4
4 126366 1425 2869 1 1 0 0.4
4 139139 1426 3198 1 10 1 0.4
4 85985 1426 2536 1 1 0 0.4
4 165576 1429 4322 1 1 0 0.4
4 100355 1430 2999 1 1 0 0.4
4 154484 1433 3382 1 1 1 0.4
4 76842 1435 1885 1 1 0 0.4
4 113799 1436 2822 1 1 1 0.4
4 64823 1438 1917 1 1 1 0.4
4 112550 1438 3084 1 10 0 0.4
4 132762 1438 3404 1 1 0 0.4
4 66637 1444 1831 1 1 0 0.4
4 161437 1448 3404 1 10 0 0.4
4 62996 1453 1496 1 1 0 0.4
4 157427 1453 4444 1 50 0 0.4
4 63904 1456 1685 1 10 0 0.4
4 114501 1460 2456 1 10 1 0.4
4 165172 1465 3382 1 1 1 0.4
4 162745 1471 4698 1 50 0 0.4
4 82792 1473 1673 1 1 1 0.4
4 133814 1473 3888 1 10 1 0.4
4 87848 1474 2213 1 1 0 0.4
4 126614 1475 2959 1 10 0 0.4
4 76483 1477 2098 1 1 0 0.4
4 93766 1478 2604 1 1 0 0.4
4 139344 1479 3157 1 1 0 0.4
4 99922 1480 2609 1 50 1 0.4
4 74610 1480 2084 1 1 0 0.4
4 110870 1483 3266 1 50 0 0.4
4 173391 1488 5015 1 10 0 0.4
4 173242 1491 4850 1 1 0 0.4
4 101502 1492 2235 1 10 1 0.4
4 94319 1495 2123 1 1 0 0.4
4 65252 1497 1948 1 50 0 0.4
4 136135 1499 2784 1 1 0 0.4
4 177636 1501 4660 1 1 0 0.4
4 149497 1505 3403 1 1 0 0.4
4 111413 1508 2928 1 1 1 0.4
4 63884 1512 1640 1 1 0 0.4
4 102234 1515 2587 1 10 0 0.4
4 84760 1518 2505 1 10 0 0.4
4 162849 1520 4223 1 1 0 0.4
4 64908 1521 1903 1 1 0 0.4
4 139765 1522 3190 1 1 1 0.4
4 78239 1522 1835 1 1 1 0.4
4 87668 1522 2018 1 1 0 0.4
4 87267 1525 1918 1 1 1 0.4
4 90481 1526 2515 1 10 0 0.4
4 139532 1528 4054 1 10 0 0.4
4 77326 1530 1878 1 50 1 0.4
4 160305 1532 3469 1 1 0 0.4
4 66197 1536 1967 1 1 0 0.4
4 178233 1537 4621 1 10 1 0.4
4 92934 1538 2431 1 1 0 0.4
4 120706 1538 2449 1 1 0 0.4
4 112159 1544 3244 1 50 0 0.4
4 163465 1546 4678 1 50 1 0.4
4 115506 1546 2642 1 10 1 0.4
4 106194 1546 2794 1 10 0 0.4
4 167874 1546 4988 1 1 0 0.4
4 93179 1547 1924 1 10 1 0.4
4 94782 1552 1965 1 1 0 0.4
4 120230 1555 2793 1 50 1 0.4
4 89484 1563 1890 1 10 0 0.4
4 151796 1567 3533 1 1 0 0.4
4 147345 1572 3163 1 50 0 0.4
4 114758 1575 2455 1 1 0 0.4
4 177110 1581 4731 1 10 0 0.4
4 105750 1583 2397 1 1 0 0.4
4 64804 1584 1833 1 1 0 0.4
4 151750 1589 4070 1 10 1 0.4
4 80292 1590 1817 1 1 1 0.4
4 82493 1592 1856 1 10 0 0.4
4 108228 1592 2548 1 10 0 0.4
4 61608 1593 1529 1 1 1 0.4
4 166547 1595 4418 1 1 1 0.4
4 123843 1597 2937 1 10 1 0.4
4 132884 1600 2873 1 1 1 0.4
4 111965 1604 3016 1 1 0 0.4
4 172428 1605 4623 1 50 0 0.4
4 171104 1609 4370 1 1 1 0.4
4 77893 1609 1974 1 10 0 0.4
4 133444 1609 2750 1 1 1 0.4
4 73786 1609 2188 1 10 0 0.4
4 151214 1614 3053 1 1 1 0.4
4 120906 1617 3378 1 1 1 0.4
4 107598 1617 2426 1 1 0 0.4
4 150888 1619 3628 1 1 0 0.4
4 119738 1623 2773 1 1 1 0.4
4 170582 1627 3933 1 10 1 0.4
4 130490 1628 3369 1 50 1 0.4
4 115055 1628 3271 1 1 1 0.4
4 87872 1629 2044 1 1 1 0.4
4 169322 1634 4881 1 1 0 0.4
4 77357 1634 1749 1 1 1 0.4
4 132397 1635 3623 1 1 0 0.4
4 163431 1636 3776 1 10 0 0.4
4 133720 1636 3727 1 10 1 0.4
4 131774 1638 3138 1 1 0 0.4
4 172307 1638 3711 1 1 0 0.4
4 62597 1639 1448 1 1 0 0.4
4 81224 1639 2157 1 10 0 0.4
4 146970 1639 2967 1 10 1 0.4
4 170124 1639 3948 1 1 1 0.4
4 140874 1641 3858 1 10 0 0.4
4 102593 1643 2371 1 1 0 0.4
4 82634 1643 2312 1 1 0 0.4
4 161593 1643 4108 1 50 1 0.4
4 147323 1644 4328 1 1 1 0.4
4 77667 1648 2118 1 1 0 0.4
4 140022 1650 3354 1 10 1 0.4
4 96005 1652 2178 1 1 0 0.4
4 122953 1652 3119 1 1 0 0.4
4 161520 1653 4360 1 1 0 0.4
4 95052 1656 2645 1 1 1 0.4
4 68423 1662 1725 1 1 1 0.4
4 68225 1664 1888 1 10 0 0.4
4 115031 1664 2732 1 10 0 0.4
4 87610 1674 2113 1 1 0 0.4
4 70051 1677 1808 1 1 0 0.4
4 76795 1679 1776 1 10 1 0.4
4 166479 1681 4149 1 10 1 0.4
4 158443 1688 4485 1 50 1 0.4
4 149096 1689 3958 1 1 0 0.4
4 101617 1689 2844 1 10 0 0.4
4 77452 1690 1572 1 10 0 0.4
4 100598 1690 2025 1 10 0 0.4
4 93600 1690 2127 1 1 0 0.4
4 99476 1692 2491 1 10 0 0.4
4 135638 1695 4035 1 10 1 0.4
4 85600 1696 1842 1 10 1 0.4
4 144377 1698 3705 1 50 1 0.4
4 101761 1699 2367 1 50 0 0.4
4 86411 1702 2457 1 1 1 0.4
4 105814 1704 2143 1 1 1 0.4
4 144553 1707 3862 1 10 0 0.4
4 135977 1707 3494 1 1 1 0.4
4 91556 1707 2417 1 1 0 0.4
4 121127 1709 2665 1 10 0 0.4
4 114465 1711 2756 1 50 1 0.4
4 139110 1712 3997 1 1 1 0.4
4 147204 1714 4060 1 10 0 0.4
4 130935 1714 3426 1 1 1 0.4
4 71467 1715 2061 1 1 1 0.4
4 170510 1719 5048 1 1 1 0.4
4 78702 1721 1795 1 1 0 0.4
4 83780 1722 2179 1 50 0 0.4
4 89750 1726 1884 1 1 0 0.4
4 110179 1729 2368 1 1 1 0.4
4 95108 1731 2262 1 1 0 0.4
4 144315 1735 3097 1 10 0 0.4
4 69246 1741 1521 1 10 0 0.4
4 95186 1742 2035 1 1 1 0.4
4 93348 1743 2581 1 10 0 0.4
4 96878 1744 2800 1 10 0 0.4
4 106088 1744 2810 1 1 1 0.4
4 174953 1745 4230 1 1 1 0.4
4 133501 1746 3807 1 1 1 0.4
4 95118 1747 2727 1 10 0 0.4
4 105640 1748 3136 1 10 1 0.4
4 104108 1748 2626 1 10 1 0.4
4 161209 1749 4334 1 1 1 0.4
4 79580 1755 1874 1 1 0 0.4
4 83197 1757 2353 1 1 0 0.4
4 142111 1757 3718 1 1 1 0.4
4 148513 1758 4080 1 1 1 0.4
4 120113 1761 2753 1 1 0 0.4
4 130945 1762 3883 1 1 0 0.4
4 62723 1763 1484 1 50 0 0.4
4 74188 1765 2101 1 1 1 0.4
4 175138 1765 3755 1 1 0 0.4
4 137284 1768 2906 1 10 0 0.4
4 106519 1772 2302 1 1 0 0.4
4 150906 1776 3577 1 1 1 0.4
4 71374 1782 1690 1 1 1 0.4
4 96977 1786 1962 1 1 1 0.4
4 165344 1788 4932 1 10 1 0.4
4 175409 1790 4952 1 1 1 0.4
4 133665 1797 3588 1 1 0 0.4
4 113179 1800 3165 1 1 0 0.4
4 169264 1801 3551 1 1 0 0.4
4 169805 1807 3398 1 1 0 0.4
4 141874 1808 3564 1 10 1 0.4
4 157749 1814 4326 1 1 0 0.4
4 155948 1818 4298 1 10 1 0.4
4 69617 1823 1459 1 10 1 0.4
4 84393 1825 2062 1 1 1 0.4
4 177365 1826 4917 1 1 1 0.4
4 83092 1827 2118 1 1 1 0.4
4 123726 1830 2536 1 10 1 0.4
4 154757 1832 3722 1 50 0 0.4
4 92483 1839 1944 1 1 0 0.4
4 129554 1844 3432 1 1 0 0.4
4 71599 1844 1705 1 1 1 0.4
4 128370 1846 2954 1 1 1 0.4
4 151077 1847 4004 1 1 1 0.4
4 105261 1848 2323 1 1 0 0.4
4 174082 1849 4109 1 10 0 0.4
4 115408 1853 2439 1 1 1 0.4
4 158599 1857 3415 1 10 1 0.4
4 85539 1860 2328 1 10 0 0.4
4 138240 1863 3245 1 1 1 0.4
4 169428 1864 3632 1 10 0 0.4
4 142263 1864 3423 1 1 0 0.4
4 144753 1866 3075 1 50 1 0.4
4 105747 1867 2745 1 1 1 0.4
4 172586 1868 3923 1 50 1 0.4
4 176921 1868 4112 1 1 0 0.4
4 97017 1874 2344 1 1 0 0.4
4 121822 1874 2674 1 1 0 0.4
4 119675 1876 3047 1 10 1 0.4
4 116583 1877 3273 1 1 0 0.4
4 142100 1880 3584 1 1 1 0.4
4 78006 1883 2036 1 10 1 0.4
4 123515 1886 2945 1 10 1 0.4
4 164638 1886 3593 1 50 1 0.4
4 96066 1887 2230 1 1 0 0.4
4 146289 1894 3374 1 1 0 0.4
4 132679 1895 3078 1 1 0 0.4
4 144983 1901 4027 1 1 0 0.4
4 149762 1903 3685 1 1 0 0.4
4 91320 1904 2116 1 1 1 0.4
4 91588 1904 1853 1 10 0 0.4
4 92697 1906 2330 1 1 0 0.4
4 115670 1907 2432 1 10 0 0.4
4 80341 1910 1702 1 10 0 0.4
4 120561 1914 3406 1 1 0 0.4
4 140351 1917 2933 1 10 0 0.4
4 93882 1919 1947 1 1 1 0.4
4 86223 1919 1777 1 1 0 0.4
4 115671 1920 3376 1 50 1 0.4
4 122408 1931 3294 1 1 1 0.4
4 160172 1936 3765 1 10 0 0.4
4 93141 1937 2594 1 10 0 0.4
4 111937 1942 2401 1 1 1 0.4
4 81576 1946 2068 1 1 0 0.4
4 99142 1950 2414 1 1 0 0.4
4 151838 1953 3515 1 50 1 0.4
4 161050 1955 3956 1 1 1 0.4
4 178956 1956 4254 1 1 1 0.4
4 79196 1957 2301 1 1 0 0.4
4 94282 1959 2642 1 1 1 0.4
4 60098 1963 1610 1 1 0 0.4
4 75606 1963 1753 1 1 1 0.4
4 159064 1963 4287 1 1 1 0.4
4 127587 1965 2942 1 1 1 0.4
4 118850 1966 3360 1 1 1 0.4
4 61679 1967 1476 1 1 1 0.4
4 113711 1969 2282 1 1 0 0.4
4 135379 1970 2930 1 50 0 0.4
4 158141 1970 4561 1 1 1 0.4
4 106636 1971 2135 1 10 1 0.4
4 169795 1971 4172 1 50 0 0.4
4 71153 1972 2110 1 10 1 0.4
4 66403 1976 1756 1 1 1 0.4
4 179032 1978 4581 1 1 1 0.4
4 141597 1980 3131 1 10 0 0.4
4 170458 1980 4530 1 1 1 0.4
4 111210 1983 3330 1 10 1 0.4
4 163840 1983 3463 1 1 1 0.4
4 100536 1986 2278 1 1 0 0.4
4 158780 1987 3564 1 1 0 0.4
4 91408 1990 1922 1 1 0 0.4
4 112302 1991 2611 1 1 1 0.4
4 144278 1992 3299 1 1 0 0.4
4 145806 1995 4316 1 1 0 0.4
4 74747 1999 1623 1 10 0 0.4
4 77222 2002 1574 1 1 0 0.4
4 131734 2002 3703 1 1 0 0.4
4 71354 2004 2107 1 1 0 0.4
4 99617 2007 2365 1 1 1 0.4
4 94707 2013 2739 1 1 1 0.4
4 150827 2016 3221 1 1 1 0.4
4 77831 2017 1789 1 1 1 0.4
4 166712 2018 3432 1 1 0 0.4
4 175646 2021 3606 1 1 0 0.4
4 78171 2022 1610 1 1 0 0.4
4 91572 2026 1910 1 1 0 0.4
4 79410 2033 2115 1 1 0 0.4
4 132018 2034 3843 1 10 1 0.4
4 100577 2037 2176 1 1 0 0.4
4 90360 2038 2195 1 1 0 0.4
4 149038 2039 3690 1 1 1 0.4
4 84601 2039 2261 1 1 1 0.4
4 91785 2047 2208 1 1 0 0.4
4 162908 2047 3321 1 10 0 0.4
4 112994 2050 3137 1 1 0 0.4
4 154011 2058 4487 1 50 1 0.4
4 77703 2062 1934 1 50 1 0.4
4 109630 2065 2335 1 10 1 0.4
4 154016 2067 3168 1 10 0 0.4
4 62797 2074 1643 1 50 0 0.4
4 139759 2076 3586 1 1 1 0.4
4 77987 2080 1705 1 1 1 0.4
4 157947 2081 4192 1 1 1 0.4
4 112973 2083 2653 1 10 0 0.4
4 72903 2094 1703 1 1 1 0.4
4 61524 2096 1291 1 1 1 0.4
4 92624 2097 2447 1 10 1 0.4
4 103307 2097 2364 1 1 1 0.4
4 92364 2097 2097 1 1 0 0.4
4 135153 2103 3467 1 10 1 0.4
4 95792 2104 2099 1 1 0 0.4
4 144241 2105 4008 1 1 0 0.4
4 64438 2106 1751 1 50 0 0.4
4 130041 2106 3322 1 50 1 0.4
4 144655 2107 2954 1 1 0 0.4
4 111834 2109 3146 1 1 1 0.4
4 65463 2109 1505 1 1 0 0.4
4 100847 2112 2623 1 10 1 0.4
4 115354 2119 2556 1 50 1 0.4
4 78287 2123 1696 1 1 0 0.4
4 141558 2123 3267 1 1 1 0.4
4 108464 2124 2835 1 1 0 0.4
4 166358 2124 3588 1 1 0 0.4
4 175608 2127 4283 1 1 0 0.4
4 166017 2128 4872 1 1 1 0.4
4 118269 2134 2389 1 10 0 0.4
4 80902 2137 1990 1 1 1 0.4
4 176194 2138 5195 1 10 0 0.4
4 157855 2141 3636 1 1 0 0.4
4 150456 2141 4374 1 1 1 0.4
4 80778 2144 1748 1 1 1 0.4
4 92201 2146 2167 1 1 1 0.4
4 146650 2147 3800 1 1 1 0.4
4 63919 2152 1313 1 10 1 0.4
4 116894 2153 2926 1 10 0 0.4
4 131824 2153 3207 1 1 0 0.4
4 139366 2156 3048 1 50 0 0.4
4 133053 2157 3758 1 1 0 0.4
4 116715 2161 2667 1 1 0 0.4
4 167786 2169 4195 1 1 0 0.4
4 95942 2171 2646 1 10 1 0.4
4 68214 2176 1419 1 10 1 0.4
4 104570 2177 2623 1 10 1 0.4
4 69699 2177 1657 1 10 1 0.4
4 99872 2179 2457 1 1 0 0.4
4 69849 2180 1461 1 10 1 0.4
4 108056 2189 2848 1 10 0 0.4
4 161620 2190 3665 1 1 1 0.4
4 176759 2190 4878 1 10 1 0.4
4 110014 2192 2604 1 1 0 0.4
4 97787 2192 2605 1 1 0 0.4
4 167525 2192 3831 1 1 1 0.4
4 165189 2204 4280 1 10 1 0.4
4 87779 2205 2304 1 10 0 0.4
4 156663 2205 4191 1 50 1 0.4
4 69858 2207 1696 1 1 1 0.4
4 168447 2211 4764 1 10 0 0.4
4 63749 2212 1280 1 50 1 0.4
4 133016 2215 3896 1 10 1 0.4
4 142104 2221 3215 1 1 1 0.4
4 66954 2224 1726 1 10 1 0.4
4 171086 2226 4919 1 10 0 0.4
4 111967 2226 3222 1 1 1 0.4
4 153069 2227 3626 1 10 1 0.4
4 155875 2228 3682 1 10 0 0.4
4 170226 2229 4477 1 10 1 0.4
4 161987 2229 4195 1 1 1 0.4
4 119288 2231 2710 1 10 0 0.4
4 118128 2241 3240 1 50 0 0.4
4 160304 2243 3331 1 1 0 0.4
4 160327 2243 4629 1 50 0 0.4
4 147849 2247 3696 1 1 1 0.4
4 84019 2248 1868 1 50 0 0.4
4 167683 2250 3593 1 1 0 0.4
4 84697 2251 1898 1 1 0 0.4
4 136886 2254 3687 1 1 1 0.4
4 177264 2259 4402 1 50 0 0.4
4 171835 2260 5080 1 10 0 0.4
4 162907 2261 4484 1 10 1 0.4
4 154378 2262 3504 1 50 0 0.4
4 99583 2268 2168 1 1 0 0.4
4 120727 2272 3501 1 1 1 0.4
4 82034 2278 2176 1 50 0 0.4
4 81668 2279 1683 1 1 1 0.4
4 85491 2281 1822 1 1 1 0.4
4 158909 2282 4441 1 1 1 0.4
4 105437 2283 3018 1 1 1 0.4
4 96328 2285 2692 1 10 1 0.4
4 176765 2286 3675 1 1 0 0.4
4 158085 2287 3853 1 10 0 0.4
4 122399 2287 3147 1 50 0 0.4
4 66021 2290 1489 1 1 1 0.4
4 93278 2293 2702 1 1 0 0.4
4 108263 2293 2696 1 1 0 0.4
4 140363 2294 3000 1 1 0 0.4
4 93499 2295 2297 1 1 0 0.4
4 72441 2295 1607 1 10 0 0.4
4 142878 2296 3328 1 1 0 0.4
4 149448 2302 4360 1 1 1 0.4
4 97769 2302 2268 1 1 0 0.4
4 166644 2305 4968 1 1 1 0.4
4 109098 2305 2358 1 10 1 0.4
4 106991 2306 2645 1 1 0 0.4
4 87713 2309 2074 1 1 1 0.4
4 107546 2317 2178 1 1 1 0.4
4 119115 2318 2905 1 1 0 0.4
4 74877 2320 1833 1 10 0 0.4
4 62990 2320 1868 1 1 0 0.4
4 171374 2321 4410 1 1 1 0.4
4 136775 2322 3948 1 1 0 0.4
4 87970 2327 1955 1 1 1 0.4
4 107590 2328 2506 1 10 1 0.4
4 160951 2330 3487 1 1 1 0.4
4 107493 2331 2635 1 1 0 0.4
4 77533 2332 1622 1 1 1 0.4
4 125146 2338 3453 1 50 1 0.4
4 85635 2340 2353 1 1 1 0.4
4 61207 2340 1475 1 1 0 0.4
4 149115 2343 3889 1 1 1 0.4
4 72394 2345 1941 1 10 0 0.4
4 75296 2348 1760 1 1 0 0.4
4 153588 2348 4255 1 10 1 0.4
4 77213 2349 1879 1 10 0 0.4
4 174423 2350 4080 1 1 0 0.4
4 135965 2351 2774 1 1 0 0.4
4 147899 2355 3727 1 10 0 0.4
4 66412 2356 1690 1 10 0 0.4
4 81537 2356 2317 1 1 1 0.4
4 92099 2361 1887 1 1 1 0.4
4 114775 2364 3138 1 1 1 0.4
4 177394 2366 5150 1 1 1 0.4
4 122090 2366 2714 1 1 1 0.4
4 84857 2369 2201 1 1 0 0.4
4 136625 2370 2790 1 1 1 0.4
4 147374 2373 3677 1 1 1 0.4
4 102573 2376 2130 1 10 1 0.4
4 98012 2385 2045 1 1 0 0.4
4 70500 2388 1659 1 10 0 0.4
4 96522 2392 2459 1 1 1 0.4
4 76333 2394 1983 1 10 1 0.4
4 150620 2395 4397 1 50 1 0.4
4 115808 2400 3005 1 1 1 0.4
4 137434 2400 3378 1 10 0 0.4
4 152111 2400 4154 1 1 1 0.4
4 147041 2402 3224 1 1 0 0.4
4 91291 2405 2103 1 10 1 0.4
4 144523 2406 3646 1 1 1 0.4
4 88982 2406 2401 1 10 1 0.4
4 101790 2407 2308 1 1 1 0.4
4 99171 2418 2535 1 1 1 0.4
4 74762 2418 2104 1 10 0 0.4
4 70047 2419 2055 1 1 0 0.4
4 92601 2420 2607 1 10 0 0.4
4 108032 2422 2359 1 10 1 0.4
4 106598 2423 2134 1 10 0 0.4
4 126202 2427 3597 1 10 0 0.4
4 160152 2428 3517 1 10 0 0.4
4 142301 2429 3462 1 1 0 0.4
4 138812 2432 3880 1 1 0 0.4
4 79329 2447 2243 1 1 0 0.4
4 177581 2451 4909 1 10 0 0.4
4 109289 2453 3099 1 1 0 0.4
4 72779 2454 2036 1 1 1 0.4
4 136610 2462 3601 1 1 0 0.4
4 166712 2463 3802 1 10 0 0.4
4 116791 2465 3456 1 10 1 0.4
4 120968 2466 3626 1 1 1 0.4
4 116187 2467 2855 1 1 0 0.4
4 75554 2470 1623 1 1 1 0.4
4 82165 2470 1963 1 1 1 0.4
4 67564 2474 1869 1 1 0 0.4
4 64985 2475 1673 1 1 0 0.4
4 170445 2476 4153 1 1 0 0.4
4 121550 2478 3361 1 50 1 0.4
4 103486 2481 2766 1 10 0 0.4
4 139478 2483 3100 1 10 1 0.4
4 100735 2485 2596 1 10 1 0.4
4 161341 2487 3931 1 1 0 0.4
4 151269 2489 3627 1 10 1 0.4
4 157279 2493 3618 1 1 1 0.4
4 86641 2494 2086 1 10 0 0.4
4 105201 2496 2817 1 10 1 0.4
4 64095 2501 1387 1 1 0 0.4
4 75154 2504 1947 1 1 1 0.4
4 178242 2504 3909 1 1 0 0.4
4 141092 2507 3982 1 1 1 0.4
4 90855 2507 1943 1 1 0 0.4
4 66510 2512 1846 1 1 1 0.4
4 160388 2513 3212 1 1 0 0.4
4 70247 2515 1432 1 1 0 0.4
4 172247 2515 3683 1 1 0 0.4
4 109697 2516 2919 1 1 0 0.4
4 127272 2519 2785 1 1 0 0.4
4 160758 2522 4215 1 50 1 0.4
4 103996 2524 2916 1 1 0 0.4
4 164884 2529 3524 1 1 1 0.4
4 150365 2529 3298 1 1 0 0.4
4 154181 2530 3471 1 10 0 0.4
4 89953 2532 2468 1 50 0 0.4
4 120440 2536 3136 1 1 1 0.4
4 64704 2536 1633 1 10 1 0.4
4 100945 2537 2868 1 1 0 0.4
4 128286 2539 3105 1 1 1 0.4
4 169616 2541 3842 1 1 1 0.4
4 171162 2541 3816 1 1 0 0.4
4 127804 2542 2923 1 10 1 0.4
4 155632 2543 4449 1 1 0 0.4
4 106230 2545 2965 1 50 1 0.4
4 97252 2546 1965 1 1 0 0.4
4 110809 2548 2961 1 1 1 0.4
4 150599 2553 3306 1 50 0 0.4
4 107546 2553 3140 1 50 0 0.4
4 82072 2557 2426 1 1 1 0.4
4 61454 2557 1523 1 50 1 0.4
4 176912 2560 3973 1 10 0 0.4
4 82292 2561 2351 1 50 1 0.4
4 74136 2562 1982 1 10 0 0.4
4 151615 2566 3666 1 1 0 0.4
4 178334 2568 5086 1 1 1 0.4
4 94403 2570 2770 1 1 1 0.4
4 92057 2571 2552 1 50 1 0.4
4 160255 2571 3578 1 50 1 0.4
4 60039 2572 1666 1 1 1 0.4
4 100237 2575 2646 1 1 1 0.4
4 175114 2575 3613 1 1 1 0.4
4 61605 2581 1652 1 50 0 0.4
4 143555 2581 3392 1 1 1 0.4
4 73733 2582 1868 1 1 1 0.4
4 92074 2585 2490 1 1 1 0.4
4 111026 2586 2815 1 10 1 0.4
4 68283 2586 1975 1 1 0 0.4
4 169889 2588 4491 1 50 1 0.4
4 157841 2588 4418 1 10 0 0.4
4 83422 2592 1957 1 1 1 0.4
4 140677 2592 3728 1 1 1 0.4
4 124203 2592 3296 1 1 1 0.4
4 150143 2594 3191 1 1 0 0.4
4 139148 2597 4064 1 1 1 0.4
4 153145 2598 4460 1 1 1 0.4
4 87608 2601 2300 1 1 0 0.4
4 78587 2602 1811 1 50 0 0.4
4 179303 2603 3787 1 1 1 0.4
4 117570 2605 2885 1 1 0 0.4
4 68901 2606 1833 1 1 0 0.4
4 151823 2606 3399 1 50 1 0.4
4 80620 2607 2054 1 1 1 0.4
4 90390 2614 2685 1 50 1 0.4
4 114083 2616 2923 1 10 0 0.4
4 99653 2618 2023 1 10 0 0.4
4 77550 2618 1799 1 1 1 0.4
4 176273 2619 3838 1 1 0 0.4
4 103304 2623 2729 1 1 0 0.4
4 111641 2626 3057 1 1 1 0.4
4 83942 2627 1800 1 1 0 0.4
4 103051 2628 2610 1 10 0 0.4
4 108751 2632 2780 1 1 1 0.4
4 179629 2633 5370 1 1 0 0.4
4 143598 2634 3515 1 50 1 0.4
4 77781 2638 2277 1 1 0 0.4
4 104766 2639 2362 1 10 0 0.4
4 124075 2640 3113 1 1 0 0.4
4 172008 2643 4658 1 10 0 0.4
4 158460 2643 4710 1 1 0 0.4
4 140447 2643 3057 1 1 0 0.4
4 123906 2649 3263 1 10 0 0.4
4 172447 2650 3454 1 1 0 0.4
4 129663 2650 3465 1 1 0 0.4
4 161065 2652 4375 1 50 1 0.4
4 128923 2652 3298 1 1 1 0.4
4 102658 2654 2627 1 1 1 0.4
4 157289 2654 3842 1 10 1 0.4
4 150118 2655 3225 1 1 0 0.4
4 143404 2656 3547 1 10 1 0.4
4 161039 2656 4736 1 1 0 0.4
4 91204 2660 2397 1 1 1 0.4
4 168349 2661 3409 1 1 0 0.4
4 108330 2664 3004 1 10 1 0.4
4 98029 2668 2027 1 1 1 0.4
4 143117 2671 3836 1 50 1 0.4
4 75838 2676 1608 1 10 1 0.4
4 137157 2677 3991 1 10 1 0.4
4 132369 2678 3585 1 1 1 0.4
4 115341 2679 3126 1 1 0 0.4
4 132113 2682 3013 1 1 0 0.4
4 88763 2682 2496 1 1 1 0.4
4 134728 2683 3980 1 10 1 0.4
4 71679 2690 1439 1 1 1 0.4
4 100400 2692 2979 1 1 1 0.4
4 168406 2694 4038 1 10 0 0.4
4 101853 2698 2917 1 50 0 0.4
4 105838 2698 2453 1 1 0 0.4
4 110672 2700 2938 1 10 1 0.4
4 173640 2700 4451 1 1 0 0.4
4 172297 2700 3774 1 1 1 0.4
4 140808 2700 3121 1 1 1 0.4
4 126853 2700 3198 1 1 0 0.4
4 62559 2701 1801 1 10 1 0.4
4 96367 2714 2177 1 1 1 0.4
4 63767 2714 1604 1 10 1 0.4
4 141482 2715 3908 1 10 0 0.4
4 126407 2717 3021 1 1 0 0.4
4 146983 2717 3972 1 1 1 0.4
4 176041 2719 5095 1 1 0 0.4
4 61025 2720 1245 1 10 1 0.4
4 65068 2724 1482 1 1 0 0.4
4 122472 2725 2463 1 50 0 0.4
4 132437 2728 2854 1 10 0 0.4
4 96714 2730 2130 1 1 0 0.4
4 75497 2730 2112 1 1 0 0.4
4 175084 2732 4368 1 1 1 0.4
4 69567 2737 1853 1 1 1 0.4
4 81434 2748 2245 1 50 0 0.4
4 71996 2749 1601 1 1 1 0.4
4 156694 2750 3252 1 1 1 0.4
4 130592 2751 3062 1 1 1 0.4
4 167350 2751 4828 1 1 1 0.4
4 176456 2753 4217 1 1 1 0.4
4 141550 2754 3271 1 1 0 0.4
4 156058 2755 4420 1 1 1 0.4
4 114143 2759 2740 1 1 0 0.4
4 103958 2763 2135 1 50 0 0.4
4 101524 2766 2748 1 10 0 0.4
4 150221 2769 4332 1 10 1 0.4
4 154301 2770 4589 1 10 0 0.4
4 88884 2780 2544 1 1 1 0.4
4 171972 2780 4800 1 10 0 0.4
4 68256 2784 1418 1 1 0 0.4
4 164817 2784 3377 1 1 0 0.4
4 110093 2784 2610 1 1 0 0.4
4 130234 2786 3762 1 50 0 0.4
4 152468 2787 4296 1 1 1 0.4
4 113661 2787 3385 1 10 1 0.4
4 140177 2789 3152 1 1 0 0.4
4 147897 2790 3271 1 1 0 0.4
4 65795 2792 1439 1 10 1 0.4
4 96686 2798 2269 1 1 1 0.4
4 170784 2806 4455 1 1 0 0.4
4 142263 2808 4083 1 1 1 0.4
4 74861 2809 1647 1 1 0 0.4
4 125005 2815 3348 1 1 1 0.4
4 127343 2815 2900 1 1 1 0.4
4 178907 2817 5248 1 10 0 0.4
4 172770 2822 4788 1 1 0 0.4
4 66794 2822 1473 1 10 0 0.4
4 119048 2822 2642 1 1 1 0.4
4 104127 2828 2893 1 10 0 0.4
4 73043 2831 1673 1 10 1 0.4
4 111526 2831 2438 1 1 1 0.4
4 124896 2831 3207 1 50 1 0.4
4 110890 2832 3124 1 1 0 0.4
4 166971 2832 4467 1 10 1 0.4
4 65961 2834 1392 1 1 1 0.4
4 122864 2836 3073 1 1 1 0.4
4 159186 2843 4069 1 1 1 0.4
4 169059 2846 4170 1 1 0 0.4
4 72786 2846 1665 1 10 0 0.4
4 151568 2847 4323 1 10 0 0.4
4 97108 2852 2730 1 1 1 0.4
4 179190 2855 5363 1 1 1 0.4
4 178616 2857 4185 1 1 0 0.4
4 91916 2860 2408 1 1 0 0.4
4 168123 2863 4716 1 50 1 0.4
4 115636 2864 2854 1 1 0 0.4
4 96359 2865 2822 1 1 1 0.4
4 70667 2870 1820 1 1 0 0.4
4 148492 2872 3712 1 10 0 0.4
4 62189 2873 1259 1 1 0 0.4
4 69767 2881 1613 1 1 0 0.4
4 130888 2883 3251 1 50 0 0.4
4 131280 2883 3889 1 1 1 0.4
4 134654 2886 3874 1 10 0 0.4
4 138644 2887 3177 1 1 0 0.4
4 122026 2892 2862 1 1 0 0.4
4 76112 2893 1699 1 1 1 0.4
4 129956 2893 3068 1 10 1 0.4
4 88788 2894 2042 1 1 1 0.4
4 119874 2895 3209 1 1 1 0.4
4 150959 2898 4217 1 1 1 0.4
4 162305 2901 4066 1 10 1 0.4
4 85616 2902 1937 1 10 1 0.4
4 158173 2908 3870 1 10 0 0.4
4 81163 2908 2214 1 1 0 0.4
4 107202 2910 2181 1 1 1 0.4
4 158005 2911 3530 1 10 0 0.4
4 147144 2911 3692 1 10 1 0.4
4 130296 2912 3589 1 10 0 0.4
4 69554 2912 1611 1 50 1 0.4
4 141947 2914 4154 1 10 0 0.4
4 129544 2915 3429 1 50 1 0.4
4 72104 2919 2075 1 1 0 0.4
4 140952 2920 3240 1 1 1 0.4
4 151160 2922 3620 1 1 1 0.4
4 61549 2943 1589 1 1 0 0.4
4 91208 2945 2625 1 1 1 0.4
4 116377 2948 3155 1 1 1 0.4
4 173548 2954 4867 1 1 0 0.4
4 129296 2960 2834 1 10 0 0.4
4 120278 2963 2815 1 10 1 0.4
4 151073 2963 3827 1 1 0 0.4
4 149555 2964 3396 1 1 0 0.4
4 73527 2964 2181 1 1 1 0.4
4 124303 2972 2523 1 10 0 0.4
4 172323 2978 3811 1 1 0 0.4
4 111250 2987 3088 1 1 0 0.4
4 90188 2988 2300 1 1 0 0.4
4 112923 2989 3338 1 1 0 0.4
4 172256 2993 4981 1 1 0 0.4
4 103652 2997 2978 1 10 1 0.4
4 115946 2997 2849 1 1 1 0.4
4 140872 2999 3859 1 1 0 0.4
4 79194 3003 1986 1 1 0 0.4
4 124635 3005 2784 1 10 0 0.4
4 164471 3013 4273 1 1 0 0.4
4 167266 3016 3454 1 1 1 0.4
4 73797 3016 1763 1 10 0 0.4
4 170845 3017 4362 1 1 0 0.4
4 88971 3018 2650 1 1 1 0.4
4 174745 3022 4515 1 50 1 0.4
4 140721 3023 3189 1 1 1 0.4
4 79019 3027 1799 1 50 0 0.4
4 101553 3027 2222 1 10 0 0.4
4 100193 3027 2080 1 10 1 0.4
4 66779 3031 1559 1 1 1 0.4
4 159006 3031 4044 1 1 0 0.4
4 162323 3034 3931 1 1 0 0.4
4 69789 3035 1486 1 10 1 0.4
4 175824 3036 4924 1 1 1 0.4
4 111244 3036 2305 1 1 1 0.4
4 63768 3054 1622 1 1 0 0.4
4 115042 3054 2715 1 1 1 0.4
4 153170 3059 4146 1 50 0 0.4
4 167068 3061 4154 1 1 1 0.4
4 148777 3063 3858 1 1 1 0.4
4 123320 3064 2998 1 1 1 0.4
4 176763 3067 5193 1 10 1 0.4
4 105645 3067 2418 1 10 0 0.4
4 120626 3068 2829 1 1 1 0.4
4 163119 3073 4227 1 1 0 0.4
4 85556 3073 1993 1 1 1 0.4
4 123691 3075 3455 1 1 1 0.4
4 138018 3076 4120 1 10 0 0.4
4 112940 3083 3046 1 1 0 0.4
4 179110 3085 4484 1 10 0 0.4
4 99618 3089 2033 1 1 1 0.4
4 134071 3091 2741 1 10 1 0.4
4 116211 3099 2787 1 1 1 0.4
4 167016 3100 3985 1 10 1 0.4
4 164998 3104 4386 1 1 0 0.4
4 87431 3106 2240 1 1 0 0.4
4 137604 3107 3343 1 1 0 0.4
4 121398 3109 3363 1 1 0 0.4
4 68510 3119 1478 1 1 0 0.4
4 166219 3120 3789 1 10 0 0.4
4 65241 3121 1897 1 50 0 0.4
4 95209 3122 2608 1 1 1 0.4
4 165956 3122 3730 1 1 1 0.4
4 61340 3123 1649 1 1 1 0.4
4 165799 3125 3617 1 10 1 0.4
4 168677 3133 3996 1 10 0 0.4
4 68863 3136 1433 1 10 0 0.4
4 128553 3136 2927 1 10 1 0.4
4 83085 3136 1908 1 1 0 0.4
4 131449 3137 3686 1 50 1 0.4
4 90903 3140 2078 1 1 0 0.4
4 169901 3140 5094 1 1 0 0.4
4 119218 3140 3010 1 10 1 0.4
4 132984 3146 3341 1 1 0 0.4
4 60011 3146 1706 1 10 0 0.4
4 70158 3149 2038 1 50 1 0.4
4 167308 3154 4777 1 10 1 0.4
4 116228 3156 3322 1 1 1 0.4
4 60917 3157 1306 1 1 0 0.4
4 125127 3158 3444 1 1 0 0.4
4 98195 3159 2402 1 1 0 0.4
4 157395 3160 3418 1 1 0 0.4
4 172222 3161 4987 1 1 1 0.4
4 138446 3165 3749 1 50 1 0.4
4 104701 3167 2759 1 1 0 0.4
4 64877 3167 1737 1 1 1 0.4
4 83363 3168 2357 1 10 1 0.4
4 141730 3171 3111 1 10 1 0.4
4 170031 3172 4099 1 50 0 0.4
4 105557 3173 2575 1 10 0 0.4
4 167000 3176 3690 1 10 0 0.4
4 79535 3181 1832 1 10 0 0.4
4 81027 3181 1908 1 1 1 0.4
4 158408 3183 3350 1 1 1 0.4
4 149734 3186 3520 1 1 0 0.4
4 80453 3189 1812 1 10 0 0.4
4 177906 3193 5195 1 1 1 0.4
4 95785 3194 2615 1 1 1 0.4
4 131481 3199 3164 1 50 0 0.4
4 159965 3200 4313 1 50 0 0.4
4 169557 3201 4145 1 10 0 0.4
4 71212 3205 1721 1 10 1 0.4
4 97054 3209 2309 1 50 1 0.4
4 92026 3209 2501 1 1 1 0.4
4 133679 3210 3414 1 1 1 0.4
4 114971 3211 2401 1 50 1 0.4
4 174413 3215 3955 1 1 1 0.4
4 150535 3216 4095 1 1 0 0.4
4 130617 3216 3019 1 10 0 0.4
4 160010 3222 3349 1 1 0 0.4
4 143339 3226 3200 1 1 1 0.4
4 89419 3227 2258 1 1 0 0.4
4 162992 3230 4441 1 1 0 0.4
4 124997 3233 2643 1 1 1 0.4
4 73470 3237 2133 1 1 0 0.4
4 138953 3242 3606 1 10 1 0.4
4 119473 3244 2732 1 1 0 0.4
4 172517 3244 4890 1 1 1 0.4
4 153727 3245 3758 1 10 0 0.4
4 178521 3247 4724 1 1 0 0.4
4 118016 3247 3038 1 1 0 0.4
4 134997 3252 2830 1 1 0 0.4
4 140685 3254 3658 1 1 1 0.4
4 161104 3258 4154 1 10 0 0.4
4 110899 3261 2759 1 1 0 0.4
4 178159 3268 4554 1 1 1 0.4
4 82897 3268 2485 1 1 1 0.4
4 66332 3270 1967 1 10 1 0.4
4 177619 3271 3673 1 1 0 0.4
4 62281 3271 1295 1 50 0 0.4
4 177167 3281 4504 1 1 0 0.4
4 88781 3283 2436 1 10 0 0.4
4 114520 3284 2996 1 10 1 0.4
4 178946 3287 5292 1 1 1 0.4
4 117812 3291 2778 1 10 1 0.4
4 165364 3296 4655 1 10 1 0.4
4 98070 3297 2861 1 1 0 0.4
4 128456 3299 3170 1 1 0 0.4
4 103601 3300 3102 1 1 0 0.4
4 71322 3302 1902 1 1 1 0.4
4 169582 3303 3985 1 1 1 0.4
4 159871 3303 3532 1 1 1 0.4
4 159520 3304 3689 1 50 0 0.4
4 163817 3308 3951 1 1 1 0.4
4 132656 3313 3467 1 10 0 0.4
4 71209 3318 1850 1 1 1 0.4
4 82199 3319 2308 1 50 0 0.4
4 90768 3325 2107 1 1 0 0.4
4 149655 3327 3985 1 1 1 0.4
4 132265 3328 2798 1 10 1 0.4
4 120185 3329 2508 1 1 0 0.4
4 68299 3332 1880 1 50 1 0.4
4 149066 3333 3975 1 10 1 0.4
4 80235 3338 2246 1 1 0 0.4
4 124064 3338 3465 1 1 1 0.4
4 99891 3345 2086 1 10 0 0.4
4 75678 3346 1594 1 1 1 0.4
4 138107 3348 3184 1 50 1 0.4
4 125006 3349 3132 1 1 1 0.4
4 137357 3349 3950 1 10 1 0.4
4 135965 3351 3854 1 1 1 0.4
4 167840 3361 3937 1 10 0 0.4
4 133630 3361 3649 1 1 0 0.4
4 173359 3384 3721 1 50 0 0.4
4 135512 3392 2832 1 10 1 0.4
4 94649 3394 2564 1 10 0 0.4
4 149353 3397 4424 1 50 0 0.4
4 67922 3397 1735 1 1 0 0.4
4 94182 3400 2290 1 10 1 0.4
4 137962 3402 2855 1 10 0 0.4
4 151432 3403 3963 1 50 0 0.4
4 82119 3404 1773 1 1 0 0.4
4 68240 3409 2021 1 10 0 0.4
4 127598 3411 3317 1 10 0 0.4
4 145808 3414 3122 1 1 1 0.4
4 158313 3417 3645 1 10 0 0.4
4 162951 3424 4240 1 10 1 0.4
4 135123 3426 3273 1 1 0 0.4
4 102373 3427 2577 1 1 0 0.4
4 77935 3427 2252 1 1 0 0.4
4 60480 3434 1383 1 1 1 0.4
4 105212 3439 2188 1 1 0 0.4
4 91167 3439 2127 1 1 1 0.4
4 165589 3444 3440 1 10 1 0.4
4 145363 3455 3574 1 1 1 0.4
4 80761 3461 1889 1 10 1 0.4
4 76062 3463 1828 1 1 0 0.4
4 98119 3474 2886 1 1 0 0.4
4 77760 3476 1672 1 1 0 0.4
4 158533 3477 3623 1 10 0 0.4
4 177970 3482 5269 1 1 0 0.4
4 160259 3482 3457 1 1 1 0.4
4 123963 3483 3475 1 10 1 0.4
4 152261 3484 4156 1 1 0 0.4
4 97373 3485 2362 1 1 0 0.4
4 164337 3490 3612 1 1 0 0.4
4 73308 3490 1935 1 1 1 0.4
4 107117 3499 2993 1 10 0 0.4
4 86707 3503 1957 1 1 0 0.4
4 78933 3508 1700 1 1 0 0.4
4 82372 3512 1730 1 1 1 0.4
4 154369 3513 3125 1 1 1 0.4
4 80949 3514 1949 1 10 1 0.4
4 128248 3516 3389 1 1 1 0.4
4 109463 3516 2542 1 1 0 0.4
4 71153 3516 1809 1 1 0 0.4
4 111905 3523 3059 1 50 0 0.4
4 137944 3526 3279 1 1 0 0.4
4 137138 3530 3665 1 1 0 0.4
4 159398 3538 4578 1 1 1 0.4
4 168251 3539 4885 1 1 1 0.4
4 156135 3540 3918 1 1 0 0.4
4 62250 3542 1507 1 10 1 0.4
4 80230 3549 2025 1 1 1 0.4
4 159262 3549 3944 1 1 1 0.4
4 61306 3553 1440 1 50 0 0.4
4 60741 3554 1564 1 10 0 0.4
4 101211 3557 2133 1 10 1 0.4
4 140461 3560 3982 1 1 1 0.4
4 160408 3562 4255 1 10 0 0.4
4 143517 3570 3833 1 50 1 0.4
4 108496 3570 2623 1 1 1 0.4
4 148708 3570 4445 1 50 0 0.4
4 117863 3570 2734 1 50 0 0.4
4 107247 3572 2421 1 10 0 0.4
4 119164 3573 2542 1 1 0 0.4
4 125588 3574 3639 1 50 1 0.4
4 97428 3578 2528 1 1 1 0.4
4 112177 3582 3176 1 1 0 0.4
4 149793 3583 3107 1 1 1 0.4
4 95373 3586 2059 1 1 1 0.4
4 155570 3586 3365 1 1 0 0.4
4 148927 3588 4251 1 10 1 0.4
4 105049 3588 3125 1 10 0 0.4
4 175570 3590 3616 1 1 1 0.4
4 124258 3592 2938 1 1 0 0.4
4 163119 3593 4876 1 10 1 0.4
4 144516 3594 3200 1 1 0 0.4
4 63440 3598 1311 1 10 0 0.4
4 83912 3598 1694 1 1 1 0.4
4 110000 3599 2353 1 1 0 0.4
