1500
6 168189 1 3717 1 1 0 1.0
6 95256 8 2510 1 1 0 1.0
6 124027 11 3088 1 1 0 1.0
6 68972 14 1911 1 1 0 1.0
6 115478 14 3443 1 1 1 1.0
6 158234 19 4131 1 10 0 1.0
6 177545 26 4145 1 10 0 1.0
6 85374 33 2109 1 1 0 1.0
6 90737 39 2286 1 50 0 1.0
6 66873 41 1357 1 1 0 1.0
6 151055 42 4050 1 50 1 1.0
6 129876 43 2782 1 10 0 1.0
6 146274 45 4271 1 10 1 1.0
6 146741 47 3272 1 10 0 1.0
6 98659 49 2863 1 1 0 1.0
6 75116 55 1910 1 1 1 1.0
6 158395 56 3671 1 1 1 1.0
6 165475 57 3479 1 1 1 1.0
6 131455 66 2685 1 10 0 1.0
6 102385 66 2080 1 1 0 1.0
6 129808 68 3272 1 1 1 1.0
6 131324 76 3412 1 10 1 1.0
6 67893 86 1667 1 1 0 1.0
6 166338 88 3635 1 50 1 1.0
6 100760 89 2048 1 10 1 1.0
6 82303 90 1884 1 1 1 1.0
6 157171 94 3676 1 1 1 1.0
6 87185 95 1860 1 10 0 1.0
6 148233 101 3350 1 1 1 1.0
6 115052 107 2767 1 1 1 1.0
6 156018 107 4254 1 1 0 1.0
6 144721 110 3180 1 1 0 1.0
6 109610 112 3188 1 1 0 1.0
6 131995 118 3374 1 10 0 1.0
6 159241 123 3666 1 10 0 1.0
6 96792 126 2000 1 1 0 1.0
6 161333 127 4371 1 1 1 1.0
6 70074 127 1713 1 1 0 1.0
6 92631 130 2193 1 10 0 1.0
6 71871 132 1642 1 10 1 1.0
6 63669 139 1325 1 1 0 1.0
6 178650 144 4759 1 1 0 1.0
6 60949 145 1439 1 1 1 1.0
6 77968 150 2042 1 10 1 1.0
6 104405 152 2539 1 1 1 1.0
6 61834 152 1237 1 10 1 1.0
6 135142 153 3412 1 10 0 1.0
6 75395 158 1752 1 10 0 1.0
6 175564 165 5239 1 1 1 1.0
6 162533 168 4129 1 50 0 1.0
6 148912 169 4351 1 10 1 1.0
6 71862 170 1442 1 1 1 1.0
6 81699 170 1646 1 10 0 1.0
6 166697 174 4102 1 10 1 1.0
6 130541 175 2882 1 1 1 1.0
6 154003 176 4052 1 10 1 1.0
6 100314 177 2457 1 50 0 1.0
6 118724 182 3258 1 1 1 1.0
6 176415 183 4750 1 1 0 1.0
6 174147 187 4736 1 1 0 1.0
6 106876 187 2274 1 10 1 1.0
6 128902 190 3677 1 1 0 1.0
6 138101 190 3939 1 10 1 1.0
6 76663 191 2136 1 10 0 1.0
6 98838 194 2767 1 1 0 1.0
6 76219 195 2047 1 10 0 1.0
6 116298 196 2796 1 50 0 1.0
6 111423 199 3341 1 1 1 1.0
6 152377 202 3396 1 10 0 1.0
6 159750 203 3711 1 1 1 1.0
6 114653 206 2337 1 1 0 1.0
6 100956 208 2838 1 10 0 1.0
6 136251 225 3184 1 1 0 1.0
6 130635 228 3021 1 10 1 1.0
6 76347 228 2263 1 1 1 1.0
6 71071 228 1423 1 1 1 1.0
6 64436 232 1863 1 1 0 1.0
6 123525 234 3366 1 10 1 1.0
6 151132 235 3431 1 1 0 1.0
6 152735 239 3665 1 10 0 1.0
6 88740 239 2466 1 1 0 1.0
6 83505 241 2311 1 1 1 1.0
6 158235 247 3906 1 1 0 1.0
6 60462 248 1700 1 10 1 1.0
6 106874 253 2949 1 1 1 1.0
6 88825 253 2087 1 1 0 1.0
6 134344 254 3230 1 10 1 1.0
6 169771 257 4300 1 1 0 1.0
6 73634 257 1503 1 1 1 1.0
6 126472 258 2702 1 10 1 1.0
6 171994 263 4588 1 1 1 1.0
6 106541 268 2368 1 50 0 1.0
6 148245 274 4149 1 1 1 1.0
6 147677 274 3035 1 1 1 1.0
6 76234 276 2107 1 1 1 1.0
6 125173 279 3688 1 1 0 1.0
6 117554 279 3284 1 10 0 1.0
6 137631 279 3649 1 1 0 1.0
6 73773 282 1694 1 10 0 1.0
6 91133 284 2190 1 50 0 1.0
6 147485 284 4388 1 50 0 1.0
6 162058 293 3993 1 1 1 1.0
6 78195 294 1621 1 10 1 1.0
6 113908 296 3132 1 50 1 1.0
6 100094 298 2291 1 1 0 1.0
6 134162 300 3399 1 1 0 1.0
6 119593 301 3138 1 1 1 1.0
6 78051 303 1600 1 1 1 1.0
6 164062 306 3584 1 1 1 1.0
6 84207 306 2383 1 10 1 1.0
6 161835 307 3344 1 1 1 1.0
6 174147 308 4822 1 10 0 1.0
6 131043 308 3899 1 1 0 1.0
6 78413 309 2338 1 1 0 1.0
6 64646 316 1868 1 1 1 1.0
6 111332 321 2668 1 1 0 1.0
6 70342 321 2026 1 1 1 1.0
6 155887 322 4107 1 1 0 1.0
6 127786 324 3641 1 1 1 1.0
6 152346 324 4178 1 1 0 1.0
6 79298 326 2223 1 10 1 1.0
6 87175 331 2339 1 10 1 1.0
6 129907 333 2881 1 1 1 1.0
6 137650 336 4118 1 1 0 1.0
6 74692 337 1715 1 1 0 1.0
6 129297 339 3065 1 10 1 1.0
6 161798 339 4256 1 10 0 1.0
6 112042 347 2470 1 50 1 1.0
6 139466 348 4170 1 1 0 1.0
6 151004 348 3556 1 1 0 1.0
6 115480 350 2843 1 10 1 1.0
6 79099 351 1962 1 1 0 1.0
6 107679 351 2703 1 1 0 1.0
6 103020 352 2412 1 1 1 1.0
6 164344 358 4144 1 10 1 1.0
6 124967 361 2734 1 1 1 1.0
6 123806 362 3054 1 1 0 1.0
6 66538 369 1913 1 50 0 1.0
6 135733 369 3905 1 1 0 1.0
6 165268 372 3467 1 10 1 1.0
6 165208 376 3327 1 50 1 1.0
6 137484 376 3128 1 50 1 1.0
6 78362 377 1891 1 50 1 1.0
6 88068 379 2286 1 1 1 1.0
6 143308 379 3477 1 1 0 1.0
6 92779 380 2325 1 1 1 1.0
6 128900 382 3484 1 10 0 1.0
6 132156 383 3276 1 50 1 1.0
6 111902 385 3172 1 1 1 1.0
6 134070 386 2805 1 1 1 1.0
6 127898 391 2877 1 1 1 1.0
6 79746 397 2311 1 10 0 1.0
6 128347 397 2797 1 50 0 1.0
6 174571 398 5008 1 1 1 1.0
6 95357 404 2058 1 1 0 1.0
6 67022 405 1393 1 50 0 1.0
6 114722 406 2559 1 50 1 1.0
6 174146 406 4162 1 50 0 1.0
6 99295 421 2253 1 1 0 1.0
6 146349 422 3943 1 1 0 1.0
6 100268 424 2050 1 10 0 1.0
6 65128 425 1807 1 10 0 1.0
6 131836 426 3792 1 10 0 1.0
6 136511 428 3952 1 10 1 1.0
6 83483 432 2215 1 1 0 1.0
6 161517 433 4166 1 10 0 1.0
6 171204 444 4216 1 10 0 1.0
6 69650 445 1522 1 1 0 1.0
6 78147 446 1575 1 50 1 1.0
6 136797 448 3467 1 1 0 1.0
6 99077 450 2003 1 1 1 1.0
6 155798 454 3722 1 10 1 1.0
6 155289 457 3113 1 10 1 1.0
6 99366 466 2144 1 1 1 1.0
6 133046 477 3303 1 10 1 1.0
6 148577 479 3618 1 10 1 1.0
6 123306 481 2640 1 1 0 1.0
6 177169 484 3665 1 1 1 1.0
6 151518 484 4472 1 50 0 1.0
6 161355 485 4136 1 1 1 1.0
6 149019 486 4059 1 10 0 1.0
6 171777 488 4151 1 1 0 1.0
6 66032 492 1488 1 50 0 1.0
6 134854 493 3797 1 1 0 1.0
6 76724 493 2074 1 1 1 1.0
6 147894 494 4224 1 10 1 1.0
6 127014 497 3532 1 10 1 1.0
6 88945 497 2438 1 1 0 1.0
6 160691 500 4594 1 1 0 1.0
6 79610 501 2050 1 10 1 1.0
6 88944 501 2546 1 10 1 1.0
6 151100 502 3805 1 10 1 1.0
6 74787 503 1834 1 1 0 1.0
6 128029 504 3186 1 1 0 1.0
6 129017 509 2818 1 1 1 1.0
6 120688 511 3383 1 1 1 1.0
6 130283 511 3361 1 10 0 1.0
6 92273 512 2197 1 1 1 1.0
6 86827 514 2396 1 10 1 1.0
6 89379 516 2476 1 1 1 1.0
6 108400 517 2224 1 1 1 1.0
6 178187 520 4768 1 1 1 1.0
6 155283 523 4435 1 1 1 1.0
6 154487 523 3153 1 1 1 1.0
6 69288 524 1944 1 10 1 1.0
6 62190 526 1474 1 50 1 1.0
6 144932 528 3726 1 1 0 1.0
6 133019 528 3887 1 50 1 1.0
6 97528 533 2195 1 1 1 1.0
6 130129 538 3476 1 1 1 1.0
6 119193 540 3251 1 1 1 1.0
6 171285 543 4592 1 10 1 1.0
6 122617 548 3588 1 10 0 1.0
6 178762 549 4420 1 10 0 1.0
6 175289 550 3859 1 1 0 1.0
6 82528 552 2399 1 1 0 1.0
6 124709 555 3704 1 10 1 1.0
6 130381 555 3315 1 10 0 1.0
6 165866 558 4659 1 1 0 1.0
6 114771 561 2312 1 10 1 1.0
6 69774 564 2074 1 10 0 1.0
6 69881 567 1667 1 50 1 1.0
6 163188 568 4706 1 10 0 1.0
6 166663 569 4061 1 10 0 1.0
6 73549 570 1526 1 1 0 1.0
6 167085 573 4788 1 1 1 1.0
6 104454 574 2589 1 1 1 1.0
6 126595 576 3359 1 1 1 1.0
6 115421 577 2368 1 1 0 1.0
6 141568 578 3984 1 1 0 1.0
6 152947 584 4336 1 1 0 1.0
6 161681 584 3458 1 10 0 1.0
6 179954 585 5346 1 1 0 1.0
6 102969 586 2155 1 1 1 1.0
6 61434 586 1765 1 10 0 1.0
6 155804 587 3129 1 1 0 1.0
6 149034 590 3211 1 1 0 1.0
6 150169 590 3165 1 50 1 1.0
6 110406 590 2999 1 1 1 1.0
6 166898 593 4714 1 1 1 1.0
6 61013 595 1411 1 1 1 1.0
6 150629 596 3463 1 1 0 1.0
6 85180 597 2231 1 10 0 1.0
6 125617 601 3407 1 1 1 1.0
6 142221 602 3353 1 10 1 1.0
6 71687 605 2043 1 10 1 1.0
6 71314 610 1472 1 1 0 1.0
6 119897 610 2568 1 1 1 1.0
6 152498 611 3411 1 10 0 1.0
6 171408 612 3575 1 1 0 1.0
6 169335 613 4656 1 10 0 1.0
6 139390 615 3988 1 10 1 1.0
6 121116 615 2552 1 10 1 1.0
6 104728 620 2610 1 1 1 1.0
6 139099 628 2948 1 1 0 1.0
6 162749 629 4688 1 50 1 1.0
6 94948 630 2491 1 1 1 1.0
6 150003 631 3190 1 10 1 1.0
6 86782 632 2097 1 10 1 1.0
6 127767 634 3071 1 1 0 1.0
6 170499 637 4023 1 1 1 1.0
6 177861 640 4524 1 10 0 1.0
6 146740 641 3607 1 50 0 1.0
6 156498 645 3531 1 10 0 1.0
6 122924 656 3575 1 1 0 1.0
6 104884 658 2475 1 10 0 1.0
6 117675 659 3015 1 1 0 1.0
6 137651 659 2996 1 1 1 1.0
6 156863 661 4267 1 1 1 1.0
6 99989 662 2294 1 10 0 1.0
6 138869 664 3019 1 1 0 1.0
6 140623 664 3988 1 1 1 1.0
6 100713 665 2114 1 10 1 1.0
6 65424 667 1606 1 1 1 1.0
6 138095 670 3443 1 10 1 1.0
6 97758 671 1958 1 10 1 1.0
6 144109 672 2929 1 1 1 1.0
6 103902 678 2081 1 10 0 1.0
6 64949 679 1407 1 1 0 1.0
6 84199 680 2477 1 1 0 1.0
6 82874 683 2388 1 50 1 1.0
6 156797 684 4388 1 50 1 1.0
6 86960 684 1976 1 10 1 1.0
6 82044 687 2137 1 10 1 1.0
6 138248 689 3288 1 10 0 1.0
6 96826 691 2288 1 1 0 1.0
6 143423 693 3179 1 10 0 1.0
6 169846 693 4186 1 10 0 1.0
6 131034 701 3180 1 1 0 1.0
6 110106 706 2682 1 1 1 1.0
6 74951 707 1734 1 10 0 1.0
6 100012 709 2911 1 1 1 1.0
6 160901 713 4377 1 1 1 1.0
6 169800 716 3780 1 1 1 1.0
6 164902 717 4161 1 50 0 1.0
6 113595 717 2522 1 10 1 1.0
6 64372 720 1772 1 10 1 1.0
6 115843 721 3009 1 1 1 1.0
6 174094 722 4019 1 1 1 1.0
6 70091 724 2076 1 1 1 1.0
6 174598 725 4906 1 10 0 1.0
6 129764 728 3853 1 1 1 1.0
6 119789 730 2579 1 1 0 1.0
6 127910 730 3112 1 1 0 1.0
6 88052 735 2042 1 1 0 1.0
6 109204 736 2406 1 1 0 1.0
6 144565 741 3884 1 10 1 1.0
6 156030 741 3562 1 10 0 1.0
6 137328 742 3287 1 1 1 1.0
6 119248 749 2773 1 1 0 1.0
6 156676 749 4408 1 10 1 1.0
6 159283 751 3991 1 1 1 1.0
6 141628 752 3052 1 1 0 1.0
6 144549 753 4277 1 1 1 1.0
6 118912 759 3455 1 50 0 1.0
6 178034 760 4452 1 50 1 1.0
6 179383 760 4111 1 10 1 1.0
6 90320 761 2582 1 1 1 1.0
6 99043 765 2501 1 1 0 1.0
6 154267 770 3461 1 1 0 1.0
6 103525 771 3013 1 10 1 1.0
6 87483 775 2164 1 1 0 1.0
6 98942 775 2766 1 1 0 1.0
6 111404 777 2964 1 1 0 1.0
6 82290 777 1815 1 1 0 1.0
6 165330 780 3964 1 1 1 1.0
6 160708 783 4540 1 1 1 1.0
6 95466 785 1945 1 1 1 1.0
6 118283 786 2680 1 50 1 1.0
6 144385 788 3135 1 10 1 1.0
6 115787 789 2914 1 1 0 1.0
6 136263 791 2726 1 1 1 1.0
6 97329 791 2764 1 10 0 1.0
6 176248 796 4862 1 10 1 1.0
6 140613 796 4194 1 1 1 1.0
6 73517 798 1965 1 1 1 1.0
6 140930 802 3153 1 10 0 1.0
6 142828 804 3775 1 1 1 1.0
6 169308 805 3663 1 10 0 1.0
6 68910 805 1541 1 1 0 1.0
6 66192 806 1955 1 10 1 1.0
6 108656 811 3123 1 1 1 1.0
6 67876 812 1681 1 10 0 1.0
6 151253 818 3511 1 1 1 1.0
6 130015 818 3243 1 50 0 1.0
6 100543 819 3004 1 10 1 1.0
6 86374 819 2555 1 1 0 1.0
6 87104 820 2367 1 10 1 1.0
6 91957 823 2206 1 50 1 1.0
6 65209 825 1421 1 1 1 1.0
6 177895 825 5162 1 10 0 1.0
6 133774 826 3812 1 10 0 1.0
6 147199 830 4218 1 1 1 1.0
6 174730 835 5212 1 10 0 1.0
6 136997 844 2945 1 1 0 1.0
6 158350 845 4198 1 1 1 1.0
6 176305 850 4077 1 1 1 1.0
6 133930 850 2681 1 10 0 1.0
6 102290 852 2142 1 1 1 1.0
6 168071 853 3458 1 1 1 1.0
6 159555 853 3970 1 1 0 1.0
6 126784 856 3296 1 10 0 1.0
6 167175 858 4845 1 10 0 1.0
6 64420 858 1435 1 1 1 1.0
6 119742 867 2397 1 10 0 1.0
6 145875 867 4308 1 1 1 1.0
6 92434 868 2415 1 10 1 1.0
6 132496 872 3460 1 10 0 1.0
6 66545 873 1372 1 1 0 1.0
6 105876 876 2167 1 1 1 1.0
6 78775 879 2224 1 1 1 1.0
6 163049 885 4601 1 10 0 1.0
6 173635 891 5138 1 1 1 1.0
6 164982 891 3361 1 10 0 1.0
6 125536 899 3315 1 10 1 1.0
6 176689 902 4968 1 10 1 1.0
6 141816 903 3752 1 1 0 1.0
6 137778 905 3193 1 10 0 1.0
6 93488 907 2309 1 1 0 1.0
6 94257 907 2550 1 10 1 1.0
6 169559 908 3434 1 50 1 1.0
6 179522 918 4842 1 1 0 1.0
6 169944 925 4399 1 50 0 1.0
6 114809 925 2498 1 10 0 1.0
6 151985 928 3981 1 1 1 1.0
6 114517 935 2560 1 1 1 1.0
6 110507 942 3263 1 1 1 1.0
6 140046 943 4087 1 1 1 1.0
6 94483 945 1909 1 10 1 1.0
6 148416 951 4089 1 1 0 1.0
6 139114 956 3836 1 1 0 1.0
6 126266 958 3556 1 10 1 1.0
6 116999 960 3349 1 1 0 1.0
6 168246 960 4709 1 50 0 1.0
6 97294 962 2181 1 10 0 1.0
6 95647 965 2594 1 1 0 1.0
6 131403 969 2852 1 10 1 1.0
6 177468 971 4726 1 1 0 1.0
6 103614 974 2838 1 10 1 1.0
6 80741 978 2109 1 1 1 1.0
6 167182 980 4648 1 1 0 1.0
6 142202 981 4174 1 50 1 1.0
6 145869 981 4181 1 10 1 1.0
6 173464 982 4689 1 1 1 1.0
6 107115 984 2204 1 1 1 1.0
6 70637 984 1926 1 10 0 1.0
6 134626 985 3485 1 10 0 1.0
6 72059 989 2108 1 1 1 1.0
6 70738 991 1829 1 1 1 1.0
6 167028 992 3708 1 1 1 1.0
6 128536 998 3351 1 1 1 1.0
6 115908 1001 2494 1 1 0 1.0
6 85515 1002 2371 1 10 0 1.0
6 142108 1012 4174 1 10 0 1.0
6 134273 1014 3368 1 1 1 1.0
6 78131 1016 2280 1 50 0 1.0
6 145635 1019 3932 1 1 0 1.0
6 100574 1020 2669 1 1 1 1.0
6 124474 1028 3135 1 1 0 1.0
6 152133 1033 3234 1 10 0 1.0
6 132107 1038 3157 1 1 0 1.0
6 103391 1040 2823 1 10 1 1.0
6 178312 1042 3931 1 10 0 1.0
6 126362 1043 3411 1 10 0 1.0
6 157726 1047 3998 1 10 0 1.0
6 166328 1048 4546 1 10 1 1.0
6 100232 1052 2382 1 1 1 1.0
6 176569 1058 3826 1 10 1 1.0
6 114611 1059 2479 1 10 0 1.0
6 66606 1060 1543 1 1 0 1.0
6 72972 1065 1472 1 10 1 1.0
6 160675 1067 4635 1 1 1 1.0
6 104268 1069 2725 1 10 0 1.0
6 116799 1071 2948 1 1 1 1.0
6 147690 1078 3686 1 1 1 1.0
6 162148 1082 3832 1 1 0 1.0
6 149836 1083 3837 1 50 1 1.0
6 94837 1084 1927 1 50 1 1.0
6 100297 1086 2640 1 1 1 1.0
6 87301 1087 2497 1 10 0 1.0
6 145723 1088 3531 1 1 1 1.0
6 151260 1088 4019 1 10 1 1.0
6 155725 1091 4172 1 50 0 1.0
6 177838 1092 4065 1 10 0 1.0
6 114334 1093 3094 1 10 1 1.0
6 178549 1094 4318 1 1 1 1.0
6 96668 1095 2562 1 1 0 1.0
6 73076 1098 1524 1 1 0 1.0
6 67035 1100 1493 1 1 1 1.0
6 138989 1101 3391 1 1 1 1.0
6 83177 1102 2195 1 10 1 1.0
6 109917 1104 2200 1 50 0 1.0
6 144429 1106 2897 1 1 1 1.0
6 127431 1108 3352 1 1 1 1.0
6 92601 1112 2202 1 1 1 1.0
6 62384 1116 1588 1 1 1 1.0
6 149855 1118 3529 1 50 0 1.0
6 113303 1120 3314 1 1 0 1.0
6 102526 1120 2543 1 10 1 1.0
6 103504 1123 2793 1 1 1 1.0
6 126477 1126 3349 1 1 0 1.0
6 119953 1127 3087 1 1 0 1.0
6 73648 1128 1843 1 1 1 1.0
6 160022 1134 3807 1 1 1 1.0
6 100300 1134 2181 1 1 1 1.0
6 159299 1134 4353 1 10 1 1.0
6 157115 1135 4164 1 10 1 1.0
6 91945 1139 1873 1 1 0 1.0
6 129262 1139 3386 1 1 1 1.0
6 124399 1139 3312 1 1 1 1.0
6 86209 1140 2545 1 1 0 1.0
6 169355 1151 4067 1 10 1 1.0
6 97735 1156 2473 1 1 0 1.0
6 60824 1157 1780 1 1 1 1.0
6 67032 1161 1877 1 10 1 1.0
6 92317 1165 2455 1 1 1 1.0
6 71129 1169 2074 1 1 1 1.0
6 118476 1170 3435 1 1 1 1.0
6 130902 1175 2709 1 10 1 1.0
6 78379 1182 1992 1 50 0 1.0
6 155452 1186 3130 1 10 0 1.0
6 176059 1186 4486 1 1 0 1.0
6 121653 1189 2992 1 1 0 1.0
6 108993 1190 2204 1 1 1 1.0
6 67709 1193 1741 1 10 1 1.0
6 127017 1193 2856 1 1 0 1.0
6 68405 1197 1847 1 1 1 1.0
6 66354 1199 1702 1 1 0 1.0
6 143718 1203 4156 1 10 0 1.0
6 154517 1207 3240 1 50 0 1.0
6 152294 1211 3360 1 1 0 1.0
6 61371 1211 1788 1 1 1 1.0
6 70007 1211 1773 1 1 0 1.0
6 87877 1214 2530 1 1 0 1.0
6 93135 1214 2277 1 1 1 1.0
6 158397 1220 3829 1 10 1 1.0
6 98012 1222 2134 1 1 0 1.0
6 171091 1224 4346 1 50 0 1.0
6 170374 1226 3530 1 10 0 1.0
6 76416 1226 1716 1 50 0 1.0
6 109963 1227 3259 1 1 0 1.0
6 137558 1228 3207 1 50 0 1.0
6 162106 1228 4235 1 10 0 1.0
6 125221 1230 3540 1 10 0 1.0
6 137060 1236 3525 1 1 0 1.0
6 82346 1237 1887 1 1 1 1.0
6 91630 1242 2395 1 1 0 1.0
6 165456 1242 4901 1 1 1 1.0
6 157968 1246 4550 1 1 1 1.0
6 73178 1252 1984 1 1 1 1.0
6 73262 1252 1771 1 1 1 1.0
6 134637 1256 2741 1 1 1 1.0
6 161419 1258 4682 1 50 0 1.0
6 116150 1266 2945 1 1 1 1.0
6 127628 1268 3211 1 50 0 1.0
6 179176 1272 4314 1 1 0 1.0
6 142754 1276 3171 1 1 0 1.0
6 115618 1279 2519 1 1 0 1.0
6 175844 1283 4822 1 10 0 1.0
6 136645 1287 3245 1 10 1 1.0
6 128697 1289 3135 1 10 1 1.0
6 137554 1289 3987 1 10 1 1.0
6 136759 1298 3468 1 1 0 1.0
6 130888 1299 3233 1 1 1 1.0
6 148396 1299 3033 1 1 0 1.0
6 137283 1300 3134 1 1 0 1.0
6 64174 1301 1879 1 1 1 1.0
6 113584 1303 3319 1 10 1 1.0
6 144339 1305 4242 1 1 1 1.0
6 120493 1305 2483 1 1 1 1.0
6 96805 1306 2568 1 1 1 1.0
6 120375 1308 3604 1 1 1 1.0
6 174092 1310 3551 1 50 1 1.0
6 79683 1314 2291 1 1 1 1.0
6 141055 1317 3293 1 10 0 1.0
6 118535 1317 3510 1 1 1 1.0
6 146394 1319 4125 1 50 0 1.0
6 151098 1326 3507 1 1 1 1.0
6 117522 1329 3213 1 1 0 1.0
6 179344 1332 4062 1 1 0 1.0
6 101484 1339 2406 1 1 1 1.0
6 134511 1344 3327 1 10 0 1.0
6 129830 1344 3841 1 10 0 1.0
6 91227 1346 1869 1 10 1 1.0
6 73946 1347 1633 1 50 1 1.0
6 85929 1351 2149 1 1 1 1.0
6 130390 1352 3166 1 1 0 1.0
6 162825 1352 3861 1 1 1 1.0
6 96004 1354 1971 1 10 1 1.0
6 143400 1355 3347 1 1 1 1.0
6 79726 1356 2282 1 1 1 1.0
6 125209 1357 3386 1 1 1 1.0
6 108474 1360 2799 1 10 1 1.0
6 66919 1362 1993 1 1 1 1.0
6 143537 1364 3225 1 1 0 1.0
6 81277 1364 2400 1 10 0 1.0
6 174428 1365 4797 1 1 1 1.0
6 162291 1368 3580 1 50 1 1.0
6 176348 1369 5059 1 10 0 1.0
6 68332 1372 1854 1 10 1 1.0
6 120280 1373 2890 1 1 0 1.0
6 157514 1375 3626 1 1 0 1.0
6 155409 1375 3413 1 1 1 1.0
6 125016 1376 3472 1 10 1 1.0
6 108665 1376 2293 1 1 0 1.0
6 77241 1376 1611 1 1 1 1.0
6 90958 1377 2281 1 1 1 1.0
6 113038 1386 3287 1 1 0 1.0
6 112125 1388 2884 1 10 0 1.0
6 137685 1390 3741 1 10 0 1.0
6 72833 1397 1730 1 10 1 1.0
6 89128 1398 2663 1 1 0 1.0
6 171820 1399 3832 1 1 1 1.0
6 97725 1400 2239 1 50 1 1.0
6 103779 1401 2091 1 1 1 1.0
6 81938 1403 1733 1 1 0 1.0
6 179863 1408 3666 1 1 1 1.0
6 80671 1409 2055 1 1 1 1.0
6 108242 1412 2840 1 10 1 1.0
6 146233 1415 3489 1 1 0 1.0
6 166937 1417 3653 1 10 1 1.0
6 126664 1419 3137 1 1 0 1.0
6 82892 1420 2099 1 1 1 1.0
6 132680 1423 3270 1 10 0 1.0
6 131144 1423 3295 1 1 0 1.0
6 64768 1425 1486 1 1 0 1.0
6 128425 1428 2693 1 1 0 1.0
6 76782 1428 1889 1 1 0 1.0
6 167872 1430 4942 1 1 1 1.0
6 114627 1431 3370 1 10 0 1.0
6 110761 1432 3303 1 10 0 1.0
6 80210 1433 1683 1 1 0 1.0
6 117019 1435 2886 1 1 0 1.0
6 157277 1442 3364 1 1 1 1.0
6 82808 1442 1807 1 10 0 1.0
6 108685 1444 2589 1 1 0 1.0
6 75351 1445 1599 1 1 0 1.0
6 134779 1445 3059 1 50 0 1.0
6 70450 1447 1652 1 1 1 1.0
6 71820 1451 1541 1 1 1 1.0
6 93642 1452 2312 1 50 1 1.0
6 64360 1452 1564 1 50 0 1.0
6 78957 1452 2088 1 1 0 1.0
6 66031 1452 1805 1 1 1 1.0
6 124865 1453 3144 1 10 1 1.0
6 96686 1455 2424 1 1 1 1.0
6 93910 1456 2070 1 10 1 1.0
6 64060 1457 1739 1 10 0 1.0
6 140739 1457 3900 1 10 1 1.0
6 112188 1458 2635 1 1 1 1.0
6 62473 1459 1800 1 50 1 1.0
6 157235 1460 4439 1 1 1 1.0
6 62083 1473 1421 1 10 1 1.0
6 91477 1476 2580 1 1 1 1.0
6 133403 1483 3460 1 1 1 1.0
6 113551 1486 3141 1 1 0 1.0
6 113882 1487 2362 1 10 1 1.0
6 149893 1489 3576 1 1 0 1.0
6 145416 1490 3351 1 10 1 1.0
6 172859 1491 4359 1 1 1 1.0
6 84706 1499 1810 1 10 0 1.0
6 177788 1499 3992 1 1 1 1.0
6 125855 1504 3366 1 10 0 1.0
6 101945 1507 2145 1 10 0 1.0
6 112026 1512 3045 1 1 1 1.0
6 168113 1514 4253 1 50 0 1.0
6 138049 1519 3786 1 1 0 1.0
6 163620 1519 3604 1 10 1 1.0
6 156512 1521 3312 1 1 0 1.0
6 165607 1525 4687 1 1 1 1.0
6 98547 1528 2842 1 50 0 1.0
6 178953 1531 4697 1 10 1 1.0
6 98277 1533 2875 1 1 0 1.0
6 116404 1534 2489 1 10 0 1.0
6 121379 1534 2507 1 1 0 1.0
6 127329 1536 2782 1 10 1 1.0
6 124069 1539 2781 1 1 0 1.0
6 159573 1541 4387 1 1 1 1.0
6 84057 1541 1981 1 1 1 1.0
6 139138 1542 4078 1 1 1 1.0
6 79158 1542 2307 1 50 0 1.0
6 151079 1546 3864 1 10 0 1.0
6 106517 1549 2902 1 1 1 1.0
6 179863 1552 4601 1 1 1 1.0
6 122496 1558 3532 1 10 0 1.0
6 110395 1563 2977 1 10 1 1.0
6 84173 1564 2161 1 10 1 1.0
6 96603 1565 2066 1 10 0 1.0
6 131219 1575 2796 1 10 0 1.0
6 67321 1575 1513 1 1 1 1.0
6 139744 1582 3688 1 10 1 1.0
6 66605 1583 1823 1 10 0 1.0
6 113516 1588 2529 1 1 0 1.0
6 66052 1591 1391 1 50 1 1.0
6 74083 1591 1585 1 1 0 1.0
6 71811 1592 1739 1 10 0 1.0
6 167258 1593 3975 1 10 0 1.0
6 162970 1593 4286 1 10 1 1.0
6 80062 1594 1633 1 1 1 1.0
6 103626 1598 2797 1 1 1 1.0
6 129246 1601 3612 1 1 0 1.0
6 112126 1601 2543 1 1 0 1.0
6 66074 1603 1826 1 10 0 1.0
6 149314 1605 3734 1 1 1 1.0
6 139187 1605 3409 1 1 1 1.0
6 99303 1609 2416 1 10 0 1.0
6 96431 1609 2647 1 10 1 1.0
6 104782 1611 2663 1 10 1 1.0
6 129521 1621 2704 1 1 0 1.0
6 103116 1628 2311 1 50 0 1.0
6 136729 1631 4095 1 50 0 1.0
6 172433 1635 4403 1 1 1 1.0
6 152829 1636 3383 1 1 1 1.0
6 97865 1641 2324 1 1 1 1.0
6 119647 1643 2664 1 1 0 1.0
6 88573 1646 1963 1 1 0 1.0
6 81313 1647 2252 1 10 0 1.0
6 118223 1647 2749 1 10 0 1.0
6 126703 1649 2612 1 10 1 1.0
6 113175 1651 2646 1 1 1 1.0
6 105479 1655 2753 1 1 0 1.0
6 149480 1655 3350 1 1 0 1.0
6 166909 1656 4765 1 50 1 1.0
6 138210 1660 3534 1 50 0 1.0
6 89307 1660 1839 1 1 0 1.0
6 176055 1662 4988 1 10 1 1.0
6 110501 1664 2534 1 1 1 1.0
6 148738 1667 3446 1 1 0 1.0
6 77236 1682 2149 1 1 1 1.0
6 86063 1685 2063 1 10 1 1.0
6 121790 1686 2665 1 10 1 1.0
6 70151 1689 1963 1 10 1 1.0
6 72481 1694 1612 1 1 1 1.0
6 73574 1700 1961 1 1 0 1.0
6 115988 1701 2568 1 1 1 1.0
6 168126 1708 4829 1 1 0 1.0
6 88009 1708 2261 1 50 1 1.0
6 158507 1709 4186 1 50 1 1.0
6 149575 1709 3470 1 1 0 1.0
6 104335 1711 3069 1 1 1 1.0
6 106101 1714 2168 1 10 1 1.0
6 120372 1718 3571 1 1 1 1.0
6 168001 1722 4546 1 50 0 1.0
6 90245 1726 2513 1 10 1 1.0
6 68165 1726 1607 1 1 0 1.0
6 150280 1728 4466 1 50 0 1.0
6 69897 1729 1497 1 10 0 1.0
6 166747 1732 4675 1 10 0 1.0
6 156558 1732 3462 1 10 1 1.0
6 118148 1733 3455 1 1 0 1.0
6 91098 1737 2451 1 1 1 1.0
6 78987 1738 1611 1 1 0 1.0
6 70244 1746 1699 1 10 0 1.0
6 71424 1752 1872 1 10 1 1.0
6 123194 1752 2995 1 50 1 1.0
6 161114 1753 4812 1 1 0 1.0
6 171588 1757 5097 1 1 0 1.0
6 71468 1761 1462 1 1 0 1.0
6 80801 1762 1676 1 10 1 1.0
6 75630 1764 2196 1 1 0 1.0
6 84047 1765 1833 1 1 0 1.0
6 175272 1767 4149 1 10 0 1.0
6 152515 1768 3058 1 50 0 1.0
6 147621 1770 3446 1 50 0 1.0
6 122475 1776 2537 1 1 1 1.0
6 157096 1777 3693 1 1 0 1.0
6 162548 1780 4518 1 10 0 1.0
6 67564 1780 1710 1 10 1 1.0
6 123395 1782 3563 1 10 0 1.0
6 172463 1783 4609 1 10 1 1.0
6 67352 1783 1909 1 50 1 1.0
6 177650 1784 4482 1 1 1 1.0
6 172807 1786 3918 1 10 1 1.0
6 82923 1788 2448 1 1 0 1.0
6 110779 1792 2869 1 1 1 1.0
6 144335 1799 3365 1 10 1 1.0
6 164284 1802 3457 1 10 1 1.0
6 108751 1802 2379 1 1 0 1.0
6 79865 1804 2267 1 1 1 1.0
6 127335 1806 3213 1 1 1 1.0
6 146748 1807 4258 1 1 1 1.0
6 162829 1807 4299 1 1 1 1.0
6 78726 1808 1915 1 1 1 1.0
6 120000 1814 2614 1 10 1 1.0
6 60575 1815 1247 1 10 1 1.0
6 155545 1818 3240 1 1 0 1.0
6 62893 1820 1568 1 1 0 1.0
6 170145 1821 4633 1 50 1 1.0
6 109645 1824 2311 1 1 1 1.0
6 93985 1824 2176 1 1 0 1.0
6 134425 1827 3793 1 1 1 1.0
6 125849 1829 3331 1 1 1 1.0
6 132503 1829 3127 1 10 1 1.0
6 131082 1831 3750 1 1 1 1.0
6 108309 1836 2244 1 10 1 1.0
6 151671 1845 3273 1 1 0 1.0
6 123141 1846 2463 1 10 0 1.0
6 94856 1850 2158 1 1 1 1.0
6 132917 1852 3259 1 1 0 1.0
6 86575 1853 2069 1 1 0 1.0
6 167365 1858 3823 1 10 0 1.0
6 80680 1862 1804 1 10 0 1.0
6 148595 1867 3540 1 10 1 1.0
6 112513 1868 2334 1 1 1 1.0
6 171825 1869 3966 1 10 1 1.0
6 148308 1870 3528 1 1 1 1.0
6 67656 1870 1651 1 10 1 1.0
6 100854 1870 2719 1 1 0 1.0
6 71585 1872 1957 1 10 0 1.0
6 98262 1872 2764 1 50 1 1.0
6 62976 1873 1294 1 1 1 1.0
6 120527 1873 2566 1 1 1 1.0
6 171225 1874 4362 1 10 1 1.0
6 92725 1878 2640 1 1 0 1.0
6 148830 1890 3058 1 10 1 1.0
6 139487 1901 2869 1 1 0 1.0
6 91434 1901 2441 1 1 1 1.0
6 71844 1904 1823 1 1 0 1.0
6 152580 1906 3608 1 1 0 1.0
6 109776 1908 2679 1 1 0 1.0
6 97231 1909 2516 1 1 1 1.0
6 95866 1911 2058 1 1 1 1.0
6 70905 1912 1918 1 1 0 1.0
6 92360 1913 1924 1 10 0 1.0
6 65217 1913 1642 1 1 0 1.0
6 144138 1914 3441 1 1 0 1.0
6 105381 1917 2845 1 1 1 1.0
6 172980 1919 3548 1 1 0 1.0
6 94832 1920 2500 1 1 1 1.0
6 76620 1923 1551 1 1 1 1.0
6 160399 1924 4055 1 10 0 1.0
6 82056 1927 2034 1 10 0 1.0
6 175664 1928 3788 1 1 0 1.0
6 121389 1928 3139 1 10 0 1.0
6 177029 1931 4384 1 1 1 1.0
6 96654 1934 2823 1 10 1 1.0
6 148922 1938 4002 1 1 1 1.0
6 95876 1946 2354 1 1 1 1.0
6 175175 1947 4373 1 1 1 1.0
6 173557 1947 4303 1 10 0 1.0
6 124673 1949 2702 1 1 0 1.0
6 88315 1949 2083 1 1 0 1.0
6 175706 1951 4690 1 1 1 1.0
6 169883 1954 4756 1 10 1 1.0
6 94234 1956 2681 1 10 1 1.0
6 63529 1957 1610 1 50 0 1.0
6 163510 1964 4177 1 1 1 1.0
6 83413 1965 1737 1 1 0 1.0
6 139377 1966 3513 1 1 0 1.0
6 137191 1971 3227 1 10 0 1.0
6 80234 1975 2330 1 50 1 1.0
6 120159 1976 3586 1 10 1 1.0
6 76011 1978 2102 1 1 1 1.0
6 125533 1978 3749 1 10 0 1.0
6 175910 1979 4761 1 1 1 1.0
6 146612 1984 3695 1 1 1 1.0
6 115440 1987 3088 1 1 0 1.0
6 161179 1997 3779 1 1 1 1.0
6 97182 1999 2574 1 1 1 1.0
6 98909 2001 2941 1 1 0 1.0
6 116806 2004 2444 1 50 0 1.0
6 64098 2006 1336 1 1 0 1.0
6 133127 2007 3761 1 10 1 1.0
6 77970 2014 1936 1 50 0 1.0
6 120861 2019 3279 1 10 0 1.0
6 169650 2019 3933 1 1 1 1.0
6 174610 2021 5187 1 10 0 1.0
6 158786 2023 3346 1 1 1 1.0
6 125322 2028 3428 1 1 1 1.0
6 83238 2028 2364 1 1 0 1.0
6 90322 2033 2597 1 1 0 1.0
6 75960 2033 1742 1 10 0 1.0
6 151678 2037 3942 1 10 1 1.0
6 148064 2037 3356 1 1 0 1.0
6 89608 2039 2412 1 10 1 1.0
6 177310 2039 4289 1 1 1 1.0
6 140920 2040 3038 1 1 0 1.0
6 140745 2042 3240 1 50 0 1.0
6 65470 2045 1335 1 1 0 1.0
6 157836 2048 3714 1 1 1 1.0
6 135031 2049 3070 1 1 1 1.0
6 69531 2053 1573 1 1 1 1.0
6 100035 2053 2876 1 1 0 1.0
6 67335 2054 1994 1 10 0 1.0
6 75864 2055 1633 1 1 1 1.0
6 98573 2057 1974 1 1 1 1.0
6 141667 2058 3757 1 10 1 1.0
6 167968 2059 3805 1 1 0 1.0
6 163192 2059 3564 1 10 1 1.0
6 133329 2060 3195 1 1 0 1.0
6 101713 2065 2068 1 1 1 1.0
6 89321 2067 1844 1 10 0 1.0
6 174234 2067 4127 1 1 1 1.0
6 113062 2068 2740 1 1 1 1.0
6 159573 2069 4400 1 10 1 1.0
6 160009 2082 3655 1 1 1 1.0
6 116979 2086 2820 1 1 1 1.0
6 143323 2087 3955 1 50 0 1.0
6 97013 2090 1943 1 1 0 1.0
6 120552 2090 2458 1 10 1 1.0
6 156770 2094 3340 1 1 0 1.0
6 178974 2095 4304 1 1 0 1.0
6 89788 2100 2114 1 10 1 1.0
6 117083 2102 2898 1 1 1 1.0
6 136353 2110 4030 1 10 1 1.0
6 173449 2111 4707 1 1 1 1.0
6 172535 2113 3639 1 10 0 1.0
6 171900 2113 3675 1 10 0 1.0
6 175582 2124 4332 1 50 1 1.0
6 141381 2126 3721 1 1 1 1.0
6 80112 2130 1877 1 10 1 1.0
6 119922 2133 3528 1 10 1 1.0
6 153894 2136 4347 1 10 0 1.0
6 164272 2139 3413 1 50 1 1.0
6 171630 2140 4727 1 10 0 1.0
6 140785 2140 3799 1 1 1 1.0
6 92257 2144 2718 1 1 0 1.0
6 85552 2147 1911 1 1 0 1.0
6 97637 2148 2640 1 1 1 1.0
6 99859 2148 2479 1 10 1 1.0
6 119318 2149 2787 1 1 1 1.0
6 148443 2151 4437 1 1 0 1.0
6 157942 2153 4402 1 1 0 1.0
6 177517 2155 4484 1 10 0 1.0
6 152611 2156 4426 1 10 0 1.0
6 65883 2158 1637 1 1 1 1.0
6 142649 2159 4233 1 10 0 1.0
6 179937 2161 4890 1 1 0 1.0
6 92986 2161 2711 1 1 0 1.0
6 60265 2162 1401 1 1 0 1.0
6 66656 2162 1940 1 1 0 1.0
6 99643 2163 2651 1 1 1 1.0
6 172051 2170 4062 1 10 1 1.0
6 153121 2172 3673 1 10 0 1.0
6 154591 2174 3724 1 10 1 1.0
6 171613 2180 3580 1 1 1 1.0
6 99356 2186 2534 1 1 0 1.0
6 94857 2186 2828 1 1 1 1.0
6 120596 2187 2890 1 10 0 1.0
6 115830 2188 2372 1 50 0 1.0
6 135381 2190 3223 1 10 1 1.0
6 114276 2193 2417 1 10 0 1.0
6 159808 2193 3736 1 10 1 1.0
6 127749 2193 3096 1 10 0 1.0
6 95417 2196 2231 1 50 1 1.0
6 124677 2196 3423 1 10 1 1.0
6 84275 2198 2158 1 10 1 1.0
6 74551 2202 2086 1 10 1 1.0
6 141540 2203 3067 1 10 1 1.0
6 150762 2205 4163 1 1 1 1.0
6 103891 2219 2706 1 50 1 1.0
6 117185 2223 2510 1 1 0 1.0
6 99348 2223 2866 1 1 1 1.0
6 132443 2225 3909 1 50 1 1.0
6 135545 2225 2935 1 1 1 1.0
6 92505 2230 1958 1 1 1 1.0
6 109834 2234 3145 1 1 1 1.0
6 107975 2234 2720 1 1 1 1.0
6 179036 2235 5027 1 50 0 1.0
6 171361 2235 4623 1 50 1 1.0
6 81236 2236 2160 1 1 0 1.0
6 83564 2236 1961 1 1 1 1.0
6 69225 2243 1399 1 1 1 1.0
6 135109 2246 4003 1 1 1 1.0
6 64085 2247 1803 1 1 0 1.0
6 138123 2249 3114 1 1 0 1.0
6 65000 2253 1618 1 1 1 1.0
6 166103 2254 3472 1 1 1 1.0
6 168321 2262 4894 1 1 1 1.0
6 168008 2263 4555 1 10 1 1.0
6 178257 2268 4210 1 1 0 1.0
6 164999 2270 3674 1 1 1 1.0
6 74268 2272 1490 1 1 1 1.0
6 153847 2274 3379 1 1 0 1.0
6 156807 2276 4683 1 1 0 1.0
6 163201 2281 4177 1 1 0 1.0
6 113105 2283 2563 1 10 0 1.0
6 105937 2284 2492 1 50 0 1.0
6 69044 2287 1561 1 1 0 1.0
6 162111 2291 4568 1 1 1 1.0
6 166273 2292 4043 1 1 1 1.0
6 82071 2296 2240 1 10 0 1.0
6 175354 2302 4528 1 10 1 1.0
6 82066 2302 2349 1 1 0 1.0
6 163028 2303 3508 1 1 0 1.0
6 125619 2303 2531 1 1 0 1.0
6 86914 2304 2414 1 1 1 1.0
6 167385 2304 4958 1 1 0 1.0
6 68676 2306 1904 1 10 1 1.0
6 74845 2310 1745 1 1 1 1.0
6 127205 2311 3015 1 10 0 1.0
6 111938 2311 2337 1 10 1 1.0
6 130863 2311 2678 1 1 0 1.0
6 129158 2315 3521 1 50 1 1.0
6 139791 2317 2804 1 1 1 1.0
6 174720 2318 4779 1 1 0 1.0
6 107880 2319 3215 1 1 0 1.0
6 136021 2319 3666 1 1 0 1.0
6 174247 2320 4962 1 10 0 1.0
6 80439 2320 2153 1 1 0 1.0
6 66227 2328 1731 1 10 0 1.0
6 138759 2337 2872 1 1 0 1.0
6 132223 2338 3907 1 1 0 1.0
6 81659 2339 1926 1 1 1 1.0
6 149214 2340 4010 1 10 0 1.0
6 78048 2341 2229 1 1 1 1.0
6 149652 2342 3763 1 1 0 1.0
6 87385 2344 2006 1 10 0 1.0
6 97499 2344 2655 1 1 0 1.0
6 130640 2345 3583 1 1 0 1.0
6 125547 2346 2963 1 1 0 1.0
6 169945 2347 3485 1 1 0 1.0
6 165454 2357 4828 1 1 0 1.0
6 110520 2359 3241 1 10 1 1.0
6 142528 2360 3608 1 1 1 1.0
6 164404 2361 3975 1 1 1 1.0
6 105633 2363 3076 1 1 1 1.0
6 87851 2369 1788 1 1 1 1.0
6 178563 2370 5289 1 10 0 1.0
6 154455 2370 3108 1 1 1 1.0
6 120902 2370 2866 1 1 1 1.0
6 76663 2376 2001 1 50 0 1.0
6 97250 2377 2651 1 10 1 1.0
6 134646 2382 3681 1 10 0 1.0
6 138882 2392 3920 1 50 0 1.0
6 129668 2392 3617 1 50 0 1.0
6 129585 2393 3195 1 50 0 1.0
6 165159 2393 4913 1 1 1 1.0
6 67442 2396 1873 1 10 1 1.0
6 61230 2398 1531 1 1 1 1.0
6 165963 2401 4318 1 1 1 1.0
6 110943 2406 3011 1 50 0 1.0
6 79542 2408 2077 1 10 1 1.0
6 133067 2410 2797 1 50 0 1.0
6 124666 2410 2978 1 1 0 1.0
6 126917 2419 3540 1 10 0 1.0
6 64483 2427 1454 1 1 1 1.0
6 94029 2431 2413 1 1 1 1.0
6 79628 2434 1792 1 10 1 1.0
6 140427 2436 3122 1 10 0 1.0
6 137917 2443 3811 1 1 1 1.0
6 139403 2445 3597 1 1 1 1.0
6 163270 2449 3342 1 1 1 1.0
6 158957 2454 3454 1 10 0 1.0
6 145457 2454 3894 1 10 1 1.0
6 148279 2456 3464 1 1 0 1.0
6 131955 2458 3043 1 1 1 1.0
6 121551 2460 3365 1 1 1 1.0
6 105556 2468 2343 1 1 1 1.0
6 145232 2472 3586 1 1 0 1.0
6 94968 2475 2520 1 10 0 1.0
6 62480 2475 1774 1 1 0 1.0
6 138202 2477 3684 1 1 1 1.0
6 99570 2482 2324 1 10 1 1.0
6 138555 2483 3606 1 1 0 1.0
6 130782 2484 3492 1 50 0 1.0
6 176333 2487 3675 1 1 0 1.0
6 168312 2488 3894 1 1 0 1.0
6 179955 2490 4170 1 1 1 1.0
6 158776 2492 4188 1 10 1 1.0
6 177491 2492 5304 1 1 1 1.0
6 119921 2501 3009 1 1 1 1.0
6 61841 2502 1485 1 10 1 1.0
6 149378 2502 4114 1 1 1 1.0
6 172509 2509 4479 1 1 1 1.0
6 117173 2509 3349 1 1 1 1.0
6 69402 2509 1422 1 1 1 1.0
6 81901 2510 1992 1 1 1 1.0
6 174531 2511 4943 1 1 0 1.0
6 151789 2516 3493 1 10 1 1.0
6 138896 2516 3644 1 10 1 1.0
6 63442 2518 1490 1 10 0 1.0
6 67091 2520 1943 1 1 1 1.0
6 125184 2523 3739 1 10 1 1.0
6 175603 2524 4788 1 1 1 1.0
6 100757 2528 2525 1 10 1 1.0
6 165654 2530 4277 1 10 1 1.0
6 132703 2534 3520 1 1 1 1.0
6 179930 2541 4432 1 1 0 1.0
6 140404 2542 3681 1 10 1 1.0
6 96253 2544 2613 1 10 1 1.0
6 168336 2545 4911 1 1 1 1.0
6 149379 2549 3464 1 1 0 1.0
6 138637 2549 3401 1 50 0 1.0
6 93143 2549 2178 1 10 0 1.0
6 177351 2550 3711 1 1 0 1.0
6 161320 2559 3314 1 1 1 1.0
6 177808 2561 5166 1 1 0 1.0
6 69273 2563 1459 1 1 1 1.0
6 120267 2564 3044 1 10 0 1.0
6 116481 2570 2710 1 10 0 1.0
6 154560 2573 3326 1 50 0 1.0
6 170637 2575 4980 1 1 1 1.0
6 102254 2584 2157 1 10 0 1.0
6 113900 2587 2911 1 1 0 1.0
6 71819 2587 1935 1 50 1 1.0
6 101042 2595 2857 1 50 1 1.0
6 132340 2597 3496 1 50 1 1.0
6 97522 2600 2888 1 10 0 1.0
6 60872 2609 1276 1 1 1 1.0
6 104740 2611 2166 1 1 1 1.0
6 158850 2613 4516 1 1 1 1.0
6 117921 2615 2817 1 1 0 1.0
6 168623 2623 3383 1 1 1 1.0
6 123519 2625 2685 1 1 0 1.0
6 93340 2626 2187 1 1 1 1.0
6 69410 2626 1464 1 50 1 1.0
6 152032 2632 3810 1 50 0 1.0
6 99508 2632 2344 1 1 0 1.0
6 169027 2633 4749 1 1 0 1.0
6 139876 2634 3769 1 10 0 1.0
6 71016 2635 2026 1 50 1 1.0
6 76990 2640 1751 1 50 0 1.0
6 146720 2648 4202 1 1 0 1.0
6 131620 2648 3337 1 1 1 1.0
6 158411 2650 3504 1 1 1 1.0
6 60532 2652 1531 1 1 0 1.0
6 61915 2657 1353 1 10 1 1.0
6 97669 2660 2737 1 50 0 1.0
6 88794 2664 2218 1 50 1 1.0
6 122385 2667 2458 1 1 1 1.0
6 80716 2671 1804 1 1 0 1.0
6 60484 2679 1807 1 1 1 1.0
6 118653 2682 3430 1 1 1 1.0
6 139137 2683 2987 1 10 1 1.0
6 117546 2685 2628 1 1 1 1.0
6 71775 2686 1507 1 10 1 1.0
6 103148 2691 2939 1 1 0 1.0
6 74979 2691 1586 1 1 1 1.0
6 68546 2694 2005 1 10 0 1.0
6 171322 2698 3472 1 1 1 1.0
6 142639 2700 3660 1 1 1 1.0
6 120639 2703 3472 1 1 1 1.0
6 113783 2704 3030 1 1 0 1.0
6 150604 2706 3941 1 1 1 1.0
6 172136 2709 3886 1 1 0 1.0
6 77347 2710 1918 1 10 1 1.0
6 93198 2710 1917 1 10 1 1.0
6 132571 2711 3768 1 10 1 1.0
6 90605 2719 2623 1 10 0 1.0
6 66881 2727 1935 1 1 0 1.0
6 171973 2728 4379 1 1 0 1.0
6 118697 2731 3235 1 1 1 1.0
6 133168 2731 3001 1 10 1 1.0
6 109705 2731 2622 1 1 0 1.0
6 165717 2731 3963 1 1 0 1.0
6 123637 2732 3199 1 1 1 1.0
6 123493 2734 3248 1 1 0 1.0
6 96342 2735 2653 1 10 1 1.0
6 159707 2740 3306 1 10 0 1.0
6 61939 2740 1818 1 1 1 1.0
6 88512 2740 2411 1 1 1 1.0
6 139235 2741 2902 1 10 0 1.0
6 162250 2742 4540 1 10 1 1.0
6 67693 2742 1624 1 1 0 1.0
6 170629 2744 4890 1 1 0 1.0
6 146546 2745 4173 1 1 1 1.0
6 134690 2745 3576 1 1 0 1.0
6 140788 2747 3367 1 1 1 1.0
6 166930 2757 3794 1 10 1 1.0
6 74927 2758 2165 1 1 0 1.0
6 124771 2761 3482 1 1 1 1.0
6 169265 2764 3678 1 10 0 1.0
6 141453 2766 3655 1 10 1 1.0
6 131578 2770 3217 1 10 1 1.0
6 130957 2771 3397 1 1 1 1.0
6 68846 2774 1394 1 50 1 1.0
6 134027 2775 3268 1 50 1 1.0
6 146218 2776 3504 1 10 0 1.0
6 96555 2777 2825 1 10 1 1.0
6 175170 2778 4203 1 1 0 1.0
6 158222 2779 4506 1 1 1 1.0
6 118674 2782 3066 1 1 1 1.0
6 167103 2783 4697 1 1 1 1.0
6 70491 2794 1999 1 50 1 1.0
6 116213 2796 3125 1 1 1 1.0
6 77713 2799 1617 1 1 1 1.0
6 82117 2799 2258 1 1 1 1.0
6 163664 2802 3643 1 10 0 1.0
6 136374 2803 4080 1 10 1 1.0
6 85163 2813 2499 1 1 0 1.0
6 76538 2813 2120 1 1 0 1.0
6 131870 2817 3196 1 10 1 1.0
6 144094 2819 3347 1 1 1 1.0
6 179931 2821 5123 1 1 0 1.0
6 151991 2821 3771 1 1 0 1.0
6 81479 2822 2119 1 1 0 1.0
6 74297 2824 1751 1 1 0 1.0
6 119592 2825 3490 1 10 0 1.0
6 124407 2827 3309 1 1 1 1.0
6 154411 2828 4027 1 1 0 1.0
6 93379 2829 2373 1 1 1 1.0
6 112759 2831 2849 1 50 1 1.0
6 93880 2838 2246 1 50 1 1.0
6 98906 2843 2962 1 10 1 1.0
6 102958 2845 2446 1 10 1 1.0
6 169670 2847 3837 1 10 0 1.0
6 179674 2849 3618 1 10 0 1.0
6 127223 2851 2745 1 50 0 1.0
6 145153 2851 4033 1 10 1 1.0
6 71009 2854 1711 1 10 1 1.0
6 106108 2860 2997 1 1 0 1.0
6 129833 2862 2747 1 50 0 1.0
6 155282 2866 4214 1 10 1 1.0
6 142880 2867 3877 1 50 1 1.0
6 110935 2867 3032 1 10 1 1.0
6 128811 2868 2949 1 1 1 1.0
6 60141 2873 1295 1 1 1 1.0
6 82738 2874 2355 1 1 0 1.0
6 116817 2876 2713 1 1 1 1.0
6 126767 2880 3284 1 1 1 1.0
6 139016 2887 3004 1 10 1 1.0
6 116965 2889 3108 1 1 0 1.0
6 105927 2891 2798 1 1 1 1.0
6 98817 2893 2076 1 1 1 1.0
6 156671 2894 3862 1 1 0 1.0
6 93993 2894 2552 1 1 1 1.0
6 128402 2899 3759 1 1 1 1.0
6 171697 2905 4763 1 50 0 1.0
6 95410 2912 2600 1 1 1 1.0
6 162495 2913 4155 1 50 1 1.0
6 95346 2915 1921 1 1 1 1.0
6 135278 2917 3611 1 1 1 1.0
6 137415 2919 2909 1 1 0 1.0
6 172135 2923 3544 1 1 0 1.0
6 162633 2926 3564 1 10 0 1.0
6 98795 2928 2635 1 10 1 1.0
6 76430 2928 1748 1 10 0 1.0
6 104701 2930 2173 1 10 0 1.0
6 98363 2930 2188 1 1 1 1.0
6 141906 2930 4008 1 1 0 1.0
6 136932 2932 3153 1 10 0 1.0
6 60278 2933 1491 1 10 1 1.0
6 156575 2937 3989 1 1 1 1.0
6 64704 2939 1304 1 10 1 1.0
6 120666 2939 2801 1 1 0 1.0
6 136765 2942 3809 1 10 0 1.0
6 115338 2945 2980 1 10 0 1.0
6 88333 2949 2173 1 10 0 1.0
6 64903 2952 1623 1 1 1 1.0
6 144226 2954 3374 1 1 1 1.0
6 164221 2954 4032 1 10 1 1.0
6 175496 2955 4072 1 1 1 1.0
6 156480 2956 4141 1 1 1 1.0
6 144587 2957 3054 1 10 1 1.0
6 148149 2959 4273 1 10 1 1.0
6 76625 2961 1975 1 1 1 1.0
6 115627 2962 2585 1 1 0 1.0
6 142327 2963 3196 1 1 0 1.0
6 178947 2964 4440 1 10 1 1.0
6 100479 2967 2022 1 1 0 1.0
6 159567 2967 4299 1 10 0 1.0
6 72835 2968 1943 1 10 1 1.0
6 163234 2969 3735 1 1 0 1.0
6 70178 2970 1756 1 1 0 1.0
6 70419 2980 1504 1 1 0 1.0
6 64388 2981 1444 1 1 1 1.0
6 95631 2982 2156 1 1 1 1.0
6 129006 2983 3763 1 10 1 1.0
6 176178 2985 3861 1 1 0 1.0
6 174798 2992 4322 1 1 0 1.0
6 72436 2995 1577 1 1 1 1.0
6 67064 2998 1862 1 10 0 1.0
6 122232 3001 2542 1 1 0 1.0
6 137162 3002 3842 1 50 1 1.0
6 142607 3002 4027 1 10 1 1.0
6 72184 3012 1817 1 1 0 1.0
6 138599 3012 2869 1 1 1 1.0
6 90533 3013 2597 1 10 1 1.0
6 156874 3014 3607 1 10 0 1.0
6 101561 3025 2343 1 1 1 1.0
6 172283 3027 3871 1 1 0 1.0
6 169232 3029 3832 1 1 1 1.0
6 82412 3034 2186 1 1 1 1.0
6 145406 3034 3687 1 10 0 1.0
6 61325 3034 1646 1 50 0 1.0
6 68740 3036 1752 1 50 0 1.0
6 126435 3039 2912 1 10 1 1.0
6 170562 3041 4996 1 1 1 1.0
6 81809 3042 2220 1 50 0 1.0
6 174927 3044 4911 1 10 0 1.0
6 135962 3048 2777 1 1 0 1.0
6 71414 3049 2128 1 10 1 1.0
6 156850 3050 4634 1 10 0 1.0
6 81512 3055 1818 1 1 1 1.0
6 107536 3056 3112 1 10 1 1.0
6 118557 3059 3234 1 10 1 1.0
6 144514 3059 4130 1 10 1 1.0
6 120788 3061 2998 1 1 0 1.0
6 138850 3062 3278 1 1 1 1.0
6 66231 3065 1347 1 10 0 1.0
6 140826 3065 3487 1 1 0 1.0
6 141228 3067 3684 1 1 0 1.0
6 171093 3069 4725 1 50 0 1.0
6 177957 3070 3832 1 1 0 1.0
6 68639 3076 1374 1 1 0 1.0
6 161531 3077 3971 1 1 0 1.0
6 135901 3080 3510 1 1 0 1.0
6 160700 3080 4444 1 10 0 1.0
6 95557 3081 2332 1 1 1 1.0
6 130413 3082 3335 1 1 0 1.0
6 117397 3088 3512 1 1 0 1.0
6 162750 3088 4320 1 1 0 1.0
6 178013 3088 3732 1 1 1 1.0
6 74314 3091 1955 1 1 1 1.0
6 91732 3091 1858 1 1 0 1.0
6 93362 3093 2123 1 50 1 1.0
6 61136 3097 1493 1 1 0 1.0
6 133796 3099 3401 1 1 1 1.0
6 72844 3100 1969 1 50 0 1.0
6 165016 3103 3899 1 1 1 1.0
6 69539 3104 1465 1 10 1 1.0
6 65031 3109 1772 1 50 0 1.0
6 177082 3110 4336 1 10 1 1.0
6 169556 3111 4009 1 10 0 1.0
6 158642 3116 3688 1 1 1 1.0
6 178695 3118 5154 1 1 0 1.0
6 94175 3120 2654 1 10 1 1.0
6 64695 3125 1433 1 10 0 1.0
6 173478 3126 4623 1 1 1 1.0
6 159949 3129 3671 1 10 1 1.0
6 105346 3130 2493 1 1 1 1.0
6 160951 3133 4385 1 10 1 1.0
6 167375 3134 3987 1 1 1 1.0
6 101631 3137 2648 1 1 0 1.0
6 96676 3138 2477 1 10 0 1.0
6 117142 3140 3467 1 1 1 1.0
6 140156 3144 2962 1 1 1 1.0
6 116810 3145 3498 1 1 0 1.0
6 78800 3150 1775 1 1 1 1.0
6 128775 3153 2741 1 50 0 1.0
6 159590 3153 3284 1 1 1 1.0
6 102778 3155 2217 1 1 0 1.0
6 151506 3157 3240 1 1 0 1.0
6 122236 3158 3238 1 10 1 1.0
6 142457 3161 2949 1 1 0 1.0
6 137974 3161 3714 1 1 1 1.0
6 94756 3162 2176 1 1 1 1.0
6 139046 3165 4095 1 1 0 1.0
6 91666 3169 1853 1 10 1 1.0
6 105141 3172 2457 1 10 0 1.0
6 115001 3176 3406 1 1 1 1.0
6 170247 3176 4628 1 1 0 1.0
6 151625 3177 3259 1 1 0 1.0
6 76663 3181 2010 1 1 0 1.0
6 146911 3182 3107 1 10 1 1.0
6 131868 3183 2839 1 1 1 1.0
6 159066 3187 4035 1 1 1 1.0
6 103157 3187 2391 1 1 0 1.0
6 170246 3189 4728 1 10 1 1.0
6 129244 3192 3042 1 10 1 1.0
6 62387 3200 1867 1 10 0 1.0
6 130684 3201 3186 1 50 1 1.0
6 120773 3201 2848 1 1 0 1.0
6 177459 3201 5254 1 50 0 1.0
6 66996 3209 1465 1 10 1 1.0
6 148096 3209 3644 1 10 0 1.0
6 138228 3211 2995 1 10 1 1.0
6 155129 3217 3434 1 1 1 1.0
6 89348 3218 2514 1 1 1 1.0
6 137050 3222 3151 1 1 1 1.0
6 162599 3232 3641 1 1 1 1.0
6 169139 3242 4615 1 10 1 1.0
6 122705 3246 2653 1 1 0 1.0
6 112362 3246 3172 1 50 1 1.0
6 177810 3250 4618 1 10 0 1.0
6 148634 3254 4103 1 1 0 1.0
6 151409 3256 3145 1 50 1 1.0
6 122008 3257 3470 1 1 1 1.0
6 66123 3259 1674 1 1 0 1.0
6 70275 3260 2056 1 10 0 1.0
6 160469 3261 3977 1 1 0 1.0
6 164340 3266 3363 1 1 0 1.0
6 119388 3267 3269 1 1 1 1.0
6 177949 3271 4982 1 1 0 1.0
6 118358 3273 3115 1 1 1 1.0
6 101248 3274 2300 1 1 1 1.0
6 136246 3275 3290 1 1 1 1.0
6 95238 3282 2304 1 1 0 1.0
6 115702 3283 2452 1 1 1 1.0
6 170227 3284 5018 1 1 1 1.0
6 146343 3290 3939 1 10 0 1.0
6 124755 3292 3540 1 1 1 1.0
6 91258 3294 2512 1 1 1 1.0
6 101735 3297 2828 1 1 1 1.0
6 139927 3299 4052 1 50 1 1.0
6 61312 3300 1644 1 1 1 1.0
6 159766 3300 3653 1 1 1 1.0
6 124632 3301 2933 1 10 1 1.0
6 151947 3301 4075 1 1 1 1.0
6 135563 3303 3631 1 1 0 1.0
6 95362 3304 2102 1 1 0 1.0
6 176000 3304 5278 1 1 1 1.0
6 133809 3304 3630 1 10 0 1.0
6 171904 3307 4995 1 1 1 1.0
6 128359 3307 3202 1 10 0 1.0
6 110724 3308 2483 1 1 1 1.0
6 99843 3310 2886 1 10 0 1.0
6 100420 3316 2027 1 1 1 1.0
6 110305 3318 2430 1 10 1 1.0
6 67054 3319 1570 1 1 0 1.0
6 110065 3319 3084 1 1 1 1.0
6 95586 3322 2092 1 10 0 1.0
6 173993 3325 4712 1 1 1 1.0
6 144392 3326 4246 1 1 0 1.0
6 137207 3326 3801 1 1 1 1.0
6 107423 3330 2164 1 1 1 1.0
6 155019 3331 3754 1 1 1 1.0
6 125086 3335 2609 1 1 0 1.0
6 71067 3336 1964 1 50 1 1.0
6 146678 3337 3686 1 1 0 1.0
6 60164 3347 1622 1 50 0 1.0
6 72809 3350 1974 1 1 0 1.0
6 147552 3350 3766 1 1 0 1.0
6 88798 3356 1899 1 50 0 1.0
6 171750 3358 4382 1 1 1 1.0
6 111451 3360 2526 1 1 1 1.0
6 121395 3361 2876 1 10 1 1.0
6 143660 3362 2932 1 1 0 1.0
6 88719 3366 2084 1 1 0 1.0
6 94071 3367 1930 1 10 0 1.0
6 97044 3369 2272 1 1 1 1.0
6 155796 3369 4339 1 1 1 1.0
6 109967 3369 2973 1 50 1 1.0
6 108853 3370 2469 1 1 0 1.0
6 77608 3371 1787 1 1 0 1.0
6 155585 3372 4233 1 1 1 1.0
6 170563 3377 4922 1 50 0 1.0
6 127951 3378 2693 1 1 1 1.0
6 88242 3379 1856 1 1 0 1.0
6 99005 3379 2245 1 1 0 1.0
6 152181 3383 3827 1 10 0 1.0
6 123882 3386 3444 1 1 1 1.0
6 103371 3388 2390 1 10 0 1.0
6 88618 3388 2135 1 50 1 1.0
6 100123 3390 2023 1 10 0 1.0
6 69378 3399 1613 1 1 0 1.0
6 123104 3400 3331 1 1 1 1.0
6 110739 3400 2731 1 1 1 1.0
6 118373 3406 3134 1 1 1 1.0
6 111293 3407 3121 1 1 1 1.0
6 64225 3410 1481 1 1 1 1.0
6 166973 3412 4135 1 1 0 1.0
6 108849 3413 2923 1 1 1 1.0
6 123461 3414 2943 1 1 0 1.0
6 86855 3415 2432 1 10 0 1.0
6 80501 3415 1912 1 1 0 1.0
6 81035 3417 1652 1 1 1 1.0
6 114998 3419 3303 1 1 0 1.0
6 78188 3422 1953 1 10 0 1.0
6 174010 3422 4242 1 1 0 1.0
6 162326 3423 3357 1 1 1 1.0
6 135693 3423 4026 1 1 1 1.0
6 64672 3426 1320 1 1 1 1.0
6 68126 3426 1520 1 1 1 1.0
6 167411 3427 3851 1 1 1 1.0
6 64458 3427 1571 1 50 1 1.0
6 135955 3434 3135 1 10 0 1.0
6 160820 3437 3418 1 10 0 1.0
6 119853 3438 3256 1 10 0 1.0
6 89867 3439 2274 1 10 0 1.0
6 109712 3439 2880 1 1 0 1.0
6 111081 3441 2768 1 1 1 1.0
6 137794 3442 3427 1 1 1 1.0
6 92237 3444 1886 1 10 0 1.0
6 168507 3447 4205 1 50 0 1.0
6 87826 3447 1930 1 1 1 1.0
6 141302 3452 4071 1 10 1 1.0
6 142646 3452 3179 1 1 0 1.0
6 67382 3457 1583 1 1 1 1.0
6 147836 3458 3469 1 50 1 1.0
6 149066 3464 3250 1 50 1 1.0
6 61657 3466 1681 1 50 1 1.0
6 118469 3469 2423 1 1 1 1.0
6 151994 3477 3555 1 1 1 1.0
6 96539 3477 2249 1 10 1 1.0
6 76425 3483 1815 1 1 0 1.0
6 61042 3483 1599 1 1 1 1.0
6 61443 3487 1681 1 1 1 1.0
6 174863 3489 4434 1 1 1 1.0
6 80660 3494 2393 1 10 1 1.0
6 90077 3495 2082 1 1 0 1.0
6 80279 3497 2267 1 1 0 1.0
6 167522 3500 3535 1 10 1 1.0
6 176604 3501 3702 1 1 0 1.0
6 100180 3505 2982 1 1 0 1.0
6 82035 3508 1734 1 1 1 1.0
6 104976 3508 2913 1 1 1 1.0
6 101563 3509 2054 1 10 1 1.0
6 160585 3510 3892 1 1 0 1.0
6 162287 3511 4058 1 10 1 1.0
6 76529 3512 1620 1 1 0 1.0
6 163903 3516 4916 1 10 1 1.0
6 106241 3518 3075 1 50 1 1.0
6 87713 3520 2088 1 1 0 1.0
6 85833 3522 2014 1 10 1 1.0
6 124458 3523 2524 1 1 1 1.0
6 134274 3526 3036 1 50 0 1.0
6 99468 3528 2208 1 1 1 1.0
6 107841 3528 3153 1 1 0 1.0
6 176571 3535 4386 1 10 0 1.0
6 113444 3536 2275 1 1 1 1.0
6 175688 3537 3682 1 1 1 1.0
6 162273 3539 3852 1 1 1 1.0
6 101928 3543 2999 1 50 1 1.0
6 71264 3545 2059 1 1 1 1.0
6 134731 3545 2787 1 1 0 1.0
6 176838 3546 4563 1 50 0 1.0
6 114108 3549 2558 1 10 0 1.0
6 100111 3550 3001 1 1 0 1.0
6 77066 3552 2162 1 1 1 1.0
6 148357 3560 4202 1 1 0 1.0
6 171968 3562 4445 1 10 1 1.0
6 108259 3563 2649 1 50 1 1.0
6 173538 3565 4229 1 1 0 1.0
6 146571 3565 3656 1 1 1 1.0
6 63154 3567 1888 1 10 0 1.0
6 68685 3568 1420 1 10 1 1.0
6 172659 3569 4946 1 1 1 1.0
6 112683 3570 2348 1 50 0 1.0
6 63321 3571 1826 1 1 0 1.0
6 90105 3573 1994 1 1 1 1.0
6 173939 3574 5180 1 1 0 1.0
6 95343 3575 2326 1 50 1 1.0
6 75540 3577 1669 1 1 1 1.0
6 129160 3577 3581 1 50 0 1.0
6 159536 3577 3550 1 1 1 1.0
6 171562 3578 4971 1 50 1 1.0
6 120412 3578 3078 1 1 1 1.0
6 94701 3578 2602 1 50 1 1.0
6 102148 3581 2292 1 1 0 1.0
6 126147 3582 3561 1 10 0 1.0
6 124146 3582 3717 1 1 1 1.0
6 175466 3582 4048 1 1 1 1.0
6 166390 3582 4061 1 1 1 1.0
6 84172 3583 2241 1 10 1 1.0
6 97380 3589 2065 1 50 1 1.0
6 148745 3593 3720 1 10 0 1.0
6 157663 3599 3509 1 1 0 1.0
6 61776 3599 1679 1 10 0 1.0
