1500
8 130351 1 2771 1 1 0 0.8
8 166028 5 4654 1 10 1 0.8
8 122313 10 2829 1 1 0 0.8
8 64707 10 1934 1 10 0 0.8
8 124955 15 3675 1 1 1 0.8
8 85411 19 2050 1 1 1 0.8
8 151421 26 3517 1 1 0 0.8
8 112627 31 3180 1 1 0 0.8
8 136704 31 4052 1 1 1 0.8
8 88480 32 2334 1 1 1 0.8
8 83293 34 2135 1 10 1 0.8
8 113592 35 3294 1 1 1 0.8
8 75984 36 2046 1 1 0 0.8
8 76102 37 1953 1 1 0 0.8
8 122879 40 3553 1 10 1 0.8
8 176307 42 5190 1 10 1 0.8
8 109054 43 2371 1 1 0 0.8
8 136284 45 3089 1 10 0 0.8
8 103351 48 2375 1 50 1 0.8
8 168049 48 4520 1 1 0 0.8
8 146200 49 3173 1 10 0 0.8
8 136302 49 3982 1 1 0 0.8
8 132060 50 3919 1 10 1 0.8
8 79484 51 2011 1 1 1 0.8
8 134349 52 3589 1 10 0 0.8
8 87248 58 2311 1 1 1 0.8
8 62062 65 1654 1 10 0 0.8
8 176675 65 3939 1 1 0 0.8
8 177623 77 4658 1 10 1 0.8
8 167919 78 3696 1 1 1 0.8
8 78869 84 2282 1 1 0 0.8
8 71979 86 1881 1 1 0 0.8
8 64464 88 1692 1 1 1 0.8
8 92523 90 1906 1 1 0 0.8
8 89326 92 1986 1 1 1 0.8
8 115395 102 2470 1 1 0 0.8
8 139230 103 3015 1 1 0 0.8
8 91294 103 2263 1 10 1 0.8
8 162956 103 3623 1 10 1 0.8
8 149893 105 4364 1 1 1 0.8
8 142239 107 3313 1 1 1 0.8
8 79584 109 2021 1 50 0 0.8
8 136129 110 3358 1 1 1 0.8
8 68263 111 1969 1 1 1 0.8
8 160776 116 4556 1 1 1 0.8
8 65921 117 1645 1 1 1 0.8
8 60825 122 1455 1 1 0 0.8
8 75887 126 1612 1 1 1 0.8
8 101089 129 2862 1 10 1 0.8
8 63680 131 1701 1 1 0 0.8
8 95141 133 2006 1 1 1 0.8
8 81626 138 2365 1 10 1 0.8
8 78262 141 2132 1 10 1 0.8
8 124766 142 2505 1 1 1 0.8
8 119615 148 2555 1 1 1 0.8
8 116215 149 3361 1 1 0 0.8
8 122102 152 2906 1 1 0 0.8
8 67568 152 1552 1 1 1 0.8
8 134797 153 3426 1 1 1 0.8
8 97364 164 2637 1 1 0 0.8
8 117897 164 3420 1 1 0 0.8
8 83280 174 2472 1 10 1 0.8
8 124914 177 3045 1 1 1 0.8
8 157922 180 4120 1 1 0 0.8
8 128389 181 3026 1 1 0 0.8
8 173568 183 3974 1 10 1 0.8
8 132582 184 3131 1 10 0 0.8
8 67224 185 1779 1 10 0 0.8
8 85245 188 2267 1 1 1 0.8
8 62870 188 1283 1 1 1 0.8
8 132138 197 3614 1 10 0 0.8
8 105357 198 2202 1 1 1 0.8
8 132097 203 3814 1 1 0 0.8
8 155644 207 4337 1 10 0 0.8
8 159565 209 4479 1 1 0 0.8
8 77760 210 1814 1 10 1 0.8
8 74319 213 1954 1 10 0 0.8
8 149026 217 3007 1 1 1 0.8
8 86529 222 1864 1 50 0 0.8
8 82457 225 2137 1 1 1 0.8
8 95597 229 2554 1 50 1 0.8
8 100922 230 2033 1 1 1 0.8
8 138629 240 2931 1 1 0 0.8
8 130682 240 3651 1 1 1 0.8
8 179021 241 3809 1 1 1 0.8
8 150333 242 4301 1 50 1 0.8
8 122669 242 2727 1 10 1 0.8
8 140357 245 3132 1 10 0 0.8
8 170102 246 4031 1 10 0 0.8
8 158394 249 4009 1 1 0 0.8
8 125619 250 2975 1 1 1 0.8
8 139853 252 3584 1 1 0 0.8
8 99366 252 2821 1 10 0 0.8
8 91637 253 2122 1 50 0 0.8
8 97527 255 2597 1 50 0 0.8
8 121691 255 3502 1 1 0 0.8
8 150945 256 3609 1 1 1 0.8
8 62214 257 1597 1 1 0 0.8
8 116838 259 2527 1 10 1 0.8
8 109348 261 2302 1 10 0 0.8
8 106872 262 2706 1 1 0 0.8
8 165243 266 4398 1 50 1 0.8
8 121004 267 3584 1 10 1 0.8
8 162241 267 3576 1 1 1 0.8
8 110326 267 2220 1 1 1 0.8
8 161035 268 3752 1 50 0 0.8
8 62503 272 1258 1 1 0 0.8
8 72514 281 2157 1 10 1 0.8
8 117753 284 2613 1 1 1 0.8
8 147787 284 3375 1 50 1 0.8
8 144696 289 4071 1 10 0 0.8
8 120621 292 3154 1 1 1 0.8
8 164067 292 3869 1 1 1 0.8
8 131604 292 3146 1 1 1 0.8
8 152497 292 3850 1 1 0 0.8
8 108720 293 2501 1 1 1 0.8
8 98172 297 2348 1 10 1 0.8
8 146588 298 3441 1 1 0 0.8
8 98547 300 1974 1 10 0 0.8
8 63250 300 1741 1 50 0 0.8
8 102343 303 2308 1 10 1 0.8
8 78886 309 2018 1 1 0 0.8
8 96173 315 2587 1 10 1 0.8
8 97661 316 2456 1 10 1 0.8
8 121506 316 3107 1 1 0 0.8
8 167217 320 4838 1 1 0 0.8
8 131134 328 2818 1 10 0 0.8
8 76684 331 1955 1 10 1 0.8
8 80603 334 1864 1 10 0 0.8
8 132641 336 2923 1 10 0 0.8
8 91375 340 1905 1 1 0 0.8
8 163100 341 4727 1 50 1 0.8
8 120055 345 3082 1 1 0 0.8
8 61061 346 1777 1 1 1 0.8
8 83549 349 2158 1 50 1 0.8
8 111231 352 3195 1 10 1 0.8
8 136109 357 4078 1 1 1 0.8
8 74524 364 2207 1 1 1 0.8
8 117533 371 2829 1 50 0 0.8
8 151140 375 4313 1 10 0 0.8
8 116029 376 3174 1 10 0 0.8
8 115451 377 2954 1 1 1 0.8
8 64305 378 1442 1 1 0 0.8
8 159582 379 3277 1 1 0 0.8
8 66948 380 1509 1 1 0 0.8
8 156387 383 3302 1 1 0 0.8
8 162493 383 4835 1 10 0 0.8
8 102549 383 2806 1 10 1 0.8
8 132557 386 3085 1 10 0 0.8
8 84093 386 2486 1 10 1 0.8
8 150624 386 4139 1 50 1 0.8
8 151274 387 3075 1 1 0 0.8
8 75555 392 1851 1 1 1 0.8
8 105890 393 2843 1 1 0 0.8
8 92168 394 2589 1 1 1 0.8
8 135919 396 4056 1 1 1 0.8
8 66718 397 1687 1 1 0 0.8
8 144693 398 4238 1 10 1 0.8
8 96896 400 1974 1 1 0 0.8
8 121583 410 2730 1 1 0 0.8
8 81327 412 2356 1 1 0 0.8
8 128535 419 3076 1 1 1 0.8
8 156923 419 3522 1 1 1 0.8
8 157957 419 3926 1 10 1 0.8
8 67254 423 1425 1 1 0 0.8
8 177926 423 5013 1 1 1 0.8
8 85802 424 1842 1 50 1 0.8
8 178855 425 4840 1 10 0 0.8
8 64551 431 1689 1 10 1 0.8
8 160974 440 4188 1 1 0 0.8
8 72617 445 1861 1 1 1 0.8
8 155746 450 4342 1 1 1 0.8
8 78360 452 1804 1 10 1 0.8
8 130852 452 3192 1 50 1 0.8
8 154073 452 3393 1 1 1 0.8
8 114200 455 2851 1 1 1 0.8
8 131778 461 2711 1 50 1 0.8
8 99135 462 2018 1 10 1 0.8
8 169224 464 4178 1 1 0 0.8
8 177804 474 5106 1 10 1 0.8
8 114229 474 3160 1 1 0 0.8
8 60620 475 1791 1 10 0 0.8
8 104241 476 2931 1 1 0 0.8
8 111371 476 2577 1 10 0 0.8
8 122303 477 3408 1 1 0 0.8
8 90239 488 2276 1 1 0 0.8
8 61462 489 1332 1 10 0 0.8
8 77540 489 1872 1 10 0 0.8
8 138846 491 3832 1 10 1 0.8
8 76841 491 1954 1 1 0 0.8
8 164504 494 3942 1 1 1 0.8
8 121011 497 2999 1 1 0 0.8
8 103983 502 2938 1 1 1 0.8
8 102060 507 3014 1 1 1 0.8
8 144321 509 3237 1 50 1 0.8
8 62944 510 1874 1 50 0 0.8
8 129290 511 2742 1 1 0 0.8
8 170367 512 3778 1 50 1 0.8
8 151029 514 3039 1 1 1 0.8
8 141936 526 3938 1 1 0 0.8
8 83879 530 2152 1 1 0 0.8
8 100669 532 2282 1 10 1 0.8
8 145683 534 3337 1 1 0 0.8
8 145993 538 3959 1 10 1 0.8
8 129515 547 3501 1 1 0 0.8
8 77126 547 1758 1 10 1 0.8
8 166807 548 4853 1 50 0 0.8
8 118762 553 3259 1 1 1 0.8
8 133444 558 3865 1 10 1 0.8
8 99304 560 2783 1 1 0 0.8
8 108702 568 2486 1 1 0 0.8
8 125750 572 2786 1 10 0 0.8
8 78100 574 2194 1 1 1 0.8
8 110213 576 3300 1 1 1 0.8
8 126562 577 2859 1 10 1 0.8
8 121045 578 2431 1 1 0 0.8
8 89556 581 1930 1 1 1 0.8
8 164145 582 4237 1 10 1 0.8
8 88459 585 1997 1 1 1 0.8
8 74088 587 1530 1 1 0 0.8
8 154373 594 3311 1 1 1 0.8
8 167401 595 4231 1 50 0 0.8
8 171960 598 4170 1 10 1 0.8
8 170616 600 4910 1 50 0 0.8
8 120163 601 3283 1 1 1 0.8
8 179692 601 5374 1 1 0 0.8
8 60474 606 1681 1 1 1 0.8
8 179689 607 5140 1 1 1 0.8
8 117850 612 2492 1 10 0 0.8
8 127729 613 3443 1 50 0 0.8
8 166698 618 3998 1 1 1 0.8
8 71778 618 1599 1 1 1 0.8
8 120674 619 3518 1 10 1 0.8
8 88461 620 2389 1 50 0 0.8
8 140021 623 3723 1 1 1 0.8
8 116339 624 3226 1 10 1 0.8
8 64312 625 1791 1 50 1 0.8
8 169318 625 3911 1 1 1 0.8
8 96059 626 2224 1 50 1 0.8
8 89160 627 2142 1 10 0 0.8
8 98273 627 2331 1 10 0 0.8
8 112617 631 2825 1 50 1 0.8
8 165258 632 3305 1 1 0 0.8
8 106960 635 2763 1 1 0 0.8
8 167467 638 4788 1 10 1 0.8
8 146068 639 3631 1 10 1 0.8
8 163292 644 3846 1 1 1 0.8
8 141607 647 3388 1 10 1 0.8
8 113428 653 2457 1 10 0 0.8
8 113005 653 2726 1 10 1 0.8
8 151978 653 4015 1 50 1 0.8
8 129315 659 3639 1 1 0 0.8
8 105918 661 2742 1 10 0 0.8
8 175221 664 4927 1 1 0 0.8
8 134211 668 3209 1 50 0 0.8
8 82647 669 2380 1 1 0 0.8
8 156830 674 3851 1 10 1 0.8
8 172399 677 5133 1 1 1 0.8
8 115195 679 3094 1 10 0 0.8
8 143883 680 4253 1 1 0 0.8
8 123700 680 3284 1 1 1 0.8
8 169046 682 4845 1 50 0 0.8
8 168678 686 3385 1 1 1 0.8
8 148409 687 3042 1 10 1 0.8
8 105770 688 2417 1 1 1 0.8
8 81273 690 2098 1 1 1 0.8
8 110242 695 2699 1 10 0 0.8
8 89708 695 1818 1 10 0 0.8
8 100764 696 2920 1 1 0 0.8
8 174988 706 4910 1 1 1 0.8
8 69688 713 1573 1 1 0 0.8
8 165802 718 3359 1 10 1 0.8
8 98316 719 2508 1 10 1 0.8
8 149193 720 4127 1 50 1 0.8
8 63052 729 1462 1 1 0 0.8
8 176323 730 3565 1 10 0 0.8
8 96744 737 2230 1 1 1 0.8
8 133814 737 3034 1 1 1 0.8
8 136372 738 3574 1 1 1 0.8
8 153127 738 3403 1 10 0 0.8
8 139802 740 3445 1 10 0 0.8
8 155165 743 4586 1 1 1 0.8
8 140196 753 3345 1 1 1 0.8
8 160732 755 4619 1 50 1 0.8
8 92015 757 2336 1 1 0 0.8
8 173254 757 3469 1 10 1 0.8
8 132466 767 2938 1 1 0 0.8
8 141946 767 4163 1 50 0 0.8
8 161895 782 4312 1 1 1 0.8
8 89526 783 2258 1 1 1 0.8
8 146866 783 3700 1 1 1 0.8
8 142942 789 3335 1 10 0 0.8
8 62749 791 1381 1 1 1 0.8
8 124196 796 2992 1 1 0 0.8
8 148165 799 3414 1 1 1 0.8
8 134064 800 3080 1 1 1 0.8
8 60141 803 1433 1 10 1 0.8
8 135136 808 3073 1 1 1 0.8
8 72563 810 1642 1 1 1 0.8
8 162345 811 4808 1 10 1 0.8
8 122080 822 3181 1 1 0 0.8
8 134195 822 2907 1 10 1 0.8
8 136010 825 4028 1 1 0 0.8
8 79222 827 1723 1 1 0 0.8
8 79597 827 2013 1 1 1 0.8
8 172054 830 3796 1 10 1 0.8
8 91312 830 2086 1 50 0 0.8
8 78883 832 1775 1 50 0 0.8
8 60489 832 1809 1 10 0 0.8
8 120639 835 3188 1 1 1 0.8
8 89473 840 2233 1 10 1 0.8
8 81629 841 2234 1 10 0 0.8
8 173208 843 4870 1 10 1 0.8
8 69632 847 1551 1 1 1 0.8
8 146938 855 4015 1 1 1 0.8
8 134444 855 3051 1 1 1 0.8
8 77636 855 1989 1 1 1 0.8
8 118934 856 2678 1 50 0 0.8
8 167491 863 3546 1 1 1 0.8
8 70404 863 1564 1 1 0 0.8
8 118136 867 3085 1 50 1 0.8
8 131445 870 3613 1 1 0 0.8
8 74848 870 1805 1 1 1 0.8
8 119480 872 3563 1 10 0 0.8
8 89190 875 2533 1 1 0 0.8
8 170209 875 4056 1 10 1 0.8
8 98892 876 2197 1 1 0 0.8
8 78219 881 1666 1 1 0 0.8
8 77323 881 2102 1 50 0 0.8
8 165760 884 4371 1 1 1 0.8
8 174257 885 4672 1 1 0 0.8
8 79282 891 1921 1 1 1 0.8
8 99180 896 2633 1 1 0 0.8
8 78645 896 2181 1 50 1 0.8
8 64591 896 1920 1 1 1 0.8
8 78236 903 2024 1 1 1 0.8
8 126704 906 2744 1 1 0 0.8
8 66767 907 1952 1 1 0 0.8
8 143854 910 2995 1 1 1 0.8
8 78694 914 1791 1 10 1 0.8
8 65761 915 1872 1 10 1 0.8
8 150012 917 3577 1 1 1 0.8
8 144952 921 4014 1 1 1 0.8
8 70264 925 1495 1 1 1 0.8
8 75660 932 1833 1 1 1 0.8
8 74937 934 2187 1 1 0 0.8
8 107687 935 2520 1 1 1 0.8
8 156948 938 3989 1 1 0 0.8
8 96892 939 2716 1 10 1 0.8
8 96837 946 2626 1 1 1 0.8
8 125114 948 3165 1 10 0 0.8
8 77278 953 1759 1 50 0 0.8
8 80440 954 2076 1 10 0 0.8
8 179220 955 3585 1 10 0 0.8
8 119294 959 2728 1 1 0 0.8
8 150889 960 3834 1 1 0 0.8
8 101178 964 3010 1 1 1 0.8
8 167810 964 3544 1 1 1 0.8
8 99408 965 2228 1 10 0 0.8
8 104623 966 2518 1 10 1 0.8
8 132662 969 3972 1 10 0 0.8
8 130786 969 2706 1 1 0 0.8
8 94411 971 2121 1 1 0 0.8
8 142189 976 3789 1 1 1 0.8
8 120653 978 3006 1 1 0 0.8
8 96666 978 2165 1 1 0 0.8
8 108135 979 2538 1 50 1 0.8
8 127633 981 2948 1 1 0 0.8
8 154249 984 3961 1 1 0 0.8
8 116556 984 3415 1 1 0 0.8
8 174396 986 4430 1 1 0 0.8
8 127462 987 2663 1 1 0 0.8
8 113410 989 2575 1 1 0 0.8
8 164712 991 3535 1 1 0 0.8
8 124220 991 3646 1 1 0 0.8
8 138625 992 3203 1 10 0 0.8
8 116584 997 2953 1 10 1 0.8
8 96692 1003 2290 1 1 0 0.8
8 173012 1005 4919 1 1 0 0.8
8 73411 1007 1566 1 1 0 0.8
8 69218 1010 1407 1 10 1 0.8
8 164170 1010 3584 1 10 0 0.8
8 157444 1011 4535 1 1 1 0.8
8 77417 1011 1612 1 1 0 0.8
8 159375 1013 3856 1 1 1 0.8
8 93630 1013 2594 1 1 1 0.8
8 75726 1015 1598 1 10 1 0.8
8 104566 1016 2394 1 1 1 0.8
8 76872 1016 1931 1 1 0 0.8
8 179859 1024 4003 1 10 0 0.8
8 146303 1026 4365 1 50 0 0.8
8 86838 1026 2366 1 10 0 0.8
8 62336 1029 1821 1 1 0 0.8
8 89559 1034 2557 1 50 0 0.8
8 99287 1034 2177 1 10 0 0.8
8 127960 1035 3052 1 50 0 0.8
8 133107 1035 2664 1 10 1 0.8
8 80009 1036 2058 1 1 1 0.8
8 88604 1039 2599 1 1 1 0.8
8 72671 1043 1525 1 1 1 0.8
8 67698 1049 1893 1 1 0 0.8
8 163252 1055 4134 1 1 0 0.8
8 77664 1056 1903 1 10 0 0.8
8 169975 1058 5008 1 1 1 0.8
8 68002 1063 1589 1 10 1 0.8
8 111679 1070 2550 1 1 0 0.8
8 176062 1073 5119 1 1 1 0.8
8 102744 1074 2244 1 1 1 0.8
8 87194 1076 1806 1 50 0 0.8
8 112436 1078 2653 1 1 0 0.8
8 127137 1081 3453 1 1 0 0.8
8 179481 1087 4336 1 1 0 0.8
8 160497 1087 4773 1 1 1 0.8
8 173732 1089 4072 1 10 0 0.8
8 138045 1090 3737 1 10 1 0.8
8 74211 1095 1745 1 1 1 0.8
8 117908 1096 3010 1 1 1 0.8
8 66556 1096 1713 1 10 1 0.8
8 162413 1099 3918 1 1 0 0.8
8 66412 1102 1789 1 1 0 0.8
8 133406 1102 2875 1 1 1 0.8
8 172405 1105 4986 1 10 0 0.8
8 100674 1105 2497 1 1 0 0.8
8 90798 1106 2314 1 1 1 0.8
8 129154 1112 2809 1 10 0 0.8
8 93567 1113 2514 1 50 0 0.8
8 124784 1113 3684 1 50 0 0.8
8 85211 1116 2518 1 1 0 0.8
8 126697 1119 2609 1 1 1 0.8
8 73018 1126 1484 1 1 0 0.8
8 90703 1126 2485 1 1 0 0.8
8 139059 1126 3189 1 1 0 0.8
8 175521 1126 3630 1 10 1 0.8
8 176557 1129 5247 1 1 1 0.8
8 107530 1133 2357 1 10 0 0.8
8 60692 1133 1314 1 1 1 0.8
8 168357 1136 3802 1 10 1 0.8
8 69710 1138 1632 1 1 1 0.8
8 112584 1138 3296 1 1 0 0.8
8 159775 1138 4018 1 10 1 0.8
8 82818 1146 1809 1 1 1 0.8
8 153506 1149 3939 1 1 1 0.8
8 92238 1150 2011 1 1 1 0.8
8 174672 1152 3984 1 10 1 0.8
8 130650 1155 3164 1 1 1 0.8
8 135259 1156 3733 1 10 0 0.8
8 114509 1160 2507 1 1 0 0.8
8 139268 1164 3994 1 1 1 0.8
8 166979 1168 3651 1 1 0 0.8
8 101636 1168 2604 1 10 0 0.8
8 136447 1170 3698 1 1 0 0.8
8 69950 1176 1805 1 10 0 0.8
8 156074 1179 4350 1 1 1 0.8
8 125978 1184 2889 1 1 1 0.8
8 153217 1184 3812 1 1 1 0.8
8 109498 1186 2194 1 1 1 0.8
8 162227 1192 4550 1 1 1 0.8
8 103969 1194 3013 1 10 1 0.8
8 155209 1195 3958 1 10 1 0.8
8 142892 1202 4265 1 10 0 0.8
8 134690 1204 3433 1 50 0 0.8
8 150005 1205 4359 1 1 0 0.8
8 96009 1208 2268 1 10 0 0.8
8 71612 1209 1475 1 10 1 0.8
8 103104 1213 2832 1 1 0 0.8
8 142527 1215 3667 1 1 1 0.8
8 95431 1221 2764 1 1 0 0.8
8 175310 1221 4012 1 1 0 0.8
8 116248 1224 3459 1 1 0 0.8
8 126802 1225 2806 1 10 0 0.8
8 127755 1229 3078 1 10 0 0.8
8 133534 1231 3259 1 1 1 0.8
8 168086 1238 4645 1 1 0 0.8
8 121057 1241 3165 1 1 1 0.8
8 92339 1244 2352 1 10 1 0.8
8 167347 1244 3458 1 50 0 0.8
8 177298 1244 4731 1 1 0 0.8
8 167395 1244 3764 1 1 0 0.8
8 151128 1245 3131 1 10 1 0.8
8 108807 1248 2893 1 10 1 0.8
8 168583 1249 3971 1 1 0 0.8
8 157536 1249 3478 1 1 1 0.8
8 115445 1251 3395 1 1 0 0.8
8 176821 1252 4306 1 1 1 0.8
8 165109 1253 3490 1 10 0 0.8
8 174554 1256 5044 1 1 1 0.8
8 86681 1256 2150 1 10 0 0.8
8 85354 1258 2431 1 1 1 0.8
8 141843 1259 4166 1 10 0 0.8
8 108529 1260 2967 1 1 1 0.8
8 94520 1261 2313 1 10 1 0.8
8 94612 1261 2526 1 10 0 0.8
8 144073 1262 2959 1 50 1 0.8
8 175711 1266 4348 1 1 1 0.8
8 102390 1270 2329 1 1 0 0.8
8 178808 1271 3827 1 1 1 0.8
8 75294 1272 1713 1 1 1 0.8
8 65288 1273 1572 1 1 0 0.8
8 126106 1274 3317 1 1 0 0.8
8 140309 1277 3078 1 1 1 0.8
8 168426 1278 3672 1 1 0 0.8
8 142022 1285 4210 1 1 0 0.8
8 98561 1286 2506 1 1 0 0.8
8 118866 1289 3141 1 1 1 0.8
8 155941 1289 3624 1 1 0 0.8
8 178399 1296 4966 1 1 1 0.8
8 116226 1296 3398 1 10 0 0.8
8 145944 1296 3883 1 50 1 0.8
8 159832 1297 4706 1 10 0 0.8
8 158984 1297 4644 1 1 0 0.8
8 113003 1299 2759 1 1 0 0.8
8 153228 1300 4221 1 10 1 0.8
8 91401 1300 2586 1 50 0 0.8
8 141597 1304 3378 1 10 1 0.8
8 83492 1305 2306 1 1 0 0.8
8 171432 1305 4937 1 10 0 0.8
8 140990 1308 3963 1 1 1 0.8
8 83362 1308 2348 1 1 0 0.8
8 134616 1312 3545 1 10 1 0.8
8 165105 1312 4072 1 1 1 0.8
8 120756 1316 3297 1 50 0 0.8
8 97383 1322 2447 1 1 1 0.8
8 74617 1323 1868 1 10 1 0.8
8 151317 1325 3781 1 1 1 0.8
8 122212 1334 3307 1 1 0 0.8
8 130374 1334 2956 1 1 0 0.8
8 155643 1336 4656 1 50 0 0.8
8 161411 1337 4633 1 50 1 0.8
8 162469 1338 4424 1 1 0 0.8
8 179567 1338 4343 1 10 0 0.8
8 171557 1339 4705 1 1 0 0.8
8 134926 1341 3346 1 10 0 0.8
8 60674 1343 1611 1 50 1 0.8
8 70007 1344 1603 1 1 0 0.8
8 120695 1344 2532 1 10 1 0.8
8 145165 1353 4037 1 50 1 0.8
8 141055 1353 3268 1 10 0 0.8
8 81046 1355 2089 1 1 1 0.8
8 64689 1356 1613 1 1 0 0.8
8 152367 1358 4030 1 1 0 0.8
8 161110 1361 3626 1 1 0 0.8
8 175899 1361 3757 1 10 0 0.8
8 116755 1363 2531 1 1 1 0.8
8 149703 1364 3102 1 1 0 0.8
8 167708 1365 4752 1 1 1 0.8
8 125570 1374 3575 1 1 0 0.8
8 130881 1382 2818 1 10 0 0.8
8 154357 1384 4291 1 1 0 0.8
8 115186 1386 2322 1 1 0 0.8
8 82606 1386 1786 1 50 0 0.8
8 90524 1389 2320 1 1 0 0.8
8 116981 1391 2913 1 50 1 0.8
8 68960 1391 1660 1 10 1 0.8
8 125284 1392 2843 1 1 1 0.8
8 70782 1392 1433 1 10 0 0.8
8 140145 1396 4093 1 1 1 0.8
8 96999 1397 2688 1 1 0 0.8
8 86375 1398 2112 1 1 1 0.8
8 152175 1400 3918 1 50 1 0.8
8 60490 1401 1766 1 1 0 0.8
8 71113 1402 1919 1 1 1 0.8
8 60675 1404 1392 1 50 0 0.8
8 81435 1405 1907 1 1 1 0.8
8 147876 1407 3485 1 1 1 0.8
8 91231 1407 2546 1 1 0 0.8
8 169570 1409 4165 1 1 1 0.8
8 169081 1421 4272 1 1 0 0.8
8 121204 1421 3261 1 1 0 0.8
8 179061 1423 5182 1 1 1 0.8
8 96700 1428 2480 1 1 1 0.8
8 151526 1428 3110 1 1 1 0.8
8 103936 1432 2162 1 50 1 0.8
8 143076 1432 3689 1 10 0 0.8
8 100722 1435 2746 1 10 1 0.8
8 104551 1435 3062 1 50 0 0.8
8 162860 1436 4565 1 1 1 0.8
8 99106 1436 2233 1 10 1 0.8
8 63603 1441 1495 1 1 0 0.8
8 91574 1443 1908 1 10 0 0.8
8 114225 1444 3122 1 1 0 0.8
8 101377 1445 2371 1 1 1 0.8
8 118590 1447 3143 1 10 1 0.8
8 70825 1451 2075 1 1 1 0.8
8 166061 1451 4656 1 10 0 0.8
8 138302 1456 3292 1 1 0 0.8
8 117048 1457 2544 1 1 1 0.8
8 166835 1460 4950 1 10 0 0.8
8 85166 1461 2018 1 1 0 0.8
8 131254 1468 3182 1 10 0 0.8
8 114566 1476 3152 1 1 0 0.8
8 124153 1476 2558 1 10 1 0.8
8 99671 1478 2309 1 1 1 0.8
8 156498 1484 3686 1 1 1 0.8
8 154318 1486 3439 1 1 1 0.8
8 101733 1491 2809 1 1 1 0.8
8 113014 1491 2491 1 1 0 0.8
8 140523 1491 3123 1 50 0 0.8
8 128735 1492 3446 1 1 0 0.8
8 67798 1494 1488 1 1 1 0.8
8 130087 1495 3152 1 1 0 0.8
8 167479 1497 3900 1 1 0 0.8
8 79476 1498 2284 1 1 0 0.8
8 90576 1498 2543 1 1 0 0.8
8 179117 1498 4807 1 1 1 0.8
8 84012 1499 2287 1 1 1 0.8
8 68107 1499 1559 1 10 1 0.8
8 104048 1506 3005 1 10 0 0.8
8 175956 1510 4908 1 10 0 0.8
8 74623 1514 1936 1 1 1 0.8
8 89714 1514 1978 1 50 0 0.8
8 143510 1515 3430 1 1 0 0.8
8 136151 1516 2959 1 1 1 0.8
8 173385 1519 4506 1 1 0 0.8
8 126421 1524 3175 1 1 1 0.8
8 171943 1530 5028 1 1 1 0.8
8 171304 1530 4971 1 1 1 0.8
8 156270 1532 4582 1 10 0 0.8
8 138116 1534 3403 1 50 1 0.8
8 112972 1536 2692 1 1 0 0.8
8 102261 1540 2604 1 1 1 0.8
8 103760 1544 2588 1 1 0 0.8
8 153626 1546 4490 1 1 0 0.8
8 105814 1548 2601 1 50 1 0.8
8 104992 1554 2501 1 10 1 0.8
8 102745 1556 2393 1 1 0 0.8
8 72601 1559 1778 1 1 0 0.8
8 62845 1559 1687 1 1 1 0.8
8 171153 1564 4581 1 1 1 0.8
8 103378 1566 2171 1 1 0 0.8
8 127927 1567 3547 1 10 1 0.8
8 153184 1569 3564 1 50 0 0.8
8 94356 1580 2490 1 1 0 0.8
8 87551 1580 2257 1 10 0 0.8
8 145950 1581 4091 1 1 1 0.8
8 156814 1588 3899 1 10 1 0.8
8 167953 1591 4012 1 10 0 0.8
8 98467 1591 2373 1 1 1 0.8
8 96227 1593 1949 1 1 1 0.8
8 91678 1595 2216 1 50 1 0.8
8 125321 1596 3623 1 1 1 0.8
8 124218 1596 3357 1 10 0 0.8
8 159143 1597 3855 1 10 0 0.8
8 141831 1597 3215 1 1 0 0.8
8 74167 1598 1651 1 1 1 0.8
8 178571 1599 3891 1 50 0 0.8
8 104421 1599 2191 1 50 1 0.8
8 97324 1601 2516 1 10 1 0.8
8 167759 1602 3986 1 50 0 0.8
8 105454 1602 2425 1 1 1 0.8
8 112552 1603 2944 1 50 1 0.8
8 131794 1605 3319 1 1 1 0.8
8 113884 1608 3244 1 10 0 0.8
8 85802 1616 1857 1 1 1 0.8
8 63922 1620 1287 1 50 0 0.8
8 151930 1623 3755 1 10 0 0.8
8 96817 1625 2159 1 50 1 0.8
8 149592 1626 3869 1 1 0 0.8
8 86977 1631 2375 1 1 0 0.8
8 179324 1635 3730 1 10 1 0.8
8 119728 1635 2420 1 1 0 0.8
8 115028 1639 2470 1 1 0 0.8
8 160836 1639 3750 1 1 0 0.8
8 85351 1639 1847 1 1 1 0.8
8 175867 1642 4354 1 1 0 0.8
8 118665 1653 3341 1 1 1 0.8
8 112362 1653 2635 1 10 0 0.8
8 100288 1658 2180 1 1 0 0.8
8 60211 1658 1440 1 10 0 0.8
8 104792 1659 2951 1 1 0 0.8
8 66317 1660 1423 1 10 0 0.8
8 98167 1661 2255 1 1 1 0.8
8 138418 1661 2998 1 1 1 0.8
8 122353 1662 2693 1 50 1 0.8
8 104499 1662 2336 1 1 1 0.8
8 175633 1663 4496 1 1 0 0.8
8 83415 1665 2484 1 1 0 0.8
8 99995 1668 2674 1 1 1 0.8
8 69860 1670 1757 1 1 1 0.8
8 159685 1671 4683 1 10 0 0.8
8 76749 1674 2031 1 1 1 0.8
8 155927 1676 3529 1 50 0 0.8
8 104768 1676 2226 1 1 1 0.8
8 153138 1682 3903 1 50 0 0.8
8 63759 1683 1895 1 1 1 0.8
8 78417 1688 1924 1 1 1 0.8
8 176525 1692 4181 1 1 1 0.8
8 167571 1696 4414 1 1 0 0.8
8 119409 1697 3262 1 10 0 0.8
8 102907 1697 3044 1 1 1 0.8
8 133770 1699 3025 1 10 1 0.8
8 83345 1702 2030 1 1 1 0.8
8 114083 1704 2400 1 10 1 0.8
8 60362 1708 1601 1 10 0 0.8
8 108563 1711 2560 1 10 1 0.8
8 78942 1712 1712 1 1 0 0.8
8 148939 1715 3658 1 1 0 0.8
8 174814 1715 5014 1 10 1 0.8
8 150176 1718 3508 1 1 0 0.8
8 97164 1722 2242 1 10 0 0.8
8 70775 1724 1529 1 1 0 0.8
8 130570 1725 3288 1 1 0 0.8
8 76726 1727 1839 1 50 0 0.8
8 158844 1730 3443 1 1 1 0.8
8 94528 1740 2490 1 1 0 0.8
8 78721 1752 2294 1 1 1 0.8
8 68013 1756 1714 1 1 1 0.8
8 168929 1761 4970 1 50 1 0.8
8 96836 1765 2028 1 10 0 0.8
8 148266 1768 2968 1 1 1 0.8
8 94046 1771 1968 1 1 1 0.8
8 92860 1771 2637 1 50 0 0.8
8 163164 1772 4662 1 1 1 0.8
8 169499 1773 4860 1 10 1 0.8
8 155376 1779 3264 1 50 1 0.8
8 82705 1785 1711 1 10 0 0.8
8 131360 1785 3785 1 1 1 0.8
8 157519 1786 4656 1 10 1 0.8
8 136245 1791 2946 1 10 0 0.8
8 163115 1793 3331 1 1 1 0.8
8 163403 1794 3379 1 10 0 0.8
8 110988 1794 3204 1 1 0 0.8
8 93466 1794 2560 1 1 1 0.8
8 93312 1797 1987 1 1 1 0.8
8 163652 1802 4241 1 10 1 0.8
8 98284 1806 2415 1 10 0 0.8
8 89222 1809 2163 1 1 0 0.8
8 115997 1811 2413 1 1 1 0.8
8 170247 1813 4791 1 1 1 0.8
8 159781 1819 3905 1 10 1 0.8
8 85388 1823 1725 1 1 1 0.8
8 157554 1827 4087 1 10 1 0.8
8 178479 1829 4062 1 10 0 0.8
8 147277 1832 3661 1 1 1 0.8
8 86529 1836 2329 1 1 1 0.8
8 98466 1837 2871 1 1 1 0.8
8 63553 1839 1708 1 10 1 0.8
8 170013 1842 3591 1 1 0 0.8
8 173916 1844 4883 1 1 0 0.8
8 105750 1852 2480 1 10 0 0.8
8 104771 1854 2263 1 1 1 0.8
8 111310 1857 2698 1 1 1 0.8
8 105882 1857 2900 1 1 1 0.8
8 147250 1860 4182 1 50 1 0.8
8 107490 1860 2496 1 1 1 0.8
8 135385 1864 3234 1 1 0 0.8
8 167037 1868 3985 1 1 0 0.8
8 104678 1869 2364 1 1 0 0.8
8 161026 1871 4546 1 1 0 0.8
8 68905 1875 1604 1 10 1 0.8
8 160463 1877 4780 1 10 0 0.8
8 139861 1877 2988 1 10 1 0.8
8 176924 1878 4312 1 1 0 0.8
8 175280 1884 4643 1 50 0 0.8
8 100274 1885 2582 1 1 1 0.8
8 67411 1889 1916 1 10 0 0.8
8 135565 1890 3172 1 10 0 0.8
8 173190 1892 4643 1 1 0 0.8
8 139284 1893 3651 1 10 1 0.8
8 175473 1907 4875 1 1 1 0.8
8 164426 1910 3589 1 1 0 0.8
8 164736 1912 3626 1 1 1 0.8
8 89861 1913 2079 1 1 0 0.8
8 161236 1917 4288 1 1 0 0.8
8 96507 1927 2577 1 10 0 0.8
8 121563 1929 2803 1 10 0 0.8
8 109309 1930 2531 1 1 0 0.8
8 111186 1932 3275 1 1 1 0.8
8 119423 1935 2418 1 10 1 0.8
8 108001 1939 3177 1 10 0 0.8
8 150327 1945 4037 1 10 0 0.8
8 101758 1947 2853 1 10 0 0.8
8 115971 1947 2799 1 10 1 0.8
8 133762 1950 4007 1 50 1 0.8
8 130804 1951 2963 1 1 1 0.8
8 105025 1951 2791 1 1 0 0.8
8 76093 1955 2271 1 10 1 0.8
8 148674 1958 4149 1 1 1 0.8
8 87337 1959 2305 1 1 0 0.8
8 79691 1967 2164 1 10 0 0.8
8 97365 1969 2476 1 1 0 0.8
8 91236 1973 2600 1 10 0 0.8
8 89915 1979 2618 1 1 1 0.8
8 163135 1981 4608 1 1 0 0.8
8 66061 1985 1917 1 1 0 0.8
8 160838 1992 4558 1 1 0 0.8
8 129376 1994 3354 1 10 0 0.8
8 110002 1997 3158 1 1 1 0.8
8 136403 1997 3372 1 10 1 0.8
8 118630 2000 2418 1 1 1 0.8
8 147132 2002 3393 1 50 1 0.8
8 66219 2003 1657 1 1 0 0.8
8 162843 2005 4455 1 10 0 0.8
8 97961 2007 2435 1 1 1 0.8
8 121166 2016 3027 1 1 1 0.8
8 81866 2017 1727 1 10 0 0.8
8 176067 2017 5103 1 50 1 0.8
8 86648 2018 2057 1 1 1 0.8
8 84710 2020 1710 1 1 0 0.8
8 64234 2021 1677 1 10 1 0.8
8 125624 2021 3258 1 10 1 0.8
8 84358 2030 2103 1 1 0 0.8
8 117628 2031 3005 1 1 0 0.8
8 166714 2032 4453 1 1 1 0.8
8 88322 2032 2505 1 50 0 0.8
8 175148 2036 3933 1 1 1 0.8
8 147201 2038 4098 1 1 1 0.8
8 148942 2038 4002 1 10 0 0.8
8 78554 2039 2317 1 10 0 0.8
8 66714 2039 1583 1 10 1 0.8
8 95200 2041 2683 1 10 0 0.8
8 75043 2046 1732 1 10 1 0.8
8 178793 2048 5115 1 10 0 0.8
8 161374 2051 4578 1 1 1 0.8
8 170198 2052 5095 1 10 1 0.8
8 176124 2054 3589 1 10 1 0.8
8 147435 2055 3205 1 10 1 0.8
8 66969 2056 1487 1 10 0 0.8
8 70926 2056 1566 1 10 1 0.8
8 71263 2060 1662 1 1 1 0.8
8 154618 2062 3606 1 50 0 0.8
8 131534 2067 3707 1 50 0 0.8
8 125376 2067 2984 1 1 1 0.8
8 129938 2067 3648 1 1 1 0.8
8 141160 2069 3213 1 10 0 0.8
8 101294 2072 2958 1 10 0 0.8
8 135055 2074 3909 1 10 1 0.8
8 74951 2074 2177 1 1 1 0.8
8 142614 2074 3897 1 1 0 0.8
8 70272 2075 1429 1 1 0 0.8
8 170471 2077 3814 1 10 0 0.8
8 78300 2078 2281 1 1 0 0.8
8 139116 2080 3235 1 50 0 0.8
8 108661 2080 2497 1 50 1 0.8
8 89577 2080 1919 1 10 1 0.8
8 169775 2082 3462 1 10 0 0.8
8 80189 2082 1879 1 10 1 0.8
8 159695 2090 4223 1 50 0 0.8
8 122857 2093 3107 1 1 0 0.8
8 130435 2094 3897 1 1 0 0.8
8 151504 2097 3524 1 1 0 0.8
8 114556 2098 3025 1 1 0 0.8
8 149478 2099 4197 1 1 1 0.8
8 121252 2099 2515 1 1 0 0.8
8 108043 2104 2362 1 1 0 0.8
8 137733 2108 3360 1 10 0 0.8
8 158321 2110 4423 1 1 1 0.8
8 145923 2119 3788 1 1 1 0.8
8 93699 2120 1935 1 1 1 0.8
8 98731 2121 2551 1 1 0 0.8
8 111549 2122 2972 1 10 0 0.8
8 124539 2127 2502 1 1 1 0.8
8 178046 2130 3947 1 1 1 0.8
8 158233 2130 3704 1 1 1 0.8
8 72088 2134 1500 1 50 1 0.8
8 71850 2134 1471 1 10 1 0.8
8 157419 2136 4335 1 1 1 0.8
8 167118 2138 4278 1 1 1 0.8
8 148246 2140 3084 1 10 0 0.8
8 93759 2140 2050 1 1 1 0.8
8 80563 2141 2167 1 10 1 0.8
8 139158 2142 3815 1 1 1 0.8
8 153654 2144 3336 1 1 1 0.8
8 132032 2145 3190 1 1 1 0.8
8 69726 2145 1449 1 10 0 0.8
8 149390 2150 4208 1 10 0 0.8
8 63921 2155 1806 1 1 1 0.8
8 141929 2156 3699 1 10 1 0.8
8 142950 2156 3067 1 10 0 0.8
8 85454 2156 2348 1 1 1 0.8
8 120942 2157 2637 1 1 1 0.8
8 166744 2157 4486 1 10 1 0.8
8 128621 2157 3857 1 1 1 0.8
8 148651 2158 3489 1 1 0 0.8
8 102627 2158 3012 1 50 1 0.8
8 99939 2159 2990 1 50 1 0.8
8 151587 2161 3375 1 1 1 0.8
8 139820 2166 3195 1 10 0 0.8
8 69547 2170 1698 1 10 0 0.8
8 167610 2171 4730 1 1 1 0.8
8 101768 2174 2838 1 1 0 0.8
8 70173 2182 1485 1 1 0 0.8
8 94658 2183 2003 1 1 0 0.8
8 89883 2186 2225 1 10 1 0.8
8 97210 2187 2428 1 1 0 0.8
8 148951 2190 3511 1 1 1 0.8
8 119687 2190 3041 1 10 0 0.8
8 71575 2195 1599 1 1 0 0.8
8 149094 2197 4114 1 10 0 0.8
8 108200 2198 2691 1 50 1 0.8
8 78367 2198 1713 1 1 0 0.8
8 88961 2201 2566 1 1 1 0.8
8 127818 2203 3722 1 10 0 0.8
8 135856 2208 3381 1 10 1 0.8
8 112061 2211 3161 1 1 0 0.8
8 115550 2211 3040 1 10 1 0.8
8 138969 2218 3522 1 1 0 0.8
8 142397 2219 4167 1 1 1 0.8
8 80939 2222 2194 1 1 1 0.8
8 176957 2225 5224 1 1 1 0.8
8 83690 2228 2402 1 1 0 0.8
8 132816 2234 3735 1 1 0 0.8
8 176064 2235 4915 1 10 1 0.8
8 162914 2239 4779 1 50 1 0.8
8 115407 2243 2959 1 1 1 0.8
8 128852 2247 3494 1 1 0 0.8
8 124354 2252 3461 1 1 0 0.8
8 79005 2252 2347 1 1 0 0.8
8 126153 2262 3745 1 1 1 0.8
8 92659 2262 2387 1 10 0 0.8
8 76167 2267 1620 1 1 0 0.8
8 69690 2269 1587 1 1 1 0.8
8 133198 2270 3751 1 10 0 0.8
8 138666 2270 3307 1 1 0 0.8
8 105981 2273 2205 1 1 1 0.8
8 75071 2274 1765 1 1 0 0.8
8 162454 2278 4304 1 1 1 0.8
8 130713 2278 3153 1 1 0 0.8
8 94349 2279 2656 1 1 0 0.8
8 60307 2279 1781 1 1 1 0.8
8 61711 2279 1391 1 1 1 0.8
8 114712 2281 3114 1 1 0 0.8
8 130823 2281 3347 1 10 0 0.8
8 177250 2282 4476 1 1 0 0.8
8 175518 2285 4498 1 50 1 0.8
8 135727 2287 3764 1 1 0 0.8
8 80263 2291 2138 1 10 1 0.8
8 71793 2292 1647 1 1 1 0.8
8 178048 2293 4828 1 10 0 0.8
8 97169 2295 1989 1 1 1 0.8
8 124058 2295 3659 1 50 1 0.8
8 160175 2297 4072 1 1 0 0.8
8 83283 2297 2456 1 1 1 0.8
8 129427 2298 3694 1 1 1 0.8
8 155100 2298 3730 1 1 1 0.8
8 133225 2299 3286 1 10 0 0.8
8 144113 2301 3886 1 1 0 0.8
8 92446 2304 1997 1 10 1 0.8
8 161009 2305 4381 1 1 0 0.8
8 114861 2305 2589 1 10 0 0.8
8 69868 2309 1563 1 1 1 0.8
8 75077 2310 2222 1 10 0 0.8
8 127363 2317 2619 1 1 0 0.8
8 176066 2323 5032 1 10 1 0.8
8 64334 2327 1470 1 1 1 0.8
8 131043 2328 3908 1 1 0 0.8
8 105505 2329 2355 1 1 0 0.8
8 174493 2330 3568 1 1 0 0.8
8 127874 2331 3590 1 1 0 0.8
8 111310 2332 2838 1 50 1 0.8
8 107132 2333 2150 1 1 0 0.8
8 70888 2333 1592 1 1 0 0.8
8 138510 2336 3770 1 10 1 0.8
8 175169 2337 4571 1 1 1 0.8
8 161259 2351 4526 1 1 1 0.8
8 97669 2355 2472 1 1 0 0.8
8 77950 2358 1599 1 1 0 0.8
8 61775 2362 1739 1 1 0 0.8
8 89226 2363 1846 1 1 0 0.8
8 154459 2367 3601 1 10 1 0.8
8 153852 2367 3434 1 1 0 0.8
8 131659 2368 3897 1 10 1 0.8
8 172021 2370 4182 1 1 0 0.8
8 62854 2373 1591 1 10 1 0.8
8 157467 2375 4453 1 1 0 0.8
8 136823 2375 3141 1 1 1 0.8
8 63648 2379 1528 1 1 0 0.8
8 89824 2382 1978 1 10 1 0.8
8 131284 2386 3419 1 1 0 0.8
8 154724 2387 3994 1 1 0 0.8
8 125715 2387 2668 1 10 0 0.8
8 128935 2390 2723 1 1 1 0.8
8 146048 2393 3515 1 1 1 0.8
8 132812 2395 3349 1 10 1 0.8
8 177063 2395 4230 1 1 0 0.8
8 77196 2398 1779 1 10 1 0.8
8 113047 2399 2805 1 1 1 0.8
8 78404 2399 1651 1 10 0 0.8
8 114493 2400 2905 1 1 1 0.8
8 124489 2404 3690 1 50 1 0.8
8 105115 2407 2678 1 1 1 0.8
8 86572 2407 1768 1 1 1 0.8
8 95141 2417 2449 1 10 1 0.8
8 95353 2418 2558 1 1 1 0.8
8 86287 2425 2573 1 1 0 0.8
8 141272 2426 3083 1 10 1 0.8
8 179067 2427 4234 1 1 1 0.8
8 130453 2432 2613 1 1 0 0.8
8 61225 2432 1305 1 10 0 0.8
8 108792 2432 2216 1 1 0 0.8
8 139952 2436 2829 1 10 1 0.8
8 126313 2436 3676 1 1 1 0.8
8 98879 2436 2201 1 10 0 0.8
8 131736 2437 3749 1 10 0 0.8
8 120266 2440 3392 1 50 0 0.8
8 165547 2446 4010 1 10 1 0.8
8 134463 2447 3814 1 50 0 0.8
8 179120 2448 5121 1 1 0 0.8
8 155229 2452 4559 1 50 0 0.8
8 83443 2455 2030 1 1 0 0.8
8 167476 2456 4799 1 10 1 0.8
8 110504 2457 2614 1 10 1 0.8
8 120592 2457 2531 1 10 1 0.8
8 152354 2458 4533 1 1 0 0.8
8 71005 2459 1755 1 10 0 0.8
8 93659 2459 2653 1 10 0 0.8
8 93017 2460 2535 1 1 1 0.8
8 169029 2461 3861 1 10 0 0.8
8 116504 2464 3141 1 10 0 0.8
8 143512 2469 3769 1 1 1 0.8
8 100733 2472 2403 1 10 0 0.8
8 99917 2473 2870 1 1 1 0.8
8 155343 2476 4509 1 1 0 0.8
8 173208 2478 4424 1 1 1 0.8
8 170394 2485 4498 1 1 1 0.8
8 109397 2485 2816 1 10 1 0.8
8 170024 2498 4763 1 1 1 0.8
8 133040 2498 3266 1 50 0 0.8
8 103400 2501 2303 1 10 1 0.8
8 87227 2502 1995 1 1 0 0.8
8 74925 2504 1932 1 1 1 0.8
8 176129 2504 3881 1 10 0 0.8
8 118542 2505 3233 1 10 0 0.8
8 166454 2505 4241 1 1 1 0.8
8 133885 2507 4000 1 10 1 0.8
8 105796 2512 3107 1 1 1 0.8
8 151476 2513 4092 1 1 1 0.8
8 175488 2514 4813 1 1 0 0.8
8 145589 2519 4263 1 50 1 0.8
8 111096 2523 3238 1 50 1 0.8
8 71532 2523 2075 1 10 0 0.8
8 140838 2531 3629 1 10 1 0.8
8 133297 2535 3052 1 1 0 0.8
8 85501 2536 2547 1 10 1 0.8
8 140739 2538 4012 1 10 1 0.8
8 141191 2541 3656 1 1 1 0.8
8 172604 2542 4266 1 10 0 0.8
8 117999 2543 2383 1 10 0 0.8
8 97552 2544 2127 1 1 0 0.8
8 143487 2548 3067 1 50 0 0.8
8 80380 2549 1624 1 10 0 0.8
8 150008 2555 3385 1 10 1 0.8
8 62055 2557 1434 1 1 1 0.8
8 82355 2561 1698 1 1 1 0.8
8 88679 2562 2070 1 1 1 0.8
8 127556 2564 2941 1 10 1 0.8
8 62818 2565 1309 1 1 1 0.8
8 82923 2566 2008 1 1 0 0.8
8 139773 2567 3853 1 1 1 0.8
8 113646 2568 2772 1 1 0 0.8
8 77683 2569 2039 1 1 0 0.8
8 98559 2571 2363 1 1 1 0.8
8 76010 2573 2145 1 1 1 0.8
8 69687 2580 1507 1 1 1 0.8
8 134096 2582 3970 1 10 0 0.8
8 74242 2584 2220 1 50 0 0.8
8 85507 2587 2170 1 1 0 0.8
8 175804 2587 4407 1 1 0 0.8
8 76457 2594 1755 1 10 0 0.8
8 98916 2594 2771 1 10 0 0.8
8 159710 2595 3210 1 50 0 0.8
8 90170 2597 1983 1 1 1 0.8
8 121685 2598 2846 1 1 1 0.8
8 175039 2602 4785 1 1 0 0.8
8 158906 2604 3763 1 50 0 0.8
8 159597 2606 4102 1 1 0 0.8
8 86500 2607 2199 1 1 0 0.8
8 164370 2609 4234 1 1 0 0.8
8 125911 2610 3753 1 1 0 0.8
8 95824 2611 2402 1 1 0 0.8
8 150574 2613 4196 1 1 0 0.8
8 86182 2613 2365 1 1 1 0.8
8 123783 2616 2664 1 10 1 0.8
8 138289 2623 3320 1 1 1 0.8
8 145068 2628 4189 1 1 0 0.8
8 82174 2629 1688 1 50 1 0.8
8 152056 2630 4277 1 1 1 0.8
8 119945 2630 3280 1 10 0 0.8
8 166142 2631 3769 1 1 1 0.8
8 83591 2632 2398 1 1 0 0.8
8 82927 2633 1732 1 1 1 0.8
8 149806 2635 4323 1 10 1 0.8
8 98374 2637 2756 1 1 1 0.8
8 64932 2643 1593 1 1 0 0.8
8 128042 2644 2690 1 1 0 0.8
8 113707 2651 3202 1 1 0 0.8
8 109433 2652 2666 1 1 0 0.8
8 134104 2652 3475 1 10 0 0.8
8 92065 2652 1959 1 10 1 0.8
8 148452 2654 3534 1 1 0 0.8
8 94047 2655 2095 1 1 0 0.8
8 68670 2656 1383 1 10 0 0.8
8 151515 2659 4391 1 1 1 0.8
8 121489 2666 3575 1 10 0 0.8
8 157727 2668 3530 1 50 1 0.8
8 65787 2668 1352 1 50 1 0.8
8 61519 2668 1658 1 1 0 0.8
8 83232 2671 1828 1 1 1 0.8
8 144231 2672 4139 1 10 0 0.8
8 153825 2677 3568 1 1 1 0.8
8 171849 2690 4778 1 1 1 0.8
8 128428 2692 2887 1 1 1 0.8
8 139073 2698 3284 1 10 1 0.8
8 111435 2698 2770 1 1 1 0.8
8 169100 2702 4740 1 1 1 0.8
8 155198 2704 3779 1 1 0 0.8
8 162306 2711 3356 1 1 1 0.8
8 63121 2711 1746 1 1 0 0.8
8 150929 2718 3885 1 1 1 0.8
8 70838 2719 1689 1 10 1 0.8
8 98494 2719 2173 1 1 1 0.8
8 82194 2720 2022 1 10 0 0.8
8 138801 2722 3296 1 1 1 0.8
8 136396 2727 3731 1 1 0 0.8
8 114264 2728 2427 1 10 0 0.8
8 112355 2728 3083 1 10 1 0.8
8 100278 2729 2287 1 1 0 0.8
8 147296 2729 3407 1 1 1 0.8
8 118962 2733 3511 1 1 0 0.8
8 134216 2739 3299 1 1 1 0.8
8 121784 2740 3374 1 1 0 0.8
8 97911 2746 2619 1 10 1 0.8
8 128784 2747 3473 1 50 1 0.8
8 127128 2748 2874 1 1 0 0.8
8 86926 2750 1932 1 1 1 0.8
8 62054 2753 1754 1 1 0 0.8
8 94302 2755 1933 1 1 1 0.8
8 161667 2755 3983 1 1 0 0.8
8 81135 2756 2057 1 10 0 0.8
8 77473 2758 1927 1 1 1 0.8
8 68746 2758 1966 1 50 1 0.8
8 126516 2760 3512 1 1 1 0.8
8 80996 2765 1930 1 50 0 0.8
8 92723 2765 2400 1 10 0 0.8
8 94538 2767 2180 1 1 0 0.8
8 103620 2769 2487 1 1 0 0.8
8 65731 2774 1935 1 1 0 0.8
8 135438 2775 3656 1 1 0 0.8
8 63945 2778 1408 1 10 1 0.8
8 78608 2780 1741 1 1 1 0.8
8 139695 2781 4029 1 1 1 0.8
8 131192 2782 3143 1 1 0 0.8
8 82245 2789 2169 1 1 0 0.8
8 85356 2792 1730 1 1 1 0.8
8 170255 2792 4525 1 1 1 0.8
8 74044 2794 2156 1 10 0 0.8
8 169062 2798 4286 1 1 1 0.8
8 83170 2799 2106 1 10 1 0.8
8 63400 2800 1846 1 10 0 0.8
8 64999 2802 1859 1 10 0 0.8
8 112732 2804 3347 1 1 0 0.8
8 100743 2804 2090 1 1 0 0.8
8 96350 2806 2456 1 10 0 0.8
8 146535 2809 3561 1 1 0 0.8
8 138445 2812 3665 1 1 0 0.8
8 141470 2816 3689 1 10 1 0.8
8 91700 2817 2432 1 1 1 0.8
8 95821 2819 2287 1 1 1 0.8
8 168962 2822 4221 1 1 0 0.8
8 158564 2829 4711 1 10 1 0.8
8 65145 2836 1831 1 10 0 0.8
8 120436 2836 3490 1 1 0 0.8
8 89910 2839 2029 1 10 0 0.8
8 111132 2841 2396 1 10 0 0.8
8 138506 2843 2896 1 1 0 0.8
8 147633 2846 3879 1 1 0 0.8
8 155710 2849 3294 1 1 1 0.8
8 122447 2853 2958 1 1 0 0.8
8 105686 2855 2201 1 50 1 0.8
8 102457 2859 2430 1 1 0 0.8
8 114531 2861 2384 1 1 1 0.8
8 72625 2861 1459 1 10 1 0.8
8 91670 2862 2609 1 1 1 0.8
8 173448 2867 4173 1 1 1 0.8
8 123084 2868 3628 1 10 1 0.8
8 106426 2869 2674 1 10 1 0.8
8 149435 2874 3406 1 1 0 0.8
8 102957 2875 2401 1 1 0 0.8
8 110379 2875 2304 1 1 0 0.8
8 60852 2877 1773 1 1 0 0.8
8 135048 2881 4026 1 1 0 0.8
8 157596 2881 3161 1 1 1 0.8
8 74063 2882 2025 1 1 1 0.8
8 90111 2886 1884 1 1 1 0.8
8 124986 2889 2589 1 10 1 0.8
8 88482 2889 2212 1 10 1 0.8
8 135659 2893 3933 1 1 1 0.8
8 129543 2895 3113 1 10 0 0.8
8 162117 2900 3602 1 10 1 0.8
8 106329 2901 2873 1 1 0 0.8
8 121468 2904 3596 1 1 0 0.8
8 146507 2907 4178 1 1 0 0.8
8 134399 2908 3712 1 10 1 0.8
8 88722 2911 1978 1 1 0 0.8
8 62040 2911 1844 1 1 0 0.8
8 128781 2913 3857 1 1 0 0.8
8 161768 2914 4460 1 10 1 0.8
8 172730 2916 4082 1 10 0 0.8
8 135435 2923 3785 1 50 1 0.8
8 76503 2924 1684 1 1 0 0.8
8 102506 2925 2934 1 1 0 0.8
8 92913 2925 2041 1 10 0 0.8
8 101454 2925 2379 1 10 1 0.8
8 128201 2926 2588 1 1 0 0.8
8 80892 2927 1637 1 1 0 0.8
8 64195 2929 1890 1 10 1 0.8
8 140524 2930 3070 1 1 0 0.8
8 152202 2930 4524 1 1 0 0.8
8 153286 2931 4448 1 1 0 0.8
8 93762 2935 2636 1 1 0 0.8
8 148367 2935 3903 1 1 1 0.8
8 149661 2937 3492 1 50 1 0.8
8 151353 2938 3500 1 1 1 0.8
8 98150 2938 2491 1 1 1 0.8
8 63632 2939 1739 1 10 1 0.8
8 82290 2944 2313 1 1 0 0.8
8 68609 2946 1941 1 1 0 0.8
8 71751 2947 1494 1 1 0 0.8
8 132969 2949 3922 1 10 1 0.8
8 98151 2953 2625 1 1 0 0.8
8 84828 2953 2227 1 1 0 0.8
8 83959 2957 1989 1 1 1 0.8
8 119509 2957 2873 1 1 1 0.8
8 88002 2962 2274 1 10 1 0.8
8 85288 2962 2238 1 1 0 0.8
8 82942 2962 2425 1 1 1 0.8
8 78657 2963 1803 1 1 1 0.8
8 158640 2964 3871 1 50 0 0.8
8 160304 2967 4417 1 10 0 0.8
8 134481 2969 3924 1 1 1 0.8
8 154481 2969 4541 1 1 1 0.8
8 136973 2972 3623 1 10 0 0.8
8 177822 2973 3818 1 1 1 0.8
8 153680 2976 4134 1 1 1 0.8
8 149835 2982 4448 1 10 1 0.8
8 97128 2982 2507 1 1 1 0.8
8 118200 2986 3324 1 1 1 0.8
8 79743 2988 1793 1 1 0 0.8
8 63075 2992 1469 1 1 0 0.8
8 119990 2993 2662 1 10 0 0.8
8 127747 3006 3640 1 1 0 0.8
8 75418 3008 1969 1 50 0 0.8
8 108679 3013 2236 1 10 1 0.8
8 177360 3013 3743 1 1 1 0.8
8 156298 3015 4073 1 1 0 0.8
8 175979 3016 5036 1 10 0 0.8
8 149727 3019 4464 1 1 0 0.8
8 100679 3020 2455 1 1 0 0.8
8 144027 3021 3126 1 10 1 0.8
8 136055 3025 2768 1 1 1 0.8
8 169113 3031 4393 1 1 0 0.8
8 177819 3038 4358 1 1 1 0.8
8 125043 3039 2918 1 1 0 0.8
8 95940 3046 2366 1 1 1 0.8
8 165672 3052 4050 1 1 1 0.8
8 130503 3055 3340 1 1 0 0.8
8 78082 3056 1732 1 1 0 0.8
8 175698 3057 5101 1 1 1 0.8
8 143868 3060 4124 1 50 1 0.8
8 179442 3062 3856 1 50 0 0.8
8 70967 3066 1570 1 50 0 0.8
8 162986 3072 3785 1 1 0 0.8
8 176276 3075 5219 1 10 0 0.8
8 173020 3077 3936 1 1 1 0.8
8 144265 3079 3164 1 10 0 0.8
8 131931 3080 3545 1 10 1 0.8
8 102177 3081 2685 1 1 0 0.8
8 128947 3084 3082 1 1 1 0.8
8 120917 3086 2512 1 1 1 0.8
8 159379 3088 3395 1 10 0 0.8
8 103594 3091 2488 1 10 1 0.8
8 147963 3092 3723 1 1 0 0.8
8 171079 3094 4271 1 10 0 0.8
8 147797 3095 4155 1 1 1 0.8
8 104591 3095 2866 1 50 1 0.8
8 68218 3095 1485 1 10 1 0.8
8 101603 3096 2539 1 1 0 0.8
8 109209 3096 3248 1 1 1 0.8
8 146252 3103 3299 1 10 0 0.8
8 69246 3104 1627 1 1 0 0.8
8 140405 3104 3463 1 50 0 0.8
8 74072 3111 1528 1 50 0 0.8
8 131743 3115 3536 1 1 1 0.8
8 84031 3115 2332 1 1 0 0.8
8 174485 3115 4804 1 1 0 0.8
8 169893 3120 4229 1 1 1 0.8
8 125136 3124 3132 1 1 1 0.8
8 136704 3124 3670 1 10 1 0.8
8 85114 3126 1917 1 1 1 0.8
8 165073 3133 4566 1 10 1 0.8
8 65699 3135 1381 1 1 0 0.8
8 91024 3135 1995 1 1 1 0.8
8 131466 3137 3629 1 10 1 0.8
8 178093 3139 5043 1 1 0 0.8
8 178574 3142 5217 1 10 1 0.8
8 147519 3143 3007 1 1 0 0.8
8 115731 3146 2648 1 10 0 0.8
8 84816 3150 2305 1 1 0 0.8
8 154951 3152 4055 1 10 1 0.8
8 170806 3155 4940 1 1 0 0.8
8 113293 3155 2286 1 50 1 0.8
8 75209 3163 1986 1 50 0 0.8
8 108532 3166 2525 1 50 1 0.8
8 121459 3173 3137 1 1 0 0.8
8 127187 3173 2617 1 1 1 0.8
8 108015 3176 2827 1 1 1 0.8
8 114054 3176 3100 1 1 1 0.8
8 65195 3176 1630 1 10 1 0.8
8 153087 3178 4318 1 10 1 0.8
8 166691 3178 4166 1 1 0 0.8
8 136618 3178 3746 1 1 0 0.8
8 142371 3181 3801 1 1 0 0.8
8 158074 3184 4739 1 1 0 0.8
8 178714 3184 4190 1 10 1 0.8
8 74998 3186 1873 1 1 0 0.8
8 91045 3187 2295 1 10 0 0.8
8 64984 3188 1476 1 10 0 0.8
8 98034 3189 2036 1 1 1 0.8
8 103879 3191 2334 1 1 0 0.8
8 101950 3195 2187 1 1 0 0.8
8 113399 3196 2753 1 10 0 0.8
8 62376 3196 1853 1 10 1 0.8
8 86896 3198 2553 1 1 0 0.8
8 86333 3199 2465 1 10 1 0.8
8 116921 3203 3219 1 1 1 0.8
8 175063 3207 5072 1 10 1 0.8
8 143106 3209 3481 1 50 0 0.8
8 139176 3211 3839 1 10 1 0.8
8 158940 3211 3373 1 10 0 0.8
8 163744 3224 4355 1 1 1 0.8
8 105576 3229 2134 1 10 1 0.8
8 138745 3231 3325 1 1 0 0.8
8 132424 3233 3191 1 10 0 0.8
8 122957 3234 2991 1 10 0 0.8
8 89670 3235 2679 1 10 1 0.8
8 169633 3237 4752 1 1 1 0.8
8 114436 3238 2797 1 1 0 0.8
8 100770 3238 2776 1 10 1 0.8
8 105697 3239 2646 1 1 1 0.8
8 149465 3244 4145 1 1 0 0.8
8 177042 3245 3674 1 1 1 0.8
8 79104 3247 1914 1 1 0 0.8
8 161352 3247 3434 1 1 0 0.8
8 170125 3247 4251 1 10 0 0.8
8 66780 3250 1823 1 1 0 0.8
8 148843 3251 4398 1 1 0 0.8
8 171099 3251 4207 1 1 0 0.8
8 89504 3252 2678 1 1 0 0.8
8 131575 3253 3487 1 10 0 0.8
8 157722 3261 4489 1 1 1 0.8
8 93514 3262 2367 1 1 1 0.8
8 177165 3264 4074 1 10 1 0.8
8 134752 3271 3351 1 1 1 0.8
8 118878 3274 2550 1 1 0 0.8
8 169193 3275 3603 1 1 0 0.8
8 134523 3276 3987 1 10 0 0.8
8 118766 3277 3015 1 1 1 0.8
8 140403 3281 3953 1 1 0 0.8
8 149710 3281 4150 1 1 0 0.8
8 100989 3288 2292 1 10 0 0.8
8 133814 3292 3985 1 10 0 0.8
8 77045 3298 1573 1 1 1 0.8
8 159727 3301 4733 1 10 0 0.8
8 107302 3305 3206 1 1 1 0.8
8 68061 3305 1472 1 1 0 0.8
8 99062 3308 2761 1 1 1 0.8
8 149910 3312 3915 1 1 1 0.8
8 63088 3314 1623 1 1 1 0.8
8 96391 3314 2081 1 50 1 0.8
8 83111 3314 1742 1 10 1 0.8
8 178995 3321 3717 1 1 1 0.8
8 152745 3322 4520 1 1 1 0.8
8 65764 3322 1854 1 1 0 0.8
8 137415 3324 3446 1 1 0 0.8
8 152361 3324 3151 1 1 1 0.8
8 69743 3324 1934 1 1 1 0.8
8 87444 3324 2056 1 1 0 0.8
8 84937 3327 1926 1 10 0 0.8
8 137603 3327 2936 1 10 1 0.8
8 164873 3327 4537 1 10 0 0.8
8 174232 3328 4860 1 10 0 0.8
8 63714 3328 1474 1 10 1 0.8
8 61042 3329 1401 1 10 0 0.8
8 148792 3329 4086 1 1 1 0.8
8 122798 3332 3637 1 1 0 0.8
8 112700 3335 3016 1 10 1 0.8
8 127744 3339 3660 1 1 0 0.8
8 74962 3341 1679 1 10 0 0.8
8 125177 3342 3279 1 1 0 0.8
8 86529 3344 2470 1 10 1 0.8
8 160010 3344 4328 1 10 0 0.8
8 130740 3345 3151 1 10 1 0.8
8 106476 3347 2445 1 1 1 0.8
8 129533 3350 3714 1 1 0 0.8
8 141224 3353 2984 1 1 1 0.8
8 149368 3356 4377 1 1 0 0.8
8 72162 3366 1930 1 1 1 0.8
8 102206 3366 2986 1 1 0 0.8
8 169146 3367 5003 1 1 0 0.8
8 118174 3369 2592 1 1 0 0.8
8 70370 3370 1597 1 1 0 0.8
8 145470 3371 3601 1 10 1 0.8
8 125805 3375 3015 1 1 0 0.8
8 154045 3376 4598 1 1 1 0.8
8 167254 3377 3442 1 10 1 0.8
8 130929 3379 3435 1 1 1 0.8
8 132457 3381 3053 1 10 0 0.8
8 132197 3381 3362 1 1 1 0.8
8 85780 3383 1734 1 10 1 0.8
8 165790 3393 3715 1 10 1 0.8
8 137070 3400 3537 1 50 0 0.8
8 112351 3400 2591 1 1 0 0.8
8 132470 3405 3103 1 10 0 0.8
8 106299 3410 3167 1 1 0 0.8
8 119624 3412 3260 1 1 1 0.8
8 98408 3413 2691 1 10 1 0.8
8 133028 3416 2927 1 10 1 0.8
8 81354 3416 2299 1 1 0 0.8
8 81920 3422 1963 1 10 0 0.8
8 134225 3423 3989 1 1 1 0.8
8 86297 3428 1779 1 1 1 0.8
8 169819 3428 3481 1 1 0 0.8
8 87929 3430 2064 1 1 1 0.8
8 153042 3431 4014 1 1 0 0.8
8 118413 3431 2940 1 1 1 0.8
8 162114 3431 4324 1 10 1 0.8
8 147612 3434 4354 1 1 0 0.8
8 163373 3435 3539 1 1 0 0.8
8 103774 3437 2963 1 1 0 0.8
8 111018 3438 3276 1 10 1 0.8
8 101154 3440 2096 1 1 1 0.8
8 83998 3446 2218 1 1 1 0.8
8 171676 3447 4603 1 10 1 0.8
8 114461 3448 2668 1 10 0 0.8
8 63612 3453 1333 1 1 1 0.8
8 87784 3455 1839 1 50 1 0.8
8 74920 3458 1932 1 50 0 0.8
8 105563 3458 2629 1 10 1 0.8
8 144849 3458 3611 1 1 0 0.8
8 93447 3459 2343 1 1 1 0.8
8 107791 3459 2470 1 50 0 0.8
8 78727 3460 1932 1 10 0 0.8
8 175961 3462 3734 1 1 1 0.8
8 179211 3465 4308 1 1 1 0.8
8 102102 3465 2950 1 1 1 0.8
8 152896 3466 4434 1 1 0 0.8
8 166808 3468 4396 1 1 0 0.8
8 107154 3470 2455 1 1 1 0.8
8 102932 3476 2897 1 1 1 0.8
8 93169 3478 1890 1 10 0 0.8
8 94856 3479 2113 1 10 1 0.8
8 164324 3480 4246 1 1 1 0.8
8 142296 3480 3753 1 10 1 0.8
8 146657 3485 3358 1 10 1 0.8
8 167942 3485 4173 1 1 1 0.8
8 148122 3486 3943 1 1 1 0.8
8 65902 3488 1325 1 1 1 0.8
8 79642 3492 1619 1 10 1 0.8
8 127734 3493 3375 1 10 1 0.8
8 136016 3494 2753 1 1 1 0.8
8 171028 3502 4102 1 10 1 0.8
8 150272 3503 3558 1 1 1 0.8
8 89163 3503 2369 1 1 1 0.8
8 91396 3505 2190 1 10 1 0.8
8 95513 3508 2292 1 10 1 0.8
8 108415 3509 2705 1 1 0 0.8
8 106914 3512 2250 1 1 1 0.8
8 89448 3515 2361 1 1 0 0.8
8 99921 3521 2116 1 10 1 0.8
8 81513 3524 1891 1 1 1 0.8
8 177907 3527 5087 1 1 0 0.8
8 151542 3536 3986 1 1 1 0.8
8 135108 3537 3927 1 1 1 0.8
8 139524 3541 4109 1 50 0 0.8
8 130936 3541 3410 1 10 1 0.8
8 95050 3545 2696 1 1 1 0.8
8 116909 3546 2758 1 1 0 0.8
8 137689 3546 3678 1 1 1 0.8
8 165686 3555 4683 1 1 0 0.8
8 165791 3556 3736 1 1 1 0.8
8 61920 3556 1637 1 1 1 0.8
8 101060 3557 2877 1 50 0 0.8
8 143696 3565 4169 1 10 0 0.8
8 72374 3570 1482 1 10 0 0.8
8 121019 3570 3437 1 1 1 0.8
8 100686 3571 2506 1 10 0 0.8
8 133420 3571 3382 1 10 1 0.8
8 74220 3572 1810 1 1 1 0.8
8 92255 3577 2558 1 10 1 0.8
8 97753 3578 2215 1 10 1 0.8
8 161898 3578 4470 1 10 0 0.8
8 144752 3578 3540 1 1 0 0.8
8 85117 3585 1708 1 10 0 0.8
8 159033 3585 3261 1 10 1 0.8
8 69246 3588 1772 1 1 1 0.8
8 71587 3591 1589 1 1 1 0.8
8 153335 3592 4448 1 50 1 0.8
8 144070 3592 3592 1 1 0 0.8
8 153249 3593 4041 1 10 0 0.8
8 160916 3596 4065 1 10 0 0.8
8 119012 3597 3354 1 10 1 0.8
