1500
2 62248 7 1439 1 1 0 1.0
2 68178 8 1835 1 1 1 1.0
2 152836 15 4438 1 50 1 1.0
2 75564 16 2007 1 1 1 1.0
2 160973 17 4236 1 1 0 1.0
2 123961 22 3305 1 1 0 1.0
2 137958 26 2774 1 1 1 1.0
2 96344 26 2025 1 1 0 1.0
2 72635 30 1505 1 1 1 1.0
2 168419 31 3483 1 1 1 1.0
2 139183 33 3691 1 1 0 1.0
2 147093 41 3878 1 1 1 1.0
2 143298 42 4237 1 10 0 1.0
2 169634 44 3957 1 1 0 1.0
2 114599 46 3178 1 1 1 1.0
2 79356 48 1917 1 1 0 1.0
2 126458 49 2866 1 1 1 1.0
2 62115 54 1796 1 1 1 1.0
2 66938 57 1837 1 1 0 1.0
2 177303 64 3715 1 1 1 1.0
2 177268 65 4069 1 1 1 1.0
2 82067 65 2225 1 50 1 1.0
2 60183 69 1259 1 1 1 1.0
2 115995 71 2581 1 50 0 1.0
2 115527 71 3439 1 10 1 1.0
2 147622 71 4031 1 50 0 1.0
2 176034 71 4135 1 10 1 1.0
2 110879 72 2330 1 1 0 1.0
2 163843 73 4646 1 10 1 1.0
2 147854 79 3258 1 1 1 1.0
2 118202 81 3199 1 1 1 1.0
2 131304 82 3447 1 10 1 1.0
2 122574 82 3557 1 10 1 1.0
2 123363 83 3619 1 50 1 1.0
2 101827 84 2131 1 1 1 1.0
2 169626 84 3408 1 1 1 1.0
2 79942 85 2285 1 50 1 1.0
2 139969 90 3785 1 1 1 1.0
2 140209 90 2921 1 1 1 1.0
2 86258 93 2472 1 1 1 1.0
2 79968 94 1852 1 1 1 1.0
2 179847 94 4576 1 10 0 1.0
2 136340 100 3314 1 1 0 1.0
2 132355 102 3949 1 10 1 1.0
2 159078 103 4687 1 1 0 1.0
2 107227 103 2293 1 1 0 1.0
2 86495 106 2198 1 1 0 1.0
2 142447 111 4213 1 10 1 1.0
2 163127 112 4434 1 1 1 1.0
2 70335 113 2038 1 10 1 1.0
2 119116 116 2566 1 50 0 1.0
2 179059 116 4699 1 10 1 1.0
2 164459 119 4868 1 1 1 1.0
2 107495 122 2245 1 1 0 1.0
2 82770 124 2135 1 1 0 1.0
2 99468 126 2756 1 1 0 1.0
2 74899 127 1619 1 10 0 1.0
2 163499 135 3504 1 10 1 1.0
2 78754 137 1849 1 1 1 1.0
2 110474 141 2859 1 1 1 1.0
2 69561 141 2024 1 1 0 1.0
2 89266 145 2059 1 1 1 1.0
2 116778 147 2859 1 1 1 1.0
2 96500 156 2730 1 10 1 1.0
2 86863 157 2461 1 1 0 1.0
2 112259 158 2555 1 1 0 1.0
2 117759 160 2516 1 10 1 1.0
2 71976 161 1993 1 1 1 1.0
2 168168 163 4420 1 1 1 1.0
2 151838 168 3218 1 1 0 1.0
2 146917 169 3206 1 10 0 1.0
2 168382 170 3922 1 10 0 1.0
2 88214 173 1943 1 1 1 1.0
2 160019 175 3982 1 10 0 1.0
2 65804 176 1950 1 50 1 1.0
2 173686 178 5112 1 1 1 1.0
2 157732 179 3475 1 10 1 1.0
2 67297 181 1720 1 1 0 1.0
2 139984 184 2936 1 1 1 1.0
2 78796 187 1600 1 1 0 1.0
2 79693 192 2367 1 1 1 1.0
2 129409 195 3524 1 1 0 1.0
2 160277 195 4137 1 10 1 1.0
2 143404 196 3686 1 1 0 1.0
2 132149 197 3580 1 1 0 1.0
2 162091 199 3755 1 10 1 1.0
2 119634 201 2557 1 1 1 1.0
2 147035 209 3515 1 10 0 1.0
2 139424 209 2811 1 1 0 1.0
2 167117 209 4696 1 1 1 1.0
2 122783 216 3603 1 1 0 1.0
2 73295 216 1680 1 1 0 1.0
2 164463 217 3401 1 50 1 1.0
2 62870 217 1711 1 10 1 1.0
2 77570 220 1961 1 10 1 1.0
2 121071 229 3611 1 1 1 1.0
2 174786 232 4596 1 1 1 1.0
2 176052 239 4600 1 10 0 1.0
2 113084 245 2319 1 1 1 1.0
2 95811 246 2113 1 1 1 1.0
2 102402 247 2085 1 1 0 1.0
2 136252 248 2947 1 1 1 1.0
2 112322 248 3038 1 10 1 1.0
2 127747 248 3488 1 1 1 1.0
2 144265 256 3237 1 1 0 1.0
2 90496 265 2057 1 1 0 1.0
2 102584 265 2737 1 1 0 1.0
2 132712 272 3278 1 10 0 1.0
2 176830 273 5115 1 1 0 1.0
2 136684 273 3944 1 1 0 1.0
2 73862 275 1556 1 1 1 1.0
2 170511 284 4993 1 10 1 1.0
2 71220 287 1783 1 10 0 1.0
2 92658 293 1938 1 1 1 1.0
2 63141 299 1861 1 50 1 1.0
2 76191 299 1849 1 10 0 1.0
2 163561 306 4285 1 1 1 1.0
2 174504 309 4258 1 1 0 1.0
2 131619 309 2833 1 1 1 1.0
2 164352 310 3899 1 1 0 1.0
2 174567 310 3534 1 1 0 1.0
2 72273 311 1706 1 1 0 1.0
2 85125 313 2268 1 10 0 1.0
2 112935 313 3015 1 50 0 1.0
2 137542 315 3033 1 50 0 1.0
2 126339 316 2714 1 1 1 1.0
2 136142 324 3919 1 1 1 1.0
2 64310 329 1474 1 10 0 1.0
2 153586 331 4572 1 1 0 1.0
2 169012 333 3830 1 10 0 1.0
2 170000 339 4346 1 10 0 1.0
2 63768 344 1367 1 50 0 1.0
2 155847 344 4267 1 10 1 1.0
2 70003 345 1738 1 1 0 1.0
2 116597 346 2727 1 1 1 1.0
2 169608 348 4089 1 1 1 1.0
2 85979 348 1754 1 1 0 1.0
2 69753 349 1687 1 10 0 1.0
2 109550 349 2603 1 10 0 1.0
2 134743 350 3149 1 10 1 1.0
2 170540 350 5064 1 10 0 1.0
2 85721 355 2122 1 10 0 1.0
2 140061 359 3957 1 1 0 1.0
2 157070 360 4704 1 10 0 1.0
2 174369 361 5034 1 1 0 1.0
2 157044 362 3175 1 1 1 1.0
2 67376 362 1376 1 1 1 1.0
2 84580 364 2077 1 10 1 1.0
2 131365 364 2774 1 10 1 1.0
2 60714 365 1530 1 1 1 1.0
2 105916 371 2968 1 1 0 1.0
2 98821 374 1998 1 1 0 1.0
2 131805 375 3250 1 10 0 1.0
2 75898 376 1754 1 1 1 1.0
2 122196 377 2992 1 1 1 1.0
2 100756 381 2381 1 10 0 1.0
2 178913 382 4535 1 10 1 1.0
2 65071 384 1781 1 1 0 1.0
2 60954 384 1497 1 1 0 1.0
2 172338 388 3951 1 50 1 1.0
2 88539 395 2342 1 1 0 1.0
2 143054 400 3340 1 1 1 1.0
2 122875 401 3104 1 1 1 1.0
2 126343 402 3188 1 1 1 1.0
2 136078 402 3548 1 10 0 1.0
2 137906 408 3308 1 50 1 1.0
2 153801 426 3558 1 1 1 1.0
2 95269 426 2147 1 10 1 1.0
2 120189 429 2816 1 1 1 1.0
2 132914 430 3081 1 10 1 1.0
2 160351 431 3904 1 1 1 1.0
2 179724 431 4144 1 1 0 1.0
2 128957 433 3661 1 50 1 1.0
2 60040 434 1744 1 50 1 1.0
2 102729 440 2678 1 1 1 1.0
2 157721 441 4717 1 10 0 1.0
2 152793 444 4373 1 1 0 1.0
2 155355 447 3720 1 1 0 1.0
2 120375 448 3341 1 10 1 1.0
2 149716 448 4192 1 50 1 1.0
2 74171 450 2141 1 1 1 1.0
2 168485 452 3801 1 1 1 1.0
2 153405 457 3869 1 10 0 1.0
2 169268 457 3596 1 10 1 1.0
2 87444 457 1907 1 1 0 1.0
2 163548 459 4791 1 10 0 1.0
2 72910 459 2070 1 1 0 1.0
2 128785 464 2951 1 1 1 1.0
2 70319 472 1775 1 1 1 1.0
2 115578 475 2851 1 1 1 1.0
2 100928 477 2424 1 1 0 1.0
2 179333 477 4399 1 1 0 1.0
2 157733 477 3793 1 1 0 1.0
2 75730 479 2041 1 10 0 1.0
2 170347 484 3617 1 1 1 1.0
2 179106 488 4759 1 1 0 1.0
2 138906 488 3920 1 1 1 1.0
2 64232 498 1392 1 10 1 1.0
2 175226 500 3757 1 1 0 1.0
2 106518 505 2784 1 10 1 1.0
2 123032 506 2882 1 10 1 1.0
2 165084 509 4593 1 1 1 1.0
2 108001 515 2173 1 1 1 1.0
2 160075 518 4354 1 10 1 1.0
2 155156 521 3920 1 1 1 1.0
2 85745 523 2452 1 1 0 1.0
2 105786 527 2942 1 1 0 1.0
2 143400 528 3850 1 1 0 1.0
2 168072 532 4310 1 1 0 1.0
2 83220 535 2286 1 10 0 1.0
2 83331 536 2192 1 50 0 1.0
2 72951 538 1877 1 1 0 1.0
2 80480 542 1624 1 10 1 1.0
2 67652 544 1364 1 1 0 1.0
2 144388 547 4198 1 10 1 1.0
2 85028 550 2418 1 10 1 1.0
2 92710 552 2337 1 1 0 1.0
2 136081 553 3498 1 1 1 1.0
2 128379 560 2779 1 50 1 1.0
2 87582 563 1767 1 1 0 1.0
2 81207 565 2303 1 1 0 1.0
2 170652 565 4892 1 10 0 1.0
2 126888 567 2822 1 1 0 1.0
2 159125 567 4727 1 1 1 1.0
2 101165 569 2933 1 1 0 1.0
2 137584 569 2958 1 50 1 1.0
2 112468 573 2932 1 1 0 1.0
2 178956 578 5101 1 50 1 1.0
2 175128 579 3568 1 1 0 1.0
2 143487 584 3445 1 1 0 1.0
2 102383 591 2947 1 1 1 1.0
2 108038 591 3228 1 10 0 1.0
2 133734 593 3440 1 1 0 1.0
2 121864 593 3239 1 50 0 1.0
2 118121 593 2513 1 1 0 1.0
2 89387 594 1880 1 1 1 1.0
2 81843 599 2070 1 1 0 1.0
2 136292 602 3589 1 1 1 1.0
2 72304 605 1735 1 10 0 1.0
2 142647 610 4278 1 1 0 1.0
2 166408 614 4876 1 1 0 1.0
2 71623 619 1520 1 1 1 1.0
2 96662 626 2486 1 1 0 1.0
2 130386 636 3135 1 1 0 1.0
2 140413 642 2941 1 1 0 1.0
2 149215 643 3788 1 1 0 1.0
2 62473 654 1521 1 1 0 1.0
2 152689 655 3073 1 1 0 1.0
2 118649 655 3557 1 50 1 1.0
2 174745 657 4907 1 10 1 1.0
2 136604 657 3366 1 1 1 1.0
2 152573 658 4013 1 10 1 1.0
2 155885 660 4575 1 1 0 1.0
2 146448 664 4053 1 1 1 1.0
2 77700 664 2042 1 1 1 1.0
2 77532 666 1610 1 1 0 1.0
2 61709 668 1379 1 50 0 1.0
2 126695 671 3773 1 1 0 1.0
2 119151 676 3202 1 1 1 1.0
2 121000 678 3592 1 1 0 1.0
2 100527 680 2467 1 10 1 1.0
2 81602 681 2341 1 1 0 1.0
2 136918 681 4078 1 1 1 1.0
2 172274 682 5128 1 10 1 1.0
2 99390 684 2421 1 1 0 1.0
2 129608 684 3707 1 1 0 1.0
2 137360 686 3952 1 1 0 1.0
2 117270 693 3114 1 10 1 1.0
2 154720 693 3192 1 10 1 1.0
2 98189 694 2247 1 1 0 1.0
2 170343 697 4177 1 1 0 1.0
2 103383 698 2124 1 1 1 1.0
2 127749 699 3424 1 1 1 1.0
2 155398 700 3451 1 1 1 1.0
2 65691 708 1810 1 1 1 1.0
2 146224 711 4070 1 50 1 1.0
2 86992 715 2191 1 1 0 1.0
2 127587 718 2810 1 10 1 1.0
2 155620 719 3984 1 1 1 1.0
2 65840 723 1647 1 1 1 1.0
2 115485 724 3003 1 1 1 1.0
2 75751 729 1632 1 1 1 1.0
2 75090 731 1921 1 1 0 1.0
2 142968 731 3292 1 50 1 1.0
2 169378 737 4481 1 1 0 1.0
2 102648 742 2115 1 1 1 1.0
2 64316 745 1566 1 10 0 1.0
2 105310 746 2714 1 1 0 1.0
2 162564 749 3506 1 1 0 1.0
2 122588 749 3332 1 10 1 1.0
2 102133 750 3045 1 1 0 1.0
2 92494 750 2555 1 1 0 1.0
2 76440 751 1656 1 1 0 1.0
2 163515 752 4112 1 10 1 1.0
2 124326 761 2985 1 50 1 1.0
2 145480 762 3510 1 50 1 1.0
2 154239 764 3388 1 1 1 1.0
2 132742 765 3745 1 1 1 1.0
2 140086 769 3520 1 1 1 1.0
2 163411 770 4358 1 10 1 1.0
2 150672 771 3814 1 1 1 1.0
2 96057 772 2683 1 50 1 1.0
2 78140 773 2099 1 1 0 1.0
2 86984 773 2260 1 1 1 1.0
2 168101 773 4146 1 1 1 1.0
2 173067 779 3996 1 1 0 1.0
2 91780 785 2404 1 10 0 1.0
2 158565 791 4083 1 1 1 1.0
2 177976 792 5334 1 1 0 1.0
2 63329 800 1293 1 10 0 1.0
2 137854 804 3436 1 1 1 1.0
2 148850 807 4165 1 1 0 1.0
2 94999 809 2319 1 10 0 1.0
2 148196 812 3742 1 10 1 1.0
2 172376 813 4861 1 1 0 1.0
2 143012 813 3174 1 10 1 1.0
2 61565 814 1527 1 1 0 1.0
2 78777 815 2015 1 10 1 1.0
2 109123 817 3054 1 10 1 1.0
2 91124 817 2728 1 50 0 1.0
2 76590 821 1843 1 1 0 1.0
2 84298 823 1900 1 50 1 1.0
2 152116 823 4020 1 1 0 1.0
2 147303 824 4079 1 1 0 1.0
2 139802 826 3714 1 1 0 1.0
2 86088 829 1736 1 1 0 1.0
2 124968 831 3191 1 50 1 1.0
2 128043 832 3368 1 1 1 1.0
2 114729 832 2415 1 10 1 1.0
2 139947 832 4059 1 1 0 1.0
2 110194 832 2278 1 1 0 1.0
2 92046 833 2354 1 10 1 1.0
2 74324 836 1997 1 1 0 1.0
2 171650 846 4400 1 1 1 1.0
2 104928 851 2505 1 50 1 1.0
2 140675 852 3848 1 10 0 1.0
2 89723 852 2246 1 1 0 1.0
2 69684 855 1488 1 50 0 1.0
2 71357 855 1670 1 1 1 1.0
2 119927 860 3474 1 1 0 1.0
2 116269 861 2547 1 10 1 1.0
2 165272 864 4848 1 10 0 1.0
2 151214 864 3146 1 1 0 1.0
2 128368 865 2782 1 10 1 1.0
2 144401 866 3235 1 10 0 1.0
2 167960 871 3448 1 10 0 1.0
2 106542 871 2573 1 1 0 1.0
2 91842 874 2318 1 1 1 1.0
2 131682 875 3419 1 10 1 1.0
2 67519 877 1835 1 1 1 1.0
2 101897 880 2331 1 10 0 1.0
2 118644 892 3365 1 10 0 1.0
2 153611 892 4578 1 1 0 1.0
2 136335 896 3541 1 10 0 1.0
2 66582 896 1827 1 1 0 1.0
2 126277 897 3645 1 50 0 1.0
2 140085 900 2804 1 10 0 1.0
2 78036 902 1571 1 1 1 1.0
2 144855 906 3738 1 1 1 1.0
2 145650 906 3461 1 10 1 1.0
2 63661 909 1290 1 10 0 1.0
2 141603 913 3604 1 10 1 1.0
2 129059 915 3017 1 10 1 1.0
2 157485 918 3200 1 1 1 1.0
2 79798 931 1784 1 10 1 1.0
2 118671 935 2691 1 1 1 1.0
2 94449 936 2427 1 10 0 1.0
2 136410 939 3354 1 10 0 1.0
2 74453 939 2016 1 10 0 1.0
2 151247 941 4022 1 1 1 1.0
2 60070 942 1658 1 1 1 1.0
2 108382 946 3215 1 10 1 1.0
2 96099 950 2382 1 10 1 1.0
2 108673 953 2729 1 10 1 1.0
2 109310 954 2478 1 1 0 1.0
2 116060 960 3244 1 1 1 1.0
2 117257 961 3468 1 1 1 1.0
2 62357 962 1453 1 10 0 1.0
2 154220 967 3183 1 10 1 1.0
2 99175 969 2400 1 10 1 1.0
2 92797 972 2741 1 1 1 1.0
2 103935 974 2451 1 10 0 1.0
2 62503 977 1743 1 10 1 1.0
2 158389 978 4629 1 1 0 1.0
2 112706 980 3017 1 1 0 1.0
2 114950 981 2413 1 1 0 1.0
2 66631 985 1347 1 10 0 1.0
2 71750 985 1582 1 1 1 1.0
2 75109 986 1838 1 10 0 1.0
2 119875 987 2825 1 10 1 1.0
2 144188 988 4303 1 10 0 1.0
2 89843 990 2345 1 1 1 1.0
2 128692 992 3278 1 1 0 1.0
2 150464 996 4155 1 1 1 1.0
2 147107 996 3389 1 10 0 1.0
2 177970 1007 4398 1 1 0 1.0
2 68189 1009 1384 1 10 0 1.0
2 99644 1010 2685 1 1 0 1.0
2 178203 1012 3861 1 10 1 1.0
2 74684 1014 1813 1 1 0 1.0
2 94093 1014 2202 1 1 0 1.0
2 150182 1019 3506 1 50 0 1.0
2 114567 1023 3372 1 1 0 1.0
2 77931 1027 1751 1 1 1 1.0
2 109097 1029 2957 1 1 1 1.0
2 130624 1037 3684 1 1 0 1.0
2 121849 1041 2463 1 10 1 1.0
2 179758 1043 5104 1 1 1 1.0
2 84820 1045 2046 1 50 1 1.0
2 111182 1046 2969 1 1 1 1.0
2 69669 1046 1490 1 10 1 1.0
2 151927 1048 4059 1 1 0 1.0
2 112928 1049 2876 1 10 1 1.0
2 159532 1050 3363 1 50 0 1.0
2 136614 1056 3495 1 1 0 1.0
2 143040 1059 3046 1 1 1 1.0
2 162900 1060 4474 1 1 1 1.0
2 71679 1063 1736 1 1 0 1.0
2 158292 1064 3634 1 1 0 1.0
2 115503 1067 2927 1 1 1 1.0
2 126652 1070 3684 1 1 0 1.0
2 124382 1071 2987 1 1 0 1.0
2 171533 1071 3517 1 10 0 1.0
2 129149 1073 3393 1 1 1 1.0
2 83922 1073 2339 1 10 0 1.0
2 70626 1080 1934 1 1 1 1.0
2 105928 1084 2174 1 1 1 1.0
2 95565 1086 2405 1 1 0 1.0
2 113258 1086 2827 1 1 0 1.0
2 101134 1088 2442 1 1 1 1.0
2 131864 1090 3000 1 1 1 1.0
2 125484 1093 3650 1 1 0 1.0
2 66024 1094 1726 1 50 0 1.0
2 117160 1099 3271 1 10 0 1.0
2 100353 1099 2164 1 1 0 1.0
2 148539 1101 3060 1 10 1 1.0
2 132209 1104 3903 1 1 1 1.0
2 177875 1105 5195 1 10 1 1.0
2 102927 1108 2769 1 1 1 1.0
2 146421 1112 4156 1 1 1 1.0
2 67500 1113 1405 1 1 0 1.0
2 177168 1116 4046 1 1 0 1.0
2 102270 1117 2445 1 10 0 1.0
2 97601 1117 2234 1 1 1 1.0
2 161304 1119 3548 1 50 1 1.0
2 69107 1121 1897 1 1 1 1.0
2 122470 1122 2568 1 1 1 1.0
2 143482 1122 3123 1 50 1 1.0
2 83972 1123 1988 1 1 1 1.0
2 72480 1124 1872 1 1 1 1.0
2 117359 1130 2375 1 1 1 1.0
2 179342 1130 3785 1 1 0 1.0
2 169936 1131 3770 1 1 0 1.0
2 165868 1131 4618 1 1 1 1.0
2 139470 1131 3888 1 10 0 1.0
2 163751 1132 3797 1 50 0 1.0
2 96891 1138 2658 1 10 0 1.0
2 82319 1140 2162 1 1 0 1.0
2 94577 1140 2189 1 1 0 1.0
2 114264 1140 3253 1 10 0 1.0
2 109981 1146 2563 1 1 1 1.0
2 162262 1148 3510 1 1 0 1.0
2 78026 1150 1923 1 1 1 1.0
2 175497 1154 4614 1 1 1 1.0
2 93010 1156 1899 1 10 1 1.0
2 142150 1156 3470 1 1 0 1.0
2 178387 1159 4899 1 1 0 1.0
2 94914 1160 2229 1 10 0 1.0
2 75822 1161 1645 1 1 0 1.0
2 71523 1163 1599 1 10 0 1.0
2 151535 1163 3552 1 1 1 1.0
2 165476 1166 4258 1 10 0 1.0
2 178562 1166 4772 1 1 0 1.0
2 134498 1168 3636 1 1 1 1.0
2 98089 1170 2106 1 1 1 1.0
2 94266 1173 2337 1 1 0 1.0
2 129293 1176 2823 1 10 0 1.0
2 160377 1177 3701 1 1 1 1.0
2 76364 1180 1998 1 1 1 1.0
2 132142 1184 3781 1 50 0 1.0
2 90445 1187 1935 1 10 0 1.0
2 151150 1190 3689 1 1 1 1.0
2 128933 1190 3861 1 1 0 1.0
2 94610 1192 2679 1 50 1 1.0
2 90035 1193 2624 1 10 1 1.0
2 110615 1193 3300 1 1 1 1.0
2 104795 1195 2578 1 10 1 1.0
2 61634 1197 1295 1 10 1 1.0
2 115481 1200 2600 1 1 0 1.0
2 179096 1201 4159 1 1 1 1.0
2 79860 1201 2353 1 1 1 1.0
2 105602 1202 3036 1 1 1 1.0
2 117544 1202 3379 1 1 0 1.0
2 168453 1203 3498 1 1 1 1.0
2 83881 1203 2486 1 1 1 1.0
2 142041 1204 3671 1 10 0 1.0
2 142298 1205 2987 1 1 0 1.0
2 61032 1208 1344 1 10 0 1.0
2 123640 1210 3424 1 1 0 1.0
2 93318 1211 2646 1 1 1 1.0
2 68251 1212 2032 1 10 0 1.0
2 161027 1213 3820 1 10 0 1.0
2 127353 1214 2658 1 1 0 1.0
2 64844 1215 1535 1 1 0 1.0
2 81280 1217 2069 1 10 0 1.0
2 166261 1218 4877 1 10 0 1.0
2 135668 1219 3639 1 1 1 1.0
2 93102 1219 2041 1 10 1 1.0
2 137674 1222 3978 1 1 0 1.0
2 67942 1225 1365 1 10 1 1.0
2 161432 1225 4129 1 1 0 1.0
2 151734 1226 4002 1 10 1 1.0
2 168911 1227 4735 1 10 0 1.0
2 176908 1231 3967 1 1 0 1.0
2 123920 1235 2913 1 1 0 1.0
2 119416 1241 2713 1 1 0 1.0
2 148880 1244 3611 1 10 0 1.0
2 74709 1244 1565 1 1 1 1.0
2 165775 1245 4348 1 10 1 1.0
2 141947 1245 3315 1 50 0 1.0
2 103716 1246 2768 1 1 0 1.0
2 129776 1248 2883 1 10 0 1.0
2 84235 1250 2192 1 10 0 1.0
2 170327 1250 4442 1 1 0 1.0
2 125003 1253 2526 1 10 1 1.0
2 76347 1261 1968 1 1 0 1.0
2 177144 1261 5301 1 50 0 1.0
2 125356 1262 2901 1 1 0 1.0
2 125954 1262 3059 1 1 1 1.0
2 129075 1263 3650 1 1 1 1.0
2 140846 1263 3067 1 10 1 1.0
2 148209 1263 3425 1 10 0 1.0
2 176481 1266 3566 1 1 1 1.0
2 160608 1273 4357 1 10 0 1.0
2 162086 1274 4846 1 1 1 1.0
2 123494 1277 3420 1 10 0 1.0
2 64703 1278 1513 1 50 0 1.0
2 94596 1278 2723 1 10 1 1.0
2 126832 1280 3540 1 10 0 1.0
2 82795 1283 2270 1 10 0 1.0
2 130101 1283 2870 1 1 0 1.0
2 104326 1286 2728 1 10 1 1.0
2 96107 1287 2167 1 1 0 1.0
2 174511 1288 4944 1 1 1 1.0
2 153457 1289 3961 1 1 0 1.0
2 147124 1289 4231 1 1 0 1.0
2 108092 1290 2996 1 1 0 1.0
2 150164 1291 3725 1 1 1 1.0
2 139592 1292 3239 1 1 1 1.0
2 144081 1296 3456 1 50 1 1.0
2 109876 1297 2451 1 10 1 1.0
2 96846 1311 2346 1 1 1 1.0
2 138961 1316 2894 1 10 0 1.0
2 64024 1317 1458 1 1 1 1.0
2 61867 1321 1733 1 50 0 1.0
2 151593 1321 4243 1 1 0 1.0
2 176734 1322 4227 1 10 1 1.0
2 91711 1328 2022 1 1 0 1.0
2 86977 1331 2386 1 1 1 1.0
2 118565 1332 3046 1 1 0 1.0
2 169431 1335 5059 1 50 0 1.0
2 125001 1335 2657 1 50 1 1.0
2 65697 1336 1738 1 1 1 1.0
2 74552 1338 1575 1 10 0 1.0
2 103238 1341 3021 1 10 0 1.0
2 156376 1342 4032 1 10 0 1.0
2 168841 1344 4433 1 10 0 1.0
2 138551 1344 3586 1 50 1 1.0
2 171087 1347 5125 1 1 1 1.0
2 149729 1348 4207 1 10 1 1.0
2 126767 1351 3314 1 1 0 1.0
2 157488 1352 3589 1 1 0 1.0
2 169110 1352 3467 1 1 1 1.0
2 107810 1357 2892 1 1 1 1.0
2 80639 1361 1627 1 1 1 1.0
2 77326 1367 2008 1 1 0 1.0
2 153116 1370 3712 1 1 0 1.0
2 127511 1374 3214 1 1 1 1.0
2 169455 1374 3954 1 1 0 1.0
2 129537 1374 3331 1 1 1 1.0
2 129509 1376 3481 1 10 0 1.0
2 65425 1379 1873 1 10 0 1.0
2 102520 1383 2576 1 10 0 1.0
2 135304 1386 2820 1 10 1 1.0
2 164157 1390 4252 1 1 0 1.0
2 164717 1390 3795 1 10 0 1.0
2 178006 1395 4359 1 1 0 1.0
2 97254 1396 2127 1 10 1 1.0
2 174813 1404 5100 1 1 0 1.0
2 171896 1409 4220 1 1 1 1.0
2 161888 1409 4580 1 1 1 1.0
2 166431 1411 3341 1 1 0 1.0
2 147377 1412 3895 1 1 0 1.0
2 114068 1415 2649 1 1 0 1.0
2 85278 1415 2457 1 10 0 1.0
2 110250 1416 3122 1 1 0 1.0
2 158571 1422 4346 1 10 1 1.0
2 60952 1422 1642 1 10 1 1.0
2 88704 1422 2176 1 1 1 1.0
2 138572 1424 2784 1 1 1 1.0
2 128093 1425 3032 1 10 0 1.0
2 128033 1426 3034 1 1 1 1.0
2 150239 1428 3446 1 10 1 1.0
2 162380 1429 4399 1 1 0 1.0
2 100847 1432 2679 1 1 1 1.0
2 165873 1434 3815 1 1 0 1.0
2 158535 1438 4492 1 1 1 1.0
2 130607 1438 3240 1 10 0 1.0
2 114330 1440 2385 1 50 1 1.0
2 129964 1441 3791 1 50 0 1.0
2 151464 1446 4062 1 1 0 1.0
2 150698 1450 4303 1 10 1 1.0
2 161510 1455 4736 1 1 1 1.0
2 67796 1456 1595 1 1 1 1.0
2 82764 1457 1931 1 10 0 1.0
2 179934 1459 5177 1 50 0 1.0
2 100715 1461 2947 1 1 1 1.0
2 73694 1462 1533 1 10 1 1.0
2 120368 1466 2411 1 1 0 1.0
2 162233 1468 3499 1 1 0 1.0
2 91358 1469 2640 1 10 1 1.0
2 64156 1473 1430 1 1 0 1.0
2 123374 1473 3283 1 1 1 1.0
2 156393 1473 4503 1 50 0 1.0
2 101654 1474 2709 1 1 1 1.0
2 151459 1475 3610 1 10 1 1.0
2 139998 1476 3642 1 1 0 1.0
2 165552 1477 4519 1 1 1 1.0
2 99740 1477 2159 1 50 0 1.0
2 162152 1486 3708 1 1 1 1.0
2 118744 1486 2662 1 10 0 1.0
2 83314 1488 1789 1 1 0 1.0
2 63261 1489 1793 1 10 1 1.0
2 152192 1492 3466 1 1 0 1.0
2 156642 1494 3838 1 1 1 1.0
2 63386 1495 1722 1 1 1 1.0
2 70641 1496 2022 1 1 0 1.0
2 95084 1496 2717 1 1 0 1.0
2 85712 1501 2091 1 1 1 1.0
2 67955 1503 1523 1 1 1 1.0
2 151606 1503 3077 1 10 1 1.0
2 60236 1506 1790 1 10 1 1.0
2 100590 1509 2532 1 10 0 1.0
2 82269 1515 2166 1 50 1 1.0
2 78397 1516 2071 1 1 0 1.0
2 175616 1518 4378 1 1 1 1.0
2 116320 1537 2402 1 50 1 1.0
2 119223 1538 3098 1 10 0 1.0
2 109085 1538 2544 1 1 0 1.0
2 175123 1539 5019 1 1 0 1.0
2 101769 1545 2881 1 10 1 1.0
2 128239 1546 2668 1 1 0 1.0
2 125127 1548 3158 1 10 0 1.0
2 141787 1549 3379 1 1 0 1.0
2 138292 1550 3003 1 50 1 1.0
2 114373 1553 2940 1 1 0 1.0
2 101571 1555 2161 1 1 0 1.0
2 179736 1561 4825 1 50 1 1.0
2 163731 1562 4228 1 10 0 1.0
2 173022 1563 4589 1 1 1 1.0
2 61117 1567 1617 1 10 0 1.0
2 88275 1568 1968 1 1 0 1.0
2 104672 1581 2532 1 10 0 1.0
2 139152 1587 3422 1 10 1 1.0
2 149546 1589 3852 1 1 1 1.0
2 114453 1591 2364 1 10 1 1.0
2 88732 1594 1848 1 1 1 1.0
2 170262 1595 5000 1 1 0 1.0
2 152310 1597 3878 1 1 0 1.0
2 154510 1598 3676 1 10 0 1.0
2 67810 1606 1780 1 1 1 1.0
2 97135 1606 2066 1 1 0 1.0
2 107029 1615 2169 1 1 1 1.0
2 154381 1617 4477 1 1 1 1.0
2 143827 1620 3404 1 1 1 1.0
2 118212 1621 2621 1 1 0 1.0
2 163008 1634 3606 1 10 0 1.0
2 155750 1636 4085 1 1 0 1.0
2 176013 1637 4855 1 1 1 1.0
2 143176 1637 3266 1 1 0 1.0
2 160850 1638 3733 1 1 0 1.0
2 91928 1641 2446 1 10 0 1.0
2 97350 1641 2110 1 1 0 1.0
2 85382 1644 1950 1 10 0 1.0
2 121233 1645 3382 1 50 0 1.0
2 128751 1645 3392 1 1 0 1.0
2 143494 1646 2928 1 1 1 1.0
2 120790 1648 3307 1 1 1 1.0
2 137099 1649 3379 1 1 1 1.0
2 62201 1651 1256 1 1 0 1.0
2 135924 1652 3892 1 10 0 1.0
2 131505 1652 3491 1 50 0 1.0
2 174693 1654 4363 1 10 1 1.0
2 159563 1663 4771 1 50 0 1.0
2 148497 1663 3893 1 10 1 1.0
2 79828 1665 2110 1 50 1 1.0
2 61586 1666 1451 1 1 0 1.0
2 104256 1674 2907 1 10 0 1.0
2 84738 1678 1898 1 10 0 1.0
2 84800 1682 2209 1 10 1 1.0
2 149742 1686 4191 1 1 0 1.0
2 150327 1689 3532 1 1 1 1.0
2 129249 1692 3477 1 10 1 1.0
2 79212 1692 1892 1 10 1 1.0
2 174034 1693 5027 1 1 0 1.0
2 133292 1693 3111 1 50 0 1.0
2 107963 1694 2495 1 1 1 1.0
2 60256 1698 1378 1 1 1 1.0
2 69673 1701 2043 1 10 0 1.0
2 89900 1703 1846 1 10 0 1.0
2 111577 1704 2527 1 10 0 1.0
2 157262 1708 4153 1 1 0 1.0
2 116475 1710 2393 1 50 1 1.0
2 175553 1711 4107 1 1 1 1.0
2 63503 1712 1589 1 50 0 1.0
2 130687 1717 3700 1 1 0 1.0
2 94303 1717 2105 1 1 0 1.0
2 100455 1718 2059 1 50 0 1.0
2 120412 1721 3003 1 1 1 1.0
2 83006 1722 1731 1 1 1 1.0
2 78798 1724 2299 1 1 0 1.0
2 165399 1724 4953 1 50 0 1.0
2 76458 1727 2116 1 1 1 1.0
2 172216 1735 4041 1 1 1 1.0
2 152824 1744 3874 1 10 1 1.0
2 69873 1744 1605 1 1 1 1.0
2 107667 1748 2715 1 1 1 1.0
2 160958 1748 3710 1 1 0 1.0
2 124036 1753 2717 1 1 1 1.0
2 145047 1756 3255 1 1 0 1.0
2 110835 1760 2307 1 1 1 1.0
2 63358 1764 1876 1 50 0 1.0
2 149385 1764 4401 1 1 0 1.0
2 162107 1770 4009 1 10 1 1.0
2 165541 1774 4128 1 1 0 1.0
2 96194 1775 2815 1 10 1 1.0
2 87003 1776 2068 1 10 1 1.0
2 166860 1777 4968 1 1 0 1.0
2 70167 1777 1928 1 1 0 1.0
2 90118 1778 2232 1 1 0 1.0
2 142675 1783 4262 1 1 1 1.0
2 179441 1784 4838 1 10 0 1.0
2 151451 1786 3668 1 1 1 1.0
2 148869 1789 3374 1 50 1 1.0
2 139273 1798 3391 1 10 1 1.0
2 71459 1798 2094 1 10 1 1.0
2 142840 1798 3968 1 1 0 1.0
2 84324 1800 2078 1 1 1 1.0
2 151846 1801 4510 1 50 0 1.0
2 179237 1804 3885 1 1 0 1.0
2 87014 1805 2219 1 10 0 1.0
2 176506 1812 5115 1 1 1 1.0
2 80677 1813 1808 1 1 1 1.0
2 82107 1817 1886 1 50 0 1.0
2 115331 1818 3393 1 10 1 1.0
2 177193 1825 4053 1 1 0 1.0
2 60585 1826 1694 1 10 1 1.0
2 139935 1832 3045 1 1 0 1.0
2 133257 1833 3567 1 1 1 1.0
2 145258 1839 4006 1 1 0 1.0
2 172503 1842 3561 1 1 0 1.0
2 94263 1845 2203 1 1 1 1.0
2 63745 1849 1866 1 1 1 1.0
2 125137 1856 3205 1 10 0 1.0
2 140229 1865 4090 1 10 1 1.0
2 83800 1866 1994 1 10 1 1.0
2 155206 1867 4601 1 1 1 1.0
2 82526 1874 1772 1 1 1 1.0
2 154527 1874 3280 1 10 0 1.0
2 96336 1882 2845 1 1 1 1.0
2 137068 1884 3716 1 10 0 1.0
2 117123 1889 2425 1 10 0 1.0
2 122998 1890 2480 1 1 1 1.0
2 166962 1891 5005 1 1 0 1.0
2 60527 1894 1268 1 10 1 1.0
2 69167 1894 1575 1 1 1 1.0
2 138029 1895 3121 1 1 0 1.0
2 60366 1897 1345 1 10 0 1.0
2 112692 1898 2544 1 1 1 1.0
2 98581 1901 2723 1 1 0 1.0
2 102635 1901 2245 1 1 0 1.0
2 82076 1901 2432 1 10 1 1.0
2 104857 1902 2401 1 50 0 1.0
2 171474 1907 4429 1 1 0 1.0
2 60251 1916 1413 1 1 0 1.0
2 126456 1919 2649 1 1 1 1.0
2 121320 1920 3495 1 1 1 1.0
2 134551 1923 3162 1 10 1 1.0
2 79630 1929 2024 1 1 0 1.0
2 91768 1929 2337 1 1 1 1.0
2 177035 1930 3970 1 1 1 1.0
2 131034 1932 3866 1 1 0 1.0
2 151657 1938 4525 1 50 0 1.0
2 152766 1943 4245 1 10 1 1.0
2 121301 1944 3407 1 10 1 1.0
2 68916 1945 1479 1 1 1 1.0
2 168893 1945 3805 1 1 0 1.0
2 80484 1946 2343 1 1 1 1.0
2 61407 1950 1373 1 1 0 1.0
2 114239 1954 2402 1 50 0 1.0
2 171999 1956 4572 1 10 0 1.0
2 144881 1958 3514 1 10 1 1.0
2 131019 1959 3557 1 10 0 1.0
2 87603 1960 2215 1 10 0 1.0
2 133073 1961 2861 1 10 0 1.0
2 71841 1962 2139 1 10 1 1.0
2 172318 1972 3630 1 10 1 1.0
2 157101 1974 3452 1 50 0 1.0
2 87624 1974 2136 1 1 0 1.0
2 114758 1974 2710 1 1 0 1.0
2 78931 1975 2092 1 1 0 1.0
2 92015 1978 1856 1 1 0 1.0
2 127182 1981 3678 1 10 0 1.0
2 127188 1984 3623 1 1 0 1.0
2 81740 1992 1764 1 10 0 1.0
2 129229 1998 3697 1 10 1 1.0
2 134135 2001 3952 1 10 1 1.0
2 70136 2001 1868 1 1 1 1.0
2 77750 2002 2112 1 1 1 1.0
2 60806 2002 1697 1 1 1 1.0
2 137762 2004 3295 1 10 0 1.0
2 138908 2005 3326 1 10 0 1.0
2 70644 2005 1885 1 1 1 1.0
2 124870 2009 3281 1 1 0 1.0
2 151078 2009 3996 1 50 1 1.0
2 164524 2010 3723 1 1 0 1.0
2 163659 2011 4877 1 50 1 1.0
2 138318 2012 2841 1 1 1 1.0
2 113161 2013 2280 1 50 1 1.0
2 69218 2018 1714 1 10 1 1.0
2 165907 2019 3435 1 50 1 1.0
2 91022 2019 2353 1 1 0 1.0
2 148066 2022 3857 1 1 1 1.0
2 149035 2036 3627 1 1 0 1.0
2 171683 2038 3519 1 10 1 1.0
2 147270 2040 3308 1 10 0 1.0
2 145045 2047 2920 1 10 1 1.0
2 91306 2050 2206 1 1 1 1.0
2 66008 2051 1412 1 1 1 1.0
2 95989 2051 2307 1 1 1 1.0
2 114380 2057 2382 1 10 1 1.0
2 137750 2059 3108 1 1 0 1.0
2 63537 2061 1807 1 10 1 1.0
2 79140 2067 1741 1 1 0 1.0
2 121216 2069 2711 1 10 0 1.0
2 136182 2071 3400 1 1 1 1.0
2 134453 2071 2974 1 10 0 1.0
2 113137 2071 3137 1 1 1 1.0
2 137175 2078 3114 1 1 0 1.0
2 117346 2078 2572 1 1 1 1.0
2 63479 2080 1494 1 1 1 1.0
2 119040 2085 2471 1 10 1 1.0
2 138207 2087 2974 1 10 0 1.0
2 68622 2087 2052 1 1 1 1.0
2 145454 2091 4233 1 50 0 1.0
2 166677 2093 4640 1 1 0 1.0
2 96907 2098 2862 1 1 0 1.0
2 174364 2100 4511 1 1 0 1.0
2 82466 2103 2167 1 10 1 1.0
2 173843 2105 3831 1 10 0 1.0
2 117637 2106 3298 1 10 0 1.0
2 143629 2106 3682 1 1 1 1.0
2 83840 2106 1929 1 1 0 1.0
2 75638 2107 1943 1 10 0 1.0
2 97502 2112 2858 1 50 0 1.0
2 159216 2113 4043 1 1 0 1.0
2 85356 2116 2343 1 10 1 1.0
2 78341 2116 1965 1 1 0 1.0
2 85814 2118 1938 1 1 1 1.0
2 60454 2118 1579 1 1 0 1.0
2 87638 2119 2586 1 10 0 1.0
2 124755 2124 3676 1 1 1 1.0
2 77004 2125 1560 1 1 1 1.0
2 133631 2125 3730 1 1 1 1.0
2 160015 2128 3908 1 1 1 1.0
2 85831 2130 1977 1 1 1 1.0
2 114024 2131 3100 1 10 0 1.0
2 84288 2131 2259 1 50 0 1.0
2 168413 2135 4197 1 50 0 1.0
2 177591 2142 4553 1 1 0 1.0
2 142170 2142 3971 1 1 1 1.0
2 105307 2144 2444 1 1 1 1.0
2 114034 2151 2367 1 1 1 1.0
2 122319 2151 2582 1 1 0 1.0
2 80272 2152 1786 1 10 1 1.0
2 160291 2154 4075 1 1 0 1.0
2 156411 2155 3467 1 1 0 1.0
2 76986 2156 2083 1 1 0 1.0
2 103757 2156 2621 1 1 1 1.0
2 80584 2156 1856 1 10 0 1.0
2 66667 2157 1937 1 1 0 1.0
2 157663 2159 3865 1 1 0 1.0
2 157440 2160 4348 1 1 0 1.0
2 138201 2164 3113 1 10 1 1.0
2 70564 2169 1521 1 1 1 1.0
2 158471 2173 3824 1 10 1 1.0
2 167711 2176 4909 1 1 1 1.0
2 65958 2177 1803 1 10 1 1.0
2 179032 2188 4408 1 1 1 1.0
2 160690 2189 4049 1 1 1 1.0
2 65283 2190 1347 1 10 1 1.0
2 179683 2190 5244 1 1 0 1.0
2 176570 2191 4207 1 50 0 1.0
2 159326 2192 3704 1 1 1 1.0
2 131442 2197 3058 1 10 1 1.0
2 145157 2199 2909 1 50 0 1.0
2 173552 2201 4562 1 10 1 1.0
2 77992 2206 2244 1 10 1 1.0
2 115995 2214 2992 1 1 0 1.0
2 79569 2214 2196 1 1 1 1.0
2 73077 2214 2042 1 50 0 1.0
2 172770 2216 3865 1 1 1 1.0
2 139091 2218 2934 1 1 1 1.0
2 176546 2218 4548 1 10 1 1.0
2 131532 2224 3800 1 50 1 1.0
2 154122 2224 3367 1 1 0 1.0
2 154210 2225 3338 1 10 0 1.0
2 66366 2233 1599 1 50 0 1.0
2 157964 2234 4608 1 1 1 1.0
2 175863 2236 3797 1 10 0 1.0
2 151312 2237 3986 1 1 0 1.0
2 157306 2239 4357 1 50 0 1.0
2 71573 2243 1521 1 1 1 1.0
2 171939 2246 4123 1 50 0 1.0
2 85282 2249 1890 1 10 1 1.0
2 132700 2249 2954 1 10 1 1.0
2 116696 2251 2982 1 10 0 1.0
2 106181 2253 2424 1 1 0 1.0
2 89917 2254 2284 1 1 1 1.0
2 174282 2258 4948 1 1 1 1.0
2 90378 2259 2668 1 1 1 1.0
2 102852 2262 3034 1 10 0 1.0
2 95103 2264 2674 1 1 0 1.0
2 113240 2265 3312 1 10 0 1.0
2 98963 2267 2445 1 10 0 1.0
2 79031 2267 1906 1 1 1 1.0
2 170185 2268 4436 1 10 1 1.0
2 98639 2271 2873 1 1 0 1.0
2 126192 2271 2626 1 10 1 1.0
2 173842 2272 4637 1 10 1 1.0
2 81429 2277 2361 1 10 0 1.0
2 121667 2278 3309 1 10 1 1.0
2 85433 2279 1880 1 1 0 1.0
2 128262 2283 3406 1 50 1 1.0
2 135310 2286 3262 1 1 1 1.0
2 124974 2291 3430 1 1 1 1.0
2 161761 2291 3596 1 1 1 1.0
2 100247 2300 2291 1 1 0 1.0
2 175123 2306 5151 1 1 0 1.0
2 71825 2307 1911 1 10 1 1.0
2 161875 2308 4697 1 10 0 1.0
2 156388 2309 4617 1 1 1 1.0
2 125335 2314 3499 1 10 0 1.0
2 171175 2318 4662 1 10 1 1.0
2 156425 2325 3729 1 1 1 1.0
2 81075 2325 2222 1 1 1 1.0
2 134444 2328 3476 1 10 1 1.0
2 164360 2329 3844 1 50 1 1.0
2 136768 2334 3894 1 50 1 1.0
2 137667 2348 3868 1 1 1 1.0
2 64336 2349 1721 1 1 1 1.0
2 151341 2349 3969 1 1 0 1.0
2 95047 2357 2829 1 10 1 1.0
2 76297 2359 1868 1 10 0 1.0
2 159690 2361 4012 1 1 1 1.0
2 113383 2368 2311 1 10 0 1.0
2 104415 2370 2774 1 1 0 1.0
2 107578 2386 2498 1 1 0 1.0
2 124879 2386 2728 1 1 0 1.0
2 91564 2387 2579 1 1 0 1.0
2 62040 2395 1505 1 10 0 1.0
2 143319 2397 3414 1 1 1 1.0
2 82250 2399 2191 1 1 0 1.0
2 115898 2402 3424 1 10 0 1.0
2 107686 2406 2256 1 10 0 1.0
2 82228 2410 2439 1 50 1 1.0
2 161887 2412 3642 1 1 0 1.0
2 155695 2412 4270 1 10 1 1.0
2 72962 2412 1909 1 10 1 1.0
2 162774 2414 4776 1 10 0 1.0
2 176726 2414 4806 1 1 0 1.0
2 65149 2416 1486 1 10 0 1.0
2 165682 2419 4003 1 1 0 1.0
2 128705 2425 3265 1 10 0 1.0
2 140110 2426 4137 1 1 1 1.0
2 104581 2427 2326 1 50 1 1.0
2 101840 2428 2882 1 10 0 1.0
2 70028 2429 1436 1 1 0 1.0
2 124391 2430 2508 1 10 1 1.0
2 109068 2434 2520 1 50 1 1.0
2 68111 2440 1617 1 50 1 1.0
2 103832 2441 2410 1 1 0 1.0
2 175542 2443 4593 1 1 1 1.0
2 174892 2447 4362 1 1 1 1.0
2 158427 2448 3703 1 1 0 1.0
2 92403 2448 2515 1 10 0 1.0
2 139576 2454 3944 1 1 1 1.0
2 73378 2455 1595 1 10 1 1.0
2 136588 2455 3916 1 1 0 1.0
2 133960 2456 3241 1 1 0 1.0
2 131453 2458 2897 1 1 0 1.0
2 66748 2458 1836 1 10 1 1.0
2 119548 2460 2633 1 10 1 1.0
2 149727 2460 3662 1 1 0 1.0
2 175409 2465 4252 1 10 0 1.0
2 120963 2467 3161 1 50 0 1.0
2 89277 2472 2037 1 1 1 1.0
2 79001 2473 2098 1 1 0 1.0
2 76117 2475 1535 1 1 0 1.0
2 135739 2479 2960 1 1 1 1.0
2 117956 2482 3083 1 50 1 1.0
2 172659 2483 4263 1 1 0 1.0
2 173287 2483 3495 1 1 0 1.0
2 154396 2488 3437 1 1 0 1.0
2 145517 2491 3044 1 1 1 1.0
2 177883 2491 4364 1 10 1 1.0
2 101898 2491 2914 1 1 1 1.0
2 86109 2492 2316 1 10 0 1.0
2 179915 2493 3717 1 1 1 1.0
2 146670 2494 3148 1 1 1 1.0
2 83035 2498 1927 1 1 0 1.0
2 161119 2502 4127 1 1 1 1.0
2 66901 2502 1648 1 1 0 1.0
2 150259 2504 3927 1 1 1 1.0
2 169821 2510 4838 1 1 1 1.0
2 71178 2511 2091 1 1 1 1.0
2 149606 2514 3829 1 1 0 1.0
2 171159 2520 3951 1 1 1 1.0
2 126807 2520 2612 1 10 1 1.0
2 166236 2522 3659 1 1 1 1.0
2 135392 2522 3885 1 1 0 1.0
2 117026 2526 2530 1 50 0 1.0
2 126400 2528 3033 1 50 1 1.0
2 167233 2531 3629 1 1 0 1.0
2 127149 2536 2724 1 10 1 1.0
2 136599 2538 4092 1 10 1 1.0
2 172073 2544 3936 1 10 0 1.0
2 134035 2544 3414 1 50 0 1.0
2 137999 2548 3086 1 1 0 1.0
2 131913 2548 2890 1 1 0 1.0
2 100076 2550 2509 1 1 1 1.0
2 144486 2551 4115 1 1 1 1.0
2 136829 2553 3835 1 1 0 1.0
2 121798 2558 2851 1 1 0 1.0
2 139960 2560 3087 1 10 1 1.0
2 112051 2561 3249 1 1 0 1.0
2 168433 2561 3439 1 1 1 1.0
2 140522 2563 3437 1 1 1 1.0
2 93083 2566 2480 1 1 0 1.0
2 130467 2570 3070 1 1 1 1.0
2 140782 2570 3697 1 1 1 1.0
2 141158 2571 3350 1 1 1 1.0
2 66876 2571 1479 1 1 1 1.0
2 88588 2578 2412 1 10 1 1.0
2 129856 2580 3363 1 10 1 1.0
2 109029 2580 2955 1 10 0 1.0
2 116814 2580 3375 1 10 1 1.0
2 139100 2581 3788 1 1 1 1.0
2 79061 2585 2322 1 10 1 1.0
2 135322 2585 3957 1 1 1 1.0
2 118306 2589 3159 1 10 0 1.0
2 60904 2595 1585 1 1 0 1.0
2 174214 2596 3537 1 1 0 1.0
2 110739 2596 2378 1 1 0 1.0
2 62098 2598 1399 1 10 0 1.0
2 86157 2600 1858 1 1 0 1.0
2 116736 2602 2907 1 1 1 1.0
2 109634 2603 3180 1 1 1 1.0
2 134848 2604 3089 1 50 0 1.0
2 176029 2608 4933 1 10 0 1.0
2 68492 2608 1392 1 10 1 1.0
2 125618 2614 2719 1 10 1 1.0
2 139931 2621 3815 1 10 0 1.0
2 167783 2621 4108 1 1 1 1.0
2 161594 2622 3467 1 1 0 1.0
2 136586 2622 2963 1 1 1 1.0
2 85067 2626 2472 1 1 0 1.0
2 136487 2626 3990 1 1 1 1.0
2 127008 2628 3152 1 1 1 1.0
2 163456 2628 3281 1 1 1 1.0
2 149321 2630 3305 1 1 1 1.0
2 110135 2633 3081 1 50 0 1.0
2 105177 2636 2736 1 1 1 1.0
2 133491 2643 3064 1 1 0 1.0
2 109198 2643 2923 1 1 1 1.0
2 74545 2645 2223 1 10 0 1.0
2 149718 2645 3008 1 1 1 1.0
2 163542 2646 4268 1 1 1 1.0
2 133527 2647 3430 1 1 0 1.0
2 118951 2649 2899 1 1 0 1.0
2 170838 2649 4933 1 1 0 1.0
2 139411 2650 4019 1 1 1 1.0
2 70234 2655 2095 1 1 1 1.0
2 103052 2658 2394 1 10 0 1.0
2 141062 2660 4072 1 50 1 1.0
2 67022 2662 1613 1 10 1 1.0
2 94549 2671 2287 1 10 0 1.0
2 173457 2673 3969 1 1 1 1.0
2 169797 2674 5076 1 1 0 1.0
2 113152 2680 3214 1 10 1 1.0
2 171909 2680 3971 1 10 0 1.0
2 141830 2680 3342 1 1 0 1.0
2 91813 2681 2288 1 1 0 1.0
2 113834 2684 3231 1 1 1 1.0
2 138648 2689 3776 1 1 1 1.0
2 156100 2693 3588 1 50 0 1.0
2 137063 2697 3304 1 1 0 1.0
2 109589 2697 3269 1 1 1 1.0
2 110124 2698 2255 1 1 0 1.0
2 143651 2701 3686 1 10 0 1.0
2 84708 2705 1743 1 1 1 1.0
2 101882 2706 3019 1 1 1 1.0
2 144272 2706 4217 1 10 0 1.0
2 125247 2707 3310 1 50 0 1.0
2 94543 2708 1923 1 1 1 1.0
2 167440 2711 3671 1 10 1 1.0
2 146338 2712 3430 1 1 1 1.0
2 171702 2713 4295 1 1 1 1.0
2 80802 2716 1927 1 1 0 1.0
2 95468 2718 2243 1 1 0 1.0
2 167284 2719 4686 1 1 0 1.0
2 163313 2720 3965 1 1 0 1.0
2 128412 2726 3493 1 50 0 1.0
2 108208 2728 2618 1 1 1 1.0
2 111984 2730 3070 1 1 0 1.0
2 134461 2731 2893 1 10 0 1.0
2 147256 2734 4211 1 10 1 1.0
2 139283 2737 3790 1 1 1 1.0
2 102363 2738 2339 1 1 1 1.0
2 72583 2740 1654 1 1 0 1.0
2 152464 2741 3135 1 1 0 1.0
2 69720 2743 1488 1 10 1 1.0
2 112887 2743 3179 1 1 0 1.0
2 159290 2744 3411 1 10 0 1.0
2 168980 2758 4234 1 1 0 1.0
2 77832 2759 1595 1 10 1 1.0
2 119655 2759 2743 1 1 0 1.0
2 136841 2763 3195 1 10 1 1.0
2 93393 2763 2318 1 10 1 1.0
2 128414 2764 3343 1 10 0 1.0
2 113830 2764 3164 1 1 1 1.0
2 155767 2768 3605 1 1 1 1.0
2 72987 2771 1634 1 1 1 1.0
2 153856 2773 3165 1 10 1 1.0
2 89744 2775 1864 1 1 0 1.0
2 100644 2778 2389 1 1 0 1.0
2 107926 2779 2369 1 10 1 1.0
2 90283 2780 2257 1 1 0 1.0
2 179085 2786 4448 1 10 0 1.0
2 67243 2788 1716 1 1 0 1.0
2 99408 2793 2157 1 1 0 1.0
2 121541 2795 2896 1 10 1 1.0
2 102615 2798 2670 1 1 0 1.0
2 130050 2798 2697 1 10 0 1.0
2 168268 2798 5019 1 10 0 1.0
2 171268 2804 4699 1 50 0 1.0
2 144686 2808 3449 1 1 0 1.0
2 166149 2811 4730 1 1 0 1.0
2 62801 2812 1707 1 1 1 1.0
2 107725 2814 2705 1 10 0 1.0
2 109950 2816 2723 1 1 1 1.0
2 168416 2816 4540 1 10 0 1.0
2 73597 2817 1705 1 10 0 1.0
2 161648 2822 4639 1 1 1 1.0
2 176386 2831 3636 1 50 0 1.0
2 89962 2835 2355 1 10 1 1.0
2 175435 2837 3552 1 10 0 1.0
2 149518 2841 3104 1 1 1 1.0
2 81717 2841 2079 1 1 1 1.0
2 92997 2844 1938 1 1 1 1.0
2 119140 2844 2606 1 1 1 1.0
2 62299 2846 1592 1 50 1 1.0
2 145602 2848 2965 1 50 0 1.0
2 134457 2851 2915 1 50 0 1.0
2 135356 2853 3587 1 1 0 1.0
2 153374 2853 3762 1 10 1 1.0
2 78905 2854 2122 1 1 1 1.0
2 178198 2855 4747 1 50 1 1.0
2 136101 2856 3357 1 1 1 1.0
2 136519 2863 3626 1 1 0 1.0
2 171362 2865 3510 1 1 1 1.0
2 114764 2866 2780 1 10 0 1.0
2 171750 2869 4141 1 1 1 1.0
2 158224 2872 4660 1 10 1 1.0
2 149662 2875 3167 1 1 1 1.0
2 166409 2877 3559 1 10 0 1.0
2 126763 2879 3756 1 1 0 1.0
2 60099 2887 1774 1 1 0 1.0
2 167374 2893 4805 1 1 1 1.0
2 100295 2895 2529 1 1 1 1.0
2 72280 2896 2034 1 1 1 1.0
2 155311 2898 3386 1 10 1 1.0
2 72378 2898 2050 1 1 1 1.0
2 153291 2903 4133 1 1 1 1.0
2 136305 2903 3217 1 10 1 1.0
2 167876 2905 3424 1 1 1 1.0
2 157239 2905 4064 1 50 1 1.0
2 173853 2906 4613 1 1 1 1.0
2 104314 2908 2208 1 1 1 1.0
2 176776 2912 5218 1 10 1 1.0
2 121755 2917 3283 1 1 0 1.0
2 91038 2919 2289 1 10 1 1.0
2 74316 2919 1574 1 1 1 1.0
2 60386 2924 1435 1 1 0 1.0
2 121602 2927 3102 1 10 1 1.0
2 166866 2936 3990 1 1 0 1.0
2 156101 2937 3333 1 1 1 1.0
2 105227 2938 2803 1 1 0 1.0
2 160278 2944 4541 1 1 0 1.0
2 118428 2947 2372 1 1 1 1.0
2 132132 2947 3525 1 1 1 1.0
2 150969 2948 3295 1 10 1 1.0
2 139559 2949 3383 1 1 1 1.0
2 126119 2952 3601 1 10 0 1.0
2 130117 2952 3722 1 1 1 1.0
2 80873 2953 2390 1 1 1 1.0
2 128458 2954 3310 1 1 0 1.0
2 62841 2957 1857 1 1 1 1.0
2 64334 2957 1407 1 1 1 1.0
2 68500 2960 1941 1 1 1 1.0
2 137675 2961 3752 1 10 1 1.0
2 102237 2962 2598 1 1 0 1.0
2 100123 2963 2113 1 1 0 1.0
2 153629 2966 4004 1 10 1 1.0
2 118004 2966 2690 1 50 1 1.0
2 92445 2973 2175 1 1 0 1.0
2 179937 2977 4711 1 10 0 1.0
2 143080 2979 3299 1 1 0 1.0
2 169555 2980 3847 1 1 0 1.0
2 66918 2981 1990 1 1 0 1.0
2 126137 2981 3157 1 1 0 1.0
2 103135 2982 2287 1 10 1 1.0
2 160659 2991 4434 1 10 1 1.0
2 126173 2994 2612 1 1 1 1.0
2 98965 2995 2864 1 1 1 1.0
2 122213 2996 3004 1 1 0 1.0
2 161876 2997 4128 1 10 1 1.0
2 170513 3000 4249 1 10 0 1.0
2 106001 3001 2827 1 10 0 1.0
2 118537 3003 2649 1 1 1 1.0
2 76456 3005 2090 1 1 1 1.0
2 154738 3006 4513 1 1 1 1.0
2 98521 3011 2198 1 1 0 1.0
2 147276 3011 4211 1 1 0 1.0
2 152143 3011 3105 1 1 0 1.0
2 99479 3015 2750 1 50 1 1.0
2 136799 3016 2788 1 10 0 1.0
2 150211 3020 3310 1 10 1 1.0
2 152254 3022 4071 1 50 0 1.0
2 92384 3024 2219 1 1 0 1.0
2 126966 3025 2955 1 1 0 1.0
2 77151 3028 1546 1 10 1 1.0
2 71633 3030 1501 1 1 0 1.0
2 126437 3031 3055 1 10 1 1.0
2 76637 3039 1847 1 1 1 1.0
2 116002 3039 2512 1 1 1 1.0
2 130908 3041 3175 1 10 0 1.0
2 148900 3042 4052 1 1 1 1.0
2 74242 3043 1596 1 1 1 1.0
2 134779 3043 3048 1 10 1 1.0
2 132559 3050 3412 1 1 1 1.0
2 108780 3052 3072 1 10 1 1.0
2 132559 3056 3424 1 1 1 1.0
2 65903 3058 1942 1 1 1 1.0
2 104941 3060 2721 1 10 0 1.0
2 87406 3062 2324 1 1 0 1.0
2 144553 3064 3664 1 1 0 1.0
2 159856 3073 3709 1 1 1 1.0
2 76137 3077 2263 1 10 0 1.0
2 117868 3078 2948 1 1 1 1.0
2 173096 3083 3812 1 1 1 1.0
2 67405 3090 1708 1 1 1 1.0
2 135940 3092 3846 1 10 1 1.0
2 74641 3093 1987 1 1 0 1.0
2 163555 3095 3594 1 10 1 1.0
2 71582 3100 1521 1 50 1 1.0
2 117687 3106 2799 1 10 1 1.0
2 171432 3112 4746 1 10 1 1.0
2 110017 3113 2743 1 1 1 1.0
2 67715 3121 1757 1 10 1 1.0
2 61159 3125 1439 1 1 1 1.0
2 150926 3125 4101 1 1 1 1.0
2 78833 3132 1718 1 1 0 1.0
2 118572 3134 3202 1 1 1 1.0
2 92992 3137 2754 1 10 1 1.0
2 122418 3137 2570 1 1 1 1.0
2 64804 3138 1372 1 10 0 1.0
2 176882 3148 4714 1 1 0 1.0
2 160382 3149 3622 1 1 1 1.0
2 114124 3154 2484 1 1 0 1.0
2 169233 3164 4095 1 1 1 1.0
2 95483 3166 2349 1 1 0 1.0
2 72433 3167 2153 1 1 1 1.0
2 85688 3167 2320 1 50 1 1.0
2 147941 3178 3470 1 1 0 1.0
2 146447 3179 3664 1 1 1 1.0
2 84262 3180 1886 1 10 1 1.0
2 145933 3181 3034 1 1 0 1.0
2 99599 3181 2017 1 10 0 1.0
2 146086 3181 3868 1 50 0 1.0
2 143366 3187 3045 1 1 0 1.0
2 171012 3191 4262 1 1 1 1.0
2 79513 3191 2093 1 1 1 1.0
2 112700 3194 2636 1 1 1 1.0
2 123873 3195 3544 1 10 1 1.0
2 103733 3195 2119 1 1 1 1.0
2 65202 3197 1668 1 10 0 1.0
2 120603 3199 2464 1 50 1 1.0
2 134610 3204 3230 1 1 1 1.0
2 146858 3205 3555 1 10 0 1.0
2 88138 3207 2590 1 50 1 1.0
2 100733 3210 2614 1 1 1 1.0
2 166772 3214 4089 1 1 0 1.0
2 173683 3216 3884 1 1 0 1.0
2 134948 3216 3561 1 1 0 1.0
2 164347 3216 4744 1 50 0 1.0
2 150188 3219 4323 1 1 0 1.0
2 156954 3229 3854 1 1 1 1.0
2 141552 3229 3537 1 10 1 1.0
2 89663 3231 2322 1 1 1 1.0
2 125949 3232 2865 1 1 0 1.0
2 72022 3235 1665 1 1 0 1.0
2 144448 3240 4020 1 1 0 1.0
2 141304 3242 4166 1 50 0 1.0
2 111375 3251 3056 1 10 1 1.0
2 163011 3251 3636 1 10 1 1.0
2 159285 3252 3275 1 50 0 1.0
2 119355 3254 2496 1 1 0 1.0
2 164154 3256 4046 1 10 1 1.0
2 105216 3258 3046 1 1 0 1.0
2 118174 3260 2395 1 10 1 1.0
2 145141 3263 3168 1 1 0 1.0
2 151900 3263 4294 1 10 0 1.0
2 69126 3264 1586 1 10 0 1.0
2 172385 3269 4714 1 1 1 1.0
2 103769 3269 2587 1 1 0 1.0
2 105921 3277 2131 1 1 1 1.0
2 102339 3277 2494 1 1 1 1.0
2 152774 3288 4241 1 1 1 1.0
2 121548 3288 3444 1 10 1 1.0
2 141069 3289 3642 1 1 0 1.0
2 68965 3290 1581 1 10 1 1.0
2 98582 3293 2285 1 1 0 1.0
2 67686 3296 1405 1 10 0 1.0
2 134322 3297 2762 1 1 0 1.0
2 169684 3297 3800 1 1 0 1.0
2 159580 3302 4767 1 10 0 1.0
2 160250 3307 4354 1 1 1 1.0
2 98170 3310 2799 1 10 1 1.0
2 60316 3310 1316 1 1 0 1.0
2 99938 3312 2065 1 1 0 1.0
2 152675 3314 3478 1 1 0 1.0
2 107687 3317 2180 1 1 1 1.0
2 132095 3320 3548 1 1 0 1.0
2 90679 3321 2086 1 1 0 1.0
2 147038 3326 3962 1 1 1 1.0
2 153257 3327 4451 1 10 0 1.0
2 76602 3333 1587 1 1 0 1.0
2 98866 3335 2603 1 1 0 1.0
2 162276 3336 3461 1 1 0 1.0
2 153713 3337 3550 1 10 0 1.0
2 98566 3340 2854 1 10 0 1.0
2 81874 3343 2294 1 10 0 1.0
2 159975 3346 4234 1 1 1 1.0
2 121434 3349 2813 1 1 0 1.0
2 67775 3350 1930 1 10 0 1.0
2 171434 3351 3863 1 1 0 1.0
2 136703 3352 4058 1 1 1 1.0
2 176813 3357 4482 1 10 1 1.0
2 94551 3359 2653 1 1 0 1.0
2 118979 3359 2633 1 1 0 1.0
2 174792 3359 4772 1 1 1 1.0
2 108775 3359 2663 1 1 1 1.0
2 147241 3361 4032 1 10 0 1.0
2 100415 3361 2705 1 10 1 1.0
2 111811 3363 2987 1 10 0 1.0
2 173545 3364 4312 1 10 1 1.0
2 77107 3364 1580 1 1 1 1.0
2 88085 3365 1762 1 1 0 1.0
2 68847 3367 2038 1 50 0 1.0
2 74121 3370 2173 1 1 1 1.0
2 123585 3373 2770 1 1 1 1.0
2 164164 3377 4438 1 1 1 1.0
2 77330 3378 1941 1 1 0 1.0
2 72510 3378 1731 1 1 1 1.0
2 122914 3379 3501 1 10 1 1.0
2 122243 3379 2589 1 50 1 1.0
2 124927 3383 2753 1 1 0 1.0
2 177013 3383 5081 1 1 0 1.0
2 132565 3388 3648 1 1 0 1.0
2 141886 3390 4109 1 1 0 1.0
2 76761 3391 1948 1 1 0 1.0
2 99004 3391 2795 1 1 0 1.0
2 175916 3391 4038 1 1 1 1.0
2 113764 3393 3142 1 1 1 1.0
2 69739 3394 2028 1 1 0 1.0
2 115344 3396 3373 1 1 1 1.0
2 158331 3397 3220 1 10 1 1.0
2 164248 3397 4111 1 50 0 1.0
2 76425 3399 1929 1 50 0 1.0
2 101011 3401 2970 1 1 0 1.0
2 172166 3402 4730 1 1 1 1.0
2 74498 3404 1727 1 1 1 1.0
2 152474 3404 3403 1 1 0 1.0
2 129337 3404 3332 1 10 0 1.0
2 109050 3406 2604 1 1 1 1.0
2 120764 3408 2580 1 1 1 1.0
2 150199 3409 3820 1 1 0 1.0
2 129937 3411 3699 1 10 1 1.0
2 161669 3414 3567 1 1 1 1.0
2 123524 3418 3091 1 50 0 1.0
2 99384 3419 2187 1 1 0 1.0
2 75213 3420 1761 1 1 1 1.0
2 114173 3422 3211 1 1 1 1.0
2 105861 3426 2429 1 10 0 1.0
2 111105 3428 2252 1 50 0 1.0
2 78234 3430 2090 1 10 1 1.0
2 157346 3432 4364 1 10 0 1.0
2 71037 3434 1895 1 1 0 1.0
2 102709 3438 2367 1 50 1 1.0
2 169170 3438 4229 1 1 0 1.0
2 93654 3440 1972 1 1 0 1.0
2 132099 3444 3416 1 1 1 1.0
2 95518 3446 2444 1 1 0 1.0
2 77119 3449 2272 1 10 1 1.0
2 127785 3451 3637 1 1 1 1.0
2 74773 3455 1670 1 10 1 1.0
2 78947 3456 2300 1 1 0 1.0
2 144260 3463 3874 1 1 1 1.0
2 117085 3463 2619 1 10 0 1.0
2 177636 3464 4141 1 1 1 1.0
2 154303 3465 3901 1 50 0 1.0
2 81578 3466 1876 1 10 0 1.0
2 153577 3467 3204 1 1 0 1.0
2 125017 3467 3650 1 1 0 1.0
2 90415 3468 2236 1 10 0 1.0
2 145335 3470 3891 1 1 1 1.0
2 71796 3476 1860 1 1 0 1.0
2 85156 3477 2312 1 1 0 1.0
2 95903 3478 2196 1 10 0 1.0
2 103542 3479 2847 1 1 1 1.0
2 136450 3480 2758 1 1 0 1.0
2 117925 3480 2413 1 10 1 1.0
2 114922 3481 2436 1 10 0 1.0
2 83820 3481 1871 1 10 0 1.0
2 168264 3483 4089 1 1 1 1.0
2 167510 3483 4917 1 1 1 1.0
2 65598 3484 1342 1 10 0 1.0
2 165513 3486 4340 1 1 1 1.0
2 146505 3487 3205 1 1 1 1.0
2 65870 3487 1703 1 1 0 1.0
2 87630 3492 2056 1 1 1 1.0
2 153842 3501 3968 1 10 0 1.0
2 111850 3504 2919 1 1 0 1.0
2 82430 3507 1780 1 10 1 1.0
2 135784 3508 2990 1 10 0 1.0
2 139243 3512 2997 1 10 1 1.0
2 179401 3514 4310 1 1 1 1.0
2 112958 3515 3362 1 1 0 1.0
2 101296 3516 2593 1 50 1 1.0
2 119938 3520 3328 1 10 1 1.0
2 113101 3523 2313 1 10 1 1.0
2 101793 3525 2677 1 1 0 1.0
2 154586 3527 4257 1 1 1 1.0
2 128118 3533 2938 1 10 1 1.0
2 69282 3534 1743 1 1 0 1.0
2 68457 3536 1641 1 10 0 1.0
2 167019 3544 3677 1 1 0 1.0
2 92700 3544 2203 1 50 0 1.0
2 173894 3544 3508 1 1 1 1.0
2 118970 3545 2491 1 1 1 1.0
2 75847 3547 1549 1 10 0 1.0
2 77536 3547 2018 1 10 1 1.0
2 148268 3549 3346 1 1 0 1.0
2 126711 3549 3333 1 1 0 1.0
2 143727 3550 3352 1 1 1 1.0
2 145497 3551 3740 1 1 1 1.0
2 72910 3555 1961 1 1 0 1.0
2 87850 3557 2506 1 1 1 1.0
2 71365 3558 1677 1 1 0 1.0
2 171782 3559 3837 1 10 0 1.0
2 173241 3559 4705 1 10 1 1.0
2 148566 3559 3075 1 1 1 1.0
2 68377 3560 1434 1 10 0 1.0
2 106606 3561 2356 1 10 0 1.0
2 93073 3562 2259 1 1 0 1.0
2 145133 3570 3450 1 1 0 1.0
2 103565 3575 2415 1 10 0 1.0
2 140998 3576 3810 1 10 1 1.0
2 169664 3576 4642 1 10 1 1.0
2 70458 3587 1773 1 10 1 1.0
2 175537 3587 4605 1 1 0 1.0
2 103606 3589 2960 1 1 1 1.0
2 138890 3589 3438 1 1 0 1.0
2 147405 3591 3734 1 10 0 1.0
2 100877 3591 2964 1 1 1 1.0
2 158624 3592 4116 1 1 1 1.0
2 90598 3593 2003 1 10 1 1.0
2 140038 3593 2854 1 1 1 1.0
2 120056 3597 2635 1 1 1 1.0
