1500
3 94649 3 1963 1 1 0 0.8
3 74827 6 1561 1 1 1 0.8
3 142468 7 3440 1 10 0 0.8
3 112818 8 3280 1 1 1 0.8
3 141630 8 3695 1 10 0 0.8
3 62093 9 1272 1 10 1 0.8
3 84190 11 2206 1 1 1 0.8
3 94237 13 1929 1 10 0 0.8
3 151885 14 3187 1 1 1 0.8
3 161190 18 4649 1 1 0 0.8
3 154125 34 3900 1 1 1 0.8
3 100597 35 2017 1 10 0 0.8
3 170131 35 4056 1 1 0 0.8
3 179821 38 4253 1 1 0 0.8
3 150464 47 4084 1 1 0 0.8
3 178096 48 3686 1 1 1 0.8
3 173143 60 5165 1 1 0 0.8
3 120571 65 3307 1 1 0 0.8
3 148283 69 4252 1 1 0 0.8
3 115414 69 2568 1 1 0 0.8
3 101068 71 2366 1 1 1 0.8
3 76883 75 1983 1 1 0 0.8
3 65760 76 1359 1 1 0 0.8
3 97640 79 2737 1 1 1 0.8
3 130632 80 2777 1 1 1 0.8
3 177674 84 3667 1 1 1 0.8
3 157810 87 4685 1 1 0 0.8
3 96662 89 2787 1 10 0 0.8
3 76907 91 2026 1 50 0 0.8
3 64821 91 1530 1 1 0 0.8
3 87675 92 2462 1 1 0 0.8
3 95892 93 2501 1 1 1 0.8
3 122528 95 3179 1 1 0 0.8
3 83344 96 2217 1 10 0 0.8
3 146559 97 3971 1 1 1 0.8
3 155409 100 3431 1 1 1 0.8
3 120064 102 3570 1 10 0 0.8
3 83121 104 1951 1 1 0 0.8
3 125695 104 3090 1 10 0 0.8
3 137019 106 3999 1 10 0 0.8
3 152646 108 3364 1 10 1 0.8
3 75101 108 2151 1 10 0 0.8
3 149081 112 3756 1 1 1 0.8
3 91859 117 2402 1 10 1 0.8
3 140079 117 3061 1 1 0 0.8
3 75388 118 1794 1 1 0 0.8
3 71327 118 1444 1 1 0 0.8
3 134166 118 3179 1 10 0 0.8
3 171126 119 5011 1 1 0 0.8
3 105248 120 2877 1 1 1 0.8
3 135076 123 3972 1 1 1 0.8
3 93539 124 2264 1 10 0 0.8
3 171350 125 4425 1 1 0 0.8
3 133031 130 3357 1 1 0 0.8
3 106904 132 3202 1 10 0 0.8
3 118717 134 2451 1 1 0 0.8
3 144323 135 3230 1 1 1 0.8
3 65188 140 1440 1 1 0 0.8
3 152856 144 4378 1 1 1 0.8
3 161245 144 4620 1 10 1 0.8
3 164310 144 4498 1 10 0 0.8
3 134477 154 3226 1 1 0 0.8
3 166112 160 4454 1 10 1 0.8
3 63617 163 1467 1 1 0 0.8
3 64769 164 1552 1 50 0 0.8
3 66170 166 1331 1 10 0 0.8
3 137123 170 3524 1 10 0 0.8
3 78375 170 2237 1 10 0 0.8
3 64409 172 1574 1 1 1 0.8
3 133699 173 3672 1 1 0 0.8
3 144783 174 3774 1 10 0 0.8
3 161739 177 3915 1 1 1 0.8
3 179877 177 4503 1 10 0 0.8
3 83328 178 1777 1 10 0 0.8
3 85782 187 2208 1 1 0 0.8
3 159748 188 4685 1 1 0 0.8
3 90395 189 2086 1 1 1 0.8
3 118155 191 2409 1 1 0 0.8
3 125027 197 3504 1 1 0 0.8
3 116827 204 2658 1 10 1 0.8
3 118039 211 2416 1 1 1 0.8
3 155508 211 3497 1 1 0 0.8
3 77322 212 2125 1 10 1 0.8
3 76297 215 1556 1 1 0 0.8
3 80988 216 1636 1 1 1 0.8
3 134498 217 3606 1 10 1 0.8
3 171839 223 4937 1 1 0 0.8
3 120980 224 2830 1 1 0 0.8
3 163616 225 4703 1 10 0 0.8
3 126395 232 2883 1 1 0 0.8
3 138625 233 3534 1 1 0 0.8
3 84032 234 1704 1 10 0 0.8
3 103809 234 2088 1 10 0 0.8
3 136416 235 3702 1 1 1 0.8
3 167430 236 4503 1 10 1 0.8
3 169926 240 3773 1 50 0 0.8
3 125800 242 2910 1 10 1 0.8
3 132520 243 2879 1 1 1 0.8
3 77673 244 1562 1 1 0 0.8
3 158568 251 3199 1 1 0 0.8
3 61397 252 1645 1 10 1 0.8
3 67376 254 1913 1 1 0 0.8
3 90290 255 1841 1 1 0 0.8
3 78567 256 2350 1 1 1 0.8
3 166571 258 3793 1 1 1 0.8
3 121553 261 3013 1 1 1 0.8
3 125228 262 2842 1 1 0 0.8
3 128257 265 2596 1 1 0 0.8
3 77202 266 2213 1 1 0 0.8
3 172749 267 3614 1 1 0 0.8
3 144772 269 3375 1 1 1 0.8
3 112266 276 2762 1 1 1 0.8
3 77553 277 2277 1 1 1 0.8
3 137952 286 3372 1 1 1 0.8
3 178319 287 5342 1 50 1 0.8
3 118036 288 3509 1 1 0 0.8
3 137024 295 3510 1 10 0 0.8
3 116806 299 2667 1 1 0 0.8
3 72736 300 2018 1 50 0 0.8
3 128626 302 3599 1 1 0 0.8
3 158210 303 3695 1 1 1 0.8
3 167975 303 4544 1 1 0 0.8
3 121399 304 2570 1 1 1 0.8
3 158138 305 3274 1 10 1 0.8
3 101659 314 2920 1 10 0 0.8
3 132953 316 2676 1 1 0 0.8
3 165033 320 4560 1 10 1 0.8
3 154513 324 3655 1 1 1 0.8
3 75672 325 2027 1 50 0 0.8
3 174637 325 3668 1 1 1 0.8
3 95050 327 2545 1 1 1 0.8
3 73139 327 1832 1 1 1 0.8
3 112128 328 2652 1 10 1 0.8
3 104482 331 2370 1 1 1 0.8
3 128975 331 2863 1 1 1 0.8
3 125086 332 2909 1 1 1 0.8
3 99208 332 2466 1 1 0 0.8
3 129257 337 3706 1 1 1 0.8
3 141527 341 3927 1 50 0 0.8
3 117389 343 2788 1 1 1 0.8
3 62384 345 1765 1 10 0 0.8
3 136997 345 3740 1 1 1 0.8
3 178192 346 4725 1 1 0 0.8
3 146017 348 4126 1 10 0 0.8
3 118629 349 3166 1 10 1 0.8
3 179230 358 4751 1 10 0 0.8
3 60503 360 1597 1 1 0 0.8
3 112874 363 2697 1 10 0 0.8
3 171202 367 5008 1 1 1 0.8
3 101537 368 2311 1 1 0 0.8
3 65365 370 1824 1 1 0 0.8
3 97962 370 2584 1 50 1 0.8
3 148484 371 4270 1 10 0 0.8
3 107027 373 2845 1 1 0 0.8
3 150937 375 3683 1 10 0 0.8
3 77202 378 1768 1 50 0 0.8
3 130307 389 3654 1 1 0 0.8
3 152668 391 3797 1 10 1 0.8
3 96152 394 2828 1 10 1 0.8
3 77422 399 2095 1 1 0 0.8
3 159649 400 3230 1 1 0 0.8
3 144792 404 4325 1 10 0 0.8
3 154129 407 3651 1 1 0 0.8
3 116152 410 2550 1 10 0 0.8
3 103585 412 2707 1 1 1 0.8
3 107874 414 3101 1 1 0 0.8
3 161943 416 4005 1 1 0 0.8
3 72400 417 2138 1 1 0 0.8
3 117870 419 3009 1 1 1 0.8
3 97398 420 2637 1 50 1 0.8
3 99543 421 2750 1 10 1 0.8
3 85804 424 2538 1 50 0 0.8
3 153343 425 3960 1 1 1 0.8
3 119996 427 3076 1 1 1 0.8
3 163250 429 4592 1 10 0 0.8
3 86570 430 1777 1 10 0 0.8
3 128022 431 3670 1 1 0 0.8
3 175110 434 4105 1 1 0 0.8
3 79334 435 2232 1 1 0 0.8
3 168088 445 3980 1 1 0 0.8
3 71983 447 2005 1 50 1 0.8
3 104652 448 2363 1 1 0 0.8
3 176774 448 3592 1 1 0 0.8
3 150868 453 3439 1 1 0 0.8
3 172898 454 4673 1 1 1 0.8
3 155906 455 3859 1 1 1 0.8
3 112060 457 3304 1 1 0 0.8
3 172261 463 4267 1 1 0 0.8
3 140040 464 3087 1 1 0 0.8
3 71720 465 1740 1 10 0 0.8
3 166662 466 4205 1 1 1 0.8
3 90408 469 2554 1 50 0 0.8
3 145466 469 4106 1 1 1 0.8
3 83848 469 1993 1 10 1 0.8
3 155681 470 3726 1 10 1 0.8
3 93727 473 2107 1 1 0 0.8
3 87481 475 1866 1 10 1 0.8
3 121855 477 3563 1 1 0 0.8
3 144299 479 2940 1 1 0 0.8
3 121063 480 2894 1 10 1 0.8
3 96067 485 2797 1 1 1 0.8
3 125497 486 3318 1 10 0 0.8
3 110417 487 2498 1 1 0 0.8
3 104323 491 2800 1 1 1 0.8
3 137369 492 3179 1 1 0 0.8
3 81556 493 1946 1 10 0 0.8
3 117964 500 3480 1 10 0 0.8
3 152900 503 3623 1 1 0 0.8
3 172868 503 3816 1 1 0 0.8
3 160841 505 3896 1 1 1 0.8
3 108674 514 2428 1 1 0 0.8
3 118819 518 3549 1 10 0 0.8
3 110324 519 2866 1 1 0 0.8
3 138578 519 4055 1 1 0 0.8
3 64073 524 1315 1 10 1 0.8
3 116449 528 3391 1 1 1 0.8
3 109032 532 2550 1 50 0 0.8
3 109872 534 3161 1 10 0 0.8
3 70099 534 1889 1 1 1 0.8
3 175248 534 4819 1 1 1 0.8
3 161595 534 4605 1 50 1 0.8
3 93750 535 2055 1 1 1 0.8
3 72582 541 2085 1 10 1 0.8
3 147785 541 3862 1 10 1 0.8
3 165711 544 4223 1 1 0 0.8
3 159387 550 3372 1 1 0 0.8
3 179103 552 4506 1 1 0 0.8
3 177608 552 4477 1 1 0 0.8
3 128119 554 3109 1 10 0 0.8
3 87829 558 2178 1 1 1 0.8
3 134791 559 3769 1 1 0 0.8
3 160887 560 4589 1 1 1 0.8
3 118036 560 3131 1 10 1 0.8
3 139441 565 4060 1 1 1 0.8
3 147634 569 4268 1 1 0 0.8
3 78762 569 2349 1 1 0 0.8
3 70723 570 1644 1 1 0 0.8
3 100863 570 2351 1 1 1 0.8
3 66759 574 1366 1 1 1 0.8
3 172632 577 4504 1 1 1 0.8
3 63872 577 1510 1 1 0 0.8
3 61918 582 1370 1 10 0 0.8
3 120513 583 2937 1 1 1 0.8
3 107380 588 2204 1 1 0 0.8
3 163528 592 4368 1 1 0 0.8
3 132912 593 3081 1 10 1 0.8
3 108222 596 3199 1 1 1 0.8
3 95392 598 2201 1 1 0 0.8
3 80049 602 1638 1 1 0 0.8
3 126878 603 2753 1 1 0 0.8
3 61980 611 1593 1 1 0 0.8
3 175125 612 4870 1 1 1 0.8
3 135747 613 3230 1 50 0 0.8
3 108440 614 2345 1 1 0 0.8
3 147185 617 3660 1 1 1 0.8
3 60734 622 1560 1 1 1 0.8
3 167399 622 3399 1 1 1 0.8
3 137127 623 3574 1 1 1 0.8
3 179076 625 5248 1 1 0 0.8
3 125923 627 2526 1 1 0 0.8
3 176683 631 4795 1 1 0 0.8
3 81660 631 1696 1 1 1 0.8
3 101699 632 2134 1 1 1 0.8
3 177536 636 5152 1 1 0 0.8
3 71143 638 1490 1 1 1 0.8
3 87462 643 2124 1 1 1 0.8
3 118024 643 2464 1 10 0 0.8
3 159670 644 3855 1 10 1 0.8
3 160140 646 3246 1 1 1 0.8
3 65700 647 1944 1 1 1 0.8
3 164698 647 4485 1 1 1 0.8
3 174049 648 4105 1 1 1 0.8
3 127228 651 2935 1 10 1 0.8
3 98966 655 2457 1 1 0 0.8
3 76126 655 2068 1 1 1 0.8
3 83988 657 1759 1 1 1 0.8
3 128946 659 3144 1 1 1 0.8
3 75888 663 1526 1 1 1 0.8
3 106821 667 2188 1 1 1 0.8
3 70675 671 1511 1 1 0 0.8
3 136492 673 3757 1 10 0 0.8
3 114129 675 3187 1 1 0 0.8
3 73975 677 2042 1 1 1 0.8
3 75295 678 1739 1 1 0 0.8
3 127436 684 2772 1 50 1 0.8
3 150035 687 3725 1 1 0 0.8
3 178167 694 4082 1 1 0 0.8
3 61941 702 1838 1 10 1 0.8
3 169277 704 3761 1 1 1 0.8
3 137252 716 3507 1 1 0 0.8
3 105930 718 2643 1 1 0 0.8
3 145629 718 3718 1 1 1 0.8
3 112792 718 2560 1 10 0 0.8
3 143221 727 3669 1 10 1 0.8
3 171968 729 3500 1 1 0 0.8
3 61895 729 1830 1 10 0 0.8
3 72680 730 2074 1 1 1 0.8
3 106128 733 2724 1 1 0 0.8
3 140085 735 3978 1 1 1 0.8
3 66575 735 1658 1 10 1 0.8
3 137219 738 3612 1 1 1 0.8
3 75125 741 1787 1 1 1 0.8
3 80726 744 2409 1 50 1 0.8
3 114216 745 2918 1 1 1 0.8
3 127179 747 2967 1 1 1 0.8
3 95155 749 2021 1 10 0 0.8
3 82313 753 2379 1 50 1 0.8
3 176928 753 3930 1 1 1 0.8
3 171806 755 4903 1 50 1 0.8
3 74966 755 1525 1 1 0 0.8
3 135751 763 4071 1 1 1 0.8
3 91494 764 2164 1 1 1 0.8
3 118812 765 2996 1 1 0 0.8
3 130710 766 2830 1 1 0 0.8
3 97392 766 2691 1 10 0 0.8
3 148809 767 3119 1 1 0 0.8
3 138030 771 3949 1 1 1 0.8
3 74868 775 1752 1 1 0 0.8
3 124023 775 2763 1 1 1 0.8
3 165413 785 3939 1 10 1 0.8
3 170162 786 4462 1 1 0 0.8
3 91530 787 2159 1 1 0 0.8
3 83496 790 1816 1 1 0 0.8
3 170664 793 3479 1 1 0 0.8
3 172627 796 4052 1 1 1 0.8
3 144777 798 3636 1 1 1 0.8
3 143604 798 2931 1 1 1 0.8
3 133960 799 3950 1 10 0 0.8
3 83962 801 2401 1 1 0 0.8
3 115815 803 3466 1 1 0 0.8
3 69425 805 1890 1 1 0 0.8
3 79482 809 2349 1 1 0 0.8
3 138147 812 3656 1 10 1 0.8
3 170299 813 4455 1 10 0 0.8
3 121700 817 3649 1 1 0 0.8
3 73044 818 2033 1 10 0 0.8
3 102082 819 2277 1 10 1 0.8
3 80124 821 1722 1 10 0 0.8
3 177490 824 5189 1 1 1 0.8
3 151031 825 3430 1 10 0 0.8
3 61139 827 1522 1 1 0 0.8
3 177536 828 4055 1 1 1 0.8
3 84953 830 2230 1 1 1 0.8
3 169404 831 4890 1 10 0 0.8
3 100949 831 2617 1 1 0 0.8
3 164417 834 4163 1 50 0 0.8
3 124536 834 3212 1 10 0 0.8
3 152024 836 3335 1 1 0 0.8
3 79732 839 2363 1 10 0 0.8
3 136588 840 2804 1 10 0 0.8
3 74358 842 2183 1 10 1 0.8
3 106757 845 2675 1 50 0 0.8
3 114511 846 3408 1 1 1 0.8
3 150334 849 3917 1 10 0 0.8
3 101142 849 2729 1 1 1 0.8
3 104950 850 2874 1 1 0 0.8
3 81665 851 1651 1 1 1 0.8
3 123985 852 2975 1 10 1 0.8
3 152830 853 3648 1 1 1 0.8
3 86959 859 2265 1 1 0 0.8
3 70561 864 1912 1 1 1 0.8
3 176598 867 3600 1 1 0 0.8
3 105828 868 2247 1 1 1 0.8
3 162382 869 4154 1 10 0 0.8
3 85966 874 1781 1 1 0 0.8
3 129139 877 2887 1 1 0 0.8
3 96074 878 2077 1 1 0 0.8
3 101773 880 2513 1 1 1 0.8
3 65784 883 1364 1 1 0 0.8
3 168955 884 4901 1 10 0 0.8
3 93154 884 1867 1 1 0 0.8
3 174906 885 3563 1 1 1 0.8
3 88322 886 2514 1 1 0 0.8
3 98082 888 2549 1 10 1 0.8
3 156448 889 3560 1 1 0 0.8
3 113573 890 2721 1 10 1 0.8
3 107881 894 3060 1 1 1 0.8
3 103531 895 3073 1 1 1 0.8
3 69280 897 1976 1 1 1 0.8
3 170046 897 4777 1 1 0 0.8
3 95487 899 2366 1 10 0 0.8
3 71707 900 2091 1 1 0 0.8
3 76591 913 1779 1 1 1 0.8
3 136691 919 3716 1 10 1 0.8
3 156988 920 3402 1 1 1 0.8
3 122204 923 3142 1 1 1 0.8
3 173898 924 4051 1 1 0 0.8
3 136271 925 3778 1 1 1 0.8
3 85145 928 2483 1 1 0 0.8
3 69017 939 1790 1 1 0 0.8
3 131155 939 3189 1 10 1 0.8
3 171255 940 4517 1 1 0 0.8
3 135750 941 2773 1 10 0 0.8
3 130365 943 2834 1 10 1 0.8
3 98234 945 2829 1 50 1 0.8
3 137498 947 2793 1 1 1 0.8
3 149940 952 3606 1 10 1 0.8
3 102486 958 2690 1 10 0 0.8
3 122881 967 3397 1 1 0 0.8
3 130359 971 3052 1 1 0 0.8
3 139815 974 3110 1 50 0 0.8
3 71237 976 2042 1 1 0 0.8
3 67686 979 1549 1 1 0 0.8
3 121803 979 3339 1 1 0 0.8
3 165264 979 4601 1 10 1 0.8
3 152135 982 4309 1 1 1 0.8
3 141416 987 3791 1 10 1 0.8
3 152560 991 3642 1 1 1 0.8
3 117954 996 3102 1 10 0 0.8
3 67950 998 1744 1 1 1 0.8
3 73058 1003 1925 1 1 0 0.8
3 123387 1005 3396 1 50 1 0.8
3 164152 1006 4725 1 10 1 0.8
3 77310 1009 2211 1 50 0 0.8
3 117945 1011 2889 1 10 1 0.8
3 167412 1013 4512 1 1 1 0.8
3 179225 1015 4721 1 1 0 0.8
3 103557 1019 3023 1 1 1 0.8
3 72017 1019 1718 1 1 1 0.8
3 167026 1026 4766 1 50 0 0.8
3 61415 1026 1618 1 1 0 0.8
3 154973 1027 4342 1 10 0 0.8
3 88993 1037 1926 1 50 1 0.8
3 60680 1039 1757 1 1 0 0.8
3 129324 1041 2996 1 1 1 0.8
3 83415 1042 2089 1 1 1 0.8
3 137500 1047 3941 1 10 0 0.8
3 178411 1052 4606 1 1 1 0.8
3 109848 1053 2419 1 1 0 0.8
3 116178 1053 2753 1 1 0 0.8
3 130343 1056 2917 1 1 1 0.8
3 62430 1057 1419 1 1 1 0.8
3 109711 1057 2410 1 1 1 0.8
3 81125 1065 2274 1 1 0 0.8
3 146540 1067 3429 1 1 1 0.8
3 118745 1069 2861 1 1 1 0.8
3 168160 1072 4328 1 10 1 0.8
3 109631 1076 2815 1 1 0 0.8
3 122978 1078 3089 1 10 0 0.8
3 141376 1080 3704 1 10 1 0.8
3 140271 1083 2825 1 1 0 0.8
3 139962 1084 3518 1 1 1 0.8
3 106816 1084 3202 1 1 1 0.8
3 92166 1093 1974 1 1 1 0.8
3 93107 1094 2408 1 1 1 0.8
3 88197 1100 2388 1 1 1 0.8
3 128840 1101 2964 1 1 0 0.8
3 175509 1102 3711 1 50 1 0.8
3 80254 1107 2264 1 1 0 0.8
3 147537 1112 3199 1 1 1 0.8
3 167972 1116 3507 1 50 0 0.8
3 78186 1122 1597 1 1 0 0.8
3 72887 1123 1730 1 1 0 0.8
3 116193 1125 2961 1 1 0 0.8
3 123172 1126 2715 1 1 0 0.8
3 164105 1128 4756 1 10 0 0.8
3 125843 1134 3484 1 50 0 0.8
3 174425 1138 5037 1 10 0 0.8
3 106749 1139 2181 1 1 0 0.8
3 179462 1139 4825 1 1 1 0.8
3 168644 1140 3544 1 1 1 0.8
3 74146 1142 1823 1 1 0 0.8
3 83811 1149 2166 1 10 1 0.8
3 93937 1152 2429 1 50 0 0.8
3 144358 1158 3297 1 10 1 0.8
3 167239 1160 4597 1 50 1 0.8
3 90254 1163 2114 1 1 0 0.8
3 176211 1164 3966 1 50 1 0.8
3 85385 1173 1756 1 1 1 0.8
3 164049 1178 3304 1 1 0 0.8
3 144064 1179 3794 1 1 0 0.8
3 138622 1179 3595 1 1 0 0.8
3 146276 1180 3638 1 1 1 0.8
3 131034 1183 3012 1 10 0 0.8
3 73426 1185 2130 1 1 1 0.8
3 107294 1185 2989 1 1 1 0.8
3 127301 1186 3415 1 1 1 0.8
3 174979 1190 3905 1 10 1 0.8
3 127751 1190 3254 1 1 0 0.8
3 89997 1190 2596 1 1 1 0.8
3 97666 1193 2532 1 1 0 0.8
3 65129 1193 1771 1 50 0 0.8
3 90898 1197 2347 1 1 1 0.8
3 85252 1198 1831 1 1 1 0.8
3 125678 1202 3309 1 1 0 0.8
3 126410 1203 3562 1 1 1 0.8
3 150751 1204 3558 1 1 0 0.8
3 62423 1208 1831 1 50 0 0.8
3 172356 1208 4955 1 1 1 0.8
3 80933 1211 1621 1 1 1 0.8
3 119271 1214 3393 1 10 0 0.8
3 73522 1218 1979 1 10 1 0.8
3 170783 1223 3694 1 10 1 0.8
3 125156 1229 3427 1 1 0 0.8
3 91761 1233 1942 1 1 0 0.8
3 67051 1239 1625 1 1 0 0.8
3 62860 1239 1327 1 1 1 0.8
3 179096 1247 5064 1 10 1 0.8
3 124979 1247 3569 1 1 1 0.8
3 150530 1250 4237 1 1 1 0.8
3 140827 1252 3211 1 1 1 0.8
3 108532 1252 2785 1 1 0 0.8
3 178519 1253 3676 1 10 1 0.8
3 110402 1255 2874 1 10 0 0.8
3 110258 1255 2420 1 1 0 0.8
3 62013 1260 1379 1 1 0 0.8
3 170892 1262 4395 1 10 1 0.8
3 75349 1262 1944 1 1 0 0.8
3 77626 1265 1939 1 1 0 0.8
3 152700 1269 3797 1 1 1 0.8
3 88880 1271 2051 1 1 0 0.8
3 147754 1273 3526 1 1 0 0.8
3 81407 1274 2194 1 50 0 0.8
3 112804 1277 2723 1 50 1 0.8
3 138078 1279 3887 1 1 1 0.8
3 139581 1280 3591 1 1 1 0.8
3 87940 1286 1834 1 1 1 0.8
3 156286 1287 3137 1 10 1 0.8
3 120961 1291 3121 1 50 0 0.8
3 106859 1293 2762 1 10 1 0.8
3 174037 1293 5101 1 1 0 0.8
3 142520 1294 3668 1 1 0 0.8
3 74823 1295 2181 1 10 1 0.8
3 97114 1298 1983 1 1 0 0.8
3 96527 1300 2185 1 1 1 0.8
3 175408 1302 4761 1 1 1 0.8
3 94567 1304 2055 1 10 0 0.8
3 81577 1312 1747 1 1 0 0.8
3 66129 1317 1548 1 10 0 0.8
3 172005 1317 4742 1 10 0 0.8
3 81392 1322 1714 1 1 0 0.8
3 173004 1323 4702 1 1 1 0.8
3 138905 1324 3105 1 10 0 0.8
3 101246 1329 2166 1 1 1 0.8
3 93991 1332 2748 1 1 0 0.8
3 139350 1336 3543 1 1 1 0.8
3 138150 1337 3579 1 1 0 0.8
3 168858 1339 4135 1 1 0 0.8
3 83990 1339 2352 1 10 0 0.8
3 134182 1343 4005 1 1 0 0.8
3 70044 1345 1611 1 50 0 0.8
3 154761 1345 3351 1 1 0 0.8
3 160264 1346 3484 1 50 0 0.8
3 159111 1349 4154 1 50 1 0.8
3 66941 1350 1510 1 10 1 0.8
3 169169 1350 4556 1 10 0 0.8
3 147213 1357 3038 1 1 1 0.8
3 106304 1359 2930 1 10 1 0.8
3 164859 1360 4566 1 1 0 0.8
3 85978 1361 1854 1 10 0 0.8
3 107407 1370 2158 1 50 1 0.8
3 117154 1371 2638 1 1 1 0.8
3 160751 1372 3743 1 1 0 0.8
3 159803 1375 4522 1 1 1 0.8
3 83890 1376 1682 1 1 0 0.8
3 86323 1376 2453 1 1 1 0.8
3 169815 1377 3576 1 1 0 0.8
3 161365 1385 4475 1 1 0 0.8
3 127419 1386 3042 1 50 1 0.8
3 95730 1387 2220 1 1 1 0.8
3 160667 1387 4044 1 10 0 0.8
3 73953 1388 1973 1 1 1 0.8
3 131819 1394 2685 1 10 0 0.8
3 66056 1395 1511 1 10 1 0.8
3 175234 1396 4199 1 10 0 0.8
3 166748 1399 4044 1 10 0 0.8
3 171545 1404 4237 1 50 1 0.8
3 157125 1413 3265 1 1 1 0.8
3 146886 1415 3752 1 50 1 0.8
3 79126 1418 1614 1 50 0 0.8
3 120929 1418 2422 1 1 0 0.8
3 100323 1423 2990 1 10 1 0.8
3 128187 1428 2968 1 1 1 0.8
3 83756 1432 1793 1 10 1 0.8
3 164946 1435 3478 1 1 0 0.8
3 74993 1437 2153 1 1 0 0.8
3 92008 1437 2336 1 10 1 0.8
3 96829 1441 2114 1 1 0 0.8
3 111111 1443 3276 1 10 1 0.8
3 96613 1445 2470 1 1 1 0.8
3 88587 1453 2636 1 1 1 0.8
3 142617 1454 3155 1 1 1 0.8
3 174128 1455 3679 1 1 1 0.8
3 98377 1455 2862 1 1 0 0.8
3 102948 1457 2826 1 1 0 0.8
3 151137 1460 4519 1 1 1 0.8
3 96704 1461 2834 1 1 1 0.8
3 135932 1465 3805 1 10 1 0.8
3 151371 1466 3919 1 1 0 0.8
3 102943 1468 2928 1 10 1 0.8
3 150430 1471 3618 1 1 0 0.8
3 96842 1474 2512 1 1 0 0.8
3 105874 1478 3010 1 10 1 0.8
3 69207 1479 1743 1 1 1 0.8
3 113981 1480 3413 1 1 1 0.8
3 84895 1483 2448 1 10 1 0.8
3 174355 1487 4327 1 1 1 0.8
3 60139 1487 1401 1 1 0 0.8
3 85479 1489 2067 1 1 0 0.8
3 145588 1490 3079 1 10 0 0.8
3 127792 1490 2623 1 1 1 0.8
3 66824 1497 1996 1 1 1 0.8
3 173193 1498 4125 1 50 0 0.8
3 136232 1499 3443 1 10 0 0.8
3 168999 1510 3618 1 1 1 0.8
3 94610 1510 2200 1 1 0 0.8
3 85321 1511 2139 1 1 0 0.8
3 163209 1514 4035 1 1 1 0.8
3 76072 1518 1555 1 50 0 0.8
3 158068 1520 4675 1 1 0 0.8
3 96801 1521 2454 1 10 0 0.8
3 60091 1523 1212 1 10 0 0.8
3 148762 1526 4330 1 1 0 0.8
3 154050 1530 4489 1 1 0 0.8
3 140938 1531 3451 1 1 0 0.8
3 153367 1531 3218 1 1 1 0.8
3 169783 1532 4685 1 1 0 0.8
3 118594 1532 3311 1 10 0 0.8
3 90550 1533 2055 1 1 1 0.8
3 126310 1535 2538 1 10 0 0.8
3 161421 1537 4414 1 1 0 0.8
3 155219 1537 4040 1 1 0 0.8
3 158098 1539 4716 1 1 1 0.8
3 84574 1540 2187 1 1 0 0.8
3 136701 1551 3801 1 1 0 0.8
3 160287 1552 3573 1 1 1 0.8
3 100401 1553 2898 1 50 1 0.8
3 120490 1553 2805 1 1 1 0.8
3 73537 1553 1711 1 1 1 0.8
3 97161 1555 2355 1 10 1 0.8
3 155437 1557 3402 1 1 0 0.8
3 178444 1563 3708 1 50 1 0.8
3 117458 1569 2860 1 1 1 0.8
3 148170 1575 3462 1 1 0 0.8
3 167929 1577 4239 1 1 1 0.8
3 154183 1579 3729 1 1 0 0.8
3 114705 1579 3242 1 1 1 0.8
3 73470 1582 2059 1 1 1 0.8
3 83646 1583 1786 1 1 0 0.8
3 165839 1584 3627 1 1 1 0.8
3 69356 1586 2024 1 10 0 0.8
3 141250 1587 2897 1 1 1 0.8
3 114353 1588 2835 1 10 0 0.8
3 151096 1590 4248 1 10 1 0.8
3 116608 1592 3487 1 1 0 0.8
3 113937 1593 2377 1 1 1 0.8
3 114156 1595 2808 1 1 1 0.8
3 104097 1596 2148 1 10 0 0.8
3 99784 1597 2955 1 1 0 0.8
3 61998 1598 1632 1 10 0 0.8
3 150051 1600 3052 1 1 0 0.8
3 165118 1606 3503 1 1 1 0.8
3 145590 1606 3677 1 10 0 0.8
3 87531 1607 2364 1 1 0 0.8
3 139394 1615 3862 1 50 1 0.8
3 178888 1625 4346 1 1 1 0.8
3 148244 1631 4041 1 1 1 0.8
3 90693 1631 2425 1 1 1 0.8
3 179399 1632 3897 1 1 0 0.8
3 157544 1635 3150 1 10 0 0.8
3 146510 1637 3157 1 1 0 0.8
3 120775 1642 3158 1 10 0 0.8
3 130399 1647 3789 1 10 0 0.8
3 178993 1649 4435 1 1 0 0.8
3 89724 1653 1946 1 1 1 0.8
3 149026 1653 4117 1 50 1 0.8
3 159160 1655 3917 1 1 0 0.8
3 105317 1655 2145 1 10 1 0.8
3 88352 1656 2283 1 1 0 0.8
3 132228 1657 3664 1 1 0 0.8
3 67436 1660 1709 1 1 0 0.8
3 150239 1660 4363 1 1 1 0.8
3 90097 1666 2332 1 10 1 0.8
3 73809 1670 2168 1 1 0 0.8
3 140673 1671 3875 1 1 1 0.8
3 120992 1671 2746 1 10 0 0.8
3 134306 1672 2768 1 1 1 0.8
3 108924 1679 2729 1 50 0 0.8
3 86572 1679 2357 1 1 0 0.8
3 126494 1680 2797 1 1 0 0.8
3 155183 1681 3496 1 1 1 0.8
3 86694 1681 2578 1 1 0 0.8
3 173432 1682 4287 1 1 1 0.8
3 168520 1690 4425 1 1 1 0.8
3 103266 1691 2847 1 50 0 0.8
3 134818 1693 2704 1 1 1 0.8
3 73689 1695 1560 1 10 0 0.8
3 144381 1700 3034 1 1 0 0.8
3 61037 1701 1288 1 10 1 0.8
3 93589 1702 2026 1 50 1 0.8
3 128310 1704 2877 1 1 1 0.8
3 86292 1706 2231 1 1 1 0.8
3 172609 1709 4253 1 50 1 0.8
3 80379 1709 2370 1 10 1 0.8
3 86949 1710 2494 1 1 0 0.8
3 125243 1713 3530 1 50 0 0.8
3 132249 1713 3800 1 1 0 0.8
3 149499 1716 3446 1 10 1 0.8
3 100295 1716 2212 1 1 0 0.8
3 161823 1717 3736 1 1 1 0.8
3 76725 1721 1556 1 1 0 0.8
3 100575 1722 2020 1 1 1 0.8
3 86270 1723 2528 1 1 0 0.8
3 176180 1725 4449 1 1 1 0.8
3 68119 1730 1663 1 1 1 0.8
3 88036 1733 2631 1 1 1 0.8
3 164443 1733 4354 1 1 1 0.8
3 168124 1735 4327 1 1 1 0.8
3 117878 1739 3073 1 10 0 0.8
3 157736 1740 4423 1 10 1 0.8
3 160187 1740 4333 1 10 0 0.8
3 99205 1741 2687 1 1 1 0.8
3 138538 1745 3831 1 1 0 0.8
3 165333 1745 4813 1 1 1 0.8
3 114400 1747 2525 1 10 0 0.8
3 115724 1747 3017 1 1 0 0.8
3 155987 1747 3695 1 1 0 0.8
3 175728 1748 3524 1 1 1 0.8
3 152178 1749 3814 1 1 0 0.8
3 133724 1754 3481 1 1 0 0.8
3 124748 1755 2864 1 1 1 0.8
3 90941 1755 2254 1 50 0 0.8
3 62680 1757 1498 1 1 0 0.8
3 136681 1761 3117 1 1 1 0.8
3 155725 1762 3294 1 1 1 0.8
3 106950 1764 2779 1 1 0 0.8
3 73232 1765 1844 1 1 1 0.8
3 69027 1767 1390 1 1 0 0.8
3 168601 1767 3767 1 10 0 0.8
3 120291 1772 3482 1 1 0 0.8
3 163703 1775 4336 1 10 1 0.8
3 87656 1777 2601 1 1 0 0.8
3 109703 1781 2683 1 1 0 0.8
3 119148 1786 3562 1 1 0 0.8
3 94071 1787 2765 1 10 0 0.8
3 128777 1790 3812 1 10 1 0.8
3 95039 1792 2326 1 1 0 0.8
3 107169 1794 2177 1 10 1 0.8
3 157007 1795 3370 1 10 1 0.8
3 172221 1797 4298 1 10 1 0.8
3 116024 1805 2357 1 1 0 0.8
3 92469 1807 2078 1 1 1 0.8
3 84897 1809 2478 1 10 1 0.8
3 73601 1815 1725 1 1 1 0.8
3 124708 1821 2656 1 1 1 0.8
3 146757 1823 3870 1 1 0 0.8
3 94830 1824 2410 1 1 0 0.8
3 111802 1825 2959 1 1 0 0.8
3 133191 1827 3004 1 1 0 0.8
3 86309 1832 2206 1 1 0 0.8
3 150917 1835 3920 1 1 0 0.8
3 160892 1837 3855 1 50 0 0.8
3 165563 1837 3985 1 1 0 0.8
3 179366 1840 3725 1 10 1 0.8
3 72784 1843 1790 1 1 0 0.8
3 90339 1844 2506 1 1 0 0.8
3 91067 1845 2454 1 1 1 0.8
3 176750 1848 4055 1 1 0 0.8
3 113589 1852 2875 1 1 1 0.8
3 132459 1853 3760 1 10 1 0.8
3 102377 1856 2475 1 1 1 0.8
3 130972 1857 3857 1 1 1 0.8
3 102787 1859 2890 1 50 0 0.8
3 121494 1869 3095 1 1 0 0.8
3 133670 1872 2708 1 10 0 0.8
3 154551 1876 3950 1 1 0 0.8
3 123392 1883 3434 1 1 1 0.8
3 177035 1885 3913 1 10 0 0.8
3 158580 1886 3777 1 1 1 0.8
3 146829 1886 3109 1 10 1 0.8
3 62005 1895 1266 1 10 0 0.8
3 85142 1896 2497 1 1 1 0.8
3 117515 1897 2828 1 10 0 0.8
3 111282 1898 2616 1 1 1 0.8
3 115083 1899 2728 1 10 0 0.8
3 160528 1900 3911 1 50 0 0.8
3 120498 1906 3478 1 1 1 0.8
3 126323 1908 3135 1 10 0 0.8
3 150781 1910 4504 1 1 1 0.8
3 84052 1911 2030 1 1 1 0.8
3 67148 1911 1892 1 10 1 0.8
3 126820 1919 2917 1 1 0 0.8
3 101854 1919 2989 1 10 1 0.8
3 158736 1924 3781 1 50 0 0.8
3 153365 1925 3131 1 1 0 0.8
3 120084 1928 2772 1 50 1 0.8
3 154924 1929 4594 1 1 0 0.8
3 167276 1930 4531 1 50 1 0.8
3 149034 1931 3924 1 1 0 0.8
3 106521 1934 2746 1 50 0 0.8
3 100528 1940 2618 1 50 0 0.8
3 157632 1940 3619 1 1 0 0.8
3 165255 1941 4503 1 1 1 0.8
3 166558 1944 4971 1 1 1 0.8
3 171456 1953 4248 1 50 0 0.8
3 106694 1958 2372 1 10 1 0.8
3 127698 1962 3556 1 1 0 0.8
3 70769 1963 1978 1 10 1 0.8
3 176143 1963 4716 1 10 1 0.8
3 96189 1964 2718 1 50 1 0.8
3 123008 1966 3588 1 1 0 0.8
3 86387 1966 1881 1 1 1 0.8
3 135597 1971 3025 1 10 1 0.8
3 141559 1992 4160 1 1 1 0.8
3 139790 1995 3910 1 1 0 0.8
3 167049 1998 3741 1 10 0 0.8
3 155562 2003 3974 1 1 0 0.8
3 140719 2005 4177 1 1 1 0.8
3 115336 2007 2812 1 10 0 0.8
3 115321 2009 3234 1 50 0 0.8
3 158468 2009 4414 1 10 1 0.8
3 81243 2010 2424 1 10 1 0.8
3 157667 2010 3976 1 1 1 0.8
3 108154 2011 2782 1 1 0 0.8
3 167160 2013 4452 1 10 0 0.8
3 108413 2014 2904 1 10 1 0.8
3 151285 2021 4434 1 50 0 0.8
3 178195 2021 3723 1 1 0 0.8
3 140826 2028 2849 1 1 1 0.8
3 81864 2029 1777 1 10 0 0.8
3 70965 2031 1724 1 1 1 0.8
3 132272 2032 3809 1 1 0 0.8
3 145927 2038 3686 1 1 1 0.8
3 132088 2038 3637 1 1 1 0.8
3 104435 2040 2853 1 1 0 0.8
3 86297 2043 1884 1 1 1 0.8
3 106198 2044 2715 1 1 0 0.8
3 89933 2056 2191 1 10 1 0.8
3 113188 2059 3207 1 10 0 0.8
3 168990 2060 3391 1 1 1 0.8
3 150281 2064 3541 1 1 1 0.8
3 92103 2065 2750 1 1 1 0.8
3 172296 2067 5123 1 1 1 0.8
3 109699 2070 2922 1 1 1 0.8
3 139349 2070 4007 1 10 0 0.8
3 91826 2070 2570 1 10 0 0.8
3 101232 2082 2785 1 50 1 0.8
3 64126 2083 1284 1 1 0 0.8
3 73994 2083 1592 1 1 1 0.8
3 99491 2086 2587 1 1 1 0.8
3 151239 2092 4453 1 1 1 0.8
3 89337 2092 2023 1 1 0 0.8
3 139013 2093 4081 1 1 0 0.8
3 121532 2096 3484 1 1 0 0.8
3 92195 2096 2477 1 1 0 0.8
3 98025 2097 2448 1 1 1 0.8
3 103397 2098 2451 1 1 1 0.8
3 101725 2101 2332 1 50 1 0.8
3 145967 2102 2981 1 1 0 0.8
3 61906 2106 1719 1 1 0 0.8
3 68041 2107 1372 1 1 1 0.8
3 99380 2108 2339 1 1 0 0.8
3 61781 2108 1803 1 10 1 0.8
3 165656 2109 4177 1 50 0 0.8
3 111433 2112 2913 1 1 0 0.8
3 139901 2114 3234 1 1 0 0.8
3 114304 2116 3123 1 1 0 0.8
3 84617 2116 2499 1 1 0 0.8
3 116328 2117 3241 1 1 0 0.8
3 129431 2121 3618 1 50 0 0.8
3 150393 2124 4024 1 10 1 0.8
3 158071 2126 3467 1 10 1 0.8
3 159072 2126 3871 1 1 0 0.8
3 166006 2127 4281 1 1 0 0.8
3 71730 2127 1733 1 1 0 0.8
3 114835 2128 3135 1 1 1 0.8
3 128599 2131 3579 1 1 1 0.8
3 167878 2133 4713 1 10 1 0.8
3 161022 2139 3389 1 50 1 0.8
3 162266 2140 4680 1 10 1 0.8
3 66796 2141 1445 1 1 0 0.8
3 71780 2143 1624 1 1 0 0.8
3 87563 2144 2531 1 1 0 0.8
3 95385 2144 2279 1 1 0 0.8
3 179357 2147 5124 1 1 1 0.8
3 83405 2148 2468 1 1 1 0.8
3 92133 2152 2156 1 10 1 0.8
3 83538 2154 1689 1 1 1 0.8
3 77025 2155 1709 1 10 1 0.8
3 173374 2156 4061 1 10 1 0.8
3 171716 2158 5119 1 1 1 0.8
3 163216 2160 3309 1 1 0 0.8
3 68547 2163 1761 1 50 1 0.8
3 146928 2163 4125 1 50 1 0.8
3 107364 2164 2201 1 1 1 0.8
3 65558 2165 1639 1 10 1 0.8
3 136322 2168 2896 1 1 1 0.8
3 158282 2168 3811 1 1 1 0.8
3 80225 2173 1734 1 1 1 0.8
3 106638 2175 2757 1 10 1 0.8
3 121589 2180 3511 1 10 1 0.8
3 152000 2183 3969 1 10 0 0.8
3 157806 2183 4080 1 10 1 0.8
3 128067 2185 3340 1 1 1 0.8
3 78694 2185 2016 1 1 1 0.8
3 72285 2186 2034 1 10 1 0.8
3 87014 2187 1804 1 10 0 0.8
3 160553 2187 4400 1 10 0 0.8
3 114563 2190 3154 1 1 1 0.8
3 173229 2196 3726 1 1 1 0.8
3 89223 2196 2172 1 50 0 0.8
3 163104 2197 4284 1 50 0 0.8
3 145813 2201 3376 1 1 0 0.8
3 76678 2205 1934 1 1 1 0.8
3 81532 2210 1727 1 1 1 0.8
3 101744 2211 2845 1 1 1 0.8
3 137368 2213 3662 1 10 1 0.8
3 140717 2214 2926 1 1 0 0.8
3 126002 2222 3677 1 1 1 0.8
3 74290 2226 1662 1 1 1 0.8
3 126483 2226 3609 1 1 1 0.8
3 179618 2227 4833 1 1 1 0.8
3 167231 2229 3413 1 10 1 0.8
3 159831 2229 4698 1 1 0 0.8
3 154434 2231 3245 1 10 0 0.8
3 144843 2231 3688 1 10 0 0.8
3 148543 2233 3266 1 1 1 0.8
3 175116 2238 4936 1 1 1 0.8
3 81604 2238 2055 1 1 0 0.8
3 135578 2239 2726 1 1 0 0.8
3 109299 2240 2867 1 1 0 0.8
3 150514 2243 4469 1 10 0 0.8
3 109200 2243 2445 1 1 0 0.8
3 102369 2245 3024 1 1 0 0.8
3 63885 2245 1531 1 10 1 0.8
3 60827 2246 1296 1 1 0 0.8
3 97980 2247 1978 1 10 1 0.8
3 168900 2247 4314 1 1 0 0.8
3 113918 2253 3072 1 10 0 0.8
3 93728 2260 2033 1 1 0 0.8
3 61394 2268 1345 1 1 1 0.8
3 93594 2268 2015 1 1 0 0.8
3 171920 2272 3673 1 1 0 0.8
3 68738 2274 1374 1 10 0 0.8
3 116944 2274 3029 1 10 1 0.8
3 103742 2275 2803 1 1 1 0.8
3 70474 2275 2064 1 1 1 0.8
3 79018 2276 1814 1 1 0 0.8
3 98825 2278 2356 1 1 1 0.8
3 173669 2281 5064 1 1 1 0.8
3 168065 2283 4516 1 50 1 0.8
3 103729 2287 2097 1 10 1 0.8
3 69122 2288 1888 1 10 1 0.8
3 62392 2289 1303 1 1 0 0.8
3 123514 2289 2583 1 1 0 0.8
3 107301 2301 3161 1 10 1 0.8
3 152647 2302 3903 1 10 1 0.8
3 132513 2302 3154 1 10 0 0.8
3 139585 2307 3643 1 1 0 0.8
3 121027 2307 3233 1 1 0 0.8
3 148755 2310 3299 1 1 0 0.8
3 80075 2310 2310 1 10 0 0.8
3 104339 2311 2116 1 1 1 0.8
3 132056 2314 3708 1 50 0 0.8
3 133902 2316 2865 1 50 1 0.8
3 167776 2318 3639 1 1 1 0.8
3 93054 2326 2678 1 10 0 0.8
3 77064 2326 2210 1 10 1 0.8
3 152095 2329 4031 1 1 1 0.8
3 163975 2334 3686 1 10 0 0.8
3 138514 2335 2851 1 1 0 0.8
3 140570 2337 2899 1 10 1 0.8
3 85517 2338 2561 1 1 0 0.8
3 91440 2343 2377 1 1 0 0.8
3 128840 2343 3771 1 10 1 0.8
3 85631 2343 2557 1 10 1 0.8
3 178593 2346 4894 1 50 1 0.8
3 140809 2352 4137 1 10 0 0.8
3 101399 2353 2315 1 1 1 0.8
3 84376 2355 2455 1 1 0 0.8
3 172174 2357 3533 1 1 1 0.8
3 162190 2357 4297 1 1 1 0.8
3 104478 2361 2520 1 1 1 0.8
3 159304 2363 4734 1 1 1 0.8
3 80059 2364 2128 1 1 0 0.8
3 65010 2365 1885 1 1 0 0.8
3 95461 2367 2772 1 1 1 0.8
3 144881 2367 3549 1 1 0 0.8
3 139308 2368 4023 1 1 1 0.8
3 111921 2371 2873 1 1 1 0.8
3 96719 2377 1957 1 1 0 0.8
3 132274 2381 2737 1 1 1 0.8
3 97378 2387 2210 1 50 0 0.8
3 146328 2388 3457 1 10 0 0.8
3 179305 2393 4568 1 1 0 0.8
3 103064 2393 3042 1 10 0 0.8
3 133269 2396 3577 1 50 1 0.8
3 104811 2397 2874 1 10 1 0.8
3 107075 2397 2919 1 10 1 0.8
3 142375 2401 3766 1 1 1 0.8
3 141906 2401 3268 1 1 1 0.8
3 68024 2402 1761 1 1 1 0.8
3 145982 2403 4270 1 1 1 0.8
3 179075 2408 3724 1 1 1 0.8
3 133029 2411 3842 1 10 1 0.8
3 161982 2413 3937 1 1 1 0.8
3 141374 2414 3389 1 1 0 0.8
3 111281 2415 3206 1 1 1 0.8
3 126304 2419 2891 1 50 1 0.8
3 73537 2420 2139 1 10 0 0.8
3 70060 2426 1515 1 1 1 0.8
3 108592 2426 2628 1 10 1 0.8
3 85246 2428 2171 1 10 1 0.8
3 153850 2431 3894 1 1 1 0.8
3 98121 2432 1992 1 1 1 0.8
3 68478 2432 1866 1 1 0 0.8
3 145146 2435 3452 1 50 1 0.8
3 89414 2436 2162 1 1 1 0.8
3 80187 2436 2240 1 1 1 0.8
3 108621 2439 3213 1 50 0 0.8
3 128065 2441 3624 1 1 1 0.8
3 148815 2441 3189 1 1 1 0.8
3 94622 2442 2270 1 10 1 0.8
3 72397 2451 1982 1 1 1 0.8
3 80828 2452 1664 1 1 1 0.8
3 159147 2455 4136 1 10 1 0.8
3 143582 2456 3642 1 1 1 0.8
3 100200 2462 2847 1 1 0 0.8
3 67134 2465 1759 1 1 1 0.8
3 147796 2470 3435 1 10 0 0.8
3 144844 2474 3750 1 1 1 0.8
3 73724 2476 1586 1 1 0 0.8
3 69015 2477 2023 1 1 1 0.8
3 65513 2478 1606 1 10 1 0.8
3 89505 2479 2538 1 50 1 0.8
3 118973 2481 2889 1 1 0 0.8
3 155833 2485 3947 1 1 1 0.8
3 175195 2486 4545 1 50 0 0.8
3 160586 2487 4226 1 1 0 0.8
3 151619 2488 3230 1 1 1 0.8
3 129057 2489 3619 1 1 1 0.8
3 164199 2490 3393 1 50 1 0.8
3 93572 2490 2216 1 1 0 0.8
3 135083 2491 4034 1 1 1 0.8
3 72773 2494 2053 1 1 0 0.8
3 146663 2495 3777 1 1 1 0.8
3 173270 2496 3478 1 1 0 0.8
3 80493 2497 1790 1 1 1 0.8
3 115059 2498 2497 1 1 1 0.8
3 103763 2499 2378 1 10 1 0.8
3 105800 2503 2383 1 1 1 0.8
3 85418 2503 2376 1 1 0 0.8
3 164926 2506 3870 1 50 0 0.8
3 66763 2508 1658 1 1 1 0.8
3 107483 2520 2801 1 1 0 0.8
3 102991 2522 2139 1 10 0 0.8
3 129686 2523 3223 1 1 0 0.8
3 123899 2524 2907 1 1 1 0.8
3 88953 2524 2421 1 50 1 0.8
3 73398 2528 2160 1 10 1 0.8
3 62522 2529 1662 1 1 1 0.8
3 140119 2531 2977 1 1 0 0.8
3 82072 2537 2128 1 1 0 0.8
3 130459 2538 3451 1 1 0 0.8
3 126689 2540 2646 1 1 0 0.8
3 146486 2546 3113 1 1 1 0.8
3 125749 2550 3390 1 10 0 0.8
3 137921 2552 2766 1 1 0 0.8
3 156317 2552 4557 1 1 0 0.8
3 121323 2556 2453 1 1 0 0.8
3 150986 2556 3436 1 1 0 0.8
3 161951 2568 3661 1 1 0 0.8
3 164322 2570 3650 1 1 1 0.8
3 118174 2572 2706 1 10 0 0.8
3 158017 2580 3641 1 10 1 0.8
3 93370 2581 2577 1 1 0 0.8
3 142607 2582 3572 1 10 1 0.8
3 98782 2583 2159 1 50 1 0.8
3 151343 2588 3851 1 10 1 0.8
3 82673 2589 2358 1 1 1 0.8
3 79580 2592 2014 1 10 1 0.8
3 150014 2593 3741 1 10 0 0.8
3 169985 2595 4930 1 50 0 0.8
3 176804 2596 3868 1 1 1 0.8
3 112164 2596 3005 1 50 1 0.8
3 171738 2598 4608 1 50 0 0.8
3 123806 2600 3325 1 10 1 0.8
3 91294 2601 2309 1 10 0 0.8
3 100214 2607 2387 1 50 0 0.8
3 73834 2607 2064 1 1 1 0.8
3 162809 2608 3348 1 10 0 0.8
3 132289 2608 3077 1 1 0 0.8
3 74852 2615 2113 1 10 0 0.8
3 134817 2616 3925 1 1 1 0.8
3 150164 2616 3667 1 50 0 0.8
3 75444 2618 1552 1 10 1 0.8
3 68484 2620 1450 1 10 1 0.8
3 140392 2621 2944 1 50 1 0.8
3 108870 2622 2436 1 10 1 0.8
3 166695 2624 4286 1 10 0 0.8
3 89803 2624 2189 1 1 0 0.8
3 110345 2626 3275 1 1 0 0.8
3 160647 2626 3534 1 1 0 0.8
3 78300 2627 1676 1 50 1 0.8
3 173783 2627 3913 1 1 1 0.8
3 60899 2629 1549 1 10 0 0.8
3 68536 2632 1946 1 1 1 0.8
3 97513 2633 2646 1 10 1 0.8
3 145218 2637 2988 1 1 1 0.8
3 164677 2639 3407 1 10 1 0.8
3 143425 2639 3810 1 1 1 0.8
3 176449 2642 4648 1 1 1 0.8
3 112780 2643 2474 1 1 1 0.8
3 112588 2644 2877 1 1 0 0.8
3 78963 2644 2150 1 10 1 0.8
3 149303 2644 4003 1 1 1 0.8
3 121245 2645 3583 1 10 0 0.8
3 84008 2646 1741 1 1 0 0.8
3 119838 2647 2909 1 1 0 0.8
3 120070 2648 3144 1 50 1 0.8
3 68715 2649 1417 1 10 1 0.8
3 173417 2650 3616 1 1 0 0.8
3 145500 2651 4313 1 50 1 0.8
3 68943 2652 1678 1 1 0 0.8
3 147246 2661 4259 1 1 0 0.8
3 136112 2663 3185 1 10 1 0.8
3 65777 2671 1735 1 1 0 0.8
3 130816 2673 2777 1 10 1 0.8
3 83969 2678 2226 1 1 1 0.8
3 107217 2681 2952 1 10 0 0.8
3 132731 2685 3441 1 50 0 0.8
3 111615 2688 2566 1 1 0 0.8
3 96702 2690 2443 1 10 0 0.8
3 106782 2692 2363 1 50 1 0.8
3 103043 2697 2422 1 10 0 0.8
3 123795 2698 3544 1 10 1 0.8
3 117399 2699 2564 1 1 1 0.8
3 106296 2700 3035 1 1 0 0.8
3 82212 2700 1703 1 1 1 0.8
3 61278 2701 1647 1 10 1 0.8
3 72702 2708 1696 1 1 0 0.8
3 168764 2711 4272 1 10 1 0.8
3 160594 2713 4401 1 1 1 0.8
3 69707 2718 1769 1 1 1 0.8
3 126786 2720 3513 1 10 0 0.8
3 95696 2722 2551 1 1 1 0.8
3 88092 2724 2024 1 1 0 0.8
3 156926 2726 3160 1 10 0 0.8
3 138476 2729 3152 1 1 0 0.8
3 137845 2729 3955 1 50 1 0.8
3 157561 2734 4057 1 10 0 0.8
3 141475 2735 3307 1 1 0 0.8
3 60774 2737 1596 1 10 0 0.8
3 160469 2744 3907 1 10 0 0.8
3 116337 2748 2653 1 1 0 0.8
3 106345 2754 2161 1 1 0 0.8
3 137427 2756 3542 1 50 0 0.8
3 69079 2760 1771 1 1 0 0.8
3 176468 2760 4677 1 10 1 0.8
3 119331 2760 2938 1 10 0 0.8
3 88773 2762 2132 1 1 0 0.8
3 64712 2766 1622 1 1 0 0.8
3 97909 2767 2716 1 50 0 0.8
3 104736 2767 2435 1 1 1 0.8
3 159037 2775 3462 1 10 0 0.8
3 163208 2775 4253 1 10 1 0.8
3 151998 2778 4040 1 1 0 0.8
3 76959 2778 2099 1 1 1 0.8
3 119563 2779 3445 1 10 1 0.8
3 152360 2781 3819 1 1 1 0.8
3 138423 2784 3789 1 1 1 0.8
3 175264 2785 5025 1 1 0 0.8
3 75506 2787 1734 1 1 1 0.8
3 138534 2789 3062 1 1 1 0.8
3 119900 2790 2507 1 1 0 0.8
3 123487 2792 3586 1 10 1 0.8
3 176700 2795 3592 1 10 1 0.8
3 152068 2797 3750 1 10 0 0.8
3 167660 2797 3539 1 10 1 0.8
3 103364 2798 2714 1 10 0 0.8
3 83663 2803 2371 1 50 0 0.8
3 95474 2805 2721 1 50 0 0.8
3 71203 2807 2028 1 10 1 0.8
3 84323 2809 1757 1 10 1 0.8
3 114570 2811 2772 1 10 0 0.8
3 140438 2811 3349 1 1 0 0.8
3 113207 2812 2357 1 1 1 0.8
3 101523 2815 2321 1 10 0 0.8
3 128490 2818 3180 1 10 0 0.8
3 154866 2822 3112 1 1 0 0.8
3 115188 2822 2342 1 10 0 0.8
3 172690 2823 4923 1 50 0 0.8
3 66294 2824 1759 1 10 0 0.8
3 102206 2831 2814 1 1 1 0.8
3 64121 2833 1839 1 1 1 0.8
3 175125 2836 4253 1 50 0 0.8
3 88121 2836 2139 1 10 1 0.8
3 173012 2839 3885 1 10 1 0.8
3 178427 2851 4402 1 10 0 0.8
3 92536 2853 2561 1 10 1 0.8
3 127702 2855 2611 1 1 0 0.8
3 101944 2858 2555 1 1 0 0.8
3 62955 2860 1449 1 1 0 0.8
3 131142 2860 3253 1 1 0 0.8
3 133027 2863 3927 1 1 0 0.8
3 144564 2865 4211 1 50 1 0.8
3 152131 2868 4272 1 10 1 0.8
3 158311 2868 4497 1 10 1 0.8
3 124685 2868 3221 1 1 1 0.8
3 135526 2869 3495 1 1 0 0.8
3 144605 2869 3353 1 10 1 0.8
3 94878 2871 2302 1 1 1 0.8
3 69051 2874 2045 1 1 1 0.8
3 123389 2876 3121 1 1 0 0.8
3 84238 2882 1880 1 1 0 0.8
3 88704 2883 2277 1 10 1 0.8
3 61273 2885 1303 1 1 1 0.8
3 113198 2886 2854 1 10 0 0.8
3 138909 2887 3620 1 10 0 0.8
3 137916 2888 2804 1 50 0 0.8
3 121291 2889 3232 1 10 0 0.8
3 80671 2892 2306 1 1 0 0.8
3 64799 2897 1416 1 1 0 0.8
3 130433 2899 3795 1 10 1 0.8
3 104321 2900 2575 1 1 1 0.8
3 178942 2903 4362 1 1 0 0.8
3 139004 2904 4116 1 10 0 0.8
3 146757 2906 4029 1 50 1 0.8
3 164505 2908 3878 1 1 1 0.8
3 93319 2909 1952 1 1 0 0.8
3 98559 2911 2286 1 1 1 0.8
3 136489 2912 3502 1 10 1 0.8
3 64965 2913 1457 1 1 0 0.8
3 69983 2916 1746 1 10 1 0.8
3 144360 2916 3177 1 1 1 0.8
3 108828 2921 2543 1 1 0 0.8
3 89667 2922 2368 1 1 0 0.8
3 61250 2925 1372 1 1 1 0.8
3 141413 2931 3690 1 10 1 0.8
3 145175 2931 3217 1 1 0 0.8
3 92489 2931 1958 1 1 1 0.8
3 70530 2931 1528 1 1 1 0.8
3 100581 2932 2183 1 1 0 0.8
3 69852 2934 1516 1 1 1 0.8
3 170678 2939 4887 1 10 1 0.8
3 157924 2943 3523 1 10 1 0.8
3 147579 2944 3350 1 1 0 0.8
3 155661 2945 3643 1 1 1 0.8
3 89956 2945 1966 1 1 1 0.8
3 171285 2949 4527 1 10 0 0.8
3 112020 2950 2837 1 1 0 0.8
3 89968 2950 2091 1 1 1 0.8
3 171806 2951 4452 1 10 1 0.8
3 111991 2952 2490 1 1 0 0.8
3 63151 2953 1319 1 50 0 0.8
3 179085 2956 4071 1 10 0 0.8
3 116950 2962 2580 1 1 1 0.8
3 129834 2964 3229 1 50 0 0.8
3 76988 2973 1910 1 1 1 0.8
3 176237 2977 4482 1 10 0 0.8
3 151040 2978 3728 1 1 1 0.8
3 116482 2979 3224 1 1 1 0.8
3 125029 2979 3447 1 1 0 0.8
3 131406 2980 3434 1 10 0 0.8
3 62523 2983 1747 1 1 1 0.8
3 134316 2984 3228 1 1 1 0.8
3 162530 2994 3920 1 10 1 0.8
3 112021 2998 3095 1 1 1 0.8
3 60547 2999 1765 1 1 1 0.8
3 141509 3000 3784 1 10 0 0.8
3 179150 3002 4546 1 1 1 0.8
3 112676 3008 2608 1 10 0 0.8
3 160674 3009 4811 1 50 1 0.8
3 133454 3013 3923 1 1 1 0.8
3 124240 3013 2702 1 1 0 0.8
3 94685 3018 1970 1 1 0 0.8
3 103164 3025 2845 1 1 0 0.8
3 162953 3029 4009 1 1 1 0.8
3 73298 3029 1994 1 10 0 0.8
3 125294 3030 3192 1 1 0 0.8
3 143174 3040 3971 1 1 0 0.8
3 122982 3040 3279 1 1 0 0.8
3 60812 3043 1720 1 10 1 0.8
3 139987 3045 3049 1 10 0 0.8
3 139743 3049 3761 1 50 1 0.8
3 132335 3049 3818 1 1 1 0.8
3 95130 3049 1994 1 1 1 0.8
3 82686 3050 1883 1 1 0 0.8
3 144372 3050 4016 1 1 0 0.8
3 156240 3051 4580 1 1 0 0.8
3 174255 3053 5000 1 1 1 0.8
3 150468 3060 3387 1 1 0 0.8
3 93201 3065 2402 1 1 1 0.8
3 153332 3065 4410 1 1 0 0.8
3 89918 3067 2635 1 1 0 0.8
3 103805 3070 2130 1 1 1 0.8
3 105156 3071 2904 1 1 1 0.8
3 141494 3074 3535 1 1 1 0.8
3 111834 3078 2995 1 10 1 0.8
3 120034 3081 2666 1 1 1 0.8
3 178152 3081 3695 1 10 0 0.8
3 68752 3083 1701 1 50 0 0.8
3 128745 3084 2758 1 1 1 0.8
3 77323 3084 2177 1 1 0 0.8
3 95036 3085 2759 1 1 1 0.8
3 71671 3085 2118 1 1 0 0.8
3 105963 3089 2696 1 1 1 0.8
3 162388 3090 3996 1 50 1 0.8
3 147922 3091 4020 1 10 0 0.8
3 136877 3092 3953 1 1 1 0.8
3 130907 3095 3721 1 50 0 0.8
3 164125 3095 4352 1 1 1 0.8
3 139531 3096 3703 1 1 1 0.8
3 145628 3099 3427 1 1 1 0.8
3 165527 3101 4748 1 1 1 0.8
3 66776 3107 1396 1 50 0 0.8
3 108915 3107 2799 1 1 0 0.8
3 102989 3109 2655 1 1 0 0.8
3 146095 3112 3926 1 10 1 0.8
3 139235 3116 2880 1 1 0 0.8
3 166927 3120 4388 1 1 0 0.8
3 142100 3122 2982 1 10 1 0.8
3 109323 3125 2215 1 10 1 0.8
3 123421 3126 3646 1 1 0 0.8
3 149457 3127 3921 1 1 1 0.8
3 117741 3130 2512 1 1 0 0.8
3 132849 3139 3543 1 10 1 0.8
3 155182 3142 4166 1 1 1 0.8
3 134648 3146 3782 1 10 0 0.8
3 117648 3148 2963 1 1 0 0.8
3 157356 3149 3591 1 50 0 0.8
3 163563 3155 4882 1 10 0 0.8
3 110280 3156 2422 1 10 0 0.8
3 152815 3157 4381 1 10 1 0.8
3 109393 3158 2293 1 1 1 0.8
3 89503 3159 1823 1 1 1 0.8
3 123452 3163 2932 1 50 1 0.8
3 66856 3167 1817 1 10 1 0.8
3 91526 3168 2167 1 10 0 0.8
3 162031 3171 4119 1 1 0 0.8
3 98011 3172 2904 1 10 1 0.8
3 107552 3172 3103 1 50 1 0.8
3 94632 3172 2110 1 1 1 0.8
3 150040 3174 4347 1 1 0 0.8
3 154380 3184 4540 1 50 1 0.8
3 85435 3186 2534 1 50 1 0.8
3 127134 3187 3425 1 50 1 0.8
3 170246 3194 4792 1 10 1 0.8
3 126214 3195 3483 1 1 1 0.8
3 73745 3197 1659 1 1 1 0.8
3 153407 3197 3718 1 1 1 0.8
3 121966 3198 2637 1 1 0 0.8
3 100100 3198 2963 1 10 0 0.8
3 110192 3198 3134 1 1 0 0.8
3 87525 3200 2344 1 1 1 0.8
3 156159 3207 4081 1 1 0 0.8
3 173821 3210 4905 1 10 1 0.8
3 99573 3212 2350 1 10 1 0.8
3 150004 3213 4182 1 1 0 0.8
3 164031 3219 4723 1 50 1 0.8
3 82827 3219 2006 1 10 0 0.8
3 148330 3219 3979 1 1 0 0.8
3 177056 3221 4480 1 1 1 0.8
3 136021 3221 3966 1 10 0 0.8
3 171534 3223 3739 1 1 1 0.8
3 143697 3223 3930 1 10 0 0.8
3 61721 3225 1616 1 1 0 0.8
3 147635 3228 4373 1 10 1 0.8
3 135144 3228 3832 1 1 0 0.8
3 65626 3229 1504 1 1 0 0.8
3 110791 3231 2507 1 1 0 0.8
3 134191 3236 3207 1 1 0 0.8
3 66971 3236 1490 1 10 1 0.8
3 135807 3242 3449 1 1 1 0.8
3 84757 3242 2323 1 10 1 0.8
3 77865 3243 1908 1 1 0 0.8
3 127916 3245 2754 1 10 1 0.8
3 85726 3248 2185 1 50 0 0.8
3 170764 3258 4975 1 10 0 0.8
3 124583 3263 3002 1 10 1 0.8
3 167031 3269 3542 1 1 1 0.8
3 60110 3272 1329 1 1 0 0.8
3 172918 3279 4315 1 10 1 0.8
3 113509 3283 2713 1 10 0 0.8
3 131763 3285 2825 1 10 0 0.8
3 104674 3287 2691 1 1 0 0.8
3 161264 3288 3950 1 1 1 0.8
3 163346 3289 3583 1 10 1 0.8
3 125632 3289 3761 1 1 0 0.8
3 80915 3290 2371 1 1 1 0.8
3 152443 3292 3111 1 10 0 0.8
3 171806 3295 4677 1 10 1 0.8
3 142759 3296 2967 1 1 1 0.8
3 96500 3299 2645 1 10 0 0.8
3 152846 3302 3463 1 1 1 0.8
3 130886 3305 3917 1 1 1 0.8
3 149032 3310 4326 1 1 1 0.8
3 124632 3314 3225 1 1 0 0.8
3 65067 3320 1733 1 1 1 0.8
3 162220 3323 4617 1 1 0 0.8
3 150653 3324 4021 1 50 1 0.8
3 178567 3325 5256 1 1 0 0.8
3 105763 3330 2458 1 1 1 0.8
3 98234 3331 2300 1 1 0 0.8
3 162872 3336 4755 1 10 1 0.8
3 165737 3337 4541 1 1 0 0.8
3 173595 3342 4837 1 1 0 0.8
3 110454 3342 2858 1 1 1 0.8
3 161565 3343 4744 1 1 1 0.8
3 82451 3343 2377 1 10 0 0.8
3 138139 3344 3027 1 10 0 0.8
3 129774 3346 3417 1 1 1 0.8
3 163482 3346 3974 1 10 0 0.8
3 117953 3350 3226 1 1 0 0.8
3 113671 3355 2587 1 1 1 0.8
3 105092 3362 2139 1 1 0 0.8
3 110240 3362 3062 1 10 1 0.8
3 72841 3362 1801 1 1 1 0.8
3 102752 3363 2245 1 1 0 0.8
3 64593 3367 1340 1 10 0 0.8
3 62982 3367 1308 1 1 1 0.8
3 155422 3369 3659 1 50 1 0.8
3 97352 3371 2165 1 1 1 0.8
3 73731 3372 2162 1 10 0 0.8
3 125183 3376 3233 1 50 1 0.8
3 112809 3380 3051 1 10 0 0.8
3 174535 3381 4563 1 50 0 0.8
3 150380 3383 4265 1 1 1 0.8
3 104416 3383 2406 1 10 1 0.8
3 144787 3386 4019 1 10 0 0.8
3 112299 3387 2338 1 10 0 0.8
3 111788 3387 3212 1 1 0 0.8
3 153303 3389 3185 1 1 0 0.8
3 144167 3392 3284 1 10 1 0.8
3 112413 3393 3093 1 1 0 0.8
3 173975 3397 3624 1 1 1 0.8
3 171084 3398 3898 1 50 0 0.8
3 103966 3399 2808 1 1 1 0.8
3 140949 3400 2965 1 1 0 0.8
3 69837 3404 1904 1 1 1 0.8
3 139746 3405 2923 1 10 0 0.8
3 85415 3406 2370 1 1 1 0.8
3 139660 3412 3717 1 1 0 0.8
3 92010 3412 2420 1 1 1 0.8
3 112186 3414 2565 1 1 1 0.8
3 105184 3415 2313 1 1 1 0.8
3 176509 3417 4221 1 1 0 0.8
3 140333 3417 3815 1 1 1 0.8
3 165093 3421 3425 1 50 1 0.8
3 167742 3431 4696 1 10 1 0.8
3 119049 3436 3430 1 1 1 0.8
3 118922 3438 2834 1 1 1 0.8
3 114445 3440 3096 1 10 1 0.8
3 177093 3441 4925 1 1 1 0.8
3 121059 3441 2571 1 1 1 0.8
3 143151 3442 3336 1 50 0 0.8
3 65694 3443 1372 1 1 0 0.8
3 99638 3445 2965 1 1 0 0.8
3 119491 3445 2795 1 10 1 0.8
3 174771 3446 5142 1 10 0 0.8
3 114126 3448 2403 1 1 1 0.8
3 76368 3453 1944 1 50 0 0.8
3 70308 3455 1451 1 10 1 0.8
3 85350 3460 1832 1 1 1 0.8
3 150695 3462 3355 1 1 1 0.8
3 61544 3462 1254 1 1 0 0.8
3 85516 3466 2065 1 1 1 0.8
3 153038 3468 4139 1 1 1 0.8
3 66514 3472 1538 1 1 0 0.8
3 177024 3473 5140 1 1 0 0.8
3 109236 3473 2930 1 10 0 0.8
3 94523 3476 2549 1 50 0 0.8
3 90338 3479 2582 1 1 1 0.8
3 60947 3485 1819 1 1 1 0.8
3 67411 3485 1443 1 1 0 0.8
3 78152 3491 1804 1 10 1 0.8
3 144702 3491 3256 1 1 1 0.8
3 126015 3492 3301 1 10 1 0.8
3 154720 3492 4047 1 1 1 0.8
3 168468 3507 4889 1 1 0 0.8
3 88796 3511 1843 1 10 1 0.8
3 165058 3516 3648 1 1 1 0.8
3 145519 3516 3006 1 10 1 0.8
3 110264 3517 2688 1 50 0 0.8
3 112214 3522 3222 1 1 1 0.8
3 139295 3526 3513 1 1 0 0.8
3 127358 3526 3515 1 1 1 0.8
3 158436 3529 4477 1 10 1 0.8
3 100132 3531 2604 1 1 0 0.8
3 134876 3537 3500 1 10 0 0.8
3 76488 3537 2103 1 1 1 0.8
3 154113 3542 4583 1 10 1 0.8
3 105174 3543 2904 1 1 1 0.8
3 65759 3543 1839 1 1 1 0.8
3 81952 3544 2033 1 1 0 0.8
3 120880 3548 3510 1 1 1 0.8
3 72368 3548 1843 1 10 0 0.8
3 115619 3549 2886 1 1 1 0.8
3 125781 3559 2952 1 1 1 0.8
3 90816 3565 2662 1 10 0 0.8
3 140836 3565 3318 1 50 1 0.8
3 111738 3570 3210 1 1 0 0.8
3 76116 3573 2091 1 10 1 0.8
3 126198 3575 3555 1 1 0 0.8
3 107699 3576 2584 1 10 1 0.8
3 130062 3581 2747 1 10 1 0.8
3 103454 3583 2771 1 1 0 0.8
3 143361 3584 3059 1 1 0 0.8
3 159958 3587 3728 1 10 0 0.8
3 109410 3599 2756 1 1 1 0.8
