1500
5 146069 6 3623 1 1 0 1.0
5 63605 6 1481 1 1 0 1.0
5 77070 7 1852 1 1 1 1.0
5 129581 7 3188 1 1 0 1.0
5 88001 23 1959 1 1 1 1.0
5 125594 24 2945 1 1 0 1.0
5 143334 25 3053 1 1 0 1.0
5 83320 25 2019 1 1 1 1.0
5 85178 29 2002 1 1 1 1.0
5 60973 29 1386 1 1 0 1.0
5 167201 29 4027 1 1 0 1.0
5 79852 37 1675 1 10 1 1.0
5 168772 38 3910 1 10 1 1.0
5 178024 39 4548 1 1 1 1.0
5 177943 41 3876 1 1 0 1.0
5 88348 42 2454 1 1 1 1.0
5 112403 42 2730 1 50 0 1.0
5 148751 43 3243 1 10 1 1.0
5 171680 44 4611 1 10 0 1.0
5 79799 45 2046 1 10 1 1.0
5 103745 46 2683 1 1 1 1.0
5 76482 46 2229 1 10 1 1.0
5 124477 50 2635 1 1 1 1.0
5 78325 51 2007 1 1 1 1.0
5 109629 59 3191 1 1 1 1.0
5 163805 59 4604 1 10 0 1.0
5 155341 59 4119 1 10 1 1.0
5 100656 61 2462 1 50 1 1.0
5 88763 61 2057 1 10 0 1.0
5 71850 63 1808 1 10 1 1.0
5 111320 65 3289 1 1 1 1.0
5 153133 67 3448 1 10 0 1.0
5 85064 80 2418 1 1 1 1.0
5 132739 83 3969 1 10 0 1.0
5 136878 84 3726 1 10 0 1.0
5 139826 86 3911 1 10 1 1.0
5 72527 90 1521 1 1 0 1.0
5 165983 92 4697 1 1 0 1.0
5 146429 95 3171 1 1 0 1.0
5 137671 97 3382 1 1 0 1.0
5 109804 98 2942 1 10 1 1.0
5 68025 100 2006 1 10 1 1.0
5 70558 101 1892 1 1 1 1.0
5 175037 101 5137 1 10 1 1.0
5 169100 106 4064 1 1 1 1.0
5 66718 109 1389 1 10 1 1.0
5 139498 110 3281 1 1 1 1.0
5 102446 119 2418 1 1 0 1.0
5 111031 123 2789 1 1 0 1.0
5 122660 125 2607 1 10 1 1.0
5 131204 128 3783 1 10 1 1.0
5 85926 128 2046 1 1 1 1.0
5 114626 128 2350 1 10 0 1.0
5 72249 133 1992 1 50 1 1.0
5 171105 133 4473 1 1 1 1.0
5 132888 136 3619 1 1 1 1.0
5 64123 138 1871 1 1 1 1.0
5 153994 139 3378 1 1 0 1.0
5 159357 141 3800 1 1 0 1.0
5 109488 141 2289 1 1 0 1.0
5 160006 147 4722 1 1 1 1.0
5 116572 148 3406 1 10 0 1.0
5 150995 149 3921 1 50 1 1.0
5 66005 150 1746 1 10 1 1.0
5 164016 152 3459 1 1 1 1.0
5 112426 156 2489 1 10 0 1.0
5 147388 157 4067 1 1 0 1.0
5 138925 160 3269 1 1 0 1.0
5 81875 161 1955 1 1 1 1.0
5 159597 162 3885 1 1 0 1.0
5 114934 164 3245 1 50 1 1.0
5 70752 165 1713 1 1 1 1.0
5 126011 165 2916 1 10 1 1.0
5 153957 168 3082 1 50 0 1.0
5 130546 175 3094 1 1 1 1.0
5 163291 175 4644 1 1 0 1.0
5 155319 179 3674 1 10 1 1.0
5 124927 180 2794 1 1 0 1.0
5 137666 181 2776 1 1 1 1.0
5 160118 182 4296 1 10 0 1.0
5 122064 182 2929 1 1 1 1.0
5 117794 184 2750 1 10 1 1.0
5 82235 184 1672 1 10 0 1.0
5 140739 190 2967 1 10 0 1.0
5 98196 190 2464 1 1 1 1.0
5 92324 191 2052 1 10 1 1.0
5 164555 193 3648 1 1 0 1.0
5 173247 196 4956 1 10 0 1.0
5 161240 197 3404 1 1 0 1.0
5 98112 202 2627 1 10 0 1.0
5 99126 202 2044 1 1 0 1.0
5 60094 203 1519 1 1 1 1.0
5 67121 209 1421 1 10 0 1.0
5 138224 213 3316 1 1 1 1.0
5 123461 214 3223 1 1 0 1.0
5 81672 215 1836 1 1 0 1.0
5 75198 216 2201 1 10 1 1.0
5 109876 217 3056 1 1 1 1.0
5 166458 217 3851 1 10 0 1.0
5 152370 221 4426 1 1 1 1.0
5 107060 224 2980 1 10 1 1.0
5 77919 225 2059 1 1 0 1.0
5 123573 228 2852 1 1 0 1.0
5 176045 228 4898 1 10 1 1.0
5 170691 229 3981 1 1 0 1.0
5 149116 229 4062 1 1 0 1.0
5 161940 232 4040 1 1 0 1.0
5 123292 237 2686 1 50 0 1.0
5 64023 237 1483 1 1 1 1.0
5 145946 239 3011 1 10 1 1.0
5 97714 239 2310 1 1 0 1.0
5 143786 240 4052 1 10 0 1.0
5 69838 242 1437 1 1 1 1.0
5 90506 242 2456 1 1 1 1.0
5 86607 245 1785 1 1 0 1.0
5 126874 251 3584 1 1 1 1.0
5 87642 255 2483 1 1 1 1.0
5 177202 264 4141 1 1 0 1.0
5 107153 272 2730 1 1 0 1.0
5 173173 274 3667 1 1 0 1.0
5 116262 274 2815 1 10 1 1.0
5 100976 275 3012 1 10 1 1.0
5 131396 283 2986 1 10 0 1.0
5 174536 284 4883 1 1 1 1.0
5 170305 287 3842 1 1 1 1.0
5 108140 288 2265 1 10 1 1.0
5 140062 288 3434 1 10 1 1.0
5 153340 292 3946 1 1 1 1.0
5 127013 292 2893 1 1 1 1.0
5 109945 292 2668 1 1 0 1.0
5 165164 294 3924 1 1 1 1.0
5 94593 298 2199 1 10 0 1.0
5 157316 299 4400 1 1 1 1.0
5 120815 301 2912 1 1 1 1.0
5 88035 302 1943 1 10 1 1.0
5 101053 303 2051 1 50 1 1.0
5 122486 314 3629 1 10 1 1.0
5 61616 314 1513 1 1 1 1.0
5 141764 314 3005 1 50 1 1.0
5 98515 317 2428 1 1 0 1.0
5 103099 319 2198 1 10 0 1.0
5 125263 322 3005 1 10 1 1.0
5 130115 323 3477 1 1 1 1.0
5 120641 325 3128 1 1 0 1.0
5 150510 335 3056 1 10 0 1.0
5 174571 336 4109 1 50 0 1.0
5 148155 342 3433 1 10 1 1.0
5 102414 343 2112 1 1 0 1.0
5 61518 348 1661 1 1 1 1.0
5 67630 352 1940 1 10 1 1.0
5 139667 355 3302 1 1 1 1.0
5 97503 355 2244 1 1 0 1.0
5 138825 359 3963 1 1 1 1.0
5 121298 359 3156 1 1 1 1.0
5 117730 359 2845 1 1 0 1.0
5 170429 360 5072 1 1 1 1.0
5 73677 364 2075 1 10 1 1.0
5 125428 366 2806 1 10 1 1.0
5 112932 367 2929 1 1 0 1.0
5 168435 369 3709 1 1 0 1.0
5 136132 369 2895 1 10 1 1.0
5 131705 378 3573 1 1 0 1.0
5 95070 381 2102 1 1 1 1.0
5 124343 388 3701 1 1 1 1.0
5 104121 392 2326 1 50 1 1.0
5 139760 393 2831 1 1 0 1.0
5 84181 397 1713 1 1 0 1.0
5 60443 402 1588 1 1 1 1.0
5 62354 403 1825 1 10 1 1.0
5 76558 404 2261 1 1 1 1.0
5 134593 408 3373 1 1 1 1.0
5 107639 414 2322 1 1 0 1.0
5 73616 414 2085 1 10 1 1.0
5 119323 416 3399 1 1 1 1.0
5 143451 417 3036 1 1 1 1.0
5 163939 421 4702 1 10 1 1.0
5 140999 422 3726 1 10 1 1.0
5 62478 424 1668 1 1 1 1.0
5 92401 430 2480 1 10 0 1.0
5 74691 433 2191 1 1 1 1.0
5 162873 435 4179 1 10 0 1.0
5 80245 437 2028 1 50 0 1.0
5 155664 438 4283 1 1 0 1.0
5 97963 438 2796 1 10 1 1.0
5 158481 440 4713 1 10 0 1.0
5 79283 440 2147 1 1 0 1.0
5 61935 442 1857 1 1 1 1.0
5 125724 444 2730 1 1 0 1.0
5 114887 445 2676 1 1 0 1.0
5 145562 446 3432 1 1 1 1.0
5 158922 446 3770 1 1 1 1.0
5 61738 446 1673 1 1 1 1.0
5 160026 447 3700 1 1 0 1.0
5 109500 447 2212 1 10 1 1.0
5 92061 456 2591 1 1 1 1.0
5 160297 457 4571 1 1 0 1.0
5 103559 458 2089 1 1 0 1.0
5 86155 459 2147 1 10 1 1.0
5 64455 460 1797 1 1 0 1.0
5 164607 461 4501 1 10 1 1.0
5 74608 466 1964 1 1 0 1.0
5 171551 470 3876 1 50 0 1.0
5 146348 473 4152 1 1 1 1.0
5 96223 473 2401 1 10 0 1.0
5 77289 476 1799 1 50 1 1.0
5 147117 480 4029 1 10 1 1.0
5 108293 491 2944 1 10 0 1.0
5 81086 492 1758 1 1 1 1.0
5 90886 492 2067 1 10 1 1.0
5 71379 499 1825 1 1 1 1.0
5 156575 499 3170 1 1 0 1.0
5 115646 504 2853 1 1 0 1.0
5 143462 506 3620 1 1 0 1.0
5 74414 508 1661 1 10 1 1.0
5 179732 508 5241 1 1 1 1.0
5 127620 514 2576 1 1 0 1.0
5 93829 514 2796 1 1 0 1.0
5 76902 519 1999 1 1 0 1.0
5 100145 521 2512 1 1 0 1.0
5 122321 531 3174 1 1 1 1.0
5 95308 533 2006 1 1 1 1.0
5 145636 535 2962 1 1 1 1.0
5 138790 536 3659 1 1 1 1.0
5 92094 539 2258 1 1 0 1.0
5 134938 540 3351 1 1 1 1.0
5 108081 549 2211 1 1 1 1.0
5 63199 555 1684 1 50 0 1.0
5 118750 555 3001 1 10 1 1.0
5 166247 559 3680 1 1 0 1.0
5 112100 561 2811 1 10 0 1.0
5 149104 565 3994 1 10 0 1.0
5 176590 565 4163 1 1 0 1.0
5 121873 566 3220 1 1 1 1.0
5 139763 568 3957 1 1 0 1.0
5 106738 572 2565 1 1 0 1.0
5 82334 572 1994 1 10 1 1.0
5 171519 575 3514 1 1 1 1.0
5 104859 576 2657 1 1 1 1.0
5 93424 576 2178 1 10 1 1.0
5 147883 578 3959 1 10 1 1.0
5 123992 579 2723 1 1 0 1.0
5 129268 581 3209 1 1 1 1.0
5 140692 583 3508 1 1 1 1.0
5 177768 583 4009 1 1 1 1.0
5 86190 585 2061 1 10 0 1.0
5 142873 585 3486 1 1 0 1.0
5 123903 588 2544 1 10 1 1.0
5 150752 590 3043 1 10 0 1.0
5 98752 590 2067 1 1 1 1.0
5 109620 591 3051 1 1 0 1.0
5 98077 593 2631 1 10 0 1.0
5 115927 598 2321 1 10 1 1.0
5 165850 599 3869 1 1 0 1.0
5 163840 604 4097 1 10 0 1.0
5 126458 605 3476 1 1 1 1.0
5 71987 605 1742 1 1 1 1.0
5 167424 607 4774 1 1 1 1.0
5 155320 609 4215 1 10 0 1.0
5 111871 611 2623 1 1 1 1.0
5 73127 611 1905 1 10 0 1.0
5 87245 612 2561 1 1 1 1.0
5 176166 617 5051 1 10 0 1.0
5 71931 619 1846 1 10 0 1.0
5 157891 622 4313 1 10 0 1.0
5 164192 625 4846 1 1 1 1.0
5 90342 625 2060 1 1 0 1.0
5 129129 625 3424 1 10 1 1.0
5 153899 628 4139 1 1 0 1.0
5 179795 628 5362 1 1 0 1.0
5 74637 629 1530 1 1 0 1.0
5 131979 633 3752 1 10 1 1.0
5 154087 636 3392 1 50 0 1.0
5 78672 639 1711 1 1 0 1.0
5 174150 640 3899 1 1 0 1.0
5 109817 640 2419 1 10 1 1.0
5 80325 641 1990 1 1 0 1.0
5 139068 645 3301 1 10 1 1.0
5 116139 647 2865 1 10 0 1.0
5 178209 648 4570 1 1 0 1.0
5 84862 650 1858 1 1 0 1.0
5 161867 661 4285 1 1 0 1.0
5 144086 663 4317 1 1 1 1.0
5 167368 663 4871 1 1 0 1.0
5 104320 669 2126 1 1 1 1.0
5 140584 669 4065 1 1 1 1.0
5 145113 673 4092 1 1 0 1.0
5 90201 673 2232 1 1 0 1.0
5 173637 680 4916 1 1 0 1.0
5 140095 681 3463 1 10 1 1.0
5 121619 682 2716 1 1 1 1.0
5 61240 684 1533 1 1 0 1.0
5 158442 687 3225 1 1 0 1.0
5 64852 695 1554 1 50 0 1.0
5 152715 697 3234 1 10 0 1.0
5 73826 697 1557 1 1 0 1.0
5 68544 699 1988 1 1 1 1.0
5 80586 704 2144 1 1 1 1.0
5 71523 705 2048 1 10 1 1.0
5 80361 707 1886 1 10 1 1.0
5 153201 709 3886 1 1 0 1.0
5 67987 710 1788 1 50 0 1.0
5 120519 713 3305 1 1 1 1.0
5 111856 713 2789 1 1 1 1.0
5 173016 718 4689 1 50 0 1.0
5 97309 720 2905 1 50 0 1.0
5 133710 721 3432 1 50 1 1.0
5 116744 721 3359 1 1 0 1.0
5 139163 722 3594 1 10 0 1.0
5 82212 723 2324 1 1 1 1.0
5 107327 731 2904 1 10 1 1.0
5 104491 734 2973 1 1 0 1.0
5 153715 737 4449 1 10 0 1.0
5 123915 738 2860 1 1 0 1.0
5 170087 740 4276 1 1 0 1.0
5 133595 740 2956 1 1 1 1.0
5 168685 740 3774 1 1 1 1.0
5 127320 747 2813 1 1 1 1.0
5 61371 748 1586 1 1 1 1.0
5 73570 748 1516 1 1 0 1.0
5 130540 752 2747 1 1 1 1.0
5 135163 753 3392 1 1 0 1.0
5 111134 754 2667 1 10 0 1.0
5 109375 755 2301 1 1 1 1.0
5 122873 761 2884 1 1 1 1.0
5 111302 765 2883 1 1 1 1.0
5 66366 772 1960 1 1 0 1.0
5 70308 773 1821 1 1 0 1.0
5 159595 774 4101 1 10 0 1.0
5 151244 775 4404 1 10 1 1.0
5 118156 783 2708 1 1 1 1.0
5 85969 784 2324 1 1 0 1.0
5 172872 787 4318 1 1 1 1.0
5 173510 790 3579 1 1 1 1.0
5 177478 792 4588 1 1 0 1.0
5 77404 794 2115 1 50 1 1.0
5 133469 797 3292 1 50 1 1.0
5 94737 801 2226 1 1 0 1.0
5 64850 803 1636 1 1 0 1.0
5 95886 803 1922 1 1 1 1.0
5 172841 805 3560 1 1 1 1.0
5 103802 806 2834 1 10 0 1.0
5 154057 808 3614 1 1 0 1.0
5 126792 808 3368 1 1 0 1.0
5 169921 809 4658 1 10 1 1.0
5 148111 814 4337 1 1 0 1.0
5 99743 815 2257 1 10 1 1.0
5 99785 818 2859 1 1 1 1.0
5 70226 819 1566 1 1 0 1.0
5 116330 820 2576 1 1 0 1.0
5 130996 820 3041 1 50 0 1.0
5 68508 827 1422 1 1 1 1.0
5 114187 829 3002 1 50 1 1.0
5 97541 833 2102 1 50 0 1.0
5 170896 834 4945 1 10 1 1.0
5 100392 834 2137 1 1 1 1.0
5 168990 836 3384 1 50 1 1.0
5 99059 836 2080 1 1 0 1.0
5 158705 839 3558 1 1 1 1.0
5 60360 844 1385 1 1 0 1.0
5 162844 845 4572 1 1 1 1.0
5 104596 845 2961 1 10 1 1.0
5 146385 847 3883 1 1 1 1.0
5 82186 857 1892 1 10 1 1.0
5 82467 859 2182 1 1 1 1.0
5 83335 860 1824 1 1 1 1.0
5 68849 873 1546 1 10 0 1.0
5 103065 877 2332 1 1 1 1.0
5 94075 877 2769 1 10 1 1.0
5 156359 878 4546 1 1 0 1.0
5 121585 879 3514 1 1 1 1.0
5 125914 879 3571 1 10 0 1.0
5 125041 882 3131 1 1 0 1.0
5 120654 882 3055 1 1 1 1.0
5 149215 883 4383 1 1 1 1.0
5 167584 884 3602 1 1 1 1.0
5 83735 891 1823 1 10 1 1.0
5 94392 893 1953 1 1 1 1.0
5 72185 894 1731 1 10 0 1.0
5 157260 896 4102 1 1 1 1.0
5 61508 897 1281 1 1 0 1.0
5 79025 905 1854 1 50 1 1.0
5 125500 909 3201 1 10 0 1.0
5 154123 912 3244 1 1 0 1.0
5 160257 914 3858 1 50 1 1.0
5 121947 919 3432 1 1 1 1.0
5 94450 922 2314 1 1 0 1.0
5 70513 924 1626 1 1 1 1.0
5 172518 925 4962 1 1 0 1.0
5 153630 928 3365 1 1 1 1.0
5 120115 928 2721 1 50 0 1.0
5 146330 930 3972 1 1 1 1.0
5 177143 931 4234 1 10 0 1.0
5 140007 936 3123 1 10 0 1.0
5 154227 936 3717 1 10 0 1.0
5 162601 940 3531 1 1 1 1.0
5 103696 941 3109 1 10 0 1.0
5 158778 943 3806 1 1 0 1.0
5 179932 947 4243 1 10 1 1.0
5 126086 947 2594 1 50 1 1.0
5 156240 950 4304 1 1 0 1.0
5 87818 952 1890 1 1 1 1.0
5 96772 952 2652 1 1 0 1.0
5 115048 953 3182 1 50 1 1.0
5 84563 953 1740 1 10 0 1.0
5 160897 953 4137 1 10 0 1.0
5 64499 955 1718 1 1 1 1.0
5 87662 959 2281 1 1 1 1.0
5 67830 962 1986 1 1 1 1.0
5 108251 963 2826 1 10 0 1.0
5 122040 964 2673 1 50 1 1.0
5 152967 965 3899 1 10 0 1.0
5 170749 968 3936 1 1 0 1.0
5 110916 970 2754 1 1 0 1.0
5 80348 971 2329 1 10 1 1.0
5 134602 974 3371 1 1 1 1.0
5 65655 982 1486 1 10 1 1.0
5 171357 982 3447 1 10 1 1.0
5 157272 982 4354 1 1 1 1.0
5 149855 985 4386 1 1 1 1.0
5 64888 985 1603 1 1 1 1.0
5 143771 985 3457 1 1 0 1.0
5 100608 987 2464 1 1 0 1.0
5 116209 989 2941 1 10 1 1.0
5 98009 990 2869 1 10 1 1.0
5 67785 992 1527 1 50 0 1.0
5 158999 994 4111 1 50 1 1.0
5 171552 996 4749 1 1 0 1.0
5 152438 997 4533 1 1 1 1.0
5 109721 999 2421 1 10 1 1.0
5 177871 1000 3578 1 1 0 1.0
5 72555 1001 1735 1 10 1 1.0
5 66274 1002 1330 1 1 1 1.0
5 94291 1011 2533 1 1 1 1.0
5 70273 1012 1703 1 1 0 1.0
5 169176 1015 4589 1 1 0 1.0
5 111688 1015 2558 1 10 0 1.0
5 124331 1016 3136 1 1 0 1.0
5 94666 1018 2450 1 1 1 1.0
5 65973 1020 1957 1 1 1 1.0
5 72865 1021 1649 1 1 1 1.0
5 86772 1023 2370 1 50 0 1.0
5 104585 1024 2782 1 10 1 1.0
5 172208 1024 5041 1 10 1 1.0
5 160515 1025 4672 1 1 0 1.0
5 92590 1030 1872 1 1 0 1.0
5 175294 1032 4649 1 10 0 1.0
5 96878 1034 2128 1 1 0 1.0
5 118626 1038 2716 1 1 0 1.0
5 119087 1039 2487 1 10 0 1.0
5 168158 1041 4312 1 1 0 1.0
5 116278 1044 3150 1 10 0 1.0
5 72257 1045 2041 1 1 1 1.0
5 64646 1046 1521 1 1 0 1.0
5 74961 1050 1781 1 1 1 1.0
5 101150 1051 2532 1 1 0 1.0
5 139645 1054 3426 1 1 0 1.0
5 74228 1055 1686 1 10 1 1.0
5 120887 1057 3260 1 1 1 1.0
5 164179 1063 3686 1 10 0 1.0
5 116468 1064 3370 1 1 0 1.0
5 150595 1064 4444 1 10 0 1.0
5 106548 1064 2627 1 10 1 1.0
5 148148 1067 3748 1 10 0 1.0
5 79181 1068 2196 1 1 0 1.0
5 110020 1069 2333 1 50 0 1.0
5 66936 1070 1823 1 1 1 1.0
5 169898 1070 4279 1 10 0 1.0
5 147159 1078 3584 1 1 1 1.0
5 179626 1083 3797 1 1 0 1.0
5 140611 1090 3212 1 1 0 1.0
5 166563 1091 4170 1 1 0 1.0
5 84235 1102 2053 1 1 1 1.0
5 117962 1103 2957 1 10 0 1.0
5 172170 1105 4093 1 1 1 1.0
5 148121 1107 4195 1 10 1 1.0
5 122135 1107 3596 1 10 1 1.0
5 171641 1112 4773 1 1 1 1.0
5 170964 1114 3704 1 1 1 1.0
5 106272 1116 2436 1 10 0 1.0
5 147342 1117 3609 1 10 1 1.0
5 96017 1118 2318 1 1 0 1.0
5 101619 1122 2156 1 1 0 1.0
5 153161 1125 3202 1 1 1 1.0
5 101868 1126 2170 1 1 1 1.0
5 141442 1131 3911 1 1 1 1.0
5 170695 1134 3969 1 1 1 1.0
5 104422 1136 2298 1 10 0 1.0
5 122518 1137 3091 1 1 0 1.0
5 86110 1142 2081 1 10 1 1.0
5 141251 1145 2854 1 50 0 1.0
5 129234 1147 2612 1 10 0 1.0
5 84169 1150 2218 1 1 1 1.0
5 174716 1152 4192 1 10 0 1.0
5 121292 1155 3631 1 1 1 1.0
5 136929 1155 3309 1 1 0 1.0
5 173692 1156 4407 1 10 1 1.0
5 168409 1156 4030 1 1 0 1.0
5 88167 1157 1829 1 1 0 1.0
5 62562 1158 1687 1 1 1 1.0
5 79637 1160 2066 1 10 1 1.0
5 118878 1162 3531 1 10 1 1.0
5 133768 1163 3439 1 50 0 1.0
5 142410 1172 4187 1 10 0 1.0
5 98838 1173 2481 1 1 0 1.0
5 86800 1176 2413 1 1 1 1.0
5 120574 1184 2554 1 1 1 1.0
5 146063 1188 3052 1 1 0 1.0
5 69125 1197 1633 1 10 1 1.0
5 145908 1197 3356 1 1 0 1.0
5 135427 1200 3498 1 1 0 1.0
5 162839 1203 4092 1 50 0 1.0
5 93737 1205 2675 1 1 1 1.0
5 165894 1205 4897 1 1 0 1.0
5 165871 1206 3826 1 1 1 1.0
5 122406 1209 2621 1 1 0 1.0
5 118773 1211 2989 1 1 0 1.0
5 110611 1215 3160 1 10 0 1.0
5 143662 1221 3355 1 1 1 1.0
5 136300 1223 2918 1 1 0 1.0
5 65844 1223 1743 1 10 1 1.0
5 179811 1227 4883 1 10 1 1.0
5 63539 1228 1389 1 1 1 1.0
5 174809 1230 4903 1 1 0 1.0
5 163380 1231 3628 1 10 0 1.0
5 166903 1234 4218 1 10 0 1.0
5 92400 1237 1884 1 1 1 1.0
5 172671 1238 4564 1 1 1 1.0
5 133573 1241 2705 1 1 0 1.0
5 105731 1245 2839 1 10 1 1.0
5 60029 1246 1571 1 1 1 1.0
5 101749 1248 2665 1 1 0 1.0
5 88340 1251 2603 1 1 0 1.0
5 101358 1254 2524 1 50 1 1.0
5 86682 1256 1969 1 50 0 1.0
5 130304 1257 3603 1 1 1 1.0
5 103942 1269 2884 1 1 0 1.0
5 123182 1270 3353 1 1 0 1.0
5 170431 1272 4511 1 1 1 1.0
5 107872 1272 2362 1 1 1 1.0
5 91170 1273 2691 1 50 0 1.0
5 173223 1275 4696 1 1 1 1.0
5 116099 1281 2605 1 1 1 1.0
5 91352 1283 2734 1 10 0 1.0
5 118453 1284 3225 1 10 0 1.0
5 120123 1287 3136 1 1 1 1.0
5 100771 1291 2079 1 10 1 1.0
5 127326 1292 3781 1 1 1 1.0
5 73800 1295 1906 1 1 1 1.0
5 119776 1296 3238 1 10 1 1.0
5 101626 1308 2390 1 10 1 1.0
5 103834 1309 2218 1 1 1 1.0
5 151903 1312 3653 1 1 0 1.0
5 117751 1313 2964 1 1 1 1.0
5 159941 1313 3423 1 1 0 1.0
5 150038 1318 4270 1 1 0 1.0
5 152428 1320 3185 1 1 0 1.0
5 138848 1321 3017 1 1 0 1.0
5 77516 1323 1655 1 1 0 1.0
5 134323 1324 3354 1 10 1 1.0
5 156299 1326 3821 1 10 1 1.0
5 100444 1329 2067 1 50 1 1.0
5 119402 1337 3439 1 1 0 1.0
5 177399 1338 4956 1 1 1 1.0
5 67259 1339 1882 1 1 0 1.0
5 149667 1342 3835 1 10 1 1.0
5 96867 1342 2270 1 1 0 1.0
5 106145 1345 2288 1 1 0 1.0
5 115076 1348 2525 1 10 1 1.0
5 103449 1349 2310 1 10 1 1.0
5 73451 1349 1971 1 1 1 1.0
5 70236 1352 1940 1 1 0 1.0
5 66022 1355 1550 1 50 0 1.0
5 125959 1357 2737 1 1 0 1.0
5 135858 1361 3210 1 1 0 1.0
5 80100 1361 2038 1 1 0 1.0
5 149234 1362 3523 1 50 1 1.0
5 68754 1365 1530 1 1 1 1.0
5 120107 1370 2792 1 1 0 1.0
5 99757 1373 2074 1 1 0 1.0
5 144098 1374 4109 1 50 0 1.0
5 114879 1375 2864 1 1 0 1.0
5 134176 1376 3898 1 1 0 1.0
5 159956 1381 3346 1 1 1 1.0
5 103858 1386 2705 1 50 0 1.0
5 123876 1391 2934 1 1 1 1.0
5 146001 1391 3601 1 1 1 1.0
5 113433 1392 2529 1 1 0 1.0
5 173523 1393 4968 1 10 1 1.0
5 154707 1393 3326 1 1 1 1.0
5 97198 1393 2439 1 10 0 1.0
5 176470 1393 3689 1 1 1 1.0
5 167980 1394 3497 1 10 0 1.0
5 67889 1395 1582 1 1 1 1.0
5 98362 1395 2360 1 10 1 1.0
5 77146 1400 2259 1 1 0 1.0
5 155110 1400 4273 1 1 0 1.0
5 69551 1401 1544 1 1 0 1.0
5 130774 1402 3409 1 10 1 1.0
5 122850 1403 2922 1 1 0 1.0
5 126554 1404 3071 1 1 1 1.0
5 132141 1404 2662 1 1 1 1.0
5 108034 1404 2513 1 50 1 1.0
5 100202 1408 2476 1 1 1 1.0
5 66728 1409 1540 1 50 0 1.0
5 71771 1410 1648 1 10 1 1.0
5 162009 1419 3615 1 1 0 1.0
5 143183 1421 3455 1 1 0 1.0
5 172187 1424 4593 1 1 0 1.0
5 166256 1426 4774 1 10 0 1.0
5 132605 1427 3193 1 1 1 1.0
5 151912 1427 3970 1 1 1 1.0
5 110609 1430 2485 1 1 0 1.0
5 174072 1434 5190 1 1 1 1.0
5 144379 1439 3658 1 10 0 1.0
5 71155 1441 1881 1 1 0 1.0
5 144828 1446 4005 1 1 1 1.0
5 137982 1451 3563 1 1 0 1.0
5 107136 1452 3185 1 10 1 1.0
5 109114 1453 3022 1 1 0 1.0
5 175616 1456 5255 1 1 1 1.0
5 146021 1456 4052 1 1 0 1.0
5 103336 1465 2845 1 1 0 1.0
5 135411 1467 2988 1 10 1 1.0
5 171101 1468 3892 1 50 1 1.0
5 169621 1471 4104 1 1 1 1.0
5 132912 1473 2924 1 10 1 1.0
5 101632 1474 2575 1 1 0 1.0
5 125320 1476 3607 1 10 0 1.0
5 79567 1481 2367 1 50 1 1.0
5 118226 1483 2772 1 1 1 1.0
5 87016 1484 1831 1 1 0 1.0
5 161250 1487 3935 1 1 1 1.0
5 142764 1487 4150 1 10 1 1.0
5 126215 1487 3267 1 50 1 1.0
5 73166 1493 2009 1 10 0 1.0
5 75223 1493 2000 1 1 0 1.0
5 69858 1493 1564 1 1 1 1.0
5 116833 1494 3152 1 1 0 1.0
5 138220 1496 3649 1 1 0 1.0
5 107590 1503 2224 1 10 1 1.0
5 153925 1508 4312 1 50 0 1.0
5 155627 1509 3515 1 10 1 1.0
5 74401 1512 1995 1 10 0 1.0
5 162464 1513 4493 1 10 0 1.0
5 64353 1515 1507 1 10 1 1.0
5 145077 1520 3069 1 50 1 1.0
5 90065 1525 1956 1 10 1 1.0
5 138142 1536 3097 1 50 1 1.0
5 104581 1537 2458 1 10 0 1.0
5 61876 1538 1727 1 1 1 1.0
5 117406 1538 2457 1 1 0 1.0
5 65819 1539 1749 1 1 0 1.0
5 69402 1541 1630 1 1 1 1.0
5 103959 1542 2720 1 1 1 1.0
5 82272 1543 2358 1 1 0 1.0
5 163626 1549 3477 1 10 1 1.0
5 119059 1550 3029 1 10 0 1.0
5 133791 1552 2852 1 1 1 1.0
5 98371 1554 2357 1 1 1 1.0
5 118998 1555 2456 1 1 0 1.0
5 143841 1558 3274 1 1 1 1.0
5 172358 1559 4226 1 1 0 1.0
5 92020 1564 2513 1 10 1 1.0
5 155867 1568 4636 1 10 0 1.0
5 159486 1569 4474 1 50 0 1.0
5 84041 1571 1867 1 10 1 1.0
5 158657 1574 3774 1 1 1 1.0
5 78163 1580 2313 1 1 0 1.0
5 156377 1582 4562 1 1 0 1.0
5 133823 1584 3939 1 10 0 1.0
5 101459 1585 2495 1 1 1 1.0
5 135014 1592 3376 1 10 1 1.0
5 168549 1594 4996 1 1 1 1.0
5 127931 1595 2605 1 1 0 1.0
5 126994 1603 3501 1 10 1 1.0
5 122441 1606 2773 1 50 0 1.0
5 127259 1607 2894 1 1 0 1.0
5 95919 1609 1995 1 10 0 1.0
5 144960 1611 3282 1 10 1 1.0
5 131318 1615 3587 1 10 0 1.0
5 84015 1617 2350 1 1 1 1.0
5 82291 1621 2051 1 10 1 1.0
5 85736 1621 2487 1 1 1 1.0
5 144332 1621 3241 1 10 0 1.0
5 79181 1622 2161 1 1 1 1.0
5 92281 1629 1989 1 10 0 1.0
5 146897 1629 3918 1 50 0 1.0
5 93045 1632 2632 1 10 0 1.0
5 163222 1632 4429 1 50 0 1.0
5 169773 1636 3930 1 10 1 1.0
5 128924 1636 3025 1 1 1 1.0
5 163705 1643 4766 1 1 1 1.0
5 147147 1643 3547 1 1 1 1.0
5 93894 1648 2550 1 1 0 1.0
5 71012 1650 1940 1 10 1 1.0
5 143016 1655 3663 1 1 1 1.0
5 120260 1660 3367 1 1 0 1.0
5 143204 1661 3529 1 10 1 1.0
5 85373 1662 2233 1 1 0 1.0
5 167743 1662 4898 1 1 1 1.0
5 68956 1664 1648 1 1 0 1.0
5 67338 1665 1383 1 50 0 1.0
5 75176 1665 1659 1 1 1 1.0
5 78373 1672 2309 1 1 1 1.0
5 71650 1672 1584 1 10 1 1.0
5 178724 1675 5168 1 50 0 1.0
5 152517 1677 4083 1 1 1 1.0
5 138569 1683 3192 1 10 0 1.0
5 107915 1687 2646 1 1 0 1.0
5 72476 1695 1704 1 1 1 1.0
5 158476 1696 4164 1 10 1 1.0
5 146407 1701 4197 1 1 0 1.0
5 82013 1702 1809 1 50 0 1.0
5 157465 1703 3837 1 10 0 1.0
5 137677 1708 2854 1 1 0 1.0
5 149206 1711 4312 1 50 1 1.0
5 77281 1714 2237 1 1 0 1.0
5 97546 1724 2718 1 1 0 1.0
5 173280 1727 3659 1 1 0 1.0
5 150757 1728 3197 1 10 0 1.0
5 122205 1729 3375 1 1 1 1.0
5 157628 1729 4688 1 10 1 1.0
5 158626 1731 4583 1 1 0 1.0
5 165009 1732 4095 1 1 1 1.0
5 113251 1733 3164 1 1 0 1.0
5 88399 1735 2070 1 1 0 1.0
5 116924 1739 2850 1 1 0 1.0
5 154250 1743 4472 1 10 0 1.0
5 95424 1749 2835 1 10 1 1.0
5 141315 1751 4087 1 1 0 1.0
5 176392 1752 4969 1 1 0 1.0
5 155543 1760 4262 1 50 0 1.0
5 97021 1761 2421 1 1 1 1.0
5 165662 1765 3980 1 10 1 1.0
5 166432 1765 3416 1 50 1 1.0
5 165789 1767 4785 1 1 0 1.0
5 139056 1768 2977 1 1 1 1.0
5 169461 1768 3978 1 1 0 1.0
5 144616 1772 3488 1 1 0 1.0
5 83260 1774 2254 1 10 1 1.0
5 83763 1785 2053 1 1 0 1.0
5 148979 1787 4118 1 1 0 1.0
5 144186 1788 3105 1 10 1 1.0
5 115830 1796 2678 1 10 1 1.0
5 68158 1798 1741 1 1 0 1.0
5 171718 1799 3783 1 1 0 1.0
5 141795 1799 3930 1 10 1 1.0
5 154520 1801 4582 1 1 1 1.0
5 111060 1803 3125 1 1 0 1.0
5 98504 1805 2900 1 1 0 1.0
5 107691 1808 2453 1 1 0 1.0
5 158920 1809 3665 1 50 1 1.0
5 129764 1810 2664 1 1 1 1.0
5 86679 1816 2504 1 1 1 1.0
5 120609 1821 2998 1 10 0 1.0
5 113405 1824 2849 1 1 0 1.0
5 71605 1824 1475 1 10 1 1.0
5 105225 1829 2973 1 1 1 1.0
5 119472 1832 2713 1 1 1 1.0
5 150022 1835 3231 1 10 0 1.0
5 80580 1838 1870 1 1 1 1.0
5 157080 1847 4206 1 1 1 1.0
5 79928 1847 2114 1 1 1 1.0
5 60183 1847 1602 1 1 0 1.0
5 99322 1851 2813 1 1 0 1.0
5 108621 1854 3070 1 1 0 1.0
5 141927 1860 3692 1 10 0 1.0
5 172163 1861 4632 1 1 1 1.0
5 65006 1863 1932 1 1 0 1.0
5 125284 1873 2729 1 10 1 1.0
5 133406 1875 2937 1 10 1 1.0
5 131338 1881 3852 1 1 1 1.0
5 108939 1889 2429 1 1 0 1.0
5 79243 1889 2108 1 1 1 1.0
5 102968 1893 3025 1 1 0 1.0
5 110130 1899 2644 1 1 0 1.0
5 79018 1902 2010 1 1 1 1.0
5 169146 1902 3844 1 50 1 1.0
5 112264 1903 2998 1 10 1 1.0
5 170738 1905 3863 1 1 0 1.0
5 93344 1906 2261 1 1 1 1.0
5 131731 1907 3690 1 1 0 1.0
5 70439 1909 2073 1 1 0 1.0
5 170060 1909 4455 1 1 0 1.0
5 121301 1909 2511 1 1 1 1.0
5 162791 1911 4870 1 1 1 1.0
5 156465 1912 4274 1 1 0 1.0
5 120821 1912 2898 1 1 1 1.0
5 125989 1912 3466 1 50 1 1.0
5 87232 1912 2161 1 1 0 1.0
5 129568 1914 2943 1 1 0 1.0
5 155046 1916 4298 1 50 1 1.0
5 89841 1918 2078 1 10 1 1.0
5 102461 1919 2514 1 1 1 1.0
5 153504 1927 3516 1 1 1 1.0
5 66928 1934 1957 1 1 0 1.0
5 154777 1938 3680 1 1 0 1.0
5 60488 1940 1337 1 1 1 1.0
5 74769 1941 1887 1 1 1 1.0
5 140608 1944 3839 1 1 1 1.0
5 107715 1947 3065 1 1 1 1.0
5 127509 1947 3319 1 10 1 1.0
5 108639 1949 2895 1 1 0 1.0
5 148385 1952 3659 1 1 0 1.0
5 61253 1952 1324 1 10 0 1.0
5 164308 1956 4231 1 1 0 1.0
5 69874 1960 1885 1 1 1 1.0
5 138708 1960 3322 1 10 1 1.0
5 173891 1962 4917 1 1 1 1.0
5 129889 1965 2930 1 1 1 1.0
5 161926 1968 3529 1 1 0 1.0
5 177297 1969 4464 1 1 1 1.0
5 163020 1972 4603 1 1 1 1.0
5 61405 1973 1332 1 1 0 1.0
5 135981 1974 3036 1 50 0 1.0
5 133300 1974 3540 1 1 1 1.0
5 123556 1982 2478 1 1 0 1.0
5 176021 1986 5176 1 10 1 1.0
5 126098 1987 2959 1 1 1 1.0
5 83487 1989 2117 1 1 0 1.0
5 150639 1991 4498 1 10 1 1.0
5 169861 1991 4577 1 1 0 1.0
5 159974 1992 3670 1 1 1 1.0
5 111005 1993 3239 1 1 1 1.0
5 82717 1995 2159 1 10 0 1.0
5 114427 1997 2831 1 50 0 1.0
5 76315 1998 2143 1 1 1 1.0
5 149549 2002 3942 1 1 0 1.0
5 101017 2003 2303 1 10 1 1.0
5 136889 2005 4101 1 10 1 1.0
5 108496 2005 3199 1 10 0 1.0
5 134788 2012 3967 1 50 1 1.0
5 158600 2012 4531 1 1 0 1.0
5 125317 2013 2648 1 1 1 1.0
5 90406 2016 2534 1 1 0 1.0
5 176694 2017 4119 1 1 0 1.0
5 72738 2019 1612 1 1 1 1.0
5 72384 2019 1564 1 50 1 1.0
5 143824 2021 3059 1 1 1 1.0
5 140652 2021 4021 1 10 0 1.0
5 61200 2026 1396 1 50 1 1.0
5 172959 2034 3922 1 1 0 1.0
5 137750 2037 2867 1 1 0 1.0
5 97250 2038 2846 1 10 0 1.0
5 97185 2041 2910 1 1 0 1.0
5 140961 2046 3841 1 1 1 1.0
5 118035 2047 2666 1 1 1 1.0
5 171337 2048 5130 1 1 0 1.0
5 105579 2050 2439 1 1 1 1.0
5 84998 2052 2261 1 1 0 1.0
5 176312 2055 3737 1 10 1 1.0
5 99512 2056 2632 1 10 0 1.0
5 77367 2057 1978 1 10 0 1.0
5 122105 2057 3255 1 10 1 1.0
5 143147 2060 3971 1 1 0 1.0
5 109330 2061 2186 1 50 1 1.0
5 75322 2064 1621 1 10 0 1.0
5 64750 2075 1833 1 1 1 1.0
5 99738 2076 2745 1 1 0 1.0
5 166760 2076 3762 1 1 1 1.0
5 130242 2077 3390 1 1 0 1.0
5 151295 2077 4355 1 50 0 1.0
5 77340 2078 2144 1 1 0 1.0
5 65781 2085 1907 1 10 1 1.0
5 72211 2085 2034 1 1 1 1.0
5 140485 2091 3041 1 1 1 1.0
5 127768 2091 3482 1 1 1 1.0
5 155217 2092 3756 1 50 0 1.0
5 122666 2093 3566 1 1 1 1.0
5 157027 2094 3375 1 50 1 1.0
5 146359 2098 3806 1 50 0 1.0
5 121181 2098 2667 1 10 1 1.0
5 95881 2101 2303 1 1 1 1.0
5 76623 2101 1678 1 1 1 1.0
5 136398 2103 3742 1 50 1 1.0
5 167258 2103 4888 1 10 0 1.0
5 125086 2106 3652 1 10 0 1.0
5 163404 2106 3454 1 1 1 1.0
5 162214 2108 3250 1 10 1 1.0
5 66310 2111 1815 1 10 1 1.0
5 163103 2114 4056 1 1 1 1.0
5 60174 2118 1491 1 50 0 1.0
5 62863 2119 1425 1 1 1 1.0
5 170633 2121 4447 1 1 1 1.0
5 155225 2122 3700 1 10 1 1.0
5 167219 2123 3804 1 10 1 1.0
5 95888 2123 2322 1 1 0 1.0
5 178699 2127 4555 1 1 1 1.0
5 158907 2128 4434 1 1 1 1.0
5 156074 2129 4040 1 10 1 1.0
5 137280 2131 3770 1 50 1 1.0
5 133275 2132 3948 1 1 0 1.0
5 112539 2136 2424 1 10 1 1.0
5 88660 2137 2042 1 10 1 1.0
5 172775 2139 3694 1 50 1 1.0
5 100044 2149 2772 1 1 0 1.0
5 102420 2150 3002 1 50 0 1.0
5 116565 2151 3123 1 10 0 1.0
5 177552 2151 4756 1 10 1 1.0
5 172119 2154 3720 1 10 0 1.0
5 167924 2155 3586 1 1 1 1.0
5 129217 2156 3832 1 1 1 1.0
5 120782 2163 3557 1 1 0 1.0
5 70080 2165 1444 1 10 0 1.0
5 60768 2169 1375 1 1 0 1.0
5 125434 2169 2634 1 10 0 1.0
5 157140 2170 3255 1 1 1 1.0
5 137086 2171 4053 1 10 0 1.0
5 172104 2172 3565 1 10 1 1.0
5 150603 2175 3427 1 1 1 1.0
5 103006 2176 2505 1 10 1 1.0
5 89685 2176 2025 1 10 0 1.0
5 175013 2177 4404 1 10 1 1.0
5 134668 2180 3002 1 1 1 1.0
5 167367 2191 4386 1 1 0 1.0
5 128216 2191 2659 1 10 1 1.0
5 125398 2191 2707 1 1 0 1.0
5 121531 2197 3306 1 1 0 1.0
5 82215 2199 2258 1 1 0 1.0
5 134202 2200 3377 1 1 1 1.0
5 166149 2200 4796 1 1 1 1.0
5 87921 2206 2290 1 10 1 1.0
5 91297 2207 1929 1 1 0 1.0
5 139427 2212 3682 1 10 1 1.0
5 89137 2215 2536 1 1 1 1.0
5 106272 2215 2913 1 10 0 1.0
5 60170 2219 1355 1 10 1 1.0
5 74751 2221 1544 1 1 1 1.0
5 108366 2222 3216 1 1 0 1.0
5 130015 2226 3715 1 1 0 1.0
5 72071 2227 2132 1 1 1 1.0
5 93177 2227 2594 1 1 1 1.0
5 93573 2228 2732 1 10 0 1.0
5 106588 2228 2931 1 1 0 1.0
5 91354 2234 1858 1 1 0 1.0
5 128953 2235 3692 1 1 0 1.0
5 161359 2237 4014 1 1 0 1.0
5 161899 2245 4186 1 1 0 1.0
5 86422 2246 1851 1 1 1 1.0
5 72428 2247 2086 1 1 0 1.0
5 164497 2250 4436 1 1 0 1.0
5 119897 2252 3209 1 1 1 1.0
5 146054 2253 3666 1 10 1 1.0
5 71857 2256 1697 1 50 1 1.0
5 68082 2257 1881 1 10 1 1.0
5 127157 2257 3650 1 1 1 1.0
5 62098 2262 1622 1 10 1 1.0
5 68535 2265 1959 1 10 0 1.0
5 114361 2267 3139 1 1 1 1.0
5 64912 2270 1789 1 1 1 1.0
5 171213 2272 3684 1 1 1 1.0
5 179423 2274 3841 1 10 0 1.0
5 64626 2274 1409 1 1 0 1.0
5 157578 2277 4379 1 10 0 1.0
5 171681 2281 4368 1 10 0 1.0
5 92510 2284 2713 1 10 1 1.0
5 139198 2287 3930 1 10 0 1.0
5 174135 2290 4463 1 1 0 1.0
5 98958 2291 2135 1 1 1 1.0
5 139548 2293 3304 1 1 1 1.0
5 146196 2295 3235 1 10 0 1.0
5 66256 2300 1682 1 1 0 1.0
5 116013 2302 2455 1 10 0 1.0
5 137855 2305 3915 1 1 0 1.0
5 114703 2307 2389 1 1 1 1.0
5 107942 2313 2878 1 10 0 1.0
5 122201 2319 3442 1 10 0 1.0
5 69966 2323 1981 1 50 1 1.0
5 175280 2324 4281 1 50 0 1.0
5 74496 2326 1595 1 1 0 1.0
5 90562 2327 2329 1 1 0 1.0
5 81303 2327 1885 1 1 1 1.0
5 146598 2330 3343 1 1 0 1.0
5 151539 2331 4185 1 1 1 1.0
5 128821 2333 3541 1 10 1 1.0
5 60069 2335 1620 1 1 1 1.0
5 176298 2344 4349 1 50 1 1.0
5 152356 2344 4357 1 1 1 1.0
5 142760 2345 3448 1 10 0 1.0
5 132380 2346 2796 1 1 1 1.0
5 99011 2347 2277 1 50 0 1.0
5 178551 2354 4456 1 10 1 1.0
5 131506 2356 3533 1 1 1 1.0
5 178447 2359 4662 1 10 0 1.0
5 71985 2360 1712 1 10 1 1.0
5 129936 2364 3840 1 10 0 1.0
5 73847 2365 1884 1 1 1 1.0
5 105121 2367 2729 1 10 1 1.0
5 128198 2367 2760 1 1 0 1.0
5 140834 2367 3000 1 1 1 1.0
5 172216 2367 4659 1 50 0 1.0
5 133625 2369 2853 1 1 0 1.0
5 72493 2370 1481 1 10 0 1.0
5 142521 2373 2882 1 50 1 1.0
5 165939 2374 3782 1 1 1 1.0
5 154763 2375 4456 1 1 1 1.0
5 151710 2378 3439 1 10 0 1.0
5 68187 2381 1758 1 1 0 1.0
5 87469 2382 2603 1 10 0 1.0
5 142872 2385 4059 1 1 1 1.0
5 129654 2385 3419 1 1 0 1.0
5 160758 2386 4336 1 1 0 1.0
5 157111 2392 3762 1 1 1 1.0
5 87287 2392 2383 1 10 0 1.0
5 83324 2395 1894 1 1 1 1.0
5 139258 2396 3349 1 1 1 1.0
5 72450 2400 1974 1 1 0 1.0
5 133232 2404 3779 1 50 1 1.0
5 87183 2405 2494 1 1 1 1.0
5 154118 2405 3483 1 10 0 1.0
5 129721 2407 3820 1 10 1 1.0
5 105961 2410 2208 1 1 1 1.0
5 81074 2411 1907 1 1 1 1.0
5 166331 2411 3537 1 1 1 1.0
5 111215 2413 2541 1 1 0 1.0
5 160330 2415 3582 1 1 0 1.0
5 80589 2415 2061 1 1 1 1.0
5 148405 2417 4069 1 10 1 1.0
5 175129 2419 4919 1 50 0 1.0
5 153494 2426 3791 1 1 0 1.0
5 109827 2426 3169 1 1 0 1.0
5 78887 2427 2089 1 1 0 1.0
5 173040 2428 3711 1 10 0 1.0
5 155114 2431 3876 1 1 1 1.0
5 176733 2433 4648 1 50 0 1.0
5 135875 2434 3532 1 10 1 1.0
5 163191 2439 4772 1 1 0 1.0
5 143789 2439 2972 1 1 0 1.0
5 166240 2442 4487 1 1 0 1.0
5 162090 2442 3799 1 10 1 1.0
5 155050 2442 3216 1 10 0 1.0
5 151605 2444 3705 1 1 0 1.0
5 95808 2448 2073 1 10 0 1.0
5 127459 2448 3006 1 50 0 1.0
5 173094 2451 5029 1 50 1 1.0
5 76555 2452 2002 1 1 0 1.0
5 75509 2453 1951 1 10 1 1.0
5 152547 2456 3815 1 10 0 1.0
5 168711 2458 5058 1 10 1 1.0
5 78644 2460 1774 1 1 0 1.0
5 61614 2462 1736 1 10 0 1.0
5 163054 2466 4363 1 1 0 1.0
5 163411 2467 4269 1 10 1 1.0
5 104263 2468 2813 1 1 0 1.0
5 177281 2477 3768 1 10 0 1.0
5 116392 2482 3307 1 1 0 1.0
5 179788 2482 4992 1 50 0 1.0
5 150521 2482 3063 1 1 1 1.0
5 174413 2483 3732 1 10 0 1.0
5 78614 2483 1819 1 1 1 1.0
5 120317 2486 2818 1 10 1 1.0
5 70844 2492 1723 1 1 1 1.0
5 130723 2493 2823 1 1 0 1.0
5 73440 2494 1567 1 1 0 1.0
5 146278 2500 3260 1 1 1 1.0
5 164615 2507 3886 1 10 0 1.0
5 152631 2507 3614 1 50 0 1.0
5 70662 2508 1669 1 10 0 1.0
5 73112 2510 1694 1 50 0 1.0
5 145565 2512 4087 1 1 1 1.0
5 94658 2513 2561 1 1 1 1.0
5 144722 2514 3543 1 1 0 1.0
5 89984 2515 1849 1 1 0 1.0
5 91506 2515 2313 1 1 1 1.0
5 90684 2516 1972 1 10 1 1.0
5 71204 2519 1704 1 50 1 1.0
5 101617 2519 2685 1 1 0 1.0
5 132349 2520 3256 1 1 0 1.0
5 73067 2521 2091 1 1 0 1.0
5 138079 2522 3739 1 1 1 1.0
5 86350 2523 1959 1 1 0 1.0
5 111565 2523 3092 1 1 0 1.0
5 87202 2529 2305 1 1 0 1.0
5 174788 2531 4053 1 1 0 1.0
5 129327 2531 3329 1 10 0 1.0
5 104841 2532 2289 1 1 1 1.0
5 105073 2534 2790 1 1 0 1.0
5 139930 2535 3915 1 10 1 1.0
5 173048 2538 3604 1 10 1 1.0
5 65085 2547 1467 1 10 0 1.0
5 62030 2551 1644 1 1 0 1.0
5 165672 2556 4401 1 1 1 1.0
5 127851 2559 3251 1 10 1 1.0
5 149941 2572 3779 1 1 0 1.0
5 96385 2572 2540 1 10 1 1.0
5 137575 2576 3610 1 10 1 1.0
5 61290 2579 1671 1 10 0 1.0
5 74263 2582 1493 1 10 1 1.0
5 160207 2586 4734 1 10 1 1.0
5 129151 2587 3436 1 1 0 1.0
5 86537 2589 2032 1 1 1 1.0
5 61246 2593 1561 1 1 0 1.0
5 156899 2596 4109 1 1 0 1.0
5 156952 2600 3292 1 1 1 1.0
5 84767 2602 2113 1 1 0 1.0
5 136116 2605 3008 1 10 1 1.0
5 88653 2607 1966 1 10 0 1.0
5 136498 2608 3234 1 1 1 1.0
5 79506 2609 2164 1 10 0 1.0
5 103588 2609 2910 1 1 1 1.0
5 86980 2609 2349 1 10 1 1.0
5 175464 2611 3910 1 1 0 1.0
5 92327 2611 1871 1 1 1 1.0
5 136730 2617 3130 1 1 0 1.0
5 66480 2618 1654 1 1 0 1.0
5 110017 2633 2383 1 1 0 1.0
5 101360 2634 2998 1 1 0 1.0
5 96418 2646 2055 1 1 0 1.0
5 122394 2653 2494 1 1 0 1.0
5 132935 2658 3835 1 1 1 1.0
5 106769 2658 2928 1 1 1 1.0
5 108718 2658 2787 1 1 1 1.0
5 176138 2661 3853 1 1 1 1.0
5 145033 2662 3316 1 10 0 1.0
5 102384 2666 2428 1 1 0 1.0
5 65653 2667 1760 1 1 0 1.0
5 92944 2670 2537 1 1 0 1.0
5 94019 2677 2205 1 10 0 1.0
5 141190 2681 3585 1 10 1 1.0
5 123788 2685 2573 1 10 1 1.0
5 93663 2691 2237 1 10 0 1.0
5 162114 2691 4695 1 1 0 1.0
5 107967 2692 2926 1 1 1 1.0
5 60090 2694 1357 1 50 0 1.0
5 89330 2696 2168 1 1 0 1.0
5 68698 2698 1647 1 50 0 1.0
5 97262 2712 2477 1 1 1 1.0
5 80637 2714 1982 1 50 0 1.0
5 96019 2716 2581 1 1 1 1.0
5 71058 2716 1953 1 10 0 1.0
5 157434 2717 3572 1 1 0 1.0
5 155989 2718 3999 1 1 1 1.0
5 146698 2724 4184 1 10 1 1.0
5 76445 2726 2204 1 1 1 1.0
5 173087 2727 4870 1 1 0 1.0
5 129141 2729 3763 1 10 1 1.0
5 170813 2733 4632 1 10 1 1.0
5 81444 2735 1814 1 1 1 1.0
5 152575 2736 4348 1 1 1 1.0
5 154158 2737 3520 1 10 1 1.0
5 62582 2738 1280 1 10 1 1.0
5 143524 2739 4298 1 1 1 1.0
5 173534 2742 4773 1 10 0 1.0
5 63457 2743 1417 1 1 1 1.0
5 124563 2745 2951 1 1 0 1.0
5 94042 2748 2067 1 1 0 1.0
5 85495 2748 1806 1 1 1 1.0
5 110600 2749 2459 1 10 0 1.0
5 129181 2751 3243 1 1 0 1.0
5 94157 2752 2284 1 10 0 1.0
5 107627 2754 3090 1 50 1 1.0
5 115497 2756 3445 1 1 0 1.0
5 156448 2757 4155 1 1 0 1.0
5 129173 2757 2700 1 50 0 1.0
5 76641 2759 1718 1 1 1 1.0
5 179866 2760 4730 1 10 0 1.0
5 81132 2761 1684 1 1 0 1.0
5 113382 2762 3315 1 1 0 1.0
5 67940 2765 1617 1 1 1 1.0
5 158688 2766 3418 1 1 1 1.0
5 81480 2769 2111 1 10 1 1.0
5 106116 2779 3137 1 1 1 1.0
5 92993 2781 2027 1 1 0 1.0
5 152318 2783 4086 1 1 1 1.0
5 89463 2786 2145 1 1 1 1.0
5 108583 2787 2398 1 1 1 1.0
5 82188 2793 2212 1 10 1 1.0
5 130460 2794 3611 1 10 1 1.0
5 117595 2794 2717 1 50 1 1.0
5 129699 2797 3050 1 10 1 1.0
5 71166 2798 1674 1 1 1 1.0
5 169806 2806 4571 1 1 1 1.0
5 163890 2808 4658 1 1 1 1.0
5 121602 2813 3607 1 1 1 1.0
5 143335 2814 4090 1 50 0 1.0
5 103960 2815 2980 1 10 0 1.0
5 66511 2817 1374 1 10 1 1.0
5 79200 2820 1907 1 1 0 1.0
5 70159 2823 1811 1 1 0 1.0
5 113547 2825 2729 1 50 0 1.0
5 83485 2826 2150 1 50 0 1.0
5 74420 2827 1802 1 50 0 1.0
5 108463 2828 3103 1 10 1 1.0
5 61441 2829 1547 1 10 1 1.0
5 104159 2834 2132 1 1 0 1.0
5 63941 2845 1625 1 10 0 1.0
5 122852 2846 3487 1 10 1 1.0
5 82309 2847 1993 1 50 0 1.0
5 155966 2848 4430 1 1 1 1.0
5 119769 2850 2647 1 1 0 1.0
5 107306 2851 2491 1 1 0 1.0
5 109184 2854 2566 1 1 0 1.0
5 167026 2854 5008 1 1 0 1.0
5 135260 2856 3082 1 1 0 1.0
5 172531 2858 3572 1 50 1 1.0
5 132158 2859 2918 1 1 1 1.0
5 80523 2863 2117 1 1 0 1.0
5 78192 2868 2082 1 1 0 1.0
5 62063 2868 1546 1 1 0 1.0
5 83836 2868 1835 1 10 0 1.0
5 63791 2872 1888 1 1 1 1.0
5 128134 2881 3645 1 1 0 1.0
5 169782 2883 4284 1 10 1 1.0
5 158107 2885 4075 1 10 1 1.0
5 88175 2887 1798 1 10 1 1.0
5 168473 2888 3394 1 1 1 1.0
5 107234 2889 2942 1 50 1 1.0
5 154724 2891 3386 1 10 1 1.0
5 115728 2892 2522 1 1 0 1.0
5 112241 2896 2748 1 50 0 1.0
5 90423 2898 2486 1 1 1 1.0
5 88433 2898 2086 1 10 0 1.0
5 121326 2903 2966 1 50 1 1.0
5 127324 2903 2634 1 1 0 1.0
5 77173 2904 2060 1 10 0 1.0
5 117192 2905 2914 1 10 1 1.0
5 128606 2909 3643 1 1 1 1.0
5 132237 2916 2840 1 10 0 1.0
5 137168 2916 3977 1 1 1 1.0
5 136334 2922 3710 1 50 0 1.0
5 149459 2923 4258 1 1 1 1.0
5 117256 2925 2977 1 1 1 1.0
5 86199 2926 1735 1 10 0 1.0
5 79459 2928 1703 1 50 1 1.0
5 89896 2933 2206 1 1 1 1.0
5 159339 2934 4615 1 10 1 1.0
5 133502 2940 2846 1 1 0 1.0
5 130741 2941 3721 1 10 0 1.0
5 147480 2944 4388 1 1 1 1.0
5 141632 2945 3814 1 10 1 1.0
5 172975 2945 3854 1 1 1 1.0
5 147579 2949 4030 1 50 0 1.0
5 149249 2950 4147 1 1 0 1.0
5 167287 2951 4597 1 1 1 1.0
5 93630 2952 1888 1 1 0 1.0
5 78435 2953 2216 1 10 1 1.0
5 145196 2958 3581 1 10 0 1.0
5 60996 2959 1706 1 1 1 1.0
5 85873 2959 2519 1 10 1 1.0
5 128243 2971 3289 1 10 0 1.0
5 114847 2973 3379 1 1 0 1.0
5 157323 2973 4683 1 50 0 1.0
5 121149 2975 2869 1 1 1 1.0
5 144726 2982 2933 1 10 0 1.0
5 128397 2986 2604 1 50 0 1.0
5 174838 2988 4453 1 1 0 1.0
5 104446 2992 2737 1 50 0 1.0
5 72984 2992 1991 1 1 0 1.0
5 149674 2992 4010 1 1 1 1.0
5 176949 2994 3856 1 10 1 1.0
5 175777 2999 5160 1 10 1 1.0
5 84540 2999 1866 1 1 1 1.0
5 117530 2999 3340 1 1 0 1.0
5 92683 3003 2255 1 1 1 1.0
5 99674 3004 2731 1 10 0 1.0
5 173770 3007 3618 1 10 1 1.0
5 112941 3007 3104 1 1 1 1.0
5 82898 3007 2450 1 1 0 1.0
5 151504 3008 3554 1 10 1 1.0
5 168576 3008 4221 1 1 1 1.0
5 112699 3011 3057 1 1 0 1.0
5 127235 3011 2751 1 1 0 1.0
5 179478 3016 4653 1 10 1 1.0
5 68546 3017 1433 1 1 0 1.0
5 101342 3024 2580 1 10 0 1.0
5 133023 3026 2726 1 10 0 1.0
5 76783 3027 2275 1 50 0 1.0
5 158721 3029 4276 1 10 1 1.0
5 154620 3033 4166 1 50 0 1.0
5 89651 3036 2314 1 1 0 1.0
5 117995 3038 2371 1 1 1 1.0
5 158274 3039 3226 1 1 0 1.0
5 137559 3050 2981 1 1 0 1.0
5 104845 3050 2239 1 1 0 1.0
5 162626 3053 3966 1 1 1 1.0
5 130768 3063 3132 1 10 1 1.0
5 63963 3064 1701 1 1 1 1.0
5 172282 3070 4501 1 1 0 1.0
5 161676 3072 3528 1 1 0 1.0
5 169662 3078 3992 1 1 1 1.0
5 165536 3078 4188 1 1 1 1.0
5 138676 3080 3608 1 10 1 1.0
5 161009 3082 3611 1 10 0 1.0
5 76362 3082 2179 1 1 1 1.0
5 136631 3083 3210 1 10 1 1.0
5 163515 3088 4208 1 1 1 1.0
5 64630 3093 1783 1 1 1 1.0
5 112052 3094 2809 1 1 1 1.0
5 157083 3094 3902 1 1 0 1.0
5 111572 3099 3166 1 1 0 1.0
5 106692 3101 2858 1 1 0 1.0
5 84288 3103 2162 1 1 1 1.0
5 150548 3103 3073 1 50 0 1.0
5 111454 3107 2614 1 10 0 1.0
5 72721 3110 1547 1 1 0 1.0
5 65851 3113 1899 1 1 1 1.0
5 156718 3114 3966 1 10 0 1.0
5 91340 3118 2507 1 1 1 1.0
5 135154 3119 3690 1 1 1 1.0
5 150560 3119 4022 1 1 0 1.0
5 123097 3126 3613 1 1 0 1.0
5 134918 3127 3161 1 1 0 1.0
5 118707 3135 3150 1 10 0 1.0
5 161264 3137 3590 1 10 1 1.0
5 98657 3137 2795 1 10 1 1.0
5 77414 3139 2193 1 10 1 1.0
5 90937 3140 2637 1 1 1 1.0
5 85686 3149 2126 1 10 1 1.0
5 140313 3150 3356 1 1 1 1.0
5 149106 3153 4048 1 1 0 1.0
5 85384 3157 2042 1 10 1 1.0
5 111957 3158 3355 1 10 1 1.0
5 179686 3159 4241 1 50 1 1.0
5 139260 3160 3490 1 1 1 1.0
5 115883 3162 2683 1 10 1 1.0
5 145405 3167 3698 1 1 0 1.0
5 122540 3168 2722 1 10 1 1.0
5 138420 3169 3789 1 50 0 1.0
5 136752 3169 3984 1 1 0 1.0
5 113526 3171 3345 1 1 0 1.0
5 112996 3171 2553 1 1 1 1.0
5 94364 3171 1904 1 10 1 1.0
5 127318 3172 3434 1 10 0 1.0
5 178143 3176 3685 1 1 0 1.0
5 131656 3192 2868 1 50 0 1.0
5 173582 3192 4358 1 10 1 1.0
5 88998 3194 2038 1 10 0 1.0
5 60100 3195 1257 1 1 0 1.0
5 89542 3197 1918 1 1 0 1.0
5 171982 3198 4913 1 1 0 1.0
5 163129 3199 4856 1 1 1 1.0
5 175078 3200 5184 1 1 0 1.0
5 92147 3200 1995 1 1 1 1.0
5 163884 3201 3472 1 1 1 1.0
5 62950 3201 1279 1 1 0 1.0
5 120012 3203 3161 1 10 1 1.0
5 142992 3203 3367 1 10 1 1.0
5 115586 3203 3240 1 10 0 1.0
5 79871 3203 1810 1 1 1 1.0
5 81667 3211 2421 1 1 0 1.0
5 161504 3213 3549 1 10 0 1.0
5 171713 3215 4738 1 1 0 1.0
5 76344 3217 1855 1 1 1 1.0
5 140842 3218 3473 1 1 0 1.0
5 66438 3222 1578 1 1 0 1.0
5 146696 3224 3459 1 10 1 1.0
5 78888 3225 2298 1 1 1 1.0
5 136911 3231 2750 1 10 0 1.0
5 91774 3231 2480 1 1 0 1.0
5 115017 3232 3081 1 1 0 1.0
5 125897 3238 3613 1 1 0 1.0
5 150000 3239 3700 1 10 0 1.0
5 168196 3239 3989 1 1 0 1.0
5 121338 3240 2589 1 1 1 1.0
5 82018 3241 1996 1 1 1 1.0
5 78646 3245 1647 1 10 1 1.0
5 125625 3246 3490 1 1 1 1.0
5 152967 3246 3818 1 10 1 1.0
5 158575 3247 4128 1 1 0 1.0
5 166742 3250 4782 1 1 1 1.0
5 153775 3250 3119 1 1 0 1.0
5 73538 3251 1992 1 10 0 1.0
5 176825 3251 5137 1 1 0 1.0
5 162072 3252 3637 1 1 0 1.0
5 153764 3253 3672 1 50 0 1.0
5 72782 3253 1662 1 1 0 1.0
5 85652 3253 2053 1 10 1 1.0
5 67755 3258 1476 1 10 0 1.0
5 170220 3259 3970 1 1 1 1.0
5 112163 3260 3310 1 1 1 1.0
5 141430 3262 4236 1 1 0 1.0
5 138525 3266 3835 1 10 1 1.0
5 108347 3267 2919 1 1 1 1.0
5 155024 3271 3364 1 1 0 1.0
5 90289 3272 1906 1 1 1 1.0
5 175354 3274 3687 1 10 0 1.0
5 114416 3274 2754 1 50 1 1.0
5 155114 3274 3670 1 10 1 1.0
5 146636 3277 3813 1 1 0 1.0
5 75209 3278 1529 1 1 0 1.0
5 131390 3279 3485 1 50 1 1.0
5 166506 3279 4228 1 1 1 1.0
5 87095 3280 2103 1 1 1 1.0
5 154671 3284 3632 1 1 0 1.0
5 121814 3285 3122 1 1 0 1.0
5 115098 3287 2301 1 1 0 1.0
5 148051 3293 4062 1 1 0 1.0
5 147513 3297 3069 1 1 0 1.0
5 138394 3298 3037 1 1 1 1.0
5 101680 3300 2583 1 1 0 1.0
5 179717 3300 3642 1 10 0 1.0
5 157692 3301 4303 1 1 0 1.0
5 161282 3303 4453 1 1 1 1.0
5 178496 3304 4131 1 1 1 1.0
5 89805 3308 1811 1 1 0 1.0
5 103964 3310 2492 1 1 1 1.0
5 145880 3313 3841 1 1 1 1.0
5 71466 3314 1949 1 1 0 1.0
5 77872 3314 1635 1 1 0 1.0
5 102730 3318 2671 1 1 0 1.0
5 105375 3321 2469 1 10 1 1.0
5 130598 3328 3136 1 1 1 1.0
5 100711 3331 2189 1 10 0 1.0
5 129259 3334 3497 1 50 0 1.0
5 70325 3337 1815 1 1 1 1.0
5 73516 3344 1555 1 10 0 1.0
5 157611 3345 4377 1 10 0 1.0
5 136199 3347 2853 1 10 1 1.0
5 96890 3348 2685 1 10 0 1.0
5 90556 3350 1995 1 1 1 1.0
5 122955 3352 3193 1 1 0 1.0
5 177429 3354 4816 1 1 1 1.0
5 154832 3355 3648 1 50 0 1.0
5 79065 3356 1953 1 10 0 1.0
5 86037 3357 2569 1 10 1 1.0
5 158618 3363 3937 1 50 1 1.0
5 130309 3363 3276 1 1 1 1.0
5 163689 3364 4099 1 10 1 1.0
5 94266 3371 2696 1 10 1 1.0
5 102499 3371 2099 1 1 0 1.0
5 178396 3374 4524 1 10 1 1.0
5 110191 3375 2775 1 1 0 1.0
5 127513 3380 3546 1 1 0 1.0
5 171419 3381 4027 1 1 1 1.0
5 145938 3382 3904 1 10 1 1.0
5 135290 3382 3796 1 1 1 1.0
5 88835 3383 2191 1 1 0 1.0
5 82169 3387 1819 1 1 1 1.0
5 155660 3390 4626 1 10 0 1.0
5 118900 3394 3132 1 1 1 1.0
5 91838 3394 2292 1 10 1 1.0
5 160564 3394 4153 1 1 0 1.0
5 83908 3399 2388 1 1 1 1.0
5 63927 3399 1407 1 1 1 1.0
5 116527 3400 2538 1 1 1 1.0
5 132449 3402 2742 1 10 0 1.0
5 61017 3402 1378 1 1 1 1.0
5 111974 3405 2758 1 10 0 1.0
5 84579 3408 1872 1 50 1 1.0
5 117100 3411 2648 1 1 0 1.0
5 170704 3411 3509 1 10 0 1.0
5 103465 3413 2321 1 50 1 1.0
5 138161 3414 3327 1 10 1 1.0
5 101661 3416 2521 1 1 0 1.0
5 141298 3424 3520 1 1 1 1.0
5 96066 3425 2670 1 1 1 1.0
5 110786 3428 3130 1 1 1 1.0
5 125346 3430 3381 1 10 1 1.0
5 129218 3435 3825 1 50 0 1.0
5 163232 3439 3765 1 50 0 1.0
5 156304 3442 4253 1 50 0 1.0
5 129883 3444 3234 1 10 1 1.0
5 151117 3453 3295 1 10 1 1.0
5 71434 3458 1508 1 50 1 1.0
5 119072 3459 3116 1 1 1 1.0
5 62757 3466 1398 1 1 0 1.0
5 177360 3471 5141 1 1 0 1.0
5 62282 3472 1655 1 1 1 1.0
5 81384 3473 1630 1 10 0 1.0
5 168356 3475 4637 1 10 1 1.0
5 71148 3478 1643 1 1 1 1.0
5 120145 3479 2810 1 1 1 1.0
5 89515 3481 2152 1 1 0 1.0
5 102843 3490 2538 1 1 0 1.0
5 120826 3490 2897 1 1 0 1.0
5 140746 3491 3405 1 1 0 1.0
5 124997 3498 3311 1 10 0 1.0
5 149483 3503 3274 1 1 1 1.0
5 162327 3503 3878 1 10 0 1.0
5 113675 3505 2822 1 10 1 1.0
5 62267 3518 1570 1 1 0 1.0
5 95060 3519 2334 1 1 1 1.0
5 139942 3520 3159 1 1 0 1.0
5 177406 3522 4979 1 10 0 1.0
5 173758 3528 3645 1 10 1 1.0
5 131571 3530 2641 1 1 0 1.0
5 143783 3531 4070 1 1 0 1.0
5 118692 3534 3015 1 50 1 1.0
5 76586 3535 2101 1 1 1 1.0
5 111436 3538 3107 1 1 0 1.0
5 167232 3540 4393 1 1 1 1.0
5 169715 3543 3437 1 1 0 1.0
5 137128 3547 2842 1 10 1 1.0
5 99725 3549 2803 1 1 0 1.0
5 79097 3549 2298 1 1 1 1.0
5 140989 3550 3335 1 1 1 1.0
5 175048 3552 3944 1 1 1 1.0
5 77046 3558 1894 1 1 0 1.0
5 128327 3559 3348 1 10 0 1.0
5 80205 3560 2214 1 10 0 1.0
5 111765 3568 2713 1 50 0 1.0
5 122252 3575 3083 1 1 0 1.0
5 94997 3577 2543 1 1 0 1.0
5 63477 3578 1829 1 10 0 1.0
5 81480 3582 1993 1 1 0 1.0
5 74981 3584 2182 1 1 0 1.0
5 139471 3584 3311 1 1 1 1.0
5 159954 3584 3492 1 10 1 1.0
5 174979 3584 3724 1 1 0 1.0
5 120964 3585 2655 1 1 0 1.0
