1500
0 163249 5 4621 1 50 0 1.0
0 153976 12 3569 1 1 1 1.0
0 166290 12 3997 1 1 1 1.0
0 67260 12 1797 1 1 0 1.0
0 158116 15 4109 1 1 0 1.0
0 97704 19 2455 1 1 1 1.0
0 163235 21 3808 1 1 0 1.0
0 116477 21 2960 1 1 1 1.0
0 70340 23 2033 1 10 0 1.0
0 120448 25 3283 1 1 1 1.0
0 120756 34 2733 1 1 0 1.0
0 153690 35 3367 1 10 1 1.0
0 162025 38 3291 1 1 0 1.0
0 101789 40 2687 1 1 1 1.0
0 121442 40 3322 1 10 0 1.0
0 65291 40 1744 1 1 1 1.0
0 121653 42 2908 1 10 1 1.0
0 98167 42 2898 1 10 0 1.0
0 161217 48 4418 1 1 0 1.0
0 88547 48 2626 1 1 0 1.0
0 102931 49 2058 1 1 0 1.0
0 70323 49 1454 1 10 1 1.0
0 128765 51 2856 1 50 0 1.0
0 103095 51 2113 1 1 1 1.0
0 161329 60 3934 1 1 0 1.0
0 86411 61 2182 1 10 1 1.0
0 105238 63 2234 1 1 1 1.0
0 167208 65 4376 1 1 1 1.0
0 118562 68 3066 1 1 1 1.0
0 152933 68 4209 1 10 0 1.0
0 98106 68 2010 1 1 0 1.0
0 167912 68 3663 1 1 1 1.0
0 121863 69 2765 1 1 0 1.0
0 151736 69 4537 1 1 1 1.0
0 131475 71 3428 1 1 1 1.0
0 85307 72 2544 1 1 0 1.0
0 118163 73 3366 1 1 0 1.0
0 152151 75 3504 1 10 0 1.0
0 80753 81 2223 1 10 0 1.0
0 137562 81 3308 1 1 0 1.0
0 147411 86 4379 1 1 1 1.0
0 158986 89 4746 1 1 0 1.0
0 127689 91 3180 1 10 0 1.0
0 77831 91 2177 1 1 1 1.0
0 167562 91 4021 1 1 0 1.0
0 135753 92 3427 1 1 1 1.0
0 96766 93 2854 1 1 1 1.0
0 103037 94 2289 1 1 0 1.0
0 75352 104 2180 1 1 0 1.0
0 154729 104 3289 1 1 0 1.0
0 91699 109 2073 1 50 1 1.0
0 153304 110 3862 1 1 0 1.0
0 63113 111 1548 1 1 0 1.0
0 124939 112 3396 1 10 0 1.0
0 90520 116 1954 1 1 0 1.0
0 171446 118 3748 1 1 1 1.0
0 61694 120 1714 1 1 1 1.0
0 170889 124 4633 1 1 0 1.0
0 173849 125 3634 1 1 1 1.0
0 160358 125 4745 1 1 1 1.0
0 76415 125 2029 1 1 0 1.0
0 70239 128 2097 1 1 1 1.0
0 172528 137 3731 1 10 1 1.0
0 142416 139 3130 1 1 0 1.0
0 124710 140 2705 1 1 0 1.0
0 139682 141 3721 1 1 0 1.0
0 131146 143 3350 1 1 1 1.0
0 118736 144 2749 1 10 1 1.0
0 147946 147 3224 1 10 0 1.0
0 155974 148 3921 1 1 1 1.0
0 121431 151 3016 1 50 1 1.0
0 85414 154 1975 1 1 1 1.0
0 177630 154 3706 1 1 0 1.0
0 113020 156 3351 1 1 0 1.0
0 93908 156 2069 1 1 0 1.0
0 142789 156 3528 1 10 1 1.0
0 150601 160 3806 1 1 0 1.0
0 87826 163 2474 1 1 1 1.0
0 130451 165 2613 1 1 0 1.0
0 168912 166 3430 1 50 1 1.0
0 175701 169 3819 1 1 1 1.0
0 82232 169 2084 1 10 0 1.0
0 179626 174 3783 1 1 1 1.0
0 104459 177 2163 1 1 0 1.0
0 117746 184 3076 1 1 1 1.0
0 90740 184 2461 1 10 1 1.0
0 162350 186 4376 1 1 0 1.0
0 165415 187 4526 1 10 1 1.0
0 89426 189 1830 1 1 1 1.0
0 97524 190 2527 1 1 1 1.0
0 133688 191 2679 1 1 0 1.0
0 137697 195 3277 1 10 1 1.0
0 62426 199 1696 1 10 0 1.0
0 61492 203 1799 1 1 1 1.0
0 61398 203 1295 1 1 1 1.0
0 111405 205 2486 1 50 1 1.0
0 69986 206 1946 1 1 0 1.0
0 104025 209 2344 1 10 0 1.0
0 97061 211 2021 1 1 1 1.0
0 95776 213 2416 1 1 0 1.0
0 96606 214 1967 1 50 1 1.0
0 102831 217 2782 1 10 0 1.0
0 110625 218 2977 1 1 0 1.0
0 105862 221 2283 1 1 1 1.0
0 114384 221 3177 1 1 1 1.0
0 174571 224 3782 1 10 1 1.0
0 61841 226 1257 1 1 0 1.0
0 86230 226 1749 1 10 1 1.0
0 119023 226 2603 1 1 0 1.0
0 164018 229 4577 1 1 1 1.0
0 152426 229 3307 1 1 0 1.0
0 114070 233 3033 1 1 0 1.0
0 71836 233 2082 1 1 0 1.0
0 154405 234 4106 1 1 1 1.0
0 138466 238 3424 1 1 1 1.0
0 157786 247 4603 1 10 1 1.0
0 107906 249 2698 1 50 1 1.0
0 150634 251 4077 1 1 1 1.0
0 176509 251 3574 1 1 1 1.0
0 73793 256 1753 1 1 1 1.0
0 149556 257 4165 1 1 0 1.0
0 136642 257 3353 1 1 1 1.0
0 99942 258 2640 1 1 1 1.0
0 135143 258 2833 1 1 0 1.0
0 63257 258 1721 1 10 0 1.0
0 140962 258 3899 1 10 0 1.0
0 68075 260 1489 1 10 0 1.0
0 99359 261 2855 1 1 0 1.0
0 106121 266 2505 1 1 0 1.0
0 121342 268 2841 1 10 1 1.0
0 96546 272 2403 1 1 0 1.0
0 60391 272 1700 1 1 1 1.0
0 61042 272 1595 1 1 0 1.0
0 63988 277 1809 1 10 1 1.0
0 147669 278 3892 1 10 1 1.0
0 156612 279 3256 1 10 1 1.0
0 147813 279 3844 1 50 0 1.0
0 135487 282 2743 1 1 0 1.0
0 142225 284 3801 1 1 1 1.0
0 119256 289 2556 1 10 0 1.0
0 163408 290 4281 1 10 1 1.0
0 67279 293 1619 1 1 0 1.0
0 69145 298 1395 1 1 0 1.0
0 81951 299 1933 1 1 1 1.0
0 114264 301 2654 1 1 1 1.0
0 136550 302 3076 1 1 0 1.0
0 84105 302 2273 1 10 0 1.0
0 88647 304 2203 1 50 0 1.0
0 70788 309 1766 1 10 0 1.0
0 173090 311 5025 1 1 1 1.0
0 169125 313 4187 1 1 1 1.0
0 148308 313 3086 1 10 1 1.0
0 119832 316 2606 1 1 0 1.0
0 166697 322 3553 1 1 0 1.0
0 85229 323 2084 1 10 0 1.0
0 109277 323 3095 1 10 0 1.0
0 85238 324 2440 1 10 1 1.0
0 99260 325 2511 1 10 0 1.0
0 71582 327 1670 1 1 0 1.0
0 64027 329 1662 1 1 1 1.0
0 104080 332 2838 1 1 0 1.0
0 101378 337 2605 1 1 1 1.0
0 163374 337 3472 1 1 0 1.0
0 122664 337 3349 1 10 0 1.0
0 123030 337 2776 1 1 1 1.0
0 94697 339 2304 1 1 0 1.0
0 70040 346 1573 1 1 1 1.0
0 126448 346 2657 1 10 1 1.0
0 98061 355 2362 1 50 0 1.0
0 84355 360 1732 1 50 1 1.0
0 94723 362 1894 1 1 1 1.0
0 135511 365 4010 1 1 1 1.0
0 84229 370 2227 1 10 0 1.0
0 139545 371 4156 1 1 1 1.0
0 99463 373 2113 1 1 0 1.0
0 82902 374 2179 1 1 1 1.0
0 68820 376 1901 1 1 0 1.0
0 147454 383 3470 1 50 0 1.0
0 149600 385 4406 1 10 1 1.0
0 163091 388 3511 1 1 1 1.0
0 98299 389 2245 1 10 0 1.0
0 64116 389 1381 1 1 0 1.0
0 148926 393 3496 1 1 1 1.0
0 108649 393 2822 1 1 1 1.0
0 62578 395 1536 1 1 0 1.0
0 114427 400 2700 1 1 1 1.0
0 137840 400 3099 1 1 1 1.0
0 104454 401 2243 1 1 1 1.0
0 129425 402 2747 1 10 0 1.0
0 86825 406 2321 1 10 0 1.0
0 152453 410 4207 1 10 1 1.0
0 149508 414 3328 1 10 1 1.0
0 73305 415 2025 1 10 1 1.0
0 169714 415 4914 1 1 0 1.0
0 128594 416 3723 1 10 1 1.0
0 102180 418 2394 1 10 0 1.0
0 66552 418 1857 1 1 0 1.0
0 173692 421 3509 1 10 0 1.0
0 63397 431 1302 1 50 0 1.0
0 67892 434 1863 1 1 0 1.0
0 177408 434 5055 1 10 1 1.0
0 136424 435 3119 1 10 0 1.0
0 146333 440 3573 1 10 1 1.0
0 76088 446 1887 1 10 0 1.0
0 120080 446 2934 1 1 1 1.0
0 176598 448 5076 1 10 1 1.0
0 162682 450 3546 1 10 0 1.0
0 117988 457 2854 1 50 0 1.0
0 93741 459 1994 1 1 1 1.0
0 173325 462 4846 1 1 1 1.0
0 179707 462 5318 1 1 1 1.0
0 168499 464 4555 1 1 0 1.0
0 102696 464 3042 1 1 0 1.0
0 75465 467 1979 1 10 0 1.0
0 178391 470 4633 1 1 1 1.0
0 142359 477 3919 1 10 0 1.0
0 172163 478 3951 1 50 0 1.0
0 110856 479 3061 1 1 1 1.0
0 102609 480 2073 1 1 1 1.0
0 107261 481 2208 1 10 1 1.0
0 159812 481 3734 1 1 1 1.0
0 165801 486 4459 1 1 1 1.0
0 140385 489 3424 1 1 0 1.0
0 63272 490 1813 1 1 0 1.0
0 61312 498 1526 1 1 0 1.0
0 127889 500 2944 1 10 0 1.0
0 149825 501 3705 1 1 0 1.0
0 81870 505 1772 1 1 1 1.0
0 110756 509 3130 1 10 0 1.0
0 103686 510 2294 1 1 1 1.0
0 91075 512 2193 1 1 1 1.0
0 142234 512 4147 1 10 1 1.0
0 76489 513 2135 1 10 0 1.0
0 148116 513 3922 1 50 1 1.0
0 144567 518 3934 1 1 1 1.0
0 114218 524 2597 1 1 1 1.0
0 148991 525 4148 1 1 0 1.0
0 136386 526 3381 1 1 1 1.0
0 141152 527 3721 1 10 1 1.0
0 165956 530 3478 1 1 1 1.0
0 169343 531 4274 1 10 0 1.0
0 66959 537 1929 1 1 0 1.0
0 167550 537 3422 1 1 0 1.0
0 95473 537 2687 1 1 0 1.0
0 111072 543 3145 1 1 1 1.0
0 70916 544 1794 1 1 1 1.0
0 73596 552 1606 1 1 1 1.0
0 124561 557 2963 1 10 0 1.0
0 164505 557 3787 1 1 1 1.0
0 141562 558 3717 1 1 0 1.0
0 145333 565 4329 1 10 1 1.0
0 98528 568 2659 1 1 0 1.0
0 85720 568 2372 1 1 1 1.0
0 123776 572 3630 1 10 1 1.0
0 108927 573 2841 1 10 0 1.0
0 127156 574 3556 1 1 1 1.0
0 149782 577 3954 1 1 0 1.0
0 77463 580 1834 1 1 0 1.0
0 175444 581 3604 1 1 0 1.0
0 148157 582 4046 1 50 0 1.0
0 113561 584 2299 1 1 1 1.0
0 66927 586 1749 1 10 1 1.0
0 105540 588 2655 1 1 1 1.0
0 116233 590 2725 1 10 0 1.0
0 147895 590 4085 1 1 0 1.0
0 176399 595 4044 1 1 0 1.0
0 171250 595 4302 1 1 1 1.0
0 64179 597 1890 1 1 1 1.0
0 142778 597 4266 1 50 1 1.0
0 65624 600 1821 1 1 1 1.0
0 152757 600 3058 1 50 1 1.0
0 159864 612 4615 1 1 0 1.0
0 79145 614 2102 1 1 0 1.0
0 79351 615 1980 1 1 0 1.0
0 104084 616 2219 1 1 0 1.0
0 150921 621 3667 1 1 1 1.0
0 175072 621 4812 1 10 1 1.0
0 128270 624 3024 1 10 0 1.0
0 63916 627 1698 1 10 1 1.0
0 148358 630 3769 1 10 0 1.0
0 80010 631 1761 1 1 0 1.0
0 154070 632 4277 1 10 0 1.0
0 169620 635 3719 1 50 1 1.0
0 104456 636 2919 1 10 0 1.0
0 84786 638 2209 1 10 1 1.0
0 134566 642 3232 1 1 1 1.0
0 122958 648 3163 1 1 1 1.0
0 101509 652 2351 1 1 1 1.0
0 63288 653 1392 1 1 1 1.0
0 111671 663 3241 1 1 0 1.0
0 142498 666 3632 1 1 1 1.0
0 149273 672 3749 1 10 0 1.0
0 85867 676 1756 1 1 0 1.0
0 168656 680 4392 1 10 0 1.0
0 60310 680 1465 1 1 1 1.0
0 130374 681 3106 1 1 0 1.0
0 122801 685 2687 1 1 0 1.0
0 173060 686 4784 1 50 1 1.0
0 135628 690 3561 1 50 1 1.0
0 160463 690 3689 1 1 0 1.0
0 167818 694 4008 1 50 0 1.0
0 133135 696 2843 1 1 1 1.0
0 179513 697 4218 1 10 1 1.0
0 93679 698 2544 1 50 0 1.0
0 119650 701 2799 1 50 0 1.0
0 175535 704 4381 1 1 1 1.0
0 137580 706 3870 1 1 1 1.0
0 75826 708 1634 1 10 1 1.0
0 130928 710 2841 1 1 1 1.0
0 161904 712 4412 1 1 0 1.0
0 92435 714 2669 1 1 1 1.0
0 155249 714 3802 1 1 0 1.0
0 107436 716 2729 1 10 1 1.0
0 69906 717 1504 1 1 0 1.0
0 88776 719 2114 1 50 1 1.0
0 119341 720 3500 1 1 0 1.0
0 93462 723 2516 1 1 0 1.0
0 65902 725 1796 1 1 0 1.0
0 94678 725 1998 1 50 0 1.0
0 92627 731 2575 1 1 1 1.0
0 174299 738 4711 1 10 1 1.0
0 72515 739 2027 1 10 0 1.0
0 95667 739 2212 1 10 1 1.0
0 61344 744 1789 1 1 1 1.0
0 151691 745 3416 1 50 1 1.0
0 126924 752 3447 1 1 0 1.0
0 118145 754 2674 1 1 1 1.0
0 133676 762 3610 1 50 0 1.0
0 108570 763 3129 1 1 0 1.0
0 170051 765 4038 1 1 1 1.0
0 103188 765 2573 1 1 0 1.0
0 143259 772 3816 1 1 1 1.0
0 118401 780 3354 1 1 0 1.0
0 116260 783 3024 1 1 1 1.0
0 87783 785 1815 1 10 0 1.0
0 68978 788 1876 1 10 0 1.0
0 133157 792 3462 1 10 1 1.0
0 61758 792 1435 1 1 1 1.0
0 161089 792 3839 1 1 0 1.0
0 93363 792 2122 1 50 0 1.0
0 139791 795 3620 1 10 1 1.0
0 71452 797 2087 1 10 1 1.0
0 70615 797 2096 1 1 1 1.0
0 118911 800 3497 1 10 1 1.0
0 124127 804 3117 1 50 1 1.0
0 77949 804 1649 1 1 1 1.0
0 162007 805 4517 1 1 1 1.0
0 85930 807 2502 1 1 1 1.0
0 177094 812 4013 1 1 1 1.0
0 127995 814 3422 1 1 1 1.0
0 111436 818 3259 1 1 1 1.0
0 167993 819 4194 1 1 0 1.0
0 109035 821 2706 1 50 1 1.0
0 157371 824 3915 1 1 1 1.0
0 166769 828 4115 1 10 1 1.0
0 114948 829 2368 1 10 0 1.0
0 166110 837 3886 1 50 1 1.0
0 73625 837 1848 1 1 1 1.0
0 144026 839 2881 1 1 1 1.0
0 103827 839 2402 1 10 1 1.0
0 155584 839 3752 1 1 0 1.0
0 166764 844 4396 1 10 1 1.0
0 103017 848 3061 1 10 0 1.0
0 157674 851 3183 1 10 0 1.0
0 148752 853 3006 1 1 0 1.0
0 75401 859 1831 1 10 0 1.0
0 85554 869 2056 1 1 0 1.0
0 89940 870 2549 1 10 1 1.0
0 105639 871 2386 1 1 1 1.0
0 134921 875 3828 1 1 0 1.0
0 94010 882 1905 1 1 1 1.0
0 173687 882 4062 1 1 1 1.0
0 111752 884 3166 1 1 1 1.0
0 166990 885 4284 1 1 0 1.0
0 76383 890 1892 1 1 0 1.0
0 103877 894 2312 1 10 0 1.0
0 94571 894 1897 1 1 1 1.0
0 119403 894 3408 1 10 1 1.0
0 139393 898 4128 1 10 1 1.0
0 157658 899 3478 1 10 1 1.0
0 113020 901 3064 1 1 1 1.0
0 137138 901 3863 1 10 1 1.0
0 159217 901 4676 1 10 1 1.0
0 90950 902 2690 1 1 0 1.0
0 149694 907 4108 1 1 1 1.0
0 69129 908 1529 1 1 1 1.0
0 165766 915 4663 1 1 1 1.0
0 85745 915 2520 1 1 0 1.0
0 173689 915 4000 1 1 0 1.0
0 67019 918 1592 1 1 1 1.0
0 63332 923 1409 1 1 1 1.0
0 145236 926 2958 1 10 1 1.0
0 80860 929 1959 1 10 0 1.0
0 167879 930 3787 1 10 0 1.0
0 82347 931 1722 1 1 1 1.0
0 120890 932 2553 1 1 0 1.0
0 153522 935 3124 1 10 1 1.0
0 149822 936 3846 1 1 0 1.0
0 140965 940 3942 1 1 0 1.0
0 71655 941 1536 1 1 0 1.0
0 61590 943 1771 1 1 0 1.0
0 66254 950 1410 1 10 0 1.0
0 119016 954 2554 1 10 0 1.0
0 85576 954 2230 1 50 1 1.0
0 119881 954 3085 1 1 1 1.0
0 100115 959 2562 1 1 1 1.0
0 156137 960 4297 1 10 1 1.0
0 129875 966 2956 1 10 0 1.0
0 176227 967 3892 1 1 1 1.0
0 63415 967 1378 1 1 1 1.0
0 74790 971 2133 1 1 1 1.0
0 68931 972 1458 1 1 1 1.0
0 93629 975 2476 1 1 0 1.0
0 100124 977 2213 1 10 0 1.0
0 111963 981 2406 1 50 1 1.0
0 84590 981 2165 1 1 0 1.0
0 119250 989 3195 1 1 0 1.0
0 90352 997 2069 1 1 0 1.0
0 142336 999 2982 1 1 0 1.0
0 87274 1001 2552 1 50 0 1.0
0 74145 1002 1587 1 10 1 1.0
0 149677 1002 3220 1 1 1 1.0
0 147506 1003 3522 1 1 1 1.0
0 172367 1003 3757 1 1 1 1.0
0 168804 1007 3850 1 10 0 1.0
0 179362 1008 3619 1 1 1 1.0
0 61313 1011 1816 1 10 0 1.0
0 160807 1012 3359 1 1 0 1.0
0 166296 1013 4643 1 1 0 1.0
0 111074 1016 3298 1 10 1 1.0
0 120884 1021 2609 1 1 1 1.0
0 152301 1024 3071 1 1 1 1.0
0 82058 1027 2233 1 1 1 1.0
0 140521 1027 3362 1 10 0 1.0
0 98588 1032 2500 1 1 1 1.0
0 151880 1034 3206 1 1 0 1.0
0 107027 1038 2618 1 1 1 1.0
0 96795 1040 2226 1 1 0 1.0
0 165827 1040 4442 1 50 1 1.0
0 130379 1050 3667 1 1 1 1.0
0 170363 1052 3630 1 10 0 1.0
0 128727 1054 3388 1 1 1 1.0
0 149489 1056 3450 1 50 0 1.0
0 153910 1058 4392 1 1 1 1.0
0 150494 1058 3415 1 1 1 1.0
0 103459 1060 2688 1 1 0 1.0
0 138164 1062 4058 1 1 1 1.0
0 122259 1063 2588 1 1 1 1.0
0 79498 1066 1969 1 10 0 1.0
0 114931 1066 2302 1 10 1 1.0
0 179430 1066 4393 1 1 0 1.0
0 145727 1067 4293 1 1 0 1.0
0 99273 1077 2079 1 10 0 1.0
0 74199 1079 1970 1 10 0 1.0
0 176269 1090 4572 1 1 1 1.0
0 110658 1093 2381 1 50 0 1.0
0 90115 1094 2064 1 1 1 1.0
0 130613 1098 3582 1 1 0 1.0
0 172486 1099 3591 1 1 0 1.0
0 82014 1102 2215 1 1 1 1.0
0 138234 1103 3930 1 1 1 1.0
0 136829 1108 3516 1 1 1 1.0
0 81408 1114 2425 1 1 1 1.0
0 60600 1121 1663 1 1 0 1.0
0 64885 1122 1331 1 10 0 1.0
0 110167 1125 3289 1 1 0 1.0
0 144700 1128 3613 1 1 0 1.0
0 160779 1131 4687 1 10 1 1.0
0 119950 1133 2719 1 50 0 1.0
0 113606 1136 2995 1 1 0 1.0
0 96102 1139 2404 1 1 0 1.0
0 152465 1139 4155 1 10 1 1.0
0 129932 1141 3503 1 1 1 1.0
0 140300 1144 3514 1 10 1 1.0
0 66588 1145 1699 1 1 0 1.0
0 82605 1146 1985 1 1 0 1.0
0 165598 1146 3761 1 1 1 1.0
0 99182 1156 2152 1 50 0 1.0
0 116742 1159 2894 1 10 1 1.0
0 85616 1162 2054 1 50 1 1.0
0 129706 1163 3436 1 10 0 1.0
0 77965 1163 1930 1 10 0 1.0
0 157076 1164 4237 1 50 1 1.0
0 73501 1165 2039 1 1 1 1.0
0 88239 1165 2434 1 1 0 1.0
0 114210 1166 3018 1 1 0 1.0
0 177035 1166 4699 1 1 0 1.0
0 63359 1167 1335 1 1 1 1.0
0 73635 1172 1738 1 10 0 1.0
0 110774 1179 2262 1 1 1 1.0
0 179207 1185 4532 1 10 0 1.0
0 151112 1185 4475 1 10 0 1.0
0 162861 1188 3275 1 50 0 1.0
0 156009 1190 3388 1 1 1 1.0
0 93658 1191 2475 1 1 0 1.0
0 99947 1194 2904 1 10 1 1.0
0 75250 1195 1508 1 10 1 1.0
0 130734 1197 3111 1 1 1 1.0
0 141427 1199 3109 1 10 0 1.0
0 120546 1199 3450 1 10 1 1.0
0 108500 1200 3072 1 1 0 1.0
0 106470 1203 3099 1 50 1 1.0
0 170614 1207 4081 1 1 1 1.0
0 148367 1208 3587 1 10 0 1.0
0 124701 1209 2841 1 50 1 1.0
0 121476 1214 2535 1 1 1 1.0
0 171695 1216 4423 1 1 0 1.0
0 94452 1218 2635 1 1 1 1.0
0 111752 1218 3003 1 10 0 1.0
0 95977 1219 2572 1 1 1 1.0
0 169848 1219 4552 1 1 1 1.0
0 142529 1230 3689 1 10 1 1.0
0 152815 1230 3098 1 50 0 1.0
0 149265 1235 3730 1 1 1 1.0
0 89679 1235 2463 1 1 0 1.0
0 74244 1238 2151 1 10 1 1.0
0 145079 1241 3390 1 1 0 1.0
0 125942 1243 2713 1 1 1 1.0
0 159869 1247 4201 1 1 1 1.0
0 140599 1250 3367 1 1 0 1.0
0 109179 1256 3041 1 10 1 1.0
0 131488 1260 2844 1 1 1 1.0
0 149151 1264 3124 1 10 0 1.0
0 138047 1266 3684 1 10 0 1.0
0 179128 1272 5227 1 10 0 1.0
0 99313 1280 2965 1 10 1 1.0
0 78665 1284 1823 1 1 0 1.0
0 84780 1287 1855 1 1 0 1.0
0 131825 1291 3045 1 10 0 1.0
0 81267 1293 1649 1 50 0 1.0
0 164499 1296 4265 1 1 0 1.0
0 124363 1299 3227 1 1 0 1.0
0 63463 1307 1355 1 1 0 1.0
0 161792 1309 4478 1 10 0 1.0
0 70045 1312 2018 1 10 0 1.0
0 171004 1319 4138 1 1 0 1.0
0 169324 1325 3431 1 1 0 1.0
0 133107 1326 2718 1 1 0 1.0
0 132740 1327 2928 1 10 1 1.0
0 175441 1327 4215 1 50 1 1.0
0 176784 1329 4248 1 1 0 1.0
0 120698 1330 3596 1 10 1 1.0
0 166143 1331 4970 1 1 1 1.0
0 166289 1334 4843 1 1 0 1.0
0 144741 1336 4245 1 1 0 1.0
0 74933 1337 1852 1 10 0 1.0
0 84732 1338 2268 1 1 0 1.0
0 86854 1340 2525 1 1 1 1.0
0 83331 1341 1918 1 50 0 1.0
0 104071 1343 2424 1 1 0 1.0
0 68319 1344 1807 1 10 0 1.0
0 178788 1346 3863 1 1 0 1.0
0 64612 1347 1522 1 10 1 1.0
0 171306 1352 4837 1 1 0 1.0
0 159314 1353 4247 1 1 0 1.0
0 63019 1355 1650 1 1 0 1.0
0 110499 1356 2969 1 1 1 1.0
0 137116 1360 3834 1 10 1 1.0
0 65481 1370 1818 1 10 1 1.0
0 120903 1374 2692 1 1 1 1.0
0 177580 1375 5283 1 1 1 1.0
0 156959 1375 4234 1 10 0 1.0
0 163059 1375 3677 1 10 1 1.0
0 99546 1376 2888 1 10 0 1.0
0 175609 1376 4804 1 1 0 1.0
0 152881 1377 3204 1 10 0 1.0
0 161363 1380 3474 1 10 0 1.0
0 112786 1392 2632 1 10 0 1.0
0 135462 1393 2868 1 50 1 1.0
0 168885 1393 4053 1 50 1 1.0
0 118140 1395 3117 1 1 0 1.0
0 92787 1400 2393 1 1 1 1.0
0 80399 1403 1864 1 1 1 1.0
0 118808 1404 3062 1 10 0 1.0
0 71232 1404 1919 1 1 0 1.0
0 72680 1406 1574 1 1 0 1.0
0 159711 1412 3952 1 1 1 1.0
0 132200 1412 3361 1 1 1 1.0
0 87272 1414 1757 1 1 0 1.0
0 85321 1424 2124 1 10 0 1.0
0 92045 1424 2429 1 50 0 1.0
0 140848 1425 3146 1 10 1 1.0
0 154134 1426 3790 1 50 0 1.0
0 108143 1426 2769 1 1 0 1.0
0 91204 1426 1974 1 10 1 1.0
0 178253 1427 4342 1 10 0 1.0
0 76335 1427 2185 1 1 1 1.0
0 99542 1428 2658 1 1 1 1.0
0 90314 1429 2027 1 1 0 1.0
0 102850 1429 2534 1 1 1 1.0
0 85934 1434 1928 1 1 0 1.0
0 64958 1435 1930 1 50 1 1.0
0 169748 1438 3699 1 50 1 1.0
0 134265 1443 3053 1 1 0 1.0
0 107211 1444 2484 1 10 0 1.0
0 66991 1445 1789 1 10 1 1.0
0 175842 1449 4119 1 10 1 1.0
0 116901 1460 3057 1 1 0 1.0
0 106645 1462 2369 1 10 1 1.0
0 62285 1469 1809 1 1 0 1.0
0 118335 1472 2545 1 1 1 1.0
0 179642 1474 5330 1 1 0 1.0
0 149719 1481 4342 1 10 1 1.0
0 77048 1482 2124 1 10 0 1.0
0 133665 1482 3463 1 10 0 1.0
0 76977 1485 2096 1 1 1 1.0
0 123085 1485 3417 1 1 0 1.0
0 138440 1485 3922 1 1 1 1.0
0 66932 1493 1930 1 1 0 1.0
0 138169 1494 3231 1 1 1 1.0
0 80096 1495 1959 1 1 0 1.0
0 106359 1496 2998 1 1 0 1.0
0 100336 1500 2773 1 50 1 1.0
0 97003 1500 1975 1 1 0 1.0
0 147546 1502 3119 1 1 0 1.0
0 63058 1506 1495 1 10 1 1.0
0 87125 1513 2482 1 1 1 1.0
0 130728 1514 2765 1 1 1 1.0
0 178814 1514 4029 1 1 1 1.0
0 125533 1521 3424 1 50 0 1.0
0 127190 1522 3187 1 1 0 1.0
0 167694 1524 4106 1 1 0 1.0
0 67520 1525 1687 1 1 0 1.0
0 119818 1527 3353 1 1 1 1.0
0 66059 1528 1700 1 1 1 1.0
0 152228 1528 4351 1 1 0 1.0
0 67039 1529 1605 1 1 1 1.0
0 142643 1535 3815 1 1 0 1.0
0 110265 1538 2517 1 50 1 1.0
0 104463 1540 2114 1 10 0 1.0
0 169759 1541 3763 1 50 0 1.0
0 144274 1541 3895 1 1 0 1.0
0 94807 1545 2367 1 1 1 1.0
0 168708 1545 4329 1 10 1 1.0
0 165103 1545 4413 1 1 1 1.0
0 75202 1547 1944 1 10 0 1.0
0 128257 1548 3042 1 1 1 1.0
0 62296 1551 1693 1 1 1 1.0
0 119592 1553 3354 1 1 0 1.0
0 87329 1554 1812 1 1 1 1.0
0 157287 1557 3567 1 10 1 1.0
0 128323 1561 3467 1 1 0 1.0
0 96536 1563 2221 1 10 0 1.0
0 90833 1563 1998 1 1 1 1.0
0 108062 1566 3011 1 10 1 1.0
0 158056 1575 4106 1 1 0 1.0
0 66832 1578 1693 1 10 0 1.0
0 65815 1580 1903 1 1 1 1.0
0 116165 1583 2678 1 10 1 1.0
0 75607 1588 1648 1 10 0 1.0
0 70321 1589 1431 1 1 1 1.0
0 150061 1591 4493 1 10 0 1.0
0 147504 1596 3644 1 1 1 1.0
0 108371 1598 2711 1 10 0 1.0
0 110889 1606 2598 1 1 0 1.0
0 115990 1607 2529 1 10 0 1.0
0 113914 1607 2384 1 1 1 1.0
0 125501 1608 3742 1 1 1 1.0
0 135358 1609 2799 1 10 1 1.0
0 127197 1611 2722 1 10 1 1.0
0 122660 1611 3437 1 1 0 1.0
0 117251 1614 2434 1 1 0 1.0
0 115891 1615 3129 1 10 0 1.0
0 81694 1616 1945 1 10 1 1.0
0 148244 1617 4146 1 1 1 1.0
0 114681 1619 3332 1 10 1 1.0
0 147019 1621 3906 1 1 1 1.0
0 108688 1623 2541 1 1 0 1.0
0 67235 1625 1647 1 1 1 1.0
0 72795 1627 1547 1 1 0 1.0
0 115566 1630 2939 1 10 0 1.0
0 161418 1631 3719 1 1 0 1.0
0 95208 1632 2199 1 1 0 1.0
0 137015 1635 3548 1 1 0 1.0
0 127229 1637 3705 1 1 1 1.0
0 116510 1639 3361 1 10 1 1.0
0 91177 1641 2512 1 10 1 1.0
0 137886 1642 3652 1 10 0 1.0
0 71597 1643 1468 1 1 0 1.0
0 84060 1644 1880 1 1 1 1.0
0 166834 1647 4651 1 10 1 1.0
0 61032 1648 1251 1 1 0 1.0
0 61869 1650 1845 1 10 1 1.0
0 172688 1650 4156 1 10 1 1.0
0 131405 1650 3054 1 1 0 1.0
0 167565 1651 4238 1 1 1 1.0
0 85427 1652 1963 1 1 0 1.0
0 172792 1654 4080 1 10 0 1.0
0 94744 1655 2635 1 10 0 1.0
0 141207 1656 3954 1 1 1 1.0
0 128523 1660 3012 1 10 1 1.0
0 68046 1660 1821 1 1 0 1.0
0 168616 1662 4467 1 10 1 1.0
0 89976 1662 2026 1 10 1 1.0
0 72631 1663 1683 1 1 0 1.0
0 73295 1665 2069 1 1 0 1.0
0 102702 1666 3064 1 1 0 1.0
0 91810 1670 2183 1 1 1 1.0
0 83698 1671 2108 1 1 1 1.0
0 132740 1671 3521 1 10 0 1.0
0 70219 1673 2101 1 1 0 1.0
0 123841 1675 3270 1 1 0 1.0
0 102388 1676 2058 1 1 0 1.0
0 116362 1682 2530 1 10 1 1.0
0 79981 1682 1973 1 10 1 1.0
0 146262 1685 3794 1 10 1 1.0
0 88840 1685 1936 1 10 1 1.0
0 115938 1686 2537 1 1 1 1.0
0 122045 1686 3273 1 10 0 1.0
0 155366 1688 4172 1 10 1 1.0
0 141513 1691 3569 1 50 1 1.0
0 134461 1691 3380 1 1 1 1.0
0 85375 1695 2370 1 1 1 1.0
0 128873 1696 3180 1 10 1 1.0
0 160931 1699 4621 1 1 1 1.0
0 115990 1703 2319 1 1 1 1.0
0 168571 1705 3428 1 1 1 1.0
0 85148 1706 2212 1 1 0 1.0
0 105007 1707 2213 1 10 1 1.0
0 71904 1709 1834 1 1 1 1.0
0 63308 1710 1641 1 1 1 1.0
0 85218 1711 1811 1 1 1 1.0
0 140713 1711 3373 1 1 0 1.0
0 126410 1714 2992 1 10 1 1.0
0 168135 1721 4810 1 1 0 1.0
0 128331 1723 3462 1 50 0 1.0
0 122280 1725 2924 1 1 1 1.0
0 118896 1727 3106 1 1 1 1.0
0 79444 1729 1782 1 1 1 1.0
0 92998 1731 2047 1 10 1 1.0
0 87064 1731 1885 1 10 0 1.0
0 151225 1732 4134 1 1 1 1.0
0 170098 1734 4380 1 1 1 1.0
0 134780 1736 3476 1 1 1 1.0
0 82312 1739 1954 1 10 1 1.0
0 107047 1745 2181 1 10 1 1.0
0 101429 1750 2352 1 1 1 1.0
0 85156 1752 2229 1 1 1 1.0
0 83227 1756 2255 1 1 0 1.0
0 168859 1757 4703 1 10 0 1.0
0 141651 1762 3018 1 1 1 1.0
0 114897 1763 2342 1 10 0 1.0
0 139986 1763 3720 1 1 0 1.0
0 104862 1769 2108 1 1 1 1.0
0 99114 1769 2713 1 1 1 1.0
0 112808 1776 2849 1 1 0 1.0
0 102779 1787 2383 1 1 0 1.0
0 89963 1788 2552 1 1 0 1.0
0 145628 1789 4079 1 1 0 1.0
0 98236 1792 2226 1 10 1 1.0
0 133609 1794 2767 1 10 1 1.0
0 154511 1800 3315 1 50 1 1.0
0 100413 1804 2250 1 1 0 1.0
0 154001 1806 4511 1 1 1 1.0
0 111246 1807 3147 1 1 0 1.0
0 144047 1808 3132 1 1 0 1.0
0 112320 1809 3250 1 1 0 1.0
0 105156 1810 2712 1 1 1 1.0
0 130104 1813 2977 1 1 1 1.0
0 84252 1817 2014 1 10 1 1.0
0 149050 1823 3978 1 50 1 1.0
0 88456 1843 2592 1 10 1 1.0
0 159367 1845 3982 1 10 1 1.0
0 160612 1847 3489 1 10 1 1.0
0 118494 1849 3540 1 10 1 1.0
0 156378 1850 4034 1 1 1 1.0
0 118258 1852 2909 1 1 0 1.0
0 145250 1853 4199 1 1 0 1.0
0 160188 1856 3391 1 1 0 1.0
0 81148 1864 2010 1 10 0 1.0
0 67808 1868 1415 1 1 1 1.0
0 123104 1870 2897 1 1 1 1.0
0 69509 1871 2010 1 1 0 1.0
0 124275 1871 2835 1 10 0 1.0
0 60030 1875 1365 1 10 0 1.0
0 113562 1875 2777 1 1 1 1.0
0 139323 1876 3126 1 50 0 1.0
0 150672 1877 3296 1 10 1 1.0
0 86975 1878 1921 1 10 0 1.0
0 89508 1879 2212 1 1 0 1.0
0 122707 1886 2767 1 1 1 1.0
0 144773 1889 3600 1 1 0 1.0
0 98123 1890 2092 1 50 1 1.0
0 106332 1891 2362 1 1 0 1.0
0 65910 1892 1568 1 10 1 1.0
0 173973 1892 5165 1 1 1 1.0
0 95038 1900 2528 1 1 0 1.0
0 103190 1902 3034 1 50 0 1.0
0 110868 1904 3110 1 10 1 1.0
0 81881 1913 1792 1 1 1 1.0
0 156751 1914 4258 1 1 1 1.0
0 138991 1914 4166 1 1 1 1.0
0 123323 1915 2824 1 1 1 1.0
0 141611 1917 4113 1 1 0 1.0
0 66301 1919 1924 1 1 1 1.0
0 98184 1922 2202 1 1 1 1.0
0 168735 1929 4741 1 1 1 1.0
0 83200 1931 1925 1 1 0 1.0
0 61681 1933 1420 1 10 1 1.0
0 83922 1933 1932 1 10 1 1.0
0 112286 1934 3233 1 10 0 1.0
0 105551 1936 2315 1 1 0 1.0
0 159097 1943 3291 1 1 1 1.0
0 177146 1943 4757 1 1 1 1.0
0 115454 1945 2755 1 50 0 1.0
0 159627 1955 3398 1 10 0 1.0
0 111871 1956 3062 1 10 0 1.0
0 174705 1956 4551 1 1 1 1.0
0 124245 1965 3402 1 10 1 1.0
0 95026 1965 2595 1 10 1 1.0
0 103536 1973 3058 1 1 1 1.0
0 75623 1976 1696 1 10 0 1.0
0 106537 1978 2657 1 10 0 1.0
0 178258 1983 4595 1 10 0 1.0
0 164586 1987 4712 1 50 1 1.0
0 156283 1989 4524 1 1 0 1.0
0 85929 1990 2081 1 1 0 1.0
0 168804 1994 4577 1 1 1 1.0
0 146219 1995 3103 1 1 0 1.0
0 96010 1997 2653 1 1 1 1.0
0 87970 2002 1811 1 1 1 1.0
0 176240 2006 3665 1 1 1 1.0
0 95520 2010 1987 1 1 0 1.0
0 139168 2015 3320 1 1 0 1.0
0 176135 2015 3931 1 10 1 1.0
0 98402 2016 2021 1 1 0 1.0
0 95685 2016 2715 1 10 1 1.0
0 148484 2018 3204 1 50 1 1.0
0 176546 2020 3784 1 10 1 1.0
0 151576 2020 3997 1 50 0 1.0
0 107668 2023 2400 1 1 0 1.0
0 92530 2023 2508 1 1 1 1.0
0 120824 2023 3275 1 1 0 1.0
0 154359 2026 3569 1 1 1 1.0
0 135614 2029 2943 1 1 0 1.0
0 111002 2031 2981 1 1 0 1.0
0 71530 2032 1751 1 50 0 1.0
0 114216 2033 3108 1 1 0 1.0
0 164722 2041 4845 1 10 1 1.0
0 133887 2042 3197 1 1 1 1.0
0 164401 2044 4559 1 1 1 1.0
0 95409 2045 2808 1 1 0 1.0
0 169500 2049 3545 1 1 1 1.0
0 163259 2051 4814 1 1 1 1.0
0 90413 2052 2315 1 1 0 1.0
0 96981 2053 2375 1 1 1 1.0
0 98753 2053 2690 1 1 1 1.0
0 88956 2056 2103 1 10 1 1.0
0 131344 2057 3325 1 1 1 1.0
0 103347 2067 3048 1 1 1 1.0
0 94243 2070 2294 1 10 0 1.0
0 97815 2072 2704 1 1 0 1.0
0 110837 2073 2955 1 10 0 1.0
0 99770 2076 2082 1 1 1 1.0
0 69510 2082 1629 1 1 0 1.0
0 92845 2083 2591 1 10 1 1.0
0 115985 2084 3102 1 1 1 1.0
0 166709 2085 4812 1 1 1 1.0
0 155366 2088 4544 1 1 0 1.0
0 78760 2091 2041 1 1 1 1.0
0 139234 2091 2925 1 1 0 1.0
0 132994 2095 3322 1 1 1 1.0
0 114592 2096 2524 1 1 0 1.0
0 88327 2098 1958 1 1 1 1.0
0 61141 2098 1303 1 1 1 1.0
0 124530 2100 2536 1 10 0 1.0
0 166922 2101 3497 1 1 1 1.0
0 157530 2101 4177 1 1 1 1.0
0 69723 2103 1469 1 1 1 1.0
0 134563 2107 3977 1 50 0 1.0
0 145525 2107 2944 1 10 0 1.0
0 89213 2112 1980 1 1 0 1.0
0 94642 2112 2144 1 50 1 1.0
0 137159 2114 3853 1 1 0 1.0
0 141288 2114 3037 1 10 0 1.0
0 82932 2122 1662 1 50 1 1.0
0 154843 2126 4225 1 50 1 1.0
0 110299 2126 2240 1 1 0 1.0
0 161345 2128 4029 1 10 1 1.0
0 125649 2131 3098 1 10 1 1.0
0 168962 2132 3851 1 1 1 1.0
0 79047 2135 1998 1 1 0 1.0
0 139852 2135 3811 1 1 0 1.0
0 112375 2136 3198 1 1 0 1.0
0 126890 2138 2658 1 1 1 1.0
0 154472 2150 4581 1 50 0 1.0
0 149538 2156 4237 1 1 0 1.0
0 86509 2156 2296 1 1 0 1.0
0 165090 2157 4393 1 1 1 1.0
0 139677 2158 3081 1 1 1 1.0
0 165674 2162 4968 1 10 1 1.0
0 121928 2162 3344 1 1 0 1.0
0 111702 2163 2257 1 1 0 1.0
0 126807 2166 2999 1 1 0 1.0
0 171192 2167 4483 1 1 1 1.0
0 112193 2170 2550 1 1 1 1.0
0 90924 2173 2479 1 1 1 1.0
0 100309 2181 2137 1 10 0 1.0
0 144607 2182 3472 1 1 1 1.0
0 156167 2185 4025 1 50 0 1.0
0 63306 2185 1719 1 1 1 1.0
0 151835 2185 3640 1 1 0 1.0
0 139797 2188 3704 1 1 1 1.0
0 82339 2188 1675 1 1 0 1.0
0 157142 2189 3582 1 50 1 1.0
0 166124 2190 4572 1 1 0 1.0
0 139295 2191 3462 1 1 1 1.0
0 109044 2193 3053 1 1 0 1.0
0 135499 2194 3802 1 1 0 1.0
0 104437 2195 2952 1 1 1 1.0
0 155829 2197 3331 1 1 1 1.0
0 84468 2202 2019 1 1 1 1.0
0 148717 2206 3978 1 50 1 1.0
0 161852 2209 3687 1 1 0 1.0
0 101181 2210 2934 1 10 1 1.0
0 175549 2211 5180 1 10 1 1.0
0 76494 2213 1742 1 10 0 1.0
0 169238 2220 4699 1 1 1 1.0
0 161246 2222 3725 1 1 0 1.0
0 174587 2222 3495 1 1 0 1.0
0 175341 2224 4233 1 1 1 1.0
0 107473 2225 2369 1 10 0 1.0
0 79142 2226 2297 1 1 0 1.0
0 171912 2234 3962 1 1 0 1.0
0 135259 2236 3972 1 1 1 1.0
0 172094 2237 4582 1 10 1 1.0
0 117461 2243 3411 1 50 0 1.0
0 170195 2245 4839 1 1 1 1.0
0 64316 2248 1901 1 1 1 1.0
0 76321 2249 1695 1 1 1 1.0
0 100474 2252 2117 1 1 1 1.0
0 151162 2253 4375 1 1 1 1.0
0 164854 2254 4762 1 1 0 1.0
0 174807 2256 4360 1 10 0 1.0
0 121047 2257 2955 1 1 0 1.0
0 84887 2262 2041 1 10 0 1.0
0 172378 2265 4232 1 1 0 1.0
0 97816 2270 1980 1 10 1 1.0
0 124281 2273 2672 1 10 1 1.0
0 113008 2273 3218 1 1 0 1.0
0 141220 2273 3650 1 1 1 1.0
0 92494 2279 2583 1 10 1 1.0
0 122473 2280 3264 1 10 1 1.0
0 83933 2283 2325 1 1 1 1.0
0 94894 2284 2315 1 1 1 1.0
0 87002 2289 1844 1 50 0 1.0
0 142153 2291 4086 1 50 0 1.0
0 93271 2294 2152 1 1 1 1.0
0 69668 2295 1764 1 10 1 1.0
0 117945 2295 3447 1 1 0 1.0
0 71645 2298 2127 1 10 0 1.0
0 101385 2299 2991 1 10 0 1.0
0 62784 2299 1844 1 1 1 1.0
0 61864 2299 1656 1 1 0 1.0
0 128943 2300 3225 1 10 0 1.0
0 134724 2304 3527 1 1 1 1.0
0 99492 2304 2472 1 1 0 1.0
0 121165 2305 2949 1 1 0 1.0
0 162620 2306 3620 1 1 1 1.0
0 67503 2306 1939 1 1 1 1.0
0 67225 2308 1865 1 1 0 1.0
0 82424 2308 1995 1 1 1 1.0
0 137608 2310 3617 1 1 1 1.0
0 90169 2311 2200 1 10 0 1.0
0 66060 2312 1355 1 1 0 1.0
0 92554 2313 2153 1 1 1 1.0
0 173980 2314 5167 1 1 0 1.0
0 100304 2317 2425 1 1 0 1.0
0 133934 2319 3892 1 10 1 1.0
0 96446 2321 2326 1 10 0 1.0
0 67820 2324 1363 1 10 0 1.0
0 150886 2325 4155 1 1 0 1.0
0 106940 2327 2928 1 1 1 1.0
0 66181 2331 1551 1 1 0 1.0
0 171165 2333 3676 1 1 0 1.0
0 143340 2334 4298 1 50 0 1.0
0 110956 2339 2875 1 1 0 1.0
0 169326 2349 3882 1 10 0 1.0
0 90881 2350 2059 1 1 1 1.0
0 67937 2356 1600 1 1 1 1.0
0 141334 2358 3916 1 50 0 1.0
0 78622 2361 2352 1 10 1 1.0
0 75548 2364 2106 1 1 0 1.0
0 60852 2366 1575 1 50 0 1.0
0 143977 2372 3028 1 1 1 1.0
0 111587 2376 3248 1 1 1 1.0
0 107596 2381 3033 1 1 1 1.0
0 96360 2382 2632 1 1 0 1.0
0 73002 2383 2163 1 1 1 1.0
0 148243 2388 3408 1 10 1 1.0
0 136741 2390 4054 1 50 0 1.0
0 158965 2391 3658 1 10 0 1.0
0 172524 2397 4705 1 10 0 1.0
0 129992 2400 2883 1 1 1 1.0
0 159713 2401 3688 1 1 1 1.0
0 105445 2402 2402 1 10 0 1.0
0 102767 2402 2607 1 1 0 1.0
0 130997 2403 3576 1 10 0 1.0
0 69106 2408 1862 1 1 1 1.0
0 140398 2417 2967 1 50 0 1.0
0 152866 2418 4207 1 1 1 1.0
0 70213 2422 1475 1 50 1 1.0
0 120350 2425 3419 1 1 1 1.0
0 154485 2425 3510 1 1 0 1.0
0 120456 2428 3232 1 1 0 1.0
0 166356 2428 4003 1 1 0 1.0
0 165816 2434 4788 1 10 1 1.0
0 76474 2440 1834 1 1 0 1.0
0 110598 2443 2950 1 50 1 1.0
0 116261 2443 3290 1 10 0 1.0
0 133364 2444 2750 1 1 1 1.0
0 94475 2445 1985 1 1 1 1.0
0 130463 2445 3743 1 1 0 1.0
0 124179 2447 2819 1 50 1 1.0
0 104636 2449 3069 1 1 1 1.0
0 134402 2453 3500 1 10 1 1.0
0 167065 2456 3640 1 1 1 1.0
0 164719 2458 3593 1 10 0 1.0
0 156715 2463 4520 1 1 0 1.0
0 173437 2465 4980 1 10 1 1.0
0 156364 2466 4338 1 10 1 1.0
0 113295 2468 3361 1 1 0 1.0
0 119844 2469 3557 1 1 1 1.0
0 107466 2469 2163 1 1 0 1.0
0 154562 2471 4499 1 50 0 1.0
0 154734 2472 3387 1 1 0 1.0
0 98644 2475 2125 1 1 1 1.0
0 113699 2476 2770 1 10 1 1.0
0 130378 2477 2746 1 50 1 1.0
0 64321 2479 1766 1 1 1 1.0
0 126538 2481 3445 1 10 0 1.0
0 124167 2482 2883 1 10 1 1.0
0 161441 2483 4761 1 1 0 1.0
0 171141 2486 4817 1 10 0 1.0
0 77874 2487 2163 1 1 0 1.0
0 71401 2492 2047 1 10 0 1.0
0 112474 2492 3216 1 1 0 1.0
0 152597 2492 3401 1 1 1 1.0
0 112607 2494 3112 1 50 1 1.0
0 175648 2497 3844 1 10 0 1.0
0 90632 2498 2452 1 1 0 1.0
0 63880 2506 1475 1 10 1 1.0
0 97342 2507 2538 1 1 0 1.0
0 178139 2516 3708 1 50 1 1.0
0 175127 2520 3536 1 1 0 1.0
0 120894 2521 2780 1 1 1 1.0
0 151053 2521 3666 1 1 1 1.0
0 124741 2523 2807 1 10 0 1.0
0 159278 2523 4396 1 1 1 1.0
0 63910 2527 1392 1 1 0 1.0
0 116779 2529 3247 1 1 0 1.0
0 83721 2530 1741 1 10 0 1.0
0 77607 2531 1593 1 10 0 1.0
0 129612 2533 3431 1 1 0 1.0
0 140461 2536 3380 1 1 1 1.0
0 163220 2536 4274 1 1 1 1.0
0 132463 2537 3324 1 1 1 1.0
0 94429 2538 2264 1 10 0 1.0
0 172055 2542 4854 1 10 0 1.0
0 83641 2542 2283 1 1 1 1.0
0 164974 2546 4002 1 10 1 1.0
0 172260 2549 3697 1 1 1 1.0
0 102081 2551 2228 1 1 1 1.0
0 93525 2553 2512 1 1 0 1.0
0 88725 2557 1934 1 10 1 1.0
0 106941 2560 2870 1 1 1 1.0
0 161604 2561 3869 1 1 0 1.0
0 115364 2563 3021 1 10 1 1.0
0 99093 2563 2461 1 10 1 1.0
0 138991 2568 3966 1 10 0 1.0
0 60238 2574 1749 1 1 1 1.0
0 84293 2585 2431 1 1 0 1.0
0 73214 2588 1908 1 1 0 1.0
0 75086 2591 2182 1 1 0 1.0
0 179157 2597 5077 1 1 0 1.0
0 152276 2599 3617 1 1 1 1.0
0 117018 2601 2945 1 1 0 1.0
0 99745 2602 2932 1 1 1 1.0
0 65371 2606 1868 1 1 1 1.0
0 132017 2607 3749 1 10 0 1.0
0 70365 2609 1740 1 1 1 1.0
0 141505 2610 3284 1 10 1 1.0
0 88286 2612 2328 1 10 1 1.0
0 67948 2619 1642 1 1 1 1.0
0 176714 2621 4065 1 10 1 1.0
0 112074 2621 3109 1 1 1 1.0
0 138226 2630 2932 1 1 1 1.0
0 117039 2632 2791 1 1 0 1.0
0 76506 2636 1546 1 50 0 1.0
0 164413 2636 4456 1 1 0 1.0
0 173234 2638 4063 1 1 0 1.0
0 96983 2640 2770 1 1 1 1.0
0 88063 2640 2511 1 10 1 1.0
0 62827 2646 1483 1 1 0 1.0
0 139028 2647 2783 1 1 0 1.0
0 141930 2650 4248 1 1 0 1.0
0 82782 2650 1757 1 1 0 1.0
0 60799 2653 1509 1 1 0 1.0
0 68628 2655 1531 1 10 1 1.0
0 132243 2656 3698 1 50 0 1.0
0 103930 2658 2498 1 50 1 1.0
0 145098 2662 2942 1 10 1 1.0
0 105451 2663 2621 1 1 1 1.0
0 99059 2664 2521 1 1 1 1.0
0 96439 2665 2352 1 10 1 1.0
0 156267 2668 4213 1 10 1 1.0
0 120116 2668 3010 1 1 1 1.0
0 126000 2668 2948 1 1 0 1.0
0 113404 2670 3251 1 10 1 1.0
0 96493 2682 2367 1 1 0 1.0
0 128764 2683 3747 1 1 0 1.0
0 96498 2683 2178 1 1 1 1.0
0 85453 2689 2447 1 50 0 1.0
0 172446 2692 4829 1 1 1 1.0
0 116061 2693 2872 1 1 1 1.0
0 91117 2694 2703 1 1 1 1.0
0 129268 2695 3398 1 1 0 1.0
0 146928 2695 3597 1 10 0 1.0
0 81662 2698 2448 1 10 0 1.0
0 67750 2699 1557 1 1 0 1.0
0 162317 2699 4635 1 1 0 1.0
0 76623 2703 1599 1 1 1 1.0
0 138902 2704 3109 1 10 0 1.0
0 130081 2705 3859 1 10 1 1.0
0 70105 2710 1467 1 1 0 1.0
0 129753 2710 3103 1 1 1 1.0
0 72857 2715 1690 1 1 0 1.0
0 142964 2719 3449 1 1 1 1.0
0 62243 2721 1687 1 1 1 1.0
0 102104 2721 2557 1 1 1 1.0
0 69447 2727 1931 1 10 0 1.0
0 172719 2727 3572 1 1 0 1.0
0 169169 2731 4263 1 10 0 1.0
0 129762 2732 3012 1 1 1 1.0
0 155409 2735 3628 1 1 1 1.0
0 169900 2736 4306 1 10 1 1.0
0 118534 2737 2978 1 10 1 1.0
0 95072 2737 2113 1 1 1 1.0
0 125952 2738 3773 1 1 0 1.0
0 75332 2740 1758 1 1 0 1.0
0 108556 2742 2611 1 10 1 1.0
0 170857 2743 4981 1 1 0 1.0
0 154113 2743 3284 1 50 0 1.0
0 62456 2744 1484 1 50 0 1.0
0 159610 2746 3737 1 10 1 1.0
0 172737 2747 4613 1 10 1 1.0
0 129106 2758 3424 1 1 0 1.0
0 144639 2765 2909 1 1 0 1.0
0 161155 2766 3594 1 10 0 1.0
0 177776 2773 3746 1 1 0 1.0
0 168571 2774 3473 1 10 0 1.0
0 78824 2774 2144 1 1 0 1.0
0 102725 2776 2437 1 10 0 1.0
0 166820 2777 4438 1 10 1 1.0
0 160862 2782 3235 1 50 0 1.0
0 139548 2783 3304 1 50 1 1.0
0 178008 2784 3970 1 1 1 1.0
0 155564 2784 4527 1 1 0 1.0
0 162441 2790 4134 1 1 0 1.0
0 104555 2791 2919 1 10 1 1.0
0 164892 2795 4938 1 10 1 1.0
0 121741 2798 2771 1 1 1 1.0
0 173786 2798 4919 1 50 1 1.0
0 95224 2800 2140 1 1 1 1.0
0 78654 2801 2170 1 1 0 1.0
0 81320 2802 1767 1 1 1 1.0
0 128757 2804 3455 1 10 0 1.0
0 151395 2806 3100 1 1 1 1.0
0 60380 2810 1471 1 1 1 1.0
0 125168 2811 2712 1 1 0 1.0
0 105636 2814 2192 1 10 1 1.0
0 94441 2815 2041 1 1 1 1.0
0 90980 2816 2027 1 50 1 1.0
0 110366 2820 2515 1 1 1 1.0
0 64081 2820 1695 1 10 1 1.0
0 127686 2821 2633 1 50 1 1.0
0 135445 2825 2956 1 1 1 1.0
0 168554 2825 3582 1 1 0 1.0
0 77616 2831 2066 1 50 1 1.0
0 77087 2835 1877 1 1 0 1.0
0 117923 2838 2759 1 1 0 1.0
0 138335 2841 3119 1 1 0 1.0
0 79564 2841 1835 1 1 1 1.0
0 91251 2843 1844 1 1 0 1.0
0 169361 2847 4672 1 1 1 1.0
0 137071 2851 3545 1 1 1 1.0
0 142542 2855 3864 1 1 1 1.0
0 135079 2855 3311 1 50 1 1.0
0 174717 2860 3620 1 1 0 1.0
0 160735 2863 3411 1 1 0 1.0
0 101048 2864 2181 1 10 0 1.0
0 96720 2872 2524 1 50 0 1.0
0 73859 2873 1822 1 10 1 1.0
0 60247 2874 1743 1 10 1 1.0
0 60684 2876 1553 1 1 1 1.0
0 164643 2877 3832 1 1 0 1.0
0 65833 2878 1495 1 1 1 1.0
0 140267 2878 3285 1 1 0 1.0
0 172194 2879 4902 1 1 1 1.0
0 138805 2882 3738 1 10 1 1.0
0 171440 2887 4280 1 1 0 1.0
0 61420 2890 1657 1 1 0 1.0
0 96802 2892 2019 1 1 0 1.0
0 125794 2893 2570 1 1 1 1.0
0 117444 2895 3164 1 1 1 1.0
0 68543 2897 1443 1 50 0 1.0
0 148843 2897 3275 1 10 0 1.0
0 110066 2898 3142 1 10 1 1.0
0 160415 2900 4152 1 50 0 1.0
0 131553 2904 3517 1 10 0 1.0
0 155174 2904 4132 1 1 1 1.0
0 72760 2909 1868 1 1 1 1.0
0 177914 2911 4628 1 1 0 1.0
0 132452 2914 3883 1 50 1 1.0
0 85021 2915 2275 1 10 0 1.0
0 105457 2915 2181 1 1 1 1.0
0 99442 2918 2707 1 10 0 1.0
0 124530 2919 2911 1 10 1 1.0
0 171089 2921 4397 1 10 1 1.0
0 101910 2924 2567 1 1 0 1.0
0 175401 2927 4232 1 1 0 1.0
0 131350 2928 3239 1 10 1 1.0
0 69338 2928 1423 1 10 0 1.0
0 179408 2931 4881 1 1 1 1.0
0 66924 2937 1544 1 50 0 1.0
0 111556 2939 2503 1 1 1 1.0
0 144130 2939 3375 1 1 0 1.0
0 125914 2940 2660 1 1 1 1.0
0 98069 2940 2155 1 1 1 1.0
0 66079 2942 1807 1 1 0 1.0
0 136406 2943 3966 1 1 0 1.0
0 76469 2944 2033 1 1 1 1.0
0 166820 2945 4026 1 10 1 1.0
0 71292 2947 1703 1 1 0 1.0
0 109915 2949 3190 1 50 1 1.0
0 132168 2957 3708 1 50 0 1.0
0 61157 2960 1689 1 1 1 1.0
0 166410 2961 3995 1 1 1 1.0
0 158129 2964 3221 1 10 1 1.0
0 107846 2967 2866 1 1 1 1.0
0 161873 2967 3951 1 10 1 1.0
0 178363 2969 4043 1 1 0 1.0
0 77234 2969 1794 1 10 1 1.0
0 136786 2975 2798 1 1 1 1.0
0 114110 2975 2952 1 10 1 1.0
0 78089 2982 1725 1 50 1 1.0
0 78139 2984 1590 1 1 1 1.0
0 64734 2986 1699 1 1 0 1.0
0 163219 2986 3828 1 1 1 1.0
0 88474 2988 1824 1 1 1 1.0
0 68400 2989 1591 1 10 1 1.0
0 127632 2991 3506 1 1 1 1.0
0 71689 2994 1498 1 50 0 1.0
0 70030 2996 1403 1 1 0 1.0
0 175982 3003 3816 1 1 0 1.0
0 142545 3004 3377 1 1 0 1.0
0 167946 3006 3916 1 1 1 1.0
0 98759 3008 2115 1 1 1 1.0
0 64556 3010 1602 1 10 0 1.0
0 113302 3012 3271 1 10 0 1.0
0 61980 3014 1347 1 1 1 1.0
0 79510 3023 2010 1 50 0 1.0
0 161771 3025 3717 1 1 1 1.0
0 147499 3025 4288 1 10 0 1.0
0 101929 3027 2092 1 1 0 1.0
0 145020 3031 4013 1 50 1 1.0
0 91266 3037 2537 1 1 1 1.0
0 90115 3043 2314 1 10 0 1.0
0 75132 3044 1871 1 1 0 1.0
0 178888 3049 4251 1 10 0 1.0
0 139690 3049 4099 1 1 0 1.0
0 109903 3050 2609 1 1 0 1.0
0 77864 3053 1702 1 1 0 1.0
0 142522 3058 3862 1 1 1 1.0
0 107343 3058 2252 1 1 0 1.0
0 62408 3062 1775 1 1 0 1.0
0 120970 3066 2970 1 50 0 1.0
0 68658 3068 1922 1 50 1 1.0
0 96100 3070 2190 1 50 0 1.0
0 167424 3070 3672 1 1 0 1.0
0 91777 3074 2748 1 1 0 1.0
0 136032 3076 2866 1 50 0 1.0
0 97257 3079 2167 1 1 1 1.0
0 142023 3083 3477 1 10 1 1.0
0 101581 3086 2078 1 10 1 1.0
0 77882 3086 2313 1 1 1 1.0
0 86344 3087 1987 1 10 0 1.0
0 167091 3089 4911 1 1 1 1.0
0 168058 3092 4473 1 1 1 1.0
0 85674 3095 2568 1 1 1 1.0
0 95498 3095 2136 1 1 0 1.0
0 96207 3096 2403 1 1 0 1.0
0 145115 3098 3822 1 1 0 1.0
0 78040 3100 1760 1 1 1 1.0
0 110741 3104 3059 1 10 1 1.0
0 129698 3105 3382 1 50 1 1.0
0 113873 3111 3001 1 50 1 1.0
0 77297 3112 2011 1 1 1 1.0
0 138927 3113 3435 1 1 0 1.0
0 133918 3114 2848 1 10 0 1.0
0 62296 3115 1774 1 1 1 1.0
0 178543 3115 4493 1 10 0 1.0
0 149136 3118 4457 1 10 0 1.0
0 68370 3119 1410 1 50 1 1.0
0 124389 3120 2942 1 1 1 1.0
0 121754 3122 2827 1 1 0 1.0
0 149601 3123 2995 1 1 1 1.0
0 95581 3124 2581 1 1 1 1.0
0 153850 3125 3579 1 1 0 1.0
0 83070 3127 1784 1 10 0 1.0
0 135288 3128 3495 1 50 1 1.0
0 107888 3130 3011 1 1 0 1.0
0 67141 3133 1814 1 1 1 1.0
0 104030 3134 2198 1 10 0 1.0
0 92988 3136 2540 1 1 0 1.0
0 60435 3137 1731 1 50 1 1.0
0 149619 3139 3870 1 1 0 1.0
0 66359 3139 1366 1 1 1 1.0
0 75858 3141 1766 1 1 0 1.0
0 146277 3141 3264 1 10 1 1.0
0 126862 3146 2809 1 10 1 1.0
0 68659 3147 1499 1 1 1 1.0
0 143277 3149 3988 1 10 1 1.0
0 150510 3149 3449 1 10 0 1.0
0 153796 3150 3317 1 10 1 1.0
0 154096 3153 3177 1 1 0 1.0
0 141487 3164 3499 1 10 1 1.0
0 143646 3170 3841 1 10 1 1.0
0 122783 3172 3531 1 10 1 1.0
0 83934 3173 2267 1 1 0 1.0
0 167624 3176 3730 1 1 0 1.0
0 144584 3177 4181 1 50 1 1.0
0 90951 3178 2286 1 1 0 1.0
0 108703 3179 3241 1 1 1 1.0
0 118046 3179 3507 1 1 1 1.0
0 155148 3179 3381 1 1 0 1.0
0 155487 3187 3358 1 1 1 1.0
0 84007 3191 2327 1 1 0 1.0
0 144828 3193 4132 1 1 1 1.0
0 141066 3195 3394 1 1 0 1.0
0 162860 3198 3589 1 10 0 1.0
0 153434 3198 3342 1 1 0 1.0
0 120536 3199 2573 1 1 1 1.0
0 81792 3204 1778 1 1 1 1.0
0 142258 3207 3478 1 1 1 1.0
0 110436 3208 2723 1 1 1 1.0
0 64457 3213 1685 1 10 1 1.0
0 65894 3213 1847 1 1 1 1.0
0 94028 3219 2567 1 10 1 1.0
0 143424 3222 3255 1 10 0 1.0
0 94428 3223 2273 1 1 1 1.0
0 74713 3225 1687 1 1 1 1.0
0 136381 3227 3293 1 1 1 1.0
0 83126 3228 1822 1 10 1 1.0
0 178919 3230 4717 1 1 1 1.0
0 112176 3232 3069 1 1 0 1.0
0 81490 3234 1718 1 1 1 1.0
0 90958 3235 2207 1 1 0 1.0
0 126786 3235 3076 1 1 1 1.0
0 135850 3237 3930 1 1 1 1.0
0 172381 3237 4320 1 10 1 1.0
0 96170 3240 2072 1 1 0 1.0
0 163600 3244 3542 1 10 0 1.0
0 76732 3245 2292 1 1 1 1.0
0 64077 3246 1834 1 1 1 1.0
0 86095 3246 2452 1 1 0 1.0
0 63057 3251 1851 1 1 1 1.0
0 64049 3252 1889 1 1 1 1.0
0 175038 3256 5120 1 1 0 1.0
0 118644 3259 3439 1 1 0 1.0
0 84474 3262 2013 1 1 1 1.0
0 168267 3263 3778 1 1 0 1.0
0 78953 3266 2069 1 10 0 1.0
0 118040 3269 3524 1 1 0 1.0
0 93663 3272 1921 1 1 0 1.0
0 91808 3273 2410 1 10 0 1.0
0 68435 3274 1553 1 1 0 1.0
0 68130 3277 2016 1 1 0 1.0
0 82125 3277 1916 1 1 1 1.0
0 163235 3282 4669 1 1 0 1.0
0 129630 3284 3104 1 10 1 1.0
0 136823 3288 2864 1 1 0 1.0
0 113935 3297 2928 1 10 0 1.0
0 113565 3298 2711 1 1 0 1.0
0 103593 3303 2805 1 10 0 1.0
0 101877 3303 2285 1 1 1 1.0
0 80926 3305 2257 1 1 1 1.0
0 144640 3305 3562 1 1 1 1.0
0 132170 3309 3750 1 1 1 1.0
0 76896 3319 1620 1 10 0 1.0
0 124988 3319 3298 1 10 0 1.0
0 89731 3320 1832 1 10 0 1.0
0 121749 3327 2668 1 1 1 1.0
0 98846 3327 2289 1 1 1 1.0
0 153299 3327 3771 1 10 1 1.0
0 166757 3328 4003 1 1 0 1.0
0 141099 3329 4066 1 10 0 1.0
0 60318 3334 1269 1 1 1 1.0
0 66083 3338 1466 1 1 0 1.0
0 97483 3340 2492 1 10 1 1.0
0 108399 3342 2422 1 1 1 1.0
0 94692 3342 2089 1 1 0 1.0
0 107581 3342 2749 1 50 0 1.0
0 136858 3343 3470 1 1 1 1.0
0 136252 3346 3179 1 50 0 1.0
0 162363 3349 4816 1 50 0 1.0
0 179917 3349 5338 1 1 1 1.0
0 153771 3350 3977 1 1 1 1.0
0 130683 3355 3621 1 1 1 1.0
0 60912 3355 1600 1 1 1 1.0
0 94663 3358 2289 1 10 0 1.0
0 154903 3364 3254 1 1 0 1.0
0 169250 3366 3463 1 1 0 1.0
0 97739 3369 2671 1 1 0 1.0
0 118190 3371 3111 1 1 0 1.0
0 81965 3371 2414 1 1 1 1.0
0 129361 3372 2956 1 1 0 1.0
0 104268 3374 2125 1 1 0 1.0
0 74607 3378 1818 1 1 0 1.0
0 83687 3378 2347 1 10 0 1.0
0 176731 3381 5230 1 1 0 1.0
0 74028 3382 1952 1 1 0 1.0
0 134464 3386 3063 1 50 1 1.0
0 162708 3387 3674 1 10 0 1.0
0 125783 3393 3313 1 1 0 1.0
0 118103 3401 3537 1 1 0 1.0
0 155308 3401 3525 1 1 0 1.0
0 176330 3402 4819 1 10 0 1.0
0 123361 3406 2740 1 10 1 1.0
0 94554 3408 2192 1 10 1 1.0
0 121274 3411 3096 1 10 0 1.0
0 96942 3417 2171 1 10 0 1.0
0 127867 3418 2996 1 1 0 1.0
0 85762 3424 2141 1 10 1 1.0
0 115197 3426 2584 1 1 1 1.0
0 148764 3440 4379 1 10 1 1.0
0 75912 3442 2113 1 1 1 1.0
0 153214 3446 3854 1 50 1 1.0
0 118449 3447 2846 1 10 0 1.0
0 124609 3447 2706 1 1 0 1.0
0 131004 3450 3261 1 10 0 1.0
0 91471 3455 2261 1 1 1 1.0
0 158039 3456 4569 1 10 1 1.0
0 90202 3459 2565 1 1 1 1.0
0 65231 3463 1761 1 1 0 1.0
0 63773 3464 1909 1 1 0 1.0
0 141924 3465 3660 1 1 0 1.0
0 154288 3466 4192 1 1 1 1.0
0 122466 3467 2489 1 50 1 1.0
0 124049 3467 2812 1 1 0 1.0
0 68594 3468 1386 1 1 0 1.0
0 75978 3469 1961 1 1 1 1.0
0 173035 3477 4164 1 10 0 1.0
0 102809 3484 2700 1 1 1 1.0
0 122442 3490 2697 1 1 0 1.0
0 138758 3495 3168 1 10 0 1.0
0 137095 3497 3582 1 10 0 1.0
0 158296 3509 3683 1 10 0 1.0
0 145336 3512 3323 1 10 1 1.0
0 119700 3512 3467 1 50 0 1.0
0 82134 3515 1834 1 1 1 1.0
0 165227 3524 3760 1 1 1 1.0
0 174632 3525 3847 1 1 0 1.0
0 71070 3526 1543 1 10 1 1.0
0 121705 3529 2700 1 1 1 1.0
0 151178 3530 3253 1 50 1 1.0
0 102825 3531 2845 1 1 0 1.0
0 175877 3540 3605 1 50 0 1.0
0 100166 3540 2356 1 1 1 1.0
0 127291 3543 3299 1 10 0 1.0
0 74569 3547 2208 1 1 0 1.0
0 131862 3547 2845 1 10 0 1.0
0 118286 3549 3414 1 10 0 1.0
0 73163 3550 1684 1 1 0 1.0
0 78539 3550 1696 1 50 0 1.0
0 160186 3551 3932 1 1 0 1.0
0 159264 3553 3296 1 10 1 1.0
0 108881 3555 3249 1 10 1 1.0
0 107213 3555 2697 1 1 0 1.0
0 91130 3560 2171 1 1 0 1.0
0 160989 3561 4650 1 10 0 1.0
0 126575 3562 3236 1 10 0 1.0
0 141076 3563 3385 1 10 0 1.0
0 174307 3565 3978 1 1 0 1.0
0 118752 3567 2671 1 10 0 1.0
0 114941 3567 2617 1 10 0 1.0
0 177907 3576 4073 1 1 0 1.0
0 76347 3578 1564 1 10 0 1.0
0 85700 3579 2293 1 1 1 1.0
0 88850 3581 2529 1 1 1 1.0
0 162234 3582 3370 1 1 1 1.0
0 157083 3586 4181 1 10 1 1.0
0 160511 3586 3342 1 10 0 1.0
0 127008 3587 3552 1 10 1 1.0
0 97292 3591 2645 1 1 1 1.0
0 148047 3592 3810 1 1 1 1.0
0 153116 3592 4047 1 10 1 1.0
0 147386 3595 3410 1 1 0 1.0
0 178784 3595 4744 1 10 1 1.0
0 134421 3596 3583 1 50 1 1.0
