1500
1 103172 3 2871 1 1 1 1.0
1 178485 5 5069 1 1 1 1.0
1 72029 9 1569 1 10 0 1.0
1 70495 14 1440 1 1 0 1.0
1 111988 17 3242 1 1 0 1.0
1 90018 17 2226 1 1 0 1.0
1 137056 20 3942 1 1 0 1.0
1 132315 23 3601 1 10 0 1.0
1 133476 28 2847 1 50 1 1.0
1 175625 29 4103 1 50 1 1.0
1 143284 33 3698 1 10 1 1.0
1 79428 37 1977 1 1 1 1.0
1 60242 39 1425 1 1 1 1.0
1 103044 39 2523 1 1 1 1.0
1 161491 43 4426 1 1 0 1.0
1 173575 44 4565 1 50 0 1.0
1 131374 44 3391 1 50 0 1.0
1 84401 45 2503 1 1 1 1.0
1 120812 47 3414 1 1 0 1.0
1 176000 48 5070 1 10 1 1.0
1 110152 54 3086 1 50 1 1.0
1 128676 56 2865 1 10 0 1.0
1 134108 58 2740 1 10 1 1.0
1 142950 59 2919 1 1 0 1.0
1 178079 60 4533 1 1 0 1.0
1 142323 62 3737 1 1 0 1.0
1 79454 66 1657 1 1 0 1.0
1 92183 66 2586 1 1 1 1.0
1 170334 67 4503 1 1 0 1.0
1 155521 67 3199 1 1 0 1.0
1 84609 68 1822 1 10 1 1.0
1 155311 74 3468 1 10 1 1.0
1 102625 75 2056 1 10 1 1.0
1 147837 76 3050 1 10 0 1.0
1 158371 78 3609 1 1 0 1.0
1 132461 83 3882 1 1 0 1.0
1 128070 88 3200 1 1 0 1.0
1 154709 93 3929 1 10 0 1.0
1 110500 95 2810 1 1 0 1.0
1 170543 95 4457 1 1 1 1.0
1 167399 98 4175 1 1 1 1.0
1 108024 100 2847 1 10 0 1.0
1 90700 102 2062 1 50 0 1.0
1 90088 103 2492 1 10 0 1.0
1 66559 105 1915 1 1 0 1.0
1 75102 107 1771 1 10 0 1.0
1 128751 110 3808 1 10 0 1.0
1 110109 112 2458 1 1 0 1.0
1 174307 119 3544 1 50 1 1.0
1 85258 123 1766 1 1 1 1.0
1 86065 127 2069 1 10 0 1.0
1 84619 127 2423 1 1 0 1.0
1 119442 129 2981 1 1 1 1.0
1 115993 136 2495 1 1 0 1.0
1 94563 143 2029 1 1 1 1.0
1 88748 144 2123 1 10 1 1.0
1 169495 146 4166 1 50 0 1.0
1 68626 147 1526 1 50 1 1.0
1 127557 154 2648 1 10 1 1.0
1 96182 156 2469 1 1 0 1.0
1 114873 160 2629 1 1 1 1.0
1 167137 160 4331 1 1 1 1.0
1 75746 164 1514 1 1 1 1.0
1 138123 165 3119 1 10 1 1.0
1 60085 172 1595 1 10 0 1.0
1 74219 180 1806 1 1 1 1.0
1 66960 181 1674 1 1 1 1.0
1 97346 181 2834 1 1 0 1.0
1 77668 183 1567 1 50 0 1.0
1 79818 185 2003 1 1 1 1.0
1 86198 185 2478 1 1 0 1.0
1 61357 188 1751 1 1 1 1.0
1 64570 189 1292 1 10 0 1.0
1 101592 191 2498 1 50 1 1.0
1 166865 193 4424 1 1 1 1.0
1 68074 194 1847 1 1 0 1.0
1 88066 194 1818 1 10 1 1.0
1 166426 197 3773 1 1 1 1.0
1 97194 199 2319 1 1 1 1.0
1 115140 200 2523 1 1 0 1.0
1 133444 201 3452 1 1 0 1.0
1 86553 202 2012 1 1 1 1.0
1 72764 203 1821 1 1 0 1.0
1 164572 203 4187 1 1 0 1.0
1 140175 205 3928 1 1 0 1.0
1 60444 208 1425 1 1 0 1.0
1 147643 208 3140 1 1 0 1.0
1 126178 213 2883 1 1 0 1.0
1 70007 213 1967 1 1 0 1.0
1 158224 214 4136 1 10 1 1.0
1 73755 215 1964 1 10 0 1.0
1 60580 218 1722 1 1 0 1.0
1 83576 223 2273 1 1 0 1.0
1 94105 228 1981 1 10 1 1.0
1 147849 229 3641 1 10 0 1.0
1 178676 231 5017 1 1 0 1.0
1 86011 232 1761 1 10 0 1.0
1 152519 235 3450 1 1 1 1.0
1 125171 235 2741 1 1 1 1.0
1 111229 235 2745 1 1 0 1.0
1 89600 236 2492 1 1 0 1.0
1 126879 237 2917 1 1 1 1.0
1 64462 238 1677 1 1 1 1.0
1 163676 238 3490 1 1 1 1.0
1 177995 245 4755 1 1 0 1.0
1 60348 248 1717 1 10 0 1.0
1 75135 248 1962 1 10 0 1.0
1 135313 250 2722 1 1 1 1.0
1 178989 253 5242 1 1 1 1.0
1 121890 255 3642 1 1 1 1.0
1 143965 259 3964 1 10 0 1.0
1 132008 260 2682 1 10 1 1.0
1 142906 260 4062 1 1 1 1.0
1 78713 264 2025 1 1 1 1.0
1 91957 264 2398 1 50 0 1.0
1 103988 264 2134 1 1 0 1.0
1 116440 268 3175 1 1 0 1.0
1 115827 270 2412 1 1 0 1.0
1 69905 270 1977 1 1 1 1.0
1 93337 271 1946 1 10 0 1.0
1 129812 274 3224 1 1 1 1.0
1 141658 275 3952 1 10 1 1.0
1 79789 278 1713 1 10 0 1.0
1 173789 279 3719 1 10 0 1.0
1 120206 279 3409 1 1 1 1.0
1 132784 279 3213 1 1 0 1.0
1 126707 283 3262 1 50 0 1.0
1 127525 286 3514 1 1 0 1.0
1 156108 287 3613 1 10 1 1.0
1 179503 287 4418 1 10 1 1.0
1 100560 288 2410 1 1 0 1.0
1 105470 288 3073 1 50 0 1.0
1 97927 289 2631 1 1 1 1.0
1 155457 289 4613 1 1 1 1.0
1 126467 290 3631 1 1 0 1.0
1 70406 292 1806 1 1 1 1.0
1 133632 296 3194 1 10 0 1.0
1 147062 302 3326 1 50 0 1.0
1 67664 305 1797 1 1 1 1.0
1 157052 308 3192 1 1 0 1.0
1 101396 309 2901 1 10 1 1.0
1 113043 315 2493 1 1 1 1.0
1 66028 318 1619 1 10 1 1.0
1 60634 319 1566 1 1 0 1.0
1 105230 319 2926 1 10 1 1.0
1 125058 324 2952 1 1 0 1.0
1 174185 324 5095 1 10 0 1.0
1 88832 327 2051 1 1 1 1.0
1 92689 331 2482 1 1 0 1.0
1 160815 341 4443 1 50 0 1.0
1 165453 342 3318 1 1 0 1.0
1 179467 342 4153 1 1 0 1.0
1 175540 343 4663 1 1 0 1.0
1 136545 343 3481 1 1 0 1.0
1 124065 347 3648 1 1 0 1.0
1 130787 351 3167 1 1 1 1.0
1 136280 355 3194 1 10 1 1.0
1 106106 355 2486 1 1 1 1.0
1 82038 359 2067 1 1 1 1.0
1 93085 359 2367 1 10 0 1.0
1 131117 361 2851 1 1 0 1.0
1 174746 361 4643 1 10 1 1.0
1 168129 371 3479 1 1 0 1.0
1 163826 371 3309 1 1 1 1.0
1 124789 374 3203 1 1 0 1.0
1 146533 375 3288 1 50 0 1.0
1 116587 378 2539 1 1 0 1.0
1 117853 380 3114 1 1 0 1.0
1 81413 381 2258 1 1 1 1.0
1 153506 381 4086 1 1 1 1.0
1 127082 384 3460 1 50 1 1.0
1 76929 385 1918 1 1 1 1.0
1 135666 386 3105 1 1 1 1.0
1 117448 387 3076 1 1 1 1.0
1 134094 389 3779 1 1 0 1.0
1 152962 390 3430 1 10 0 1.0
1 85972 391 2201 1 1 0 1.0
1 125864 392 3295 1 1 1 1.0
1 115050 393 2549 1 10 1 1.0
1 117944 394 2694 1 10 0 1.0
1 89402 395 1937 1 10 0 1.0
1 162940 397 3618 1 1 1 1.0
1 101142 398 2124 1 1 0 1.0
1 99167 404 2761 1 10 1 1.0
1 77232 407 2032 1 1 1 1.0
1 155301 409 3333 1 50 1 1.0
1 98416 413 2075 1 50 0 1.0
1 112851 418 2407 1 1 0 1.0
1 133257 419 3879 1 10 0 1.0
1 137233 421 3299 1 1 1 1.0
1 132841 423 3301 1 1 1 1.0
1 103678 424 2201 1 1 1 1.0
1 140185 431 3298 1 50 1 1.0
1 154578 431 4072 1 1 0 1.0
1 92634 435 2710 1 1 0 1.0
1 63241 436 1441 1 10 1 1.0
1 64220 437 1703 1 1 0 1.0
1 173659 438 4852 1 1 0 1.0
1 109015 440 2296 1 1 0 1.0
1 92697 440 2257 1 1 0 1.0
1 124618 450 2546 1 1 0 1.0
1 104545 462 2953 1 10 1 1.0
1 168333 462 3583 1 1 1 1.0
1 169949 463 4422 1 10 0 1.0
1 65982 464 1344 1 10 0 1.0
1 159270 467 3313 1 1 1 1.0
1 62949 467 1498 1 1 1 1.0
1 162308 468 4436 1 10 0 1.0
1 163549 471 4123 1 1 1 1.0
1 153688 472 4285 1 1 0 1.0
1 126823 475 2654 1 1 1 1.0
1 87134 477 2291 1 1 1 1.0
1 137128 478 3166 1 1 1 1.0
1 67299 479 1662 1 1 0 1.0
1 162811 480 3865 1 1 1 1.0
1 175361 480 5188 1 1 1 1.0
1 112022 484 2418 1 1 1 1.0
1 62704 484 1476 1 1 0 1.0
1 79561 486 2133 1 50 1 1.0
1 91773 494 2476 1 10 0 1.0
1 97370 495 2249 1 1 0 1.0
1 123974 495 3250 1 1 1 1.0
1 109718 501 2650 1 10 1 1.0
1 122504 502 2947 1 10 1 1.0
1 101339 506 2034 1 1 1 1.0
1 80239 506 2156 1 1 0 1.0
1 113077 507 2600 1 1 1 1.0
1 151211 508 4167 1 10 0 1.0
1 73533 508 1785 1 10 1 1.0
1 112045 515 2694 1 1 0 1.0
1 83417 516 1727 1 50 0 1.0
1 158825 517 4456 1 10 0 1.0
1 135421 519 3243 1 10 1 1.0
1 67217 522 1930 1 1 0 1.0
1 175777 523 4978 1 1 1 1.0
1 176450 527 5055 1 1 1 1.0
1 124202 528 3344 1 1 1 1.0
1 121122 530 3491 1 50 0 1.0
1 123917 532 3033 1 10 1 1.0
1 104633 532 2293 1 10 0 1.0
1 71003 532 1750 1 50 1 1.0
1 95724 533 1976 1 10 1 1.0
1 111887 534 2505 1 1 1 1.0
1 124544 535 3167 1 1 1 1.0
1 155159 536 3902 1 1 1 1.0
1 155224 537 4319 1 1 1 1.0
1 70910 538 1697 1 1 0 1.0
1 118331 539 3033 1 10 0 1.0
1 147545 539 3760 1 10 0 1.0
1 123383 540 3693 1 1 1 1.0
1 79825 541 2059 1 1 1 1.0
1 146840 543 4039 1 1 1 1.0
1 81698 544 2007 1 1 1 1.0
1 93656 545 2377 1 50 0 1.0
1 107047 546 2895 1 10 0 1.0
1 176399 550 4197 1 1 1 1.0
1 80870 550 1623 1 1 0 1.0
1 142458 552 3338 1 10 1 1.0
1 124368 553 3467 1 10 0 1.0
1 149668 555 3211 1 1 0 1.0
1 135200 557 3439 1 10 0 1.0
1 150097 558 3562 1 1 1 1.0
1 142921 560 3742 1 10 1 1.0
1 179297 568 5076 1 10 0 1.0
1 122019 569 2833 1 1 1 1.0
1 143154 569 3035 1 50 1 1.0
1 173125 571 4247 1 1 0 1.0
1 141550 573 3903 1 1 0 1.0
1 141932 577 3015 1 10 0 1.0
1 139213 579 3221 1 1 1 1.0
1 100031 582 2439 1 1 1 1.0
1 75423 583 1674 1 1 1 1.0
1 117974 584 3462 1 1 1 1.0
1 89425 585 2554 1 1 1 1.0
1 105810 589 2753 1 1 1 1.0
1 132914 593 3778 1 1 1 1.0
1 118045 594 3152 1 10 1 1.0
1 167986 594 4730 1 1 1 1.0
1 108112 597 3183 1 1 0 1.0
1 128354 597 3754 1 1 1 1.0
1 85588 600 2155 1 1 0 1.0
1 76962 605 1587 1 1 0 1.0
1 63381 607 1356 1 1 1 1.0
1 125121 607 2789 1 50 0 1.0
1 175438 610 4745 1 10 1 1.0
1 75113 616 2061 1 1 0 1.0
1 112526 617 3008 1 10 1 1.0
1 99499 621 2790 1 10 0 1.0
1 61960 621 1288 1 10 1 1.0
1 150721 621 4068 1 1 1 1.0
1 73499 624 1769 1 1 1 1.0
1 130651 626 2846 1 1 1 1.0
1 133999 628 3296 1 1 1 1.0
1 132094 633 3489 1 1 1 1.0
1 71293 635 1544 1 1 0 1.0
1 160173 640 4451 1 10 0 1.0
1 177672 642 4743 1 10 1 1.0
1 106133 642 2829 1 1 1 1.0
1 110133 644 2899 1 1 0 1.0
1 108647 644 3039 1 10 0 1.0
1 115413 645 2775 1 50 1 1.0
1 163465 652 4247 1 1 0 1.0
1 168227 653 3465 1 1 0 1.0
1 122781 657 2819 1 1 0 1.0
1 87672 665 2578 1 50 0 1.0
1 89508 665 2571 1 1 1 1.0
1 135891 666 3815 1 10 0 1.0
1 69620 667 1970 1 1 1 1.0
1 87656 667 2346 1 1 1 1.0
1 77657 668 2231 1 1 1 1.0
1 140106 669 4191 1 1 1 1.0
1 65039 670 1467 1 10 1 1.0
1 88522 672 2356 1 10 1 1.0
1 126871 673 3267 1 1 1 1.0
1 152836 682 3736 1 50 0 1.0
1 104051 683 2739 1 1 0 1.0
1 130578 686 2797 1 1 1 1.0
1 132686 686 3211 1 10 1 1.0
1 87330 686 2022 1 1 1 1.0
1 163622 688 3716 1 10 1 1.0
1 130224 689 3536 1 1 0 1.0
1 66921 690 1834 1 1 1 1.0
1 101766 690 2375 1 50 0 1.0
1 103793 693 2435 1 10 0 1.0
1 69766 695 1950 1 10 1 1.0
1 81979 696 1787 1 50 0 1.0
1 73803 697 1487 1 50 0 1.0
1 126387 698 3307 1 1 0 1.0
1 174297 699 3643 1 1 0 1.0
1 159847 699 4420 1 10 0 1.0
1 98280 700 2667 1 1 1 1.0
1 178218 701 4572 1 50 1 1.0
1 83430 704 2166 1 50 1 1.0
1 107735 715 3128 1 50 0 1.0
1 177386 721 5102 1 50 0 1.0
1 69826 721 2056 1 1 0 1.0
1 120079 723 3408 1 1 0 1.0
1 88414 725 2336 1 1 1 1.0
1 128969 726 2732 1 50 1 1.0
1 131407 730 3604 1 1 1 1.0
1 121085 736 2796 1 10 1 1.0
1 80638 737 2229 1 1 1 1.0
1 75482 745 1745 1 10 0 1.0
1 61725 749 1617 1 1 1 1.0
1 136253 749 3637 1 1 0 1.0
1 63120 750 1839 1 10 0 1.0
1 137598 752 2879 1 10 0 1.0
1 97000 755 2262 1 1 1 1.0
1 95290 760 2263 1 10 1 1.0
1 103025 761 2819 1 1 0 1.0
1 125629 761 3273 1 50 1 1.0
1 102790 763 2448 1 10 1 1.0
1 77344 765 1687 1 1 0 1.0
1 119368 766 3395 1 1 1 1.0
1 162165 771 3993 1 10 0 1.0
1 153096 773 3840 1 1 0 1.0
1 104613 774 2473 1 10 1 1.0
1 127336 775 3658 1 10 0 1.0
1 136358 776 2781 1 10 1 1.0
1 172458 779 4090 1 1 0 1.0
1 114217 780 2626 1 1 0 1.0
1 99577 782 2278 1 10 1 1.0
1 77935 782 1981 1 1 1 1.0
1 173559 784 4874 1 10 1 1.0
1 115307 791 2676 1 1 0 1.0
1 99535 796 2182 1 1 0 1.0
1 110723 800 3176 1 50 0 1.0
1 83724 803 2038 1 1 0 1.0
1 178618 808 4711 1 10 1 1.0
1 108840 811 2303 1 1 0 1.0
1 116439 813 2619 1 1 0 1.0
1 101744 815 2740 1 1 0 1.0
1 134009 818 3309 1 10 1 1.0
1 130074 827 3718 1 1 1 1.0
1 81784 828 2130 1 1 0 1.0
1 89277 829 1950 1 10 0 1.0
1 160851 834 4466 1 1 0 1.0
1 164267 835 4315 1 1 0 1.0
1 160619 836 3689 1 1 0 1.0
1 82452 842 1826 1 1 0 1.0
1 128429 842 3387 1 10 0 1.0
1 179263 842 3880 1 1 1 1.0
1 129395 849 2694 1 1 0 1.0
1 104093 850 2262 1 1 1 1.0
1 133133 850 3869 1 1 0 1.0
1 71811 851 1925 1 10 1 1.0
1 141000 853 3352 1 1 1 1.0
1 70489 855 1848 1 1 1 1.0
1 145214 857 3160 1 1 1 1.0
1 113649 859 2441 1 1 0 1.0
1 147221 865 4215 1 1 1 1.0
1 141823 868 3255 1 10 0 1.0
1 147947 870 3715 1 1 1 1.0
1 142993 870 3282 1 1 0 1.0
1 164268 871 4533 1 1 0 1.0
1 71212 872 1618 1 1 1 1.0
1 105002 873 3104 1 1 0 1.0
1 90064 880 2006 1 10 1 1.0
1 167004 884 3938 1 10 0 1.0
1 148492 884 3712 1 1 1 1.0
1 100833 886 2789 1 1 0 1.0
1 134717 888 3286 1 1 1 1.0
1 112884 893 2831 1 1 0 1.0
1 135432 896 2987 1 1 0 1.0
1 118462 899 2962 1 1 1 1.0
1 169924 903 3546 1 1 0 1.0
1 159738 906 4401 1 1 1 1.0
1 149578 910 4139 1 1 0 1.0
1 78582 911 2043 1 10 1 1.0
1 124896 913 3272 1 10 1 1.0
1 86632 915 2145 1 1 0 1.0
1 104538 918 2540 1 1 1 1.0
1 175060 919 4939 1 10 1 1.0
1 125295 920 2907 1 10 1 1.0
1 137365 922 3573 1 1 0 1.0
1 69514 923 1930 1 10 1 1.0
1 153967 925 4410 1 1 0 1.0
1 173650 929 4030 1 10 1 1.0
1 106522 931 2529 1 1 1 1.0
1 84729 934 2367 1 10 1 1.0
1 106457 939 2673 1 1 1 1.0
1 98304 941 2432 1 10 0 1.0
1 73707 942 1939 1 1 1 1.0
1 156398 943 4108 1 50 1 1.0
1 109345 945 2975 1 1 0 1.0
1 97286 949 2830 1 1 0 1.0
1 145991 955 3416 1 10 1 1.0
1 67793 957 1812 1 10 0 1.0
1 94284 960 2096 1 10 0 1.0
1 169003 960 4305 1 1 0 1.0
1 116793 963 3129 1 10 0 1.0
1 139123 965 3271 1 10 1 1.0
1 105422 968 3016 1 10 1 1.0
1 68716 970 1657 1 10 1 1.0
1 144129 970 3512 1 1 0 1.0
1 116866 974 3399 1 1 0 1.0
1 118364 974 3057 1 1 1 1.0
1 156320 981 3690 1 50 0 1.0
1 73766 982 2161 1 50 1 1.0
1 142629 983 3947 1 10 0 1.0
1 170979 986 4723 1 1 0 1.0
1 76228 987 2128 1 1 0 1.0
1 128976 991 2623 1 1 0 1.0
1 126492 991 2705 1 1 0 1.0
1 138144 993 3703 1 50 0 1.0
1 176057 993 3931 1 10 0 1.0
1 96227 996 2545 1 1 0 1.0
1 79748 1009 2067 1 1 1 1.0
1 71374 1013 1736 1 1 1 1.0
1 127989 1014 3387 1 1 1 1.0
1 114444 1017 3399 1 1 0 1.0
1 111701 1019 3223 1 10 1 1.0
1 85118 1020 2400 1 1 1 1.0
1 178006 1022 4688 1 50 1 1.0
1 71355 1022 1458 1 10 1 1.0
1 158871 1032 3604 1 1 1 1.0
1 173745 1034 4932 1 10 1 1.0
1 113659 1034 2653 1 1 1 1.0
1 177490 1036 4227 1 50 1 1.0
1 103878 1039 2506 1 1 1 1.0
1 118176 1039 3029 1 10 1 1.0
1 79896 1046 1664 1 10 1 1.0
1 62843 1048 1637 1 50 1 1.0
1 76427 1048 2256 1 10 0 1.0
1 104864 1051 2525 1 50 1 1.0
1 109912 1053 3294 1 10 0 1.0
1 152089 1053 3910 1 1 0 1.0
1 104147 1054 3017 1 1 1 1.0
1 87171 1058 2248 1 1 0 1.0
1 87568 1060 2359 1 1 1 1.0
1 176145 1060 4939 1 1 1 1.0
1 61240 1063 1435 1 50 1 1.0
1 118654 1065 3318 1 10 1 1.0
1 176148 1065 3740 1 1 1 1.0
1 107652 1067 2488 1 10 0 1.0
1 65640 1068 1340 1 10 0 1.0
1 92445 1068 2630 1 10 0 1.0
1 85597 1073 1890 1 1 1 1.0
1 60528 1073 1624 1 1 0 1.0
1 115873 1074 2753 1 1 0 1.0
1 166120 1075 3973 1 1 1 1.0
1 62430 1079 1575 1 10 0 1.0
1 146883 1080 3357 1 10 0 1.0
1 147019 1081 3643 1 1 1 1.0
1 126264 1087 3571 1 1 0 1.0
1 90651 1087 2628 1 50 1 1.0
1 109566 1088 3228 1 1 0 1.0
1 83600 1091 2314 1 1 0 1.0
1 89428 1093 2031 1 10 1 1.0
1 157932 1101 4250 1 1 0 1.0
1 175836 1102 4592 1 10 0 1.0
1 160719 1104 3560 1 1 1 1.0
1 95062 1107 2549 1 1 0 1.0
1 148063 1107 4209 1 1 1 1.0
1 172263 1109 3963 1 1 0 1.0
1 154099 1113 3280 1 1 1 1.0
1 161976 1121 3333 1 10 1 1.0
1 82694 1122 2358 1 1 1 1.0
1 117781 1122 2884 1 10 0 1.0
1 179093 1123 3971 1 50 1 1.0
1 158029 1124 3962 1 10 1 1.0
1 130858 1129 3183 1 1 0 1.0
1 121982 1135 3157 1 1 0 1.0
1 88156 1137 1780 1 1 1 1.0
1 110942 1137 2812 1 1 1 1.0
1 77912 1140 2285 1 10 0 1.0
1 133663 1141 3442 1 1 1 1.0
1 173621 1146 4676 1 1 0 1.0
1 122556 1147 2835 1 1 0 1.0
1 80499 1157 2213 1 10 1 1.0
1 99873 1157 2504 1 1 1 1.0
1 90107 1159 1969 1 1 1 1.0
1 169027 1165 4394 1 50 1 1.0
1 176424 1167 4748 1 10 1 1.0
1 82209 1168 2333 1 1 0 1.0
1 108154 1171 2676 1 10 1 1.0
1 108202 1172 2712 1 1 0 1.0
1 156995 1174 4634 1 50 1 1.0
1 166692 1174 3342 1 1 1 1.0
1 90597 1177 2193 1 1 1 1.0
1 164143 1180 3424 1 1 0 1.0
1 84252 1183 1870 1 1 1 1.0
1 147817 1185 3947 1 1 0 1.0
1 91477 1186 2063 1 1 0 1.0
1 84438 1187 2133 1 1 1 1.0
1 101085 1190 2068 1 1 0 1.0
1 67345 1196 1819 1 1 0 1.0
1 137957 1198 4014 1 50 1 1.0
1 63435 1199 1691 1 10 0 1.0
1 127648 1205 2801 1 1 1 1.0
1 118961 1205 3432 1 10 0 1.0
1 139679 1205 3915 1 1 0 1.0
1 171785 1206 3772 1 1 1 1.0
1 63978 1211 1439 1 1 0 1.0
1 142457 1215 3292 1 10 1 1.0
1 110851 1217 3109 1 1 0 1.0
1 108179 1218 2778 1 1 0 1.0
1 113062 1221 3027 1 50 1 1.0
1 62529 1221 1787 1 10 1 1.0
1 135970 1223 3728 1 1 0 1.0
1 165841 1224 4341 1 10 1 1.0
1 152373 1229 3328 1 50 0 1.0
1 137117 1231 3105 1 1 0 1.0
1 90926 1231 2047 1 1 0 1.0
1 61782 1232 1634 1 1 1 1.0
1 137166 1233 3342 1 50 0 1.0
1 72095 1237 1576 1 1 0 1.0
1 105625 1238 2442 1 1 1 1.0
1 102527 1243 2512 1 10 0 1.0
1 144068 1245 3572 1 10 0 1.0
1 161909 1248 3262 1 10 0 1.0
1 62847 1252 1296 1 1 0 1.0
1 112880 1253 2496 1 10 0 1.0
1 145232 1253 3060 1 1 1 1.0
1 121922 1261 2573 1 1 1 1.0
1 60754 1262 1395 1 10 0 1.0
1 173473 1263 3975 1 1 0 1.0
1 113119 1268 2791 1 1 0 1.0
1 151044 1270 3118 1 1 1 1.0
1 159883 1270 3532 1 1 0 1.0
1 92949 1270 1899 1 1 0 1.0
1 72565 1276 1741 1 1 1 1.0
1 159536 1276 3554 1 50 1 1.0
1 168863 1280 3453 1 1 0 1.0
1 153855 1283 3493 1 50 0 1.0
1 148050 1287 3209 1 1 1 1.0
1 144584 1288 3395 1 1 1 1.0
1 139407 1288 4033 1 10 0 1.0
1 125592 1289 3757 1 1 1 1.0
1 172327 1291 5029 1 1 0 1.0
1 157428 1291 3517 1 10 1 1.0
1 146445 1292 3774 1 10 1 1.0
1 70215 1292 2063 1 10 1 1.0
1 77511 1294 2234 1 10 0 1.0
1 149447 1295 3074 1 1 1 1.0
1 79839 1297 2340 1 10 0 1.0
1 79168 1297 2002 1 1 0 1.0
1 164355 1300 3455 1 10 0 1.0
1 170161 1305 3927 1 1 1 1.0
1 94110 1317 2445 1 50 0 1.0
1 61145 1322 1397 1 10 0 1.0
1 139333 1327 3286 1 1 1 1.0
1 165841 1327 4275 1 1 0 1.0
1 87005 1333 1863 1 1 1 1.0
1 110409 1334 3142 1 1 1 1.0
1 158562 1339 4099 1 1 1 1.0
1 138070 1339 3106 1 1 1 1.0
1 108686 1342 3239 1 1 0 1.0
1 72408 1342 1934 1 1 0 1.0
1 73934 1347 2125 1 1 0 1.0
1 64779 1350 1868 1 1 0 1.0
1 179910 1351 4019 1 50 0 1.0
1 90844 1357 1918 1 50 0 1.0
1 117509 1358 2937 1 1 0 1.0
1 132254 1359 3443 1 1 0 1.0
1 144713 1365 3618 1 1 0 1.0
1 141880 1367 4097 1 10 1 1.0
1 76440 1367 1658 1 1 0 1.0
1 171331 1368 4605 1 1 0 1.0
1 109240 1370 2484 1 1 1 1.0
1 80390 1373 2253 1 10 1 1.0
1 166937 1373 3861 1 1 1 1.0
1 169328 1374 4488 1 1 0 1.0
1 165206 1375 3656 1 1 0 1.0
1 135133 1376 2744 1 10 1 1.0
1 72845 1379 2177 1 10 1 1.0
1 127144 1381 2717 1 10 1 1.0
1 116931 1385 3501 1 1 1 1.0
1 159375 1387 4468 1 10 1 1.0
1 108236 1389 2399 1 50 1 1.0
1 100881 1393 3006 1 10 1 1.0
1 176913 1395 4297 1 50 1 1.0
1 121794 1401 3462 1 1 0 1.0
1 161291 1401 3276 1 1 1 1.0
1 158308 1401 3851 1 1 1 1.0
1 170771 1401 3475 1 1 0 1.0
1 72701 1403 1745 1 10 1 1.0
1 109417 1404 2668 1 10 1 1.0
1 136073 1405 3959 1 1 1 1.0
1 135166 1407 3212 1 1 1 1.0
1 168399 1408 5028 1 1 0 1.0
1 69860 1413 1780 1 1 0 1.0
1 123332 1416 2660 1 50 1 1.0
1 86067 1422 1975 1 1 1 1.0
1 104902 1423 2939 1 1 1 1.0
1 126136 1425 3221 1 1 1 1.0
1 85957 1431 2528 1 50 0 1.0
1 95960 1431 2855 1 10 1 1.0
1 157828 1434 4699 1 1 1 1.0
1 64159 1438 1575 1 1 1 1.0
1 169276 1440 4369 1 10 1 1.0
1 116590 1441 3381 1 1 1 1.0
1 140783 1444 2870 1 1 0 1.0
1 81434 1445 2255 1 10 1 1.0
1 111157 1446 2972 1 1 0 1.0
1 89976 1448 2476 1 10 0 1.0
1 130645 1452 3716 1 1 1 1.0
1 125165 1452 2722 1 1 0 1.0
1 143108 1459 3306 1 1 0 1.0
1 74512 1464 1649 1 10 1 1.0
1 164802 1464 4553 1 1 1 1.0
1 171119 1466 3803 1 1 0 1.0
1 113572 1466 3014 1 1 0 1.0
1 146239 1467 3931 1 50 0 1.0
1 94533 1468 2059 1 50 0 1.0
1 165269 1470 4596 1 10 0 1.0
1 149118 1472 3133 1 1 0 1.0
1 102007 1473 3006 1 1 1 1.0
1 69020 1474 1929 1 1 1 1.0
1 124318 1477 2918 1 1 0 1.0
1 156938 1477 4138 1 1 1 1.0
1 125536 1478 2925 1 1 0 1.0
1 129619 1484 3172 1 1 0 1.0
1 166953 1489 3641 1 1 1 1.0
1 143502 1492 3215 1 1 1 1.0
1 118896 1494 2823 1 1 0 1.0
1 74401 1495 1654 1 50 1 1.0
1 160290 1497 4658 1 10 0 1.0
1 117291 1497 2938 1 1 1 1.0
1 91310 1499 2040 1 1 1 1.0
1 158752 1504 3798 1 1 1 1.0
1 163664 1504 4572 1 1 0 1.0
1 117933 1506 2470 1 1 0 1.0
1 60685 1509 1246 1 10 1 1.0
1 172025 1509 3457 1 1 1 1.0
1 154136 1516 3274 1 10 1 1.0
1 179900 1524 4166 1 1 0 1.0
1 124286 1524 2719 1 10 0 1.0
1 148942 1525 3850 1 1 0 1.0
1 145991 1527 4234 1 1 1 1.0
1 81639 1533 1752 1 1 0 1.0
1 75150 1534 1760 1 1 0 1.0
1 105236 1536 2292 1 1 0 1.0
1 107472 1537 2445 1 50 1 1.0
1 147773 1540 3302 1 1 0 1.0
1 111092 1542 3051 1 10 1 1.0
1 167291 1544 3442 1 10 0 1.0
1 140836 1549 3275 1 50 1 1.0
1 90526 1549 2645 1 50 0 1.0
1 104844 1551 2432 1 10 1 1.0
1 104433 1551 2579 1 10 0 1.0
1 132209 1561 3747 1 1 1 1.0
1 173857 1566 4148 1 10 1 1.0
1 167961 1576 3524 1 1 0 1.0
1 149595 1580 3933 1 1 0 1.0
1 178604 1580 4297 1 1 1 1.0
1 143748 1581 3257 1 10 1 1.0
1 179531 1583 4914 1 1 1 1.0
1 99127 1583 2909 1 10 0 1.0
1 147328 1583 3216 1 10 1 1.0
1 172317 1586 4169 1 10 0 1.0
1 114864 1587 2906 1 1 0 1.0
1 156034 1588 4122 1 1 1 1.0
1 114538 1588 3388 1 50 0 1.0
1 78924 1592 2299 1 50 0 1.0
1 160271 1593 4795 1 1 1 1.0
1 84819 1598 1964 1 1 1 1.0
1 91935 1599 2419 1 1 1 1.0
1 126078 1600 2705 1 1 1 1.0
1 143235 1604 3786 1 1 1 1.0
1 128219 1604 2884 1 1 1 1.0
1 102967 1607 3066 1 1 1 1.0
1 164985 1607 3690 1 10 0 1.0
1 177360 1608 4731 1 1 0 1.0
1 74685 1609 1691 1 1 0 1.0
1 105433 1611 2817 1 1 0 1.0
1 148435 1612 3130 1 1 1 1.0
1 171842 1613 3931 1 10 1 1.0
1 162381 1629 4676 1 1 1 1.0
1 145837 1634 3561 1 10 0 1.0
1 165044 1636 4484 1 1 1 1.0
1 84425 1640 1718 1 1 1 1.0
1 111129 1644 3314 1 1 0 1.0
1 176421 1645 5235 1 10 1 1.0
1 107344 1645 2551 1 1 0 1.0
1 132777 1647 3823 1 1 0 1.0
1 112420 1650 2380 1 1 1 1.0
1 121193 1650 3521 1 1 1 1.0
1 152928 1651 3290 1 1 0 1.0
1 145268 1652 3873 1 50 0 1.0
1 151274 1653 4469 1 10 0 1.0
1 144512 1659 3852 1 1 0 1.0
1 130034 1664 2789 1 1 0 1.0
1 89960 1667 2079 1 1 0 1.0
1 152977 1673 3326 1 1 0 1.0
1 156110 1675 3212 1 10 0 1.0
1 168165 1685 4636 1 1 0 1.0
1 159776 1687 4103 1 10 0 1.0
1 151808 1692 4310 1 10 1 1.0
1 161265 1695 3751 1 1 0 1.0
1 101635 1697 3001 1 1 0 1.0
1 98971 1698 2490 1 10 0 1.0
1 112468 1700 2719 1 10 1 1.0
1 75102 1703 2023 1 10 0 1.0
1 139557 1703 3298 1 1 0 1.0
1 87895 1704 2340 1 10 0 1.0
1 80298 1710 1843 1 10 1 1.0
1 66385 1717 1402 1 1 0 1.0
1 96187 1724 2634 1 10 0 1.0
1 69716 1724 1890 1 10 1 1.0
1 110774 1729 2622 1 1 1 1.0
1 160704 1731 3663 1 1 0 1.0
1 179567 1733 3960 1 1 1 1.0
1 156297 1734 3190 1 1 0 1.0
1 141927 1740 3716 1 1 0 1.0
1 166459 1740 4087 1 10 1 1.0
1 96277 1741 2132 1 1 1 1.0
1 125251 1742 2592 1 10 0 1.0
1 79767 1747 1619 1 1 0 1.0
1 72231 1747 1515 1 10 0 1.0
1 157220 1750 4517 1 10 0 1.0
1 158585 1751 4286 1 10 1 1.0
1 171119 1754 3821 1 10 1 1.0
1 158095 1756 4331 1 10 0 1.0
1 137930 1757 3248 1 10 0 1.0
1 93243 1758 2431 1 10 1 1.0
1 165361 1771 4294 1 1 1 1.0
1 169890 1772 3998 1 1 0 1.0
1 79909 1775 2244 1 1 0 1.0
1 83926 1781 2443 1 1 0 1.0
1 104302 1786 2408 1 1 1 1.0
1 114680 1787 2657 1 1 1 1.0
1 148184 1788 3127 1 1 0 1.0
1 136038 1790 3115 1 1 1 1.0
1 119828 1794 2694 1 1 1 1.0
1 132330 1795 3133 1 1 0 1.0
1 62735 1799 1448 1 1 0 1.0
1 148432 1801 4284 1 1 1 1.0
1 92878 1804 2135 1 10 1 1.0
1 148761 1804 3797 1 10 0 1.0
1 65825 1805 1431 1 1 1 1.0
1 128361 1811 3473 1 50 0 1.0
1 88080 1814 2387 1 1 0 1.0
1 166451 1820 3637 1 10 1 1.0
1 66711 1825 1720 1 1 1 1.0
1 155237 1826 3253 1 10 1 1.0
1 89891 1827 2049 1 1 1 1.0
1 121159 1830 2529 1 10 0 1.0
1 93978 1833 2093 1 10 0 1.0
1 134525 1835 3731 1 10 0 1.0
1 162733 1836 3712 1 1 0 1.0
1 175476 1838 4341 1 10 0 1.0
1 154965 1839 4032 1 1 1 1.0
1 101689 1841 2504 1 1 0 1.0
1 161644 1843 4594 1 1 0 1.0
1 70930 1845 1925 1 1 1 1.0
1 164617 1845 4619 1 10 0 1.0
1 143127 1852 4228 1 10 1 1.0
1 111652 1853 3185 1 1 1 1.0
1 94012 1853 2345 1 1 1 1.0
1 80814 1854 1974 1 1 1 1.0
1 81079 1855 1891 1 1 0 1.0
1 150398 1859 3896 1 1 0 1.0
1 124992 1860 3319 1 1 0 1.0
1 63632 1863 1409 1 10 0 1.0
1 69476 1865 1589 1 1 0 1.0
1 109049 1870 2760 1 1 0 1.0
1 165874 1871 4361 1 50 0 1.0
1 172660 1874 3671 1 1 0 1.0
1 143066 1875 3348 1 1 0 1.0
1 177002 1879 4258 1 1 0 1.0
1 139275 1881 2913 1 10 1 1.0
1 109305 1881 2692 1 1 1 1.0
1 137929 1882 3091 1 1 0 1.0
1 76153 1884 2010 1 1 0 1.0
1 101722 1887 2718 1 1 1 1.0
1 101000 1889 2351 1 1 1 1.0
1 173634 1891 5165 1 1 1 1.0
1 147911 1892 3452 1 1 1 1.0
1 85086 1893 2157 1 10 0 1.0
1 160515 1894 3598 1 1 0 1.0
1 65898 1894 1740 1 10 1 1.0
1 104156 1894 2229 1 1 0 1.0
1 156868 1894 3867 1 1 0 1.0
1 131870 1899 3623 1 10 0 1.0
1 174097 1902 4417 1 1 1 1.0
1 152943 1903 4148 1 1 1 1.0
1 77273 1907 2236 1 1 0 1.0
1 68623 1907 1559 1 1 1 1.0
1 149545 1910 4359 1 50 1 1.0
1 137743 1911 3770 1 1 1 1.0
1 146128 1913 3771 1 10 1 1.0
1 165351 1913 3426 1 10 0 1.0
1 149213 1914 4369 1 50 1 1.0
1 84861 1917 1825 1 1 0 1.0
1 101639 1918 2443 1 10 1 1.0
1 163417 1923 4814 1 10 0 1.0
1 96348 1930 2699 1 10 0 1.0
1 140324 1931 3345 1 10 1 1.0
1 138579 1937 3802 1 1 1 1.0
1 158593 1939 4282 1 1 1 1.0
1 119250 1940 2640 1 1 1 1.0
1 128067 1945 2953 1 1 1 1.0
1 148346 1946 3987 1 1 1 1.0
1 135305 1947 3417 1 50 0 1.0
1 142774 1951 3217 1 10 0 1.0
1 176962 1952 3642 1 1 1 1.0
1 65197 1952 1403 1 1 1 1.0
1 75337 1953 2258 1 1 0 1.0
1 158194 1956 3615 1 1 1 1.0
1 120941 1959 2927 1 10 0 1.0
1 77453 1960 1740 1 1 0 1.0
1 147565 1962 3253 1 1 1 1.0
1 135241 1966 3767 1 1 1 1.0
1 93054 1967 2042 1 1 1 1.0
1 85279 1968 2520 1 10 1 1.0
1 145078 1979 3002 1 1 0 1.0
1 132370 1985 2813 1 10 1 1.0
1 169512 1986 3688 1 1 0 1.0
1 177121 1986 4386 1 10 1 1.0
1 177876 1992 3573 1 1 1 1.0
1 64952 1992 1645 1 1 0 1.0
1 175167 1998 4305 1 1 1 1.0
1 64664 1999 1586 1 1 0 1.0
1 135001 2006 2978 1 10 1 1.0
1 146029 2016 3844 1 10 0 1.0
1 75921 2017 1911 1 10 0 1.0
1 63229 2022 1489 1 50 0 1.0
1 158470 2025 4388 1 10 1 1.0
1 108937 2025 2492 1 1 1 1.0
1 161731 2026 4192 1 1 1 1.0
1 150869 2027 3690 1 1 0 1.0
1 141729 2028 4235 1 1 1 1.0
1 102054 2029 2078 1 1 1 1.0
1 109500 2032 2745 1 1 0 1.0
1 91323 2033 2022 1 1 1 1.0
1 121892 2036 2960 1 10 0 1.0
1 177347 2040 4069 1 1 1 1.0
1 138213 2047 3378 1 10 0 1.0
1 73088 2048 1806 1 1 1 1.0
1 179130 2049 3990 1 10 1 1.0
1 155226 2051 3972 1 1 0 1.0
1 157015 2051 3871 1 10 1 1.0
1 78346 2052 1755 1 1 0 1.0
1 128711 2053 3259 1 1 1 1.0
1 153457 2054 4037 1 10 1 1.0
1 176177 2054 4311 1 10 1 1.0
1 152620 2055 3978 1 1 1 1.0
1 145287 2055 4063 1 50 0 1.0
1 149255 2057 3776 1 10 1 1.0
1 68790 2057 1718 1 1 0 1.0
1 172120 2061 3458 1 50 1 1.0
1 142760 2062 3810 1 1 0 1.0
1 161958 2069 4850 1 50 0 1.0
1 98233 2076 2745 1 1 1 1.0
1 72167 2077 1947 1 1 0 1.0
1 128983 2077 3460 1 50 1 1.0
1 169305 2078 3897 1 1 1 1.0
1 128327 2078 2874 1 1 0 1.0
1 120129 2078 3163 1 1 1 1.0
1 79674 2080 2013 1 1 0 1.0
1 93890 2083 2451 1 50 1 1.0
1 136905 2083 2878 1 10 1 1.0
1 65761 2084 1819 1 1 0 1.0
1 125576 2085 2995 1 1 0 1.0
1 81632 2089 1760 1 1 0 1.0
1 80174 2090 1662 1 50 0 1.0
1 150728 2093 3119 1 10 1 1.0
1 90440 2094 1945 1 50 0 1.0
1 131281 2094 3185 1 10 0 1.0
1 89698 2095 2393 1 10 0 1.0
1 107884 2097 2916 1 10 0 1.0
1 102811 2099 2352 1 1 0 1.0
1 127135 2101 3025 1 50 0 1.0
1 140827 2103 3389 1 10 0 1.0
1 61269 2111 1458 1 1 0 1.0
1 145177 2119 3948 1 1 0 1.0
1 101382 2120 2591 1 10 0 1.0
1 116972 2121 2886 1 10 1 1.0
1 121356 2123 3149 1 10 0 1.0
1 82157 2124 2359 1 10 0 1.0
1 67717 2127 1980 1 50 0 1.0
1 87588 2129 2547 1 1 1 1.0
1 151115 2130 4027 1 1 1 1.0
1 128114 2130 3685 1 50 0 1.0
1 119076 2132 3407 1 1 1 1.0
1 166518 2134 4411 1 10 0 1.0
1 141114 2136 4137 1 1 1 1.0
1 112428 2140 3242 1 1 0 1.0
1 100502 2141 2091 1 1 1 1.0
1 128997 2145 2721 1 1 1 1.0
1 130354 2151 3527 1 1 0 1.0
1 165018 2151 4942 1 10 1 1.0
1 88395 2151 2006 1 1 0 1.0
1 179072 2156 4296 1 1 1 1.0
1 124529 2156 2548 1 1 1 1.0
1 131404 2157 3371 1 1 0 1.0
1 112801 2157 2548 1 1 1 1.0
1 86239 2161 2028 1 1 1 1.0
1 171634 2161 5071 1 10 0 1.0
1 167832 2164 3666 1 1 1 1.0
1 162351 2167 4716 1 1 0 1.0
1 136654 2169 3004 1 1 0 1.0
1 135786 2169 2944 1 10 1 1.0
1 116759 2170 2529 1 1 1 1.0
1 85186 2172 1872 1 10 0 1.0
1 82006 2175 1900 1 1 0 1.0
1 62953 2175 1370 1 1 1 1.0
1 146699 2178 3270 1 50 0 1.0
1 172903 2186 3610 1 50 0 1.0
1 104338 2186 2274 1 1 1 1.0
1 113579 2187 2489 1 10 0 1.0
1 132284 2192 3348 1 1 1 1.0
1 136169 2193 3354 1 1 1 1.0
1 126384 2198 2821 1 1 0 1.0
1 123754 2202 3541 1 1 0 1.0
1 106309 2204 2785 1 1 0 1.0
1 106176 2205 2760 1 10 1 1.0
1 129546 2206 3885 1 50 0 1.0
1 79268 2207 2126 1 1 1 1.0
1 106190 2207 2776 1 1 1 1.0
1 113562 2210 2926 1 1 1 1.0
1 91293 2213 2165 1 10 1 1.0
1 75944 2215 2129 1 10 1 1.0
1 165045 2215 3860 1 1 1 1.0
1 82049 2217 2449 1 10 0 1.0
1 121111 2221 2860 1 1 1 1.0
1 173881 2222 5089 1 10 1 1.0
1 143775 2225 3844 1 1 1 1.0
1 68450 2228 1370 1 10 1 1.0
1 83494 2230 1998 1 1 1 1.0
1 179509 2234 3596 1 10 0 1.0
1 114837 2236 3096 1 10 0 1.0
1 130306 2237 2742 1 10 1 1.0
1 137932 2238 2891 1 1 0 1.0
1 115393 2246 2346 1 10 1 1.0
1 83260 2247 1723 1 50 1 1.0
1 127118 2254 3264 1 50 1 1.0
1 178350 2254 4665 1 50 1 1.0
1 170335 2255 5041 1 10 0 1.0
1 136046 2255 3846 1 1 0 1.0
1 156341 2265 3494 1 1 0 1.0
1 128705 2269 3326 1 1 0 1.0
1 98443 2271 2201 1 1 0 1.0
1 167519 2275 4379 1 1 1 1.0
1 93515 2280 2631 1 1 1 1.0
1 82097 2281 2053 1 50 0 1.0
1 104373 2285 3042 1 1 0 1.0
1 111847 2286 2657 1 1 0 1.0
1 92912 2287 1958 1 1 1 1.0
1 167925 2287 4309 1 10 1 1.0
1 79295 2295 2284 1 10 1 1.0
1 115626 2295 2911 1 10 1 1.0
1 125820 2297 3710 1 1 0 1.0
1 151898 2297 3092 1 10 0 1.0
1 86967 2300 2350 1 50 0 1.0
1 148576 2308 4118 1 10 1 1.0
1 72541 2311 1629 1 50 0 1.0
1 116217 2316 3395 1 10 1 1.0
1 175235 2316 4779 1 1 1 1.0
1 100696 2320 2434 1 10 0 1.0
1 176314 2321 3872 1 1 0 1.0
1 111492 2322 2556 1 1 1 1.0
1 140243 2326 3850 1 1 1 1.0
1 78674 2328 2358 1 1 1 1.0
1 97181 2328 2623 1 10 0 1.0
1 140268 2328 3705 1 10 0 1.0
1 95839 2330 2128 1 1 0 1.0
1 139481 2333 2839 1 10 0 1.0
1 103922 2334 2238 1 1 1 1.0
1 176417 2335 4239 1 1 1 1.0
1 99747 2338 2779 1 1 0 1.0
1 154941 2339 3779 1 1 0 1.0
1 100079 2342 2885 1 10 0 1.0
1 123741 2348 2955 1 1 1 1.0
1 172253 2354 4812 1 1 1 1.0
1 64301 2356 1685 1 1 1 1.0
1 111355 2356 2583 1 1 0 1.0
1 151941 2356 3087 1 1 0 1.0
1 152564 2364 3512 1 1 1 1.0
1 136628 2365 3148 1 1 0 1.0
1 142838 2368 3327 1 50 0 1.0
1 176054 2369 4736 1 10 1 1.0
1 79458 2369 2356 1 10 1 1.0
1 77144 2369 1589 1 10 0 1.0
1 152078 2374 3848 1 1 1 1.0
1 84310 2377 2021 1 1 1 1.0
1 179077 2379 3748 1 10 0 1.0
1 78464 2385 2245 1 10 1 1.0
1 85574 2387 1970 1 10 1 1.0
1 71240 2388 1593 1 1 0 1.0
1 96507 2393 2464 1 1 1 1.0
1 79918 2398 1622 1 1 1 1.0
1 160344 2402 4593 1 10 1 1.0
1 73826 2403 1913 1 10 1 1.0
1 131508 2406 2821 1 1 0 1.0
1 141052 2410 3462 1 1 1 1.0
1 111187 2412 2884 1 1 0 1.0
1 155024 2412 3711 1 1 1 1.0
1 65155 2414 1481 1 1 1 1.0
1 74308 2414 2035 1 10 1 1.0
1 173881 2419 4308 1 50 1 1.0
1 154493 2427 3914 1 1 0 1.0
1 130665 2428 3912 1 1 0 1.0
1 61115 2429 1288 1 50 0 1.0
1 115256 2431 2844 1 1 1 1.0
1 123174 2434 3378 1 1 1 1.0
1 89805 2437 2601 1 1 1 1.0
1 118472 2438 2943 1 50 1 1.0
1 68861 2441 1932 1 1 1 1.0
1 110358 2443 3175 1 1 1 1.0
1 168685 2444 4317 1 1 1 1.0
1 135575 2445 3804 1 1 1 1.0
1 69316 2447 1754 1 10 1 1.0
1 105643 2453 2859 1 10 1 1.0
1 95640 2454 2139 1 1 1 1.0
1 72774 2455 1980 1 1 1 1.0
1 71757 2455 1589 1 1 1 1.0
1 83390 2458 2187 1 1 0 1.0
1 164045 2458 4390 1 1 1 1.0
1 134144 2460 3267 1 1 1 1.0
1 149928 2460 4172 1 50 1 1.0
1 88872 2464 1859 1 50 0 1.0
1 115742 2465 2633 1 1 0 1.0
1 104747 2465 3136 1 1 1 1.0
1 114356 2467 3086 1 1 0 1.0
1 78585 2470 1955 1 1 1 1.0
1 115692 2473 2555 1 1 0 1.0
1 149524 2475 3994 1 10 1 1.0
1 123800 2477 2929 1 1 0 1.0
1 84239 2477 2511 1 1 0 1.0
1 176492 2480 5038 1 1 0 1.0
1 151822 2482 3945 1 1 0 1.0
1 177486 2485 3590 1 10 1 1.0
1 97900 2488 2719 1 1 0 1.0
1 86118 2495 1833 1 1 0 1.0
1 149450 2498 3859 1 1 1 1.0
1 71853 2503 1581 1 10 1 1.0
1 81965 2504 2217 1 1 1 1.0
1 70813 2504 1643 1 10 0 1.0
1 66075 2505 1600 1 1 1 1.0
1 142141 2510 3124 1 50 1 1.0
1 137513 2510 3957 1 10 0 1.0
1 65651 2511 1561 1 10 0 1.0
1 124718 2512 3428 1 10 0 1.0
1 117233 2514 3433 1 1 0 1.0
1 107650 2516 2158 1 1 1 1.0
1 165693 2518 3520 1 1 0 1.0
1 155184 2519 3668 1 1 1 1.0
1 108475 2521 2688 1 10 0 1.0
1 134660 2522 3442 1 1 1 1.0
1 136696 2524 3884 1 1 0 1.0
1 175301 2526 3652 1 1 1 1.0
1 139666 2532 4076 1 1 0 1.0
1 83165 2534 2223 1 1 0 1.0
1 68062 2537 1747 1 1 0 1.0
1 108057 2538 2548 1 1 0 1.0
1 118123 2538 2718 1 1 0 1.0
1 66482 2542 1855 1 1 0 1.0
1 173457 2542 4730 1 10 1 1.0
1 85807 2545 2223 1 1 1 1.0
1 146764 2545 3322 1 1 0 1.0
1 89663 2549 1813 1 1 1 1.0
1 71435 2550 1857 1 1 1 1.0
1 133401 2553 2940 1 10 1 1.0
1 101916 2555 2793 1 1 0 1.0
1 155369 2558 3468 1 1 0 1.0
1 126058 2559 3298 1 1 1 1.0
1 66215 2561 1737 1 1 1 1.0
1 65855 2566 1558 1 1 0 1.0
1 78376 2568 1594 1 10 1 1.0
1 97207 2568 1944 1 1 1 1.0
1 79860 2572 2296 1 10 0 1.0
1 75786 2572 1934 1 1 0 1.0
1 128237 2574 3348 1 10 0 1.0
1 123732 2574 3598 1 50 1 1.0
1 128184 2581 2697 1 1 1 1.0
1 170157 2595 3694 1 10 1 1.0
1 149320 2600 3813 1 1 0 1.0
1 173912 2603 4212 1 1 0 1.0
1 129430 2603 3560 1 1 0 1.0
1 81398 2604 1976 1 10 0 1.0
1 97197 2604 2696 1 1 0 1.0
1 70778 2606 1510 1 10 0 1.0
1 124110 2606 3205 1 1 1 1.0
1 92889 2609 1979 1 1 1 1.0
1 157600 2611 3446 1 50 0 1.0
1 127289 2616 2743 1 50 0 1.0
1 90454 2617 1855 1 1 0 1.0
1 136707 2618 2779 1 50 1 1.0
1 113354 2620 3121 1 1 1 1.0
1 161250 2620 3777 1 1 1 1.0
1 70171 2623 1988 1 50 1 1.0
1 115551 2625 3188 1 1 1 1.0
1 171932 2628 4766 1 10 1 1.0
1 75524 2629 1689 1 10 1 1.0
1 69860 2630 1898 1 1 0 1.0
1 171241 2634 4831 1 1 0 1.0
1 103878 2635 2447 1 50 1 1.0
1 143408 2639 2999 1 1 0 1.0
1 116973 2645 2775 1 1 1 1.0
1 92918 2646 2692 1 1 1 1.0
1 147425 2647 3630 1 1 1 1.0
1 130364 2653 3797 1 1 0 1.0
1 164046 2657 4805 1 1 1 1.0
1 155803 2661 3683 1 10 1 1.0
1 127718 2663 3215 1 10 0 1.0
1 95586 2664 2544 1 1 0 1.0
1 131596 2667 2991 1 1 0 1.0
1 155321 2668 3369 1 1 0 1.0
1 150388 2669 3583 1 1 0 1.0
1 65067 2671 1909 1 1 1 1.0
1 171190 2672 4398 1 1 1 1.0
1 126858 2673 3093 1 1 1 1.0
1 156309 2673 3159 1 1 1 1.0
1 109129 2675 3143 1 1 0 1.0
1 136299 2675 3019 1 50 0 1.0
1 122210 2675 2507 1 1 0 1.0
1 167800 2680 3479 1 1 1 1.0
1 130306 2684 3741 1 10 1 1.0
1 94525 2686 2267 1 10 0 1.0
1 63941 2688 1333 1 1 1 1.0
1 62354 2697 1545 1 10 0 1.0
1 152788 2704 4202 1 10 1 1.0
1 171715 2706 3913 1 1 1 1.0
1 109389 2710 2745 1 10 1 1.0
1 94909 2711 2550 1 10 1 1.0
1 157859 2714 3541 1 1 1 1.0
1 122508 2717 3050 1 10 0 1.0
1 111652 2718 3325 1 10 0 1.0
1 80355 2719 2194 1 1 1 1.0
1 90810 2722 2305 1 1 0 1.0
1 173301 2724 4045 1 1 0 1.0
1 116183 2724 3379 1 1 1 1.0
1 178964 2724 3743 1 1 0 1.0
1 116343 2725 2886 1 50 1 1.0
1 134162 2726 3976 1 10 1 1.0
1 75910 2727 1523 1 1 0 1.0
1 173279 2728 4959 1 10 0 1.0
1 113698 2729 3174 1 1 1 1.0
1 110679 2729 3083 1 10 0 1.0
1 85597 2729 2551 1 10 0 1.0
1 63109 2733 1422 1 1 1 1.0
1 78106 2733 2319 1 1 0 1.0
1 89265 2741 1962 1 1 1 1.0
1 118209 2747 2364 1 1 1 1.0
1 140662 2749 3127 1 1 0 1.0
1 65926 2752 1761 1 50 1 1.0
1 154226 2757 4267 1 1 0 1.0
1 111638 2758 3104 1 1 0 1.0
1 115832 2760 3213 1 1 1 1.0
1 105586 2764 3147 1 1 1 1.0
1 143108 2765 3731 1 50 1 1.0
1 106986 2780 2302 1 1 1 1.0
1 152932 2780 3341 1 1 0 1.0
1 72624 2781 2169 1 10 1 1.0
1 179660 2787 5340 1 10 0 1.0
1 179522 2788 4057 1 1 1 1.0
1 86818 2789 2133 1 1 1 1.0
1 145230 2789 3761 1 1 1 1.0
1 123761 2794 2731 1 1 1 1.0
1 94853 2797 1980 1 1 1 1.0
1 153348 2802 3967 1 50 1 1.0
1 68849 2804 1449 1 10 0 1.0
1 142588 2805 2885 1 1 1 1.0
1 114377 2811 3140 1 1 0 1.0
1 109285 2813 2764 1 1 1 1.0
1 136937 2815 2855 1 1 1 1.0
1 155641 2818 3839 1 50 0 1.0
1 120454 2821 3548 1 1 1 1.0
1 71686 2823 2109 1 1 1 1.0
1 122056 2824 2915 1 1 1 1.0
1 61989 2824 1550 1 1 1 1.0
1 171900 2825 4966 1 10 0 1.0
1 87967 2826 2418 1 1 1 1.0
1 71595 2834 1924 1 1 1 1.0
1 167736 2835 4497 1 10 1 1.0
1 178023 2837 4803 1 1 1 1.0
1 146726 2838 3486 1 1 1 1.0
1 83917 2840 2371 1 1 1 1.0
1 134800 2846 3068 1 1 0 1.0
1 86166 2850 2249 1 50 0 1.0
1 164111 2850 3965 1 10 1 1.0
1 115876 2851 2627 1 1 1 1.0
1 103768 2855 2960 1 50 0 1.0
1 144800 2857 4340 1 10 0 1.0
1 140529 2857 3534 1 1 1 1.0
1 93778 2863 2374 1 10 1 1.0
1 116333 2864 3117 1 1 1 1.0
1 100673 2870 2251 1 1 1 1.0
1 144200 2870 3030 1 1 1 1.0
1 175442 2870 3523 1 1 1 1.0
1 125920 2872 2882 1 1 1 1.0
1 120376 2872 3464 1 50 1 1.0
1 171949 2873 3618 1 1 0 1.0
1 139951 2873 4123 1 1 1 1.0
1 70190 2876 1978 1 1 1 1.0
1 122906 2877 3181 1 1 1 1.0
1 124841 2878 3137 1 1 1 1.0
1 164119 2880 4013 1 1 0 1.0
1 149361 2883 3700 1 1 1 1.0
1 113304 2888 2433 1 10 1 1.0
1 87543 2891 2477 1 1 0 1.0
1 169321 2891 4324 1 1 1 1.0
1 83287 2893 1700 1 1 1 1.0
1 100253 2894 2673 1 1 0 1.0
1 87416 2895 2203 1 1 1 1.0
1 67444 2896 1842 1 1 1 1.0
1 137353 2897 3914 1 1 1 1.0
1 164463 2904 3780 1 1 1 1.0
1 103253 2912 2657 1 10 1 1.0
1 141137 2913 3559 1 10 0 1.0
1 144396 2915 3308 1 50 0 1.0
1 82718 2923 2117 1 10 1 1.0
1 97232 2924 2663 1 1 0 1.0
1 72382 2928 1865 1 10 0 1.0
1 83358 2928 2231 1 1 1 1.0
1 126686 2928 2604 1 1 0 1.0
1 84290 2930 1888 1 10 0 1.0
1 136056 2932 3481 1 10 1 1.0
1 108393 2933 2931 1 10 0 1.0
1 150380 2937 3036 1 1 1 1.0
1 104055 2938 2639 1 1 1 1.0
1 103770 2939 2342 1 1 1 1.0
1 93506 2940 2648 1 1 1 1.0
1 170780 2946 5050 1 1 1 1.0
1 169123 2947 4699 1 1 0 1.0
1 76065 2954 1551 1 1 1 1.0
1 62954 2954 1596 1 10 0 1.0
1 77687 2954 2022 1 50 0 1.0
1 95223 2955 1990 1 1 0 1.0
1 60284 2961 1284 1 1 1 1.0
1 121971 2962 3017 1 10 0 1.0
1 78913 2964 2259 1 1 0 1.0
1 119342 2965 3208 1 10 0 1.0
1 132466 2971 3237 1 1 0 1.0
1 122840 2977 3059 1 1 1 1.0
1 169960 2980 3946 1 1 1 1.0
1 82982 2986 2106 1 1 0 1.0
1 106040 2988 2684 1 1 0 1.0
1 101362 2989 2177 1 10 0 1.0
1 158542 2991 3327 1 1 1 1.0
1 141213 2992 3713 1 1 0 1.0
1 131881 2995 2871 1 50 0 1.0
1 143966 3001 3209 1 1 1 1.0
1 171168 3003 5033 1 1 1 1.0
1 98128 3005 2864 1 1 1 1.0
1 142823 3007 3903 1 1 1 1.0
1 76857 3008 1632 1 1 1 1.0
1 98602 3010 2639 1 1 1 1.0
1 111841 3022 2987 1 1 0 1.0
1 76356 3025 1811 1 1 0 1.0
1 146658 3026 3651 1 1 1 1.0
1 110373 3028 3009 1 10 1 1.0
1 136817 3030 3898 1 10 1 1.0
1 174076 3030 4313 1 10 0 1.0
1 147326 3032 4375 1 1 1 1.0
1 88650 3035 2544 1 1 0 1.0
1 128202 3036 3338 1 1 0 1.0
1 128844 3039 3111 1 1 1 1.0
1 61235 3045 1470 1 1 0 1.0
1 151650 3047 3254 1 1 0 1.0
1 166870 3049 3687 1 10 0 1.0
1 62544 3056 1823 1 1 0 1.0
1 63784 3058 1701 1 1 0 1.0
1 83632 3059 1673 1 1 0 1.0
1 67940 3062 1702 1 10 0 1.0
1 88034 3064 1833 1 50 0 1.0
1 154538 3066 4532 1 1 0 1.0
1 141121 3071 3259 1 1 0 1.0
1 172254 3075 3482 1 1 1 1.0
1 132901 3078 3530 1 50 1 1.0
1 70909 3081 2101 1 1 0 1.0
1 96438 3085 2143 1 50 1 1.0
1 106265 3087 2911 1 1 1 1.0
1 139253 3090 3027 1 1 1 1.0
1 101958 3094 2909 1 1 0 1.0
1 99753 3097 2019 1 1 0 1.0
1 174453 3097 3513 1 1 0 1.0
1 173240 3099 5174 1 10 1 1.0
1 151540 3104 3592 1 1 1 1.0
1 92713 3106 2417 1 1 1 1.0
1 143707 3106 3383 1 10 0 1.0
1 135155 3109 3210 1 1 1 1.0
1 114553 3114 2612 1 10 0 1.0
1 172090 3114 3952 1 1 1 1.0
1 134142 3115 2791 1 1 1 1.0
1 95989 3116 2584 1 1 0 1.0
1 142068 3122 3797 1 1 0 1.0
1 155870 3126 4495 1 50 1 1.0
1 121641 3129 2798 1 1 1 1.0
1 82434 3130 2397 1 10 0 1.0
1 155583 3133 3321 1 1 0 1.0
1 136442 3136 3487 1 1 0 1.0
1 151604 3138 4414 1 10 0 1.0
1 160468 3138 4370 1 1 0 1.0
1 146985 3141 3088 1 10 0 1.0
1 78901 3142 1634 1 1 0 1.0
1 96879 3145 2546 1 1 1 1.0
1 177511 3145 4431 1 10 1 1.0
1 102667 3151 2612 1 1 1 1.0
1 151503 3154 4283 1 1 0 1.0
1 64773 3154 1507 1 10 0 1.0
1 79241 3155 2241 1 10 1 1.0
1 151125 3166 3191 1 1 0 1.0
1 178171 3173 4571 1 1 1 1.0
1 87287 3174 1969 1 1 0 1.0
1 146249 3180 3059 1 10 0 1.0
1 79457 3181 1645 1 10 1 1.0
1 146207 3184 3660 1 1 0 1.0
1 123399 3187 2749 1 10 0 1.0
1 124548 3189 2790 1 10 0 1.0
1 113960 3189 2384 1 10 1 1.0
1 83270 3191 2187 1 1 1 1.0
1 156348 3192 4402 1 1 0 1.0
1 169135 3204 4062 1 1 0 1.0
1 67033 3209 1398 1 10 1 1.0
1 121594 3213 2468 1 10 0 1.0
1 76990 3214 2193 1 1 1 1.0
1 174710 3215 4632 1 1 0 1.0
1 97181 3217 2805 1 1 1 1.0
1 92659 3217 1911 1 1 0 1.0
1 95138 3218 2131 1 10 0 1.0
1 92686 3224 2225 1 50 1 1.0
1 113179 3227 2410 1 10 1 1.0
1 101288 3228 2667 1 1 1 1.0
1 93625 3231 2580 1 1 0 1.0
1 95733 3233 2007 1 1 1 1.0
1 86399 3236 1835 1 1 1 1.0
1 140865 3237 4182 1 10 1 1.0
1 150964 3238 3648 1 1 0 1.0
1 123589 3239 2916 1 1 1 1.0
1 165246 3239 3640 1 50 0 1.0
1 76158 3239 2087 1 10 1 1.0
1 140925 3240 3639 1 1 0 1.0
1 126572 3240 3757 1 1 1 1.0
1 60023 3243 1484 1 1 1 1.0
1 70476 3248 1583 1 1 1 1.0
1 91115 3248 2415 1 1 1 1.0
1 178663 3254 4487 1 10 1 1.0
1 126835 3261 2566 1 1 0 1.0
1 138889 3262 3919 1 10 1 1.0
1 110535 3263 2557 1 1 1 1.0
1 102635 3265 2755 1 1 0 1.0
1 155669 3266 3467 1 1 1 1.0
1 60918 3269 1357 1 1 1 1.0
1 87042 3271 2423 1 1 0 1.0
1 95321 3272 2827 1 1 1 1.0
1 103376 3272 2145 1 1 0 1.0
1 78047 3277 1852 1 1 1 1.0
1 109036 3277 3191 1 1 0 1.0
1 96469 3279 2332 1 1 0 1.0
1 119941 3280 2420 1 10 0 1.0
1 91848 3280 1859 1 1 1 1.0
1 97714 3282 2094 1 10 0 1.0
1 129713 3288 2828 1 1 1 1.0
1 83562 3288 1878 1 1 1 1.0
1 111843 3289 2645 1 10 1 1.0
1 164421 3291 4695 1 50 1 1.0
1 147172 3298 3296 1 10 1 1.0
1 167892 3298 4886 1 1 1 1.0
1 77073 3303 2188 1 10 0 1.0
1 108680 3306 2709 1 10 1 1.0
1 154589 3310 3674 1 1 0 1.0
1 83182 3310 1867 1 1 1 1.0
1 117382 3311 2923 1 1 1 1.0
1 130624 3311 3066 1 1 0 1.0
1 62006 3315 1524 1 10 1 1.0
1 159805 3321 3926 1 50 0 1.0
1 93068 3323 2485 1 1 1 1.0
1 76782 3325 1814 1 50 1 1.0
1 118902 3326 3431 1 1 0 1.0
1 120290 3333 2720 1 1 1 1.0
1 173179 3335 3791 1 1 0 1.0
1 164568 3335 4741 1 10 0 1.0
1 68212 3337 1523 1 10 0 1.0
1 101384 3337 3009 1 1 1 1.0
1 107857 3338 3008 1 1 0 1.0
1 175369 3339 5240 1 1 1 1.0
1 81307 3342 2175 1 10 0 1.0
1 178731 3344 3817 1 1 1 1.0
1 120828 3353 3463 1 1 0 1.0
1 141017 3357 3903 1 1 1 1.0
1 83301 3364 2450 1 1 0 1.0
1 65292 3367 1447 1 10 1 1.0
1 168726 3372 4602 1 1 1 1.0
1 88902 3375 2214 1 1 1 1.0
1 66684 3384 1504 1 1 1 1.0
1 113916 3384 3292 1 1 1 1.0
1 114317 3384 3197 1 1 1 1.0
1 124062 3388 3105 1 1 0 1.0
1 61969 3389 1747 1 50 1 1.0
1 124017 3391 3293 1 1 1 1.0
1 69210 3391 1928 1 1 0 1.0
1 105198 3393 2225 1 10 0 1.0
1 105353 3398 2793 1 10 1 1.0
1 117532 3398 3299 1 1 0 1.0
1 159784 3399 4060 1 1 0 1.0
1 108156 3407 3238 1 1 0 1.0
1 108234 3410 3159 1 1 1 1.0
1 172787 3410 4095 1 1 0 1.0
1 69287 3412 1388 1 1 0 1.0
1 145484 3412 3419 1 1 1 1.0
1 88090 3415 2294 1 1 1 1.0
1 132162 3420 3820 1 10 0 1.0
1 179652 3422 3609 1 1 0 1.0
1 74282 3425 1567 1 1 1 1.0
1 127719 3427 2753 1 1 1 1.0
1 142820 3427 3725 1 1 1 1.0
1 114030 3427 3330 1 1 0 1.0
1 159146 3430 3687 1 10 1 1.0
1 144871 3441 3019 1 1 0 1.0
1 160887 3442 4415 1 1 0 1.0
1 98082 3442 2381 1 10 0 1.0
1 161981 3447 4617 1 1 1 1.0
1 122173 3447 3350 1 10 1 1.0
1 125496 3453 2538 1 1 1 1.0
1 117705 3453 3142 1 1 1 1.0
1 63212 3454 1267 1 1 0 1.0
1 134194 3459 3291 1 1 0 1.0
1 90871 3460 2592 1 10 1 1.0
1 143145 3461 3895 1 1 1 1.0
1 99023 3463 2382 1 50 1 1.0
1 104790 3471 2596 1 10 0 1.0
1 74326 3472 1857 1 10 1 1.0
1 127938 3473 2795 1 1 1 1.0
1 90862 3484 2547 1 10 0 1.0
1 130872 3485 3581 1 10 0 1.0
1 71899 3486 1678 1 1 1 1.0
1 78571 3487 1880 1 10 1 1.0
1 163768 3489 3815 1 1 1 1.0
1 150964 3490 4428 1 1 1 1.0
1 84825 3490 2091 1 10 1 1.0
1 112382 3494 2729 1 50 1 1.0
1 97731 3494 2500 1 50 1 1.0
1 82504 3500 2354 1 1 1 1.0
1 127144 3501 3644 1 1 1 1.0
1 86922 3505 1757 1 10 0 1.0
1 82724 3507 2083 1 10 0 1.0
1 161029 3509 3459 1 1 1 1.0
1 104724 3511 2692 1 10 0 1.0
1 177956 3513 4499 1 1 1 1.0
1 140950 3515 2879 1 1 0 1.0
1 146125 3525 4231 1 1 0 1.0
1 132025 3527 2806 1 10 1 1.0
1 94224 3528 2214 1 10 1 1.0
1 76342 3533 1930 1 1 1 1.0
1 173566 3537 5178 1 10 0 1.0
1 116252 3537 3073 1 1 1 1.0
1 170819 3539 3547 1 1 0 1.0
1 123357 3540 3549 1 1 1 1.0
1 115521 3543 2334 1 1 0 1.0
1 103804 3543 2939 1 50 1 1.0
1 76706 3550 2085 1 1 0 1.0
1 111048 3552 2717 1 10 0 1.0
1 132793 3554 2762 1 1 1 1.0
1 157747 3561 4522 1 1 0 1.0
1 154648 3562 4315 1 10 1 1.0
1 179450 3563 4113 1 10 1 1.0
1 160667 3564 4787 1 10 0 1.0
1 161584 3568 4667 1 10 1 1.0
1 159965 3571 4739 1 10 1 1.0
1 131847 3581 2746 1 50 1 1.0
1 162403 3584 3546 1 1 0 1.0
1 170575 3584 4687 1 10 0 1.0
1 78362 3591 2050 1 10 0 1.0
1 100810 3592 2340 1 1 1 1.0
1 167762 3592 4658 1 10 0 1.0
1 143479 3593 3641 1 1 0 1.0
1 177443 3597 4695 1 50 0 1.0
