1500
2 115818 4 2548 1 1 1 0.8
2 133560 5 3057 1 50 1 0.8
2 152574 7 4495 1 50 0 0.8
2 75008 8 1638 1 1 1 0.8
2 155232 9 3207 1 10 0 0.8
2 172669 12 3464 1 1 0 0.8
2 82634 12 2378 1 50 1 0.8
2 130581 15 3188 1 1 1 0.8
2 151780 17 3554 1 1 0 0.8
2 108817 19 2654 1 1 0 0.8
2 171460 30 5106 1 50 1 0.8
2 91980 34 2556 1 10 1 0.8
2 81383 36 2178 1 1 0 0.8
2 84045 36 1828 1 1 1 0.8
2 131293 37 3662 1 1 1 0.8
2 66800 37 1404 1 1 0 0.8
2 142634 39 3025 1 1 0 0.8
2 125386 40 2892 1 1 1 0.8
2 70917 40 1852 1 1 1 0.8
2 70662 42 1861 1 1 1 0.8
2 155457 42 3443 1 1 0 0.8
2 109351 45 2663 1 1 0 0.8
2 130055 45 3811 1 1 0 0.8
2 73957 52 1766 1 10 1 0.8
2 100376 53 2568 1 1 0 0.8
2 175106 55 3674 1 1 0 0.8
2 132823 56 3250 1 1 0 0.8
2 121584 58 3338 1 10 1 0.8
2 133047 58 3023 1 10 0 0.8
2 89294 59 2208 1 1 1 0.8
2 72256 62 1505 1 1 0 0.8
2 139341 64 3715 1 50 0 0.8
2 171597 65 4437 1 1 0 0.8
2 160833 65 4093 1 1 0 0.8
2 162189 66 3850 1 1 1 0.8
2 99831 68 2474 1 1 0 0.8
2 149793 69 4381 1 1 0 0.8
2 89466 69 2664 1 1 0 0.8
2 132538 70 3512 1 1 0 0.8
2 99985 72 2446 1 10 1 0.8
2 122029 75 2901 1 10 1 0.8
2 168108 78 4800 1 1 1 0.8
2 68802 83 1546 1 1 0 0.8
2 173614 84 4410 1 1 0 0.8
2 168630 90 3716 1 10 0 0.8
2 87826 90 2563 1 1 0 0.8
2 77667 94 2153 1 50 1 0.8
2 72773 97 2125 1 1 1 0.8
2 150707 100 3054 1 50 0 0.8
2 176676 103 5130 1 1 1 0.8
2 179004 110 4665 1 1 0 0.8
2 156664 111 3398 1 10 1 0.8
2 178390 116 3694 1 1 0 0.8
2 177058 116 5183 1 1 0 0.8
2 98553 119 2913 1 1 1 0.8
2 75154 124 2106 1 1 0 0.8
2 112273 124 3144 1 1 1 0.8
2 163259 124 4019 1 10 0 0.8
2 91550 124 2326 1 1 1 0.8
2 113610 125 2858 1 10 0 0.8
2 71278 125 1649 1 1 1 0.8
2 62963 127 1885 1 10 1 0.8
2 178745 130 4897 1 10 0 0.8
2 62711 132 1809 1 1 1 0.8
2 158122 144 4297 1 1 1 0.8
2 86814 147 2002 1 1 0 0.8
2 98820 147 2795 1 50 1 0.8
2 128928 148 3619 1 1 1 0.8
2 77072 149 1827 1 1 1 0.8
2 133698 153 2750 1 1 0 0.8
2 85994 156 1772 1 1 1 0.8
2 89947 161 2251 1 1 1 0.8
2 176271 161 3532 1 1 0 0.8
2 175476 163 5151 1 1 1 0.8
2 138257 165 3875 1 50 0 0.8
2 82594 168 1895 1 10 0 0.8
2 79332 169 2268 1 1 1 0.8
2 132427 171 2661 1 1 1 0.8
2 114303 173 2698 1 1 1 0.8
2 122509 173 3340 1 1 1 0.8
2 92555 174 2493 1 50 0 0.8
2 80068 176 2247 1 10 1 0.8
2 160953 176 4634 1 1 0 0.8
2 144846 176 3394 1 1 1 0.8
2 60663 179 1249 1 1 1 0.8
2 81015 179 1753 1 1 0 0.8
2 108717 181 2618 1 1 0 0.8
2 70406 184 1503 1 1 0 0.8
2 167599 186 4548 1 1 1 0.8
2 80300 189 1622 1 50 1 0.8
2 171432 193 3928 1 50 1 0.8
2 170550 193 3896 1 1 1 0.8
2 88088 198 1894 1 1 1 0.8
2 86325 206 2277 1 1 1 0.8
2 98613 207 2152 1 1 0 0.8
2 163603 208 4489 1 1 0 0.8
2 118119 211 2500 1 10 1 0.8
2 152490 211 4544 1 1 1 0.8
2 69447 213 2039 1 1 1 0.8
2 163939 216 3642 1 1 1 0.8
2 96921 217 2654 1 50 1 0.8
2 104418 218 2150 1 1 0 0.8
2 102059 220 2047 1 1 0 0.8
2 136146 223 3319 1 1 0 0.8
2 77164 223 2184 1 1 0 0.8
2 67693 223 1983 1 10 1 0.8
2 62003 227 1831 1 1 1 0.8
2 123504 230 2560 1 1 1 0.8
2 175725 231 4427 1 50 0 0.8
2 148615 232 3738 1 10 0 0.8
2 164024 232 4877 1 1 1 0.8
2 128699 234 3853 1 1 1 0.8
2 155601 235 4140 1 10 1 0.8
2 146913 236 3007 1 10 1 0.8
2 64581 238 1323 1 1 0 0.8
2 115838 242 3085 1 50 1 0.8
2 150840 252 3033 1 10 1 0.8
2 70839 256 1813 1 1 1 0.8
2 172203 258 4725 1 1 0 0.8
2 178448 263 5160 1 1 1 0.8
2 158950 264 3913 1 50 1 0.8
2 88583 265 2282 1 1 1 0.8
2 175286 268 4075 1 10 0 0.8
2 76585 273 1721 1 1 0 0.8
2 123380 280 3502 1 1 0 0.8
2 160733 281 3747 1 1 1 0.8
2 108465 292 2299 1 10 1 0.8
2 137685 297 3150 1 10 0 0.8
2 155255 302 3115 1 10 1 0.8
2 128607 303 3288 1 1 1 0.8
2 94899 303 2180 1 50 0 0.8
2 95184 306 2320 1 10 1 0.8
2 97141 309 2184 1 1 0 0.8
2 115238 310 2969 1 10 1 0.8
2 76394 312 1688 1 1 1 0.8
2 70025 314 1954 1 10 0 0.8
2 122464 315 2605 1 1 1 0.8
2 97639 316 2155 1 10 0 0.8
2 112731 316 2876 1 50 0 0.8
2 63220 318 1491 1 50 0 0.8
2 124308 318 3423 1 1 1 0.8
2 62092 320 1453 1 1 1 0.8
2 155540 320 3721 1 10 0 0.8
2 115138 321 2856 1 10 0 0.8
2 106610 325 2163 1 1 1 0.8
2 91274 327 2552 1 1 0 0.8
2 98670 329 2150 1 10 0 0.8
2 121496 331 2654 1 50 0 0.8
2 148615 335 3234 1 1 1 0.8
2 124310 337 2774 1 1 1 0.8
2 88385 339 1940 1 1 0 0.8
2 174453 340 4881 1 1 1 0.8
2 96656 349 2801 1 1 1 0.8
2 78074 350 2317 1 1 0 0.8
2 136777 352 4040 1 1 0 0.8
2 107765 353 2953 1 1 0 0.8
2 159421 353 3269 1 1 0 0.8
2 157711 358 4395 1 1 0 0.8
2 62534 364 1400 1 10 0 0.8
2 86634 367 2274 1 10 0 0.8
2 65429 371 1583 1 1 0 0.8
2 126342 371 2556 1 1 0 0.8
2 144252 372 4272 1 10 1 0.8
2 63159 375 1445 1 10 1 0.8
2 92628 378 2582 1 1 1 0.8
2 87083 383 2027 1 1 0 0.8
2 123681 386 3185 1 1 1 0.8
2 83747 387 1879 1 1 0 0.8
2 160097 387 3892 1 1 1 0.8
2 73103 389 2021 1 1 1 0.8
2 167869 392 4588 1 10 0 0.8
2 124706 396 2838 1 1 0 0.8
2 62686 396 1619 1 10 1 0.8
2 127442 397 3711 1 1 0 0.8
2 128870 398 3083 1 1 0 0.8
2 151530 404 3910 1 1 1 0.8
2 120410 406 2825 1 10 0 0.8
2 85110 407 1884 1 10 1 0.8
2 102502 409 2322 1 1 1 0.8
2 128690 410 3712 1 1 0 0.8
2 150173 416 3306 1 1 1 0.8
2 155654 416 4442 1 1 1 0.8
2 136807 417 3234 1 1 1 0.8
2 158373 420 3920 1 1 0 0.8
2 97288 429 2523 1 1 1 0.8
2 112935 429 3111 1 1 0 0.8
2 175560 431 4873 1 1 1 0.8
2 152457 433 3071 1 1 1 0.8
2 95211 433 1971 1 1 1 0.8
2 156828 433 3434 1 1 0 0.8
2 162606 434 4686 1 1 0 0.8
2 153580 435 4239 1 1 0 0.8
2 84750 436 2303 1 1 0 0.8
2 122419 436 3407 1 1 0 0.8
2 62127 443 1586 1 10 0 0.8
2 90139 444 1811 1 10 1 0.8
2 173080 446 4897 1 10 1 0.8
2 133796 449 2747 1 1 1 0.8
2 92278 450 1933 1 1 0 0.8
2 120234 455 2584 1 50 1 0.8
2 166927 458 4720 1 50 1 0.8
2 130581 458 3158 1 1 0 0.8
2 78493 459 1603 1 50 1 0.8
2 129602 460 3811 1 50 1 0.8
2 71527 462 1747 1 1 0 0.8
2 70947 463 2050 1 1 0 0.8
2 105549 464 2471 1 10 1 0.8
2 153175 468 3980 1 1 0 0.8
2 92665 475 1855 1 1 1 0.8
2 112153 478 2553 1 10 0 0.8
2 88130 482 2601 1 10 0 0.8
2 101862 482 2891 1 1 0 0.8
2 144457 482 3023 1 1 0 0.8
2 134104 483 3785 1 1 0 0.8
2 118166 484 2673 1 1 0 0.8
2 175234 485 3957 1 1 0 0.8
2 100965 487 2689 1 1 0 0.8
2 168654 488 5014 1 1 1 0.8
2 64909 490 1369 1 50 1 0.8
2 131224 493 3301 1 1 0 0.8
2 90839 496 2681 1 1 0 0.8
2 162071 497 3346 1 1 1 0.8
2 153867 501 4553 1 50 0 0.8
2 160733 503 3285 1 10 0 0.8
2 170328 505 3864 1 10 1 0.8
2 152430 505 4084 1 50 0 0.8
2 155669 509 3424 1 10 1 0.8
2 138227 511 3817 1 10 0 0.8
2 94481 512 2404 1 1 1 0.8
2 63890 517 1513 1 1 0 0.8
2 115547 521 3302 1 10 0 0.8
2 88638 527 2366 1 1 1 0.8
2 125147 528 3419 1 1 1 0.8
2 168280 533 4480 1 10 0 0.8
2 115163 535 2710 1 10 0 0.8
2 143285 543 3214 1 50 0 0.8
2 103114 548 2320 1 1 1 0.8
2 78716 548 1799 1 1 1 0.8
2 153438 549 3936 1 1 0 0.8
2 113592 552 3316 1 50 0 0.8
2 115867 554 2761 1 1 1 0.8
2 136223 556 3001 1 50 1 0.8
2 71625 559 1865 1 10 1 0.8
2 123020 561 3287 1 1 0 0.8
2 133761 567 3562 1 1 0 0.8
2 140727 571 2834 1 10 0 0.8
2 171075 572 4188 1 1 1 0.8
2 121245 572 2439 1 1 0 0.8
2 129641 573 3653 1 1 1 0.8
2 77511 573 2232 1 50 0 0.8
2 102103 573 3044 1 1 1 0.8
2 77351 574 2281 1 10 1 0.8
2 105007 574 2505 1 10 1 0.8
2 167448 575 3695 1 50 1 0.8
2 153316 582 3901 1 1 1 0.8
2 147595 587 4257 1 10 1 0.8
2 106749 588 2942 1 1 1 0.8
2 94874 590 2090 1 1 1 0.8
2 112563 594 3218 1 10 1 0.8
2 130296 606 3353 1 10 1 0.8
2 84790 607 1709 1 10 1 0.8
2 136640 615 2911 1 50 1 0.8
2 154319 618 4167 1 10 1 0.8
2 94928 618 2037 1 1 1 0.8
2 91204 621 2419 1 1 1 0.8
2 117684 623 2716 1 50 1 0.8
2 104030 624 2188 1 10 1 0.8
2 72826 624 1597 1 1 0 0.8
2 155693 626 3992 1 1 1 0.8
2 118633 627 3047 1 10 0 0.8
2 165394 630 3388 1 1 0 0.8
2 124543 631 2920 1 1 1 0.8
2 135920 631 4029 1 1 1 0.8
2 76267 633 2048 1 1 0 0.8
2 98913 635 2212 1 10 1 0.8
2 66071 635 1733 1 10 0 0.8
2 92311 643 2045 1 10 1 0.8
2 142266 650 3576 1 10 1 0.8
2 153888 655 3551 1 1 1 0.8
2 97260 668 1998 1 50 0 0.8
2 157233 668 4583 1 1 1 0.8
2 159335 669 3727 1 1 0 0.8
2 64779 671 1486 1 1 1 0.8
2 89852 673 1973 1 10 1 0.8
2 114373 675 2335 1 50 0 0.8
2 163360 678 3344 1 50 1 0.8
2 105551 688 2363 1 1 1 0.8
2 163658 690 4252 1 10 1 0.8
2 69394 691 1808 1 1 0 0.8
2 140914 692 3383 1 1 0 0.8
2 156576 692 3318 1 1 0 0.8
2 151750 693 4095 1 1 1 0.8
2 110105 696 3220 1 1 1 0.8
2 70563 701 1706 1 1 1 0.8
2 99883 702 2601 1 10 1 0.8
2 142529 704 3537 1 1 0 0.8
2 107540 706 3110 1 10 1 0.8
2 109962 709 2356 1 1 1 0.8
2 116209 710 2686 1 1 0 0.8
2 137996 716 3977 1 1 0 0.8
2 128698 717 3635 1 1 1 0.8
2 145785 720 3299 1 1 0 0.8
2 154469 727 3158 1 1 0 0.8
2 120469 728 3319 1 1 0 0.8
2 79271 729 1621 1 1 1 0.8
2 91720 731 2211 1 1 0 0.8
2 151652 732 3827 1 10 0 0.8
2 117346 733 3013 1 1 0 0.8
2 114515 737 3270 1 10 1 0.8
2 147917 742 4314 1 10 1 0.8
2 88824 746 2108 1 1 1 0.8
2 71169 747 1752 1 1 0 0.8
2 65819 751 1954 1 1 0 0.8
2 61752 758 1817 1 1 1 0.8
2 119266 762 3415 1 1 1 0.8
2 92192 768 2092 1 10 1 0.8
2 168964 775 4694 1 10 0 0.8
2 81946 775 1688 1 50 1 0.8
2 109347 775 2288 1 1 1 0.8
2 85245 784 2320 1 50 1 0.8
2 72654 784 1749 1 1 0 0.8
2 137206 785 3344 1 10 0 0.8
2 109814 788 2376 1 1 0 0.8
2 135900 789 2937 1 1 1 0.8
2 81531 792 1925 1 1 0 0.8
2 109667 792 2886 1 1 1 0.8
2 87053 793 2436 1 10 1 0.8
2 155416 800 4635 1 1 0 0.8
2 121714 802 3615 1 10 0 0.8
2 97547 803 2123 1 10 1 0.8
2 174266 806 4718 1 1 0 0.8
2 147425 814 3875 1 1 1 0.8
2 74526 817 1619 1 1 0 0.8
2 151903 818 3863 1 10 0 0.8
2 168199 819 3915 1 1 1 0.8
2 169257 826 4512 1 10 1 0.8
2 79850 829 1879 1 1 1 0.8
2 97447 830 2405 1 1 1 0.8
2 100539 830 2609 1 1 0 0.8
2 126771 834 3765 1 1 1 0.8
2 66376 835 1337 1 50 1 0.8
2 166564 837 4734 1 1 0 0.8
2 144440 837 3875 1 10 0 0.8
2 116725 840 3381 1 1 0 0.8
2 84831 840 2504 1 1 0 0.8
2 73853 841 2031 1 1 1 0.8
2 124805 842 3402 1 10 1 0.8
2 141435 844 3983 1 10 1 0.8
2 101026 844 2172 1 10 0 0.8
2 167367 847 4022 1 1 0 0.8
2 135071 848 3644 1 1 1 0.8
2 100296 851 2656 1 10 1 0.8
2 110061 853 3052 1 10 1 0.8
2 95088 860 2830 1 10 0 0.8
2 100606 862 2876 1 1 0 0.8
2 154567 871 3255 1 1 0 0.8
2 124413 875 2662 1 1 0 0.8
2 117065 876 2476 1 1 1 0.8
2 166982 878 3801 1 1 0 0.8
2 85231 879 2174 1 10 1 0.8
2 149621 879 3358 1 1 0 0.8
2 177240 885 4895 1 1 0 0.8
2 68483 886 1984 1 1 1 0.8
2 90718 887 2559 1 1 0 0.8
2 64879 889 1691 1 50 1 0.8
2 134773 890 3326 1 1 1 0.8
2 124570 891 3447 1 1 0 0.8
2 158806 891 3503 1 10 0 0.8
2 87597 892 2149 1 1 1 0.8
2 176469 900 4578 1 10 1 0.8
2 88632 904 2399 1 10 1 0.8
2 130166 906 3138 1 1 1 0.8
2 98660 907 2700 1 10 1 0.8
2 70089 912 1415 1 1 1 0.8
2 81746 912 2205 1 1 0 0.8
2 172464 913 3862 1 1 1 0.8
2 179134 914 3847 1 1 1 0.8
2 102476 914 3041 1 1 0 0.8
2 135893 914 3501 1 1 0 0.8
2 115333 921 2861 1 1 1 0.8
2 147534 921 3550 1 10 1 0.8
2 133206 924 3339 1 10 1 0.8
2 111296 924 2358 1 10 0 0.8
2 104302 925 2958 1 1 1 0.8
2 172761 926 4028 1 50 0 0.8
2 136272 929 3213 1 50 0 0.8
2 73443 930 1893 1 1 0 0.8
2 100848 937 2216 1 1 1 0.8
2 106555 937 2659 1 10 1 0.8
2 169887 938 4180 1 1 0 0.8
2 62829 949 1869 1 1 0 0.8
2 99974 951 2875 1 1 1 0.8
2 75076 955 1726 1 10 1 0.8
2 71452 955 1443 1 1 1 0.8
2 100742 956 2598 1 1 0 0.8
2 97751 960 2761 1 1 1 0.8
2 171752 961 3625 1 1 1 0.8
2 89152 966 1820 1 1 1 0.8
2 168938 969 3871 1 10 1 0.8
2 163836 974 3581 1 10 1 0.8
2 118427 977 2691 1 50 1 0.8
2 88493 981 1917 1 50 0 0.8
2 82835 986 2201 1 1 0 0.8
2 163267 993 3350 1 1 1 0.8
2 96560 994 2260 1 10 0 0.8
2 87627 998 2457 1 1 1 0.8
2 175060 1002 4946 1 10 1 0.8
2 88084 1004 2573 1 1 1 0.8
2 174527 1009 3600 1 10 1 0.8
2 85084 1014 2071 1 1 1 0.8
2 62304 1018 1303 1 10 1 0.8
2 122334 1019 2637 1 1 1 0.8
2 103439 1020 2893 1 1 1 0.8
2 103531 1023 2482 1 10 1 0.8
2 140645 1027 3628 1 10 0 0.8
2 175629 1028 3559 1 1 0 0.8
2 178962 1028 3927 1 1 0 0.8
2 126890 1028 3759 1 50 0 0.8
2 79177 1032 1728 1 10 1 0.8
2 79283 1033 2278 1 50 1 0.8
2 111841 1033 2791 1 1 0 0.8
2 71461 1034 1678 1 10 0 0.8
2 157333 1035 4416 1 10 1 0.8
2 61087 1036 1322 1 10 0 0.8
2 123231 1037 3295 1 50 0 0.8
2 140420 1042 3515 1 1 1 0.8
2 131395 1042 3428 1 1 1 0.8
2 95867 1043 2567 1 50 0 0.8
2 69719 1054 2035 1 1 0 0.8
2 60560 1055 1256 1 50 1 0.8
2 60909 1056 1429 1 10 1 0.8
2 116518 1057 3334 1 1 1 0.8
2 72018 1060 1724 1 1 1 0.8
2 158004 1060 4701 1 1 0 0.8
2 63251 1061 1548 1 1 1 0.8
2 81262 1064 2358 1 1 1 0.8
2 68296 1066 1730 1 1 1 0.8
2 147782 1067 4386 1 10 1 0.8
2 85177 1067 2523 1 10 0 0.8
2 97081 1068 2015 1 1 0 0.8
2 74284 1070 1784 1 1 0 0.8
2 66250 1074 1854 1 10 0 0.8
2 175642 1075 5022 1 1 1 0.8
2 170825 1076 4860 1 1 1 0.8
2 67372 1078 1981 1 10 0 0.8
2 143373 1080 3071 1 1 0 0.8
2 70353 1083 1645 1 10 1 0.8
2 165440 1084 3630 1 10 1 0.8
2 151435 1086 4256 1 1 1 0.8
2 76671 1088 2092 1 10 0 0.8
2 179870 1094 4271 1 10 1 0.8
2 67351 1095 1433 1 10 1 0.8
2 64714 1099 1613 1 1 0 0.8
2 130788 1099 2795 1 1 1 0.8
2 155265 1102 3835 1 1 1 0.8
2 169559 1102 3942 1 1 0 0.8
2 148585 1104 3441 1 10 0 0.8
2 154061 1105 3646 1 1 1 0.8
2 162523 1111 3883 1 1 0 0.8
2 177684 1112 3920 1 1 1 0.8
2 167239 1112 5013 1 10 0 0.8
2 100852 1115 2411 1 10 0 0.8
2 136863 1115 3311 1 1 1 0.8
2 179686 1116 4754 1 10 1 0.8
2 101193 1119 2350 1 1 1 0.8
2 168749 1119 4457 1 1 0 0.8
2 65657 1120 1657 1 1 0 0.8
2 65839 1121 1949 1 1 0 0.8
2 149275 1121 3452 1 10 1 0.8
2 142025 1124 2922 1 1 1 0.8
2 63485 1125 1442 1 1 0 0.8
2 130808 1125 3313 1 1 1 0.8
2 153977 1126 3803 1 1 1 0.8
2 124098 1130 2629 1 50 1 0.8
2 87050 1137 1790 1 1 1 0.8
2 120602 1137 3139 1 1 1 0.8
2 153967 1141 3208 1 1 1 0.8
2 160684 1142 4474 1 1 1 0.8
2 109577 1143 2530 1 10 0 0.8
2 108193 1147 2728 1 10 0 0.8
2 135284 1149 3716 1 1 1 0.8
2 158486 1151 3369 1 10 1 0.8
2 115546 1153 2629 1 1 0 0.8
2 86276 1154 2520 1 10 1 0.8
2 81256 1154 1842 1 1 0 0.8
2 112081 1158 2692 1 1 0 0.8
2 166803 1160 3376 1 10 1 0.8
2 74711 1160 1819 1 1 1 0.8
2 115803 1166 3149 1 10 1 0.8
2 98521 1168 2116 1 1 0 0.8
2 99263 1171 2637 1 1 0 0.8
2 167869 1178 3635 1 10 0 0.8
2 174897 1179 5040 1 1 1 0.8
2 154157 1179 4476 1 1 1 0.8
2 160662 1180 4421 1 1 0 0.8
2 128036 1183 3610 1 1 1 0.8
2 75788 1186 1525 1 10 0 0.8
2 141260 1186 3536 1 10 0 0.8
2 117366 1186 3223 1 1 0 0.8
2 68083 1187 2005 1 1 0 0.8
2 139137 1187 3727 1 1 1 0.8
2 61741 1190 1496 1 10 1 0.8
2 128103 1198 2846 1 1 0 0.8
2 112580 1199 2806 1 1 0 0.8
2 75149 1200 2041 1 1 1 0.8
2 107409 1202 3120 1 1 0 0.8
2 99033 1203 2754 1 10 0 0.8
2 88851 1208 2654 1 1 1 0.8
2 161434 1208 3808 1 1 1 0.8
2 121662 1209 3245 1 1 0 0.8
2 83241 1210 1846 1 1 1 0.8
2 170422 1214 3534 1 10 1 0.8
2 102020 1219 2805 1 1 1 0.8
2 146721 1219 3201 1 50 0 0.8
2 76033 1221 1579 1 50 1 0.8
2 101222 1227 2295 1 1 0 0.8
2 79031 1227 1641 1 10 1 0.8
2 62421 1228 1296 1 10 1 0.8
2 92996 1230 2180 1 10 0 0.8
2 167097 1230 3647 1 10 1 0.8
2 126064 1232 3041 1 1 1 0.8
2 178631 1237 4036 1 1 1 0.8
2 114309 1239 2821 1 1 1 0.8
2 172936 1240 4193 1 1 1 0.8
2 144133 1244 3469 1 10 0 0.8
2 146757 1244 3355 1 1 0 0.8
2 135703 1244 4004 1 1 1 0.8
2 175891 1244 4492 1 1 0 0.8
2 79946 1246 2018 1 10 1 0.8
2 156441 1251 4375 1 50 1 0.8
2 93463 1257 2626 1 10 1 0.8
2 155727 1257 4433 1 50 0 0.8
2 175469 1257 4043 1 10 1 0.8
2 75550 1262 1527 1 1 1 0.8
2 106940 1267 2694 1 1 1 0.8
2 76210 1268 1968 1 10 0 0.8
2 90900 1274 2087 1 1 0 0.8
2 131448 1275 3258 1 10 0 0.8
2 122310 1278 3608 1 50 1 0.8
2 114159 1284 2613 1 1 0 0.8
2 164413 1292 4700 1 10 0 0.8
2 158255 1297 3768 1 1 1 0.8
2 150047 1298 3949 1 1 0 0.8
2 133432 1299 3676 1 1 1 0.8
2 74372 1299 1690 1 1 0 0.8
2 141872 1303 4048 1 10 1 0.8
2 124416 1303 3415 1 50 0 0.8
2 117859 1307 3262 1 1 0 0.8
2 61502 1308 1643 1 10 1 0.8
2 131019 1317 3434 1 10 1 0.8
2 89983 1320 2447 1 1 0 0.8
2 155055 1322 4343 1 1 0 0.8
2 152069 1322 4168 1 50 1 0.8
2 157855 1325 4294 1 10 1 0.8
2 132662 1327 2765 1 10 1 0.8
2 125536 1332 3055 1 1 0 0.8
2 137598 1334 3131 1 1 1 0.8
2 169046 1334 4330 1 10 1 0.8
2 154918 1336 4427 1 1 0 0.8
2 171292 1339 3577 1 1 1 0.8
2 134573 1344 3099 1 1 0 0.8
2 165113 1345 3714 1 50 1 0.8
2 125486 1348 3024 1 1 1 0.8
2 166987 1352 3402 1 1 0 0.8
2 107852 1354 2247 1 10 1 0.8
2 68592 1356 1776 1 10 0 0.8
2 179213 1356 4523 1 1 0 0.8
2 107561 1356 2524 1 1 1 0.8
2 73551 1357 1579 1 1 0 0.8
2 99507 1359 2413 1 1 0 0.8
2 95040 1365 2733 1 50 0 0.8
2 148223 1366 3357 1 1 1 0.8
2 144868 1368 3710 1 1 0 0.8
2 178459 1369 4508 1 1 0 0.8
2 177910 1372 5187 1 10 0 0.8
2 88371 1372 2164 1 1 1 0.8
2 163206 1373 4198 1 1 1 0.8
2 164343 1373 3416 1 1 1 0.8
2 147205 1376 4300 1 1 1 0.8
2 138575 1377 3506 1 1 1 0.8
2 151226 1377 3746 1 1 1 0.8
2 107647 1382 3106 1 1 1 0.8
2 98596 1390 2207 1 10 1 0.8
2 117747 1402 2958 1 1 1 0.8
2 156592 1404 3802 1 10 0 0.8
2 128468 1405 2700 1 1 1 0.8
2 75182 1405 2061 1 10 0 0.8
2 163232 1405 3310 1 1 0 0.8
2 122940 1411 2803 1 1 1 0.8
2 68340 1412 1901 1 10 0 0.8
2 94828 1413 2243 1 1 1 0.8
2 154978 1413 3900 1 10 0 0.8
2 111212 1415 2291 1 1 1 0.8
2 120742 1417 2702 1 50 0 0.8
2 60881 1419 1661 1 1 1 0.8
2 133880 1420 2747 1 1 1 0.8
2 159034 1425 3402 1 1 1 0.8
2 80989 1426 2251 1 10 0 0.8
2 131662 1428 3095 1 10 0 0.8
2 173669 1434 4789 1 10 1 0.8
2 75431 1436 2067 1 1 0 0.8
2 118568 1440 3272 1 1 0 0.8
2 155694 1441 3514 1 10 1 0.8
2 165948 1442 4006 1 1 1 0.8
2 177881 1444 4522 1 1 1 0.8
2 123448 1445 2671 1 10 0 0.8
2 108120 1446 2189 1 10 0 0.8
2 111751 1447 2764 1 1 0 0.8
2 101743 1453 3025 1 10 0 0.8
2 124167 1453 2966 1 10 0 0.8
2 97768 1454 2264 1 10 0 0.8
2 115006 1455 2737 1 1 0 0.8
2 117353 1458 3002 1 10 1 0.8
2 129492 1458 3270 1 50 0 0.8
2 103627 1459 2610 1 1 1 0.8
2 163092 1460 3521 1 50 1 0.8
2 65175 1461 1375 1 1 0 0.8
2 145631 1461 3895 1 1 0 0.8
2 105567 1462 2380 1 10 1 0.8
2 141206 1462 2959 1 10 0 0.8
2 60374 1462 1639 1 1 1 0.8
2 93198 1464 2362 1 10 1 0.8
2 143776 1469 3002 1 1 0 0.8
2 161262 1469 3970 1 10 0 0.8
2 106783 1469 3120 1 10 1 0.8
2 82616 1470 1800 1 1 0 0.8
2 165936 1470 4653 1 1 0 0.8
2 151246 1471 3871 1 10 1 0.8
2 147804 1475 4202 1 50 0 0.8
2 153853 1476 3726 1 10 1 0.8
2 107264 1479 2825 1 1 1 0.8
2 161563 1481 3522 1 10 1 0.8
2 169141 1482 4484 1 1 0 0.8
2 145791 1485 3380 1 1 0 0.8
2 87962 1486 2504 1 1 0 0.8
2 98405 1491 2388 1 10 1 0.8
2 124599 1492 3652 1 1 0 0.8
2 89152 1492 2453 1 1 1 0.8
2 139033 1501 3011 1 1 0 0.8
2 93882 1503 2759 1 10 0 0.8
2 125741 1503 3434 1 10 0 0.8
2 135617 1505 3411 1 1 1 0.8
2 85999 1506 1808 1 1 1 0.8
2 68693 1507 1924 1 50 0 0.8
2 118246 1512 2698 1 1 0 0.8
2 158443 1516 3595 1 10 0 0.8
2 92658 1516 2035 1 1 1 0.8
2 85472 1520 2442 1 1 0 0.8
2 130028 1523 3576 1 50 1 0.8
2 80412 1524 1630 1 1 0 0.8
2 116157 1526 2917 1 10 1 0.8
2 158146 1528 3977 1 1 0 0.8
2 71976 1534 1943 1 1 0 0.8
2 126914 1540 3353 1 50 1 0.8
2 121643 1542 3643 1 1 1 0.8
2 63949 1543 1537 1 1 0 0.8
2 142215 1546 3141 1 1 0 0.8
2 110033 1546 2249 1 1 0 0.8
2 70662 1547 1917 1 50 1 0.8
2 165788 1549 3585 1 1 1 0.8
2 150048 1550 3654 1 10 1 0.8
2 173626 1563 4246 1 1 1 0.8
2 113744 1567 2971 1 1 1 0.8
2 71892 1570 1998 1 1 0 0.8
2 71682 1573 2119 1 1 1 0.8
2 90683 1579 2681 1 10 1 0.8
2 136587 1581 3132 1 1 1 0.8
2 75354 1581 1943 1 1 1 0.8
2 123550 1584 3245 1 1 1 0.8
2 87895 1586 1932 1 10 1 0.8
2 179957 1588 4285 1 1 0 0.8
2 88516 1590 2236 1 10 0 0.8
2 111177 1594 2830 1 1 1 0.8
2 161959 1594 4570 1 1 0 0.8
2 121534 1598 3120 1 10 0 0.8
2 157701 1598 4041 1 10 0 0.8
2 131178 1600 3752 1 50 1 0.8
2 83610 1601 2097 1 1 1 0.8
2 157807 1606 3679 1 1 1 0.8
2 157761 1607 4441 1 50 1 0.8
2 132949 1609 2708 1 1 1 0.8
2 96576 1612 2460 1 10 0 0.8
2 83890 1617 2507 1 1 0 0.8
2 80881 1620 1738 1 10 0 0.8
2 124962 1626 3695 1 10 1 0.8
2 163842 1630 4033 1 1 0 0.8
2 143204 1633 3093 1 1 0 0.8
2 103793 1633 2803 1 1 0 0.8
2 124194 1634 2584 1 1 1 0.8
2 61349 1635 1565 1 1 0 0.8
2 148787 1636 3275 1 10 0 0.8
2 136081 1637 3096 1 1 0 0.8
2 166469 1639 3432 1 1 0 0.8
2 177266 1640 4269 1 1 1 0.8
2 73662 1643 1773 1 10 1 0.8
2 62812 1653 1508 1 10 1 0.8
2 72088 1654 1466 1 1 1 0.8
2 78922 1656 1814 1 1 0 0.8
2 87042 1656 1942 1 1 1 0.8
2 69707 1658 1785 1 50 0 0.8
2 113952 1665 2618 1 1 0 0.8
2 83150 1667 2055 1 1 1 0.8
2 130292 1668 3507 1 1 1 0.8
2 74495 1669 2135 1 1 0 0.8
2 156870 1684 3434 1 10 1 0.8
2 106945 1689 2907 1 1 0 0.8
2 126024 1689 2785 1 10 0 0.8
2 161890 1689 3534 1 1 1 0.8
2 85231 1691 1997 1 1 1 0.8
2 173678 1695 4794 1 10 1 0.8
2 164598 1696 4171 1 1 0 0.8
2 161141 1703 3224 1 50 1 0.8
2 116859 1705 3018 1 10 1 0.8
2 172703 1705 4642 1 1 0 0.8
2 69258 1705 1858 1 10 1 0.8
2 62841 1705 1869 1 50 0 0.8
2 83950 1706 2480 1 1 1 0.8
2 119457 1707 2659 1 1 1 0.8
2 173554 1708 4229 1 1 0 0.8
2 147088 1713 3256 1 1 0 0.8
2 138920 1715 3334 1 10 0 0.8
2 164998 1724 3744 1 10 1 0.8
2 172727 1724 3601 1 50 1 0.8
2 61158 1729 1644 1 1 0 0.8
2 138096 1735 3695 1 10 1 0.8
2 107897 1743 2911 1 1 1 0.8
2 85391 1745 2230 1 1 0 0.8
2 118762 1746 3265 1 10 0 0.8
2 85534 1748 2019 1 50 0 0.8
2 93513 1752 2724 1 1 0 0.8
2 169635 1754 4078 1 10 0 0.8
2 61164 1760 1744 1 1 0 0.8
2 102952 1761 2668 1 50 1 0.8
2 78401 1766 1705 1 10 1 0.8
2 124266 1767 3278 1 10 0 0.8
2 81968 1767 1800 1 1 1 0.8
2 124057 1768 2908 1 10 0 0.8
2 111177 1768 2796 1 1 1 0.8
2 81960 1769 1863 1 1 1 0.8
2 126389 1770 3408 1 1 1 0.8
2 73188 1772 1476 1 1 0 0.8
2 97242 1781 2781 1 1 0 0.8
2 112308 1782 3163 1 50 0 0.8
2 171427 1782 4055 1 1 1 0.8
2 154402 1782 4274 1 50 1 0.8
2 139887 1788 3351 1 1 1 0.8
2 75971 1793 1909 1 1 0 0.8
2 137122 1793 2989 1 50 0 0.8
2 138862 1793 3271 1 10 0 0.8
2 92909 1794 2076 1 1 1 0.8
2 161064 1797 3480 1 1 1 0.8
2 148821 1801 4406 1 1 0 0.8
2 166726 1806 3541 1 10 1 0.8
2 82889 1810 2125 1 10 0 0.8
2 108408 1811 2802 1 1 1 0.8
2 136666 1811 3886 1 10 0 0.8
2 142589 1815 3064 1 10 0 0.8
2 91977 1816 1958 1 1 1 0.8
2 173258 1824 4582 1 1 0 0.8
2 150857 1828 3931 1 10 0 0.8
2 145018 1849 3920 1 1 1 0.8
2 130128 1849 3585 1 50 1 0.8
2 117539 1852 3071 1 1 0 0.8
2 130034 1858 3534 1 1 1 0.8
2 151784 1858 4096 1 50 1 0.8
2 83216 1862 2172 1 1 1 0.8
2 74878 1865 1498 1 1 1 0.8
2 113954 1867 2808 1 1 1 0.8
2 147590 1868 3966 1 1 0 0.8
2 176998 1873 4921 1 10 1 0.8
2 107094 1874 2696 1 50 0 0.8
2 83193 1875 2140 1 10 1 0.8
2 131136 1876 3595 1 1 1 0.8
2 73323 1877 1572 1 10 0 0.8
2 79418 1879 2131 1 1 0 0.8
2 145344 1881 4226 1 50 0 0.8
2 155034 1883 4589 1 10 1 0.8
2 106407 1884 2551 1 1 1 0.8
2 109219 1885 2480 1 10 1 0.8
2 74527 1887 2106 1 50 1 0.8
2 63589 1887 1465 1 50 0 0.8
2 122697 1890 2856 1 1 0 0.8
2 65348 1890 1596 1 1 0 0.8
2 179379 1891 5175 1 10 1 0.8
2 127470 1892 2971 1 1 1 0.8
2 149043 1892 3826 1 1 0 0.8
2 89821 1898 1831 1 10 1 0.8
2 90694 1905 2199 1 1 0 0.8
2 115829 1908 3449 1 1 1 0.8
2 75880 1911 2201 1 1 1 0.8
2 147167 1913 3010 1 1 1 0.8
2 127426 1918 2698 1 50 0 0.8
2 81911 1919 1648 1 1 0 0.8
2 113436 1928 2876 1 10 1 0.8
2 177969 1928 4120 1 10 0 0.8
2 116615 1928 2792 1 1 1 0.8
2 178780 1931 4751 1 1 0 0.8
2 90992 1932 2082 1 1 0 0.8
2 81986 1933 1874 1 1 1 0.8
2 98206 1934 2368 1 10 1 0.8
2 64190 1936 1610 1 1 1 0.8
2 144514 1937 2997 1 10 1 0.8
2 107401 1940 3068 1 1 1 0.8
2 97902 1944 2753 1 1 0 0.8
2 134083 1949 3647 1 1 0 0.8
2 136037 1953 3383 1 1 0 0.8
2 131217 1955 2920 1 1 1 0.8
2 112157 1956 2796 1 50 1 0.8
2 163144 1958 3499 1 1 0 0.8
2 135228 1958 3241 1 50 0 0.8
2 128590 1958 3044 1 1 0 0.8
2 94691 1959 2609 1 1 0 0.8
2 173573 1960 4210 1 10 1 0.8
2 155887 1960 3311 1 1 1 0.8
2 97050 1965 2260 1 10 0 0.8
2 113724 1967 3195 1 10 1 0.8
2 74796 1981 1614 1 1 1 0.8
2 99976 1983 2083 1 50 0 0.8
2 178608 1985 4540 1 50 1 0.8
2 111436 1988 2383 1 1 0 0.8
2 164528 1990 3737 1 10 0 0.8
2 179190 1994 4354 1 10 0 0.8
2 80543 1994 2281 1 10 0 0.8
2 161807 1996 4195 1 1 1 0.8
2 173229 1997 3999 1 1 0 0.8
2 85391 1998 2356 1 1 1 0.8
2 111562 2000 3199 1 1 1 0.8
2 162047 2000 3254 1 1 0 0.8
2 63583 2002 1283 1 10 0 0.8
2 155461 2002 3667 1 10 0 0.8
2 160381 2004 4419 1 50 1 0.8
2 130631 2005 3027 1 10 0 0.8
2 145051 2005 3860 1 1 1 0.8
2 169547 2008 4041 1 1 1 0.8
2 65683 2009 1318 1 1 0 0.8
2 102567 2015 2448 1 1 1 0.8
2 74154 2019 1528 1 1 1 0.8
2 93251 2023 2444 1 10 0 0.8
2 166386 2025 4702 1 1 1 0.8
2 173542 2025 4266 1 1 1 0.8
2 128598 2026 3570 1 1 1 0.8
2 101107 2028 2941 1 1 1 0.8
2 179938 2033 5352 1 50 1 0.8
2 116491 2043 2928 1 50 1 0.8
2 120268 2044 2545 1 1 0 0.8
2 154970 2049 4142 1 50 0 0.8
2 133340 2051 3800 1 50 0 0.8
2 141701 2051 3602 1 10 0 0.8
2 177382 2052 5065 1 1 1 0.8
2 142563 2055 3718 1 1 1 0.8
2 65807 2062 1920 1 50 0 0.8
2 170894 2063 4599 1 50 1 0.8
2 97673 2074 1966 1 1 1 0.8
2 103454 2075 2925 1 10 1 0.8
2 141363 2077 3462 1 1 1 0.8
2 144776 2078 3814 1 1 1 0.8
2 111532 2079 3218 1 1 0 0.8
2 64078 2080 1746 1 1 1 0.8
2 141481 2083 3390 1 1 1 0.8
2 176014 2086 4343 1 10 1 0.8
2 87978 2089 2563 1 10 1 0.8
2 125592 2089 2606 1 1 0 0.8
2 168107 2091 4616 1 1 0 0.8
2 136901 2093 3647 1 10 0 0.8
2 87379 2096 2040 1 1 0 0.8
2 107009 2097 2828 1 10 0 0.8
2 124969 2099 2811 1 1 1 0.8
2 71135 2101 1515 1 1 1 0.8
2 76365 2103 2288 1 1 1 0.8
2 87955 2104 2455 1 1 1 0.8
2 129606 2107 3818 1 10 0 0.8
2 84529 2109 2080 1 10 0 0.8
2 143439 2110 3855 1 1 0 0.8
2 83618 2112 1827 1 1 1 0.8
2 175110 2117 3538 1 1 1 0.8
2 73058 2118 2056 1 50 0 0.8
2 94052 2118 2509 1 10 1 0.8
2 130982 2119 2810 1 1 1 0.8
2 142526 2126 3476 1 1 0 0.8
2 153678 2129 3461 1 1 0 0.8
2 99650 2131 2757 1 10 0 0.8
2 127075 2133 3139 1 1 0 0.8
2 68799 2134 2011 1 50 1 0.8
2 129332 2136 3721 1 10 1 0.8
2 121934 2144 2666 1 1 0 0.8
2 142042 2145 3082 1 1 1 0.8
2 82490 2147 2416 1 1 1 0.8
2 91077 2156 2127 1 1 1 0.8
2 74247 2168 1729 1 1 1 0.8
2 74697 2168 1606 1 1 0 0.8
2 75081 2173 1922 1 1 1 0.8
2 79277 2183 1688 1 10 0 0.8
2 134471 2184 3731 1 1 1 0.8
2 152576 2185 3372 1 10 0 0.8
2 82028 2188 1791 1 1 0 0.8
2 168922 2191 5057 1 1 1 0.8
2 158747 2192 3695 1 10 0 0.8
2 122848 2193 3020 1 10 1 0.8
2 88347 2198 2552 1 10 1 0.8
2 134232 2200 3333 1 1 1 0.8
2 118456 2200 2497 1 10 0 0.8
2 152504 2201 4210 1 1 1 0.8
2 65065 2203 1325 1 10 0 0.8
2 101723 2212 2605 1 1 0 0.8
2 128942 2214 2809 1 1 1 0.8
2 163541 2215 4089 1 1 1 0.8
2 147389 2217 3175 1 1 0 0.8
2 114501 2219 2693 1 1 1 0.8
2 73696 2225 1611 1 1 1 0.8
2 153279 2227 3974 1 1 1 0.8
2 86934 2228 2076 1 10 1 0.8
2 161101 2230 4298 1 10 0 0.8
2 178450 2232 4607 1 1 0 0.8
2 133572 2236 3569 1 1 0 0.8
2 116579 2236 2623 1 10 1 0.8
2 138011 2236 2927 1 1 1 0.8
2 63400 2236 1636 1 1 0 0.8
2 72636 2239 2167 1 1 0 0.8
2 94413 2242 2027 1 10 0 0.8
2 69995 2243 1481 1 1 0 0.8
2 170012 2244 4597 1 10 1 0.8
2 148287 2245 3754 1 10 0 0.8
2 112619 2255 2844 1 1 0 0.8
2 110638 2255 2435 1 1 1 0.8
2 93021 2255 2085 1 10 0 0.8
2 163162 2256 3498 1 10 1 0.8
2 79794 2260 2138 1 1 1 0.8
2 104799 2262 2123 1 1 0 0.8
2 140258 2263 3493 1 1 1 0.8
2 133464 2265 3818 1 1 0 0.8
2 112728 2270 3245 1 1 1 0.8
2 72432 2273 2169 1 50 0 0.8
2 66270 2277 1607 1 1 0 0.8
2 178314 2285 3922 1 1 1 0.8
2 129074 2286 3839 1 10 0 0.8
2 105375 2288 2132 1 1 0 0.8
2 155952 2289 4377 1 1 1 0.8
2 156145 2294 4581 1 1 0 0.8
2 176026 2294 4868 1 10 0 0.8
2 106617 2295 2484 1 1 1 0.8
2 79954 2297 1677 1 1 1 0.8
2 161586 2305 3721 1 10 1 0.8
2 120512 2310 2986 1 10 1 0.8
2 134019 2312 3050 1 1 1 0.8
2 108917 2313 3069 1 10 1 0.8
2 79747 2316 1941 1 1 0 0.8
2 109204 2317 2654 1 10 0 0.8
2 106264 2318 2488 1 1 1 0.8
2 113444 2319 3027 1 10 0 0.8
2 137009 2320 3554 1 1 0 0.8
2 87151 2320 2022 1 1 0 0.8
2 169209 2320 4501 1 10 0 0.8
2 93117 2322 2546 1 10 1 0.8
2 74557 2324 2053 1 1 1 0.8
2 162002 2332 4027 1 1 0 0.8
2 144752 2334 4250 1 10 1 0.8
2 64136 2334 1470 1 1 1 0.8
2 159506 2337 4255 1 1 0 0.8
2 70850 2338 2061 1 10 0 0.8
2 165507 2338 4663 1 1 1 0.8
2 69845 2339 1618 1 10 0 0.8
2 131128 2351 3633 1 1 0 0.8
2 123017 2352 3040 1 1 0 0.8
2 176709 2353 3731 1 50 0 0.8
2 165288 2355 4620 1 10 0 0.8
2 178036 2363 5333 1 1 1 0.8
2 175200 2363 5231 1 1 1 0.8
2 174193 2366 4484 1 10 1 0.8
2 85178 2367 2155 1 1 1 0.8
2 71656 2370 1902 1 1 1 0.8
2 154193 2371 3283 1 1 0 0.8
2 101454 2374 2566 1 10 1 0.8
2 72754 2378 2133 1 1 0 0.8
2 169641 2380 3903 1 1 1 0.8
2 176148 2381 4829 1 1 1 0.8
2 97364 2382 2809 1 1 0 0.8
2 137205 2382 3283 1 10 0 0.8
2 97694 2391 2695 1 10 0 0.8
2 85185 2396 1844 1 10 0 0.8
2 76703 2397 1850 1 1 1 0.8
2 153341 2405 4531 1 50 0 0.8
2 164916 2408 3386 1 1 0 0.8
2 162383 2412 4543 1 1 1 0.8
2 118015 2415 3318 1 1 0 0.8
2 119860 2415 3446 1 1 0 0.8
2 101374 2418 2648 1 1 0 0.8
2 139942 2418 3504 1 1 0 0.8
2 116181 2421 3125 1 50 1 0.8
2 176083 2424 4859 1 1 1 0.8
2 62338 2428 1626 1 1 0 0.8
2 70918 2428 1831 1 1 0 0.8
2 80245 2428 1949 1 10 0 0.8
2 102199 2429 2755 1 1 0 0.8
2 134798 2430 3035 1 1 1 0.8
2 112740 2437 2939 1 1 1 0.8
2 70071 2438 1724 1 50 1 0.8
2 68235 2439 1418 1 10 1 0.8
2 128971 2448 3095 1 1 0 0.8
2 166796 2449 4269 1 1 0 0.8
2 61513 2452 1230 1 1 0 0.8
2 140199 2453 3825 1 1 0 0.8
2 78799 2458 1578 1 10 1 0.8
2 139792 2460 3941 1 1 1 0.8
2 157309 2461 4659 1 10 1 0.8
2 163485 2462 3872 1 10 1 0.8
2 177255 2462 3932 1 1 0 0.8
2 171486 2464 3697 1 1 0 0.8
2 60980 2466 1373 1 1 0 0.8
2 127866 2468 2959 1 10 0 0.8
2 148883 2470 3248 1 1 0 0.8
2 88210 2474 2320 1 10 0 0.8
2 87990 2477 2494 1 1 1 0.8
2 128035 2477 2916 1 1 0 0.8
2 111108 2479 3131 1 50 0 0.8
2 161503 2480 3394 1 10 0 0.8
2 179972 2483 4431 1 1 1 0.8
2 171384 2485 4520 1 10 1 0.8
2 164596 2486 4305 1 50 0 0.8
2 145256 2488 2959 1 1 1 0.8
2 159506 2493 4618 1 10 0 0.8
2 87000 2494 2286 1 1 0 0.8
2 150555 2497 3148 1 10 1 0.8
2 172264 2499 4276 1 1 1 0.8
2 147178 2499 3702 1 1 0 0.8
2 73308 2503 2043 1 1 0 0.8
2 93726 2504 2793 1 1 1 0.8
2 119867 2505 3444 1 1 1 0.8
2 151541 2507 4263 1 1 1 0.8
2 71095 2514 2061 1 1 1 0.8
2 90502 2515 2440 1 50 0 0.8
2 177529 2516 5280 1 10 1 0.8
2 61866 2519 1254 1 1 1 0.8
2 119356 2524 3028 1 1 1 0.8
2 143620 2525 3329 1 50 0 0.8
2 103238 2525 2770 1 1 1 0.8
2 66461 2537 1562 1 1 1 0.8
2 141986 2537 2980 1 1 0 0.8
2 167949 2539 3751 1 10 1 0.8
2 177017 2540 4831 1 1 0 0.8
2 173947 2541 4964 1 50 1 0.8
2 179922 2543 4653 1 1 1 0.8
2 163223 2551 3852 1 1 0 0.8
2 60776 2552 1654 1 50 0 0.8
2 101807 2555 2437 1 1 0 0.8
2 144603 2562 3092 1 1 1 0.8
2 78331 2562 2241 1 1 1 0.8
2 131381 2563 3302 1 1 1 0.8
2 171797 2563 3578 1 10 0 0.8
2 157123 2564 4616 1 10 1 0.8
2 81894 2565 2114 1 1 0 0.8
2 101733 2566 2885 1 1 0 0.8
2 116074 2566 3397 1 50 1 0.8
2 164023 2569 4275 1 1 1 0.8
2 96889 2570 2659 1 1 0 0.8
2 159803 2575 4668 1 1 0 0.8
2 67431 2579 1407 1 10 0 0.8
2 118858 2584 3149 1 50 1 0.8
2 61415 2588 1275 1 1 1 0.8
2 90586 2589 2415 1 1 0 0.8
2 118835 2589 3150 1 1 1 0.8
2 109888 2590 2880 1 1 0 0.8
2 126508 2590 3415 1 10 1 0.8
2 92816 2597 1864 1 1 0 0.8
2 101593 2607 2952 1 10 0 0.8
2 62685 2607 1469 1 50 0 0.8
2 177634 2612 5072 1 1 1 0.8
2 163644 2614 3930 1 1 1 0.8
2 105367 2616 2301 1 1 0 0.8
2 176771 2617 4900 1 50 1 0.8
2 83617 2619 2260 1 1 0 0.8
2 130914 2622 3576 1 1 0 0.8
2 67626 2624 1615 1 10 1 0.8
2 135873 2629 3481 1 1 1 0.8
2 72961 2629 1795 1 10 0 0.8
2 171785 2634 3805 1 10 0 0.8
2 168183 2637 4059 1 10 0 0.8
2 160690 2639 3979 1 1 0 0.8
2 88408 2641 1789 1 10 1 0.8
2 90692 2641 2090 1 1 1 0.8
2 126023 2649 3144 1 10 1 0.8
2 68040 2650 1728 1 1 0 0.8
2 66305 2652 1713 1 10 0 0.8
2 62220 2654 1805 1 1 0 0.8
2 130740 2655 3871 1 1 0 0.8
2 137240 2657 3206 1 1 0 0.8
2 110335 2658 3216 1 1 1 0.8
2 155396 2660 3584 1 1 0 0.8
2 120036 2660 2674 1 1 1 0.8
2 170003 2661 4298 1 1 1 0.8
2 82600 2665 1671 1 1 0 0.8
2 177784 2667 4837 1 10 0 0.8
2 109780 2670 2276 1 1 0 0.8
2 72067 2671 1950 1 10 1 0.8
2 60034 2675 1345 1 10 0 0.8
2 83565 2678 1798 1 10 0 0.8
2 70519 2681 1940 1 1 0 0.8
2 115429 2681 3245 1 1 1 0.8
2 89398 2682 2417 1 1 0 0.8
2 170401 2684 3700 1 10 1 0.8
2 133903 2685 3949 1 50 0 0.8
2 106795 2685 2705 1 10 1 0.8
2 110978 2688 2979 1 50 0 0.8
2 131708 2693 2993 1 1 0 0.8
2 129691 2694 3474 1 1 1 0.8
2 107674 2694 2496 1 50 0 0.8
2 158229 2698 4609 1 10 1 0.8
2 88646 2702 2366 1 1 1 0.8
2 120784 2703 3365 1 1 1 0.8
2 146271 2704 4296 1 10 1 0.8
2 124728 2706 3609 1 10 1 0.8
2 78646 2712 1636 1 10 0 0.8
2 153085 2714 3231 1 1 0 0.8
2 141568 2721 4218 1 50 0 0.8
2 132617 2725 2938 1 1 0 0.8
2 66420 2730 1455 1 1 1 0.8
2 157051 2730 3761 1 1 0 0.8
2 169119 2731 4639 1 1 1 0.8
2 61195 2731 1248 1 1 0 0.8
2 91867 2732 2116 1 1 0 0.8
2 131430 2733 2738 1 1 1 0.8
2 140727 2734 4215 1 50 0 0.8
2 114454 2735 2561 1 10 1 0.8
2 68943 2739 1544 1 1 1 0.8
2 62633 2741 1551 1 1 0 0.8
2 89421 2744 2430 1 1 1 0.8
2 110280 2751 2711 1 1 0 0.8
2 163616 2756 3484 1 1 0 0.8
2 127128 2762 2643 1 10 0 0.8
2 152826 2768 3743 1 1 1 0.8
2 138145 2771 3394 1 1 1 0.8
2 139555 2772 3915 1 1 0 0.8
2 91276 2772 2141 1 50 1 0.8
2 137835 2775 3883 1 1 1 0.8
2 117371 2777 3133 1 10 1 0.8
2 117669 2781 2905 1 1 1 0.8
2 86089 2782 2372 1 1 1 0.8
2 164281 2784 3598 1 10 0 0.8
2 68435 2785 1959 1 10 0 0.8
2 103515 2787 2184 1 10 0 0.8
2 98156 2794 2739 1 1 0 0.8
2 126815 2796 2770 1 10 0 0.8
2 163426 2797 4782 1 1 1 0.8
2 111526 2797 2359 1 10 1 0.8
2 70163 2798 1861 1 1 1 0.8
2 118530 2802 2945 1 1 0 0.8
2 157367 2804 3830 1 10 0 0.8
2 179029 2808 4074 1 1 0 0.8
2 89087 2808 2557 1 10 0 0.8
2 96880 2809 2688 1 1 1 0.8
2 165517 2828 4328 1 1 1 0.8
2 172005 2829 4119 1 1 0 0.8
2 143792 2832 3118 1 1 1 0.8
2 166619 2838 4360 1 1 0 0.8
2 134668 2839 3539 1 10 0 0.8
2 177362 2840 4070 1 1 1 0.8
2 137993 2842 2957 1 50 1 0.8
2 142407 2843 3092 1 1 1 0.8
2 148662 2847 3512 1 10 0 0.8
2 68391 2851 1591 1 1 1 0.8
2 93507 2852 2726 1 50 1 0.8
2 115707 2852 2849 1 1 0 0.8
2 68380 2853 1467 1 50 0 0.8
2 71674 2855 1610 1 50 1 0.8
2 104749 2856 2379 1 1 0 0.8
2 170470 2857 4707 1 1 1 0.8
2 157313 2859 4147 1 10 0 0.8
2 63063 2859 1851 1 10 1 0.8
2 66483 2861 1425 1 10 0 0.8
2 131467 2862 3328 1 1 1 0.8
2 140918 2867 4090 1 50 1 0.8
2 144117 2867 3031 1 10 0 0.8
2 110922 2870 3024 1 1 1 0.8
2 173070 2871 4982 1 1 0 0.8
2 149357 2871 4291 1 10 0 0.8
2 130429 2872 3398 1 1 0 0.8
2 129088 2872 3541 1 1 0 0.8
2 109513 2872 3097 1 1 1 0.8
2 75224 2872 2194 1 1 0 0.8
2 70257 2873 1535 1 1 1 0.8
2 65840 2873 1554 1 1 1 0.8
2 168664 2877 4099 1 1 0 0.8
2 62549 2877 1484 1 50 1 0.8
2 99930 2879 2396 1 1 0 0.8
2 147259 2880 3690 1 50 0 0.8
2 109946 2881 3077 1 10 0 0.8
2 150718 2884 4463 1 10 1 0.8
2 145976 2885 4347 1 1 0 0.8
2 73804 2886 1756 1 1 1 0.8
2 179165 2887 4491 1 10 1 0.8
2 170774 2887 4680 1 1 1 0.8
2 119723 2889 2673 1 1 1 0.8
2 151964 2899 4166 1 1 0 0.8
2 78611 2905 1929 1 10 1 0.8
2 140923 2921 4092 1 50 0 0.8
2 175207 2929 4610 1 1 1 0.8
2 130238 2930 3212 1 1 1 0.8
2 175738 2935 4473 1 1 0 0.8
2 161063 2937 4371 1 1 0 0.8
2 112590 2937 2935 1 10 1 0.8
2 136578 2937 3302 1 1 0 0.8
2 119581 2943 2699 1 1 1 0.8
2 69940 2943 2074 1 50 0 0.8
2 139297 2945 3955 1 1 0 0.8
2 170820 2945 4996 1 1 1 0.8
2 73362 2947 2157 1 50 0 0.8
2 63382 2951 1774 1 1 1 0.8
2 95226 2952 2673 1 1 1 0.8
2 117403 2955 3403 1 1 1 0.8
2 82456 2958 1990 1 1 0 0.8
2 136031 2959 3296 1 1 1 0.8
2 110474 2960 2703 1 1 0 0.8
2 162750 2961 4522 1 1 1 0.8
2 145170 2963 4279 1 10 0 0.8
2 80299 2964 2341 1 1 1 0.8
2 173497 2966 3511 1 1 1 0.8
2 100065 2968 2486 1 10 1 0.8
2 97229 2968 2527 1 10 1 0.8
2 107897 2975 2194 1 1 0 0.8
2 64366 2977 1404 1 10 0 0.8
2 61161 2978 1778 1 1 0 0.8
2 62289 2980 1684 1 10 1 0.8
2 162499 2980 3881 1 1 0 0.8
2 84847 2986 1853 1 1 1 0.8
2 136946 2986 3269 1 1 0 0.8
2 150717 2989 4371 1 10 1 0.8
2 174519 2989 3622 1 10 0 0.8
2 161354 2993 3297 1 1 0 0.8
2 101263 2993 2747 1 1 1 0.8
2 122707 2994 3423 1 1 1 0.8
2 81723 3001 1740 1 1 0 0.8
2 91662 3001 2497 1 50 1 0.8
2 140878 3004 3043 1 1 1 0.8
2 73578 3005 1540 1 1 0 0.8
2 63928 3007 1493 1 1 0 0.8
2 133378 3008 3233 1 1 1 0.8
2 84648 3008 1855 1 1 1 0.8
2 70169 3010 1520 1 10 0 0.8
2 170210 3011 3616 1 1 0 0.8
2 171550 3016 3915 1 1 0 0.8
2 80190 3019 2322 1 50 1 0.8
2 128739 3019 3651 1 1 0 0.8
2 77962 3023 2116 1 1 0 0.8
2 74044 3025 1985 1 1 0 0.8
2 99081 3026 2227 1 50 1 0.8
2 63095 3026 1338 1 10 0 0.8
2 62643 3032 1452 1 10 1 0.8
2 139179 3032 2981 1 1 0 0.8
2 113493 3034 3218 1 10 0 0.8
2 94111 3039 2000 1 1 0 0.8
2 89970 3039 2079 1 50 1 0.8
2 134748 3041 3760 1 1 1 0.8
2 138871 3042 3944 1 50 0 0.8
2 87661 3042 2617 1 1 1 0.8
2 128420 3043 2961 1 10 0 0.8
2 60520 3047 1527 1 1 0 0.8
2 123319 3047 3693 1 1 0 0.8
2 145256 3048 4196 1 50 1 0.8
2 64788 3050 1706 1 1 1 0.8
2 123388 3051 3380 1 50 0 0.8
2 112877 3052 2369 1 1 1 0.8
2 134957 3054 3648 1 1 1 0.8
2 126793 3056 2628 1 1 0 0.8
2 172129 3056 4332 1 10 0 0.8
2 71343 3058 2015 1 1 0 0.8
2 84682 3064 1953 1 1 1 0.8
2 91759 3064 2523 1 1 0 0.8
2 103961 3065 2128 1 1 0 0.8
2 82138 3067 2128 1 1 1 0.8
2 93502 3067 2078 1 10 0 0.8
2 129501 3069 2602 1 10 0 0.8
2 120022 3071 3380 1 1 1 0.8
2 153447 3072 3485 1 1 1 0.8
2 73854 3075 1508 1 10 1 0.8
2 112768 3077 2943 1 1 0 0.8
2 100867 3078 2427 1 10 1 0.8
2 119332 3084 3526 1 1 0 0.8
2 138593 3085 3316 1 1 0 0.8
2 64180 3088 1765 1 10 0 0.8
2 99602 3093 2245 1 1 0 0.8
2 66495 3095 1712 1 1 1 0.8
2 160963 3096 4266 1 50 1 0.8
2 137797 3097 3848 1 1 0 0.8
2 175607 3099 4998 1 10 0 0.8
2 95079 3100 2775 1 10 0 0.8
2 86019 3100 2109 1 1 0 0.8
2 171407 3106 4213 1 10 0 0.8
2 68914 3108 1818 1 10 0 0.8
2 66238 3113 1395 1 1 1 0.8
2 78070 3115 1677 1 1 1 0.8
2 168240 3120 4130 1 1 1 0.8
2 99826 3122 2393 1 1 0 0.8
2 108766 3125 2397 1 10 0 0.8
2 93008 3126 2588 1 10 0 0.8
2 77143 3129 2123 1 10 1 0.8
2 91912 3134 2752 1 50 0 0.8
2 169034 3135 3742 1 10 0 0.8
2 147435 3139 3682 1 1 1 0.8
2 144697 3140 4019 1 1 1 0.8
2 133633 3142 3213 1 10 0 0.8
2 104127 3144 2997 1 1 1 0.8
2 147879 3146 3836 1 1 0 0.8
2 70412 3147 1647 1 10 1 0.8
2 118759 3149 2517 1 1 0 0.8
2 127184 3149 3105 1 50 1 0.8
2 144544 3151 3958 1 1 1 0.8
2 143746 3151 3344 1 1 0 0.8
2 92882 3151 2422 1 1 1 0.8
2 144608 3153 3868 1 10 1 0.8
2 104278 3157 3090 1 1 1 0.8
2 97138 3164 2732 1 1 1 0.8
2 148065 3164 4357 1 10 0 0.8
2 154587 3167 3348 1 10 0 0.8
2 110221 3172 2596 1 10 0 0.8
2 124638 3188 3162 1 1 1 0.8
2 66778 3191 1479 1 1 0 0.8
2 149848 3192 3932 1 1 0 0.8
2 115029 3192 2781 1 1 0 0.8
2 108537 3193 2411 1 10 1 0.8
2 154953 3194 3345 1 1 0 0.8
2 127646 3195 3590 1 1 0 0.8
2 128017 3195 2994 1 1 1 0.8
2 175820 3196 3560 1 1 1 0.8
2 85029 3197 2092 1 10 0 0.8
2 164294 3204 4046 1 1 0 0.8
2 143958 3205 4036 1 50 0 0.8
2 106600 3207 2634 1 50 1 0.8
2 134832 3214 3060 1 1 0 0.8
2 127521 3217 3024 1 1 1 0.8
2 149989 3217 3731 1 1 0 0.8
2 161172 3219 4310 1 10 0 0.8
2 69832 3220 1529 1 1 1 0.8
2 118792 3221 3290 1 10 1 0.8
2 144746 3223 3516 1 1 1 0.8
2 90546 3223 2293 1 10 0 0.8
2 128932 3224 3860 1 10 1 0.8
2 146353 3225 4050 1 1 1 0.8
2 110681 3226 2286 1 10 1 0.8
2 98427 3227 2372 1 1 1 0.8
2 95976 3229 2540 1 1 1 0.8
2 164906 3233 4759 1 1 0 0.8
2 172106 3233 4561 1 10 0 0.8
2 115038 3234 2880 1 1 0 0.8
2 167751 3237 4071 1 10 1 0.8
2 105644 3238 2208 1 1 1 0.8
2 94919 3239 2213 1 1 0 0.8
2 77834 3240 1658 1 1 0 0.8
2 141882 3242 3191 1 1 0 0.8
2 77697 3242 2005 1 1 0 0.8
2 114451 3242 3375 1 10 0 0.8
2 87661 3243 1948 1 1 1 0.8
2 93146 3244 2097 1 1 0 0.8
2 125782 3246 3635 1 10 0 0.8
2 100163 3247 2587 1 1 1 0.8
2 161350 3248 4301 1 1 1 0.8
2 135126 3250 3428 1 1 1 0.8
2 74336 3252 1759 1 1 1 0.8
2 154975 3255 3447 1 1 1 0.8
2 80281 3255 2068 1 1 0 0.8
2 82398 3255 2289 1 1 0 0.8
2 90593 3257 2697 1 1 0 0.8
2 151905 3258 4529 1 1 0 0.8
2 178200 3261 4929 1 1 1 0.8
2 80898 3262 2312 1 10 0 0.8
2 147101 3264 4177 1 10 1 0.8
2 104100 3265 2206 1 1 1 0.8
2 117275 3265 3396 1 1 0 0.8
2 157977 3272 4261 1 1 0 0.8
2 143389 3278 3668 1 50 1 0.8
2 175600 3290 4506 1 10 1 0.8
2 147480 3292 3575 1 1 0 0.8
2 64387 3296 1882 1 1 0 0.8
2 163607 3308 4872 1 10 0 0.8
2 126839 3314 3112 1 1 1 0.8
2 151058 3317 4518 1 1 0 0.8
2 111839 3320 2720 1 1 0 0.8
2 72523 3323 1736 1 50 0 0.8
2 124065 3323 3039 1 1 1 0.8
2 95637 3324 2817 1 1 1 0.8
2 174934 3325 4667 1 1 0 0.8
2 150736 3329 3281 1 1 1 0.8
2 76061 3330 2161 1 1 0 0.8
2 156363 3331 3224 1 10 1 0.8
2 128133 3332 3720 1 1 0 0.8
2 69657 3338 1542 1 1 0 0.8
2 103731 3346 2246 1 1 0 0.8
2 104701 3347 2507 1 10 0 0.8
2 160972 3349 4513 1 1 0 0.8
2 87569 3355 2621 1 50 1 0.8
2 88534 3357 2284 1 10 1 0.8
2 157438 3357 3970 1 1 0 0.8
2 106704 3359 2905 1 1 1 0.8
2 155678 3359 4631 1 1 1 0.8
2 83781 3359 1690 1 1 1 0.8
2 147811 3365 4066 1 1 1 0.8
2 151036 3365 3058 1 1 1 0.8
2 104287 3365 2809 1 10 1 0.8
2 128044 3366 3159 1 1 0 0.8
2 129281 3367 3211 1 1 1 0.8
2 167677 3369 4323 1 1 1 0.8
2 105165 3371 3093 1 10 1 0.8
2 158528 3375 4025 1 1 1 0.8
2 108777 3377 3227 1 1 1 0.8
2 171063 3378 4151 1 50 0 0.8
2 111775 3380 2486 1 1 1 0.8
2 86176 3381 2405 1 1 0 0.8
2 157010 3383 3890 1 50 0 0.8
2 129766 3385 3429 1 1 1 0.8
2 129125 3385 2873 1 1 0 0.8
2 153667 3391 3333 1 1 0 0.8
2 100047 3391 2350 1 1 0 0.8
2 75002 3393 2099 1 1 0 0.8
2 116154 3393 2740 1 1 1 0.8
2 101686 3396 2702 1 1 0 0.8
2 157342 3398 3688 1 10 0 0.8
2 118853 3401 3180 1 1 1 0.8
2 108155 3403 3153 1 1 0 0.8
2 156968 3406 3236 1 1 0 0.8
2 158425 3406 4407 1 50 1 0.8
2 68300 3408 1762 1 1 1 0.8
2 121400 3411 2802 1 10 1 0.8
2 96839 3416 2771 1 1 1 0.8
2 100942 3416 2540 1 1 1 0.8
2 169032 3420 3879 1 1 0 0.8
2 63058 3423 1802 1 10 0 0.8
2 167168 3426 3815 1 1 1 0.8
2 135427 3430 3687 1 1 1 0.8
2 73738 3433 1910 1 10 1 0.8
2 116927 3437 2828 1 1 0 0.8
2 96693 3444 2603 1 1 0 0.8
2 103459 3449 2329 1 1 1 0.8
2 126797 3452 2848 1 1 0 0.8
2 89871 3453 2246 1 1 0 0.8
2 115129 3455 3125 1 1 0 0.8
2 128682 3455 3403 1 10 1 0.8
2 60319 3462 1519 1 1 1 0.8
2 124319 3463 3675 1 1 1 0.8
2 148567 3469 3584 1 50 1 0.8
2 122058 3470 2597 1 1 1 0.8
2 142244 3471 4197 1 10 0 0.8
2 98614 3471 2740 1 10 0 0.8
2 112686 3475 2570 1 1 1 0.8
2 164543 3475 4269 1 10 0 0.8
2 72033 3477 1985 1 50 0 0.8
2 66671 3477 1792 1 1 0 0.8
2 131256 3478 3732 1 1 1 0.8
2 75838 3479 2186 1 1 1 0.8
2 161659 3480 3771 1 1 0 0.8
2 177262 3481 3820 1 10 0 0.8
2 151742 3481 3094 1 1 1 0.8
2 64117 3482 1578 1 10 1 0.8
2 127185 3489 3774 1 1 1 0.8
2 92289 3491 1934 1 1 0 0.8
2 141727 3491 3160 1 1 0 0.8
2 112792 3497 2426 1 10 0 0.8
2 69319 3500 1643 1 1 1 0.8
2 129894 3501 3213 1 1 0 0.8
2 73311 3507 1649 1 1 0 0.8
2 111421 3508 2553 1 1 1 0.8
2 105223 3508 3083 1 1 1 0.8
2 117249 3517 3146 1 1 0 0.8
2 61586 3517 1515 1 1 1 0.8
2 164332 3521 4486 1 1 0 0.8
2 99473 3522 2044 1 50 1 0.8
2 153098 3524 3769 1 10 1 0.8
2 126483 3524 2547 1 1 0 0.8
2 148832 3529 4129 1 1 0 0.8
2 162263 3533 4377 1 1 0 0.8
2 134583 3533 3044 1 1 1 0.8
2 108759 3534 2916 1 1 1 0.8
2 123808 3534 2891 1 1 0 0.8
2 72158 3535 1785 1 10 1 0.8
2 116312 3535 2482 1 1 0 0.8
2 158605 3536 4117 1 1 1 0.8
2 106518 3538 2497 1 1 1 0.8
2 112652 3540 2324 1 50 1 0.8
2 174630 3540 4627 1 1 1 0.8
2 110820 3540 2518 1 1 0 0.8
2 178798 3548 5313 1 1 0 0.8
2 63868 3549 1871 1 1 0 0.8
2 157291 3550 3892 1 50 1 0.8
2 173365 3556 4733 1 10 0 0.8
2 142597 3556 3525 1 50 1 0.8
2 77424 3559 2236 1 1 1 0.8
2 129518 3560 2606 1 10 0 0.8
2 64933 3564 1515 1 1 0 0.8
2 143921 3564 3589 1 1 0 0.8
2 173481 3566 4062 1 1 1 0.8
2 100812 3567 2074 1 1 0 0.8
2 79361 3572 1986 1 1 1 0.8
2 71974 3572 2015 1 10 1 0.8
2 77550 3572 2002 1 10 1 0.8
2 112087 3575 3344 1 1 0 0.8
2 104683 3580 2552 1 1 1 0.8
2 163072 3581 4291 1 1 0 0.8
2 112766 3581 3179 1 1 0 0.8
2 107194 3592 3004 1 10 0 0.8
2 86237 3595 1802 1 1 1 0.8
2 110477 3597 2579 1 1 0 0.8
2 176733 3597 4134 1 1 0 0.8
2 90695 3598 2522 1 1 0 0.8
