1500
3 131367 2 2885 1 50 0 0.8
3 98126 2 2454 1 10 0 0.8
3 99795 3 2780 1 1 0 0.8
3 107212 4 2428 1 1 1 0.8
3 62392 8 1606 1 10 1 0.8
3 104511 8 2526 1 50 0 0.8
3 117847 9 3297 1 1 0 0.8
3 140864 10 3397 1 10 0 0.8
3 120219 11 2542 1 1 1 0.8
3 137364 18 3937 1 1 1 0.8
3 79342 20 2254 1 50 1 0.8
3 117385 23 3472 1 1 1 0.8
3 115818 25 2818 1 50 0 0.8
3 141959 25 3701 1 1 1 0.8
3 162219 27 4578 1 1 0 0.8
3 121110 28 3604 1 1 0 0.8
3 122725 29 3450 1 10 1 0.8
3 162890 30 3846 1 10 1 0.8
3 164029 38 4422 1 1 0 0.8
3 60196 38 1754 1 1 1 0.8
3 137621 38 4115 1 10 1 0.8
3 160416 39 4752 1 1 1 0.8
3 92592 41 1876 1 1 1 0.8
3 68352 47 2044 1 1 0 0.8
3 86322 47 2096 1 50 1 0.8
3 157522 50 4080 1 10 0 0.8
3 123294 51 2792 1 10 1 0.8
3 125290 51 2718 1 10 1 0.8
3 123000 57 2892 1 1 0 0.8
3 114443 63 2712 1 1 0 0.8
3 64127 66 1507 1 10 0 0.8
3 77958 69 1744 1 1 1 0.8
3 156132 71 3805 1 1 1 0.8
3 104510 85 2094 1 1 0 0.8
3 175612 87 4913 1 10 0 0.8
3 114298 90 2431 1 1 1 0.8
3 108627 90 2437 1 1 1 0.8
3 161032 99 3593 1 1 0 0.8
3 128677 102 3156 1 1 1 0.8
3 153604 104 3450 1 10 0 0.8
3 109422 105 3095 1 10 0 0.8
3 170957 109 4856 1 10 0 0.8
3 156245 109 3281 1 10 1 0.8
3 164722 114 4381 1 50 1 0.8
3 89637 115 2522 1 1 0 0.8
3 64081 116 1316 1 1 0 0.8
3 79432 126 1916 1 50 0 0.8
3 81301 128 2122 1 1 0 0.8
3 146663 129 3483 1 10 1 0.8
3 148052 130 3214 1 1 1 0.8
3 61477 132 1804 1 10 1 0.8
3 101953 135 2196 1 10 0 0.8
3 151121 135 4246 1 1 0 0.8
3 81278 139 2022 1 1 1 0.8
3 162120 140 4177 1 10 1 0.8
3 147602 145 3014 1 10 1 0.8
3 157033 149 3603 1 1 1 0.8
3 99638 153 2849 1 1 0 0.8
3 103058 155 2359 1 1 0 0.8
3 148785 160 4433 1 10 1 0.8
3 99807 160 2901 1 10 1 0.8
3 67555 160 1772 1 1 1 0.8
3 166035 166 4462 1 10 1 0.8
3 121084 168 2588 1 10 0 0.8
3 88470 169 2007 1 10 0 0.8
3 74757 170 2122 1 10 0 0.8
3 99353 170 2303 1 1 0 0.8
3 65257 170 1894 1 50 0 0.8
3 154197 173 4471 1 1 1 0.8
3 108543 174 2883 1 1 1 0.8
3 83126 178 2312 1 10 0 0.8
3 96304 179 2839 1 1 1 0.8
3 165853 180 3515 1 1 1 0.8
3 94153 180 2081 1 1 1 0.8
3 176376 181 3728 1 50 0 0.8
3 179491 183 3946 1 10 1 0.8
3 115243 190 2746 1 1 1 0.8
3 93769 192 2586 1 10 0 0.8
3 60958 193 1264 1 1 0 0.8
3 145418 193 3854 1 10 0 0.8
3 145878 194 3860 1 1 1 0.8
3 154791 195 4404 1 1 1 0.8
3 171858 197 4039 1 1 1 0.8
3 64554 197 1724 1 10 1 0.8
3 95925 198 2765 1 1 0 0.8
3 122532 198 2648 1 50 0 0.8
3 97876 198 2472 1 1 0 0.8
3 164373 201 3389 1 10 0 0.8
3 104598 203 2205 1 10 0 0.8
3 71896 203 1528 1 1 1 0.8
3 153331 205 3694 1 1 0 0.8
3 68598 206 1542 1 1 1 0.8
3 88029 208 2510 1 50 1 0.8
3 119645 208 3560 1 10 0 0.8
3 154101 213 3445 1 1 1 0.8
3 151471 214 3389 1 1 0 0.8
3 85212 217 1978 1 10 0 0.8
3 163805 221 4552 1 1 0 0.8
3 117414 223 3474 1 1 1 0.8
3 117831 226 3362 1 1 1 0.8
3 162702 226 3756 1 1 1 0.8
3 107681 232 2492 1 1 0 0.8
3 112695 234 3181 1 10 0 0.8
3 167669 234 4706 1 10 1 0.8
3 130451 236 2616 1 1 1 0.8
3 131130 243 2686 1 50 0 0.8
3 83862 244 2131 1 1 0 0.8
3 126715 247 2559 1 1 0 0.8
3 120643 249 2908 1 1 0 0.8
3 136310 250 3898 1 1 0 0.8
3 177675 250 5221 1 1 0 0.8
3 128327 253 3481 1 50 0 0.8
3 145097 258 2968 1 1 0 0.8
3 85354 260 2358 1 1 0 0.8
3 90276 264 2179 1 50 1 0.8
3 93147 267 2161 1 1 1 0.8
3 144963 268 4018 1 1 0 0.8
3 147035 269 4022 1 1 0 0.8
3 125316 271 2978 1 1 1 0.8
3 139944 275 3252 1 1 0 0.8
3 87332 277 2542 1 50 0 0.8
3 129789 279 3130 1 10 1 0.8
3 144949 279 3161 1 10 0 0.8
3 91839 283 2712 1 1 0 0.8
3 94713 286 2777 1 1 1 0.8
3 120550 289 3307 1 1 1 0.8
3 96665 291 2194 1 1 0 0.8
3 112212 294 2686 1 50 1 0.8
3 122533 299 3251 1 10 1 0.8
3 172668 301 4282 1 1 0 0.8
3 64318 301 1324 1 1 1 0.8
3 148838 303 3211 1 1 0 0.8
3 151311 305 4515 1 10 0 0.8
3 66030 307 1843 1 10 0 0.8
3 149350 311 3938 1 50 1 0.8
3 92400 311 2732 1 1 1 0.8
3 129987 313 3011 1 10 0 0.8
3 133554 313 3143 1 10 1 0.8
3 102267 313 2365 1 50 1 0.8
3 145181 314 3146 1 1 0 0.8
3 87429 322 2010 1 1 1 0.8
3 129162 324 2828 1 1 0 0.8
3 72346 327 1918 1 1 0 0.8
3 88929 333 1779 1 1 1 0.8
3 85471 334 2226 1 1 0 0.8
3 97354 346 2657 1 1 0 0.8
3 82815 348 2375 1 10 0 0.8
3 161465 353 4480 1 10 1 0.8
3 64231 353 1423 1 1 0 0.8
3 108621 358 3186 1 50 1 0.8
3 79693 358 1897 1 1 0 0.8
3 96179 367 2683 1 10 0 0.8
3 108858 368 3012 1 10 0 0.8
3 114794 373 2395 1 1 0 0.8
3 153801 373 3658 1 50 0 0.8
3 113288 378 3095 1 1 0 0.8
3 115376 379 2956 1 1 0 0.8
3 91777 381 2375 1 1 1 0.8
3 61412 389 1712 1 1 1 0.8
3 87530 395 1926 1 1 1 0.8
3 157817 401 3920 1 10 1 0.8
3 73256 404 1806 1 1 0 0.8
3 130831 406 3301 1 1 1 0.8
3 135603 407 3714 1 1 0 0.8
3 100060 408 2357 1 10 0 0.8
3 173649 410 3915 1 10 0 0.8
3 135120 412 3917 1 1 0 0.8
3 168558 415 3697 1 1 0 0.8
3 120156 416 2682 1 1 1 0.8
3 129220 419 3761 1 1 1 0.8
3 111027 423 2670 1 1 1 0.8
3 79917 424 1700 1 1 1 0.8
3 158448 426 4290 1 50 1 0.8
3 136364 433 2986 1 1 0 0.8
3 94642 433 2522 1 10 0 0.8
3 111096 433 3111 1 10 0 0.8
3 130319 439 3257 1 1 1 0.8
3 80534 442 2130 1 1 0 0.8
3 77682 446 1647 1 1 0 0.8
3 161048 448 3645 1 10 1 0.8
3 79545 451 1859 1 1 0 0.8
3 109109 453 2222 1 50 1 0.8
3 164260 453 4615 1 1 0 0.8
3 168152 457 3864 1 10 1 0.8
3 73376 457 1489 1 10 1 0.8
3 108517 459 2181 1 50 1 0.8
3 116854 461 2820 1 1 0 0.8
3 144409 465 3517 1 50 0 0.8
3 97168 466 2539 1 1 0 0.8
3 66026 471 1640 1 1 0 0.8
3 111982 474 2365 1 10 0 0.8
3 104436 476 2356 1 10 1 0.8
3 77870 476 1558 1 1 1 0.8
3 172806 483 4721 1 10 1 0.8
3 67185 484 1568 1 10 1 0.8
3 157361 491 3517 1 1 1 0.8
3 89242 491 2495 1 50 0 0.8
3 72604 495 1647 1 1 1 0.8
3 62098 497 1591 1 1 1 0.8
3 157273 502 3831 1 1 1 0.8
3 138770 509 3059 1 1 1 0.8
3 62361 510 1582 1 10 0 0.8
3 152185 512 3819 1 1 1 0.8
3 73901 512 1700 1 1 1 0.8
3 98476 514 2349 1 1 1 0.8
3 164336 518 4253 1 10 0 0.8
3 155258 520 3860 1 10 0 0.8
3 176661 524 4164 1 1 1 0.8
3 129667 528 3886 1 10 0 0.8
3 167513 530 4796 1 10 1 0.8
3 64882 531 1499 1 1 1 0.8
3 93013 534 2584 1 10 0 0.8
3 74608 535 1759 1 50 1 0.8
3 122492 537 2909 1 1 0 0.8
3 102577 538 2948 1 10 1 0.8
3 154121 538 3364 1 1 1 0.8
3 176512 538 3884 1 10 1 0.8
3 60253 538 1232 1 1 1 0.8
3 124029 540 2613 1 10 1 0.8
3 78690 545 2158 1 10 0 0.8
3 168008 546 4015 1 1 0 0.8
3 94506 546 1974 1 10 1 0.8
3 119205 547 2799 1 1 0 0.8
3 100698 551 2451 1 1 0 0.8
3 140367 553 4198 1 10 0 0.8
3 103746 555 2908 1 1 1 0.8
3 144127 556 3064 1 1 0 0.8
3 118900 556 2380 1 10 0 0.8
3 112294 556 3114 1 50 0 0.8
3 140504 557 3911 1 1 0 0.8
3 114241 557 2404 1 50 0 0.8
3 146173 558 3030 1 1 0 0.8
3 77723 559 2242 1 1 1 0.8
3 79401 559 2314 1 1 1 0.8
3 109914 559 2770 1 10 1 0.8
3 164942 564 4144 1 1 0 0.8
3 100393 566 3007 1 1 0 0.8
3 95009 568 2414 1 1 1 0.8
3 165127 568 3801 1 1 1 0.8
3 124420 569 3127 1 1 0 0.8
3 95695 578 2236 1 1 1 0.8
3 157226 583 3184 1 1 1 0.8
3 123564 585 2775 1 10 1 0.8
3 107502 593 2250 1 1 0 0.8
3 73473 594 1589 1 1 0 0.8
3 76803 594 2303 1 1 1 0.8
3 117992 599 3347 1 10 1 0.8
3 173478 604 3508 1 10 0 0.8
3 148302 604 3899 1 10 0 0.8
3 100710 605 2709 1 10 0 0.8
3 135061 605 2829 1 50 1 0.8
3 172543 609 3683 1 1 0 0.8
3 176465 611 4245 1 1 1 0.8
3 83971 616 2364 1 10 1 0.8
3 141562 621 3732 1 10 1 0.8
3 163697 621 4322 1 1 1 0.8
3 139542 630 3189 1 10 0 0.8
3 179445 630 5306 1 1 0 0.8
3 70920 638 2123 1 1 0 0.8
3 97143 643 2195 1 1 1 0.8
3 76419 644 2264 1 1 0 0.8
3 99078 647 2727 1 1 1 0.8
3 116519 654 2353 1 50 1 0.8
3 163707 655 4484 1 10 1 0.8
3 119377 657 3299 1 1 0 0.8
3 177286 658 4794 1 1 1 0.8
3 117589 660 2527 1 10 1 0.8
3 96254 661 2495 1 50 0 0.8
3 167134 663 4077 1 1 1 0.8
3 112710 665 2270 1 1 0 0.8
3 150546 667 3149 1 10 1 0.8
3 99560 670 2904 1 10 1 0.8
3 119890 673 3265 1 1 1 0.8
3 81227 674 2084 1 1 0 0.8
3 167851 676 4470 1 50 0 0.8
3 157681 679 3213 1 10 1 0.8
3 104082 680 2596 1 10 1 0.8
3 72264 683 1485 1 1 0 0.8
3 163471 684 3810 1 50 0 0.8
3 176331 685 4901 1 10 1 0.8
3 90861 691 2461 1 1 1 0.8
3 145233 691 4081 1 10 1 0.8
3 71411 692 1433 1 10 1 0.8
3 84745 693 2227 1 10 0 0.8
3 81779 694 1867 1 10 1 0.8
3 157514 696 4126 1 1 1 0.8
3 167368 696 3907 1 50 1 0.8
3 108143 699 2968 1 10 0 0.8
3 133191 702 3176 1 1 0 0.8
3 131155 705 3196 1 1 1 0.8
3 92327 707 2091 1 1 0 0.8
3 62920 708 1406 1 10 1 0.8
3 142662 709 2891 1 10 0 0.8
3 112396 710 2564 1 1 1 0.8
3 69969 712 1563 1 1 0 0.8
3 109097 716 2758 1 1 1 0.8
3 166947 718 4960 1 1 0 0.8
3 151631 718 3654 1 1 0 0.8
3 121641 718 3622 1 1 1 0.8
3 157777 719 4550 1 50 1 0.8
3 154244 720 3926 1 1 0 0.8
3 129870 721 3880 1 50 0 0.8
3 106381 721 3000 1 10 0 0.8
3 115382 722 2451 1 1 0 0.8
3 73705 727 1790 1 10 0 0.8
3 173089 728 4977 1 1 1 0.8
3 164870 729 4234 1 50 1 0.8
3 86274 738 2521 1 1 0 0.8
3 135612 739 3618 1 10 1 0.8
3 128610 740 2903 1 10 0 0.8
3 123123 744 2473 1 10 0 0.8
3 138483 748 3867 1 10 0 0.8
3 77241 751 1570 1 10 0 0.8
3 92823 751 2443 1 1 0 0.8
3 136262 756 2974 1 1 0 0.8
3 61076 760 1475 1 1 1 0.8
3 83410 765 2408 1 1 0 0.8
3 144540 765 3893 1 1 1 0.8
3 99333 767 1994 1 1 1 0.8
3 115161 770 2651 1 1 1 0.8
3 69375 771 1907 1 1 0 0.8
3 147524 771 3206 1 1 1 0.8
3 164946 772 4081 1 1 0 0.8
3 70979 772 1807 1 1 1 0.8
3 73545 775 1728 1 10 1 0.8
3 96391 781 2018 1 1 1 0.8
3 121816 786 2798 1 1 1 0.8
3 167435 789 4664 1 1 0 0.8
3 111081 790 2880 1 10 0 0.8
3 153479 792 3338 1 1 1 0.8
3 78148 792 1611 1 1 1 0.8
3 119943 797 3477 1 50 0 0.8
3 155410 802 3582 1 10 0 0.8
3 124286 802 2983 1 1 0 0.8
3 171362 802 4016 1 1 1 0.8
3 156006 803 4006 1 1 0 0.8
3 88458 803 2058 1 10 0 0.8
3 124369 804 2690 1 10 0 0.8
3 81315 808 2377 1 10 0 0.8
3 157194 813 3742 1 1 0 0.8
3 173687 816 5179 1 1 1 0.8
3 67695 817 1795 1 1 1 0.8
3 106890 819 3105 1 1 0 0.8
3 70859 820 1764 1 1 1 0.8
3 174893 821 4829 1 1 0 0.8
3 86650 821 2534 1 1 1 0.8
3 147406 821 3522 1 50 0 0.8
3 133981 821 2861 1 10 1 0.8
3 175128 823 4235 1 10 1 0.8
3 102160 829 2260 1 1 0 0.8
3 132886 829 2846 1 1 0 0.8
3 117575 831 2512 1 1 0 0.8
3 122081 832 2610 1 10 1 0.8
3 98361 837 2049 1 1 1 0.8
3 141993 837 3690 1 10 0 0.8
3 96492 838 2764 1 10 1 0.8
3 104863 838 2618 1 1 1 0.8
3 157323 840 4162 1 1 1 0.8
3 62870 849 1440 1 10 0 0.8
3 130661 850 3855 1 1 0 0.8
3 165114 850 4258 1 1 0 0.8
3 99598 855 2495 1 1 0 0.8
3 118648 855 3440 1 50 1 0.8
3 172327 855 3849 1 50 1 0.8
3 127050 856 3028 1 1 1 0.8
3 137677 856 2925 1 1 0 0.8
3 113247 858 2956 1 1 1 0.8
3 132499 858 3241 1 1 0 0.8
3 125039 861 2835 1 1 1 0.8
3 74306 862 1795 1 10 0 0.8
3 83234 865 2457 1 1 1 0.8
3 171990 867 4777 1 10 1 0.8
3 172927 873 3847 1 1 1 0.8
3 87771 873 2301 1 1 0 0.8
3 77434 874 2209 1 1 1 0.8
3 63340 874 1564 1 50 0 0.8
3 163730 876 3285 1 1 1 0.8
3 165898 880 4322 1 10 0 0.8
3 91938 883 2099 1 1 0 0.8
3 123124 883 3094 1 1 0 0.8
3 93982 885 2813 1 10 0 0.8
3 169583 886 4893 1 10 1 0.8
3 133047 888 3388 1 10 1 0.8
3 151928 890 3943 1 10 0 0.8
3 139242 892 4064 1 1 1 0.8
3 67107 893 1766 1 1 1 0.8
3 155974 894 4069 1 1 1 0.8
3 109285 895 2758 1 1 0 0.8
3 73120 896 2027 1 1 0 0.8
3 127280 897 3389 1 1 0 0.8
3 78269 897 2178 1 10 0 0.8
3 119622 897 3243 1 1 0 0.8
3 157357 900 4225 1 1 1 0.8
3 163293 903 4167 1 10 0 0.8
3 122862 904 3399 1 10 1 0.8
3 126711 904 2770 1 1 0 0.8
3 92826 907 2368 1 1 1 0.8
3 162432 908 3683 1 10 0 0.8
3 95554 911 2053 1 50 1 0.8
3 91759 913 2329 1 1 1 0.8
3 113011 915 2536 1 50 1 0.8
3 88674 917 2539 1 1 0 0.8
3 140144 920 4137 1 1 0 0.8
3 89239 920 2194 1 10 1 0.8
3 120841 921 3310 1 10 0 0.8
3 60328 922 1798 1 50 0 0.8
3 99404 931 2738 1 1 0 0.8
3 176396 932 4405 1 10 1 0.8
3 74775 933 1995 1 1 0 0.8
3 93990 934 2571 1 1 1 0.8
3 105709 935 2858 1 1 1 0.8
3 178546 935 4569 1 1 1 0.8
3 71280 937 2119 1 1 0 0.8
3 139943 938 3800 1 1 1 0.8
3 146706 939 3080 1 10 0 0.8
3 99848 939 2944 1 1 0 0.8
3 63307 940 1653 1 50 0 0.8
3 101771 945 2876 1 10 1 0.8
3 143770 949 4090 1 10 0 0.8
3 91391 949 2651 1 10 1 0.8
3 139003 953 3868 1 50 1 0.8
3 111332 954 2868 1 50 0 0.8
3 153206 955 3287 1 1 1 0.8
3 68717 958 1831 1 10 0 0.8
3 158257 960 4383 1 1 1 0.8
3 90517 963 2614 1 1 1 0.8
3 91821 966 2601 1 10 0 0.8
3 109260 966 3158 1 1 1 0.8
3 60548 969 1260 1 1 1 0.8
3 145522 970 3882 1 1 1 0.8
3 136427 970 3668 1 50 1 0.8
3 149246 972 3183 1 50 1 0.8
3 159302 975 4022 1 10 0 0.8
3 179199 977 5016 1 1 1 0.8
3 62231 979 1472 1 1 1 0.8
3 107590 980 2539 1 10 1 0.8
3 162995 982 4836 1 1 1 0.8
3 102833 983 2952 1 1 1 0.8
3 114700 984 2490 1 1 1 0.8
3 90233 986 2425 1 1 1 0.8
3 159763 988 4301 1 1 0 0.8
3 73616 993 1750 1 1 0 0.8
3 99597 993 2239 1 50 0 0.8
3 152405 994 4398 1 1 0 0.8
3 78342 996 1849 1 10 0 0.8
3 114768 996 2720 1 10 1 0.8
3 150808 1000 4026 1 1 0 0.8
3 133284 1002 2823 1 10 0 0.8
3 151378 1004 3875 1 1 1 0.8
3 171821 1008 3860 1 10 1 0.8
3 133912 1008 3404 1 1 1 0.8
3 148596 1009 4281 1 10 1 0.8
3 144653 1010 3656 1 1 0 0.8
3 128704 1010 3240 1 1 0 0.8
3 128248 1010 3034 1 10 0 0.8
3 164547 1011 3315 1 1 0 0.8
3 87224 1012 2392 1 50 1 0.8
3 155708 1014 3198 1 1 1 0.8
3 130738 1016 3187 1 1 1 0.8
3 150470 1017 3793 1 10 0 0.8
3 105067 1017 2506 1 1 1 0.8
3 67187 1021 1386 1 10 1 0.8
3 106887 1021 2738 1 1 1 0.8
3 89955 1024 2329 1 1 1 0.8
3 125820 1026 2838 1 50 1 0.8
3 167366 1028 4535 1 10 1 0.8
3 114935 1029 3163 1 10 1 0.8
3 151491 1032 3517 1 1 1 0.8
3 78889 1034 1956 1 10 1 0.8
3 167203 1035 4036 1 10 0 0.8
3 134305 1037 3642 1 10 1 0.8
3 91765 1037 2255 1 1 0 0.8
3 89665 1037 2543 1 1 0 0.8
3 71044 1038 1722 1 1 0 0.8
3 88519 1040 2609 1 10 0 0.8
3 134786 1040 3711 1 1 1 0.8
3 85172 1044 1762 1 10 0 0.8
3 140969 1048 2934 1 1 1 0.8
3 168195 1062 3377 1 10 0 0.8
3 131025 1062 3123 1 1 1 0.8
3 115603 1065 3364 1 1 0 0.8
3 123478 1066 3164 1 10 1 0.8
3 99643 1067 2072 1 10 1 0.8
3 155010 1070 3733 1 10 0 0.8
3 168763 1070 4897 1 1 0 0.8
3 68349 1071 1773 1 1 1 0.8
3 113131 1071 2449 1 10 0 0.8
3 117754 1073 3001 1 50 0 0.8
3 116543 1076 3283 1 1 1 0.8
3 62339 1077 1372 1 1 1 0.8
3 124362 1080 3206 1 1 1 0.8
3 117848 1082 3515 1 10 1 0.8
3 113770 1085 3387 1 1 1 0.8
3 158788 1092 3297 1 10 0 0.8
3 84212 1093 1984 1 1 0 0.8
3 61148 1096 1288 1 10 0 0.8
3 83263 1097 1821 1 1 1 0.8
3 163782 1097 3966 1 1 0 0.8
3 165230 1098 3981 1 10 1 0.8
3 69210 1103 1926 1 1 1 0.8
3 90924 1103 2408 1 1 1 0.8
3 81589 1113 2142 1 1 1 0.8
3 133110 1113 3801 1 10 1 0.8
3 119097 1119 3273 1 1 1 0.8
3 96405 1120 2052 1 1 0 0.8
3 91342 1125 2441 1 1 0 0.8
3 77107 1133 2081 1 50 1 0.8
3 72178 1133 1729 1 1 0 0.8
3 74637 1138 1945 1 1 0 0.8
3 140813 1145 3339 1 1 1 0.8
3 133881 1147 3081 1 1 1 0.8
3 103008 1148 2793 1 50 1 0.8
3 120075 1152 2674 1 1 1 0.8
3 174359 1156 3542 1 1 0 0.8
3 74502 1159 1653 1 1 0 0.8
3 145650 1161 4322 1 1 0 0.8
3 159592 1162 4244 1 10 1 0.8
3 117999 1162 2815 1 1 1 0.8
3 143125 1165 3243 1 1 0 0.8
3 92146 1166 2614 1 1 0 0.8
3 174419 1166 4628 1 1 1 0.8
3 89004 1169 1789 1 10 1 0.8
3 65181 1171 1415 1 50 0 0.8
3 149001 1173 3454 1 10 1 0.8
3 62882 1178 1845 1 1 1 0.8
3 106834 1178 2337 1 1 0 0.8
3 116435 1179 2987 1 10 1 0.8
3 133268 1179 2863 1 1 1 0.8
3 130351 1180 3896 1 1 1 0.8
3 154537 1181 3612 1 50 0 0.8
3 107743 1181 2558 1 50 0 0.8
3 157896 1184 4693 1 1 0 0.8
3 75449 1186 1549 1 1 1 0.8
3 106814 1191 2852 1 10 1 0.8
3 107726 1192 2758 1 1 1 0.8
3 147107 1192 3100 1 1 1 0.8
3 71365 1195 1601 1 10 1 0.8
3 151404 1200 3633 1 1 0 0.8
3 85060 1204 2011 1 1 0 0.8
3 164109 1207 3567 1 1 0 0.8
3 93429 1209 2413 1 10 1 0.8
3 176027 1215 3702 1 1 1 0.8
3 170017 1220 4171 1 1 1 0.8
3 145149 1224 4117 1 50 0 0.8
3 60765 1230 1664 1 1 1 0.8
3 140523 1237 4165 1 1 0 0.8
3 116257 1237 2728 1 1 1 0.8
3 85639 1238 1765 1 1 1 0.8
3 161173 1239 3324 1 1 1 0.8
3 97310 1243 2281 1 1 1 0.8
3 125366 1243 3047 1 50 0 0.8
3 109924 1248 2865 1 1 0 0.8
3 152533 1249 4071 1 1 0 0.8
3 159359 1249 3245 1 1 0 0.8
3 75589 1250 2156 1 10 1 0.8
3 107869 1254 2195 1 1 0 0.8
3 63746 1255 1806 1 50 0 0.8
3 163135 1255 3657 1 10 1 0.8
3 159526 1257 4405 1 10 0 0.8
3 177141 1259 3624 1 1 0 0.8
3 163136 1259 3494 1 1 0 0.8
3 96901 1261 2155 1 10 0 0.8
3 68684 1265 1537 1 10 1 0.8
3 168873 1267 3815 1 1 1 0.8
3 112553 1269 2538 1 50 0 0.8
3 105115 1269 2987 1 10 1 0.8
3 125425 1270 3685 1 1 1 0.8
3 140297 1276 3567 1 50 0 0.8
3 60425 1276 1466 1 10 0 0.8
3 65129 1278 1552 1 10 1 0.8
3 176367 1281 5268 1 10 0 0.8
3 110784 1286 3159 1 50 0 0.8
3 169023 1286 4733 1 1 1 0.8
3 84694 1288 2358 1 10 0 0.8
3 98979 1290 2576 1 1 0 0.8
3 160040 1295 3934 1 1 0 0.8
3 91931 1297 2613 1 1 1 0.8
3 121937 1300 3030 1 1 0 0.8
3 60531 1301 1610 1 1 1 0.8
3 94519 1302 2503 1 1 1 0.8
3 159796 1304 3199 1 1 1 0.8
3 99618 1304 2973 1 1 0 0.8
3 149978 1306 4143 1 1 1 0.8
3 164905 1310 3621 1 1 0 0.8
3 72462 1312 2017 1 10 1 0.8
3 94525 1313 2077 1 50 1 0.8
3 137401 1314 3456 1 10 1 0.8
3 60312 1314 1569 1 1 1 0.8
3 129508 1316 3003 1 1 0 0.8
3 68123 1316 1786 1 1 0 0.8
3 162436 1321 4569 1 10 1 0.8
3 172303 1324 5099 1 1 0 0.8
3 163073 1330 3527 1 50 0 0.8
3 138536 1332 3137 1 1 1 0.8
3 77333 1334 2205 1 10 1 0.8
3 128075 1339 3265 1 1 0 0.8
3 145056 1341 3388 1 1 1 0.8
3 92975 1348 2607 1 10 1 0.8
3 101450 1349 3034 1 1 1 0.8
3 70363 1349 1519 1 50 1 0.8
3 169426 1358 3480 1 50 1 0.8
3 127205 1365 2626 1 10 1 0.8
3 147353 1366 3841 1 10 0 0.8
3 124253 1367 2775 1 1 1 0.8
3 133955 1374 3421 1 50 1 0.8
3 77791 1375 2105 1 1 1 0.8
3 157798 1375 4420 1 50 0 0.8
3 108012 1384 2289 1 1 1 0.8
3 129939 1387 2885 1 1 0 0.8
3 86848 1387 2346 1 1 1 0.8
3 165805 1387 3621 1 1 1 0.8
3 85423 1390 1876 1 1 1 0.8
3 129994 1392 3740 1 50 0 0.8
3 147101 1392 3016 1 1 0 0.8
3 66475 1394 1796 1 10 1 0.8
3 118846 1395 3553 1 1 1 0.8
3 100332 1400 2213 1 1 1 0.8
3 179933 1401 4546 1 10 0 0.8
3 146142 1403 3030 1 10 1 0.8
3 145964 1404 4124 1 1 1 0.8
3 69665 1409 1971 1 1 0 0.8
3 152394 1409 3752 1 1 0 0.8
3 105807 1413 2936 1 1 0 0.8
3 155603 1415 4398 1 1 1 0.8
3 121716 1419 3254 1 10 1 0.8
3 121804 1420 3629 1 1 0 0.8
3 117583 1421 3154 1 10 0 0.8
3 177051 1422 4984 1 1 1 0.8
3 74471 1438 1652 1 1 0 0.8
3 148332 1440 4320 1 1 0 0.8
3 156643 1441 3945 1 10 1 0.8
3 81201 1443 1908 1 1 0 0.8
3 162827 1445 3981 1 10 0 0.8
3 119166 1446 2616 1 50 1 0.8
3 122087 1451 2586 1 1 0 0.8
3 75019 1451 1918 1 1 1 0.8
3 117574 1452 2511 1 10 0 0.8
3 124270 1453 3412 1 1 0 0.8
3 162887 1456 3987 1 10 0 0.8
3 151531 1456 4166 1 10 0 0.8
3 110753 1459 2273 1 10 0 0.8
3 69482 1459 1924 1 1 0 0.8
3 92678 1463 2502 1 10 1 0.8
3 106704 1464 2722 1 1 0 0.8
3 158790 1465 3512 1 1 0 0.8
3 128840 1474 2600 1 1 0 0.8
3 173034 1474 3906 1 1 1 0.8
3 102435 1474 2837 1 10 0 0.8
3 153948 1475 3125 1 1 1 0.8
3 179166 1477 4692 1 50 1 0.8
3 124768 1477 3234 1 1 1 0.8
3 66936 1478 1943 1 1 0 0.8
3 170719 1484 3611 1 1 0 0.8
3 145374 1488 3286 1 1 1 0.8
3 89033 1493 2171 1 1 0 0.8
3 102766 1494 3039 1 1 1 0.8
3 149587 1495 3201 1 10 0 0.8
3 104730 1496 2402 1 1 0 0.8
3 154510 1497 3725 1 1 0 0.8
3 148667 1502 4357 1 1 0 0.8
3 132210 1503 3750 1 50 1 0.8
3 110490 1506 3223 1 1 0 0.8
3 97399 1508 2392 1 10 0 0.8
3 66299 1512 1880 1 10 0 0.8
3 80963 1513 1633 1 10 1 0.8
3 94818 1520 2441 1 1 0 0.8
3 123598 1524 2715 1 1 1 0.8
3 177523 1525 3740 1 1 0 0.8
3 118825 1530 2965 1 1 1 0.8
3 91290 1531 1967 1 1 1 0.8
3 161038 1534 3328 1 1 1 0.8
3 132520 1536 3304 1 1 1 0.8
3 144352 1537 3812 1 50 1 0.8
3 79745 1539 1978 1 1 0 0.8
3 96109 1540 2548 1 1 1 0.8
3 163535 1548 3476 1 10 1 0.8
3 89547 1550 2228 1 10 0 0.8
3 99386 1552 2552 1 1 1 0.8
3 142826 1554 4152 1 1 0 0.8
3 107537 1555 2790 1 1 1 0.8
3 92876 1556 2594 1 1 1 0.8
3 89202 1559 1905 1 1 0 0.8
3 74298 1563 1976 1 1 1 0.8
3 149440 1564 4136 1 1 0 0.8
3 157354 1565 4080 1 1 1 0.8
3 81805 1565 1894 1 1 0 0.8
3 152025 1565 3660 1 1 0 0.8
3 125588 1566 3185 1 10 1 0.8
3 86853 1567 2389 1 1 0 0.8
3 136961 1577 3107 1 1 0 0.8
3 135749 1579 2765 1 1 0 0.8
3 144671 1582 3915 1 10 1 0.8
3 106103 1584 2443 1 1 0 0.8
3 179757 1587 3737 1 1 0 0.8
3 142535 1587 3159 1 1 0 0.8
3 99969 1588 2088 1 1 1 0.8
3 97333 1597 2277 1 1 0 0.8
3 166266 1597 4553 1 1 1 0.8
3 176620 1600 4144 1 1 1 0.8
3 145209 1607 2952 1 1 1 0.8
3 168036 1608 3403 1 50 1 0.8
3 93149 1614 2007 1 1 1 0.8
3 111055 1619 3183 1 1 0 0.8
3 77043 1620 2278 1 10 1 0.8
3 127247 1626 2726 1 10 0 0.8
3 173933 1631 3520 1 1 0 0.8
3 130921 1635 3556 1 10 1 0.8
3 71550 1637 1785 1 10 0 0.8
3 143260 1641 3856 1 10 0 0.8
3 121991 1642 3200 1 1 1 0.8
3 176387 1644 4311 1 10 1 0.8
3 152791 1647 3671 1 50 1 0.8
3 108958 1655 2348 1 50 1 0.8
3 64062 1656 1630 1 10 0 0.8
3 73536 1658 1774 1 1 1 0.8
3 80753 1658 2363 1 50 0 0.8
3 89230 1664 2088 1 50 1 0.8
3 125494 1666 3455 1 1 0 0.8
3 160387 1669 4665 1 10 0 0.8
3 178958 1671 4592 1 50 0 0.8
3 155677 1672 3574 1 1 1 0.8
3 165523 1673 4109 1 1 1 0.8
3 79226 1677 1776 1 1 1 0.8
3 124095 1677 3493 1 50 1 0.8
3 100035 1679 2151 1 10 0 0.8
3 141638 1681 2935 1 1 0 0.8
3 153706 1682 4046 1 1 1 0.8
3 128506 1689 3174 1 1 1 0.8
3 86269 1690 2488 1 1 0 0.8
3 147226 1691 3616 1 1 0 0.8
3 115668 1693 2327 1 10 1 0.8
3 115237 1694 2322 1 1 0 0.8
3 131633 1695 3336 1 1 0 0.8
3 98247 1696 2942 1 10 1 0.8
3 154384 1697 4288 1 1 1 0.8
3 178245 1698 4903 1 10 0 0.8
3 79657 1702 2354 1 1 1 0.8
3 91474 1703 2683 1 1 0 0.8
3 92749 1703 2530 1 1 0 0.8
3 60057 1704 1715 1 50 0 0.8
3 80205 1707 1700 1 1 0 0.8
3 157822 1708 4673 1 1 1 0.8
3 175714 1711 3536 1 50 0 0.8
3 89552 1712 2271 1 10 0 0.8
3 152185 1718 3958 1 10 1 0.8
3 165893 1719 4536 1 50 0 0.8
3 99382 1720 2613 1 10 1 0.8
3 67942 1722 1750 1 10 0 0.8
3 90321 1724 2521 1 1 1 0.8
3 114017 1728 3018 1 10 1 0.8
3 144785 1730 4114 1 1 1 0.8
3 166242 1731 4821 1 50 1 0.8
3 118372 1731 3346 1 10 0 0.8
3 175273 1731 4929 1 10 0 0.8
3 135781 1734 3779 1 10 0 0.8
3 164490 1734 4066 1 10 0 0.8
3 113168 1734 2935 1 1 1 0.8
3 72184 1746 1455 1 10 0 0.8
3 171744 1747 3750 1 1 0 0.8
3 118090 1749 3017 1 1 1 0.8
3 163615 1755 4392 1 1 0 0.8
3 173228 1757 4851 1 1 1 0.8
3 78818 1760 1613 1 1 1 0.8
3 106621 1760 2415 1 10 1 0.8
3 76840 1762 1544 1 1 1 0.8
3 62782 1765 1761 1 1 1 0.8
3 63056 1768 1790 1 10 1 0.8
3 122472 1769 2505 1 10 0 0.8
3 152803 1773 4064 1 1 1 0.8
3 101165 1775 2872 1 1 1 0.8
3 107971 1776 2680 1 1 0 0.8
3 95648 1779 2636 1 1 0 0.8
3 165266 1781 4363 1 1 0 0.8
3 149028 1791 3102 1 10 0 0.8
3 164522 1794 4382 1 10 1 0.8
3 136218 1795 2979 1 1 1 0.8
3 150565 1796 4435 1 50 0 0.8
3 61771 1799 1761 1 10 1 0.8
3 93110 1803 2283 1 1 1 0.8
3 132139 1805 3749 1 1 1 0.8
3 111120 1806 2934 1 1 1 0.8
3 150339 1822 3014 1 10 0 0.8
3 101072 1823 2769 1 50 0 0.8
3 68213 1825 1995 1 1 0 0.8
3 164421 1830 3574 1 10 0 0.8
3 94931 1835 2156 1 1 0 0.8
3 105085 1839 2945 1 10 0 0.8
3 143583 1840 4093 1 1 0 0.8
3 141859 1842 2902 1 1 0 0.8
3 152069 1844 4184 1 1 0 0.8
3 114010 1845 2332 1 50 0 0.8
3 143306 1849 4284 1 1 1 0.8
3 121898 1850 2568 1 1 0 0.8
3 83422 1853 1791 1 1 1 0.8
3 127065 1855 2603 1 10 0 0.8
3 124011 1859 3460 1 50 1 0.8
3 114463 1866 2655 1 10 0 0.8
3 110860 1866 2480 1 1 1 0.8
3 162654 1868 3727 1 1 0 0.8
3 140361 1876 3171 1 1 1 0.8
3 66008 1879 1877 1 1 0 0.8
3 169066 1885 4609 1 1 1 0.8
3 124612 1886 3711 1 50 1 0.8
3 104423 1889 2964 1 1 1 0.8
3 78530 1891 2249 1 1 1 0.8
3 96969 1896 2451 1 1 1 0.8
3 89460 1898 2086 1 1 0 0.8
3 92307 1899 2099 1 1 0 0.8
3 170712 1900 3767 1 10 1 0.8
3 102264 1903 2411 1 50 1 0.8
3 61880 1905 1249 1 1 1 0.8
3 108680 1908 2966 1 1 1 0.8
3 90994 1910 2399 1 1 1 0.8
3 108276 1912 2530 1 1 0 0.8
3 97403 1916 2875 1 10 0 0.8
3 170516 1918 4518 1 1 0 0.8
3 154134 1919 4152 1 1 1 0.8
3 128729 1919 2994 1 10 1 0.8
3 179937 1922 3991 1 10 0 0.8
3 88070 1922 2336 1 1 1 0.8
3 93503 1922 2236 1 10 0 0.8
3 148076 1929 3120 1 1 0 0.8
3 91076 1933 2648 1 1 0 0.8
3 117504 1935 2631 1 50 1 0.8
3 148154 1937 4034 1 10 1 0.8
3 125123 1939 3663 1 10 0 0.8
3 72807 1940 1548 1 1 1 0.8
3 65139 1941 1452 1 1 1 0.8
3 74055 1943 1657 1 50 0 0.8
3 73285 1943 1579 1 1 0 0.8
3 88067 1944 2419 1 1 0 0.8
3 69574 1949 1677 1 1 1 0.8
3 153024 1955 3402 1 1 0 0.8
3 116818 1961 2376 1 1 0 0.8
3 109872 1961 3069 1 1 1 0.8
3 110737 1963 3136 1 10 0 0.8
3 132529 1966 3028 1 10 0 0.8
3 66081 1966 1791 1 50 1 0.8
3 154674 1984 3442 1 1 1 0.8
3 87964 1986 2196 1 1 0 0.8
3 90002 1992 2304 1 1 1 0.8
3 72151 1993 2075 1 50 1 0.8
3 98908 1994 2836 1 1 0 0.8
3 157348 1994 3981 1 10 1 0.8
3 116152 1995 2986 1 50 0 0.8
3 87768 1996 2555 1 10 0 0.8
3 148592 2003 3334 1 1 1 0.8
3 178639 2004 4547 1 1 0 0.8
3 135963 2007 2845 1 50 0 0.8
3 100903 2008 2102 1 1 1 0.8
3 158182 2008 4701 1 1 0 0.8
3 133141 2011 2877 1 10 1 0.8
3 138520 2015 3307 1 10 1 0.8
3 64875 2016 1699 1 1 0 0.8
3 163714 2016 3635 1 1 1 0.8
3 82215 2022 2236 1 1 0 0.8
3 124169 2022 3086 1 1 1 0.8
3 110433 2023 2547 1 50 1 0.8
3 113656 2023 2393 1 10 1 0.8
3 175605 2032 4109 1 1 1 0.8
3 157660 2033 3497 1 1 1 0.8
3 82318 2034 2053 1 1 0 0.8
3 157453 2034 4630 1 50 0 0.8
3 176162 2036 4354 1 1 0 0.8
3 109911 2037 3113 1 1 0 0.8
3 115748 2040 2953 1 1 0 0.8
3 76074 2041 2122 1 1 0 0.8
3 109179 2043 2815 1 1 0 0.8
3 116256 2043 2371 1 10 1 0.8
3 63112 2044 1645 1 10 1 0.8
3 169865 2044 4326 1 1 1 0.8
3 97743 2045 2197 1 1 1 0.8
3 137456 2048 3723 1 50 0 0.8
3 80455 2055 2010 1 10 1 0.8
3 158306 2057 4549 1 1 0 0.8
3 122332 2058 3004 1 10 1 0.8
3 127049 2060 3561 1 50 1 0.8
3 151521 2060 4136 1 1 0 0.8
3 85996 2065 2374 1 1 1 0.8
3 82856 2066 2376 1 1 1 0.8
3 78708 2072 2163 1 1 1 0.8
3 155431 2073 4480 1 1 1 0.8
3 70635 2074 1948 1 1 1 0.8
3 62314 2079 1793 1 1 0 0.8
3 131671 2082 2774 1 1 0 0.8
3 100424 2086 2316 1 10 1 0.8
3 125480 2086 3652 1 1 0 0.8
3 111572 2090 3188 1 1 0 0.8
3 152752 2091 4168 1 1 1 0.8
3 85079 2091 2167 1 50 0 0.8
3 86192 2093 2184 1 1 1 0.8
3 94224 2095 2364 1 1 0 0.8
3 121107 2098 2895 1 1 0 0.8
3 68994 2106 1496 1 10 0 0.8
3 74742 2107 1590 1 10 1 0.8
3 94434 2107 2282 1 50 1 0.8
3 130032 2111 2854 1 1 0 0.8
3 175525 2111 4944 1 1 1 0.8
3 153044 2112 3148 1 10 0 0.8
3 166208 2114 4150 1 1 0 0.8
3 143243 2114 3677 1 1 0 0.8
3 160365 2117 4378 1 1 1 0.8
3 90642 2119 2666 1 1 0 0.8
3 176706 2132 4313 1 1 0 0.8
3 161425 2132 4469 1 1 1 0.8
3 89463 2133 2577 1 50 1 0.8
3 116968 2133 3466 1 1 1 0.8
3 94507 2135 2168 1 10 1 0.8
3 91854 2137 2116 1 1 0 0.8
3 167750 2139 4077 1 1 0 0.8
3 175119 2139 4453 1 10 0 0.8
3 152362 2139 3502 1 1 1 0.8
3 123826 2142 2984 1 1 0 0.8
3 142654 2143 3985 1 1 1 0.8
3 63183 2144 1728 1 10 1 0.8
3 104136 2150 2295 1 1 1 0.8
3 78611 2151 2119 1 10 1 0.8
3 160470 2152 4127 1 1 0 0.8
3 123801 2153 2696 1 1 0 0.8
3 177120 2160 4643 1 1 1 0.8
3 70524 2166 1914 1 1 1 0.8
3 63816 2167 1773 1 10 1 0.8
3 105526 2175 2122 1 1 0 0.8
3 105964 2175 2457 1 10 1 0.8
3 161447 2177 3367 1 50 0 0.8
3 73256 2177 1498 1 10 1 0.8
3 127649 2180 3812 1 50 1 0.8
3 127057 2180 2848 1 1 1 0.8
3 63312 2181 1818 1 1 0 0.8
3 67182 2181 1858 1 1 0 0.8
3 87511 2185 1847 1 10 0 0.8
3 85915 2192 1985 1 1 0 0.8
3 72988 2193 1849 1 1 0 0.8
3 86960 2193 2012 1 1 0 0.8
3 168782 2197 3876 1 1 0 0.8
3 101878 2206 2513 1 10 0 0.8
3 145252 2206 3732 1 10 1 0.8
3 89060 2213 1954 1 10 1 0.8
3 118139 2214 2472 1 1 1 0.8
3 117310 2215 2762 1 10 0 0.8
3 159924 2221 3864 1 10 0 0.8
3 176987 2221 4849 1 1 1 0.8
3 169817 2240 3974 1 10 1 0.8
3 95843 2240 1997 1 1 0 0.8
3 132744 2241 3978 1 1 1 0.8
3 115818 2250 3415 1 1 0 0.8
3 158312 2254 3824 1 1 0 0.8
3 94108 2255 2649 1 1 1 0.8
3 162341 2258 4342 1 50 0 0.8
3 176696 2258 4502 1 10 0 0.8
3 64588 2260 1864 1 1 0 0.8
3 120808 2260 3525 1 1 1 0.8
3 63021 2263 1673 1 1 0 0.8
3 93327 2266 2297 1 50 1 0.8
3 63621 2266 1337 1 1 0 0.8
3 139470 2268 3455 1 10 1 0.8
3 112136 2270 3199 1 1 0 0.8
3 162283 2274 4837 1 1 0 0.8
3 148797 2274 3883 1 1 0 0.8
3 170735 2274 3908 1 1 1 0.8
3 160068 2275 3996 1 10 0 0.8
3 85248 2276 2279 1 10 0 0.8
3 149968 2277 3608 1 50 0 0.8
3 112300 2279 2942 1 1 0 0.8
3 172544 2281 4539 1 10 0 0.8
3 66277 2284 1376 1 10 1 0.8
3 133865 2285 3778 1 1 1 0.8
3 172687 2285 4131 1 10 1 0.8
3 158017 2290 3568 1 10 0 0.8
3 78380 2297 2025 1 1 0 0.8
3 125059 2300 3609 1 1 1 0.8
3 152808 2304 4429 1 10 0 0.8
3 114940 2306 3294 1 10 1 0.8
3 143010 2312 3492 1 50 0 0.8
3 163032 2323 4639 1 1 0 0.8
3 173577 2327 4230 1 1 0 0.8
3 102735 2328 2366 1 1 1 0.8
3 103590 2332 2215 1 1 1 0.8
3 116564 2337 3255 1 1 1 0.8
3 96232 2343 2182 1 50 0 0.8
3 80897 2343 2218 1 1 1 0.8
3 87266 2344 2391 1 10 0 0.8
3 154247 2352 4519 1 1 0 0.8
3 64286 2352 1634 1 1 1 0.8
3 63278 2356 1766 1 1 0 0.8
3 62323 2356 1659 1 1 0 0.8
3 111075 2359 2863 1 1 0 0.8
3 130274 2367 3859 1 1 0 0.8
3 164887 2369 4356 1 1 0 0.8
3 139832 2370 3610 1 1 1 0.8
3 147410 2370 3622 1 1 0 0.8
3 168040 2373 4510 1 1 0 0.8
3 97286 2373 2864 1 1 1 0.8
3 108558 2376 2776 1 50 1 0.8
3 126937 2377 2667 1 1 1 0.8
3 167356 2378 4681 1 1 1 0.8
3 83601 2380 2280 1 1 1 0.8
3 159421 2383 4081 1 1 1 0.8
3 126547 2393 3706 1 1 1 0.8
3 100903 2396 2115 1 1 0 0.8
3 159723 2403 3405 1 1 1 0.8
3 138081 2404 3118 1 1 0 0.8
3 125191 2413 3313 1 1 0 0.8
3 160428 2414 3769 1 10 0 0.8
3 80840 2417 1897 1 1 0 0.8
3 70069 2419 1846 1 1 1 0.8
3 96768 2420 2106 1 10 0 0.8
3 159436 2421 4218 1 10 1 0.8
3 100515 2426 2862 1 1 0 0.8
3 73677 2432 2067 1 1 0 0.8
3 90225 2435 2530 1 1 0 0.8
3 169639 2438 3706 1 10 0 0.8
3 154126 2440 3827 1 1 0 0.8
3 170554 2441 3869 1 1 0 0.8
3 170465 2442 4485 1 1 0 0.8
3 121936 2445 2894 1 1 0 0.8
3 150323 2446 3415 1 1 1 0.8
3 168398 2447 4999 1 10 0 0.8
3 120687 2456 2771 1 10 1 0.8
3 93194 2457 2726 1 50 1 0.8
3 73259 2469 1511 1 1 0 0.8
3 175248 2478 3696 1 1 1 0.8
3 177588 2485 4829 1 1 1 0.8
3 148919 2489 3537 1 1 1 0.8
3 75955 2493 2119 1 10 1 0.8
3 90636 2493 1897 1 50 1 0.8
3 122094 2494 2996 1 1 0 0.8
3 129877 2496 3432 1 10 0 0.8
3 153899 2499 3249 1 10 0 0.8
3 62376 2499 1815 1 50 0 0.8
3 91986 2500 2650 1 10 1 0.8
3 83248 2510 2172 1 10 0 0.8
3 129972 2514 3825 1 1 0 0.8
3 149107 2515 2999 1 50 0 0.8
3 168468 2515 4936 1 1 0 0.8
3 64081 2518 1510 1 1 0 0.8
3 132689 2520 3298 1 10 1 0.8
3 134117 2525 3345 1 1 1 0.8
3 76011 2527 1995 1 1 0 0.8
3 175205 2529 5051 1 1 0 0.8
3 115413 2529 2559 1 1 0 0.8
3 75853 2533 1672 1 1 1 0.8
3 127832 2534 3767 1 10 0 0.8
3 64209 2535 1434 1 1 0 0.8
3 122032 2544 2906 1 10 0 0.8
3 172721 2545 5138 1 10 1 0.8
3 158628 2545 4723 1 10 0 0.8
3 60679 2545 1385 1 1 1 0.8
3 140519 2546 3813 1 1 0 0.8
3 175304 2548 4559 1 1 0 0.8
3 143810 2552 3232 1 1 0 0.8
3 175917 2553 4176 1 10 1 0.8
3 170680 2554 4221 1 1 1 0.8
3 91640 2557 2568 1 50 1 0.8
3 152493 2558 4382 1 1 0 0.8
3 68685 2560 1475 1 1 0 0.8
3 166496 2567 4924 1 10 1 0.8
3 175906 2568 4020 1 10 0 0.8
3 120986 2568 3385 1 1 1 0.8
3 125296 2575 3291 1 1 0 0.8
3 120732 2579 3195 1 1 1 0.8
3 178109 2586 5244 1 1 0 0.8
3 84726 2587 2273 1 1 0 0.8
3 120515 2591 3112 1 50 1 0.8
3 147317 2593 3456 1 1 1 0.8
3 158201 2593 4742 1 1 0 0.8
3 131281 2594 3123 1 1 0 0.8
3 67476 2602 1981 1 10 0 0.8
3 177369 2603 4805 1 50 1 0.8
3 110370 2606 2417 1 1 0 0.8
3 145921 2606 4202 1 1 1 0.8
3 144617 2607 3199 1 1 0 0.8
3 78183 2609 1783 1 1 1 0.8
3 146952 2611 3445 1 10 0 0.8
3 164831 2617 4485 1 10 1 0.8
3 105408 2618 2425 1 1 0 0.8
3 112828 2618 2797 1 1 1 0.8
3 106873 2619 2712 1 1 0 0.8
3 143051 2620 3128 1 1 0 0.8
3 118227 2622 2569 1 50 1 0.8
3 138236 2627 3813 1 10 0 0.8
3 69365 2631 1402 1 50 0 0.8
3 101328 2633 2981 1 1 0 0.8
3 141666 2637 3791 1 1 0 0.8
3 74036 2638 1898 1 10 1 0.8
3 73752 2639 2028 1 1 0 0.8
3 74372 2640 1732 1 10 0 0.8
3 82189 2641 1908 1 1 1 0.8
3 158160 2650 3661 1 1 1 0.8
3 82822 2652 1961 1 10 1 0.8
3 166447 2653 3572 1 10 1 0.8
3 175234 2653 4627 1 1 0 0.8
3 70482 2656 2029 1 1 1 0.8
3 152022 2656 3126 1 10 0 0.8
3 63815 2657 1509 1 1 1 0.8
3 110960 2661 3019 1 10 0 0.8
3 77515 2661 1689 1 10 0 0.8
3 86912 2661 1899 1 1 0 0.8
3 115801 2665 2677 1 10 1 0.8
3 163120 2668 3813 1 1 1 0.8
3 63407 2670 1500 1 1 0 0.8
3 149231 2671 3425 1 1 0 0.8
3 110591 2675 2886 1 1 0 0.8
3 114019 2675 2990 1 1 1 0.8
3 90236 2678 2458 1 1 1 0.8
3 84492 2679 1928 1 10 0 0.8
3 140201 2681 3962 1 1 0 0.8
3 126232 2686 2877 1 1 0 0.8
3 62788 2688 1619 1 10 1 0.8
3 176259 2689 5112 1 10 0 0.8
3 125204 2692 3304 1 1 0 0.8
3 171117 2693 4346 1 10 1 0.8
3 175492 2697 5164 1 10 1 0.8
3 81537 2701 2100 1 10 1 0.8
3 156806 2707 4320 1 10 0 0.8
3 174118 2710 4122 1 1 1 0.8
3 162185 2711 3472 1 1 1 0.8
3 151767 2712 3339 1 1 0 0.8
3 114953 2713 2357 1 10 1 0.8
3 146115 2715 3304 1 1 0 0.8
3 155423 2720 4593 1 1 0 0.8
3 79277 2724 2188 1 10 0 0.8
3 68772 2725 2040 1 1 0 0.8
3 130951 2726 2979 1 1 0 0.8
3 79214 2726 2258 1 50 0 0.8
3 88822 2730 2109 1 1 1 0.8
3 104471 2731 2136 1 1 1 0.8
3 136585 2736 2937 1 1 0 0.8
3 65375 2736 1691 1 1 0 0.8
3 112038 2738 2746 1 1 1 0.8
3 80970 2742 2053 1 1 1 0.8
3 113225 2744 2472 1 1 0 0.8
3 111852 2745 2377 1 10 1 0.8
3 138698 2748 2815 1 1 1 0.8
3 115531 2748 3304 1 10 1 0.8
3 113061 2753 2507 1 1 0 0.8
3 120579 2759 3430 1 1 1 0.8
3 68982 2762 1972 1 1 0 0.8
3 163217 2762 4219 1 1 0 0.8
3 134489 2765 2902 1 1 0 0.8
3 60868 2765 1520 1 1 0 0.8
3 144609 2765 4328 1 1 1 0.8
3 84109 2769 2199 1 1 0 0.8
3 175704 2771 4519 1 10 1 0.8
3 120062 2780 3121 1 1 0 0.8
3 132040 2788 3931 1 10 0 0.8
3 179464 2790 4120 1 1 0 0.8
3 101659 2790 3015 1 1 1 0.8
3 138623 2794 3571 1 1 1 0.8
3 150465 2796 4443 1 1 0 0.8
3 71848 2798 1813 1 10 1 0.8
3 115613 2798 2800 1 10 0 0.8
3 162495 2802 4217 1 10 0 0.8
3 158447 2803 3955 1 1 0 0.8
3 90164 2804 1830 1 10 1 0.8
3 90231 2808 2150 1 1 0 0.8
3 137061 2808 3002 1 1 1 0.8
3 145654 2810 3663 1 10 1 0.8
3 167875 2810 3742 1 1 0 0.8
3 112106 2812 2582 1 1 0 0.8
3 178876 2813 5290 1 1 1 0.8
3 93715 2815 2687 1 1 0 0.8
3 79957 2816 2383 1 10 1 0.8
3 145226 2820 3127 1 1 0 0.8
3 112127 2824 3080 1 50 1 0.8
3 120144 2826 3411 1 1 0 0.8
3 177857 2827 4804 1 1 0 0.8
3 69238 2830 1664 1 50 1 0.8
3 174776 2831 4751 1 10 1 0.8
3 90169 2831 2073 1 50 1 0.8
3 177316 2833 4635 1 50 1 0.8
3 149417 2835 3378 1 1 0 0.8
3 149663 2837 3480 1 1 0 0.8
3 131391 2837 2809 1 1 1 0.8
3 169561 2840 4141 1 10 1 0.8
3 99779 2842 2023 1 1 0 0.8
3 170656 2844 3864 1 10 0 0.8
3 92965 2845 2475 1 1 1 0.8
3 121449 2848 2636 1 1 1 0.8
3 98159 2848 2717 1 1 1 0.8
3 117313 2848 3195 1 1 1 0.8
3 88635 2850 2514 1 1 0 0.8
3 126434 2850 3578 1 10 0 0.8
3 61522 2850 1723 1 10 0 0.8
3 123653 2851 3537 1 1 1 0.8
3 83746 2855 2304 1 10 1 0.8
3 144620 2858 3456 1 10 1 0.8
3 80891 2858 1820 1 1 1 0.8
3 95975 2862 2728 1 1 1 0.8
3 119093 2863 3332 1 1 1 0.8
3 102136 2864 2794 1 50 1 0.8
3 140616 2868 2867 1 10 0 0.8
3 163740 2871 3931 1 10 1 0.8
3 146272 2871 2947 1 10 1 0.8
3 73162 2877 2164 1 1 0 0.8
3 171204 2878 5011 1 1 1 0.8
3 95905 2881 2602 1 1 0 0.8
3 152268 2882 3085 1 1 0 0.8
3 88784 2882 1849 1 1 0 0.8
3 131844 2883 3291 1 10 1 0.8
3 157810 2890 4218 1 1 1 0.8
3 153540 2890 4274 1 10 0 0.8
3 101106 2893 2914 1 1 1 0.8
3 76237 2897 2165 1 10 1 0.8
3 61565 2902 1397 1 10 0 0.8
3 65125 2904 1688 1 1 0 0.8
3 122016 2906 3557 1 50 1 0.8
3 166892 2908 4051 1 10 1 0.8
3 161672 2913 4355 1 10 0 0.8
3 74331 2920 1490 1 10 0 0.8
3 153897 2922 3257 1 10 1 0.8
3 166995 2924 4899 1 10 0 0.8
3 71062 2932 2083 1 10 0 0.8
3 66195 2938 1442 1 10 1 0.8
3 128062 2950 3704 1 1 0 0.8
3 102293 2952 2391 1 1 1 0.8
3 69447 2952 1906 1 10 0 0.8
3 131272 2953 3688 1 1 1 0.8
3 120688 2955 3341 1 10 0 0.8
3 170479 2956 4378 1 10 0 0.8
3 80433 2959 2112 1 1 0 0.8
3 90316 2960 2555 1 10 0 0.8
3 135646 2960 3581 1 10 1 0.8
3 63394 2966 1424 1 10 1 0.8
3 128700 2967 2645 1 10 0 0.8
3 145464 2979 3895 1 10 0 0.8
3 159829 2981 3634 1 10 0 0.8
3 148055 2982 3146 1 1 0 0.8
3 79134 2986 1622 1 10 0 0.8
3 125603 2992 3087 1 1 1 0.8
3 97552 2993 2465 1 1 1 0.8
3 179656 2995 3813 1 10 0 0.8
3 97189 2999 2848 1 1 1 0.8
3 98059 2999 2574 1 1 0 0.8
3 134706 3000 3781 1 1 1 0.8
3 173280 3001 5037 1 1 0 0.8
3 81458 3002 1734 1 1 1 0.8
3 148712 3003 3220 1 1 1 0.8
3 90909 3004 1843 1 1 1 0.8
3 138799 3006 3960 1 50 0 0.8
3 174560 3015 5193 1 1 0 0.8
3 98651 3022 2422 1 1 0 0.8
3 81005 3023 1865 1 10 1 0.8
3 114421 3024 3333 1 10 0 0.8
3 106628 3025 2963 1 10 0 0.8
3 109790 3026 2691 1 1 0 0.8
3 60536 3031 1768 1 1 0 0.8
3 127805 3032 3710 1 10 1 0.8
3 151716 3035 3353 1 1 1 0.8
3 141123 3036 3426 1 1 1 0.8
3 171483 3040 4025 1 1 1 0.8
3 98248 3042 2049 1 1 1 0.8
3 161215 3044 4198 1 1 1 0.8
3 137902 3045 3209 1 10 0 0.8
3 72847 3045 1681 1 10 1 0.8
3 151750 3046 4359 1 1 1 0.8
3 72887 3047 1959 1 50 0 0.8
3 141098 3051 3121 1 1 0 0.8
3 170798 3051 4834 1 1 1 0.8
3 164417 3053 4019 1 50 1 0.8
3 133921 3053 3617 1 1 0 0.8
3 140500 3057 3564 1 1 0 0.8
3 153663 3060 3132 1 1 1 0.8
3 86741 3063 2232 1 1 1 0.8
3 68379 3063 1715 1 50 0 0.8
3 74240 3065 1811 1 1 1 0.8
3 158672 3066 4638 1 1 1 0.8
3 156649 3067 3278 1 1 1 0.8
3 175193 3067 4449 1 10 1 0.8
3 96713 3071 2397 1 1 0 0.8
3 132422 3076 2890 1 1 1 0.8
3 93553 3077 2245 1 1 1 0.8
3 94246 3079 2802 1 10 1 0.8
3 94777 3079 2014 1 1 1 0.8
3 62627 3079 1505 1 10 0 0.8
3 89222 3081 1904 1 1 0 0.8
3 161086 3085 4416 1 10 1 0.8
3 161673 3087 4238 1 1 0 0.8
3 172749 3092 4585 1 10 0 0.8
3 71621 3092 1594 1 1 1 0.8
3 132747 3102 3907 1 1 0 0.8
3 65634 3103 1385 1 1 1 0.8
3 177374 3107 4569 1 1 0 0.8
3 169461 3111 4385 1 10 1 0.8
3 99742 3118 2142 1 1 1 0.8
3 163130 3123 3845 1 1 0 0.8
3 165143 3125 3348 1 10 1 0.8
3 73296 3126 1972 1 1 0 0.8
3 123522 3126 3234 1 1 0 0.8
3 60241 3127 1426 1 10 0 0.8
3 144920 3127 3623 1 10 1 0.8
3 63717 3132 1356 1 10 0 0.8
3 92176 3133 2622 1 10 1 0.8
3 87456 3137 2004 1 1 1 0.8
3 119367 3138 3408 1 1 0 0.8
3 86004 3139 2015 1 50 0 0.8
3 145488 3143 3945 1 1 1 0.8
3 112825 3145 2969 1 10 1 0.8
3 154615 3146 3757 1 1 0 0.8
3 117700 3149 2705 1 10 0 0.8
3 170902 3152 4419 1 1 0 0.8
3 163192 3154 4365 1 1 1 0.8
3 166201 3156 3940 1 10 1 0.8
3 112415 3157 2399 1 10 1 0.8
3 91357 3159 2549 1 1 0 0.8
3 152028 3161 3950 1 50 1 0.8
3 94408 3163 2115 1 1 1 0.8
3 87456 3165 2082 1 50 0 0.8
3 127564 3166 2566 1 1 1 0.8
3 132550 3166 3118 1 10 1 0.8
3 65212 3170 1669 1 1 0 0.8
3 85474 3172 2327 1 10 1 0.8
3 106726 3174 2182 1 1 0 0.8
3 166096 3174 4572 1 1 0 0.8
3 152618 3175 4022 1 10 1 0.8
3 161924 3176 4311 1 1 1 0.8
3 119621 3178 3176 1 1 0 0.8
3 84897 3180 2068 1 50 1 0.8
3 162875 3185 3277 1 1 0 0.8
3 132311 3187 3486 1 1 0 0.8
3 75024 3189 1723 1 10 0 0.8
3 76871 3193 1629 1 10 1 0.8
3 171566 3195 5106 1 1 1 0.8
3 120895 3201 2955 1 10 1 0.8
3 83825 3206 2231 1 10 1 0.8
3 169162 3206 3823 1 50 1 0.8
3 168660 3207 4324 1 10 1 0.8
3 125098 3213 2649 1 1 0 0.8
3 82230 3216 1943 1 1 0 0.8
3 136406 3217 2904 1 1 1 0.8
3 99490 3221 2391 1 10 1 0.8
3 128774 3221 3428 1 1 1 0.8
3 162799 3225 4578 1 1 1 0.8
3 64392 3226 1444 1 1 0 0.8
3 81190 3228 2180 1 50 0 0.8
3 102335 3228 2149 1 1 1 0.8
3 169214 3229 3622 1 10 0 0.8
3 174741 3230 3648 1 1 0 0.8
3 103168 3232 2429 1 1 0 0.8
3 99633 3233 2155 1 1 0 0.8
3 157182 3234 3302 1 1 1 0.8
3 172154 3236 4378 1 10 0 0.8
3 156197 3237 3643 1 10 0 0.8
3 74187 3238 2155 1 1 1 0.8
3 138861 3239 3138 1 1 0 0.8
3 136819 3241 3459 1 10 1 0.8
3 139937 3241 2845 1 1 0 0.8
3 143828 3251 3406 1 50 1 0.8
3 97813 3255 2092 1 1 1 0.8
3 65298 3255 1736 1 1 0 0.8
3 72658 3257 1715 1 10 0 0.8
3 78271 3261 2039 1 10 0 0.8
3 155451 3265 4279 1 1 0 0.8
3 96007 3266 2624 1 1 1 0.8
3 89526 3267 2331 1 10 1 0.8
3 80172 3269 1607 1 10 0 0.8
3 172270 3270 4800 1 1 1 0.8
3 67545 3270 1602 1 10 0 0.8
3 159904 3270 3663 1 1 0 0.8
3 175099 3271 4360 1 1 1 0.8
3 157974 3274 4186 1 10 0 0.8
3 87959 3276 1893 1 1 1 0.8
3 169875 3277 3872 1 1 0 0.8
3 118169 3278 3466 1 1 0 0.8
3 73644 3278 1618 1 1 1 0.8
3 159069 3279 4731 1 10 1 0.8
3 90297 3280 1837 1 1 1 0.8
3 64494 3282 1853 1 1 0 0.8
3 67438 3290 1407 1 1 0 0.8
3 149986 3295 3209 1 10 0 0.8
3 111467 3296 2783 1 1 1 0.8
3 71537 3300 1853 1 50 1 0.8
3 68686 3300 1633 1 10 0 0.8
3 82500 3300 1831 1 1 1 0.8
3 98246 3302 2241 1 1 0 0.8
3 75043 3304 2087 1 1 1 0.8
3 175488 3305 4604 1 1 0 0.8
3 86377 3307 2359 1 1 0 0.8
3 153178 3309 4315 1 1 0 0.8
3 89567 3314 2532 1 50 1 0.8
3 113413 3318 2982 1 50 0 0.8
3 160884 3319 3618 1 10 0 0.8
3 131973 3319 2979 1 1 0 0.8
3 116022 3323 3395 1 50 0 0.8
3 87453 3323 1935 1 1 0 0.8
3 100870 3326 2196 1 1 1 0.8
3 177814 3329 4004 1 1 0 0.8
3 104323 3335 2203 1 1 0 0.8
3 159945 3337 3946 1 1 0 0.8
3 111105 3338 2626 1 1 1 0.8
3 133869 3339 2855 1 50 1 0.8
3 87922 3340 1825 1 10 0 0.8
3 133852 3344 3972 1 1 1 0.8
3 114780 3346 2631 1 10 1 0.8
3 99362 3346 2262 1 1 1 0.8
3 78307 3349 2298 1 1 0 0.8
3 87223 3350 2253 1 1 1 0.8
3 179525 3352 4690 1 1 1 0.8
3 153203 3358 4209 1 1 0 0.8
3 155938 3358 3245 1 10 1 0.8
3 105706 3359 2964 1 1 0 0.8
3 119892 3359 3254 1 1 0 0.8
3 66908 3360 1719 1 1 1 0.8
3 99756 3360 2185 1 1 0 0.8
3 78302 3375 2064 1 1 1 0.8
3 168307 3378 4974 1 10 1 0.8
3 113036 3378 2466 1 1 0 0.8
3 124803 3378 2561 1 50 0 0.8
3 95164 3379 1977 1 1 1 0.8
3 146567 3382 3568 1 1 0 0.8
3 140098 3383 3118 1 10 0 0.8
3 142981 3387 3478 1 10 0 0.8
3 128074 3390 3504 1 10 0 0.8
3 130684 3391 3812 1 1 1 0.8
3 87633 3393 2432 1 1 1 0.8
3 178005 3393 4598 1 1 0 0.8
3 121221 3396 3352 1 1 1 0.8
3 108793 3398 3233 1 1 0 0.8
3 81935 3399 1883 1 1 0 0.8
3 137141 3405 3218 1 1 0 0.8
3 121064 3409 3151 1 1 0 0.8
3 147539 3412 4185 1 1 0 0.8
3 86761 3419 2513 1 50 1 0.8
3 149008 3421 3929 1 10 0 0.8
3 151279 3422 4187 1 10 1 0.8
3 153267 3425 4584 1 10 1 0.8
3 84274 3429 2473 1 1 0 0.8
3 126069 3430 3156 1 1 1 0.8
3 152382 3431 3917 1 1 0 0.8
3 132243 3432 2939 1 1 0 0.8
3 81588 3433 2158 1 1 0 0.8
3 137807 3434 3731 1 1 1 0.8
3 63110 3434 1416 1 1 0 0.8
3 127899 3438 2872 1 1 1 0.8
3 154102 3439 4422 1 1 0 0.8
3 144447 3440 4320 1 50 0 0.8
3 99345 3444 2424 1 10 0 0.8
3 83330 3445 2445 1 10 0 0.8
3 66346 3448 1742 1 1 1 0.8
3 60120 3452 1365 1 1 1 0.8
3 92035 3453 2500 1 10 0 0.8
3 156791 3455 3846 1 1 0 0.8
3 135905 3457 4056 1 10 1 0.8
3 105587 3459 2711 1 1 1 0.8
3 63278 3461 1365 1 10 0 0.8
3 91497 3462 2410 1 50 0 0.8
3 89191 3465 1870 1 10 0 0.8
3 170867 3466 4563 1 1 0 0.8
3 63890 3467 1771 1 1 1 0.8
3 75970 3469 1746 1 1 0 0.8
3 69708 3470 1528 1 10 1 0.8
3 138403 3474 4077 1 50 1 0.8
3 113850 3477 3014 1 10 0 0.8
3 74745 3478 2104 1 1 1 0.8
3 134642 3481 2842 1 1 0 0.8
3 178173 3483 3748 1 50 0 0.8
3 131438 3483 3415 1 1 1 0.8
3 164688 3486 4594 1 1 1 0.8
3 179406 3491 5223 1 1 0 0.8
3 104276 3494 2484 1 50 1 0.8
3 132531 3499 3159 1 1 1 0.8
3 173226 3504 4341 1 10 1 0.8
3 94186 3508 2055 1 1 1 0.8
3 103043 3511 2615 1 1 0 0.8
3 138584 3515 3650 1 10 1 0.8
3 126218 3517 2535 1 1 1 0.8
3 142230 3518 3192 1 1 0 0.8
3 167132 3523 4799 1 10 0 0.8
3 173649 3525 4790 1 1 0 0.8
3 93803 3527 2469 1 1 0 0.8
3 176770 3534 4646 1 1 1 0.8
3 141717 3536 4180 1 50 1 0.8
3 165752 3538 3531 1 10 1 0.8
3 142287 3540 3940 1 10 1 0.8
3 108647 3542 2490 1 1 0 0.8
3 120822 3542 3210 1 10 0 0.8
3 94404 3544 2256 1 10 0 0.8
3 101857 3549 2419 1 1 0 0.8
3 153519 3549 3730 1 1 1 0.8
3 144741 3549 3162 1 1 0 0.8
3 127191 3552 2939 1 10 1 0.8
3 83513 3557 2127 1 1 0 0.8
3 93916 3558 2551 1 1 0 0.8
3 65135 3559 1886 1 50 1 0.8
3 149811 3560 3929 1 10 1 0.8
3 128219 3561 3722 1 1 1 0.8
3 131054 3573 3682 1 50 0 0.8
3 87890 3573 2072 1 1 1 0.8
3 139396 3574 3730 1 10 1 0.8
3 109128 3576 2908 1 1 0 0.8
3 111269 3583 2997 1 1 1 0.8
3 148155 3586 3520 1 10 0 0.8
3 116016 3588 3151 1 50 0 0.8
3 74174 3588 1524 1 50 0 0.8
3 111670 3592 3124 1 10 0 0.8
3 154346 3592 3504 1 1 0 0.8
3 109865 3594 2920 1 50 0 0.8
3 172435 3596 3793 1 1 0 0.8
3 70053 3599 1888 1 50 0 0.8
3 89661 3599 2205 1 10 1 0.8
