1500
4 125302 0 3197 1 1 1 0.4
4 175553 1 4935 1 1 0 0.4
4 142042 1 3893 1 10 0 0.4
4 146258 6 4054 1 10 1 0.4
4 177245 7 5026 1 1 1 0.4
4 160543 10 4770 1 10 1 0.4
4 88199 13 1851 1 1 1 0.4
4 163099 13 3635 1 1 0 0.4
4 158342 15 3554 1 1 1 0.4
4 162036 16 3853 1 1 0 0.4
4 149652 18 3960 1 1 0 0.4
4 76785 20 1834 1 1 1 0.4
4 130849 20 2690 1 1 0 0.4
4 115930 22 2844 1 1 0 0.4
4 84832 24 1811 1 1 1 0.4
4 117112 25 3385 1 1 0 0.4
4 158085 29 3299 1 1 1 0.4
4 63754 32 1533 1 10 0 0.4
4 112131 33 2995 1 1 1 0.4
4 169059 33 3923 1 10 1 0.4
4 111096 40 3203 1 1 0 0.4
4 158717 42 4212 1 1 0 0.4
4 158448 43 4009 1 10 0 0.4
4 121619 43 3528 1 1 1 0.4
4 127896 43 3531 1 1 0 0.4
4 153586 44 3949 1 1 0 0.4
4 77443 44 1594 1 10 0 0.4
4 123895 45 3694 1 50 0 0.4
4 106846 46 2561 1 1 0 0.4
4 117762 49 3236 1 10 1 0.4
4 86664 49 2278 1 1 0 0.4
4 145729 60 3072 1 1 0 0.4
4 107851 65 2835 1 1 1 0.4
4 99008 66 2379 1 10 1 0.4
4 96020 66 2070 1 1 0 0.4
4 151215 70 3363 1 1 1 0.4
4 159175 70 3756 1 10 0 0.4
4 91029 77 2675 1 1 1 0.4
4 127719 80 2607 1 1 1 0.4
4 118630 80 3101 1 10 1 0.4
4 94888 81 2092 1 10 0 0.4
4 173081 86 3997 1 1 1 0.4
4 157432 86 3507 1 1 0 0.4
4 158627 87 4437 1 1 0 0.4
4 110328 89 2519 1 1 1 0.4
4 115804 91 3168 1 10 0 0.4
4 165737 91 3715 1 1 0 0.4
4 156068 91 3329 1 1 1 0.4
4 86468 95 2412 1 10 0 0.4
4 69215 97 1932 1 1 1 0.4
4 117885 99 2965 1 1 0 0.4
4 169055 102 4603 1 1 0 0.4
4 176112 102 3577 1 1 0 0.4
4 175444 103 4495 1 1 0 0.4
4 176166 103 3754 1 1 0 0.4
4 119608 105 2937 1 1 1 0.4
4 89394 105 2403 1 1 1 0.4
4 99475 106 2269 1 1 1 0.4
4 141431 107 2845 1 1 0 0.4
4 114653 108 3429 1 10 0 0.4
4 110599 110 3201 1 1 1 0.4
4 64446 121 1570 1 50 0 0.4
4 159502 122 3339 1 1 1 0.4
4 127409 126 2630 1 1 1 0.4
4 68905 130 1792 1 1 0 0.4
4 163487 134 3290 1 1 0 0.4
4 109492 134 2332 1 50 0 0.4
4 109410 137 2643 1 1 1 0.4
4 127334 138 3573 1 10 1 0.4
4 111219 143 2889 1 10 1 0.4
4 83062 143 2039 1 1 1 0.4
4 69752 150 1875 1 1 0 0.4
4 175478 151 3657 1 1 1 0.4
4 84470 153 1948 1 50 0 0.4
4 66852 153 1760 1 1 1 0.4
4 131636 155 2961 1 10 0 0.4
4 153338 156 4458 1 10 0 0.4
4 65425 156 1686 1 10 0 0.4
4 134546 157 3239 1 1 1 0.4
4 72932 158 1721 1 1 1 0.4
4 100466 161 2998 1 1 0 0.4
4 89380 162 1857 1 10 1 0.4
4 84505 163 2229 1 1 0 0.4
4 88354 166 2474 1 10 1 0.4
4 64142 169 1734 1 1 1 0.4
4 152541 171 3784 1 1 0 0.4
4 132183 171 3549 1 1 1 0.4
4 120349 172 2722 1 1 1 0.4
4 119048 173 3278 1 10 0 0.4
4 129494 174 3615 1 1 1 0.4
4 105277 176 2378 1 1 1 0.4
4 125506 176 2670 1 1 1 0.4
4 115765 177 3364 1 10 0 0.4
4 149227 181 3410 1 1 0 0.4
4 103807 181 3007 1 10 0 0.4
4 168640 183 4997 1 1 1 0.4
4 177204 184 3702 1 10 1 0.4
4 92531 189 1994 1 10 0 0.4
4 173947 189 4875 1 1 0 0.4
4 85839 192 1855 1 10 1 0.4
4 157089 192 3941 1 1 1 0.4
4 146825 195 3376 1 10 0 0.4
4 71483 196 2135 1 10 0 0.4
4 164126 199 3466 1 1 0 0.4
4 159200 199 3945 1 1 1 0.4
4 114814 202 2392 1 1 0 0.4
4 165451 206 4110 1 10 1 0.4
4 142669 207 3153 1 10 0 0.4
4 121382 211 3350 1 1 1 0.4
4 163688 211 4518 1 10 0 0.4
4 88729 211 2351 1 1 0 0.4
4 119596 211 3577 1 1 1 0.4
4 167921 212 4447 1 10 1 0.4
4 84559 214 2054 1 10 0 0.4
4 117187 218 2948 1 10 0 0.4
4 145332 225 4116 1 1 0 0.4
4 73630 226 1879 1 1 0 0.4
4 85194 227 2001 1 50 0 0.4
4 119299 228 3230 1 50 0 0.4
4 64054 235 1691 1 1 1 0.4
4 88580 236 2231 1 1 1 0.4
4 147528 247 3921 1 10 0 0.4
4 136262 248 2987 1 1 1 0.4
4 135809 253 3139 1 1 0 0.4
4 109745 253 3168 1 10 0 0.4
4 115114 258 2971 1 10 0 0.4
4 76836 258 2232 1 1 0 0.4
4 178968 260 4444 1 1 0 0.4
4 146923 264 3925 1 1 1 0.4
4 82108 267 2352 1 10 1 0.4
4 81237 268 1817 1 50 0 0.4
4 73731 284 2128 1 10 1 0.4
4 83902 289 1832 1 1 0 0.4
4 127688 293 3160 1 50 0 0.4
4 108946 295 3002 1 1 1 0.4
4 146178 295 3638 1 10 1 0.4
4 75574 296 1665 1 1 0 0.4
4 141723 303 4097 1 10 0 0.4
4 105814 304 2940 1 10 0 0.4
4 62468 305 1553 1 1 1 0.4
4 66455 305 1853 1 1 1 0.4
4 89214 311 1784 1 1 1 0.4
4 81100 311 1944 1 1 0 0.4
4 165397 311 3949 1 1 0 0.4
4 175087 316 4389 1 10 1 0.4
4 140734 316 3924 1 1 1 0.4
4 179052 318 4502 1 1 1 0.4
4 158041 319 3280 1 1 1 0.4
4 64934 320 1781 1 10 1 0.4
4 62243 323 1422 1 1 1 0.4
4 75589 324 1927 1 1 1 0.4
4 128769 325 3483 1 50 1 0.4
4 137823 326 3827 1 1 1 0.4
4 149145 329 4409 1 1 0 0.4
4 102146 334 2281 1 1 1 0.4
4 157623 334 4592 1 1 0 0.4
4 80546 337 1819 1 10 0 0.4
4 142176 339 3269 1 1 0 0.4
4 171429 340 3451 1 10 0 0.4
4 89022 340 2267 1 10 1 0.4
4 171487 342 4294 1 1 1 0.4
4 143239 347 4260 1 1 1 0.4
4 147363 351 4187 1 1 1 0.4
4 68459 352 1839 1 1 0 0.4
4 91775 356 2250 1 10 0 0.4
4 97024 358 1941 1 10 0 0.4
4 130173 361 3457 1 1 1 0.4
4 152490 362 4014 1 10 0 0.4
4 109304 368 2863 1 1 1 0.4
4 158160 368 4662 1 10 0 0.4
4 169116 372 4618 1 1 1 0.4
4 159030 372 4319 1 1 1 0.4
4 63078 378 1789 1 1 1 0.4
4 63049 383 1576 1 1 1 0.4
4 93532 385 2551 1 10 0 0.4
4 150366 387 4042 1 10 1 0.4
4 85988 390 1816 1 1 1 0.4
4 135410 393 3449 1 1 0 0.4
4 133115 394 3054 1 1 1 0.4
4 142473 394 3250 1 1 0 0.4
4 129844 396 3476 1 10 0 0.4
4 128505 396 2615 1 1 1 0.4
4 114176 398 3414 1 10 1 0.4
4 69182 399 1602 1 10 0 0.4
4 80645 406 1730 1 1 0 0.4
4 101594 408 2597 1 1 1 0.4
4 174012 411 3636 1 1 1 0.4
4 155479 412 3697 1 1 0 0.4
4 160629 420 4040 1 1 0 0.4
4 170407 424 5018 1 1 0 0.4
4 79447 432 1748 1 1 1 0.4
4 137641 434 2889 1 10 1 0.4
4 151081 434 3057 1 1 0 0.4
4 102170 434 2390 1 1 1 0.4
4 165643 435 3850 1 10 0 0.4
4 75314 440 1646 1 1 0 0.4
4 90424 440 2136 1 1 1 0.4
4 177411 442 4114 1 1 0 0.4
4 171389 446 4711 1 1 1 0.4
4 89972 450 2477 1 1 0 0.4
4 97361 452 2116 1 1 0 0.4
4 141533 453 3794 1 1 0 0.4
4 162703 456 4074 1 50 0 0.4
4 89839 456 2351 1 1 0 0.4
4 112327 459 3294 1 10 0 0.4
4 141994 462 2851 1 1 0 0.4
4 73852 465 2200 1 1 0 0.4
4 105386 478 2560 1 1 0 0.4
4 61553 478 1650 1 1 0 0.4
4 87768 481 2350 1 1 0 0.4
4 118724 482 3429 1 10 0 0.4
4 179569 483 3920 1 1 0 0.4
4 119884 483 2775 1 1 1 0.4
4 152724 492 4554 1 1 0 0.4
4 159829 495 3214 1 10 0 0.4
4 159535 499 4440 1 1 0 0.4
4 105113 499 2519 1 1 1 0.4
4 76998 502 1909 1 1 1 0.4
4 95868 503 2682 1 50 1 0.4
4 164504 507 4335 1 1 1 0.4
4 102033 507 2865 1 1 1 0.4
4 169301 508 4933 1 1 0 0.4
4 172515 509 3486 1 10 0 0.4
4 162145 511 3291 1 1 1 0.4
4 79549 512 1791 1 1 0 0.4
4 134811 515 3766 1 10 0 0.4
4 156910 518 3470 1 10 0 0.4
4 146428 526 3308 1 10 1 0.4
4 117862 528 2797 1 1 0 0.4
4 156298 529 4284 1 50 0 0.4
4 104296 534 2622 1 1 0 0.4
4 120118 540 2788 1 50 1 0.4
4 167748 541 4645 1 1 0 0.4
4 170101 542 4464 1 1 0 0.4
4 137754 542 2993 1 1 1 0.4
4 67299 543 1942 1 1 0 0.4
4 126383 545 2809 1 1 1 0.4
4 168528 547 4877 1 1 0 0.4
4 130285 547 3676 1 50 1 0.4
4 77108 548 2255 1 1 0 0.4
4 80339 549 2228 1 1 0 0.4
4 139369 550 2925 1 1 0 0.4
4 168040 551 4144 1 1 1 0.4
4 167800 555 4333 1 1 1 0.4
4 96939 555 2624 1 10 1 0.4
4 175530 557 3531 1 1 0 0.4
4 62832 558 1675 1 10 0 0.4
4 108884 560 2586 1 10 0 0.4
4 121265 560 2897 1 1 0 0.4
4 119325 564 3007 1 1 0 0.4
4 178451 567 4769 1 10 0 0.4
4 147379 567 3016 1 1 1 0.4
4 124056 571 2977 1 10 0 0.4
4 77985 572 1857 1 10 0 0.4
4 101614 577 2881 1 1 1 0.4
4 88700 578 2434 1 1 1 0.4
4 135354 580 2798 1 50 0 0.4
4 133711 580 2976 1 1 1 0.4
4 157821 582 3738 1 1 1 0.4
4 77397 583 2119 1 10 1 0.4
4 158527 589 3715 1 1 0 0.4
4 65404 590 1883 1 10 1 0.4
4 133753 591 2735 1 1 0 0.4
4 160706 604 3427 1 1 0 0.4
4 175764 606 3553 1 1 0 0.4
4 149703 607 4048 1 10 1 0.4
4 165849 608 4744 1 1 1 0.4
4 78731 609 1994 1 1 0 0.4
4 112388 610 2696 1 10 1 0.4
4 106857 613 2357 1 10 0 0.4
4 83162 617 1784 1 1 0 0.4
4 79737 625 1887 1 1 1 0.4
4 107755 631 2626 1 1 0 0.4
4 175259 635 4926 1 50 0 0.4
4 86892 638 1885 1 1 1 0.4
4 158645 640 3586 1 1 1 0.4
4 132398 642 3753 1 1 1 0.4
4 68249 644 1640 1 50 1 0.4
4 85949 645 2288 1 1 0 0.4
4 162694 650 4021 1 1 0 0.4
4 151763 651 3639 1 10 1 0.4
4 174705 651 4108 1 1 1 0.4
4 93445 655 2531 1 1 1 0.4
4 68642 659 1727 1 1 1 0.4
4 139371 660 3072 1 50 1 0.4
4 81756 669 1881 1 10 0 0.4
4 101168 678 2105 1 10 1 0.4
4 90769 679 1910 1 10 1 0.4
4 123989 681 3173 1 50 0 0.4
4 158759 681 3250 1 1 0 0.4
4 171219 684 4472 1 10 0 0.4
4 77747 684 2085 1 1 1 0.4
4 115174 688 3319 1 1 1 0.4
4 151831 688 3270 1 10 1 0.4
4 90453 690 2549 1 1 1 0.4
4 127250 695 3026 1 50 0 0.4
4 179458 695 3879 1 1 0 0.4
4 171372 696 3803 1 1 0 0.4
4 134990 698 3119 1 10 1 0.4
4 114553 698 3273 1 1 1 0.4
4 96965 701 2129 1 10 1 0.4
4 156160 705 4343 1 1 1 0.4
4 129193 705 3018 1 10 1 0.4
4 66194 706 1698 1 10 0 0.4
4 175488 707 5056 1 1 0 0.4
4 133720 711 3037 1 1 1 0.4
4 157427 715 3279 1 1 1 0.4
4 141980 716 3939 1 50 0 0.4
4 120873 722 3222 1 1 1 0.4
4 125969 726 3459 1 1 1 0.4
4 64119 730 1467 1 1 1 0.4
4 170837 732 4897 1 10 1 0.4
4 139064 733 3800 1 1 1 0.4
4 95572 734 2812 1 50 0 0.4
4 161293 737 3383 1 1 0 0.4
4 157527 746 3888 1 1 0 0.4
4 101075 748 2888 1 10 1 0.4
4 117177 749 3450 1 1 1 0.4
4 106284 750 2341 1 10 0 0.4
4 83320 751 1689 1 1 0 0.4
4 156670 753 4441 1 50 1 0.4
4 148402 755 4018 1 1 0 0.4
4 139951 755 3001 1 50 0 0.4
4 101680 759 2759 1 1 0 0.4
4 99203 763 2092 1 10 1 0.4
4 119859 769 2961 1 10 0 0.4
4 114539 773 3416 1 1 1 0.4
4 127312 775 3176 1 10 1 0.4
4 131463 776 3050 1 1 1 0.4
4 142546 783 4259 1 1 1 0.4
4 89748 784 1882 1 1 0 0.4
4 107200 786 2172 1 1 0 0.4
4 86310 789 1781 1 10 1 0.4
4 151652 791 3641 1 1 1 0.4
4 91138 792 2450 1 1 0 0.4
4 70871 792 1616 1 1 0 0.4
4 170086 792 3472 1 1 0 0.4
4 123327 794 2966 1 1 1 0.4
4 164346 795 3393 1 10 1 0.4
4 75048 796 1993 1 1 0 0.4
4 176820 803 4019 1 1 1 0.4
4 147479 807 4189 1 10 1 0.4
4 164966 808 3598 1 10 1 0.4
4 119745 811 2820 1 10 0 0.4
4 174763 812 4951 1 1 1 0.4
4 76265 812 1541 1 1 1 0.4
4 111372 823 3118 1 1 0 0.4
4 113561 829 2989 1 1 0 0.4
4 106314 829 2773 1 1 0 0.4
4 101130 830 2026 1 1 0 0.4
4 146902 832 4216 1 1 1 0.4
4 121267 832 2509 1 1 0 0.4
4 130777 833 3868 1 10 0 0.4
4 121376 835 3504 1 1 0 0.4
4 172938 836 4441 1 1 0 0.4
4 176176 837 3976 1 1 1 0.4
4 78545 838 2270 1 10 0 0.4
4 74104 839 1863 1 1 1 0.4
4 157309 841 3307 1 1 1 0.4
4 169523 843 4955 1 1 0 0.4
4 63255 843 1751 1 1 1 0.4
4 122195 844 3517 1 1 1 0.4
4 138907 849 3625 1 1 1 0.4
4 174582 852 3832 1 1 1 0.4
4 130500 854 2848 1 50 1 0.4
4 86048 856 2519 1 1 0 0.4
4 98025 858 2351 1 1 1 0.4
4 116012 865 2531 1 1 1 0.4
4 159458 866 3609 1 10 0 0.4
4 121541 868 3376 1 1 0 0.4
4 126799 874 3336 1 50 1 0.4
4 174514 874 4091 1 10 1 0.4
4 98837 874 2871 1 50 1 0.4
4 70061 893 1795 1 50 0 0.4
4 60391 894 1441 1 1 1 0.4
4 125672 895 3124 1 1 1 0.4
4 74373 897 1632 1 10 1 0.4
4 129964 902 3713 1 1 0 0.4
4 147053 902 2992 1 10 0 0.4
4 173398 903 3492 1 50 0 0.4
4 136794 911 2980 1 50 1 0.4
4 168039 917 4938 1 10 1 0.4
4 139413 917 3491 1 1 0 0.4
4 69856 923 1494 1 10 0 0.4
4 125499 927 3731 1 10 0 0.4
4 171215 930 4517 1 10 0 0.4
4 70552 930 2072 1 50 0 0.4
4 165450 931 4499 1 10 0 0.4
4 145447 934 3059 1 1 0 0.4
4 113105 935 2457 1 1 1 0.4
4 73983 938 2063 1 1 0 0.4
4 66031 940 1589 1 1 0 0.4
4 161101 941 3866 1 1 0 0.4
4 144444 943 4166 1 10 0 0.4
4 109397 946 2531 1 1 0 0.4
4 80634 949 1828 1 1 1 0.4
4 87030 952 1877 1 1 0 0.4
4 97860 955 2266 1 1 1 0.4
4 165926 956 4592 1 1 1 0.4
4 163749 957 4243 1 1 1 0.4
4 139068 967 3954 1 50 0 0.4
4 60350 968 1448 1 1 0 0.4
4 78327 969 1699 1 50 0 0.4
4 78115 970 1638 1 10 0 0.4
4 163983 971 4047 1 1 0 0.4
4 65690 971 1399 1 1 1 0.4
4 112506 976 2761 1 50 0 0.4
4 119176 989 2420 1 10 1 0.4
4 165378 992 4229 1 1 0 0.4
4 99445 993 2770 1 50 0 0.4
4 105419 995 2110 1 1 0 0.4
4 82224 997 1833 1 1 0 0.4
4 108875 1003 2546 1 1 0 0.4
4 71131 1011 1789 1 1 1 0.4
4 168029 1012 4798 1 10 1 0.4
4 69791 1014 1732 1 10 0 0.4
4 65454 1014 1447 1 1 0 0.4
4 171063 1016 4066 1 1 0 0.4
4 109744 1027 2714 1 1 0 0.4
4 146601 1029 4313 1 1 1 0.4
4 79284 1030 2202 1 10 0 0.4
4 93829 1035 2632 1 1 1 0.4
4 98933 1035 2275 1 50 1 0.4
4 103781 1035 2861 1 10 0 0.4
4 149589 1055 4348 1 1 1 0.4
4 126480 1055 2973 1 1 1 0.4
4 82430 1061 1848 1 1 0 0.4
4 176292 1061 4824 1 1 0 0.4
4 88455 1064 1964 1 1 1 0.4
4 115205 1065 2537 1 1 1 0.4
4 162624 1067 4412 1 1 0 0.4
4 134847 1069 3117 1 10 0 0.4
4 109195 1070 2830 1 1 1 0.4
4 111733 1072 3089 1 1 0 0.4
4 131721 1077 3935 1 1 0 0.4
4 98262 1081 1987 1 10 1 0.4
4 102289 1083 2404 1 10 1 0.4
4 156614 1089 4419 1 1 1 0.4
4 139759 1089 4130 1 10 1 0.4
4 75049 1090 2086 1 1 0 0.4
4 155638 1090 3183 1 1 0 0.4
4 60432 1091 1272 1 1 0 0.4
4 161763 1094 3946 1 1 0 0.4
4 127107 1095 3520 1 1 1 0.4
4 128661 1101 2897 1 10 1 0.4
4 177054 1102 4045 1 1 1 0.4
4 167173 1102 3658 1 10 0 0.4
4 66028 1105 1523 1 50 0 0.4
4 177253 1107 4644 1 10 1 0.4
4 86788 1108 2398 1 1 1 0.4
4 126346 1111 3266 1 50 1 0.4
4 116106 1111 2474 1 1 0 0.4
4 146670 1112 3398 1 1 0 0.4
4 77392 1114 2159 1 1 1 0.4
4 161792 1114 3989 1 1 1 0.4
4 100054 1118 2381 1 1 0 0.4
4 128218 1119 2771 1 1 1 0.4
4 120504 1124 2440 1 1 0 0.4
4 120407 1127 3591 1 10 1 0.4
4 173177 1132 4164 1 1 1 0.4
4 126911 1132 3386 1 1 0 0.4
4 131114 1133 3005 1 10 0 0.4
4 96988 1134 2330 1 10 0 0.4
4 145115 1137 3371 1 1 1 0.4
4 96406 1139 2615 1 1 0 0.4
4 104351 1141 2590 1 1 1 0.4
4 139138 1143 3809 1 1 0 0.4
4 132166 1147 2724 1 1 1 0.4
4 129878 1147 3773 1 10 1 0.4
4 163855 1148 4723 1 1 0 0.4
4 95213 1152 2821 1 1 1 0.4
4 177568 1157 4871 1 1 0 0.4
4 64210 1160 1917 1 10 1 0.4
4 110999 1164 2634 1 50 1 0.4
4 63790 1165 1829 1 1 1 0.4
4 141366 1165 4156 1 1 0 0.4
4 107402 1173 2456 1 10 1 0.4
4 129590 1177 3013 1 1 0 0.4
4 121106 1185 2502 1 50 0 0.4
4 60328 1186 1445 1 1 0 0.4
4 66664 1186 1996 1 1 0 0.4
4 163852 1195 3653 1 1 1 0.4
4 91529 1197 2190 1 10 1 0.4
4 101649 1199 2068 1 1 1 0.4
4 122522 1200 3604 1 10 0 0.4
4 119713 1202 2891 1 1 0 0.4
4 173575 1205 4600 1 1 0 0.4
4 94171 1212 2745 1 10 0 0.4
4 151021 1212 3554 1 1 0 0.4
4 61336 1214 1456 1 10 0 0.4
4 168307 1214 4100 1 1 1 0.4
4 119035 1215 2507 1 10 1 0.4
4 154265 1216 3625 1 10 0 0.4
4 123222 1217 3169 1 1 1 0.4
4 115892 1222 2374 1 10 1 0.4
4 88053 1222 1822 1 10 0 0.4
4 151949 1224 3224 1 1 0 0.4
4 138441 1225 3543 1 1 0 0.4
4 126842 1225 3517 1 1 1 0.4
4 164464 1228 4139 1 10 1 0.4
4 164764 1229 3554 1 1 1 0.4
4 123366 1233 2550 1 10 1 0.4
4 177029 1235 5093 1 10 0 0.4
4 105188 1241 2522 1 10 0 0.4
4 103309 1241 3021 1 1 1 0.4
4 144159 1247 3981 1 1 0 0.4
4 78790 1247 2033 1 1 1 0.4
4 155231 1257 4092 1 10 1 0.4
4 105276 1258 2306 1 1 1 0.4
4 166133 1260 4253 1 1 0 0.4
4 179081 1262 4955 1 10 1 0.4
4 79384 1263 1615 1 1 1 0.4
4 100681 1263 2645 1 10 1 0.4
4 105968 1264 2445 1 1 1 0.4
4 136745 1265 3606 1 10 1 0.4
4 78820 1266 2027 1 1 0 0.4
4 169784 1275 4226 1 10 1 0.4
4 137506 1280 2980 1 1 1 0.4
4 134970 1285 3078 1 1 1 0.4
4 144156 1287 3195 1 1 0 0.4
4 99379 1287 2137 1 10 0 0.4
4 125615 1291 3110 1 1 0 0.4
4 96219 1295 2003 1 10 1 0.4
4 143365 1297 2959 1 50 0 0.4
4 68407 1298 1606 1 10 1 0.4
4 173573 1298 3809 1 1 0 0.4
4 143853 1309 3633 1 10 1 0.4
4 82323 1314 2309 1 1 0 0.4
4 112970 1316 2492 1 1 0 0.4
4 89706 1318 2611 1 1 0 0.4
4 100083 1323 2485 1 1 0 0.4
4 73832 1323 1785 1 1 1 0.4
4 136260 1325 3189 1 1 0 0.4
4 91523 1329 2137 1 50 1 0.4
4 89047 1329 2471 1 1 1 0.4
4 177477 1329 4530 1 1 1 0.4
4 139953 1332 3225 1 1 0 0.4
4 140022 1333 3457 1 1 0 0.4
4 97682 1334 2654 1 1 1 0.4
4 130191 1341 3203 1 50 1 0.4
4 99593 1341 2459 1 10 0 0.4
4 60592 1342 1562 1 1 1 0.4
4 152425 1346 3282 1 1 1 0.4
4 178251 1347 5111 1 1 0 0.4
4 178649 1349 3628 1 1 0 0.4
4 137124 1351 2858 1 10 0 0.4
4 63363 1360 1578 1 1 1 0.4
4 113622 1361 3021 1 1 0 0.4
4 114936 1363 2692 1 10 1 0.4
4 135732 1367 2775 1 1 1 0.4
4 131940 1372 2888 1 1 0 0.4
4 142588 1374 3717 1 1 1 0.4
4 79399 1376 2112 1 10 0 0.4
4 64153 1380 1380 1 1 1 0.4
4 133371 1387 3721 1 10 0 0.4
4 149206 1389 3217 1 1 0 0.4
4 126633 1390 3016 1 1 0 0.4
4 135573 1391 3721 1 1 0 0.4
4 110420 1392 2824 1 1 1 0.4
4 67024 1392 1360 1 10 1 0.4
4 143552 1398 3040 1 1 1 0.4
4 174458 1401 3735 1 10 1 0.4
4 171646 1406 3994 1 1 0 0.4
4 159712 1408 4021 1 1 1 0.4
4 116222 1409 2487 1 1 1 0.4
4 98942 1419 2762 1 10 0 0.4
4 72440 1419 1498 1 10 1 0.4
4 153790 1424 3881 1 1 0 0.4
4 64277 1429 1525 1 1 1 0.4
4 84354 1432 2198 1 1 1 0.4
4 168293 1433 3420 1 50 1 0.4
4 71804 1438 1545 1 1 1 0.4
4 158510 1439 4260 1 10 1 0.4
4 160412 1447 4298 1 1 1 0.4
4 155821 1447 4156 1 1 1 0.4
4 66150 1448 1833 1 10 1 0.4
4 131911 1448 3749 1 10 0 0.4
4 146182 1450 3116 1 10 0 0.4
4 157394 1450 4686 1 1 0 0.4
4 114656 1452 2468 1 1 1 0.4
4 93027 1456 1916 1 10 0 0.4
4 67781 1459 1376 1 1 1 0.4
4 110085 1465 2690 1 10 1 0.4
4 137620 1465 4052 1 10 0 0.4
4 138620 1471 3972 1 50 1 0.4
4 76391 1471 2065 1 1 0 0.4
4 177770 1473 4710 1 1 0 0.4
4 132301 1473 3529 1 10 0 0.4
4 138588 1473 3527 1 50 0 0.4
4 76738 1473 2240 1 1 0 0.4
4 90003 1473 1841 1 1 0 0.4
4 143416 1475 3453 1 1 0 0.4
4 155812 1480 3212 1 1 1 0.4
4 123682 1481 3356 1 1 1 0.4
4 89911 1482 2547 1 1 0 0.4
4 166343 1482 4307 1 10 1 0.4
4 163018 1483 3458 1 50 0 0.4
4 97067 1483 2219 1 50 0 0.4
4 167871 1485 4903 1 10 0 0.4
4 152754 1485 3493 1 1 1 0.4
4 151839 1485 4015 1 1 0 0.4
4 96228 1487 2492 1 1 0 0.4
4 80753 1495 2402 1 1 0 0.4
4 163992 1498 4637 1 1 0 0.4
4 91178 1499 2346 1 10 0 0.4
4 81718 1500 2202 1 1 1 0.4
4 121620 1500 3339 1 1 1 0.4
4 135385 1500 2854 1 1 0 0.4
4 100845 1500 2383 1 10 1 0.4
4 135548 1502 2811 1 50 0 0.4
4 124379 1502 3494 1 1 0 0.4
4 98583 1506 2284 1 10 1 0.4
4 160358 1510 4327 1 1 0 0.4
4 87325 1510 1964 1 50 1 0.4
4 137724 1511 3153 1 10 0 0.4
4 162420 1514 3854 1 1 1 0.4
4 166174 1520 4250 1 1 1 0.4
4 132086 1520 3473 1 10 1 0.4
4 170960 1525 3468 1 1 1 0.4
4 71403 1527 1759 1 10 1 0.4
4 88707 1528 2345 1 10 1 0.4
4 135863 1529 2752 1 10 1 0.4
4 86255 1529 2360 1 1 0 0.4
4 133645 1537 3063 1 50 0 0.4
4 148897 1540 3043 1 1 0 0.4
4 68963 1543 2028 1 1 1 0.4
4 109551 1545 2367 1 10 0 0.4
4 87492 1554 2610 1 50 0 0.4
4 116471 1554 2428 1 1 1 0.4
4 106394 1556 2408 1 1 1 0.4
4 73721 1561 1901 1 50 1 0.4
4 106216 1562 2934 1 1 0 0.4
4 173747 1564 3963 1 1 0 0.4
4 76983 1567 2200 1 1 1 0.4
4 99604 1568 2347 1 1 1 0.4
4 172209 1570 3663 1 10 1 0.4
4 75137 1571 1895 1 1 0 0.4
4 123980 1574 2592 1 10 1 0.4
4 139608 1574 3452 1 1 0 0.4
4 69280 1574 1436 1 10 0 0.4
4 166210 1578 3577 1 1 0 0.4
4 151008 1581 3579 1 1 1 0.4
4 78247 1581 1849 1 1 0 0.4
4 174657 1590 4620 1 50 0 0.4
4 175831 1597 5071 1 1 1 0.4
4 74806 1598 2169 1 10 1 0.4
4 70271 1598 1748 1 10 1 0.4
4 145448 1599 3090 1 1 1 0.4
4 164902 1604 4424 1 1 1 0.4
4 134936 1605 2707 1 1 0 0.4
4 176612 1610 4152 1 1 0 0.4
4 72403 1616 1723 1 1 0 0.4
4 88332 1617 1780 1 10 0 0.4
4 61878 1618 1519 1 10 1 0.4
4 68496 1620 1554 1 10 1 0.4
4 123104 1622 3097 1 10 0 0.4
4 124752 1622 3592 1 1 0 0.4
4 126844 1623 3487 1 10 1 0.4
4 151135 1623 3829 1 10 1 0.4
4 117431 1624 3212 1 1 1 0.4
4 162876 1627 4464 1 10 1 0.4
4 167148 1634 3362 1 50 1 0.4
4 170772 1637 4856 1 1 1 0.4
4 138420 1639 3358 1 1 1 0.4
4 119049 1640 3551 1 10 0 0.4
4 61283 1642 1451 1 1 0 0.4
4 172007 1646 4438 1 1 1 0.4
4 60534 1649 1568 1 1 1 0.4
4 96841 1660 1977 1 50 0 0.4
4 179754 1662 4446 1 50 0 0.4
4 62075 1663 1245 1 1 1 0.4
4 102209 1668 2326 1 1 1 0.4
4 179512 1671 4982 1 1 0 0.4
4 151277 1674 3151 1 10 0 0.4
4 135439 1675 3759 1 1 0 0.4
4 167125 1679 3994 1 10 0 0.4
4 160094 1681 4321 1 10 0 0.4
4 139005 1681 3495 1 10 1 0.4
4 162485 1682 4778 1 1 0 0.4
4 139009 1686 3862 1 1 1 0.4
4 73384 1686 1675 1 10 1 0.4
4 108502 1699 2478 1 1 0 0.4
4 112810 1700 2867 1 1 1 0.4
4 179518 1700 4220 1 10 1 0.4
4 81705 1702 1931 1 1 1 0.4
4 80363 1706 1732 1 1 0 0.4
4 167872 1707 3573 1 50 0 0.4
4 123163 1713 2813 1 1 0 0.4
4 67360 1719 1367 1 10 1 0.4
4 102539 1721 2738 1 50 1 0.4
4 162088 1728 3741 1 1 0 0.4
4 139174 1730 3376 1 50 0 0.4
4 68671 1731 1393 1 1 1 0.4
4 69755 1736 1914 1 10 1 0.4
4 102950 1740 2346 1 10 0 0.4
4 127093 1741 2917 1 1 1 0.4
4 126142 1747 3216 1 10 0 0.4
4 69520 1751 1483 1 1 0 0.4
4 142779 1754 3917 1 1 1 0.4
4 134825 1755 3982 1 1 0 0.4
4 122923 1757 2558 1 1 0 0.4
4 79483 1759 2030 1 1 1 0.4
4 68144 1761 1858 1 1 0 0.4
4 80318 1761 2097 1 1 1 0.4
4 77217 1763 1950 1 1 1 0.4
4 101469 1765 2101 1 10 1 0.4
4 113217 1768 2419 1 1 0 0.4
4 79940 1772 2364 1 1 1 0.4
4 107943 1772 2213 1 10 0 0.4
4 106386 1772 2621 1 50 0 0.4
4 119372 1776 2519 1 1 1 0.4
4 68803 1779 1505 1 1 0 0.4
4 130905 1782 3419 1 1 1 0.4
4 84571 1784 2249 1 1 0 0.4
4 140098 1785 3698 1 1 0 0.4
4 93962 1790 2752 1 1 1 0.4
4 131284 1793 3778 1 50 0 0.4
4 160378 1797 4454 1 1 0 0.4
4 68913 1797 1820 1 10 0 0.4
4 66065 1799 1374 1 1 1 0.4
4 61868 1800 1660 1 1 1 0.4
4 161629 1804 3705 1 1 1 0.4
4 107161 1807 3152 1 1 0 0.4
4 177403 1810 3655 1 1 1 0.4
4 86559 1811 2231 1 1 0 0.4
4 108301 1812 2600 1 1 0 0.4
4 119520 1812 2719 1 10 0 0.4
4 144532 1817 3171 1 10 1 0.4
4 80937 1817 2020 1 1 0 0.4
4 156811 1818 3824 1 10 0 0.4
4 130243 1818 3399 1 1 0 0.4
4 142010 1819 3898 1 10 0 0.4
4 103469 1820 2426 1 1 1 0.4
4 128564 1821 2795 1 10 1 0.4
4 106740 1821 2621 1 1 1 0.4
4 149713 1823 3370 1 1 1 0.4
4 145641 1823 3055 1 1 1 0.4
4 123491 1824 3315 1 10 1 0.4
4 101445 1825 2224 1 1 1 0.4
4 109304 1826 2328 1 1 0 0.4
4 112543 1827 3361 1 1 1 0.4
4 85560 1835 2514 1 1 0 0.4
4 125235 1836 2798 1 10 1 0.4
4 129039 1836 3590 1 10 1 0.4
4 73106 1838 1791 1 1 1 0.4
4 173819 1843 3785 1 10 1 0.4
4 153564 1847 3198 1 1 1 0.4
4 173364 1854 4013 1 10 1 0.4
4 128845 1854 3747 1 1 1 0.4
4 60535 1854 1792 1 50 1 0.4
4 109545 1855 2733 1 1 0 0.4
4 174832 1857 4202 1 10 0 0.4
4 75748 1860 2192 1 1 0 0.4
4 129422 1860 2640 1 1 0 0.4
4 157405 1862 4686 1 10 0 0.4
4 146934 1862 4048 1 1 1 0.4
4 110669 1865 3249 1 1 0 0.4
4 147225 1868 3887 1 1 1 0.4
4 86155 1868 1873 1 50 1 0.4
4 166426 1872 3574 1 1 1 0.4
4 174008 1876 3618 1 10 0 0.4
4 131705 1877 3727 1 1 1 0.4
4 153209 1879 4080 1 1 1 0.4
4 81787 1880 1793 1 1 1 0.4
4 175241 1882 4017 1 1 1 0.4
4 139893 1883 2799 1 10 0 0.4
4 98457 1883 2879 1 10 1 0.4
4 109471 1885 2942 1 1 0 0.4
4 63602 1886 1327 1 1 1 0.4
4 69169 1886 1941 1 50 1 0.4
4 163784 1887 3656 1 50 1 0.4
4 77903 1889 2125 1 1 0 0.4
4 177709 1890 4765 1 1 1 0.4
4 108412 1892 2265 1 50 0 0.4
4 175559 1896 4733 1 10 0 0.4
4 164154 1897 3723 1 1 1 0.4
4 139495 1897 3930 1 10 0 0.4
4 119038 1902 2420 1 10 1 0.4
4 100678 1904 2284 1 1 0 0.4
4 99664 1906 2947 1 1 0 0.4
4 121431 1908 3100 1 10 1 0.4
4 133842 1910 3136 1 1 1 0.4
4 140305 1912 4097 1 1 0 0.4
4 99666 1916 2608 1 1 0 0.4
4 171987 1921 3857 1 10 0 0.4
4 108492 1924 2470 1 10 1 0.4
4 60416 1924 1747 1 1 1 0.4
4 99767 1925 2356 1 1 0 0.4
4 82714 1929 2219 1 1 1 0.4
4 109212 1933 2386 1 10 1 0.4
4 134138 1935 4014 1 1 1 0.4
4 160229 1935 3271 1 10 0 0.4
4 149871 1936 3293 1 50 0 0.4
4 101839 1938 2283 1 1 0 0.4
4 86050 1939 1969 1 50 0 0.4
4 162376 1940 3766 1 1 1 0.4
4 152702 1942 3797 1 1 1 0.4
4 127780 1943 3178 1 10 0 0.4
4 150131 1948 3202 1 10 0 0.4
4 156373 1950 4313 1 10 1 0.4
4 90642 1953 2267 1 1 1 0.4
4 71574 1955 1860 1 10 1 0.4
4 152584 1957 4115 1 50 0 0.4
4 139419 1959 2951 1 1 0 0.4
4 124296 1959 3069 1 50 1 0.4
4 116891 1960 3416 1 10 1 0.4
4 146372 1966 3369 1 50 1 0.4
4 122485 1967 3647 1 50 0 0.4
4 103470 1967 2742 1 1 0 0.4
4 131688 1967 3058 1 1 1 0.4
4 95712 1968 2578 1 1 0 0.4
4 160719 1970 3411 1 10 1 0.4
4 118449 1971 3186 1 1 0 0.4
4 77818 1976 1598 1 1 1 0.4
4 72940 1982 2149 1 1 1 0.4
4 173779 1987 4154 1 50 0 0.4
4 109932 1988 2414 1 10 0 0.4
4 76407 1990 1665 1 1 0 0.4
4 109443 1990 2601 1 50 0 0.4
4 91826 1996 2232 1 1 0 0.4
4 179191 1998 4979 1 1 1 0.4
4 98577 1998 2482 1 1 0 0.4
4 82062 2001 2304 1 1 1 0.4
4 81208 2002 2108 1 10 1 0.4
4 166498 2002 4114 1 1 1 0.4
4 77631 2003 2032 1 10 0 0.4
4 124471 2004 2930 1 1 0 0.4
4 125427 2006 2647 1 50 0 0.4
4 129220 2010 2773 1 1 1 0.4
4 151028 2013 3430 1 1 1 0.4
4 115545 2014 3283 1 1 1 0.4
4 142735 2015 3628 1 10 1 0.4
4 177175 2016 4947 1 1 0 0.4
4 177359 2018 4989 1 1 1 0.4
4 74614 2026 1613 1 10 0 0.4
4 165788 2029 3892 1 1 0 0.4
4 76972 2030 2276 1 1 1 0.4
4 145680 2031 3144 1 1 0 0.4
4 160630 2034 3255 1 10 0 0.4
4 149448 2037 4176 1 10 0 0.4
4 148353 2038 3586 1 1 0 0.4
4 109024 2040 2945 1 1 0 0.4
4 127645 2040 2991 1 10 1 0.4
4 167323 2044 4759 1 10 0 0.4
4 70461 2044 2062 1 50 0 0.4
4 129001 2046 3560 1 10 0 0.4
4 173764 2046 5003 1 1 1 0.4
4 140418 2047 3082 1 1 0 0.4
4 163922 2049 4015 1 1 1 0.4
4 159397 2052 3502 1 1 1 0.4
4 153875 2052 3437 1 1 0 0.4
4 75794 2054 2167 1 1 1 0.4
4 88393 2054 2227 1 1 0 0.4
4 168117 2060 3598 1 1 1 0.4
4 98989 2066 2171 1 1 0 0.4
4 165896 2070 3450 1 1 0 0.4
4 178785 2071 4758 1 1 1 0.4
4 109018 2075 2811 1 1 0 0.4
4 169885 2075 4561 1 1 0 0.4
4 140958 2078 4157 1 1 0 0.4
4 117941 2079 2459 1 1 1 0.4
4 144074 2082 3752 1 1 1 0.4
4 178700 2089 3769 1 1 1 0.4
4 136553 2090 3614 1 1 0 0.4
4 148190 2090 3694 1 1 1 0.4
4 122900 2092 3244 1 10 0 0.4
4 83665 2093 1776 1 10 0 0.4
4 128984 2094 2752 1 10 0 0.4
4 73855 2097 1527 1 1 0 0.4
4 92347 2102 1920 1 1 0 0.4
4 152535 2103 4113 1 1 0 0.4
4 165259 2104 3983 1 50 0 0.4
4 142066 2104 3586 1 1 0 0.4
4 95678 2106 2363 1 10 0 0.4
4 80886 2107 2118 1 1 0 0.4
4 108866 2109 3125 1 1 1 0.4
4 125054 2110 3277 1 1 1 0.4
4 121543 2114 2803 1 1 1 0.4
4 67496 2114 1706 1 1 0 0.4
4 129020 2118 3725 1 10 1 0.4
4 68811 2118 1693 1 1 0 0.4
4 161117 2120 3841 1 1 1 0.4
4 166942 2126 3819 1 1 0 0.4
4 158030 2127 3570 1 10 0 0.4
4 128358 2128 2988 1 1 0 0.4
4 92103 2134 1957 1 1 1 0.4
4 136972 2137 3554 1 10 0 0.4
4 70190 2138 1869 1 10 0 0.4
4 135685 2139 3958 1 1 1 0.4
4 96178 2151 2681 1 1 1 0.4
4 143169 2151 3845 1 10 0 0.4
4 66447 2152 1440 1 10 1 0.4
4 172158 2152 4647 1 1 1 0.4
4 106166 2155 2362 1 1 0 0.4
4 149874 2167 4265 1 10 0 0.4
4 148405 2168 3089 1 10 1 0.4
4 78706 2168 2092 1 50 1 0.4
4 125528 2169 3046 1 10 1 0.4
4 168400 2171 3394 1 1 1 0.4
4 72350 2173 1664 1 1 1 0.4
4 152162 2174 3353 1 10 1 0.4
4 163581 2175 4739 1 1 1 0.4
4 71901 2178 1785 1 1 0 0.4
4 149298 2179 3136 1 50 0 0.4
4 162163 2180 4456 1 1 0 0.4
4 94748 2183 2046 1 1 1 0.4
4 85732 2185 2414 1 1 1 0.4
4 109739 2188 2747 1 1 1 0.4
4 140077 2193 4002 1 10 1 0.4
4 143183 2201 4283 1 10 1 0.4
4 146099 2202 3275 1 1 0 0.4
4 98465 2204 2035 1 1 1 0.4
4 83883 2207 1786 1 1 0 0.4
4 79051 2208 1970 1 1 0 0.4
4 175383 2213 4390 1 1 1 0.4
4 161350 2215 4443 1 10 0 0.4
4 143239 2216 4143 1 10 1 0.4
4 158081 2219 3835 1 1 1 0.4
4 106894 2219 2138 1 10 1 0.4
4 98412 2225 2106 1 1 0 0.4
4 146044 2227 3154 1 1 1 0.4
4 107503 2228 2174 1 10 1 0.4
4 136356 2229 3715 1 10 1 0.4
4 64233 2230 1832 1 1 1 0.4
4 97436 2231 2246 1 10 1 0.4
4 125821 2236 2718 1 1 1 0.4
4 179101 2237 4145 1 1 1 0.4
4 157526 2237 3965 1 50 1 0.4
4 139111 2239 4017 1 10 1 0.4
4 136989 2244 3435 1 1 0 0.4
4 117725 2245 2837 1 1 0 0.4
4 126695 2245 2688 1 10 1 0.4
4 151032 2255 3655 1 1 0 0.4
4 78797 2257 2276 1 50 0 0.4
4 178113 2259 3822 1 50 1 0.4
4 164568 2259 4515 1 1 1 0.4
4 132040 2262 3307 1 10 1 0.4
4 68956 2264 1751 1 1 0 0.4
4 141058 2265 4088 1 1 1 0.4
4 118041 2269 3342 1 1 0 0.4
4 70449 2269 1480 1 10 0 0.4
4 147070 2279 3418 1 10 1 0.4
4 141156 2279 4184 1 50 0 0.4
4 67582 2281 1636 1 1 1 0.4
4 123105 2282 3390 1 1 1 0.4
4 84025 2285 1795 1 10 1 0.4
4 150439 2287 4070 1 10 1 0.4
4 132896 2287 3425 1 1 1 0.4
4 63876 2287 1877 1 1 1 0.4
4 111482 2291 3098 1 10 0 0.4
4 178645 2296 4323 1 10 1 0.4
4 108460 2296 2409 1 1 1 0.4
4 79062 2299 2217 1 50 0 0.4
4 91532 2300 1952 1 1 1 0.4
4 81446 2304 1962 1 1 0 0.4
4 124294 2305 3447 1 10 0 0.4
4 123243 2305 2588 1 1 1 0.4
4 91268 2305 2718 1 10 1 0.4
4 111498 2307 2670 1 1 1 0.4
4 151013 2313 3529 1 1 1 0.4
4 176760 2314 4866 1 1 0 0.4
4 99052 2319 2774 1 10 1 0.4
4 125081 2319 3686 1 10 1 0.4
4 82203 2321 2185 1 1 0 0.4
4 76168 2322 1998 1 10 0 0.4
4 75350 2324 1778 1 1 0 0.4
4 162012 2329 3318 1 1 0 0.4
4 162443 2333 3606 1 1 1 0.4
4 85169 2333 1831 1 1 1 0.4
4 101989 2335 2611 1 10 0 0.4
4 101190 2337 2476 1 1 1 0.4
4 170782 2340 4465 1 1 0 0.4
4 84364 2341 2307 1 10 1 0.4
4 89302 2345 1803 1 1 1 0.4
4 134962 2348 3855 1 1 1 0.4
4 62409 2349 1589 1 10 0 0.4
4 105171 2350 2873 1 10 0 0.4
4 122027 2351 2576 1 1 0 0.4
4 79981 2354 2379 1 10 1 0.4
4 68720 2357 1411 1 1 0 0.4
4 126633 2361 3587 1 10 1 0.4
4 167532 2362 4546 1 1 0 0.4
4 141602 2365 3889 1 1 1 0.4
4 95387 2365 2321 1 1 0 0.4
4 178836 2368 5146 1 10 1 0.4
4 167209 2370 4165 1 1 1 0.4
4 143198 2371 2952 1 50 1 0.4
4 177779 2372 4644 1 10 0 0.4
4 123764 2373 2870 1 10 1 0.4
4 158606 2376 3945 1 10 1 0.4
4 146908 2378 3659 1 1 1 0.4
4 90012 2378 2007 1 1 0 0.4
4 169167 2381 4360 1 1 1 0.4
4 145708 2382 3753 1 1 0 0.4
4 167023 2383 4644 1 1 0 0.4
4 71440 2387 1467 1 1 1 0.4
4 76282 2388 1597 1 1 0 0.4
4 162362 2393 3689 1 1 0 0.4
4 179800 2394 4958 1 10 0 0.4
4 127308 2394 2587 1 50 1 0.4
4 74380 2396 2033 1 10 0 0.4
4 113944 2397 2412 1 1 1 0.4
4 63694 2400 1720 1 10 0 0.4
4 82841 2403 1675 1 1 0 0.4
4 179731 2404 5070 1 1 1 0.4
4 169828 2408 4972 1 1 1 0.4
4 160802 2410 3300 1 1 1 0.4
4 114505 2412 2578 1 1 1 0.4
4 179257 2412 4314 1 10 0 0.4
4 171119 2415 4749 1 10 0 0.4
4 68565 2416 2030 1 10 0 0.4
4 73394 2416 1670 1 1 1 0.4
4 104580 2416 2913 1 1 0 0.4
4 162173 2417 3372 1 10 1 0.4
4 98347 2425 1996 1 1 0 0.4
4 156175 2427 4587 1 10 1 0.4
4 151507 2430 3284 1 1 1 0.4
4 77052 2431 2195 1 50 1 0.4
4 150283 2432 3477 1 10 0 0.4
4 95478 2433 2827 1 1 1 0.4
4 156889 2436 4294 1 1 0 0.4
4 76731 2441 1650 1 10 0 0.4
4 174458 2444 3504 1 1 1 0.4
4 116978 2444 2861 1 50 0 0.4
4 91385 2444 2134 1 1 0 0.4
4 179384 2446 4826 1 1 0 0.4
4 120903 2447 3540 1 1 1 0.4
4 83105 2447 2042 1 1 1 0.4
4 66582 2448 1886 1 50 1 0.4
4 144391 2448 3627 1 10 0 0.4
4 111557 2448 2437 1 50 1 0.4
4 163437 2450 3691 1 10 1 0.4
4 114940 2452 2594 1 1 1 0.4
4 75638 2457 1546 1 1 0 0.4
4 177632 2459 4024 1 1 1 0.4
4 71680 2464 2127 1 1 0 0.4
4 68335 2466 1393 1 1 1 0.4
4 118644 2469 3302 1 10 1 0.4
4 60974 2469 1328 1 1 0 0.4
4 143693 2470 2963 1 1 0 0.4
4 73719 2476 1763 1 1 1 0.4
4 84168 2479 2008 1 1 1 0.4
4 94318 2483 2733 1 1 0 0.4
4 114371 2484 2403 1 10 0 0.4
4 142429 2487 3311 1 1 0 0.4
4 175640 2488 4295 1 10 0 0.4
4 89594 2489 1925 1 1 0 0.4
4 78021 2496 2097 1 10 0 0.4
4 81533 2497 2151 1 10 0 0.4
4 139448 2498 3093 1 1 0 0.4
4 110358 2499 3071 1 10 1 0.4
4 169180 2500 4521 1 1 0 0.4
4 104542 2501 2891 1 1 1 0.4
4 76658 2503 1858 1 50 0 0.4
4 110203 2509 2546 1 10 1 0.4
4 127049 2509 3462 1 1 1 0.4
4 152777 2514 4572 1 1 0 0.4
4 65974 2518 1554 1 50 0 0.4
4 116266 2520 3160 1 1 1 0.4
4 160936 2522 4163 1 50 0 0.4
4 140267 2522 3649 1 1 1 0.4
4 166347 2522 3789 1 10 1 0.4
4 71875 2525 1505 1 1 0 0.4
4 116036 2525 2666 1 1 0 0.4
4 98473 2530 2270 1 10 0 0.4
4 63365 2532 1350 1 1 0 0.4
4 101169 2534 2180 1 50 1 0.4
4 176638 2535 3754 1 1 0 0.4
4 142962 2537 3132 1 1 1 0.4
4 133099 2539 3352 1 10 0 0.4
4 103767 2541 2098 1 10 1 0.4
4 164502 2542 3723 1 1 0 0.4
4 79816 2543 1857 1 1 0 0.4
4 130689 2548 3772 1 1 1 0.4
4 147817 2554 3311 1 10 0 0.4
4 92670 2555 2345 1 1 1 0.4
4 73757 2557 1753 1 50 0 0.4
4 77678 2562 1599 1 1 0 0.4
4 115740 2564 2649 1 10 0 0.4
4 116199 2565 2485 1 1 1 0.4
4 68100 2565 1593 1 1 0 0.4
4 88649 2565 2227 1 10 0 0.4
4 103007 2576 2821 1 1 0 0.4
4 121138 2576 2534 1 1 0 0.4
4 94262 2576 2316 1 1 0 0.4
4 148099 2579 4056 1 10 1 0.4
4 126795 2579 3766 1 1 1 0.4
4 145785 2580 3367 1 10 0 0.4
4 147818 2582 4113 1 50 0 0.4
4 98672 2582 2286 1 50 0 0.4
4 158611 2586 4656 1 10 0 0.4
4 137401 2590 3560 1 1 1 0.4
4 165162 2592 3604 1 1 0 0.4
4 98010 2593 2741 1 1 1 0.4
4 176774 2594 4344 1 10 0 0.4
4 86433 2602 2544 1 1 1 0.4
4 112767 2603 2727 1 10 1 0.4
4 152378 2603 3321 1 1 1 0.4
4 167948 2603 3420 1 1 0 0.4
4 146335 2605 4154 1 1 1 0.4
4 169420 2611 5079 1 10 0 0.4
4 150679 2613 3564 1 1 0 0.4
4 107696 2614 2890 1 10 0 0.4
4 145210 2616 3112 1 10 0 0.4
4 163325 2617 3869 1 10 0 0.4
4 111568 2625 2455 1 10 0 0.4
4 85838 2625 1893 1 1 0 0.4
4 160030 2631 4689 1 1 1 0.4
4 107434 2634 3198 1 10 1 0.4
4 163012 2642 3677 1 50 0 0.4
4 67688 2646 1673 1 50 1 0.4
4 178334 2647 4351 1 10 0 0.4
4 135968 2648 3862 1 10 1 0.4
4 113725 2655 2348 1 1 0 0.4
4 156465 2659 3963 1 10 1 0.4
4 72775 2660 1661 1 10 0 0.4
4 111089 2662 3090 1 10 0 0.4
4 133472 2668 2939 1 10 0 0.4
4 157947 2668 4309 1 1 1 0.4
4 103387 2670 2326 1 1 0 0.4
4 134982 2671 3358 1 1 1 0.4
4 175985 2673 4767 1 10 0 0.4
4 119937 2673 3209 1 10 0 0.4
4 108831 2673 3047 1 1 0 0.4
4 66587 2674 1518 1 1 0 0.4
4 90389 2676 2073 1 1 0 0.4
4 166240 2677 4604 1 1 1 0.4
4 178535 2683 3614 1 10 1 0.4
4 110244 2683 3117 1 1 0 0.4
4 65097 2691 1868 1 1 0 0.4
4 162309 2697 3857 1 50 0 0.4
4 135065 2698 2940 1 50 0 0.4
4 132819 2701 2689 1 1 1 0.4
4 98586 2705 2187 1 1 1 0.4
4 132492 2705 3697 1 10 0 0.4
4 84237 2715 1878 1 1 0 0.4
4 163726 2717 4032 1 1 0 0.4
4 105372 2718 3005 1 1 1 0.4
4 139827 2721 3482 1 10 0 0.4
4 131999 2726 3541 1 1 0 0.4
4 70032 2731 1877 1 1 0 0.4
4 77415 2732 1678 1 50 1 0.4
4 134253 2742 3513 1 1 1 0.4
4 62931 2744 1442 1 1 0 0.4
4 125688 2744 3389 1 1 1 0.4
4 62791 2746 1372 1 10 0 0.4
4 119836 2746 2694 1 10 1 0.4
4 119995 2747 3249 1 1 0 0.4
4 110073 2750 2540 1 1 0 0.4
4 137863 2751 3513 1 1 1 0.4
4 133983 2752 3576 1 10 0 0.4
4 112140 2755 2966 1 10 1 0.4
4 69966 2756 1421 1 10 0 0.4
4 163602 2759 3641 1 1 1 0.4
4 145806 2762 3491 1 1 0 0.4
4 103196 2765 2156 1 1 0 0.4
4 116532 2768 2465 1 1 1 0.4
4 97652 2770 2295 1 50 1 0.4
4 64492 2770 1872 1 1 0 0.4
4 60694 2770 1713 1 1 1 0.4
4 176034 2772 3648 1 50 1 0.4
4 96284 2773 1957 1 50 0 0.4
4 133625 2777 3489 1 1 0 0.4
4 114686 2777 2552 1 10 0 0.4
4 83001 2780 1764 1 50 1 0.4
4 149953 2781 4471 1 1 1 0.4
4 117649 2785 2516 1 1 1 0.4
4 97085 2787 2260 1 1 1 0.4
4 133266 2792 3823 1 1 0 0.4
4 163967 2794 3727 1 10 1 0.4
4 155901 2796 3893 1 1 1 0.4
4 153872 2798 3786 1 1 1 0.4
4 127792 2807 3016 1 1 0 0.4
4 163516 2807 3627 1 50 1 0.4
4 113554 2807 3150 1 1 0 0.4
4 157268 2807 4566 1 10 0 0.4
4 174089 2810 3882 1 50 1 0.4
4 88413 2813 2348 1 1 0 0.4
4 130933 2815 3649 1 1 1 0.4
4 113819 2816 2522 1 10 0 0.4
4 85201 2821 2418 1 10 1 0.4
4 102139 2822 2425 1 10 0 0.4
4 148991 2829 3053 1 50 1 0.4
4 118546 2838 2648 1 10 0 0.4
4 159518 2841 4327 1 1 0 0.4
4 96646 2842 2061 1 1 0 0.4
4 97440 2846 2286 1 50 1 0.4
4 65417 2851 1961 1 1 0 0.4
4 163646 2854 3596 1 1 1 0.4
4 74494 2854 1723 1 10 0 0.4
4 68233 2856 1447 1 1 1 0.4
4 152102 2857 4378 1 1 1 0.4
4 67719 2858 1969 1 1 0 0.4
4 90096 2860 2567 1 10 1 0.4
4 77406 2864 1704 1 1 0 0.4
4 169002 2865 4358 1 1 0 0.4
4 86558 2870 1761 1 1 0 0.4
4 137563 2881 4103 1 1 1 0.4
4 174552 2885 4805 1 1 1 0.4
4 138544 2889 3704 1 10 0 0.4
4 151918 2890 4528 1 1 0 0.4
4 155722 2894 3219 1 10 1 0.4
4 155665 2898 3848 1 1 1 0.4
4 172494 2901 5052 1 1 1 0.4
4 124731 2904 3626 1 1 0 0.4
4 146103 2910 3012 1 10 0 0.4
4 177027 2910 3631 1 1 1 0.4
4 167086 2912 4817 1 10 1 0.4
4 73983 2914 1783 1 10 1 0.4
4 145569 2919 4079 1 1 1 0.4
4 139728 2919 3227 1 10 0 0.4
4 151709 2920 3954 1 10 0 0.4
4 100137 2920 2943 1 10 1 0.4
4 101235 2922 2820 1 1 0 0.4
4 175258 2927 4043 1 1 0 0.4
4 126853 2927 3518 1 1 0 0.4
4 130498 2930 3203 1 1 1 0.4
4 178531 2931 3971 1 10 1 0.4
4 157591 2933 4499 1 10 0 0.4
4 91261 2935 1864 1 1 0 0.4
4 127417 2937 3303 1 1 0 0.4
4 68945 2937 1828 1 50 0 0.4
4 97835 2940 2831 1 10 0 0.4
4 124006 2942 3221 1 10 1 0.4
4 108057 2947 2408 1 10 0 0.4
4 96619 2950 2059 1 50 1 0.4
4 85070 2951 2235 1 1 1 0.4
4 70299 2952 1421 1 1 0 0.4
4 134019 2963 3153 1 1 1 0.4
4 114630 2966 2392 1 1 1 0.4
4 92728 2970 2522 1 1 1 0.4
4 60977 2971 1291 1 10 1 0.4
4 87271 2974 2600 1 1 0 0.4
4 155747 2974 3600 1 1 1 0.4
4 114291 2977 3159 1 1 1 0.4
4 125048 2977 2883 1 1 0 0.4
4 135848 2983 3394 1 50 0 0.4
4 111175 2985 3215 1 1 1 0.4
4 168800 2986 3933 1 1 0 0.4
4 137503 2986 3203 1 1 0 0.4
4 140168 2989 3035 1 1 0 0.4
4 75620 2989 1607 1 1 0 0.4
4 161422 2991 4373 1 1 0 0.4
4 151621 2995 4244 1 1 0 0.4
4 162948 2995 3826 1 1 1 0.4
4 85197 3000 2127 1 1 0 0.4
4 177820 3001 4369 1 10 1 0.4
4 101296 3004 2516 1 10 1 0.4
4 141637 3006 3819 1 50 0 0.4
4 119379 3009 2983 1 1 0 0.4
4 67330 3010 1375 1 1 1 0.4
4 121005 3012 2805 1 10 0 0.4
4 108746 3013 3172 1 1 0 0.4
4 88098 3028 2318 1 1 0 0.4
4 104804 3032 3073 1 1 0 0.4
4 124877 3032 3179 1 1 0 0.4
4 61162 3033 1430 1 1 0 0.4
4 121511 3033 2868 1 1 0 0.4
4 96427 3033 2210 1 10 0 0.4
4 96115 3034 2287 1 1 1 0.4
4 111070 3035 2346 1 10 1 0.4
4 88649 3036 2114 1 1 0 0.4
4 78496 3038 1616 1 1 0 0.4
4 175533 3039 4140 1 10 1 0.4
4 96094 3044 2401 1 1 0 0.4
4 114991 3044 2500 1 10 0 0.4
4 135553 3048 3668 1 10 1 0.4
4 60731 3049 1332 1 10 0 0.4
4 172313 3053 4408 1 1 1 0.4
4 128982 3054 2583 1 1 0 0.4
4 146748 3055 4242 1 1 1 0.4
4 60614 3055 1579 1 10 0 0.4
4 104796 3057 3005 1 10 1 0.4
4 104429 3057 2713 1 1 0 0.4
4 159888 3057 3412 1 1 0 0.4
4 106017 3061 3051 1 50 1 0.4
4 118534 3066 3542 1 1 1 0.4
4 138291 3066 2824 1 1 0 0.4
4 60029 3068 1571 1 1 0 0.4
4 102320 3070 2122 1 1 1 0.4
4 120931 3072 3590 1 1 0 0.4
4 119945 3075 2906 1 1 0 0.4
4 178023 3078 5016 1 1 0 0.4
4 148019 3079 4072 1 10 1 0.4
4 130004 3085 3671 1 10 0 0.4
4 74110 3087 1512 1 1 0 0.4
4 89686 3087 2029 1 1 0 0.4
4 84499 3091 1987 1 1 1 0.4
4 118849 3099 3310 1 1 1 0.4
4 107049 3099 2894 1 1 0 0.4
4 96320 3103 2857 1 1 1 0.4
4 80005 3105 1974 1 1 0 0.4
4 149665 3106 3269 1 1 0 0.4
4 173840 3106 3748 1 10 0 0.4
4 96812 3110 2496 1 10 0 0.4
4 70594 3111 1411 1 10 1 0.4
4 177050 3113 3924 1 1 1 0.4
4 156043 3115 3984 1 1 0 0.4
4 115769 3116 2365 1 10 0 0.4
4 175136 3116 4690 1 10 1 0.4
4 179907 3119 4499 1 10 0 0.4
4 62643 3119 1317 1 1 1 0.4
4 112615 3122 2849 1 50 1 0.4
4 106795 3123 2986 1 1 1 0.4
4 61892 3124 1585 1 1 0 0.4
4 61015 3124 1505 1 50 1 0.4
4 110629 3128 2926 1 10 0 0.4
4 168562 3128 4785 1 1 1 0.4
4 135368 3132 3110 1 10 0 0.4
4 178922 3133 3836 1 1 1 0.4
4 146718 3138 4238 1 1 0 0.4
4 89657 3139 2412 1 10 1 0.4
4 103815 3145 2741 1 10 0 0.4
4 127691 3145 3375 1 10 0 0.4
4 80313 3145 2146 1 1 0 0.4
4 102444 3148 2839 1 1 1 0.4
4 79816 3152 1842 1 1 0 0.4
4 106014 3154 2639 1 1 1 0.4
4 167201 3155 4346 1 50 0 0.4
4 69480 3157 1735 1 1 1 0.4
4 75347 3158 1516 1 1 1 0.4
4 104277 3159 2360 1 10 1 0.4
4 83228 3160 2009 1 1 1 0.4
4 98633 3161 2589 1 1 1 0.4
4 131380 3162 3158 1 10 0 0.4
4 62768 3168 1351 1 10 1 0.4
4 172063 3170 4806 1 1 0 0.4
4 75354 3170 1691 1 1 0 0.4
4 90391 3173 2397 1 1 0 0.4
4 99402 3177 2364 1 1 0 0.4
4 87234 3179 2279 1 1 1 0.4
4 129596 3179 3404 1 1 0 0.4
4 158597 3180 3305 1 1 0 0.4
4 87992 3185 2061 1 50 0 0.4
4 127950 3185 3259 1 50 1 0.4
4 65992 3185 1618 1 1 1 0.4
4 83339 3188 2220 1 1 1 0.4
4 174819 3190 4705 1 10 1 0.4
4 146517 3190 3874 1 10 1 0.4
4 174276 3191 4549 1 1 0 0.4
4 176317 3191 3780 1 1 1 0.4
4 172659 3194 4873 1 1 1 0.4
4 62786 3198 1269 1 10 1 0.4
4 172207 3201 4086 1 1 1 0.4
4 117841 3213 3015 1 50 0 0.4
4 119649 3214 2571 1 10 1 0.4
4 63311 3217 1278 1 1 0 0.4
4 90949 3220 1995 1 1 0 0.4
4 70848 3221 1623 1 1 0 0.4
4 92968 3223 1891 1 1 1 0.4
4 132276 3223 2930 1 1 0 0.4
4 115996 3223 2820 1 1 1 0.4
4 102301 3223 2384 1 1 1 0.4
4 154533 3225 4627 1 10 0 0.4
4 64854 3225 1921 1 10 0 0.4
4 122719 3230 2480 1 1 1 0.4
4 64916 3234 1808 1 1 0 0.4
4 94902 3237 2759 1 1 0 0.4
4 112709 3239 2581 1 10 1 0.4
4 148450 3243 3364 1 1 1 0.4
4 60888 3247 1313 1 1 1 0.4
4 116804 3251 3345 1 1 0 0.4
4 71371 3257 1580 1 10 1 0.4
4 151819 3260 4465 1 10 1 0.4
4 166488 3267 3995 1 1 1 0.4
4 103670 3268 2448 1 1 0 0.4
4 84979 3276 2225 1 1 1 0.4
4 159112 3282 3350 1 1 0 0.4
4 131197 3288 3273 1 10 0 0.4
4 122928 3289 3667 1 1 1 0.4
4 96570 3290 2716 1 1 1 0.4
4 133725 3293 3896 1 1 1 0.4
4 83559 3295 2396 1 10 1 0.4
4 85400 3298 2491 1 1 0 0.4
4 161393 3300 3332 1 10 0 0.4
4 153407 3303 3470 1 10 0 0.4
4 160383 3303 3908 1 1 1 0.4
4 96181 3305 2552 1 50 1 0.4
4 177930 3309 4170 1 1 1 0.4
4 65138 3312 1435 1 1 0 0.4
4 108266 3314 3037 1 1 1 0.4
4 166350 3317 3614 1 1 0 0.4
4 114996 3319 2994 1 1 1 0.4
4 79950 3327 2079 1 10 1 0.4
4 97581 3333 2403 1 1 0 0.4
4 160494 3336 4352 1 1 0 0.4
4 123023 3338 2874 1 1 0 0.4
4 99445 3339 2742 1 50 1 0.4
4 169712 3343 4605 1 50 1 0.4
4 133054 3345 2976 1 10 1 0.4
4 168866 3346 3670 1 1 0 0.4
4 133087 3347 3923 1 1 0 0.4
4 117905 3347 3527 1 1 0 0.4
4 77892 3347 2187 1 1 1 0.4
4 159885 3354 3668 1 1 1 0.4
4 89962 3356 1936 1 10 1 0.4
4 127137 3356 3380 1 1 1 0.4
4 162093 3359 3904 1 1 1 0.4
4 93831 3362 2774 1 1 1 0.4
4 114793 3365 2493 1 50 1 0.4
4 76735 3368 2059 1 50 0 0.4
4 148733 3375 4088 1 10 0 0.4
4 78565 3376 2200 1 10 1 0.4
4 111669 3378 3173 1 50 1 0.4
4 75030 3383 1596 1 50 0 0.4
4 125791 3384 2603 1 1 0 0.4
4 176520 3384 3862 1 10 1 0.4
4 110916 3385 2918 1 1 1 0.4
4 129825 3387 2975 1 1 1 0.4
4 177593 3387 5021 1 1 1 0.4
4 114367 3389 2914 1 1 1 0.4
4 98001 3395 2708 1 10 0 0.4
4 161006 3396 3759 1 10 0 0.4
4 67543 3397 1847 1 10 1 0.4
4 108716 3398 2395 1 1 1 0.4
4 118974 3401 3511 1 1 1 0.4
4 153531 3402 3334 1 1 0 0.4
4 115234 3407 3378 1 50 0 0.4
4 135200 3411 2749 1 10 0 0.4
4 60026 3412 1280 1 1 1 0.4
4 115069 3414 2595 1 1 0 0.4
4 98900 3417 2798 1 1 0 0.4
4 63361 3425 1863 1 10 1 0.4
4 114421 3425 3018 1 50 1 0.4
4 119267 3430 2706 1 1 1 0.4
4 174422 3430 4892 1 1 0 0.4
4 133517 3431 3760 1 1 0 0.4
4 68153 3439 1929 1 1 0 0.4
4 65744 3441 1810 1 10 1 0.4
4 175967 3442 4306 1 1 0 0.4
4 111029 3444 2589 1 1 0 0.4
4 98779 3444 2077 1 1 1 0.4
4 159433 3448 3471 1 10 0 0.4
4 158774 3448 3876 1 10 0 0.4
4 108842 3452 3182 1 1 1 0.4
4 105252 3454 3005 1 1 0 0.4
4 118344 3456 3034 1 1 1 0.4
4 142433 3456 3950 1 10 0 0.4
4 127637 3462 3521 1 50 1 0.4
4 170919 3465 4990 1 10 0 0.4
4 74053 3467 1527 1 1 1 0.4
4 131282 3467 3337 1 50 0 0.4
4 170573 3469 4107 1 10 0 0.4
4 68177 3470 1862 1 10 0 0.4
4 158422 3473 3286 1 1 0 0.4
4 106815 3474 2866 1 1 1 0.4
4 81275 3476 2326 1 1 1 0.4
4 112480 3478 2975 1 10 0 0.4
4 124561 3479 2819 1 10 1 0.4
4 98674 3479 2102 1 50 0 0.4
4 137729 3482 3430 1 1 1 0.4
4 163300 3484 3602 1 10 0 0.4
4 113887 3485 2306 1 1 1 0.4
4 71284 3486 1589 1 1 0 0.4
4 157050 3489 3352 1 10 1 0.4
4 113036 3490 2500 1 1 0 0.4
4 164818 3498 3852 1 10 1 0.4
4 110354 3500 3101 1 10 1 0.4
4 147061 3501 2966 1 1 1 0.4
4 140813 3508 3966 1 10 0 0.4
4 75954 3510 1903 1 1 0 0.4
4 88789 3511 2364 1 10 0 0.4
4 170479 3514 4119 1 10 0 0.4
4 122729 3520 3146 1 50 1 0.4
4 84555 3521 2424 1 10 1 0.4
4 81424 3521 1804 1 10 0 0.4
4 151167 3521 3734 1 1 0 0.4
4 87667 3522 2473 1 10 1 0.4
4 76247 3525 1987 1 50 0 0.4
4 86234 3526 2252 1 10 1 0.4
4 89633 3527 2522 1 10 1 0.4
4 63443 3530 1364 1 1 1 0.4
4 123961 3530 2867 1 50 0 0.4
4 146626 3532 3236 1 1 0 0.4
4 176129 3535 4789 1 1 0 0.4
4 132231 3536 3528 1 1 0 0.4
4 164999 3538 3868 1 1 0 0.4
4 154256 3539 4056 1 10 1 0.4
4 176762 3539 3690 1 1 1 0.4
4 169721 3540 4936 1 1 0 0.4
4 167668 3541 4855 1 10 1 0.4
4 71073 3543 2083 1 10 0 0.4
4 140315 3543 3472 1 1 1 0.4
4 148743 3556 3418 1 1 1 0.4
4 97151 3560 2383 1 10 0 0.4
4 129300 3567 3570 1 50 1 0.4
4 126769 3570 3453 1 10 0 0.4
4 165920 3571 4468 1 1 1 0.4
4 132837 3574 2987 1 10 1 0.4
4 89584 3579 1962 1 1 0 0.4
4 146447 3581 4245 1 1 1 0.4
4 166809 3582 4357 1 1 1 0.4
4 90841 3584 2272 1 10 0 0.4
4 172855 3585 4615 1 1 1 0.4
4 168604 3586 3863 1 10 0 0.4
4 94799 3586 2695 1 1 1 0.4
4 130466 3592 3443 1 1 0 0.4
4 76999 3593 1663 1 10 1 0.4
4 88618 3596 2485 1 1 1 0.4
4 117912 3599 2458 1 50 1 0.4
