1500
0 145602 0 2989 1 1 0 1.0
0 165916 1 3746 1 1 0 1.0
0 76281 4 2237 1 1 0 1.0
0 75818 6 1931 1 1 0 1.0
0 173738 8 4923 1 1 1 1.0
0 106696 13 2649 1 10 0 1.0
0 63966 19 1395 1 50 1 1.0
0 70284 26 1634 1 1 1 1.0
0 115426 29 2521 1 1 1 1.0
0 166652 30 4654 1 1 1 1.0
0 169765 33 4612 1 10 0 1.0
0 111046 37 2591 1 10 0 1.0
0 129071 43 2681 1 1 1 1.0
0 160831 46 3809 1 10 0 1.0
0 151164 47 4043 1 1 1 1.0
0 174166 48 4504 1 10 1 1.0
0 100220 49 2716 1 50 0 1.0
0 121829 53 3425 1 1 0 1.0
0 139897 54 3648 1 1 1 1.0
0 83372 56 2127 1 10 1 1.0
0 66452 65 1805 1 1 1 1.0
0 135702 66 3971 1 10 0 1.0
0 165929 72 4210 1 1 0 1.0
0 72693 73 1465 1 1 0 1.0
0 122659 75 3478 1 10 1 1.0
0 77482 78 1754 1 10 1 1.0
0 174505 78 4326 1 1 1 1.0
0 96687 78 2449 1 1 1 1.0
0 87786 81 2284 1 1 1 1.0
0 131632 81 2632 1 1 0 1.0
0 63736 81 1667 1 1 1 1.0
0 66221 84 1967 1 1 0 1.0
0 134329 85 2711 1 1 1 1.0
0 109186 86 3138 1 1 0 1.0
0 97303 91 2509 1 1 1 1.0
0 106446 91 2547 1 10 0 1.0
0 87805 94 2150 1 1 0 1.0
0 111789 97 2715 1 10 0 1.0
0 127936 105 2805 1 1 1 1.0
0 173004 106 4119 1 1 1 1.0
0 160267 109 4126 1 1 0 1.0
0 61037 109 1281 1 1 0 1.0
0 112224 112 2842 1 50 1 1.0
0 125062 114 2944 1 1 1 1.0
0 109702 115 3187 1 50 0 1.0
0 119318 116 3541 1 1 0 1.0
0 89252 117 1960 1 10 0 1.0
0 136009 121 3167 1 10 0 1.0
0 129152 121 3595 1 10 1 1.0
0 107976 121 2885 1 10 0 1.0
0 175908 122 4892 1 50 1 1.0
0 176486 123 3987 1 10 0 1.0
0 109296 123 2976 1 10 1 1.0
0 76788 124 1826 1 10 0 1.0
0 175665 127 4302 1 1 0 1.0
0 96776 129 2097 1 1 1 1.0
0 172638 131 4698 1 10 1 1.0
0 95449 132 2125 1 1 1 1.0
0 145508 133 3201 1 1 1 1.0
0 150216 136 4386 1 10 1 1.0
0 172173 136 5001 1 10 1 1.0
0 68203 137 1492 1 1 0 1.0
0 114187 138 2830 1 1 1 1.0
0 80080 140 1898 1 1 0 1.0
0 78261 141 1918 1 10 1 1.0
0 113577 143 3024 1 1 0 1.0
0 177603 152 4002 1 10 1 1.0
0 161264 153 3721 1 1 1 1.0
0 139267 154 3971 1 1 1 1.0
0 164606 155 3456 1 1 0 1.0
0 97167 156 2830 1 1 0 1.0
0 94290 161 2576 1 1 0 1.0
0 105350 167 2821 1 1 0 1.0
0 83767 170 2376 1 50 1 1.0
0 174991 170 3878 1 10 0 1.0
0 114982 176 3112 1 1 1 1.0
0 143599 178 3161 1 1 1 1.0
0 126504 181 3717 1 10 0 1.0
0 178285 182 4802 1 1 0 1.0
0 70180 183 1899 1 1 1 1.0
0 101511 184 2316 1 10 0 1.0
0 71899 185 1687 1 1 0 1.0
0 133569 186 3308 1 10 1 1.0
0 149992 187 4422 1 50 1 1.0
0 102586 190 2287 1 10 0 1.0
0 144730 190 3439 1 10 0 1.0
0 159864 191 4743 1 1 0 1.0
0 68979 199 2045 1 1 1 1.0
0 80523 199 2240 1 1 0 1.0
0 139670 201 3831 1 1 1 1.0
0 136599 201 3330 1 50 0 1.0
0 178235 202 4720 1 1 1 1.0
0 171026 204 4568 1 10 1 1.0
0 113912 208 2315 1 1 0 1.0
0 72663 210 1560 1 1 0 1.0
0 124753 212 2831 1 1 0 1.0
0 157333 213 4062 1 1 0 1.0
0 161668 216 4468 1 10 1 1.0
0 88028 217 2009 1 1 1 1.0
0 87405 220 2312 1 1 1 1.0
0 91037 224 2604 1 10 1 1.0
0 132403 225 3534 1 1 1 1.0
0 92748 227 2744 1 1 0 1.0
0 159494 227 3617 1 1 0 1.0
0 93445 230 2648 1 50 1 1.0
0 146606 231 4064 1 50 0 1.0
0 60348 232 1543 1 10 0 1.0
0 124135 234 2644 1 10 1 1.0
0 113577 236 3300 1 10 1 1.0
0 137486 237 2879 1 1 1 1.0
0 120095 243 3532 1 10 1 1.0
0 97243 251 2674 1 1 1 1.0
0 106894 257 2282 1 10 0 1.0
0 136401 259 3983 1 1 0 1.0
0 157262 259 4712 1 1 0 1.0
0 146321 263 3130 1 1 0 1.0
0 163942 264 4072 1 10 0 1.0
0 135328 269 3302 1 10 0 1.0
0 166338 272 3603 1 10 0 1.0
0 128516 275 3399 1 50 0 1.0
0 71492 275 2011 1 1 0 1.0
0 128636 276 3162 1 10 0 1.0
0 134307 288 3168 1 50 0 1.0
0 169135 289 4127 1 1 1 1.0
0 171873 289 4700 1 10 1 1.0
0 93466 292 2000 1 1 0 1.0
0 175490 293 4658 1 1 1 1.0
0 121854 297 2772 1 10 0 1.0
0 145448 299 3079 1 1 1 1.0
0 70844 301 1478 1 50 1 1.0
0 174540 305 4155 1 1 0 1.0
0 132148 311 3776 1 1 1 1.0
0 124922 313 3356 1 10 1 1.0
0 178732 313 4277 1 1 1 1.0
0 72753 313 2163 1 10 0 1.0
0 151139 314 4514 1 50 1 1.0
0 101024 320 2869 1 1 0 1.0
0 159458 321 4622 1 10 0 1.0
0 157595 321 4661 1 1 1 1.0
0 150753 324 3368 1 1 0 1.0
0 73780 325 1849 1 10 1 1.0
0 151847 331 3983 1 1 1 1.0
0 118399 336 2777 1 1 1 1.0
0 122611 341 2609 1 10 0 1.0
0 148652 342 4049 1 1 0 1.0
0 159247 344 3203 1 10 0 1.0
0 80668 345 2054 1 1 1 1.0
0 149474 347 3988 1 50 1 1.0
0 145276 348 4313 1 10 0 1.0
0 166782 351 3958 1 1 0 1.0
0 96566 352 2062 1 10 0 1.0
0 108757 359 2700 1 10 1 1.0
0 118979 359 3122 1 10 0 1.0
0 140969 363 3755 1 1 1 1.0
0 119888 363 3302 1 10 0 1.0
0 83515 363 1751 1 1 1 1.0
0 144086 365 4049 1 1 0 1.0
0 61666 371 1722 1 1 1 1.0
0 164307 371 4408 1 1 0 1.0
0 68528 374 1909 1 1 1 1.0
0 66282 375 1633 1 1 1 1.0
0 117267 376 2880 1 1 1 1.0
0 68661 379 1577 1 1 0 1.0
0 132361 380 3291 1 1 1 1.0
0 85908 381 2453 1 1 0 1.0
0 79398 384 1649 1 50 1 1.0
0 118462 385 3418 1 1 1 1.0
0 170334 385 4542 1 10 0 1.0
0 78930 387 2019 1 1 0 1.0
0 151574 388 4534 1 1 1 1.0
0 110917 389 2741 1 1 1 1.0
0 120165 390 2955 1 1 0 1.0
0 127128 391 3127 1 1 0 1.0
0 110636 394 3098 1 10 0 1.0
0 85397 398 1863 1 1 0 1.0
0 123418 398 3286 1 1 1 1.0
0 72463 401 2059 1 1 1 1.0
0 114008 402 2875 1 1 1 1.0
0 179754 402 4697 1 1 0 1.0
0 152789 404 4185 1 1 0 1.0
0 147598 414 3604 1 1 1 1.0
0 146300 414 3866 1 50 0 1.0
0 167121 421 3381 1 10 0 1.0
0 91166 428 2446 1 1 0 1.0
0 145593 430 3917 1 10 0 1.0
0 82847 431 2405 1 1 0 1.0
0 118723 431 2914 1 10 0 1.0
0 108467 433 2834 1 1 1 1.0
0 179928 437 4527 1 1 0 1.0
0 121087 444 2876 1 10 1 1.0
0 141407 444 3919 1 1 1 1.0
0 115469 444 2384 1 50 1 1.0
0 150311 447 4017 1 10 0 1.0
0 94755 449 2065 1 10 1 1.0
0 179039 449 4671 1 1 1 1.0
0 168009 451 3974 1 50 0 1.0
0 152930 453 3545 1 1 0 1.0
0 127647 457 3748 1 10 0 1.0
0 120926 457 2548 1 1 1 1.0
0 67253 459 1650 1 50 1 1.0
0 83184 465 2190 1 1 1 1.0
0 120693 466 2742 1 1 1 1.0
0 117150 468 2569 1 1 1 1.0
0 161573 468 3242 1 1 1 1.0
0 151763 469 4342 1 1 1 1.0
0 111625 473 2338 1 1 0 1.0
0 134111 483 3578 1 10 0 1.0
0 111867 486 3018 1 10 0 1.0
0 108367 488 2314 1 1 0 1.0
0 100972 494 2318 1 1 1 1.0
0 110823 495 2314 1 1 1 1.0
0 61382 498 1777 1 1 1 1.0
0 127479 499 3361 1 10 0 1.0
0 119662 506 2590 1 10 0 1.0
0 128673 507 2721 1 1 1 1.0
0 154571 507 4190 1 10 1 1.0
0 157577 511 4465 1 1 0 1.0
0 127512 511 3610 1 10 1 1.0
0 154560 514 4164 1 10 1 1.0
0 138134 516 4061 1 1 0 1.0
0 142762 522 3740 1 1 1 1.0
0 123713 523 3178 1 1 0 1.0
0 150443 532 3622 1 1 1 1.0
0 101937 532 2236 1 1 1 1.0
0 81897 532 1789 1 50 1 1.0
0 92559 533 2638 1 1 1 1.0
0 95177 538 2785 1 1 1 1.0
0 60838 552 1268 1 1 1 1.0
0 90091 554 2637 1 10 1 1.0
0 88069 554 1799 1 1 1 1.0
0 154925 555 3636 1 1 1 1.0
0 73934 556 2028 1 1 1 1.0
0 74133 559 1734 1 1 0 1.0
0 151752 559 4283 1 10 1 1.0
0 114923 560 3051 1 10 0 1.0
0 119890 562 2443 1 1 0 1.0
0 114835 566 2371 1 1 0 1.0
0 88960 568 1968 1 10 1 1.0
0 100797 575 2060 1 10 1 1.0
0 70747 575 2036 1 50 1 1.0
0 177794 577 4739 1 10 0 1.0
0 159312 577 4701 1 10 1 1.0
0 77943 578 1650 1 1 0 1.0
0 135970 578 4009 1 10 1 1.0
0 170680 581 4583 1 1 1 1.0
0 97167 584 1979 1 1 1 1.0
0 72737 587 1825 1 10 1 1.0
0 60373 590 1520 1 1 1 1.0
0 117436 590 3429 1 1 0 1.0
0 178679 592 4588 1 1 1 1.0
0 137803 598 2774 1 1 0 1.0
0 140303 603 3171 1 1 0 1.0
0 66841 605 1973 1 10 1 1.0
0 71360 606 1589 1 1 0 1.0
0 163724 615 4741 1 1 0 1.0
0 141644 615 3060 1 1 0 1.0
0 83582 617 2328 1 1 0 1.0
0 86075 619 1926 1 10 1 1.0
0 84835 620 2319 1 1 0 1.0
0 136209 620 3212 1 1 1 1.0
0 92165 622 2331 1 1 0 1.0
0 102913 622 2922 1 1 1 1.0
0 112962 623 2269 1 1 1 1.0
0 157987 624 4058 1 50 0 1.0
0 60895 625 1488 1 1 0 1.0
0 164796 627 4316 1 1 0 1.0
0 68381 628 1649 1 1 1 1.0
0 70561 629 1589 1 10 0 1.0
0 71745 629 1915 1 1 0 1.0
0 142029 630 3929 1 10 1 1.0
0 155273 633 3136 1 10 0 1.0
0 163770 633 3413 1 1 0 1.0
0 126380 633 3727 1 1 0 1.0
0 131188 635 3535 1 1 0 1.0
0 170298 636 4524 1 10 0 1.0
0 158872 636 4033 1 10 0 1.0
0 155358 645 3828 1 10 0 1.0
0 116528 648 2745 1 1 0 1.0
0 125761 651 3507 1 10 0 1.0
0 76852 655 1756 1 50 1 1.0
0 112359 657 3185 1 1 0 1.0
0 170440 659 3742 1 10 1 1.0
0 111144 661 2528 1 1 1 1.0
0 90720 666 2271 1 1 0 1.0
0 140416 670 2852 1 10 1 1.0
0 111220 672 2652 1 10 1 1.0
0 83900 673 1938 1 1 0 1.0
0 176491 676 4493 1 50 1 1.0
0 60264 679 1488 1 50 1 1.0
0 72787 682 1628 1 10 0 1.0
0 78404 683 2254 1 10 1 1.0
0 81390 687 1661 1 10 0 1.0
0 93841 689 2211 1 1 0 1.0
0 178379 689 3892 1 1 1 1.0
0 82061 691 2328 1 10 0 1.0
0 159943 693 3815 1 50 1 1.0
0 67687 711 1833 1 1 1 1.0
0 128011 712 3677 1 1 1 1.0
0 133623 713 3065 1 1 1 1.0
0 107374 713 3204 1 1 1 1.0
0 124475 714 2688 1 10 1 1.0
0 156947 719 4227 1 10 0 1.0
0 130185 721 2664 1 1 1 1.0
0 94198 721 2145 1 50 0 1.0
0 90076 723 2155 1 1 0 1.0
0 71577 724 1696 1 1 1 1.0
0 69019 725 1602 1 50 1 1.0
0 156263 727 4444 1 10 0 1.0
0 110630 728 2626 1 10 0 1.0
0 122280 728 2873 1 10 1 1.0
0 112742 728 2436 1 1 0 1.0
0 144803 730 3388 1 1 0 1.0
0 134665 732 3353 1 1 1 1.0
0 153491 738 4523 1 10 0 1.0
0 115859 741 2688 1 1 0 1.0
0 137500 755 2776 1 1 1 1.0
0 111572 761 2978 1 50 1 1.0
0 166062 764 3642 1 1 1 1.0
0 64594 765 1646 1 1 1 1.0
0 137184 767 2759 1 1 1 1.0
0 179249 768 4370 1 1 1 1.0
0 160099 770 4464 1 10 1 1.0
0 106269 771 2598 1 1 1 1.0
0 83137 773 2486 1 1 1 1.0
0 158423 773 4571 1 1 1 1.0
0 120436 774 3440 1 10 1 1.0
0 83036 778 2007 1 1 1 1.0
0 175213 782 4503 1 50 1 1.0
0 80020 785 2030 1 1 1 1.0
0 167984 791 4534 1 1 0 1.0
0 79783 794 2025 1 10 0 1.0
0 102764 794 2108 1 1 1 1.0
0 136914 805 3751 1 1 0 1.0
0 169958 806 3479 1 10 1 1.0
0 103577 808 2147 1 50 0 1.0
0 167646 814 4905 1 1 0 1.0
0 174019 816 3796 1 1 0 1.0
0 94368 817 1986 1 1 0 1.0
0 105579 817 2250 1 1 1 1.0
0 124154 818 3316 1 1 0 1.0
0 86608 823 1999 1 10 1 1.0
0 120603 833 2658 1 1 0 1.0
0 72235 837 1876 1 1 1 1.0
0 102916 837 2315 1 1 1 1.0
0 157849 837 3468 1 10 1 1.0
0 93645 839 2183 1 50 1 1.0
0 110310 840 3009 1 50 1 1.0
0 111615 841 2294 1 10 0 1.0
0 80221 845 1967 1 10 1 1.0
0 165676 846 4350 1 1 0 1.0
0 87728 846 2547 1 10 1 1.0
0 141896 847 3805 1 10 1 1.0
0 62941 849 1804 1 1 0 1.0
0 110825 857 2350 1 50 0 1.0
0 128157 864 3816 1 1 0 1.0
0 176681 866 5248 1 1 0 1.0
0 72459 867 1495 1 1 0 1.0
0 158114 879 4503 1 50 0 1.0
0 97521 880 2498 1 1 0 1.0
0 169891 881 4840 1 1 0 1.0
0 171021 885 4125 1 1 0 1.0
0 99400 893 2751 1 1 0 1.0
0 92410 897 2571 1 1 0 1.0
0 82528 897 2004 1 10 0 1.0
0 172655 897 5004 1 1 1 1.0
0 75932 905 1522 1 1 0 1.0
0 150506 907 3750 1 1 1 1.0
0 122925 908 2647 1 1 0 1.0
0 146170 908 3361 1 1 1 1.0
0 66346 912 1961 1 10 1 1.0
0 125358 912 3355 1 50 0 1.0
0 74010 915 1866 1 1 0 1.0
0 119633 920 3010 1 10 0 1.0
0 164810 923 4759 1 1 1 1.0
0 151582 925 3135 1 10 0 1.0
0 107140 926 2251 1 1 1 1.0
0 90918 927 1944 1 1 0 1.0
0 130402 928 3495 1 1 1 1.0
0 97368 930 2567 1 10 1 1.0
0 160827 930 3495 1 1 0 1.0
0 61125 931 1777 1 1 0 1.0
0 179442 940 3873 1 1 1 1.0
0 145439 943 3459 1 1 0 1.0
0 157525 943 4099 1 1 1 1.0
0 81347 944 2439 1 10 1 1.0
0 79067 945 1953 1 1 1 1.0
0 119449 945 3427 1 10 0 1.0
0 94579 947 2204 1 10 0 1.0
0 158631 947 3784 1 1 1 1.0
0 169696 949 4939 1 10 0 1.0
0 120930 950 2532 1 1 0 1.0
0 68946 952 1840 1 10 1 1.0
0 89219 954 2100 1 10 1 1.0
0 99081 956 2645 1 10 0 1.0
0 108587 957 2869 1 1 0 1.0
0 100488 958 2077 1 1 1 1.0
0 111745 958 2495 1 1 1 1.0
0 116075 959 2790 1 1 0 1.0
0 63290 963 1759 1 50 1 1.0
0 82373 967 1927 1 10 1 1.0
0 103787 968 2433 1 1 0 1.0
0 164344 968 3425 1 1 0 1.0
0 172163 971 4780 1 10 1 1.0
0 96865 973 2440 1 10 1 1.0
0 78752 973 2249 1 10 0 1.0
0 88596 974 2269 1 1 1 1.0
0 90234 975 2376 1 1 1 1.0
0 115546 983 3399 1 10 1 1.0
0 60775 984 1438 1 50 1 1.0
0 171424 985 3684 1 10 0 1.0
0 172197 986 4382 1 1 1 1.0
0 125387 988 3185 1 1 1 1.0
0 77940 991 1587 1 1 0 1.0
0 80578 992 2251 1 10 0 1.0
0 93202 993 1916 1 1 0 1.0
0 117590 996 3420 1 1 0 1.0
0 70077 997 2054 1 1 1 1.0
0 121297 998 3316 1 1 1 1.0
0 172289 1002 3782 1 1 1 1.0
0 104451 1004 2545 1 1 1 1.0
0 102545 1004 2162 1 1 0 1.0
0 134525 1005 3500 1 10 0 1.0
0 72727 1007 1809 1 1 0 1.0
0 126686 1008 3653 1 1 1 1.0
0 95907 1011 2415 1 10 0 1.0
0 135545 1013 3226 1 10 0 1.0
0 105632 1014 2658 1 10 1 1.0
0 132960 1015 3960 1 10 1 1.0
0 175386 1018 3625 1 1 1 1.0
0 70736 1024 1469 1 1 1 1.0
0 164090 1026 3426 1 1 0 1.0
0 169200 1030 3947 1 1 0 1.0
0 96714 1037 2135 1 10 0 1.0
0 74767 1038 2041 1 1 0 1.0
0 81791 1041 1905 1 1 0 1.0
0 128889 1042 2899 1 50 0 1.0
0 77545 1045 2043 1 1 0 1.0
0 97721 1048 2455 1 1 0 1.0
0 109949 1049 2925 1 1 0 1.0
0 117896 1058 3199 1 1 1 1.0
0 155096 1058 4366 1 1 1 1.0
0 109570 1061 3126 1 1 1 1.0
0 140361 1063 3077 1 1 0 1.0
0 165351 1063 3965 1 10 0 1.0
0 161640 1066 4766 1 10 0 1.0
0 96175 1066 2184 1 1 0 1.0
0 150110 1079 4239 1 1 0 1.0
0 169092 1080 4057 1 1 0 1.0
0 153162 1089 3903 1 10 1 1.0
0 162061 1095 3346 1 10 1 1.0
0 149783 1095 3273 1 10 1 1.0
0 65294 1104 1487 1 1 1 1.0
0 102822 1105 2588 1 1 0 1.0
0 148139 1105 4157 1 1 1 1.0
0 94083 1107 2658 1 10 0 1.0
0 152596 1110 3077 1 1 0 1.0
0 171165 1113 4562 1 10 1 1.0
0 77372 1113 2183 1 10 1 1.0
0 172331 1114 3508 1 1 0 1.0
0 121944 1116 3365 1 1 0 1.0
0 120666 1117 3583 1 1 1 1.0
0 131590 1119 3596 1 1 0 1.0
0 83019 1121 1670 1 1 1 1.0
0 83164 1127 2309 1 1 1 1.0
0 157927 1130 4475 1 10 1 1.0
0 101879 1131 3045 1 10 1 1.0
0 143075 1132 3936 1 10 1 1.0
0 115531 1133 3224 1 1 0 1.0
0 71159 1136 1598 1 10 0 1.0
0 84312 1140 2072 1 1 1 1.0
0 116727 1140 3157 1 1 1 1.0
0 82763 1141 1855 1 1 0 1.0
0 78011 1141 2316 1 1 1 1.0
0 168461 1141 4314 1 10 1 1.0
0 154534 1145 3475 1 1 1 1.0
0 129325 1145 3437 1 10 0 1.0
0 165080 1145 3485 1 50 0 1.0
0 121353 1148 3269 1 1 1 1.0
0 61802 1148 1346 1 10 1 1.0
0 70508 1149 1913 1 1 0 1.0
0 78761 1150 1971 1 1 1 1.0
0 140742 1152 3079 1 10 0 1.0
0 108133 1155 2899 1 50 0 1.0
0 157659 1156 4418 1 1 0 1.0
0 171067 1158 4639 1 1 0 1.0
0 141439 1162 3976 1 1 0 1.0
0 147733 1163 3860 1 50 0 1.0
0 61181 1165 1348 1 1 0 1.0
0 158836 1165 3614 1 1 1 1.0
0 176561 1173 5082 1 1 0 1.0
0 114451 1174 3382 1 1 0 1.0
0 164405 1174 4318 1 1 1 1.0
0 81361 1178 2435 1 1 0 1.0
0 115606 1184 2927 1 1 1 1.0
0 170800 1185 4874 1 10 1 1.0
0 128632 1186 3117 1 1 0 1.0
0 123625 1188 2762 1 1 1 1.0
0 110270 1190 3235 1 1 1 1.0
0 98968 1190 2787 1 50 0 1.0
0 113968 1191 2749 1 1 1 1.0
0 108227 1192 2607 1 50 1 1.0
0 113864 1197 2318 1 1 1 1.0
0 167483 1198 3753 1 1 1 1.0
0 163769 1203 3879 1 50 1 1.0
0 105054 1204 2113 1 1 0 1.0
0 173479 1205 3682 1 1 1 1.0
0 152814 1210 3069 1 1 1 1.0
0 61490 1211 1787 1 10 1 1.0
0 117345 1211 2404 1 1 1 1.0
0 102369 1212 2392 1 1 1 1.0
0 92256 1221 2464 1 50 0 1.0
0 146465 1223 3434 1 1 0 1.0
0 113405 1224 3198 1 1 0 1.0
0 118273 1228 2963 1 1 1 1.0
0 91132 1232 2043 1 10 1 1.0
0 152093 1232 3780 1 1 1 1.0
0 122920 1236 2644 1 10 1 1.0
0 177582 1239 3799 1 1 1 1.0
0 172474 1241 3506 1 50 1 1.0
0 98500 1243 2417 1 1 1 1.0
0 130163 1244 3223 1 1 0 1.0
0 156224 1247 4304 1 1 0 1.0
0 114088 1247 2824 1 10 0 1.0
0 158286 1247 4141 1 10 0 1.0
0 84606 1247 2179 1 1 0 1.0
0 134212 1248 3343 1 10 1 1.0
0 95359 1250 2841 1 1 1 1.0
0 142559 1251 3680 1 10 0 1.0
0 153096 1252 4054 1 1 0 1.0
0 173921 1254 3770 1 1 1 1.0
0 86995 1255 2176 1 1 0 1.0
0 125911 1257 3770 1 10 0 1.0
0 126013 1261 2702 1 10 0 1.0
0 75559 1267 1732 1 1 1 1.0
0 157560 1272 3276 1 10 0 1.0
0 68768 1273 1510 1 1 0 1.0
0 178109 1274 4048 1 1 1 1.0
0 156131 1275 3223 1 10 0 1.0
0 132814 1275 3754 1 10 0 1.0
0 114881 1276 2495 1 1 0 1.0
0 99086 1277 2031 1 1 1 1.0
0 143074 1280 4127 1 1 0 1.0
0 79951 1282 1620 1 10 1 1.0
0 133112 1288 2796 1 1 0 1.0
0 81214 1292 2245 1 10 0 1.0
0 169236 1294 5006 1 1 0 1.0
0 75875 1297 1785 1 1 0 1.0
0 169069 1297 4100 1 1 1 1.0
0 144261 1299 4176 1 1 0 1.0
0 162432 1303 4724 1 10 0 1.0
0 175176 1305 4462 1 1 0 1.0
0 168587 1305 4468 1 50 1 1.0
0 83357 1309 2434 1 1 0 1.0
0 111287 1312 2988 1 50 0 1.0
0 77372 1316 1829 1 1 1 1.0
0 109332 1316 2569 1 1 0 1.0
0 92091 1316 2570 1 10 1 1.0
0 92779 1320 2185 1 1 1 1.0
0 81641 1322 2406 1 50 1 1.0
0 62555 1325 1399 1 1 0 1.0
0 130989 1327 2859 1 50 0 1.0
0 72855 1334 1991 1 10 0 1.0
0 143046 1338 3800 1 1 1 1.0
0 134380 1342 3893 1 10 0 1.0
0 115995 1343 2583 1 1 1 1.0
0 134805 1343 3852 1 1 0 1.0
0 109443 1344 2583 1 10 0 1.0
0 154584 1346 4451 1 10 1 1.0
0 73194 1347 1817 1 10 1 1.0
0 95633 1347 2475 1 1 1 1.0
0 139468 1348 3361 1 1 1 1.0
0 167821 1355 4402 1 10 1 1.0
0 80847 1357 2111 1 1 0 1.0
0 114197 1357 2819 1 10 0 1.0
0 89318 1364 2166 1 1 0 1.0
0 162268 1365 3706 1 1 1 1.0
0 112719 1365 2291 1 1 0 1.0
0 69782 1366 1818 1 10 0 1.0
0 145636 1371 4360 1 1 1 1.0
0 150337 1373 4481 1 50 0 1.0
0 148962 1374 3818 1 10 1 1.0
0 77573 1374 2024 1 1 0 1.0
0 106760 1375 2235 1 50 0 1.0
0 156013 1390 4590 1 1 0 1.0
0 177990 1393 5242 1 1 0 1.0
0 171030 1395 4581 1 10 1 1.0
0 119574 1399 2419 1 1 1 1.0
0 179138 1399 4382 1 1 0 1.0
0 99265 1403 2026 1 1 0 1.0
0 176012 1405 4166 1 10 0 1.0
0 157012 1406 3215 1 1 1 1.0
0 154348 1411 4091 1 10 0 1.0
0 146156 1413 3562 1 1 1 1.0
0 64427 1413 1786 1 1 0 1.0
0 103067 1413 2769 1 1 0 1.0
0 61204 1414 1475 1 50 1 1.0
0 95620 1424 2235 1 10 1 1.0
0 137791 1430 3432 1 10 0 1.0
0 105920 1430 3114 1 1 0 1.0
0 67057 1431 1743 1 50 1 1.0
0 88150 1439 1791 1 1 0 1.0
0 127318 1444 3444 1 1 0 1.0
0 85308 1445 2240 1 1 1 1.0
0 71656 1449 2057 1 1 0 1.0
0 95077 1449 2248 1 1 0 1.0
0 178300 1451 5045 1 50 1 1.0
0 175400 1455 4307 1 1 1 1.0
0 178214 1456 4969 1 1 1 1.0
0 128091 1458 3177 1 1 1 1.0
0 125680 1459 2842 1 10 1 1.0
0 71201 1460 1692 1 10 0 1.0
0 103209 1461 2250 1 1 1 1.0
0 76266 1464 1695 1 50 0 1.0
0 76521 1464 1701 1 1 1 1.0
0 108275 1472 2203 1 50 1 1.0
0 71393 1476 1706 1 1 0 1.0
0 81773 1477 1671 1 1 1 1.0
0 156340 1480 3577 1 1 1 1.0
0 61163 1481 1642 1 1 1 1.0
0 168410 1482 4483 1 50 1 1.0
0 142778 1485 3801 1 1 1 1.0
0 83732 1487 2313 1 10 0 1.0
0 87706 1488 2137 1 10 1 1.0
0 117587 1491 2658 1 1 0 1.0
0 150663 1491 3029 1 1 1 1.0
0 99689 1493 2450 1 1 1 1.0
0 88646 1494 2465 1 10 1 1.0
0 91191 1497 2169 1 50 0 1.0
0 100819 1500 2648 1 1 0 1.0
0 142874 1501 3344 1 1 0 1.0
0 78495 1508 1787 1 1 1 1.0
0 168500 1509 3560 1 1 1 1.0
0 89668 1514 1888 1 1 0 1.0
0 136414 1517 3715 1 10 1 1.0
0 90009 1522 2525 1 1 1 1.0
0 179935 1522 5204 1 1 0 1.0
0 97986 1523 2488 1 50 0 1.0
0 103114 1523 2216 1 10 1 1.0
0 143463 1524 4061 1 10 0 1.0
0 140173 1529 3475 1 1 0 1.0
0 111343 1529 3222 1 1 1 1.0
0 163883 1530 3648 1 10 0 1.0
0 150421 1533 4441 1 1 0 1.0
0 99278 1533 2510 1 10 0 1.0
0 92138 1539 2697 1 1 0 1.0
0 179871 1543 4601 1 1 1 1.0
0 114539 1544 2397 1 1 1 1.0
0 143267 1547 3699 1 10 1 1.0
0 173715 1549 4407 1 10 1 1.0
0 116539 1553 3000 1 1 0 1.0
0 119190 1554 3087 1 10 0 1.0
0 130220 1556 3384 1 50 0 1.0
0 131194 1568 3140 1 1 0 1.0
0 173933 1570 4629 1 10 0 1.0
0 137519 1576 3332 1 10 0 1.0
0 155555 1581 4480 1 10 1 1.0
0 92697 1582 2540 1 1 0 1.0
0 116663 1582 2971 1 1 0 1.0
0 96789 1587 2425 1 1 1 1.0
0 148759 1590 4138 1 10 1 1.0
0 155762 1594 3298 1 1 1 1.0
0 127442 1597 3173 1 1 0 1.0
0 112493 1599 3108 1 50 0 1.0
0 167936 1600 4715 1 1 1 1.0
0 142933 1606 3855 1 10 1 1.0
0 78684 1610 1972 1 1 1 1.0
0 144351 1611 3247 1 1 1 1.0
0 149090 1613 3582 1 10 0 1.0
0 105830 1613 2979 1 1 0 1.0
0 72492 1613 1583 1 1 0 1.0
0 68827 1614 1808 1 1 1 1.0
0 111244 1616 2468 1 10 1 1.0
0 126590 1619 2578 1 10 1 1.0
0 81409 1626 2304 1 1 1 1.0
0 100148 1626 2551 1 10 1 1.0
0 135530 1629 3325 1 10 0 1.0
0 67040 1631 1919 1 10 0 1.0
0 160070 1633 3567 1 10 1 1.0
0 123590 1636 3614 1 1 0 1.0
0 169661 1638 4762 1 1 0 1.0
0 122016 1642 2636 1 1 0 1.0
0 64705 1643 1922 1 10 0 1.0
0 104402 1647 2997 1 1 1 1.0
0 107399 1648 2148 1 10 0 1.0
0 123351 1651 3031 1 50 1 1.0
0 105480 1657 2744 1 1 0 1.0
0 111820 1659 3255 1 1 0 1.0
0 114645 1660 2960 1 1 0 1.0
0 65275 1666 1560 1 10 1 1.0
0 148691 1667 3872 1 1 0 1.0
0 132964 1667 3593 1 1 0 1.0
0 101877 1673 2591 1 1 1 1.0
0 108011 1674 2280 1 10 0 1.0
0 126886 1675 3420 1 1 1 1.0
0 75006 1675 1530 1 1 0 1.0
0 160754 1677 3892 1 10 1 1.0
0 77124 1685 2230 1 10 1 1.0
0 142002 1686 3344 1 10 0 1.0
0 166017 1687 4905 1 1 0 1.0
0 135028 1689 3089 1 1 0 1.0
0 129274 1692 2992 1 50 0 1.0
0 109665 1693 2221 1 10 0 1.0
0 157952 1703 4601 1 1 1 1.0
0 176473 1704 4203 1 1 1 1.0
0 112901 1705 2995 1 10 1 1.0
0 82659 1709 2395 1 50 0 1.0
0 112244 1712 2655 1 1 0 1.0
0 104649 1712 2467 1 10 0 1.0
0 64261 1724 1839 1 1 0 1.0
0 71174 1724 1982 1 1 0 1.0
0 98659 1726 2404 1 1 0 1.0
0 147303 1730 3661 1 1 0 1.0
0 105249 1735 2691 1 1 1 1.0
0 117574 1736 3148 1 10 0 1.0
0 138874 1738 4162 1 1 0 1.0
0 80833 1748 2191 1 1 1 1.0
0 61793 1752 1629 1 50 1 1.0
0 60693 1755 1300 1 1 0 1.0
0 148394 1758 3012 1 1 1 1.0
0 135082 1765 2840 1 1 1 1.0
0 98758 1765 2313 1 1 0 1.0
0 81801 1768 2240 1 1 0 1.0
0 136807 1770 3648 1 1 1 1.0
0 68386 1779 1569 1 1 0 1.0
0 120024 1784 3313 1 10 0 1.0
0 96192 1785 2700 1 10 1 1.0
0 105020 1787 2838 1 1 1 1.0
0 117418 1789 3258 1 1 1 1.0
0 72995 1789 2113 1 1 0 1.0
0 115590 1790 2537 1 10 1 1.0
0 140003 1792 2948 1 1 1 1.0
0 170604 1792 4663 1 10 1 1.0
0 130734 1793 3311 1 10 1 1.0
0 121852 1795 3253 1 10 1 1.0
0 164894 1795 3381 1 1 0 1.0
0 135020 1796 2852 1 1 1 1.0
0 132062 1796 2692 1 10 1 1.0
0 173176 1798 3713 1 1 0 1.0
0 64373 1804 1416 1 10 0 1.0
0 100836 1804 2099 1 50 1 1.0
0 146104 1806 3234 1 1 0 1.0
0 165342 1807 3675 1 10 1 1.0
0 139966 1808 2855 1 1 0 1.0
0 64287 1809 1861 1 10 1 1.0
0 165763 1810 4377 1 10 0 1.0
0 132692 1810 3125 1 50 1 1.0
0 160729 1812 4802 1 1 0 1.0
0 130836 1814 3835 1 1 0 1.0
0 131255 1816 3573 1 10 1 1.0
0 140806 1817 3660 1 1 1 1.0
0 101603 1820 2826 1 1 0 1.0
0 130508 1826 3688 1 1 0 1.0
0 67463 1828 1779 1 10 1 1.0
0 111837 1829 2314 1 50 1 1.0
0 116492 1829 3397 1 1 0 1.0
0 78357 1830 2293 1 10 1 1.0
0 63845 1830 1480 1 50 1 1.0
0 68553 1830 1375 1 1 1 1.0
0 114707 1831 3343 1 1 1 1.0
0 86635 1833 1956 1 10 1 1.0
0 91489 1836 2271 1 10 1 1.0
0 144114 1842 3919 1 1 1 1.0
0 169922 1842 3984 1 1 1 1.0
0 130192 1842 3314 1 1 0 1.0
0 102665 1843 2320 1 1 0 1.0
0 130042 1846 3061 1 1 1 1.0
0 75055 1848 1714 1 1 1 1.0
0 175365 1848 4618 1 10 0 1.0
0 176093 1852 4270 1 1 0 1.0
0 80770 1856 2173 1 1 1 1.0
0 105207 1857 2368 1 1 1 1.0
0 176713 1858 4449 1 1 1 1.0
0 126436 1859 2793 1 50 1 1.0
0 81641 1862 1776 1 10 1 1.0
0 119986 1868 2882 1 10 1 1.0
0 142643 1869 4226 1 1 1 1.0
0 61202 1872 1541 1 10 0 1.0
0 109301 1872 2998 1 1 0 1.0
0 91382 1875 2158 1 10 1 1.0
0 165889 1877 4457 1 10 0 1.0
0 104364 1881 2543 1 1 0 1.0
0 67239 1885 1991 1 1 1 1.0
0 119532 1885 3202 1 1 1 1.0
0 146143 1886 3885 1 10 1 1.0
0 68439 1887 1872 1 1 0 1.0
0 146892 1891 3434 1 1 1 1.0
0 144323 1891 3391 1 10 1 1.0
0 154981 1892 3236 1 10 0 1.0
0 109068 1893 3189 1 1 1 1.0
0 65735 1894 1649 1 1 1 1.0
0 71444 1895 1617 1 1 1 1.0
0 101590 1900 2417 1 1 1 1.0
0 168532 1903 3880 1 1 1 1.0
0 133586 1903 3168 1 1 1 1.0
0 94966 1905 2207 1 10 1 1.0
0 160902 1907 4039 1 50 1 1.0
0 108110 1910 2443 1 10 0 1.0
0 146618 1910 4043 1 1 0 1.0
0 132427 1911 3431 1 10 0 1.0
0 157582 1913 4108 1 1 1 1.0
0 121168 1917 2910 1 1 1 1.0
0 84514 1918 2015 1 10 1 1.0
0 77955 1918 1728 1 10 0 1.0
0 152975 1918 3947 1 50 1 1.0
0 155690 1918 3587 1 1 1 1.0
0 80047 1923 1922 1 1 1 1.0
0 92410 1924 2413 1 10 1 1.0
0 143043 1924 3003 1 10 0 1.0
0 107566 1926 2485 1 1 0 1.0
0 144460 1927 3329 1 1 1 1.0
0 153322 1928 4184 1 10 1 1.0
0 122106 1928 2546 1 10 0 1.0
0 172617 1930 3758 1 1 1 1.0
0 62615 1932 1322 1 1 0 1.0
0 172910 1936 5166 1 10 0 1.0
0 82942 1938 2270 1 10 1 1.0
0 171907 1941 4249 1 10 0 1.0
0 80532 1946 1969 1 1 0 1.0
0 138609 1947 3030 1 10 1 1.0
0 97738 1947 2314 1 10 0 1.0
0 80942 1954 1883 1 10 0 1.0
0 101348 1956 2167 1 1 0 1.0
0 87106 1956 2453 1 1 1 1.0
0 103323 1960 2289 1 10 1 1.0
0 151039 1962 3530 1 10 0 1.0
0 162826 1965 4821 1 1 1 1.0
0 166950 1967 4441 1 1 1 1.0
0 97473 1970 2639 1 10 0 1.0
0 124117 1972 3399 1 1 1 1.0
0 97279 1973 1991 1 1 0 1.0
0 83530 1973 1904 1 50 0 1.0
0 161478 1980 4381 1 10 0 1.0
0 86537 1980 2479 1 10 1 1.0
0 103581 1984 2958 1 1 0 1.0
0 93051 1985 2547 1 1 1 1.0
0 153515 1987 3662 1 1 1 1.0
0 142090 1990 3714 1 1 0 1.0
0 150214 1990 3113 1 1 1 1.0
0 130448 1992 2861 1 1 1 1.0
0 179485 1995 4245 1 10 1 1.0
0 69178 1997 1390 1 10 1 1.0
0 137526 2001 3598 1 10 0 1.0
0 82516 2002 2356 1 1 0 1.0
0 120823 2003 2598 1 10 0 1.0
0 100806 2004 2153 1 50 0 1.0
0 91988 2007 2635 1 1 1 1.0
0 128154 2012 2617 1 1 0 1.0
0 123669 2016 2584 1 50 1 1.0
0 78755 2016 2318 1 50 0 1.0
0 114267 2017 2481 1 1 0 1.0
0 136568 2018 3155 1 10 0 1.0
0 122669 2019 2673 1 1 0 1.0
0 162939 2019 4485 1 1 0 1.0
0 143865 2021 3870 1 10 1 1.0
0 93335 2021 1906 1 50 1 1.0
0 63943 2022 1281 1 1 0 1.0
0 120467 2022 2843 1 10 0 1.0
0 152050 2024 4083 1 1 1 1.0
0 94146 2031 1895 1 1 0 1.0
0 100939 2032 2034 1 1 0 1.0
0 62515 2032 1294 1 1 1 1.0
0 62246 2038 1660 1 1 0 1.0
0 177983 2040 4946 1 50 1 1.0
0 153197 2040 4112 1 1 0 1.0
0 147075 2046 4074 1 1 1 1.0
0 81665 2048 2340 1 1 1 1.0
0 153293 2051 4581 1 50 1 1.0
0 152591 2052 3585 1 50 1 1.0
0 75445 2055 1885 1 50 1 1.0
0 157420 2059 3967 1 10 1 1.0
0 101887 2063 2653 1 1 1 1.0
0 143640 2065 3799 1 1 1 1.0
0 94388 2068 2065 1 10 1 1.0
0 85344 2070 1980 1 10 1 1.0
0 140406 2071 2873 1 10 0 1.0
0 146058 2073 3102 1 1 1 1.0
0 151032 2075 4227 1 10 0 1.0
0 170607 2082 4695 1 10 1 1.0
0 114375 2083 2379 1 10 1 1.0
0 100783 2085 2765 1 1 0 1.0
0 171196 2091 4984 1 1 0 1.0
0 169672 2092 4286 1 50 1 1.0
0 98026 2092 2894 1 10 1 1.0
0 64490 2093 1521 1 10 1 1.0
0 166397 2095 4253 1 10 0 1.0
0 154431 2095 3148 1 10 0 1.0
0 177421 2099 4093 1 1 1 1.0
0 153201 2101 4262 1 1 0 1.0
0 133723 2101 2918 1 1 1 1.0
0 140982 2102 3466 1 1 0 1.0
0 128212 2102 2753 1 1 1 1.0
0 133516 2102 3106 1 1 1 1.0
0 66701 2103 1426 1 10 1 1.0
0 125069 2104 3483 1 10 1 1.0
0 88836 2104 2353 1 10 1 1.0
0 150154 2107 3730 1 1 1 1.0
0 178112 2107 4371 1 1 0 1.0
0 71821 2110 2020 1 1 1 1.0
0 161915 2118 3726 1 1 1 1.0
0 143838 2128 3455 1 1 0 1.0
0 156276 2130 3462 1 1 0 1.0
0 112792 2132 3271 1 10 1 1.0
0 89400 2133 2061 1 10 0 1.0
0 69428 2135 1629 1 10 1 1.0
0 148047 2135 3768 1 1 1 1.0
0 179189 2136 4249 1 10 1 1.0
0 175328 2136 4567 1 10 1 1.0
0 126848 2138 3325 1 10 0 1.0
0 143193 2141 3307 1 1 1 1.0
0 119321 2152 2522 1 1 0 1.0
0 110773 2154 2946 1 10 1 1.0
0 66626 2154 1524 1 50 0 1.0
0 137410 2155 2846 1 50 1 1.0
0 118025 2158 2435 1 50 1 1.0
0 159632 2160 3441 1 1 1 1.0
0 166223 2162 4469 1 1 0 1.0
0 83216 2164 2419 1 1 1 1.0
0 122017 2164 2749 1 1 0 1.0
0 120233 2171 3052 1 10 0 1.0
0 100911 2173 2989 1 1 0 1.0
0 74949 2175 2066 1 1 0 1.0
0 75747 2177 2094 1 10 1 1.0
0 120944 2177 2890 1 50 0 1.0
0 121342 2178 3596 1 50 0 1.0
0 158579 2181 4154 1 1 0 1.0
0 142067 2181 3511 1 10 0 1.0
0 95234 2187 2196 1 1 1 1.0
0 153611 2187 4496 1 1 0 1.0
0 144713 2188 3469 1 1 1 1.0
0 130680 2188 3794 1 10 0 1.0
0 157255 2190 4575 1 1 0 1.0
0 147313 2191 3053 1 1 1 1.0
0 89733 2198 2129 1 1 1 1.0
0 138220 2199 3482 1 1 0 1.0
0 176472 2203 3728 1 10 1 1.0
0 136235 2206 3489 1 1 0 1.0
0 110326 2208 2352 1 1 0 1.0
0 85108 2210 2386 1 1 1 1.0
0 79353 2211 2118 1 1 0 1.0
0 99893 2213 2169 1 1 1 1.0
0 172468 2215 4379 1 1 1 1.0
0 107139 2221 2143 1 1 0 1.0
0 110375 2222 2351 1 1 1 1.0
0 121863 2225 2696 1 1 0 1.0
0 122216 2225 2962 1 1 1 1.0
0 130128 2228 3614 1 1 0 1.0
0 155027 2229 3317 1 10 0 1.0
0 169033 2231 4552 1 1 0 1.0
0 149189 2236 3895 1 1 1 1.0
0 90900 2238 2308 1 10 0 1.0
0 164307 2242 3702 1 1 1 1.0
0 62884 2244 1410 1 1 0 1.0
0 105731 2244 2922 1 50 1 1.0
0 94279 2245 2019 1 1 1 1.0
0 94811 2247 2236 1 10 0 1.0
0 78518 2247 1818 1 10 0 1.0
0 120276 2250 3183 1 1 0 1.0
0 142725 2250 3400 1 50 1 1.0
0 84551 2250 1914 1 1 0 1.0
0 136518 2253 2797 1 1 0 1.0
0 65679 2254 1439 1 1 0 1.0
0 120298 2254 2735 1 1 0 1.0
0 140459 2262 3347 1 10 1 1.0
0 68414 2267 1437 1 50 1 1.0
0 140932 2271 3444 1 1 0 1.0
0 131740 2275 3504 1 1 1 1.0
0 60475 2275 1698 1 10 0 1.0
0 174119 2275 4785 1 1 0 1.0
0 68302 2278 1476 1 1 0 1.0
0 60389 2279 1515 1 1 0 1.0
0 96458 2282 2709 1 1 1 1.0
0 179091 2282 4966 1 1 0 1.0
0 86069 2290 2360 1 1 0 1.0
0 161148 2292 4634 1 50 0 1.0
0 110017 2296 2577 1 10 0 1.0
0 102348 2296 3002 1 1 0 1.0
0 132979 2296 3052 1 1 0 1.0
0 90282 2306 2055 1 1 1 1.0
0 154062 2306 3784 1 1 1 1.0
0 171332 2306 3539 1 10 1 1.0
0 146882 2309 3631 1 1 1 1.0
0 156397 2312 4546 1 1 0 1.0
0 72945 2317 1980 1 1 0 1.0
0 123931 2317 3019 1 10 1 1.0
0 147076 2322 4104 1 10 1 1.0
0 143820 2323 3253 1 50 0 1.0
0 79028 2323 1698 1 1 0 1.0
0 151289 2325 3391 1 50 0 1.0
0 83260 2325 2063 1 10 0 1.0
0 162236 2326 4069 1 10 1 1.0
0 86175 2326 2177 1 1 1 1.0
0 161295 2327 4190 1 1 1 1.0
0 89605 2328 2267 1 1 0 1.0
0 179294 2336 5279 1 10 1 1.0
0 173889 2338 3826 1 1 0 1.0
0 126256 2339 3161 1 10 0 1.0
0 165604 2340 4407 1 10 1 1.0
0 66216 2345 1655 1 1 0 1.0
0 158346 2349 4393 1 10 1 1.0
0 164979 2353 3794 1 10 1 1.0
0 107798 2359 2365 1 10 0 1.0
0 84905 2364 2156 1 1 0 1.0
0 161267 2366 4671 1 1 1 1.0
0 119533 2370 3236 1 1 1 1.0
0 81637 2371 2269 1 10 1 1.0
0 137034 2376 2919 1 10 0 1.0
0 76777 2376 2069 1 1 0 1.0
0 89208 2377 2388 1 1 1 1.0
0 133546 2385 3171 1 10 0 1.0
0 162388 2390 3265 1 1 1 1.0
0 79944 2391 1667 1 1 1 1.0
0 62015 2396 1648 1 10 0 1.0
0 160313 2400 4174 1 10 0 1.0
0 75633 2401 1881 1 50 0 1.0
0 170099 2404 3559 1 1 1 1.0
0 65914 2404 1869 1 10 0 1.0
0 135210 2407 3324 1 1 1 1.0
0 158624 2408 3553 1 10 0 1.0
0 148571 2411 3570 1 10 1 1.0
0 122133 2412 2476 1 1 0 1.0
0 93468 2413 2423 1 1 1 1.0
0 95680 2415 2198 1 10 1 1.0
0 64003 2417 1684 1 1 1 1.0
0 164547 2420 3854 1 10 0 1.0
0 111350 2421 3244 1 1 0 1.0
0 107967 2423 2880 1 1 1 1.0
0 82355 2424 1708 1 1 0 1.0
0 88668 2429 2411 1 1 1 1.0
0 106567 2429 2543 1 1 1 1.0
0 177545 2431 4897 1 10 0 1.0
0 83724 2437 1679 1 1 1 1.0
0 65831 2439 1422 1 1 0 1.0
0 83824 2442 1853 1 1 1 1.0
0 118047 2444 3476 1 1 1 1.0
0 133817 2447 3399 1 1 1 1.0
0 122737 2448 3050 1 50 0 1.0
0 114421 2449 3133 1 1 1 1.0
0 165932 2455 3853 1 1 1 1.0
0 105855 2458 2601 1 10 0 1.0
0 68849 2464 1423 1 1 0 1.0
0 131562 2470 3349 1 1 0 1.0
0 97704 2471 2423 1 10 1 1.0
0 148546 2473 3991 1 10 0 1.0
0 166247 2477 3340 1 1 0 1.0
0 76752 2482 2236 1 1 1 1.0
0 126050 2484 3066 1 1 0 1.0
0 101898 2485 2730 1 1 1 1.0
0 175558 2489 3718 1 1 0 1.0
0 174577 2496 4689 1 50 0 1.0
0 72533 2498 1687 1 50 1 1.0
0 161159 2498 3644 1 10 1 1.0
0 175222 2508 5159 1 50 0 1.0
0 174520 2508 3768 1 1 0 1.0
0 88908 2511 2054 1 1 0 1.0
0 65074 2512 1686 1 10 1 1.0
0 101607 2515 2193 1 10 0 1.0
0 124398 2516 2873 1 1 0 1.0
0 126372 2517 3289 1 1 0 1.0
0 159167 2518 4745 1 10 1 1.0
0 139457 2519 2865 1 50 0 1.0
0 120067 2523 2939 1 1 0 1.0
0 72805 2525 1534 1 10 1 1.0
0 116229 2529 2587 1 10 1 1.0
0 140739 2531 3699 1 50 0 1.0
0 119587 2531 2694 1 1 1 1.0
0 95357 2532 1964 1 1 1 1.0
0 79386 2538 2072 1 10 0 1.0
0 159756 2545 4242 1 10 1 1.0
0 124716 2547 3268 1 10 0 1.0
0 104822 2551 2967 1 50 1 1.0
0 149245 2552 3154 1 10 1 1.0
0 173961 2554 4325 1 1 0 1.0
0 108002 2557 2944 1 1 0 1.0
0 75345 2561 1700 1 50 0 1.0
0 122751 2565 3368 1 1 0 1.0
0 108451 2565 2595 1 50 0 1.0
0 109351 2566 2791 1 10 1 1.0
0 60777 2569 1217 1 50 0 1.0
0 177112 2571 4247 1 10 1 1.0
0 168364 2575 3650 1 10 0 1.0
0 70738 2579 1846 1 10 1 1.0
0 105982 2579 3120 1 10 1 1.0
0 158835 2582 4044 1 1 0 1.0
0 131095 2584 3465 1 1 0 1.0
0 93391 2587 2766 1 10 1 1.0
0 123823 2589 2596 1 1 1 1.0
0 113680 2590 3266 1 1 1 1.0
0 63808 2593 1419 1 10 0 1.0
0 89081 2596 2503 1 1 0 1.0
0 109421 2597 2829 1 10 1 1.0
0 106406 2597 3015 1 10 0 1.0
0 170298 2603 4995 1 1 1 1.0
0 179958 2607 5108 1 1 1 1.0
0 95398 2607 2385 1 1 1 1.0
0 75890 2611 1959 1 10 0 1.0
0 68988 2611 1655 1 1 0 1.0
0 172288 2612 4598 1 1 1 1.0
0 142698 2612 3728 1 1 0 1.0
0 96721 2616 2061 1 10 1 1.0
0 96059 2619 2523 1 10 0 1.0
0 146151 2622 3863 1 50 1 1.0
0 170602 2624 4244 1 10 1 1.0
0 71463 2626 1761 1 10 0 1.0
0 97983 2626 2475 1 10 1 1.0
0 118468 2626 2870 1 10 1 1.0
0 133148 2628 3947 1 10 0 1.0
0 109663 2630 3058 1 1 1 1.0
0 138547 2632 2788 1 1 1 1.0
0 150368 2632 3896 1 1 1 1.0
0 137178 2632 3292 1 50 1 1.0
0 116503 2634 2413 1 1 0 1.0
0 121746 2635 2571 1 50 0 1.0
0 117172 2637 2532 1 1 1 1.0
0 161142 2640 3441 1 10 1 1.0
0 177467 2643 3567 1 1 1 1.0
0 118311 2645 3222 1 10 0 1.0
0 104591 2653 2142 1 1 1 1.0
0 146872 2654 3922 1 1 0 1.0
0 149551 2656 4146 1 1 1 1.0
0 145031 2660 3665 1 50 1 1.0
0 141102 2661 2899 1 10 1 1.0
0 67257 2661 1756 1 1 0 1.0
0 163140 2662 4867 1 1 1 1.0
0 102636 2665 2588 1 10 1 1.0
0 151394 2670 3759 1 1 0 1.0
0 91263 2672 2645 1 1 0 1.0
0 116379 2672 2791 1 1 1 1.0
0 160298 2672 3541 1 50 0 1.0
0 147070 2676 3757 1 1 0 1.0
0 126106 2681 3190 1 10 1 1.0
0 151421 2683 3685 1 1 1 1.0
0 66470 2685 1388 1 1 1 1.0
0 100329 2685 2717 1 1 1 1.0
0 69412 2685 2047 1 50 0 1.0
0 65769 2686 1570 1 10 0 1.0
0 157789 2686 3435 1 1 0 1.0
0 78404 2689 1877 1 10 0 1.0
0 176004 2690 3867 1 1 1 1.0
0 179105 2694 5007 1 10 1 1.0
0 106537 2698 2574 1 1 0 1.0
0 145222 2700 3392 1 1 1 1.0
0 121756 2708 3140 1 1 0 1.0
0 115856 2709 2688 1 1 1 1.0
0 69738 2711 1421 1 1 1 1.0
0 104559 2714 3062 1 10 0 1.0
0 124395 2716 3544 1 1 1 1.0
0 65772 2720 1526 1 50 0 1.0
0 114105 2720 3411 1 1 0 1.0
0 88438 2723 1805 1 1 0 1.0
0 124902 2724 2923 1 1 0 1.0
0 92423 2730 2484 1 1 1 1.0
0 112272 2735 2582 1 10 0 1.0
0 92016 2738 2021 1 1 0 1.0
0 112731 2741 2408 1 10 1 1.0
0 164830 2741 4029 1 1 0 1.0
0 135492 2744 2791 1 1 1 1.0
0 104955 2746 2640 1 10 0 1.0
0 69796 2751 2058 1 1 0 1.0
0 168949 2761 4458 1 10 0 1.0
0 102405 2763 2050 1 1 0 1.0
0 109617 2763 3255 1 10 1 1.0
0 83489 2765 1837 1 50 1 1.0
0 150818 2766 3665 1 1 1 1.0
0 173640 2767 4960 1 1 0 1.0
0 149359 2770 3000 1 10 1 1.0
0 101824 2772 2319 1 1 0 1.0
0 127602 2775 3809 1 1 0 1.0
0 126461 2778 2980 1 1 1 1.0
0 146671 2780 4359 1 1 0 1.0
0 91182 2781 2233 1 1 0 1.0
0 172942 2782 4803 1 10 1 1.0
0 95716 2782 2861 1 10 1 1.0
0 148711 2785 3077 1 10 1 1.0
0 97399 2785 2502 1 1 0 1.0
0 151230 2785 3818 1 1 1 1.0
0 97784 2788 2839 1 1 0 1.0
0 175411 2793 3526 1 10 1 1.0
0 96040 2793 2116 1 1 1 1.0
0 73185 2795 1537 1 1 0 1.0
0 73062 2796 1889 1 10 1 1.0
0 105541 2799 2315 1 1 1 1.0
0 139894 2799 3312 1 1 1 1.0
0 167615 2804 3703 1 1 1 1.0
0 133425 2808 2699 1 10 0 1.0
0 170299 2808 4145 1 1 1 1.0
0 67941 2815 1573 1 10 0 1.0
0 143922 2816 3530 1 1 1 1.0
0 179784 2816 4846 1 10 0 1.0
0 75818 2817 1803 1 1 0 1.0
0 118503 2825 2943 1 1 1 1.0
0 176572 2836 3748 1 50 1 1.0
0 69666 2842 1566 1 1 0 1.0
0 85016 2842 2011 1 1 1 1.0
0 141184 2842 3677 1 1 1 1.0
0 62207 2845 1771 1 1 1 1.0
0 171664 2846 3882 1 10 0 1.0
0 66795 2847 1882 1 1 1 1.0
0 152561 2849 4150 1 1 1 1.0
0 78164 2851 1810 1 10 0 1.0
0 64260 2852 1451 1 10 0 1.0
0 118791 2852 3059 1 1 0 1.0
0 100487 2864 2225 1 1 0 1.0
0 86039 2864 2268 1 1 0 1.0
0 147020 2866 3377 1 1 0 1.0
0 174142 2866 3985 1 10 1 1.0
0 106967 2871 2494 1 10 1 1.0
0 173227 2872 3905 1 1 0 1.0
0 77863 2872 2195 1 1 0 1.0
0 143850 2872 3511 1 1 0 1.0
0 91440 2874 2389 1 50 0 1.0
0 64854 2878 1935 1 50 0 1.0
0 165219 2883 4521 1 10 1 1.0
0 139871 2885 3903 1 50 1 1.0
0 138399 2888 4058 1 50 1 1.0
0 101675 2889 2128 1 10 1 1.0
0 130169 2890 3446 1 50 1 1.0
0 138807 2890 2838 1 1 1 1.0
0 103289 2892 2681 1 1 0 1.0
0 129342 2894 2591 1 1 0 1.0
0 143671 2895 3258 1 10 0 1.0
0 117242 2898 2881 1 50 1 1.0
0 142315 2901 3771 1 1 0 1.0
0 63258 2902 1715 1 1 1 1.0
0 148706 2903 4423 1 10 0 1.0
0 175503 2910 4254 1 1 1 1.0
0 136158 2915 3350 1 1 0 1.0
0 113658 2916 2934 1 1 1 1.0
0 169669 2916 3552 1 10 1 1.0
0 137087 2918 3394 1 1 1 1.0
0 152186 2921 3663 1 1 1 1.0
0 169610 2929 4369 1 1 0 1.0
0 83210 2931 1931 1 1 1 1.0
0 178002 2932 4031 1 50 0 1.0
0 68089 2932 1966 1 10 1 1.0
0 115089 2933 3271 1 10 1 1.0
0 87747 2934 2160 1 1 0 1.0
0 110952 2937 2935 1 50 1 1.0
0 97204 2942 2275 1 10 1 1.0
0 108496 2944 2251 1 1 0 1.0
0 146063 2944 2968 1 10 0 1.0
0 121923 2945 3228 1 1 1 1.0
0 173967 2946 3970 1 10 1 1.0
0 122885 2948 3048 1 10 1 1.0
0 81400 2949 1857 1 10 1 1.0
0 120840 2951 3134 1 10 1 1.0
0 147574 2951 4149 1 1 0 1.0
0 157983 2956 3254 1 10 0 1.0
0 155720 2957 3389 1 10 1 1.0
0 147780 2958 3736 1 10 0 1.0
0 142205 2959 3308 1 1 0 1.0
0 174746 2962 5031 1 1 1 1.0
0 154555 2964 4284 1 1 0 1.0
0 116971 2967 3093 1 10 1 1.0
0 90038 2967 2340 1 10 1 1.0
0 72517 2968 1676 1 1 1 1.0
0 147520 2969 4215 1 1 0 1.0
0 118572 2971 3482 1 1 0 1.0
0 127842 2972 3063 1 1 1 1.0
0 162936 2972 3939 1 1 0 1.0
0 175862 2975 4020 1 10 0 1.0
0 67602 2979 1881 1 1 1 1.0
0 127219 2983 3328 1 1 1 1.0
0 147321 2987 3351 1 1 0 1.0
0 162933 2991 3585 1 1 1 1.0
0 117605 2992 2469 1 1 1 1.0
0 175035 2997 4518 1 10 1 1.0
0 166042 2998 3484 1 1 0 1.0
0 93036 3006 2069 1 1 1 1.0
0 148854 3007 3670 1 1 0 1.0
0 136787 3007 3906 1 10 1 1.0
0 153173 3008 3554 1 1 0 1.0
0 173869 3015 4365 1 1 1 1.0
0 61132 3018 1821 1 1 0 1.0
0 145008 3027 4237 1 50 0 1.0
0 120435 3029 3492 1 10 0 1.0
0 73221 3029 1782 1 1 0 1.0
0 76471 3032 2281 1 10 1 1.0
0 171975 3035 3994 1 1 1 1.0
0 160599 3039 4495 1 10 0 1.0
0 164813 3040 3528 1 10 0 1.0
0 105442 3042 2594 1 10 1 1.0
0 95134 3043 2365 1 1 1 1.0
0 175580 3044 4002 1 1 1 1.0
0 86786 3044 2472 1 50 1 1.0
0 62198 3047 1848 1 1 0 1.0
0 82495 3048 2166 1 1 1 1.0
0 114812 3049 2688 1 1 1 1.0
0 155094 3050 3764 1 1 1 1.0
0 174710 3051 3496 1 1 1 1.0
0 175331 3052 3681 1 1 1 1.0
0 89372 3053 2658 1 1 1 1.0
0 138893 3053 3106 1 1 1 1.0
0 90271 3055 2482 1 1 1 1.0
0 128659 3065 3219 1 1 1 1.0
0 76954 3065 1954 1 10 1 1.0
0 115136 3069 2484 1 1 0 1.0
0 142667 3071 4064 1 1 1 1.0
0 89125 3076 1978 1 1 0 1.0
0 83457 3077 2343 1 1 1 1.0
0 137332 3078 3076 1 1 0 1.0
0 76888 3078 2228 1 1 0 1.0
0 74717 3078 1737 1 10 1 1.0
0 62609 3079 1340 1 1 1 1.0
0 161177 3080 4495 1 10 0 1.0
0 61797 3080 1306 1 1 0 1.0
0 87928 3082 2099 1 1 1 1.0
0 117288 3085 2538 1 1 0 1.0
0 81936 3085 2422 1 1 0 1.0
0 115432 3087 2994 1 1 0 1.0
0 138490 3087 3691 1 1 1 1.0
0 120796 3087 2570 1 50 1 1.0
0 131532 3088 3845 1 1 1 1.0
0 81809 3091 1668 1 1 1 1.0
0 156279 3092 3534 1 1 1 1.0
0 139697 3093 2809 1 1 0 1.0
0 82632 3093 1726 1 10 1 1.0
0 174160 3101 4946 1 1 0 1.0
0 147897 3103 2957 1 10 0 1.0
0 143625 3109 3053 1 1 0 1.0
0 70222 3117 1588 1 1 0 1.0
0 63290 3117 1314 1 10 0 1.0
0 83400 3119 1745 1 10 1 1.0
0 131607 3120 3292 1 1 0 1.0
0 104584 3120 2616 1 1 1 1.0
0 171704 3122 3826 1 1 0 1.0
0 137537 3132 3442 1 10 1 1.0
0 104405 3144 2740 1 1 1 1.0
0 177470 3146 4270 1 10 1 1.0
0 123611 3151 3200 1 1 0 1.0
0 143246 3158 4181 1 1 0 1.0
0 150122 3160 4068 1 10 1 1.0
0 63189 3160 1286 1 50 0 1.0
0 106627 3162 2364 1 10 0 1.0
0 83838 3166 1838 1 1 0 1.0
0 141769 3171 3416 1 1 1 1.0
0 79232 3171 2046 1 1 1 1.0
0 132041 3173 3489 1 10 0 1.0
0 156785 3177 3851 1 10 0 1.0
0 140557 3181 3922 1 10 0 1.0
0 73567 3183 1966 1 10 1 1.0
0 179211 3184 3965 1 10 1 1.0
0 166157 3194 4915 1 10 1 1.0
0 79830 3204 1835 1 1 0 1.0
0 93564 3207 2569 1 1 0 1.0
0 165656 3209 3479 1 1 0 1.0
0 62880 3209 1344 1 1 1 1.0
0 72162 3211 1551 1 1 1 1.0
0 70012 3213 1913 1 10 1 1.0
0 169386 3213 3890 1 10 1 1.0
0 97880 3215 2519 1 1 0 1.0
0 123252 3216 2669 1 1 0 1.0
0 96793 3216 2243 1 1 0 1.0
0 125301 3217 3630 1 1 1 1.0
0 172584 3221 4254 1 10 1 1.0
0 91461 3222 2492 1 1 1 1.0
0 170920 3224 4664 1 1 1 1.0
0 161543 3229 3301 1 10 1 1.0
0 150005 3231 3923 1 50 0 1.0
0 72750 3234 1605 1 1 0 1.0
0 168757 3237 4053 1 1 0 1.0
0 103831 3237 2749 1 1 0 1.0
0 96616 3237 2655 1 10 0 1.0
0 81941 3238 1908 1 1 1 1.0
0 97481 3245 2481 1 1 0 1.0
0 162614 3252 4648 1 1 1 1.0
0 129723 3252 3320 1 10 0 1.0
0 71290 3253 2074 1 50 0 1.0
0 110893 3255 2866 1 50 0 1.0
0 150169 3256 4374 1 10 0 1.0
0 100420 3260 2991 1 1 1 1.0
0 111375 3262 3211 1 1 1 1.0
0 103470 3265 3027 1 10 0 1.0
0 72946 3266 1730 1 1 1 1.0
0 156280 3266 4562 1 10 0 1.0
0 156897 3266 4235 1 10 0 1.0
0 145505 3267 3758 1 10 0 1.0
0 157447 3269 3254 1 1 0 1.0
0 115250 3271 2712 1 1 1 1.0
0 81115 3275 2112 1 10 1 1.0
0 84726 3293 1825 1 10 0 1.0
0 166489 3294 4144 1 1 1 1.0
0 120140 3299 2889 1 1 0 1.0
0 129830 3301 3262 1 10 1 1.0
0 60282 3306 1587 1 1 0 1.0
0 147506 3313 3992 1 1 0 1.0
0 84527 3318 2369 1 1 0 1.0
0 176574 3326 3909 1 1 0 1.0
0 91185 3327 2390 1 50 1 1.0
0 78079 3328 2263 1 1 0 1.0
0 108117 3333 2288 1 10 0 1.0
0 66601 3336 1967 1 50 0 1.0
0 97763 3338 2303 1 1 1 1.0
0 114386 3338 2299 1 1 0 1.0
0 132354 3343 2748 1 10 0 1.0
0 113142 3347 2488 1 10 1 1.0
0 173420 3347 4505 1 1 1 1.0
0 69243 3348 1859 1 1 1 1.0
0 165985 3358 4841 1 1 0 1.0
0 74673 3359 2192 1 1 1 1.0
0 145423 3361 4255 1 1 1 1.0
0 100626 3367 2392 1 50 1 1.0
0 61519 3378 1802 1 1 1 1.0
0 168214 3379 4671 1 1 0 1.0
0 155552 3382 3494 1 50 1 1.0
0 125714 3382 3000 1 1 0 1.0
0 96584 3383 2647 1 50 1 1.0
0 76802 3386 1765 1 1 1 1.0
0 118241 3388 2511 1 10 0 1.0
0 112666 3389 2530 1 1 0 1.0
0 151971 3389 4411 1 50 1 1.0
0 70556 3391 1457 1 10 0 1.0
0 86801 3393 2310 1 10 1 1.0
0 173656 3395 5134 1 1 1 1.0
0 64403 3396 1577 1 1 1 1.0
0 92883 3397 2495 1 10 0 1.0
0 79175 3404 2264 1 1 0 1.0
0 130766 3406 3683 1 1 1 1.0
0 148422 3408 3265 1 1 1 1.0
0 174331 3409 4806 1 50 0 1.0
0 98868 3410 2172 1 10 0 1.0
0 112939 3411 2664 1 10 0 1.0
0 87891 3412 2463 1 1 1 1.0
0 118977 3413 3291 1 1 1 1.0
0 69661 3415 1636 1 1 1 1.0
0 78986 3416 2092 1 1 0 1.0
0 103788 3417 2117 1 50 0 1.0
0 145652 3418 4108 1 10 0 1.0
0 179914 3424 5031 1 10 0 1.0
0 170316 3425 5084 1 10 0 1.0
0 109103 3425 2789 1 1 0 1.0
0 175711 3429 4681 1 10 0 1.0
0 142405 3430 4085 1 10 1 1.0
0 145737 3431 3995 1 10 1 1.0
0 144724 3438 3723 1 10 0 1.0
0 82416 3441 2338 1 1 0 1.0
0 179475 3447 5024 1 10 0 1.0
0 72058 3455 1812 1 1 1 1.0
0 161511 3457 3954 1 10 1 1.0
0 97684 3457 2169 1 1 1 1.0
0 162476 3457 4717 1 1 1 1.0
0 80528 3460 2174 1 1 0 1.0
0 96915 3466 2707 1 1 0 1.0
0 70112 3466 1963 1 1 1 1.0
0 113276 3470 3369 1 1 1 1.0
0 79502 3473 1609 1 10 0 1.0
0 124667 3476 3200 1 1 0 1.0
0 177082 3479 4771 1 1 1 1.0
0 86280 3482 2336 1 1 1 1.0
0 129470 3488 2992 1 1 1 1.0
0 73620 3494 1779 1 1 0 1.0
0 94605 3495 2681 1 10 0 1.0
0 110078 3500 3052 1 1 1 1.0
0 154269 3504 4401 1 1 1 1.0
0 175737 3505 3583 1 1 0 1.0
0 64473 3506 1918 1 1 1 1.0
0 174161 3510 4322 1 1 1 1.0
0 100228 3513 2199 1 1 0 1.0
0 93832 3514 2712 1 10 0 1.0
0 99815 3517 2361 1 10 0 1.0
0 140482 3518 2967 1 1 1 1.0
0 146490 3519 4368 1 1 1 1.0
0 82914 3520 2182 1 1 0 1.0
0 76110 3522 1711 1 1 1 1.0
0 68746 3524 1394 1 1 1 1.0
0 81080 3525 2143 1 1 0 1.0
0 98568 3526 2911 1 1 1 1.0
0 92707 3528 2312 1 10 1 1.0
0 79230 3530 1698 1 1 0 1.0
0 63491 3530 1687 1 10 1 1.0
0 121754 3535 2889 1 50 1 1.0
0 160135 3535 4015 1 1 1 1.0
0 133665 3542 3130 1 50 1 1.0
0 96454 3542 2691 1 1 0 1.0
0 79949 3543 2243 1 1 0 1.0
0 158184 3548 3417 1 1 1 1.0
0 160473 3554 4761 1 10 1 1.0
0 102559 3554 3058 1 10 1 1.0
0 81681 3558 2356 1 1 0 1.0
0 115025 3563 2782 1 10 1 1.0
0 91075 3564 1827 1 1 0 1.0
0 100872 3564 2057 1 1 0 1.0
0 160304 3570 3861 1 1 0 1.0
0 179025 3572 5006 1 50 1 1.0
0 168836 3573 4379 1 1 1 1.0
0 74880 3574 2110 1 10 1 1.0
0 160958 3576 3693 1 1 1 1.0
0 110909 3577 2240 1 1 1 1.0
0 117427 3578 2919 1 50 1 1.0
0 90101 3578 2571 1 1 0 1.0
0 86721 3579 2276 1 10 0 1.0
0 141997 3580 3161 1 10 1 1.0
0 85791 3585 2515 1 1 0 1.0
0 150671 3587 3614 1 1 1 1.0
0 160063 3588 3462 1 1 0 1.0
0 113015 3588 2436 1 10 1 1.0
0 106994 3591 2744 1 1 0 1.0
0 80289 3592 1895 1 1 1 1.0
0 137352 3593 3411 1 1 0 1.0
0 148621 3594 3873 1 1 0 1.0
0 176169 3597 3781 1 10 1 1.0
