1500
0 107101 5 2877 1 10 0 1.0
0 75886 6 1569 1 1 0 1.0
0 128170 9 2728 1 10 1 1.0
0 96823 10 2729 1 10 1 1.0
0 106492 13 2284 1 10 0 1.0
0 65027 19 1755 1 1 0 1.0
0 123864 22 2923 1 10 0 1.0
0 173613 25 3872 1 10 0 1.0
0 66919 31 1485 1 50 1 1.0
0 93389 31 2305 1 10 0 1.0
0 149072 34 4265 1 1 1 1.0
0 81766 35 2117 1 10 0 1.0
0 99989 38 2642 1 1 0 1.0
0 82868 39 1891 1 1 1 1.0
0 154802 41 3874 1 10 0 1.0
0 154609 41 4514 1 10 1 1.0
0 144616 42 3444 1 1 1 1.0
0 169528 43 4006 1 50 0 1.0
0 75498 45 2176 1 10 0 1.0
0 105351 46 2320 1 10 1 1.0
0 64133 47 1739 1 1 1 1.0
0 126256 50 3361 1 1 0 1.0
0 126266 50 3351 1 1 0 1.0
0 79202 55 1732 1 1 1 1.0
0 86441 55 2575 1 1 0 1.0
0 60184 58 1325 1 1 0 1.0
0 134600 58 3450 1 1 0 1.0
0 173220 59 3757 1 10 1 1.0
0 110067 59 2830 1 1 1 1.0
0 88717 64 2573 1 50 0 1.0
0 110984 66 2631 1 1 0 1.0
0 67562 69 1416 1 50 0 1.0
0 68515 71 1741 1 50 1 1.0
0 80943 72 1894 1 1 1 1.0
0 132465 77 3495 1 10 0 1.0
0 176493 77 4622 1 10 0 1.0
0 89351 80 1819 1 50 1 1.0
0 174669 87 3772 1 1 0 1.0
0 176771 91 4411 1 10 0 1.0
0 81530 93 1821 1 1 1 1.0
0 70444 94 1565 1 50 0 1.0
0 165663 95 4903 1 10 1 1.0
0 129114 95 3409 1 10 0 1.0
0 77117 96 2158 1 10 1 1.0
0 157880 97 4499 1 10 0 1.0
0 72972 97 1678 1 1 0 1.0
0 167242 102 4792 1 10 0 1.0
0 103416 103 2596 1 50 1 1.0
0 144472 104 3814 1 10 0 1.0
0 172704 111 4288 1 1 0 1.0
0 120701 116 3208 1 1 0 1.0
0 141832 117 4015 1 1 1 1.0
0 86797 118 2472 1 1 1 1.0
0 109607 122 3160 1 10 1 1.0
0 174403 123 3517 1 10 0 1.0
0 147011 123 3646 1 1 0 1.0
0 116150 123 2363 1 50 0 1.0
0 161149 131 4106 1 50 0 1.0
0 173535 131 5084 1 1 0 1.0
0 147012 135 4368 1 1 0 1.0
0 91372 137 1961 1 10 1 1.0
0 88221 139 2204 1 1 0 1.0
0 114775 139 2555 1 50 0 1.0
0 153073 140 4334 1 1 1 1.0
0 101730 141 2885 1 1 1 1.0
0 153914 146 3553 1 10 0 1.0
0 63421 150 1730 1 1 1 1.0
0 144407 157 4290 1 10 0 1.0
0 139954 157 4091 1 1 1 1.0
0 68460 159 1608 1 1 1 1.0
0 162742 160 3837 1 1 1 1.0
0 150857 161 4036 1 10 1 1.0
0 133042 162 3455 1 1 1 1.0
0 73132 164 1937 1 1 0 1.0
0 137398 168 3179 1 1 0 1.0
0 131618 169 3385 1 1 1 1.0
0 98754 169 2140 1 1 1 1.0
0 60297 171 1540 1 1 0 1.0
0 136150 171 3080 1 1 0 1.0
0 84024 174 1912 1 1 1 1.0
0 60652 175 1279 1 1 1 1.0
0 67736 178 1650 1 1 1 1.0
0 97788 180 2871 1 1 0 1.0
0 141855 184 3340 1 1 0 1.0
0 107546 186 3001 1 50 1 1.0
0 114426 193 2810 1 1 1 1.0
0 123423 195 3405 1 50 1 1.0
0 121639 198 3192 1 1 0 1.0
0 97693 198 2886 1 1 1 1.0
0 144532 200 2921 1 1 1 1.0
0 94125 200 2747 1 50 1 1.0
0 112139 201 3304 1 10 0 1.0
0 166395 204 4856 1 50 0 1.0
0 69866 207 1888 1 1 1 1.0
0 161900 207 4211 1 1 0 1.0
0 92420 208 2190 1 1 0 1.0
0 78185 210 2093 1 1 1 1.0
0 162094 211 3817 1 1 1 1.0
0 137450 214 2990 1 1 0 1.0
0 87411 220 1776 1 10 1 1.0
0 177631 221 4738 1 10 1 1.0
0 84921 235 1949 1 1 0 1.0
0 60516 236 1631 1 10 1 1.0
0 133848 238 2879 1 1 0 1.0
0 100089 243 2539 1 10 0 1.0
0 68265 244 1858 1 1 1 1.0
0 93138 245 2226 1 1 0 1.0
0 153259 245 4483 1 1 1 1.0
0 111530 247 2580 1 10 0 1.0
0 67153 249 1784 1 10 0 1.0
0 114792 250 2987 1 10 0 1.0
0 109800 254 2334 1 1 1 1.0
0 98507 259 2784 1 1 0 1.0
0 140074 263 3131 1 1 0 1.0
0 178410 263 3861 1 1 0 1.0
0 73095 267 2116 1 10 0 1.0
0 126294 269 2588 1 1 0 1.0
0 100648 271 2547 1 1 1 1.0
0 86132 274 2560 1 1 0 1.0
0 79886 278 2154 1 1 0 1.0
0 97811 279 2631 1 10 0 1.0
0 134821 279 3141 1 10 0 1.0
0 134923 285 3783 1 50 0 1.0
0 103718 288 3070 1 1 1 1.0
0 153232 288 4582 1 10 1 1.0
0 156372 290 4444 1 1 0 1.0
0 79568 292 1902 1 10 0 1.0
0 75765 302 1653 1 1 0 1.0
0 139579 303 2804 1 50 0 1.0
0 92309 304 2280 1 1 0 1.0
0 109661 305 2383 1 1 0 1.0
0 102055 305 2304 1 1 1 1.0
0 121971 308 3542 1 1 0 1.0
0 150092 310 4316 1 1 0 1.0
0 115441 310 2578 1 1 0 1.0
0 90565 312 2381 1 1 0 1.0
0 143713 313 4252 1 1 0 1.0
0 66305 322 1575 1 1 0 1.0
0 150226 323 3184 1 1 1 1.0
0 152113 332 3568 1 1 0 1.0
0 82854 333 2219 1 1 0 1.0
0 84475 336 1949 1 10 1 1.0
0 93485 337 2771 1 10 1 1.0
0 168909 339 4554 1 50 0 1.0
0 88565 346 1831 1 1 0 1.0
0 118637 348 3091 1 1 1 1.0
0 152698 348 3144 1 1 1 1.0
0 174343 350 3877 1 10 0 1.0
0 95582 351 2023 1 1 0 1.0
0 160409 361 3350 1 1 0 1.0
0 113388 369 2839 1 10 0 1.0
0 97113 373 2870 1 10 1 1.0
0 68334 375 1642 1 10 1 1.0
0 160251 375 3526 1 10 1 1.0
0 129714 380 3707 1 1 1 1.0
0 122074 382 2636 1 1 0 1.0
0 144359 384 3825 1 10 1 1.0
0 106484 388 3105 1 10 1 1.0
0 124820 389 3286 1 1 0 1.0
0 89600 390 2543 1 1 0 1.0
0 176857 392 3623 1 10 1 1.0
0 94896 396 2706 1 1 1 1.0
0 65844 397 1320 1 1 0 1.0
0 74836 401 2193 1 1 1 1.0
0 102943 401 2162 1 10 1 1.0
0 60475 402 1597 1 10 0 1.0
0 163725 411 3899 1 1 0 1.0
0 108900 413 2589 1 1 1 1.0
0 175174 414 4223 1 10 0 1.0
0 89025 414 2205 1 1 0 1.0
0 174940 417 3630 1 10 0 1.0
0 81090 418 1675 1 1 0 1.0
0 144898 419 3410 1 10 1 1.0
0 106878 423 2291 1 50 1 1.0
0 85890 423 2034 1 10 0 1.0
0 165137 424 4036 1 10 1 1.0
0 76539 425 1832 1 1 0 1.0
0 95876 425 2039 1 10 0 1.0
0 63189 425 1285 1 1 1 1.0
0 144253 426 3475 1 1 0 1.0
0 166844 427 3723 1 1 0 1.0
0 79053 428 1798 1 10 0 1.0
0 75056 428 1763 1 50 0 1.0
0 134752 435 3573 1 1 0 1.0
0 140468 442 3870 1 10 0 1.0
0 108379 442 2603 1 1 1 1.0
0 126399 442 2623 1 10 1 1.0
0 84410 443 2099 1 1 0 1.0
0 178275 445 4805 1 1 0 1.0
0 109442 445 2530 1 1 0 1.0
0 136066 446 3182 1 1 1 1.0
0 139291 447 3434 1 10 1 1.0
0 121684 451 3205 1 1 1 1.0
0 109581 456 2746 1 1 0 1.0
0 66238 457 1646 1 10 0 1.0
0 145870 465 2929 1 1 1 1.0
0 113807 469 2488 1 1 1 1.0
0 126569 471 2601 1 1 1 1.0
0 125476 472 3418 1 10 1 1.0
0 99740 476 2931 1 10 1 1.0
0 164335 478 4627 1 1 0 1.0
0 129575 479 2761 1 50 0 1.0
0 148890 484 3159 1 10 0 1.0
0 102096 486 2736 1 1 0 1.0
0 83141 489 2487 1 1 1 1.0
0 77999 490 1861 1 1 0 1.0
0 115515 490 2347 1 1 1 1.0
0 73623 490 1921 1 1 1 1.0
0 122053 494 2540 1 1 0 1.0
0 92725 494 2129 1 1 0 1.0
0 74869 497 2159 1 10 1 1.0
0 139037 498 3063 1 10 0 1.0
0 113589 500 2292 1 10 0 1.0
0 137357 501 2963 1 1 0 1.0
0 162400 503 3463 1 1 0 1.0
0 91995 507 2267 1 1 1 1.0
0 169476 511 4081 1 50 0 1.0
0 85988 513 2217 1 1 1 1.0
0 168898 517 3687 1 1 0 1.0
0 164704 520 4490 1 1 0 1.0
0 145045 522 3476 1 1 1 1.0
0 161742 532 4107 1 1 0 1.0
0 115700 533 2663 1 1 0 1.0
0 172316 538 4845 1 1 0 1.0
0 74240 539 2037 1 1 0 1.0
0 173765 543 4871 1 1 1 1.0
0 168174 545 4671 1 1 1 1.0
0 128886 550 3321 1 1 1 1.0
0 169690 552 4392 1 10 0 1.0
0 139561 554 4083 1 1 1 1.0
0 173521 554 4957 1 1 0 1.0
0 146122 555 3627 1 1 1 1.0
0 71469 558 1727 1 1 1 1.0
0 98014 559 2481 1 10 0 1.0
0 107898 562 2696 1 10 0 1.0
0 126660 568 3638 1 1 1 1.0
0 108902 568 3083 1 1 1 1.0
0 137169 570 3936 1 1 0 1.0
0 102731 575 2182 1 50 0 1.0
0 87468 578 2461 1 1 1 1.0
0 113446 578 2782 1 1 1 1.0
0 165447 581 4777 1 10 1 1.0
0 159576 584 4113 1 1 0 1.0
0 77172 585 1728 1 1 0 1.0
0 135647 592 3582 1 1 1 1.0
0 163139 593 3783 1 50 1 1.0
0 78698 595 1993 1 1 0 1.0
0 131282 599 3065 1 10 0 1.0
0 99828 601 2208 1 1 0 1.0
0 88144 602 2598 1 10 1 1.0
0 73711 605 1962 1 10 1 1.0
0 63082 608 1820 1 1 0 1.0
0 179667 614 4225 1 1 0 1.0
0 100213 614 2988 1 1 1 1.0
0 60706 614 1384 1 1 1 1.0
0 102496 619 2714 1 1 1 1.0
0 92395 619 2058 1 10 1 1.0
0 99088 624 2390 1 1 0 1.0
0 89182 624 2376 1 1 0 1.0
0 154286 627 3461 1 1 0 1.0
0 169042 628 4357 1 1 1 1.0
0 147532 632 3498 1 1 0 1.0
0 122440 633 3398 1 10 0 1.0
0 69633 633 1866 1 1 1 1.0
0 176186 639 4166 1 10 1 1.0
0 120815 642 2555 1 50 0 1.0
0 79124 645 2048 1 10 0 1.0
0 74153 645 1830 1 10 1 1.0
0 149830 648 3981 1 1 0 1.0
0 68642 650 1756 1 1 1 1.0
0 179994 654 3764 1 1 0 1.0
0 88770 657 2498 1 1 0 1.0
0 127195 662 3279 1 1 0 1.0
0 97952 663 2505 1 10 0 1.0
0 65058 667 1422 1 1 0 1.0
0 128215 673 3530 1 1 0 1.0
0 168661 682 3674 1 10 0 1.0
0 114239 687 3160 1 10 1 1.0
0 175087 687 3603 1 10 1 1.0
0 77991 687 1862 1 1 1 1.0
0 163068 689 4879 1 1 0 1.0
0 167702 690 3702 1 1 0 1.0
0 92594 690 2553 1 1 0 1.0
0 150756 691 3266 1 1 0 1.0
0 146843 696 4140 1 1 0 1.0
0 117483 700 3492 1 50 0 1.0
0 131894 708 3032 1 1 1 1.0
0 81045 716 1665 1 1 0 1.0
0 88726 716 1859 1 1 1 1.0
0 85980 717 1860 1 10 0 1.0
0 82316 721 2421 1 50 0 1.0
0 138049 722 3352 1 1 1 1.0
0 172052 723 3826 1 10 1 1.0
0 63288 729 1270 1 1 1 1.0
0 118372 730 2406 1 1 0 1.0
0 141121 730 3317 1 1 1 1.0
0 150145 730 3820 1 1 0 1.0
0 122403 733 3243 1 1 0 1.0
0 144093 733 3966 1 1 0 1.0
0 62910 733 1824 1 1 1 1.0
0 85901 735 1779 1 1 0 1.0
0 95546 737 2458 1 10 1 1.0
0 154124 741 4427 1 1 0 1.0
0 106177 743 3139 1 10 0 1.0
0 96411 745 2369 1 1 1 1.0
0 162416 745 3560 1 10 0 1.0
0 172750 747 4980 1 10 1 1.0
0 173031 749 4545 1 1 0 1.0
0 160378 751 4268 1 10 0 1.0
0 112803 753 3180 1 1 0 1.0
0 141227 754 4107 1 1 0 1.0
0 117373 759 2360 1 10 0 1.0
0 173505 760 4889 1 1 1 1.0
0 91102 762 2062 1 10 1 1.0
0 62601 768 1267 1 1 1 1.0
0 139189 771 3531 1 1 0 1.0
0 178202 778 4388 1 10 0 1.0
0 104312 779 3111 1 1 0 1.0
0 80890 781 2167 1 1 0 1.0
0 129513 786 3070 1 10 0 1.0
0 63597 792 1448 1 1 1 1.0
0 142356 793 3461 1 1 1 1.0
0 123923 794 2868 1 10 0 1.0
0 73982 794 1665 1 10 1 1.0
0 106173 796 2480 1 1 0 1.0
0 130807 797 2864 1 1 0 1.0
0 151525 797 4140 1 1 0 1.0
0 101526 800 2727 1 10 1 1.0
0 172606 801 4245 1 10 1 1.0
0 64606 801 1342 1 10 0 1.0
0 149158 802 3046 1 1 1 1.0
0 149738 803 3983 1 1 0 1.0
0 103552 803 2511 1 1 0 1.0
0 66954 804 1788 1 1 0 1.0
0 147513 807 3861 1 1 1 1.0
0 144433 808 3318 1 10 1 1.0
0 85195 813 1967 1 1 0 1.0
0 110985 815 2226 1 1 0 1.0
0 96459 818 2238 1 1 0 1.0
0 78716 819 2284 1 10 0 1.0
0 130526 820 3172 1 1 0 1.0
0 72454 821 1775 1 1 0 1.0
0 160103 822 4800 1 1 0 1.0
0 72321 822 2054 1 1 0 1.0
0 63115 822 1376 1 1 0 1.0
0 106887 823 2269 1 1 1 1.0
0 169079 825 4741 1 1 1 1.0
0 169229 826 4018 1 1 1 1.0
0 90080 834 1852 1 1 1 1.0
0 130123 836 2830 1 1 1 1.0
0 154998 840 3130 1 1 1 1.0
0 86140 841 2545 1 10 0 1.0
0 102447 846 2347 1 1 0 1.0
0 102860 847 2657 1 1 0 1.0
0 128803 849 2827 1 10 1 1.0
0 89375 849 2427 1 1 1 1.0
0 101597 851 2617 1 10 1 1.0
0 112356 860 2601 1 1 0 1.0
0 78850 875 2359 1 1 0 1.0
0 141699 877 3064 1 1 1 1.0
0 83998 880 2230 1 1 0 1.0
0 114905 884 2674 1 1 1 1.0
0 90122 887 2008 1 10 0 1.0
0 77851 889 1680 1 1 1 1.0
0 121831 889 3374 1 1 0 1.0
0 84574 892 1725 1 10 0 1.0
0 105822 893 2786 1 1 0 1.0
0 174710 894 4251 1 1 0 1.0
0 123905 895 2944 1 1 0 1.0
0 82618 895 1939 1 1 1 1.0
0 75400 896 1961 1 1 1 1.0
0 91830 896 2067 1 1 0 1.0
0 77916 897 1680 1 50 1 1.0
0 135202 898 3088 1 1 0 1.0
0 158593 907 4152 1 1 0 1.0
0 117363 912 3190 1 1 1 1.0
0 96505 913 2060 1 50 0 1.0
0 155390 915 3825 1 10 0 1.0
0 146546 918 4020 1 1 1 1.0
0 87728 923 1787 1 1 0 1.0
0 68698 924 1978 1 1 1 1.0
0 62121 924 1742 1 1 1 1.0
0 93100 925 2562 1 10 0 1.0
0 175475 928 4810 1 10 1 1.0
0 113066 931 3048 1 1 1 1.0
0 115055 940 3056 1 50 0 1.0
0 107892 943 3179 1 10 1 1.0
0 96663 946 2237 1 50 1 1.0
0 69921 947 1980 1 1 0 1.0
0 66244 948 1533 1 1 0 1.0
0 82130 949 1757 1 10 0 1.0
0 83172 953 2034 1 10 0 1.0
0 176435 953 3557 1 1 0 1.0
0 77856 953 1883 1 10 1 1.0
0 177008 954 4988 1 1 0 1.0
0 64043 955 1865 1 10 0 1.0
0 111421 959 2777 1 1 0 1.0
0 90345 959 1890 1 10 0 1.0
0 100310 960 2320 1 10 0 1.0
0 106115 960 2313 1 1 1 1.0
0 79801 962 1962 1 1 1 1.0
0 139324 966 2970 1 1 0 1.0
0 161774 967 3679 1 50 1 1.0
0 128983 969 3506 1 1 0 1.0
0 175016 969 4176 1 10 1 1.0
0 133854 970 2950 1 1 1 1.0
0 60471 971 1762 1 10 1 1.0
0 153530 979 3702 1 1 0 1.0
0 122629 980 2677 1 1 1 1.0
0 68437 980 1816 1 50 1 1.0
0 139961 981 3872 1 1 0 1.0
0 69133 987 1421 1 10 0 1.0
0 178770 989 4451 1 1 1 1.0
0 115846 989 2782 1 10 0 1.0
0 162693 989 3481 1 1 1 1.0
0 89092 990 2635 1 10 1 1.0
0 107093 990 3052 1 50 1 1.0
0 95215 991 2718 1 1 0 1.0
0 131708 991 2650 1 1 1 1.0
0 134240 991 3396 1 1 0 1.0
0 135988 993 2844 1 1 0 1.0
0 62058 996 1331 1 1 0 1.0
0 165175 1004 3416 1 1 0 1.0
0 98656 1004 2704 1 1 0 1.0
0 86499 1007 2058 1 1 0 1.0
0 108636 1008 2211 1 1 0 1.0
0 157517 1009 4093 1 10 1 1.0
0 102167 1010 2603 1 1 0 1.0
0 106609 1012 2646 1 10 1 1.0
0 175976 1013 3591 1 1 0 1.0
0 169375 1015 4472 1 10 1 1.0
0 167370 1024 4458 1 1 0 1.0
0 102995 1032 3009 1 10 0 1.0
0 62539 1034 1844 1 1 0 1.0
0 177298 1035 5202 1 10 1 1.0
0 149419 1036 3605 1 10 1 1.0
0 76070 1037 1658 1 10 0 1.0
0 78093 1037 2014 1 1 0 1.0
0 61375 1038 1266 1 1 0 1.0
0 153615 1039 3905 1 1 1 1.0
0 87014 1047 2121 1 10 1 1.0
0 175710 1048 5200 1 1 1 1.0
0 123470 1049 3140 1 1 0 1.0
0 73239 1050 2124 1 10 0 1.0
0 110728 1051 2769 1 1 1 1.0
0 173345 1053 5047 1 10 1 1.0
0 69220 1054 1436 1 1 0 1.0
0 100029 1064 2189 1 1 0 1.0
0 74354 1065 2071 1 1 1 1.0
0 105803 1069 2621 1 10 0 1.0
0 62979 1071 1771 1 10 1 1.0
0 133274 1073 3620 1 10 0 1.0
0 70093 1073 1976 1 10 0 1.0
0 91132 1083 2322 1 1 0 1.0
0 122804 1084 3033 1 50 0 1.0
0 114800 1084 3320 1 10 0 1.0
0 118105 1084 2680 1 10 1 1.0
0 60608 1087 1668 1 1 0 1.0
0 107591 1092 2902 1 10 1 1.0
0 73128 1094 1898 1 10 0 1.0
0 155639 1094 3380 1 50 0 1.0
0 115518 1094 2401 1 1 0 1.0
0 128230 1095 2644 1 10 0 1.0
0 90622 1096 1831 1 1 0 1.0
0 65071 1098 1458 1 1 1 1.0
0 118457 1100 3517 1 1 1 1.0
0 149692 1102 3281 1 1 0 1.0
0 124935 1103 3094 1 1 1 1.0
0 87033 1103 2007 1 1 0 1.0
0 74561 1105 2130 1 1 1 1.0
0 61359 1108 1746 1 1 1 1.0
0 178930 1113 4832 1 50 0 1.0
0 123142 1116 2555 1 1 0 1.0
0 127247 1118 3342 1 10 1 1.0
0 162536 1120 3588 1 1 1 1.0
0 99324 1121 2153 1 1 1 1.0
0 105448 1126 2700 1 10 1 1.0
0 66106 1129 1837 1 10 1 1.0
0 131412 1131 2645 1 10 1 1.0
0 93068 1135 2713 1 1 1 1.0
0 146007 1139 3637 1 1 1 1.0
0 105653 1140 2126 1 1 1 1.0
0 85133 1142 1891 1 10 1 1.0
0 124219 1144 3046 1 10 0 1.0
0 116965 1144 2897 1 1 0 1.0
0 121333 1145 3073 1 50 0 1.0
0 141300 1146 4185 1 1 0 1.0
0 75765 1152 2112 1 1 0 1.0
0 87768 1153 2009 1 10 1 1.0
0 150878 1157 4268 1 10 0 1.0
0 171537 1159 3985 1 10 1 1.0
0 69654 1161 1688 1 10 1 1.0
0 145532 1162 3956 1 50 1 1.0
0 145945 1162 3040 1 10 0 1.0
0 115993 1163 3453 1 1 0 1.0
0 112929 1163 3188 1 50 0 1.0
0 66233 1164 1340 1 1 1 1.0
0 163917 1166 4429 1 1 0 1.0
0 173952 1166 3912 1 10 0 1.0
0 170842 1169 3511 1 1 0 1.0
0 128920 1173 3034 1 1 0 1.0
0 113887 1177 2925 1 1 1 1.0
0 144274 1179 3642 1 10 0 1.0
0 100223 1190 2678 1 10 0 1.0
0 70617 1193 1700 1 50 1 1.0
0 146971 1194 3183 1 10 1 1.0
0 171189 1196 3439 1 10 1 1.0
0 100592 1198 2061 1 1 1 1.0
0 136266 1202 2840 1 50 1 1.0
0 80614 1203 1964 1 10 1 1.0
0 107161 1209 2355 1 1 1 1.0
0 91823 1210 2348 1 10 0 1.0
0 125526 1210 3208 1 1 1 1.0
0 136801 1212 3847 1 10 0 1.0
0 152995 1216 3885 1 50 1 1.0
0 141490 1217 3573 1 50 0 1.0
0 76248 1217 2279 1 1 1 1.0
0 173768 1218 3929 1 1 0 1.0
0 66361 1220 1669 1 1 1 1.0
0 114126 1220 2845 1 1 0 1.0
0 98254 1222 2147 1 1 1 1.0
0 65386 1225 1727 1 1 1 1.0
0 110984 1229 2719 1 1 1 1.0
0 110130 1230 2712 1 50 0 1.0
0 106899 1235 2672 1 1 0 1.0
0 168058 1235 4507 1 50 1 1.0
0 84225 1235 1976 1 10 0 1.0
0 134606 1241 4031 1 10 0 1.0
0 62057 1242 1659 1 10 1 1.0
0 102418 1244 2333 1 1 0 1.0
0 119660 1247 2663 1 10 0 1.0
0 61852 1250 1511 1 1 0 1.0
0 92885 1250 2211 1 10 1 1.0
0 105108 1254 2310 1 10 0 1.0
0 167651 1255 4328 1 1 0 1.0
0 87681 1257 2337 1 1 1 1.0
0 113082 1257 3255 1 1 0 1.0
0 101563 1257 2509 1 1 1 1.0
0 167950 1257 4813 1 1 1 1.0
0 88372 1259 1946 1 50 0 1.0
0 77614 1263 2066 1 1 0 1.0
0 99857 1265 2699 1 10 0 1.0
0 174767 1268 4960 1 1 0 1.0
0 90701 1270 2715 1 1 1 1.0
0 174606 1271 4026 1 1 1 1.0
0 137831 1274 3622 1 1 1 1.0
0 109275 1275 2872 1 1 0 1.0
0 107390 1276 2173 1 50 0 1.0
0 176391 1277 4475 1 1 0 1.0
0 61747 1277 1664 1 1 1 1.0
0 177030 1278 4016 1 1 0 1.0
0 74805 1279 1768 1 1 0 1.0
0 91059 1283 2602 1 1 0 1.0
0 61894 1285 1810 1 50 1 1.0
0 170870 1289 4811 1 1 0 1.0
0 148460 1294 3484 1 1 0 1.0
0 113269 1294 3273 1 1 0 1.0
0 123740 1297 3698 1 1 0 1.0
0 139656 1297 2882 1 1 1 1.0
0 85002 1300 2042 1 50 0 1.0
0 95344 1303 2190 1 1 1 1.0
0 127015 1308 2746 1 1 0 1.0
0 113694 1308 2916 1 1 0 1.0
0 105888 1309 2347 1 10 0 1.0
0 76370 1310 2154 1 50 1 1.0
0 120591 1311 2464 1 1 0 1.0
0 179895 1315 3943 1 1 0 1.0
0 134320 1316 3713 1 1 1 1.0
0 146052 1317 3855 1 1 1 1.0
0 98163 1317 2291 1 10 0 1.0
0 89505 1318 2666 1 1 1 1.0
0 119739 1319 2465 1 1 0 1.0
0 157575 1322 4413 1 1 1 1.0
0 110676 1324 3230 1 10 1 1.0
0 86458 1327 2440 1 1 0 1.0
0 142678 1328 3869 1 10 1 1.0
0 144459 1330 3335 1 1 1 1.0
0 179821 1332 5291 1 1 1 1.0
0 148675 1336 4385 1 10 1 1.0
0 135607 1344 3558 1 1 0 1.0
0 109543 1348 2501 1 1 0 1.0
0 64401 1352 1831 1 1 1 1.0
0 153273 1353 3152 1 1 1 1.0
0 147441 1353 2953 1 1 1 1.0
0 163600 1354 4268 1 10 1 1.0
0 169861 1354 3788 1 1 1 1.0
0 178663 1355 5064 1 10 0 1.0
0 65688 1362 1381 1 50 0 1.0
0 70211 1364 2062 1 1 0 1.0
0 119746 1366 3193 1 1 0 1.0
0 103884 1367 2906 1 10 1 1.0
0 147465 1367 3623 1 1 0 1.0
0 118660 1371 3095 1 1 0 1.0
0 74791 1372 1616 1 10 1 1.0
0 140560 1375 3948 1 1 0 1.0
0 172563 1376 5162 1 1 1 1.0
0 134129 1376 3794 1 1 1 1.0
0 63870 1376 1296 1 1 0 1.0
0 124015 1378 2584 1 10 0 1.0
0 62413 1380 1304 1 1 0 1.0
0 150646 1383 3906 1 10 0 1.0
0 153506 1383 4354 1 10 0 1.0
0 161707 1387 3733 1 10 0 1.0
0 93914 1389 2398 1 1 0 1.0
0 158271 1389 3440 1 1 0 1.0
0 60666 1389 1313 1 1 1 1.0
0 77357 1390 1913 1 1 0 1.0
0 61445 1392 1423 1 1 1 1.0
0 138561 1393 3871 1 10 1 1.0
0 63065 1394 1487 1 1 0 1.0
0 111348 1395 2894 1 1 1 1.0
0 148579 1396 3354 1 10 1 1.0
0 80360 1401 1941 1 1 0 1.0
0 117085 1401 3423 1 50 0 1.0
0 79303 1403 1704 1 10 1 1.0
0 89604 1404 2065 1 1 0 1.0
0 176251 1406 4435 1 10 0 1.0
0 165592 1410 3509 1 1 1 1.0
0 111001 1411 2454 1 10 0 1.0
0 167589 1411 4562 1 1 1 1.0
0 152937 1411 3914 1 1 0 1.0
0 162215 1414 4521 1 10 1 1.0
0 84925 1418 2461 1 1 1 1.0
0 109335 1419 2903 1 10 0 1.0
0 144087 1424 3303 1 50 1 1.0
0 144191 1426 4158 1 10 1 1.0
0 170089 1433 3566 1 10 0 1.0
0 157273 1434 4090 1 10 1 1.0
0 67655 1443 1983 1 1 0 1.0
0 128318 1454 3388 1 1 1 1.0
0 90219 1458 2112 1 1 1 1.0
0 111475 1459 2855 1 50 0 1.0
0 107280 1459 2166 1 1 1 1.0
0 170385 1468 4644 1 1 1 1.0
0 67044 1471 1851 1 1 0 1.0
0 114890 1471 2712 1 10 0 1.0
0 66413 1474 1479 1 1 1 1.0
0 172895 1482 4416 1 10 1 1.0
0 71661 1482 1829 1 10 0 1.0
0 98233 1483 2231 1 50 0 1.0
0 110820 1485 2867 1 50 1 1.0
0 86349 1487 2112 1 50 0 1.0
0 60509 1489 1796 1 50 0 1.0
0 155292 1490 3809 1 1 1 1.0
0 116471 1492 2461 1 50 1 1.0
0 100218 1498 2796 1 1 1 1.0
0 168828 1500 4820 1 1 1 1.0
0 118130 1501 2457 1 1 0 1.0
0 150386 1504 3731 1 1 1 1.0
0 178889 1508 4805 1 10 0 1.0
0 118841 1511 3146 1 1 1 1.0
0 129570 1519 2753 1 10 0 1.0
0 63413 1522 1819 1 1 1 1.0
0 95067 1523 2194 1 1 1 1.0
0 175604 1526 3645 1 50 0 1.0
0 134396 1527 2925 1 50 1 1.0
0 62233 1531 1545 1 1 1 1.0
0 152512 1531 4034 1 1 1 1.0
0 96972 1534 1958 1 1 1 1.0
0 120148 1535 3071 1 1 0 1.0
0 92371 1536 2095 1 1 0 1.0
0 147423 1539 3876 1 10 0 1.0
0 164300 1540 3635 1 1 1 1.0
0 80983 1540 1992 1 1 1 1.0
0 110823 1544 2504 1 10 0 1.0
0 103739 1547 3060 1 1 1 1.0
0 85400 1547 1737 1 10 1 1.0
0 179107 1548 4741 1 1 0 1.0
0 130421 1549 2923 1 10 1 1.0
0 81696 1550 2296 1 10 1 1.0
0 150458 1551 3179 1 1 0 1.0
0 76770 1553 1752 1 10 0 1.0
0 113344 1554 2899 1 10 1 1.0
0 145941 1560 3515 1 1 1 1.0
0 97853 1569 2144 1 1 0 1.0
0 111813 1571 2970 1 1 0 1.0
0 73466 1572 2053 1 1 1 1.0
0 113138 1574 2463 1 1 0 1.0
0 156792 1577 3283 1 10 0 1.0
0 92090 1578 2517 1 50 1 1.0
0 105260 1578 2490 1 1 0 1.0
0 95138 1582 2046 1 1 0 1.0
0 128918 1582 3492 1 1 1 1.0
0 158639 1590 3959 1 50 0 1.0
0 152501 1595 3156 1 1 1 1.0
0 114088 1595 2403 1 1 0 1.0
0 76387 1602 1941 1 1 1 1.0
0 147201 1604 3633 1 50 0 1.0
0 157339 1606 3677 1 1 1 1.0
0 114975 1607 2911 1 1 0 1.0
0 89916 1613 2433 1 50 0 1.0
0 109614 1615 2549 1 10 0 1.0
0 116078 1615 2861 1 50 0 1.0
0 137194 1616 3889 1 1 0 1.0
0 95197 1621 2456 1 1 1 1.0
0 152125 1621 3906 1 1 0 1.0
0 170145 1625 4279 1 1 1 1.0
0 122230 1626 3163 1 1 0 1.0
0 174843 1626 4959 1 1 0 1.0
0 104789 1627 2279 1 1 1 1.0
0 151136 1634 4445 1 1 0 1.0
0 100363 1636 2597 1 1 0 1.0
0 152216 1649 3222 1 1 0 1.0
0 158007 1650 3802 1 1 0 1.0
0 77301 1653 2217 1 1 1 1.0
0 107859 1653 2681 1 1 1 1.0
0 138304 1655 3964 1 1 0 1.0
0 76817 1658 2001 1 50 1 1.0
0 71513 1659 2126 1 50 1 1.0
0 129693 1659 3290 1 10 1 1.0
0 72507 1660 1493 1 10 0 1.0
0 160505 1664 4014 1 10 0 1.0
0 145697 1666 3121 1 1 0 1.0
0 88628 1667 2553 1 1 1 1.0
0 137980 1669 4138 1 50 0 1.0
0 125671 1674 3679 1 1 1 1.0
0 74066 1674 1935 1 10 0 1.0
0 117456 1674 3497 1 1 1 1.0
0 134782 1676 3003 1 10 1 1.0
0 100652 1683 2735 1 50 0 1.0
0 80321 1684 2294 1 50 0 1.0
0 135439 1689 2857 1 1 0 1.0
0 163191 1693 4735 1 1 1 1.0
0 72121 1696 1447 1 1 0 1.0
0 149808 1697 3453 1 1 1 1.0
0 152405 1698 3526 1 1 0 1.0
0 143137 1699 3205 1 1 0 1.0
0 82912 1704 1928 1 50 1 1.0
0 81198 1706 2388 1 10 0 1.0
0 101912 1708 2083 1 1 1 1.0
0 103520 1711 2501 1 1 0 1.0
0 132966 1711 3369 1 1 0 1.0
0 134282 1714 3672 1 10 1 1.0
0 178175 1714 3613 1 1 1 1.0
0 80900 1720 2119 1 1 1 1.0
0 178555 1727 4381 1 1 0 1.0
0 162805 1728 4529 1 10 0 1.0
0 63846 1728 1539 1 50 0 1.0
0 68673 1731 1621 1 10 0 1.0
0 168272 1732 3783 1 10 0 1.0
0 174178 1739 4081 1 1 1 1.0
0 75260 1743 2041 1 10 0 1.0
0 98674 1744 2421 1 1 0 1.0
0 162295 1744 4262 1 1 1 1.0
0 152690 1750 4455 1 10 1 1.0
0 162354 1758 4030 1 1 1 1.0
0 73265 1759 2188 1 50 1 1.0
0 142276 1764 3800 1 1 1 1.0
0 100962 1768 2077 1 1 1 1.0
0 128436 1769 2814 1 1 0 1.0
0 162410 1771 4625 1 1 1 1.0
0 128671 1777 3692 1 1 1 1.0
0 113869 1781 2944 1 1 1 1.0
0 130471 1781 3742 1 1 1 1.0
0 128812 1782 3819 1 1 1 1.0
0 86253 1782 1921 1 10 0 1.0
0 152688 1784 3553 1 1 1 1.0
0 84165 1786 1916 1 10 1 1.0
0 166702 1792 4334 1 50 1 1.0
0 166302 1793 4050 1 1 0 1.0
0 118480 1793 2513 1 1 1 1.0
0 164111 1804 3757 1 50 0 1.0
0 68150 1808 1379 1 10 1 1.0
0 83452 1810 2145 1 50 0 1.0
0 170669 1811 4381 1 1 0 1.0
0 105864 1818 2791 1 1 0 1.0
0 156390 1819 3179 1 1 1 1.0
0 146740 1820 3553 1 1 0 1.0
0 75107 1822 2007 1 1 1 1.0
0 125666 1823 3654 1 10 1 1.0
0 86143 1824 1900 1 10 0 1.0
0 79012 1827 2020 1 10 0 1.0
0 133809 1827 3351 1 10 0 1.0
0 138956 1829 3136 1 1 1 1.0
0 99332 1833 2204 1 50 1 1.0
0 148863 1834 3700 1 1 1 1.0
0 86601 1850 2112 1 1 1 1.0
0 87505 1852 2362 1 10 1 1.0
0 83417 1853 1783 1 1 0 1.0
0 164879 1855 4263 1 10 1 1.0
0 104877 1858 2192 1 1 1 1.0
0 124340 1858 3050 1 50 1 1.0
0 114043 1860 3094 1 50 1 1.0
0 110981 1860 2937 1 1 0 1.0
0 101665 1862 2073 1 50 0 1.0
0 174309 1867 3769 1 10 0 1.0
0 133704 1872 3807 1 1 0 1.0
0 71432 1872 1596 1 1 0 1.0
0 77916 1873 1661 1 1 0 1.0
0 136149 1874 3703 1 1 0 1.0
0 174256 1876 4064 1 1 1 1.0
0 116680 1877 2802 1 50 0 1.0
0 103812 1878 2841 1 1 0 1.0
0 177649 1881 4477 1 1 0 1.0
0 126618 1881 2992 1 10 1 1.0
0 79628 1890 1906 1 1 1 1.0
0 145258 1891 3867 1 1 0 1.0
0 118413 1892 3181 1 1 1 1.0
0 68788 1893 1533 1 1 1 1.0
0 125769 1897 2706 1 1 1 1.0
0 88725 1898 2251 1 10 1 1.0
0 61433 1898 1433 1 10 0 1.0
0 95156 1909 2580 1 1 0 1.0
0 71998 1909 2130 1 1 1 1.0
0 155504 1913 4112 1 10 0 1.0
0 66410 1914 1591 1 10 1 1.0
0 110294 1915 2301 1 1 1 1.0
0 151145 1925 3847 1 10 0 1.0
0 132932 1929 3469 1 1 0 1.0
0 166741 1930 4584 1 1 0 1.0
0 99346 1935 2619 1 50 1 1.0
0 99800 1937 2234 1 1 1 1.0
0 164377 1937 4053 1 1 1 1.0
0 161841 1937 3833 1 1 0 1.0
0 101341 1939 2195 1 1 0 1.0
0 90425 1940 2192 1 1 0 1.0
0 80928 1940 2360 1 1 1 1.0
0 130096 1943 2846 1 1 1 1.0
0 127237 1949 3248 1 1 1 1.0
0 93764 1954 2511 1 1 1 1.0
0 104996 1954 2270 1 10 1 1.0
0 175601 1954 5019 1 1 0 1.0
0 120916 1955 3211 1 1 0 1.0
0 87932 1956 1890 1 50 0 1.0
0 177526 1960 5044 1 50 0 1.0
0 177665 1964 4428 1 1 0 1.0
0 152499 1966 3225 1 50 1 1.0
0 118593 1967 3492 1 1 1 1.0
0 162218 1967 4520 1 1 0 1.0
0 112364 1968 3166 1 1 0 1.0
0 98856 1975 2816 1 1 0 1.0
0 92158 1976 2738 1 1 0 1.0
0 106991 1976 2177 1 1 0 1.0
0 147544 1977 3998 1 10 0 1.0
0 176818 1977 4552 1 1 1 1.0
0 64464 1978 1759 1 1 0 1.0
0 130306 1979 3211 1 10 0 1.0
0 154311 1980 3391 1 1 1 1.0
0 150657 1982 3038 1 10 1 1.0
0 145759 1983 4025 1 10 0 1.0
0 82471 1985 2274 1 1 1 1.0
0 159198 1985 3591 1 1 0 1.0
0 93813 1990 1896 1 10 1 1.0
0 103440 1992 2083 1 1 1 1.0
0 71687 1992 1966 1 1 1 1.0
0 146296 1993 4143 1 1 1 1.0
0 109698 1996 2741 1 1 0 1.0
0 158862 2007 3939 1 1 0 1.0
0 125473 2008 2608 1 50 0 1.0
0 85841 2012 2571 1 10 1 1.0
0 133958 2015 4005 1 10 1 1.0
0 77971 2017 1659 1 1 1 1.0
0 79478 2018 2100 1 1 0 1.0
0 65764 2019 1784 1 50 0 1.0
0 108059 2019 2869 1 1 0 1.0
0 64959 2023 1729 1 50 0 1.0
0 150303 2023 4025 1 1 0 1.0
0 161058 2025 3601 1 1 1 1.0
0 117150 2029 2445 1 10 1 1.0
0 110299 2031 3074 1 1 1 1.0
0 112153 2031 3234 1 1 0 1.0
0 60996 2032 1645 1 10 0 1.0
0 68742 2034 1490 1 10 0 1.0
0 116013 2035 2669 1 1 1 1.0
0 178771 2035 5184 1 1 0 1.0
0 143871 2037 4288 1 10 1 1.0
0 108993 2043 2473 1 10 1 1.0
0 169036 2043 3837 1 1 0 1.0
0 92422 2044 2322 1 1 1 1.0
0 142267 2044 3748 1 1 1 1.0
0 132123 2048 3791 1 1 1 1.0
0 166886 2053 4706 1 1 0 1.0
0 106855 2057 2195 1 10 1 1.0
0 104094 2058 2904 1 1 0 1.0
0 84712 2063 2164 1 50 1 1.0
0 116741 2063 3460 1 10 1 1.0
0 132589 2068 2731 1 1 1 1.0
0 175063 2070 3901 1 1 0 1.0
0 87408 2071 2495 1 50 1 1.0
0 151942 2072 3917 1 50 1 1.0
0 105403 2075 2716 1 10 1 1.0
0 145684 2075 3373 1 50 1 1.0
0 137614 2077 2997 1 50 1 1.0
0 124744 2078 2916 1 1 0 1.0
0 122579 2089 3108 1 1 0 1.0
0 90240 2093 2118 1 50 0 1.0
0 101524 2094 2212 1 1 1 1.0
0 127540 2102 3429 1 1 0 1.0
0 79410 2108 2192 1 10 0 1.0
0 167951 2109 3769 1 50 1 1.0
0 139460 2109 3740 1 1 0 1.0
0 98610 2110 2194 1 10 0 1.0
0 73424 2111 1714 1 50 1 1.0
0 154580 2111 3280 1 1 1 1.0
0 169940 2116 4090 1 10 1 1.0
0 119048 2117 3046 1 1 0 1.0
0 172277 2118 4207 1 1 1 1.0
0 63118 2121 1706 1 10 0 1.0
0 156924 2131 4166 1 1 1 1.0
0 175666 2134 5225 1 10 0 1.0
0 136076 2135 3233 1 1 1 1.0
0 115276 2139 2477 1 10 0 1.0
0 84048 2141 1736 1 1 0 1.0
0 153429 2141 3395 1 1 0 1.0
0 138871 2146 3863 1 10 0 1.0
0 105061 2147 2645 1 10 0 1.0
0 98452 2147 2712 1 1 0 1.0
0 113359 2156 3148 1 10 1 1.0
0 92378 2157 2087 1 10 0 1.0
0 97898 2158 2413 1 1 0 1.0
0 78297 2164 1812 1 1 1 1.0
0 142667 2164 3678 1 1 0 1.0
0 106965 2166 3199 1 10 0 1.0
0 144175 2168 3202 1 1 1 1.0
0 149470 2171 3336 1 10 0 1.0
0 152466 2172 4125 1 1 0 1.0
0 66111 2173 1485 1 1 1 1.0
0 107519 2173 2819 1 1 1 1.0
0 172174 2174 4134 1 1 1 1.0
0 60411 2177 1515 1 1 1 1.0
0 177703 2177 5190 1 1 1 1.0
0 75751 2179 2110 1 10 1 1.0
0 158549 2186 4039 1 10 0 1.0
0 150939 2186 4162 1 1 1 1.0
0 170754 2190 4222 1 1 1 1.0
0 134693 2191 3444 1 1 0 1.0
0 79584 2197 1775 1 10 1 1.0
0 159297 2204 4201 1 1 0 1.0
0 150718 2206 4449 1 50 1 1.0
0 163339 2207 3275 1 1 1 1.0
0 173937 2208 3728 1 1 1 1.0
0 128420 2209 3384 1 10 0 1.0
0 137802 2211 3784 1 1 1 1.0
0 126073 2212 3142 1 10 1 1.0
0 157512 2214 3749 1 1 1 1.0
0 124744 2215 3618 1 1 0 1.0
0 130567 2218 3341 1 1 1 1.0
0 111142 2219 2433 1 1 1 1.0
0 98500 2221 2869 1 10 0 1.0
0 164636 2223 4005 1 1 1 1.0
0 140324 2225 4124 1 10 1 1.0
0 110228 2226 2547 1 1 1 1.0
0 155182 2226 4423 1 1 0 1.0
0 127944 2227 3035 1 1 0 1.0
0 68209 2228 1558 1 1 1 1.0
0 70668 2235 1572 1 1 0 1.0
0 95387 2238 2666 1 1 0 1.0
0 148746 2241 3394 1 10 1 1.0
0 179275 2258 4940 1 10 0 1.0
0 69274 2260 1549 1 1 1 1.0
0 97476 2262 2517 1 1 1 1.0
0 90461 2267 2202 1 10 0 1.0
0 149555 2269 3294 1 50 1 1.0
0 161098 2270 4152 1 10 0 1.0
0 107656 2271 2191 1 1 0 1.0
0 156919 2283 4011 1 50 0 1.0
0 126465 2285 3491 1 1 0 1.0
0 151149 2286 4323 1 10 1 1.0
0 128185 2297 3801 1 10 0 1.0
0 88239 2301 2092 1 10 1 1.0
0 100458 2303 2489 1 10 1 1.0
0 166672 2304 4270 1 1 0 1.0
0 172858 2305 4304 1 1 0 1.0
0 68633 2307 1689 1 10 1 1.0
0 96013 2307 2871 1 50 0 1.0
0 85503 2310 1805 1 1 0 1.0
0 147880 2311 3498 1 1 0 1.0
0 107580 2312 2966 1 10 1 1.0
0 108469 2314 2224 1 1 1 1.0
0 167176 2319 3454 1 10 1 1.0
0 155810 2323 3216 1 50 1 1.0
0 165152 2329 4415 1 10 0 1.0
0 163567 2331 4398 1 1 0 1.0
0 143895 2332 3857 1 1 0 1.0
0 130990 2332 3313 1 1 0 1.0
0 72628 2333 1850 1 1 1 1.0
0 70687 2333 2104 1 1 1 1.0
0 131480 2335 3284 1 1 0 1.0
0 70641 2338 1473 1 1 0 1.0
0 79316 2341 1668 1 50 1 1.0
0 110641 2342 3291 1 10 0 1.0
0 99599 2343 2915 1 10 0 1.0
0 101523 2348 2151 1 10 1 1.0
0 175061 2348 4074 1 10 0 1.0
0 71974 2350 1721 1 10 0 1.0
0 163598 2351 4770 1 10 0 1.0
0 133463 2352 3181 1 1 0 1.0
0 123131 2354 3059 1 1 0 1.0
0 64804 2363 1680 1 1 1 1.0
0 96822 2364 2411 1 10 1 1.0
0 67831 2367 1712 1 10 0 1.0
0 74962 2370 1626 1 1 1 1.0
0 82332 2371 2268 1 10 0 1.0
0 123092 2374 3402 1 1 1 1.0
0 83039 2376 2274 1 1 1 1.0
0 69946 2376 1836 1 50 1 1.0
0 90449 2377 2193 1 50 1 1.0
0 121562 2377 3080 1 1 1 1.0
0 158901 2377 3810 1 10 1 1.0
0 92352 2378 1854 1 50 0 1.0
0 117728 2380 2443 1 1 1 1.0
0 152656 2381 3725 1 1 0 1.0
0 134060 2411 3325 1 50 0 1.0
0 135276 2412 3528 1 50 0 1.0
0 174428 2412 4350 1 1 0 1.0
0 164604 2415 4022 1 1 1 1.0
0 170963 2420 4357 1 10 1 1.0
0 98918 2422 2075 1 1 0 1.0
0 91978 2428 2577 1 1 1 1.0
0 178897 2428 4892 1 1 0 1.0
0 101453 2430 2862 1 1 1 1.0
0 105626 2436 2418 1 1 1 1.0
0 69882 2437 1723 1 1 0 1.0
0 108285 2439 2709 1 50 0 1.0
0 71588 2439 1497 1 10 0 1.0
0 105984 2440 3017 1 10 1 1.0
0 124992 2441 3352 1 1 1 1.0
0 119939 2443 3287 1 1 1 1.0
0 116238 2449 2812 1 1 1 1.0
0 148033 2452 3624 1 10 0 1.0
0 121105 2453 3358 1 1 1 1.0
0 79604 2456 2102 1 10 1 1.0
0 163600 2457 4888 1 1 1 1.0
0 86813 2457 2056 1 10 0 1.0
0 87991 2459 2124 1 10 1 1.0
0 148621 2462 3156 1 1 0 1.0
0 117533 2463 2400 1 1 1 1.0
0 154996 2468 3484 1 1 0 1.0
0 174599 2469 4127 1 10 0 1.0
0 111995 2472 3272 1 10 0 1.0
0 136036 2478 3362 1 50 1 1.0
0 134013 2480 3447 1 1 0 1.0
0 174275 2482 4769 1 1 0 1.0
0 143828 2483 3435 1 1 1 1.0
0 173143 2488 4619 1 50 1 1.0
0 69617 2494 1447 1 1 0 1.0
0 155499 2496 3241 1 1 0 1.0
0 156352 2497 4511 1 50 0 1.0
0 173897 2499 4527 1 1 0 1.0
0 69830 2505 1855 1 1 0 1.0
0 143739 2507 3326 1 1 1 1.0
0 159036 2510 3311 1 10 1 1.0
0 102631 2511 2397 1 10 0 1.0
0 92807 2513 2294 1 50 1 1.0
0 162635 2514 3637 1 50 0 1.0
0 126969 2517 3169 1 10 0 1.0
0 129744 2520 3609 1 50 1 1.0
0 173226 2522 4785 1 1 0 1.0
0 72880 2524 1483 1 1 1 1.0
0 149595 2526 4299 1 50 1 1.0
0 81947 2527 1818 1 1 1 1.0
0 109351 2528 2949 1 50 0 1.0
0 134783 2532 3041 1 10 1 1.0
0 87146 2532 2051 1 1 0 1.0
0 107040 2533 2522 1 10 0 1.0
0 80226 2536 2328 1 1 0 1.0
0 81503 2536 2411 1 10 1 1.0
0 73630 2537 1831 1 1 1 1.0
0 152663 2541 4286 1 1 0 1.0
0 176677 2543 5127 1 1 0 1.0
0 90418 2547 2557 1 10 0 1.0
0 127761 2552 3207 1 1 1 1.0
0 130368 2561 3142 1 1 0 1.0
0 144902 2563 3320 1 1 0 1.0
0 132725 2568 3815 1 10 0 1.0
0 170962 2568 4415 1 50 1 1.0
0 154967 2568 3210 1 1 0 1.0
0 129000 2572 3078 1 10 0 1.0
0 130769 2574 2855 1 1 0 1.0
0 140455 2576 3499 1 10 1 1.0
0 138388 2576 3296 1 10 1 1.0
0 179448 2578 4375 1 1 0 1.0
0 164745 2580 4333 1 1 0 1.0
0 167436 2582 3909 1 1 0 1.0
0 66188 2590 1891 1 1 0 1.0
0 72353 2590 1881 1 1 1 1.0
0 66863 2593 1469 1 10 0 1.0
0 175176 2595 4101 1 1 1 1.0
0 82521 2595 2415 1 50 0 1.0
0 111772 2605 2307 1 1 0 1.0
0 151504 2605 3152 1 1 1 1.0
0 156250 2606 4546 1 1 0 1.0
0 169060 2607 4504 1 1 1 1.0
0 157684 2608 3935 1 1 1 1.0
0 129928 2608 3118 1 1 0 1.0
0 95083 2612 2280 1 10 0 1.0
0 77514 2615 2249 1 1 0 1.0
0 100631 2617 2086 1 10 1 1.0
0 149473 2619 3430 1 1 0 1.0
0 111511 2621 2623 1 10 1 1.0
0 171743 2622 3897 1 10 1 1.0
0 158947 2625 3558 1 10 1 1.0
0 138566 2632 3726 1 10 1 1.0
0 71091 2637 1477 1 50 0 1.0
0 88395 2638 2242 1 1 1 1.0
0 128961 2642 2639 1 1 1 1.0
0 60198 2642 1445 1 1 0 1.0
0 159065 2644 4092 1 1 1 1.0
0 102216 2648 2814 1 10 0 1.0
0 141474 2651 3857 1 10 0 1.0
0 169323 2654 3892 1 1 1 1.0
0 136897 2655 3673 1 10 1 1.0
0 97452 2658 2296 1 1 0 1.0
0 136174 2658 3890 1 1 0 1.0
0 123394 2658 3344 1 10 0 1.0
0 147689 2661 3808 1 10 1 1.0
0 142683 2662 3635 1 1 1 1.0
0 74137 2663 1504 1 1 0 1.0
0 75439 2664 2185 1 1 1 1.0
0 119051 2665 2657 1 1 1 1.0
0 150917 2671 3898 1 10 0 1.0
0 89035 2671 2014 1 1 0 1.0
0 87489 2672 1860 1 10 0 1.0
0 95745 2675 2693 1 1 1 1.0
0 150075 2675 3621 1 10 1 1.0
0 112630 2678 2946 1 1 0 1.0
0 116065 2680 3382 1 50 0 1.0
0 119002 2680 2547 1 10 1 1.0
0 71088 2685 1816 1 1 0 1.0
0 65656 2685 1629 1 10 0 1.0
0 156940 2686 3753 1 1 0 1.0
0 142835 2688 3953 1 1 0 1.0
0 61138 2688 1292 1 50 1 1.0
0 102034 2693 2313 1 1 0 1.0
0 103088 2693 2554 1 1 1 1.0
0 82018 2699 1785 1 10 0 1.0
0 133656 2704 3887 1 1 1 1.0
0 177449 2705 4622 1 1 1 1.0
0 167728 2706 3725 1 1 1 1.0
0 164342 2707 3815 1 10 0 1.0
0 100924 2709 2085 1 10 0 1.0
0 83477 2711 2059 1 1 0 1.0
0 158513 2711 3521 1 1 1 1.0
0 81876 2713 2214 1 1 1 1.0
0 165412 2714 4656 1 1 0 1.0
0 172215 2715 4101 1 10 0 1.0
0 171060 2715 3899 1 1 1 1.0
0 101979 2715 2925 1 10 1 1.0
0 148834 2715 3263 1 1 0 1.0
0 143972 2717 4023 1 1 1 1.0
0 106043 2717 2953 1 10 1 1.0
0 142184 2723 4053 1 10 0 1.0
0 102872 2724 2430 1 1 1 1.0
0 134487 2725 3897 1 10 1 1.0
0 171214 2727 4011 1 10 0 1.0
0 128744 2730 3581 1 10 1 1.0
0 154118 2733 3535 1 1 0 1.0
0 113734 2733 3403 1 1 0 1.0
0 62376 2741 1770 1 1 0 1.0
0 121786 2743 2753 1 1 0 1.0
0 161118 2743 4473 1 50 0 1.0
0 118618 2747 2929 1 1 0 1.0
0 131721 2747 3322 1 1 1 1.0
0 106846 2749 3093 1 1 0 1.0
0 76298 2750 1667 1 50 0 1.0
0 103701 2757 2466 1 10 1 1.0
0 169444 2758 3928 1 1 0 1.0
0 65767 2759 1321 1 1 0 1.0
0 160089 2761 3782 1 1 1 1.0
0 96511 2769 2332 1 10 0 1.0
0 167626 2772 4536 1 10 0 1.0
0 159901 2774 3265 1 1 0 1.0
0 157104 2777 3863 1 10 1 1.0
0 115306 2781 3195 1 1 0 1.0
0 128294 2784 3422 1 1 1 1.0
0 164971 2789 4794 1 1 0 1.0
0 66376 2790 1562 1 10 1 1.0
0 82495 2798 1693 1 1 0 1.0
0 166477 2799 4169 1 1 0 1.0
0 92408 2803 2411 1 10 0 1.0
0 105646 2806 2297 1 1 1 1.0
0 127710 2807 2949 1 1 1 1.0
0 95135 2807 2817 1 10 0 1.0
0 108819 2808 2464 1 10 0 1.0
0 120504 2810 2578 1 10 1 1.0
0 167543 2812 3989 1 50 0 1.0
0 112863 2812 2741 1 1 1 1.0
0 82137 2812 1722 1 1 1 1.0
0 149039 2819 3685 1 1 1 1.0
0 105923 2823 2934 1 10 1 1.0
0 93307 2830 2131 1 1 0 1.0
0 96003 2831 2830 1 1 1 1.0
0 148012 2834 3996 1 10 1 1.0
0 177967 2841 4730 1 10 0 1.0
0 165700 2841 3433 1 10 1 1.0
0 151349 2848 3648 1 1 0 1.0
0 142888 2849 3183 1 1 0 1.0
0 126573 2853 2603 1 10 1 1.0
0 154711 2853 3187 1 10 1 1.0
0 179608 2854 4487 1 10 1 1.0
0 142429 2855 2924 1 1 1 1.0
0 162024 2857 3419 1 1 0 1.0
0 164990 2857 3936 1 1 1 1.0
0 62858 2858 1663 1 1 0 1.0
0 83495 2861 1737 1 10 0 1.0
0 159059 2862 4496 1 50 0 1.0
0 104398 2863 2491 1 10 0 1.0
0 70327 2863 1811 1 1 1 1.0
0 179877 2869 4248 1 50 1 1.0
0 152777 2869 3899 1 10 0 1.0
0 78209 2872 1609 1 50 1 1.0
0 90978 2879 2329 1 10 1 1.0
0 140630 2880 3203 1 1 0 1.0
0 127334 2880 3359 1 1 0 1.0
0 92947 2882 2678 1 10 1 1.0
0 63327 2887 1394 1 10 0 1.0
0 157940 2888 3534 1 10 1 1.0
0 137982 2891 3872 1 10 1 1.0
0 155572 2894 4492 1 10 0 1.0
0 169201 2894 4014 1 10 0 1.0
0 107816 2894 2757 1 50 0 1.0
0 132586 2899 3662 1 1 1 1.0
0 116440 2900 2442 1 10 1 1.0
0 175503 2909 4451 1 1 1 1.0
0 149891 2922 4145 1 1 0 1.0
0 114517 2926 2481 1 1 0 1.0
0 121813 2936 3013 1 10 0 1.0
0 120471 2936 2996 1 1 0 1.0
0 84919 2937 2545 1 1 1 1.0
0 102727 2944 2556 1 50 0 1.0
0 107966 2949 2252 1 1 0 1.0
0 177737 2951 4327 1 1 1 1.0
0 130978 2953 3794 1 10 0 1.0
0 166985 2954 4012 1 1 0 1.0
0 161511 2961 4076 1 1 1 1.0
0 81936 2961 2451 1 1 1 1.0
0 70454 2962 1994 1 1 1 1.0
0 113716 2964 3042 1 1 1 1.0
0 179021 2968 4150 1 1 0 1.0
0 133492 2971 3847 1 1 0 1.0
0 148200 2973 3623 1 10 1 1.0
0 79849 2974 2282 1 1 1 1.0
0 139939 2980 4168 1 10 0 1.0
0 101620 2983 2508 1 10 0 1.0
0 96898 2983 2460 1 10 1 1.0
0 120021 2984 2896 1 1 0 1.0
0 117012 2985 3208 1 1 0 1.0
0 89504 2987 2240 1 1 0 1.0
0 174313 2988 3969 1 10 1 1.0
0 173670 2989 3734 1 1 1 1.0
0 74825 2989 2111 1 10 0 1.0
0 155995 2992 4041 1 50 0 1.0
0 89584 2994 2087 1 50 1 1.0
0 92164 2997 1893 1 1 1 1.0
0 95961 3003 2689 1 1 0 1.0
0 85516 3004 1839 1 1 1 1.0
0 99525 3006 2857 1 10 0 1.0
0 171487 3006 4976 1 10 1 1.0
0 116225 3006 2966 1 50 0 1.0
0 100970 3006 2765 1 10 0 1.0
0 110160 3006 2659 1 50 1 1.0
0 62470 3010 1524 1 1 0 1.0
0 90812 3016 2434 1 1 0 1.0
0 64062 3016 1749 1 1 0 1.0
0 169309 3020 3541 1 50 0 1.0
0 70587 3025 1939 1 1 1 1.0
0 70114 3025 1692 1 1 1 1.0
0 63188 3027 1265 1 50 0 1.0
0 166661 3028 4647 1 50 0 1.0
0 138472 3032 3338 1 1 0 1.0
0 73573 3033 2093 1 1 0 1.0
0 85763 3033 1814 1 50 1 1.0
0 75492 3035 1895 1 50 1 1.0
0 96988 3038 2764 1 50 0 1.0
0 145927 3041 4202 1 50 0 1.0
0 160966 3044 3638 1 1 0 1.0
0 174936 3046 4416 1 1 1 1.0
0 137329 3049 3452 1 10 1 1.0
0 101670 3051 2442 1 1 0 1.0
0 61844 3051 1652 1 50 1 1.0
0 88824 3055 2035 1 1 0 1.0
0 96122 3055 1997 1 1 0 1.0
0 129797 3057 3236 1 50 1 1.0
0 101217 3059 2795 1 10 0 1.0
0 76372 3061 1906 1 1 1 1.0
0 173552 3062 4329 1 1 0 1.0
0 122011 3064 3051 1 1 1 1.0
0 112446 3070 3186 1 50 0 1.0
0 175966 3073 3825 1 10 1 1.0
0 179400 3074 4938 1 1 0 1.0
0 137819 3074 4015 1 1 1 1.0
0 108078 3075 2244 1 10 1 1.0
0 92310 3077 2369 1 10 0 1.0
0 84100 3079 2491 1 1 0 1.0
0 143598 3081 4134 1 1 1 1.0
0 151776 3083 3833 1 1 1 1.0
0 159049 3084 3732 1 1 1 1.0
0 93985 3085 2063 1 10 0 1.0
0 127429 3093 3300 1 1 1 1.0
0 165057 3097 4503 1 10 0 1.0
0 135987 3098 3194 1 10 0 1.0
0 127983 3099 3150 1 1 1 1.0
0 115221 3099 2745 1 10 0 1.0
0 132047 3100 3389 1 50 1 1.0
0 136892 3101 3941 1 1 1 1.0
0 132011 3101 2649 1 1 1 1.0
0 171022 3104 4280 1 10 0 1.0
0 145260 3104 2949 1 1 0 1.0
0 153548 3106 4304 1 1 1 1.0
0 115322 3108 2361 1 1 1 1.0
0 167564 3112 4701 1 10 0 1.0
0 120247 3112 2787 1 1 0 1.0
0 63151 3115 1543 1 1 0 1.0
0 176916 3117 4927 1 1 0 1.0
0 139438 3119 3551 1 1 0 1.0
0 75131 3119 2211 1 10 1 1.0
0 68186 3120 2021 1 50 0 1.0
0 173580 3121 4776 1 1 0 1.0
0 128219 3122 3263 1 50 0 1.0
0 115655 3125 2588 1 50 1 1.0
0 124224 3138 3465 1 1 1 1.0
0 110147 3138 3196 1 1 1 1.0
0 138349 3143 3600 1 1 1 1.0
0 77143 3146 1626 1 10 0 1.0
0 104275 3147 2339 1 1 0 1.0
0 90147 3150 2474 1 1 0 1.0
0 71077 3150 1880 1 10 0 1.0
0 175963 3150 3955 1 10 0 1.0
0 153919 3153 3942 1 1 1 1.0
0 107175 3155 2753 1 1 0 1.0
0 129944 3159 3431 1 1 0 1.0
0 97953 3164 2215 1 10 0 1.0
0 173270 3164 4124 1 1 1 1.0
0 84685 3166 2314 1 1 0 1.0
0 135833 3166 3219 1 1 0 1.0
0 111027 3170 2756 1 1 0 1.0
0 92466 3173 2133 1 10 0 1.0
0 63133 3175 1594 1 1 0 1.0
0 116903 3175 2904 1 1 1 1.0
0 63692 3177 1379 1 10 1 1.0
0 69459 3180 1499 1 10 0 1.0
0 165015 3181 4287 1 1 1 1.0
0 115045 3182 2824 1 1 1 1.0
0 85704 3184 1826 1 10 0 1.0
0 112087 3186 2748 1 50 1 1.0
0 173729 3186 4179 1 1 1 1.0
0 157846 3188 3463 1 1 1 1.0
0 172900 3188 4562 1 1 1 1.0
0 129017 3193 3710 1 1 1 1.0
0 81634 3196 2051 1 1 1 1.0
0 102975 3196 2236 1 10 1 1.0
0 105652 3196 3068 1 50 1 1.0
0 162284 3197 3816 1 50 1 1.0
0 171341 3198 4231 1 1 1 1.0
0 73830 3198 2174 1 1 1 1.0
0 136509 3202 3939 1 1 0 1.0
0 69364 3208 2034 1 1 1 1.0
0 101080 3209 2041 1 1 1 1.0
0 159521 3210 4648 1 1 1 1.0
0 72106 3214 1663 1 1 0 1.0
0 127142 3215 3372 1 1 0 1.0
0 79577 3216 2100 1 10 0 1.0
0 100902 3221 2886 1 50 0 1.0
0 106231 3223 2754 1 10 0 1.0
0 141834 3224 3786 1 10 1 1.0
0 93117 3225 2080 1 1 1 1.0
0 104535 3228 2735 1 1 1 1.0
0 74473 3228 1897 1 1 0 1.0
0 143870 3229 3657 1 1 1 1.0
0 84341 3231 2330 1 1 1 1.0
0 69420 3239 1990 1 1 0 1.0
0 76035 3239 2071 1 1 0 1.0
0 82454 3239 1803 1 1 0 1.0
0 91434 3242 1971 1 10 0 1.0
0 107264 3245 3039 1 50 1 1.0
0 177375 3249 4368 1 10 0 1.0
0 162963 3253 3416 1 1 0 1.0
0 166515 3255 4302 1 50 0 1.0
0 127183 3255 3689 1 1 1 1.0
0 145384 3255 4164 1 1 1 1.0
0 75315 3256 2176 1 1 0 1.0
0 77506 3259 1894 1 1 1 1.0
0 112495 3259 2883 1 1 0 1.0
0 127351 3261 3463 1 1 1 1.0
0 151178 3268 3848 1 10 0 1.0
0 83284 3271 1896 1 10 1 1.0
0 63304 3279 1438 1 50 0 1.0
0 155848 3281 4217 1 1 0 1.0
0 106216 3282 2761 1 1 1 1.0
0 137122 3283 3899 1 10 0 1.0
0 171255 3292 3847 1 1 0 1.0
0 174155 3293 4933 1 1 0 1.0
0 161477 3299 3908 1 1 0 1.0
0 99578 3301 2236 1 50 1 1.0
0 80264 3302 2051 1 1 1 1.0
0 93020 3303 2258 1 1 1 1.0
0 70539 3304 1552 1 1 0 1.0
0 110853 3308 3101 1 50 0 1.0
0 124139 3312 3244 1 1 1 1.0
0 102306 3312 2138 1 1 0 1.0
0 144458 3313 4103 1 50 1 1.0
0 99424 3315 2481 1 10 0 1.0
0 112028 3316 2442 1 1 0 1.0
0 129218 3317 2743 1 1 1 1.0
0 145090 3319 3644 1 1 0 1.0
0 88812 3322 2270 1 1 0 1.0
0 143575 3323 4205 1 1 0 1.0
0 66085 3325 1724 1 1 0 1.0
0 179550 3331 4503 1 50 1 1.0
0 77319 3332 2084 1 1 1 1.0
0 159921 3333 4268 1 1 0 1.0
0 70841 3334 1628 1 1 0 1.0
0 87676 3337 2490 1 10 1 1.0
0 155768 3339 3205 1 1 0 1.0
0 134533 3347 3699 1 10 0 1.0
0 87673 3348 1820 1 1 0 1.0
0 112169 3351 2675 1 50 1 1.0
0 136448 3353 3559 1 1 1 1.0
0 91495 3354 2203 1 50 0 1.0
0 176418 3355 4908 1 1 1 1.0
0 133756 3355 3090 1 10 1 1.0
0 105419 3356 2611 1 1 1 1.0
0 86238 3358 2329 1 1 1 1.0
0 82933 3364 2473 1 10 1 1.0
0 124009 3364 2677 1 1 0 1.0
0 145380 3365 4200 1 1 1 1.0
0 96457 3369 2146 1 10 1 1.0
0 140463 3372 4116 1 1 0 1.0
0 153035 3372 4239 1 1 0 1.0
0 152252 3373 3656 1 1 0 1.0
0 175790 3378 3888 1 10 1 1.0
0 94454 3383 2445 1 1 1 1.0
0 136616 3384 3550 1 1 0 1.0
0 92421 3387 2255 1 50 1 1.0
0 178977 3387 3727 1 10 1 1.0
0 65847 3391 1701 1 1 1 1.0
0 73288 3397 2109 1 1 1 1.0
0 101241 3398 2904 1 1 0 1.0
0 116316 3401 3021 1 10 0 1.0
0 102732 3402 2168 1 10 0 1.0
0 68942 3403 1873 1 10 0 1.0
0 61650 3404 1768 1 10 1 1.0
0 106577 3411 2728 1 1 1 1.0
0 75208 3415 1770 1 50 1 1.0
0 153832 3418 3498 1 10 0 1.0
0 108188 3421 3090 1 1 1 1.0
0 95244 3422 2170 1 10 0 1.0
0 103616 3427 2337 1 1 1 1.0
0 174650 3427 3647 1 1 0 1.0
0 114391 3428 2834 1 10 1 1.0
0 169107 3428 4796 1 1 0 1.0
0 70679 3433 1857 1 10 1 1.0
0 63963 3437 1602 1 1 0 1.0
0 108156 3440 2469 1 10 0 1.0
0 167172 3441 4532 1 10 1 1.0
0 105970 3453 2625 1 1 0 1.0
0 70753 3455 1598 1 1 1 1.0
0 121842 3456 3280 1 50 1 1.0
0 114677 3461 2761 1 10 1 1.0
0 103818 3463 2579 1 1 1 1.0
0 114646 3464 3420 1 1 1 1.0
0 99709 3464 2334 1 1 0 1.0
0 161927 3465 3330 1 1 1 1.0
0 95177 3476 1906 1 1 0 1.0
0 166634 3477 4475 1 1 0 1.0
0 102537 3481 2093 1 10 1 1.0
0 117796 3487 2435 1 1 1 1.0
0 167632 3490 4251 1 1 1 1.0
0 145770 3491 3035 1 1 0 1.0
0 158574 3495 3357 1 10 0 1.0
0 142481 3495 3812 1 50 1 1.0
0 155576 3497 3542 1 10 1 1.0
0 78029 3497 1918 1 1 1 1.0
0 164814 3498 3315 1 10 1 1.0
0 169706 3506 3639 1 10 0 1.0
0 141998 3508 3765 1 1 0 1.0
0 170920 3510 3824 1 50 0 1.0
0 138326 3521 3153 1 50 1 1.0
0 112918 3523 2390 1 1 1 1.0
0 60505 3523 1396 1 1 0 1.0
0 69907 3524 1508 1 1 0 1.0
0 99904 3524 2647 1 1 0 1.0
0 71892 3525 1825 1 1 1 1.0
0 157324 3527 4300 1 1 0 1.0
0 114428 3528 2704 1 1 0 1.0
0 162952 3530 3544 1 1 0 1.0
0 172725 3531 4314 1 1 0 1.0
0 124470 3540 3225 1 1 0 1.0
0 104203 3541 2306 1 10 0 1.0
0 125665 3543 3603 1 50 1 1.0
0 145890 3548 3617 1 10 0 1.0
0 86321 3555 2321 1 10 0 1.0
0 119681 3556 3447 1 1 1 1.0
0 94029 3566 2137 1 1 1 1.0
0 82115 3568 1852 1 1 1 1.0
0 108642 3573 3142 1 1 1 1.0
0 140417 3573 3738 1 1 1 1.0
0 69972 3574 1652 1 50 1 1.0
0 165080 3576 3879 1 10 0 1.0
0 113356 3577 2733 1 1 1 1.0
0 81492 3584 2365 1 1 1 1.0
0 166343 3585 4140 1 1 0 1.0
0 86029 3586 1916 1 1 0 1.0
0 146271 3586 3666 1 10 0 1.0
0 61400 3587 1796 1 10 1 1.0
0 170775 3593 4011 1 1 0 1.0
0 155837 3593 4601 1 10 0 1.0
0 151917 3594 4197 1 1 0 1.0
0 86473 3596 2403 1 1 1 1.0
0 154281 3598 4533 1 50 0 1.0
