1500
10 104545 1 2898 1 1 1 1.0
10 124699 7 2576 1 10 0 1.0
10 96670 7 2341 1 1 1 1.0
10 79029 10 2228 1 1 0 1.0
10 113597 10 2355 1 1 1 1.0
10 143619 11 3819 1 1 1 1.0
10 138778 13 3573 1 10 1 1.0
10 157326 15 4564 1 1 1 1.0
10 128835 19 3193 1 1 1 1.0
10 145233 22 3784 1 1 0 1.0
10 173386 22 4530 1 1 1 1.0
10 100748 23 2023 1 10 1 1.0
10 135025 23 3367 1 1 1 1.0
10 133109 26 3202 1 1 0 1.0
10 71232 34 1518 1 50 1 1.0
10 110134 34 2422 1 1 0 1.0
10 82011 35 2312 1 10 0 1.0
10 174409 37 5148 1 1 0 1.0
10 168304 40 4658 1 1 1 1.0
10 168446 40 4469 1 1 0 1.0
10 89582 40 2672 1 50 0 1.0
10 97196 44 2247 1 1 1 1.0
10 112321 45 2935 1 1 0 1.0
10 131669 49 3210 1 1 0 1.0
10 74313 50 1570 1 1 1 1.0
10 112116 51 2456 1 1 0 1.0
10 69516 51 1642 1 10 0 1.0
10 93250 51 2142 1 1 0 1.0
10 119953 54 3255 1 50 0 1.0
10 166002 63 4860 1 1 0 1.0
10 93332 64 2681 1 10 0 1.0
10 123517 66 2717 1 1 1 1.0
10 152398 70 4078 1 10 1 1.0
10 142203 72 3148 1 1 1 1.0
10 145467 74 3791 1 1 1 1.0
10 110119 76 2413 1 1 0 1.0
10 126615 83 2676 1 1 1 1.0
10 97124 87 2342 1 10 1 1.0
10 129170 88 2895 1 1 1 1.0
10 133109 91 3300 1 1 1 1.0
10 95016 94 2101 1 1 1 1.0
10 78529 96 2198 1 1 1 1.0
10 162300 99 3389 1 1 1 1.0
10 64328 103 1409 1 1 1 1.0
10 118240 103 3229 1 1 0 1.0
10 106960 105 2376 1 1 0 1.0
10 174696 106 3858 1 1 1 1.0
10 85055 107 1990 1 10 1 1.0
10 119380 108 3001 1 1 0 1.0
10 176239 111 3973 1 1 1 1.0
10 61241 114 1529 1 10 0 1.0
10 103482 115 2863 1 10 1 1.0
10 103897 116 3014 1 1 0 1.0
10 143507 116 3679 1 10 1 1.0
10 139857 117 3466 1 1 0 1.0
10 89852 121 2054 1 10 0 1.0
10 136595 122 3175 1 10 1 1.0
10 116066 125 2728 1 1 1 1.0
10 167938 129 4515 1 1 0 1.0
10 174236 131 4621 1 1 1 1.0
10 75862 133 2117 1 1 1 1.0
10 98992 136 2305 1 10 1 1.0
10 72311 141 1949 1 1 1 1.0
10 63992 141 1449 1 10 1 1.0
10 173291 142 3950 1 1 0 1.0
10 127804 142 3584 1 10 1 1.0
10 172065 143 4773 1 1 0 1.0
10 77819 148 2318 1 1 0 1.0
10 102493 151 2105 1 50 1 1.0
10 127265 164 2698 1 1 1 1.0
10 107781 166 2550 1 1 0 1.0
10 134835 167 2717 1 1 1 1.0
10 84575 168 1974 1 1 1 1.0
10 126506 168 2800 1 1 1 1.0
10 105330 170 2384 1 1 1 1.0
10 65783 174 1734 1 1 1 1.0
10 128615 188 2764 1 1 0 1.0
10 119847 188 2814 1 1 1 1.0
10 173936 192 4084 1 10 0 1.0
10 85706 196 2214 1 10 1 1.0
10 84596 197 2129 1 10 0 1.0
10 130424 202 3865 1 1 0 1.0
10 123184 203 3616 1 1 0 1.0
10 119225 203 3362 1 10 0 1.0
10 75934 206 1904 1 10 1 1.0
10 94037 207 2181 1 1 0 1.0
10 139490 210 3711 1 50 1 1.0
10 87885 210 2630 1 1 1 1.0
10 178213 211 4502 1 10 0 1.0
10 99513 217 2224 1 50 0 1.0
10 152523 220 4521 1 10 0 1.0
10 153392 226 4279 1 1 1 1.0
10 160006 230 4519 1 1 1 1.0
10 133506 231 3790 1 1 0 1.0
10 160018 232 3674 1 1 0 1.0
10 144156 232 4321 1 1 1 1.0
10 108475 233 2286 1 50 0 1.0
10 130746 236 3347 1 50 1 1.0
10 88968 236 2406 1 10 1 1.0
10 66889 236 1436 1 10 0 1.0
10 156178 237 3427 1 1 0 1.0
10 70926 237 1946 1 1 1 1.0
10 77854 238 2262 1 1 1 1.0
10 87280 241 2225 1 1 0 1.0
10 84897 243 1998 1 1 1 1.0
10 72124 244 2111 1 10 1 1.0
10 71363 254 1605 1 1 1 1.0
10 162277 259 4848 1 10 0 1.0
10 107308 261 2158 1 1 0 1.0
10 105773 262 2221 1 1 1 1.0
10 156060 263 4168 1 1 1 1.0
10 143455 265 3093 1 50 0 1.0
10 168318 272 4671 1 1 1 1.0
10 145653 278 4272 1 1 0 1.0
10 118631 280 2605 1 50 1 1.0
10 136947 283 3701 1 10 1 1.0
10 72855 285 1610 1 10 0 1.0
10 155305 286 4243 1 50 1 1.0
10 99502 291 2203 1 1 0 1.0
10 172403 299 4569 1 1 1 1.0
10 60443 307 1687 1 1 0 1.0
10 136015 308 2989 1 1 1 1.0
10 177726 314 4582 1 50 0 1.0
10 151299 315 3518 1 1 0 1.0
10 123119 315 2576 1 50 1 1.0
10 117924 316 3073 1 10 1 1.0
10 178447 318 5288 1 10 1 1.0
10 137648 321 3907 1 1 1 1.0
10 61812 321 1748 1 10 1 1.0
10 105546 323 3013 1 1 0 1.0
10 161237 325 3735 1 10 0 1.0
10 103011 326 2323 1 10 1 1.0
10 156353 326 3764 1 1 1 1.0
10 101575 327 2778 1 1 0 1.0
10 128509 329 2676 1 50 0 1.0
10 73109 333 1776 1 1 1 1.0
10 88234 334 1773 1 1 0 1.0
10 90746 335 2115 1 10 1 1.0
10 149935 335 3489 1 10 0 1.0
10 172711 338 4769 1 10 1 1.0
10 173760 342 3982 1 1 0 1.0
10 99744 346 2725 1 1 0 1.0
10 119593 349 3098 1 1 1 1.0
10 96753 350 2247 1 1 1 1.0
10 117474 352 2535 1 1 1 1.0
10 105181 357 2819 1 1 1 1.0
10 177102 361 3601 1 1 0 1.0
10 139872 363 3180 1 10 1 1.0
10 164965 365 3915 1 1 0 1.0
10 84062 371 2501 1 1 1 1.0
10 123975 372 3250 1 50 1 1.0
10 178263 375 4106 1 50 0 1.0
10 135549 377 3868 1 1 1 1.0
10 131705 379 3524 1 1 0 1.0
10 73199 382 1794 1 10 0 1.0
10 110725 384 2641 1 1 1 1.0
10 128410 391 3051 1 1 1 1.0
10 75353 391 1660 1 50 1 1.0
10 101366 393 2377 1 1 0 1.0
10 82578 394 1795 1 10 1 1.0
10 80137 396 2215 1 1 0 1.0
10 160693 399 4593 1 10 0 1.0
10 83474 401 1843 1 1 1 1.0
10 113681 401 2485 1 1 1 1.0
10 80823 404 1873 1 1 0 1.0
10 161095 406 4042 1 10 0 1.0
10 99146 409 2497 1 1 1 1.0
10 83925 412 2384 1 1 1 1.0
10 157822 414 3524 1 1 1 1.0
10 138339 422 3450 1 1 1 1.0
10 89180 424 2377 1 1 1 1.0
10 110616 429 2544 1 1 0 1.0
10 72431 429 2154 1 10 1 1.0
10 146432 437 3029 1 1 1 1.0
10 83277 444 2486 1 50 1 1.0
10 98467 448 2080 1 50 1 1.0
10 116005 448 2570 1 1 0 1.0
10 178022 450 4156 1 1 0 1.0
10 67840 451 1921 1 10 0 1.0
10 70734 453 1900 1 1 1 1.0
10 128257 463 3531 1 1 0 1.0
10 152520 464 3163 1 1 0 1.0
10 137693 465 3182 1 1 0 1.0
10 165386 469 3540 1 1 1 1.0
10 134919 471 3624 1 1 1 1.0
10 143085 471 3482 1 1 0 1.0
10 112388 472 2723 1 1 1 1.0
10 176094 476 4892 1 10 1 1.0
10 160789 479 4332 1 1 1 1.0
10 176187 479 3850 1 1 1 1.0
10 151507 483 3396 1 10 1 1.0
10 86329 485 1947 1 10 0 1.0
10 79897 490 2210 1 1 1 1.0
10 91476 491 2620 1 1 0 1.0
10 67231 497 1880 1 10 1 1.0
10 134851 499 3125 1 1 0 1.0
10 70052 501 1987 1 10 0 1.0
10 150745 503 3548 1 1 1 1.0
10 123037 506 3515 1 1 0 1.0
10 98254 507 2314 1 1 1 1.0
10 166919 507 4712 1 10 0 1.0
10 142125 513 2927 1 10 0 1.0
10 94505 514 1910 1 10 0 1.0
10 120911 521 3537 1 1 0 1.0
10 160351 521 3483 1 10 1 1.0
10 153315 522 3556 1 10 1 1.0
10 88742 524 2316 1 50 0 1.0
10 173072 531 4420 1 10 0 1.0
10 72165 532 1498 1 1 1 1.0
10 78468 536 2058 1 1 0 1.0
10 161068 537 3980 1 10 0 1.0
10 115266 539 3336 1 1 0 1.0
10 148703 544 4091 1 1 0 1.0
10 135412 548 3277 1 1 1 1.0
10 99285 549 2064 1 1 0 1.0
10 151191 551 4464 1 10 0 1.0
10 82185 554 1698 1 1 1 1.0
10 78942 555 1750 1 50 1 1.0
10 142946 557 3239 1 1 0 1.0
10 127526 559 3501 1 1 0 1.0
10 62377 560 1791 1 1 0 1.0
10 116094 565 3414 1 1 0 1.0
10 165746 566 3723 1 1 1 1.0
10 92575 567 2573 1 1 1 1.0
10 94909 568 2578 1 50 1 1.0
10 115988 574 3029 1 50 0 1.0
10 110026 576 3026 1 1 0 1.0
10 92611 579 2562 1 10 0 1.0
10 148787 582 4122 1 1 0 1.0
10 76562 585 1879 1 50 0 1.0
10 164182 587 4629 1 10 1 1.0
10 159260 592 3741 1 1 0 1.0
10 130479 596 2960 1 1 0 1.0
10 177064 600 3759 1 1 1 1.0
10 104875 607 2996 1 1 1 1.0
10 104958 616 3026 1 50 1 1.0
10 129476 620 3710 1 1 1 1.0
10 176734 622 4335 1 10 1 1.0
10 127840 623 2765 1 1 0 1.0
10 161185 626 4765 1 1 0 1.0
10 176051 627 4325 1 1 1 1.0
10 73622 629 1817 1 1 1 1.0
10 149782 630 4245 1 1 0 1.0
10 146306 631 3099 1 1 1 1.0
10 157490 632 3211 1 10 1 1.0
10 97135 633 2469 1 1 0 1.0
10 165527 638 4315 1 1 1 1.0
10 148699 639 4390 1 1 0 1.0
10 84953 642 2136 1 10 1 1.0
10 61064 645 1793 1 1 0 1.0
10 153432 645 4452 1 1 1 1.0
10 109197 650 2897 1 50 0 1.0
10 160396 651 4799 1 1 1 1.0
10 100753 652 2203 1 10 1 1.0
10 135423 652 3743 1 1 1 1.0
10 91336 653 1915 1 50 1 1.0
10 134616 657 2765 1 1 0 1.0
10 81216 657 1663 1 10 0 1.0
10 119275 661 3285 1 10 0 1.0
10 160844 661 3501 1 10 0 1.0
10 131799 667 3596 1 50 1 1.0
10 66161 667 1336 1 1 0 1.0
10 104351 668 2482 1 1 1 1.0
10 122631 670 3638 1 1 0 1.0
10 89782 673 2096 1 1 0 1.0
10 134648 676 2709 1 50 1 1.0
10 88735 677 1855 1 1 1 1.0
10 173023 685 4156 1 10 1 1.0
10 179486 686 4321 1 1 0 1.0
10 118319 687 2780 1 10 1 1.0
10 133193 689 3485 1 1 0 1.0
10 133159 691 3878 1 10 1 1.0
10 130283 692 3781 1 1 0 1.0
10 68655 692 1663 1 1 1 1.0
10 88686 694 1824 1 50 1 1.0
10 160971 696 4269 1 1 0 1.0
10 117871 696 2976 1 10 1 1.0
10 127256 699 3501 1 1 1 1.0
10 73392 700 1755 1 1 1 1.0
10 92531 701 2616 1 1 0 1.0
10 77839 703 1715 1 1 0 1.0
10 112548 705 2784 1 1 0 1.0
10 157229 706 3909 1 50 1 1.0
10 139069 709 4120 1 50 1 1.0
10 62449 711 1643 1 1 0 1.0
10 154063 712 3561 1 10 0 1.0
10 171775 712 5128 1 10 1 1.0
10 157340 714 3593 1 10 1 1.0
10 169743 716 5045 1 10 1 1.0
10 165670 716 4263 1 1 0 1.0
10 98410 717 2780 1 1 1 1.0
10 135667 719 4057 1 10 0 1.0
10 113785 721 2605 1 1 1 1.0
10 173746 726 3983 1 1 1 1.0
10 101498 726 2786 1 1 1 1.0
10 77365 727 2180 1 1 1 1.0
10 147349 728 4011 1 50 1 1.0
10 62891 728 1561 1 10 0 1.0
10 139496 728 3071 1 1 0 1.0
10 158794 731 4123 1 1 1 1.0
10 112827 735 2440 1 10 1 1.0
10 119059 736 2419 1 1 0 1.0
10 62129 740 1777 1 10 0 1.0
10 127089 741 3657 1 1 0 1.0
10 72785 742 2138 1 50 1 1.0
10 69212 744 1499 1 50 0 1.0
10 153377 745 4171 1 50 0 1.0
10 98644 746 2387 1 10 0 1.0
10 149943 749 4333 1 1 0 1.0
10 64739 753 1766 1 10 0 1.0
10 99855 754 2430 1 10 0 1.0
10 147605 755 3967 1 10 0 1.0
10 104122 760 2935 1 1 1 1.0
10 115103 765 3251 1 10 0 1.0
10 154921 775 4568 1 10 1 1.0
10 142217 777 3865 1 1 0 1.0
10 80683 781 1803 1 10 1 1.0
10 154281 785 3389 1 50 1 1.0
10 156223 786 3693 1 1 1 1.0
10 139522 787 3925 1 10 1 1.0
10 119146 787 3011 1 10 1 1.0
10 131015 790 2772 1 50 0 1.0
10 76995 790 2287 1 10 0 1.0
10 169412 791 4660 1 1 0 1.0
10 170377 791 3554 1 1 1 1.0
10 130236 792 3252 1 1 1 1.0
10 143336 792 3695 1 10 1 1.0
10 91294 794 1987 1 1 0 1.0
10 81179 796 1989 1 1 1 1.0
10 101570 800 2228 1 50 1 1.0
10 122016 800 3327 1 1 1 1.0
10 159520 801 4406 1 10 1 1.0
10 131872 807 3778 1 10 0 1.0
10 176263 808 4804 1 10 1 1.0
10 173778 814 4772 1 1 1 1.0
10 147153 814 4221 1 10 0 1.0
10 120772 816 3565 1 50 1 1.0
10 147716 816 3003 1 1 0 1.0
10 148595 816 4033 1 1 1 1.0
10 78444 823 1997 1 1 0 1.0
10 171066 825 4294 1 10 0 1.0
10 143094 826 3604 1 1 0 1.0
10 104983 829 2379 1 10 0 1.0
10 158110 830 3445 1 10 1 1.0
10 111965 832 2986 1 1 1 1.0
10 175442 835 4746 1 1 1 1.0
10 90687 835 2200 1 50 1 1.0
10 75265 835 2032 1 50 0 1.0
10 127707 838 2904 1 50 0 1.0
10 179190 842 3928 1 1 0 1.0
10 85959 843 2534 1 1 1 1.0
10 103721 846 2775 1 1 0 1.0
10 103663 850 2299 1 10 0 1.0
10 106231 851 2962 1 1 0 1.0
10 102291 854 2944 1 50 1 1.0
10 129052 854 3797 1 1 1 1.0
10 162909 856 4855 1 1 0 1.0
10 98656 856 2818 1 1 1 1.0
10 154014 861 3677 1 10 0 1.0
10 101877 863 2822 1 1 1 1.0
10 70963 864 1929 1 1 1 1.0
10 140649 866 3367 1 1 1 1.0
10 163074 868 3442 1 1 0 1.0
10 175305 870 3578 1 10 0 1.0
10 150702 871 4432 1 10 0 1.0
10 96387 871 2513 1 1 0 1.0
10 63676 873 1891 1 10 1 1.0
10 91589 875 1955 1 1 1 1.0
10 76342 875 1586 1 1 1 1.0
10 65360 875 1834 1 1 1 1.0
10 163485 876 4453 1 1 1 1.0
10 102707 882 2239 1 1 1 1.0
10 150578 884 3598 1 1 1 1.0
10 87503 885 2566 1 10 0 1.0
10 122296 886 2493 1 10 0 1.0
10 89870 891 2421 1 1 1 1.0
10 80998 892 2121 1 1 0 1.0
10 140970 894 3040 1 1 1 1.0
10 71331 896 2119 1 1 0 1.0
10 85567 898 2394 1 10 0 1.0
10 93010 901 1963 1 10 1 1.0
10 73701 912 2032 1 1 1 1.0
10 88696 912 2341 1 1 1 1.0
10 153830 918 4566 1 1 1 1.0
10 146134 919 3731 1 1 0 1.0
10 82017 925 2232 1 1 1 1.0
10 86255 927 2108 1 1 1 1.0
10 139365 928 3367 1 1 0 1.0
10 135710 928 3027 1 1 1 1.0
10 92554 929 2465 1 10 0 1.0
10 109018 932 2762 1 1 1 1.0
10 99369 932 2472 1 1 0 1.0
10 68610 934 1972 1 1 0 1.0
10 125755 935 2669 1 10 1 1.0
10 146321 937 4225 1 1 1 1.0
10 98352 938 2173 1 1 0 1.0
10 169751 940 4011 1 1 0 1.0
10 122351 941 3050 1 1 1 1.0
10 169588 941 4703 1 10 0 1.0
10 132273 941 3099 1 10 0 1.0
10 140721 944 3459 1 10 1 1.0
10 64191 955 1883 1 10 1 1.0
10 109350 957 2425 1 1 0 1.0
10 123509 958 2513 1 10 1 1.0
10 108421 959 2546 1 10 1 1.0
10 108017 967 2565 1 50 0 1.0
10 91002 969 2343 1 1 1 1.0
10 103061 971 2616 1 1 1 1.0
10 83959 976 2414 1 1 0 1.0
10 94935 977 1952 1 1 1 1.0
10 120383 978 3479 1 1 0 1.0
10 124331 979 3590 1 10 1 1.0
10 160617 979 4081 1 1 0 1.0
10 114264 983 2794 1 1 0 1.0
10 134708 983 2766 1 1 1 1.0
10 93465 984 2082 1 10 0 1.0
10 114335 985 2563 1 1 0 1.0
10 112063 988 3308 1 1 1 1.0
10 97160 992 2749 1 1 1 1.0
10 91716 994 2092 1 1 1 1.0
10 93450 999 2286 1 1 1 1.0
10 166660 1000 3497 1 1 0 1.0
10 128379 1006 2577 1 10 0 1.0
10 145726 1013 3226 1 1 1 1.0
10 87114 1017 2460 1 1 0 1.0
10 106164 1019 2351 1 10 0 1.0
10 149331 1025 3053 1 10 1 1.0
10 110889 1027 2745 1 10 0 1.0
10 152463 1028 3191 1 1 0 1.0
10 90163 1033 2555 1 50 1 1.0
10 169332 1034 3863 1 1 1 1.0
10 104566 1034 2668 1 10 0 1.0
10 130086 1036 3152 1 1 1 1.0
10 85056 1041 2530 1 1 0 1.0
10 79076 1042 1991 1 1 0 1.0
10 89837 1042 1832 1 1 1 1.0
10 114236 1044 2427 1 10 1 1.0
10 140573 1051 4061 1 1 1 1.0
10 129353 1054 3323 1 1 1 1.0
10 138651 1054 3422 1 1 0 1.0
10 89257 1057 1792 1 50 0 1.0
10 135708 1059 2893 1 1 0 1.0
10 130640 1059 2876 1 1 0 1.0
10 107320 1059 2253 1 1 0 1.0
10 61180 1059 1238 1 10 0 1.0
10 148920 1059 3304 1 1 1 1.0
10 87040 1062 2607 1 10 1 1.0
10 166583 1067 3493 1 50 0 1.0
10 173637 1067 5040 1 10 1 1.0
10 113842 1069 2285 1 50 1 1.0
10 169221 1069 4804 1 1 0 1.0
10 86811 1069 2298 1 10 1 1.0
10 109314 1073 2639 1 1 1 1.0
10 144887 1073 2944 1 50 1 1.0
10 169415 1075 4517 1 1 0 1.0
10 151008 1075 4184 1 10 0 1.0
10 92085 1076 2208 1 10 1 1.0
10 77890 1078 1640 1 1 1 1.0
10 173678 1081 4202 1 1 1 1.0
10 102968 1081 2855 1 1 1 1.0
10 164630 1082 4857 1 1 1 1.0
10 123695 1085 2975 1 1 1 1.0
10 130205 1086 2798 1 1 1 1.0
10 176692 1097 3916 1 10 1 1.0
10 87489 1098 2170 1 10 0 1.0
10 83169 1099 1931 1 1 0 1.0
10 139359 1105 3784 1 1 0 1.0
10 78726 1107 2228 1 1 1 1.0
10 73131 1108 1660 1 1 1 1.0
10 108520 1108 3229 1 1 0 1.0
10 84590 1112 1907 1 1 1 1.0
10 64074 1117 1871 1 10 0 1.0
10 75835 1118 2096 1 10 1 1.0
10 92003 1119 2287 1 1 1 1.0
10 150095 1120 3544 1 1 1 1.0
10 141077 1125 2977 1 1 1 1.0
10 92415 1125 1960 1 10 0 1.0
10 172260 1129 3738 1 1 1 1.0
10 172624 1132 4734 1 10 0 1.0
10 131802 1133 3078 1 1 0 1.0
10 162738 1133 4090 1 1 0 1.0
10 145925 1134 4208 1 1 0 1.0
10 64149 1134 1426 1 1 0 1.0
10 156304 1136 3167 1 1 1 1.0
10 172791 1140 4033 1 50 0 1.0
10 132183 1140 3236 1 50 0 1.0
10 92304 1144 2385 1 1 0 1.0
10 74685 1145 1670 1 1 0 1.0
10 146380 1151 4066 1 1 0 1.0
10 141785 1152 3745 1 1 0 1.0
10 122124 1152 3405 1 1 1 1.0
10 115569 1155 2715 1 1 0 1.0
10 84488 1157 1880 1 1 0 1.0
10 178219 1157 3953 1 1 1 1.0
10 142568 1158 4139 1 1 0 1.0
10 109650 1159 2586 1 10 0 1.0
10 142998 1159 3659 1 10 1 1.0
10 150718 1162 3483 1 1 1 1.0
10 103593 1162 2307 1 1 1 1.0
10 152674 1163 3702 1 10 0 1.0
10 100075 1167 2027 1 10 1 1.0
10 65114 1169 1876 1 10 1 1.0
10 131883 1169 2658 1 1 1 1.0
10 123059 1171 2546 1 1 1 1.0
10 112026 1173 3229 1 10 1 1.0
10 175812 1179 3626 1 1 1 1.0
10 121249 1182 3020 1 10 0 1.0
10 65815 1185 1640 1 1 1 1.0
10 130389 1194 3785 1 10 0 1.0
10 107608 1196 2942 1 1 1 1.0
10 126417 1197 3480 1 1 0 1.0
10 91521 1201 2429 1 1 1 1.0
10 103454 1202 2898 1 10 0 1.0
10 159909 1202 3739 1 10 1 1.0
10 81766 1205 1895 1 1 1 1.0
10 63513 1208 1310 1 10 0 1.0
10 67578 1209 1419 1 1 0 1.0
10 179853 1210 4038 1 1 0 1.0
10 176546 1212 4909 1 10 0 1.0
10 152367 1218 3315 1 1 1 1.0
10 67603 1222 1529 1 10 1 1.0
10 93207 1226 2614 1 10 0 1.0
10 126874 1227 2796 1 1 0 1.0
10 154249 1231 3417 1 1 1 1.0
10 60499 1231 1363 1 50 1 1.0
10 130671 1234 3145 1 1 0 1.0
10 95095 1235 2383 1 10 0 1.0
10 178992 1237 4351 1 50 0 1.0
10 92156 1239 2372 1 10 1 1.0
10 108984 1241 2514 1 1 1 1.0
10 96232 1242 2746 1 1 1 1.0
10 104506 1243 2876 1 1 1 1.0
10 151361 1243 3703 1 50 0 1.0
10 83770 1249 2368 1 1 1 1.0
10 64090 1251 1367 1 10 1 1.0
10 63075 1253 1336 1 50 0 1.0
10 167150 1253 3440 1 10 0 1.0
10 158632 1253 4458 1 10 0 1.0
10 90881 1265 2113 1 1 0 1.0
10 73529 1267 2096 1 1 1 1.0
10 115579 1267 2617 1 1 1 1.0
10 70018 1269 1644 1 1 1 1.0
10 84241 1269 2232 1 10 1 1.0
10 118983 1269 2705 1 1 0 1.0
10 65335 1271 1856 1 1 0 1.0
10 97633 1276 2251 1 1 1 1.0
10 103187 1283 2109 1 10 0 1.0
10 123693 1292 2935 1 1 1 1.0
10 167923 1293 4476 1 1 0 1.0
10 145015 1293 3031 1 1 1 1.0
10 163494 1294 3503 1 50 1 1.0
10 130562 1299 3102 1 1 0 1.0
10 98064 1300 2069 1 1 1 1.0
10 86462 1301 2426 1 10 1 1.0
10 95701 1307 2681 1 1 0 1.0
10 107051 1311 2293 1 10 0 1.0
10 65846 1311 1738 1 50 0 1.0
10 141564 1311 3481 1 1 0 1.0
10 119995 1313 3337 1 1 1 1.0
10 69004 1314 1801 1 50 1 1.0
10 119981 1319 2718 1 10 0 1.0
10 82945 1324 1993 1 1 1 1.0
10 161140 1324 4322 1 10 0 1.0
10 70335 1326 1501 1 1 1 1.0
10 141425 1328 4202 1 10 1 1.0
10 152136 1330 3322 1 50 1 1.0
10 130737 1330 3816 1 1 0 1.0
10 142497 1333 3055 1 50 0 1.0
10 71257 1340 1519 1 10 1 1.0
10 146277 1349 3300 1 1 1 1.0
10 146053 1351 3106 1 10 1 1.0
10 167303 1352 4912 1 1 1 1.0
10 135080 1353 2884 1 1 1 1.0
10 126381 1356 3548 1 1 0 1.0
10 70510 1362 1758 1 1 0 1.0
10 173239 1363 4565 1 1 0 1.0
10 100540 1366 2692 1 1 1 1.0
10 164650 1370 4621 1 1 0 1.0
10 140896 1370 3320 1 10 1 1.0
10 153633 1372 3234 1 1 1 1.0
10 114596 1372 3272 1 1 1 1.0
10 140327 1372 3109 1 10 0 1.0
10 64417 1381 1572 1 1 0 1.0
10 121730 1386 3047 1 1 0 1.0
10 154328 1386 3769 1 1 1 1.0
10 143328 1389 3257 1 1 1 1.0
10 163452 1389 4419 1 1 0 1.0
10 89647 1390 1834 1 1 1 1.0
10 107764 1391 2702 1 10 0 1.0
10 100216 1395 2052 1 1 1 1.0
10 158219 1395 4229 1 50 1 1.0
10 110593 1406 2877 1 1 0 1.0
10 161942 1408 3452 1 1 1 1.0
10 71729 1411 1459 1 1 0 1.0
10 149773 1411 4088 1 1 1 1.0
10 154643 1412 3882 1 10 0 1.0
10 154344 1413 3663 1 10 1 1.0
10 72708 1416 1715 1 1 0 1.0
10 83445 1416 2472 1 1 1 1.0
10 133081 1417 3274 1 50 1 1.0
10 155057 1426 3178 1 1 1 1.0
10 77098 1427 1683 1 1 0 1.0
10 109364 1429 2836 1 50 1 1.0
10 106527 1432 2187 1 1 1 1.0
10 128239 1437 3685 1 10 1 1.0
10 120327 1442 3597 1 1 0 1.0
10 133844 1447 2911 1 10 1 1.0
10 67177 1449 1509 1 10 1 1.0
10 146606 1453 3418 1 10 0 1.0
10 121407 1457 2796 1 1 0 1.0
10 177624 1457 4007 1 1 0 1.0
10 147873 1461 4234 1 1 1 1.0
10 73752 1463 1815 1 10 0 1.0
10 166715 1463 4176 1 10 1 1.0
10 100724 1464 2563 1 1 1 1.0
10 176819 1464 3859 1 1 1 1.0
10 176330 1466 3664 1 1 0 1.0
10 144688 1467 3020 1 10 0 1.0
10 86455 1477 2346 1 1 0 1.0
10 117740 1479 2851 1 1 0 1.0
10 100847 1480 2895 1 10 0 1.0
10 97103 1480 2430 1 1 1 1.0
10 78272 1480 1930 1 1 0 1.0
10 126375 1480 3023 1 10 1 1.0
10 150753 1480 3792 1 1 1 1.0
10 152581 1481 3547 1 1 1 1.0
10 84978 1483 2464 1 10 0 1.0
10 64553 1485 1679 1 1 1 1.0
10 75626 1486 1643 1 10 0 1.0
10 102025 1488 2396 1 1 1 1.0
10 110408 1490 3116 1 1 1 1.0
10 142329 1494 2903 1 1 1 1.0
10 164139 1499 4021 1 10 1 1.0
10 127725 1504 2614 1 50 1 1.0
10 175369 1509 4210 1 10 1 1.0
10 143843 1511 3549 1 50 0 1.0
10 82904 1513 2079 1 1 0 1.0
10 136057 1515 3760 1 10 0 1.0
10 97968 1519 2015 1 10 1 1.0
10 155495 1521 4383 1 10 1 1.0
10 77227 1521 1927 1 1 1 1.0
10 163318 1521 4536 1 10 0 1.0
10 85472 1522 2526 1 10 1 1.0
10 71616 1526 1841 1 1 1 1.0
10 77497 1527 1664 1 1 0 1.0
10 153883 1527 3417 1 1 1 1.0
10 169211 1536 4748 1 10 1 1.0
10 121115 1537 3068 1 10 1 1.0
10 79812 1542 2090 1 1 0 1.0
10 119799 1546 3185 1 1 1 1.0
10 178201 1549 4296 1 1 0 1.0
10 158438 1550 3218 1 1 1 1.0
10 85705 1550 1783 1 50 1 1.0
10 134888 1551 3634 1 1 0 1.0
10 138371 1551 3439 1 1 1 1.0
10 70107 1551 1995 1 1 1 1.0
10 132272 1555 3628 1 10 0 1.0
10 163008 1562 4326 1 1 1 1.0
10 165079 1565 4119 1 1 0 1.0
10 66882 1565 2002 1 1 1 1.0
10 159491 1566 3665 1 1 0 1.0
10 177887 1567 4272 1 1 0 1.0
10 64335 1567 1315 1 1 0 1.0
10 111763 1569 2315 1 1 0 1.0
10 121744 1570 3468 1 1 0 1.0
10 108597 1571 2282 1 1 1 1.0
10 89123 1574 2517 1 1 0 1.0
10 69334 1576 1673 1 1 0 1.0
10 60650 1581 1477 1 1 1 1.0
10 164653 1581 3582 1 1 0 1.0
10 158480 1581 4118 1 10 1 1.0
10 89987 1583 2044 1 1 1 1.0
10 129411 1584 3333 1 1 1 1.0
10 150865 1586 3097 1 1 0 1.0
10 95342 1587 2724 1 1 0 1.0
10 79183 1588 2322 1 10 1 1.0
10 81809 1599 2004 1 1 1 1.0
10 98025 1608 2114 1 10 0 1.0
10 161586 1613 4032 1 1 0 1.0
10 67387 1614 1374 1 1 0 1.0
10 179483 1615 5158 1 10 0 1.0
10 111183 1620 3180 1 50 1 1.0
10 94152 1621 2064 1 50 0 1.0
10 138243 1623 2788 1 1 0 1.0
10 130609 1627 3821 1 50 1 1.0
10 146886 1628 4372 1 10 1 1.0
10 155804 1633 4031 1 10 0 1.0
10 104601 1639 2674 1 10 1 1.0
10 101541 1639 2387 1 10 1 1.0
10 163563 1641 3809 1 1 1 1.0
10 91584 1643 2463 1 50 0 1.0
10 71550 1643 1519 1 1 1 1.0
10 60732 1646 1606 1 10 0 1.0
10 67489 1647 1536 1 1 0 1.0
10 88848 1650 2217 1 10 0 1.0
10 162031 1652 4513 1 50 1 1.0
10 70574 1656 1548 1 1 1 1.0
10 175708 1657 4949 1 1 0 1.0
10 141440 1657 3721 1 1 0 1.0
10 108447 1658 2997 1 1 0 1.0
10 172047 1659 4169 1 1 0 1.0
10 156178 1660 4154 1 1 1 1.0
10 81021 1663 1662 1 1 1 1.0
10 102693 1664 2603 1 1 1 1.0
10 104226 1664 2851 1 1 1 1.0
10 154882 1664 3643 1 1 1 1.0
10 176724 1670 4121 1 10 1 1.0
10 136902 1672 3115 1 1 1 1.0
10 141540 1672 3099 1 1 1 1.0
10 69050 1672 1967 1 10 1 1.0
10 102641 1684 3044 1 1 1 1.0
10 141776 1686 3264 1 1 1 1.0
10 69713 1687 1573 1 1 1 1.0
10 177049 1687 4626 1 1 0 1.0
10 157928 1690 3189 1 1 0 1.0
10 147860 1692 3116 1 1 0 1.0
10 161732 1695 3586 1 1 1 1.0
10 82253 1695 2230 1 50 0 1.0
10 124140 1696 3282 1 1 0 1.0
10 105967 1697 2950 1 1 1 1.0
10 67102 1699 1684 1 1 1 1.0
10 83630 1701 2111 1 1 0 1.0
10 87055 1705 2454 1 10 1 1.0
10 157638 1705 4166 1 50 0 1.0
10 140221 1706 3052 1 1 1 1.0
10 111365 1711 2612 1 1 1 1.0
10 140715 1712 3516 1 1 0 1.0
10 141843 1713 4016 1 1 0 1.0
10 66787 1722 1682 1 10 0 1.0
10 146513 1727 4308 1 1 0 1.0
10 101280 1729 2547 1 1 0 1.0
10 114103 1730 3045 1 10 0 1.0
10 131564 1730 3864 1 1 0 1.0
10 131663 1731 3275 1 10 1 1.0
10 158837 1732 3533 1 10 1 1.0
10 165642 1732 3986 1 50 0 1.0
10 165787 1733 3570 1 10 1 1.0
10 90070 1736 2515 1 10 0 1.0
10 81556 1738 1647 1 1 1 1.0
10 117130 1742 2494 1 1 0 1.0
10 97105 1742 2260 1 1 1 1.0
10 95666 1742 2616 1 1 0 1.0
10 146304 1744 4236 1 1 0 1.0
10 78983 1745 1619 1 1 0 1.0
10 162654 1745 4634 1 1 0 1.0
10 101436 1747 2136 1 10 1 1.0
10 94418 1755 2477 1 1 1 1.0
10 151770 1756 3747 1 1 0 1.0
10 111827 1756 2670 1 1 1 1.0
10 90992 1757 1997 1 1 1 1.0
10 138036 1765 3178 1 1 1 1.0
10 74394 1767 2083 1 10 0 1.0
10 110011 1769 3100 1 1 1 1.0
10 78156 1772 2266 1 1 1 1.0
10 158901 1775 4489 1 1 1 1.0
10 95618 1776 2467 1 1 0 1.0
10 64110 1781 1775 1 10 1 1.0
10 61121 1785 1475 1 1 0 1.0
10 75472 1797 1704 1 10 1 1.0
10 129677 1799 3820 1 1 0 1.0
10 167688 1801 3722 1 10 1 1.0
10 155332 1807 3289 1 1 0 1.0
10 131646 1808 3690 1 10 1 1.0
10 137346 1813 3692 1 1 0 1.0
10 109453 1814 2636 1 50 1 1.0
10 135213 1814 4009 1 1 1 1.0
10 89651 1819 2065 1 10 1 1.0
10 82099 1821 2297 1 10 0 1.0
10 112697 1822 2807 1 1 1 1.0
10 162554 1822 3989 1 1 0 1.0
10 149240 1825 3695 1 1 1 1.0
10 161251 1830 3945 1 50 1 1.0
10 91315 1830 2223 1 1 1 1.0
10 118900 1832 2731 1 10 1 1.0
10 65036 1834 1347 1 10 1 1.0
10 67002 1835 1657 1 1 0 1.0
10 125893 1843 3024 1 1 1 1.0
10 72710 1845 2055 1 10 1 1.0
10 132833 1846 2804 1 1 1 1.0
10 160284 1846 4358 1 1 1 1.0
10 89737 1848 2577 1 1 1 1.0
10 137643 1849 2887 1 1 0 1.0
10 131714 1851 3588 1 50 1 1.0
10 71301 1852 2003 1 10 1 1.0
10 83577 1852 1918 1 1 0 1.0
10 110724 1860 2976 1 50 0 1.0
10 61066 1860 1778 1 10 1 1.0
10 100912 1862 2286 1 10 0 1.0
10 135273 1864 2922 1 10 1 1.0
10 62185 1864 1844 1 1 1 1.0
10 134396 1866 3322 1 1 0 1.0
10 177766 1868 4320 1 1 1 1.0
10 122926 1872 3483 1 1 0 1.0
10 75626 1877 1754 1 1 0 1.0
10 172266 1891 4814 1 50 1 1.0
10 96641 1892 2034 1 1 1 1.0
10 99247 1894 2734 1 1 1 1.0
10 172606 1894 4125 1 50 1 1.0
10 149493 1895 4239 1 10 0 1.0
10 161507 1896 3584 1 10 0 1.0
10 71030 1896 1458 1 1 0 1.0
10 86931 1898 2014 1 1 0 1.0
10 122310 1898 3367 1 1 1 1.0
10 148991 1899 3109 1 10 1 1.0
10 95677 1900 2614 1 10 0 1.0
10 116451 1902 2793 1 1 1 1.0
10 170362 1904 4948 1 1 1 1.0
10 116997 1905 2962 1 50 0 1.0
10 84068 1906 2018 1 10 1 1.0
10 166100 1906 4086 1 1 0 1.0
10 132847 1908 2895 1 1 1 1.0
10 130201 1912 3356 1 1 0 1.0
10 154607 1915 4286 1 10 0 1.0
10 167575 1915 4367 1 1 1 1.0
10 101756 1918 2129 1 10 0 1.0
10 138128 1919 3927 1 1 0 1.0
10 140631 1925 4173 1 10 0 1.0
10 132366 1939 3622 1 10 1 1.0
10 121949 1952 2838 1 1 1 1.0
10 158477 1962 4584 1 10 0 1.0
10 112698 1963 3148 1 1 1 1.0
10 177424 1963 4224 1 1 1 1.0
10 102786 1966 3011 1 1 0 1.0
10 146825 1967 4315 1 1 0 1.0
10 65439 1969 1785 1 1 0 1.0
10 104695 1970 2142 1 1 0 1.0
10 120017 1971 3319 1 10 1 1.0
10 159409 1971 3651 1 1 1 1.0
10 91233 1974 2201 1 1 0 1.0
10 130307 1977 2730 1 10 1 1.0
10 166954 1979 3952 1 1 1 1.0
10 95674 1979 2087 1 1 0 1.0
10 104260 1980 3126 1 10 1 1.0
10 139392 1982 2870 1 1 0 1.0
10 140036 1984 2946 1 1 0 1.0
10 178394 1986 5203 1 50 0 1.0
10 94145 1986 2348 1 1 1 1.0
10 89814 1988 2633 1 1 1 1.0
10 167287 1992 4692 1 1 1 1.0
10 161073 1996 4326 1 10 0 1.0
10 80621 1998 1776 1 1 1 1.0
10 61799 2000 1493 1 10 0 1.0
10 109933 2002 2891 1 1 1 1.0
10 75560 2003 1977 1 1 1 1.0
10 111697 2003 2434 1 1 1 1.0
10 62061 2008 1363 1 1 0 1.0
10 165229 2022 3942 1 10 0 1.0
10 82781 2027 2450 1 1 0 1.0
10 174827 2028 4567 1 1 1 1.0
10 172676 2029 4936 1 1 0 1.0
10 125155 2029 2614 1 10 1 1.0
10 106894 2030 2441 1 50 0 1.0
10 162471 2030 4743 1 1 1 1.0
10 81314 2031 1731 1 1 1 1.0
10 102776 2031 2113 1 1 1 1.0
10 72348 2031 1777 1 1 1 1.0
10 164021 2033 4873 1 1 1 1.0
10 124222 2041 3519 1 1 1 1.0
10 155256 2042 3106 1 1 1 1.0
10 76391 2046 1912 1 1 0 1.0
10 92374 2047 1935 1 50 0 1.0
10 148784 2048 3726 1 10 0 1.0
10 117515 2049 3338 1 1 1 1.0
10 117418 2051 2974 1 1 0 1.0
10 68922 2053 1639 1 50 0 1.0
10 111531 2055 3228 1 50 0 1.0
10 105613 2055 2452 1 1 1 1.0
10 70745 2058 1760 1 1 1 1.0
10 138866 2061 4024 1 1 1 1.0
10 170748 2063 4424 1 1 1 1.0
10 153439 2065 3844 1 1 1 1.0
10 120426 2066 2579 1 10 1 1.0
10 76391 2071 2166 1 1 0 1.0
10 145769 2075 3155 1 1 0 1.0
10 112858 2076 2850 1 10 0 1.0
10 116778 2078 3325 1 1 0 1.0
10 172579 2078 3813 1 1 1 1.0
10 170628 2079 4142 1 10 1 1.0
10 166402 2081 4465 1 1 0 1.0
10 94222 2083 2161 1 1 1 1.0
10 147083 2084 3522 1 1 0 1.0
10 167498 2086 3799 1 1 1 1.0
10 107263 2089 2762 1 1 1 1.0
10 151755 2091 4329 1 10 1 1.0
10 120220 2092 3144 1 1 1 1.0
10 99555 2092 2535 1 1 1 1.0
10 170605 2097 4523 1 1 0 1.0
10 173982 2098 4070 1 50 1 1.0
10 72310 2103 1469 1 1 0 1.0
10 80000 2103 2186 1 1 0 1.0
10 142065 2114 3350 1 1 0 1.0
10 85514 2114 2118 1 10 0 1.0
10 107344 2115 2802 1 10 0 1.0
10 89105 2115 2401 1 10 1 1.0
10 165715 2116 4429 1 50 1 1.0
10 78531 2117 2329 1 10 1 1.0
10 134267 2120 3084 1 1 0 1.0
10 111330 2124 3233 1 1 1 1.0
10 171349 2126 4442 1 10 1 1.0
10 132798 2131 3559 1 1 1 1.0
10 90426 2133 2048 1 50 0 1.0
10 63216 2134 1852 1 10 0 1.0
10 165643 2138 3819 1 1 0 1.0
10 172133 2146 4724 1 10 1 1.0
10 88584 2147 2163 1 1 1 1.0
10 138687 2149 3404 1 1 1 1.0
10 72964 2157 2098 1 1 1 1.0
10 125310 2160 2960 1 50 1 1.0
10 158477 2161 4511 1 1 0 1.0
10 66948 2161 1716 1 1 1 1.0
10 142643 2162 3080 1 10 1 1.0
10 84447 2163 2459 1 1 0 1.0
10 148236 2163 3304 1 10 1 1.0
10 147058 2164 3112 1 1 0 1.0
10 119823 2168 3383 1 1 0 1.0
10 75376 2169 1668 1 1 0 1.0
10 62827 2170 1508 1 1 0 1.0
10 67932 2171 1608 1 1 1 1.0
10 130104 2177 2700 1 10 0 1.0
10 60079 2180 1593 1 1 1 1.0
10 87730 2182 1754 1 1 0 1.0
10 87092 2189 2126 1 50 0 1.0
10 70995 2192 1497 1 10 0 1.0
10 131225 2195 2751 1 1 0 1.0
10 106106 2198 2716 1 10 0 1.0
10 111970 2204 2412 1 1 0 1.0
10 145499 2206 4348 1 10 0 1.0
10 138344 2207 2930 1 1 1 1.0
10 128987 2212 2935 1 50 0 1.0
10 82400 2213 2131 1 50 0 1.0
10 75602 2214 1764 1 50 0 1.0
10 118537 2214 2574 1 10 1 1.0
10 174034 2214 4606 1 10 0 1.0
10 67902 2215 1871 1 50 0 1.0
10 122821 2216 3655 1 1 1 1.0
10 72607 2216 1575 1 10 0 1.0
10 166835 2218 3447 1 10 1 1.0
10 157501 2224 3873 1 10 1 1.0
10 148014 2226 3056 1 1 1 1.0
10 112300 2228 3242 1 10 0 1.0
10 166282 2236 3461 1 1 1 1.0
10 141169 2241 3021 1 1 1 1.0
10 91943 2242 2169 1 10 1 1.0
10 91876 2243 2506 1 50 1 1.0
10 176689 2248 4968 1 1 1 1.0
10 63889 2248 1659 1 1 1 1.0
10 75546 2251 2145 1 1 1 1.0
10 110664 2253 2984 1 1 1 1.0
10 154076 2255 3315 1 1 0 1.0
10 162486 2257 3869 1 10 1 1.0
10 99539 2263 2785 1 1 0 1.0
10 157232 2263 3491 1 10 0 1.0
10 107959 2263 2582 1 10 1 1.0
10 142866 2266 3645 1 10 1 1.0
10 60533 2266 1493 1 10 0 1.0
10 156382 2271 3456 1 1 0 1.0
10 128137 2272 3695 1 50 0 1.0
10 142771 2274 3859 1 10 0 1.0
10 158031 2280 4165 1 1 0 1.0
10 99191 2281 2080 1 10 1 1.0
10 168823 2282 4056 1 1 0 1.0
10 159173 2282 3940 1 1 1 1.0
10 93634 2287 2516 1 1 0 1.0
10 148489 2288 3042 1 1 1 1.0
10 108129 2288 3017 1 50 1 1.0
10 86505 2288 2004 1 1 0 1.0
10 89856 2290 2201 1 10 0 1.0
10 87944 2291 2566 1 10 1 1.0
10 105199 2291 2240 1 1 1 1.0
10 125877 2292 2745 1 10 1 1.0
10 175122 2296 4921 1 50 0 1.0
10 95931 2298 2432 1 1 0 1.0
10 89953 2300 2548 1 10 0 1.0
10 74043 2300 2124 1 10 1 1.0
10 110256 2301 2816 1 1 1 1.0
10 86625 2302 1779 1 10 1 1.0
10 107540 2304 2214 1 10 1 1.0
10 136869 2305 2800 1 1 1 1.0
10 148728 2306 3180 1 1 1 1.0
10 136401 2306 2835 1 50 1 1.0
10 81300 2308 1997 1 1 1 1.0
10 71696 2308 1743 1 10 1 1.0
10 140837 2308 3715 1 1 1 1.0
10 166317 2309 4468 1 1 1 1.0
10 166743 2313 3555 1 1 1 1.0
10 62391 2317 1568 1 1 1 1.0
10 153636 2318 3320 1 1 1 1.0
10 171376 2321 3802 1 1 1 1.0
10 160118 2322 3934 1 1 0 1.0
10 131846 2323 3213 1 1 1 1.0
10 164580 2324 4724 1 1 0 1.0
10 158482 2328 3506 1 10 1 1.0
10 72328 2329 1708 1 10 1 1.0
10 160641 2331 4814 1 10 1 1.0
10 167334 2332 4088 1 1 1 1.0
10 132247 2335 2953 1 1 1 1.0
10 75769 2336 1632 1 1 0 1.0
10 143376 2337 3209 1 1 0 1.0
10 112194 2338 2720 1 1 1 1.0
10 94655 2342 2292 1 10 0 1.0
10 140776 2352 3912 1 1 1 1.0
10 60614 2359 1738 1 1 1 1.0
10 86613 2360 1905 1 1 0 1.0
10 65017 2366 1361 1 50 1 1.0
10 173092 2367 3908 1 1 1 1.0
10 133945 2367 3888 1 1 0 1.0
10 111102 2369 3271 1 50 0 1.0
10 111297 2369 3006 1 10 1 1.0
10 154137 2370 3871 1 1 1 1.0
10 98386 2371 2402 1 1 0 1.0
10 67173 2371 1744 1 10 1 1.0
10 117571 2373 2916 1 10 0 1.0
10 106928 2374 2351 1 10 1 1.0
10 110945 2383 3190 1 10 0 1.0
10 92916 2384 2406 1 1 1 1.0
10 130271 2386 3325 1 10 0 1.0
10 164565 2387 4480 1 1 0 1.0
10 137323 2392 4072 1 1 0 1.0
10 79011 2392 1981 1 1 1 1.0
10 118630 2397 3077 1 1 0 1.0
10 67693 2400 1818 1 10 1 1.0
10 122950 2406 3686 1 10 1 1.0
10 64018 2407 1373 1 10 0 1.0
10 111754 2409 2703 1 1 0 1.0
10 156163 2411 4473 1 50 1 1.0
10 144353 2414 4197 1 1 0 1.0
10 73815 2414 2039 1 50 0 1.0
10 115914 2414 2450 1 50 0 1.0
10 134001 2415 3395 1 1 1 1.0
10 165292 2417 4060 1 50 1 1.0
10 138362 2421 4144 1 10 1 1.0
10 179565 2423 5179 1 1 0 1.0
10 171516 2427 4937 1 1 0 1.0
10 78709 2430 1727 1 10 0 1.0
10 119557 2430 2915 1 10 0 1.0
10 155065 2432 3218 1 1 1 1.0
10 127256 2435 3030 1 50 1 1.0
10 85210 2436 2092 1 1 0 1.0
10 140122 2436 3276 1 1 0 1.0
10 177648 2439 5091 1 1 0 1.0
10 91754 2440 1940 1 1 0 1.0
10 158788 2441 4622 1 1 1 1.0
10 161187 2447 3458 1 1 1 1.0
10 173106 2450 3570 1 1 1 1.0
10 163069 2452 3390 1 10 1 1.0
10 64086 2456 1575 1 50 1 1.0
10 130596 2462 3552 1 1 0 1.0
10 158094 2463 3629 1 50 0 1.0
10 86818 2465 2482 1 1 0 1.0
10 158980 2471 3617 1 10 1 1.0
10 98246 2472 2322 1 1 1 1.0
10 147523 2474 3238 1 10 1 1.0
10 70741 2475 1589 1 10 0 1.0
10 133295 2475 3845 1 50 0 1.0
10 155023 2478 4493 1 1 1 1.0
10 71326 2479 1684 1 10 0 1.0
10 111655 2482 2735 1 1 0 1.0
10 116896 2486 2888 1 1 1 1.0
10 83578 2489 1789 1 1 0 1.0
10 127232 2489 2819 1 1 1 1.0
10 60725 2497 1455 1 1 1 1.0
10 133351 2507 3987 1 10 1 1.0
10 77095 2512 1767 1 1 0 1.0
10 148679 2517 4410 1 1 0 1.0
10 65284 2521 1662 1 1 0 1.0
10 117501 2522 3496 1 1 0 1.0
10 103116 2524 2130 1 10 0 1.0
10 150829 2527 4159 1 1 0 1.0
10 83279 2531 1682 1 10 1 1.0
10 92198 2533 2597 1 10 1 1.0
10 92642 2534 2549 1 10 0 1.0
10 121383 2536 2593 1 1 0 1.0
10 142081 2536 3854 1 10 0 1.0
10 120225 2540 3594 1 1 1 1.0
10 107421 2545 2414 1 1 0 1.0
10 161623 2546 3626 1 1 1 1.0
10 127163 2546 3493 1 10 0 1.0
10 68352 2546 1438 1 1 1 1.0
10 146140 2550 3412 1 1 1 1.0
10 88365 2551 2226 1 1 1 1.0
10 100131 2551 2171 1 50 0 1.0
10 101829 2552 2589 1 10 0 1.0
10 122523 2555 3311 1 10 1 1.0
10 95213 2558 2730 1 1 1 1.0
10 165148 2560 4386 1 1 1 1.0
10 176883 2560 3939 1 10 0 1.0
10 173639 2564 4828 1 1 0 1.0
10 114381 2566 3158 1 10 0 1.0
10 136222 2570 3903 1 1 1 1.0
10 175952 2579 4651 1 10 1 1.0
10 76137 2579 2231 1 1 1 1.0
10 169647 2580 4257 1 1 1 1.0
10 84960 2581 1779 1 10 0 1.0
10 97116 2585 2485 1 1 0 1.0
10 140703 2588 3144 1 10 1 1.0
10 70186 2588 1855 1 1 0 1.0
10 152026 2591 4534 1 10 0 1.0
10 110128 2591 3117 1 1 1 1.0
10 60028 2591 1738 1 10 1 1.0
10 100908 2592 2590 1 1 0 1.0
10 78146 2592 1602 1 1 1 1.0
10 117327 2592 3114 1 1 1 1.0
10 122229 2592 3279 1 1 1 1.0
10 177528 2593 4312 1 10 0 1.0
10 71411 2594 1695 1 1 1 1.0
10 123967 2595 3123 1 1 0 1.0
10 153976 2597 3208 1 1 1 1.0
10 80264 2599 2175 1 1 0 1.0
10 70924 2600 2074 1 1 1 1.0
10 110198 2604 2262 1 1 1 1.0
10 65028 2606 1500 1 1 1 1.0
10 110800 2609 3182 1 1 0 1.0
10 121553 2610 3196 1 50 0 1.0
10 176474 2613 5128 1 1 1 1.0
10 113865 2615 3268 1 50 1 1.0
10 77964 2616 2129 1 1 1 1.0
10 156467 2618 3163 1 1 1 1.0
10 147430 2622 3654 1 1 0 1.0
10 135815 2623 3008 1 1 1 1.0
10 101828 2623 2257 1 1 1 1.0
10 90066 2627 1821 1 10 1 1.0
10 115728 2629 2642 1 1 1 1.0
10 110456 2632 2236 1 1 1 1.0
10 60576 2636 1692 1 10 1 1.0
10 163463 2637 3337 1 10 1 1.0
10 165717 2639 3940 1 1 1 1.0
10 145839 2640 3250 1 1 0 1.0
10 150659 2641 3056 1 1 1 1.0
10 64023 2642 1471 1 10 1 1.0
10 145574 2645 3090 1 1 1 1.0
10 149547 2648 3141 1 1 0 1.0
10 88472 2649 1793 1 10 1 1.0
10 168346 2653 3794 1 50 0 1.0
10 121829 2655 3649 1 1 0 1.0
10 152177 2659 4101 1 1 1 1.0
10 157943 2662 4383 1 1 0 1.0
10 82317 2668 2294 1 1 1 1.0
10 91910 2672 2657 1 1 0 1.0
10 109581 2672 2901 1 1 1 1.0
10 68277 2674 1370 1 1 0 1.0
10 79280 2678 2033 1 1 1 1.0
10 164936 2682 4716 1 50 0 1.0
10 137645 2684 3452 1 10 1 1.0
10 160851 2685 4304 1 1 1 1.0
10 146175 2685 3600 1 1 1 1.0
10 160609 2686 4094 1 10 1 1.0
10 61046 2686 1441 1 1 0 1.0
10 142843 2689 3712 1 1 1 1.0
10 154908 2690 3436 1 1 0 1.0
10 111793 2693 3107 1 1 1 1.0
10 168701 2694 4810 1 50 1 1.0
10 173816 2699 4568 1 1 0 1.0
10 90384 2703 2294 1 1 0 1.0
10 119702 2708 2707 1 1 0 1.0
10 60213 2713 1737 1 50 1 1.0
10 104413 2715 2841 1 1 1 1.0
10 172068 2715 4709 1 10 1 1.0
10 83505 2716 2214 1 1 1 1.0
10 93795 2722 1890 1 50 0 1.0
10 88182 2724 2043 1 50 0 1.0
10 172667 2730 5023 1 1 1 1.0
10 176176 2736 4430 1 10 0 1.0
10 69753 2737 1553 1 10 0 1.0
10 115933 2738 2369 1 1 1 1.0
10 139456 2739 3935 1 50 0 1.0
10 149131 2740 3001 1 10 0 1.0
10 106861 2741 2804 1 1 0 1.0
10 108457 2746 3131 1 1 1 1.0
10 82463 2749 2413 1 50 1 1.0
10 89210 2750 2227 1 1 0 1.0
10 125764 2751 2929 1 10 0 1.0
10 164390 2751 4847 1 10 1 1.0
10 60623 2753 1299 1 1 1 1.0
10 74082 2754 2001 1 10 0 1.0
10 140124 2756 4146 1 1 1 1.0
10 143917 2756 3013 1 1 0 1.0
10 112972 2759 3378 1 10 0 1.0
10 173047 2765 4488 1 1 1 1.0
10 88936 2765 2399 1 1 1 1.0
10 88405 2766 1866 1 10 1 1.0
10 82981 2767 2232 1 10 0 1.0
10 102433 2769 2811 1 1 1 1.0
10 102128 2769 2831 1 1 1 1.0
10 134131 2770 3435 1 10 1 1.0
10 169675 2771 4511 1 1 1 1.0
10 150592 2772 3321 1 1 1 1.0
10 127182 2774 3713 1 1 1 1.0
10 95614 2780 2643 1 10 0 1.0
10 159617 2785 4002 1 50 0 1.0
10 78781 2789 2140 1 1 1 1.0
10 147340 2796 3180 1 10 1 1.0
10 71843 2803 1634 1 10 0 1.0
10 94905 2804 2329 1 1 0 1.0
10 99443 2805 2077 1 1 0 1.0
10 68979 2806 2039 1 10 1 1.0
10 140856 2808 2980 1 10 1 1.0
10 110466 2809 2747 1 1 0 1.0
10 84795 2813 2393 1 10 0 1.0
10 176914 2814 4084 1 50 1 1.0
10 168263 2815 3959 1 10 0 1.0
10 77155 2816 2142 1 10 0 1.0
10 139389 2817 3058 1 1 0 1.0
10 126474 2818 3372 1 1 0 1.0
10 127666 2820 2625 1 1 1 1.0
10 96703 2821 2626 1 10 1 1.0
10 160859 2825 4039 1 10 0 1.0
10 99503 2825 2417 1 50 1 1.0
10 153433 2828 4029 1 50 1 1.0
10 81991 2829 2415 1 1 1 1.0
10 154361 2831 4122 1 10 0 1.0
10 131902 2833 2914 1 1 1 1.0
10 71247 2834 2072 1 1 1 1.0
10 174128 2835 5022 1 10 1 1.0
10 71582 2839 1850 1 1 0 1.0
10 163363 2840 3923 1 10 1 1.0
10 99238 2841 2201 1 1 0 1.0
10 167142 2842 3920 1 1 0 1.0
10 131624 2844 3583 1 50 1 1.0
10 83378 2848 2066 1 10 0 1.0
10 153964 2849 3811 1 1 1 1.0
10 147128 2854 3995 1 10 1 1.0
10 166039 2855 3683 1 1 0 1.0
10 168965 2855 4311 1 1 1 1.0
10 83734 2856 1791 1 1 1 1.0
10 148843 2857 4065 1 10 0 1.0
10 145150 2864 3932 1 50 0 1.0
10 110435 2867 2785 1 1 1 1.0
10 150375 2867 3671 1 10 1 1.0
10 156026 2868 4574 1 50 0 1.0
10 106575 2869 2665 1 10 0 1.0
10 150988 2869 3771 1 1 1 1.0
10 107714 2869 2235 1 10 1 1.0
10 126367 2876 3018 1 10 1 1.0
10 145597 2877 3077 1 1 1 1.0
10 69371 2879 1530 1 1 1 1.0
10 131374 2884 3015 1 10 1 1.0
10 76037 2884 2262 1 1 1 1.0
10 71373 2885 1950 1 1 0 1.0
10 152918 2892 3935 1 10 0 1.0
10 150591 2894 3071 1 10 1 1.0
10 116507 2896 2908 1 1 1 1.0
10 165214 2896 4544 1 1 0 1.0
10 79068 2897 1685 1 10 1 1.0
10 165388 2899 3890 1 1 0 1.0
10 160107 2899 3405 1 10 1 1.0
10 81571 2903 2335 1 1 0 1.0
10 138441 2910 3503 1 1 0 1.0
10 165073 2913 4350 1 1 0 1.0
10 72046 2913 2080 1 1 1 1.0
10 102481 2918 2419 1 10 0 1.0
10 85100 2921 2010 1 50 0 1.0
10 162909 2929 3975 1 1 1 1.0
10 70661 2929 1645 1 10 0 1.0
10 78668 2929 2284 1 10 1 1.0
10 140476 2932 2847 1 1 0 1.0
10 162102 2933 4764 1 1 0 1.0
10 78436 2938 1706 1 10 1 1.0
10 174904 2939 4495 1 10 1 1.0
10 64072 2940 1422 1 1 0 1.0
10 128981 2942 3011 1 1 1 1.0
10 179018 2943 3921 1 1 1 1.0
10 118921 2947 3482 1 10 0 1.0
10 80817 2952 2021 1 1 0 1.0
10 123491 2955 3508 1 1 1 1.0
10 122033 2956 2555 1 1 1 1.0
10 179483 2959 4592 1 1 0 1.0
10 126251 2961 3756 1 1 0 1.0
10 174360 2961 5134 1 10 1 1.0
10 82147 2966 1750 1 1 1 1.0
10 145888 2968 3353 1 1 1 1.0
10 75358 2969 1706 1 1 0 1.0
10 90182 2969 2495 1 50 0 1.0
10 100833 2973 2985 1 1 0 1.0
10 129812 2979 3551 1 10 0 1.0
10 67916 2980 1999 1 10 0 1.0
10 151215 2980 4026 1 10 1 1.0
10 150106 2985 3665 1 1 0 1.0
10 72482 2987 1713 1 10 1 1.0
10 160338 2987 3845 1 10 1 1.0
10 89277 2988 2280 1 1 1 1.0
10 114983 2989 2986 1 1 0 1.0
10 118704 2991 2817 1 10 1 1.0
10 120914 2992 3207 1 1 0 1.0
10 150327 2997 3278 1 1 1 1.0
10 146531 3002 4021 1 1 1 1.0
10 113935 3006 3160 1 1 1 1.0
10 123230 3009 2571 1 1 1 1.0
10 106043 3014 2456 1 1 0 1.0
10 158245 3015 4102 1 10 0 1.0
10 109279 3015 2812 1 10 1 1.0
10 122158 3015 2972 1 1 1 1.0
10 97400 3020 2438 1 1 0 1.0
10 145112 3023 4150 1 1 0 1.0
10 94009 3028 2280 1 1 1 1.0
10 115455 3031 3125 1 1 1 1.0
10 76039 3036 1760 1 10 1 1.0
10 157463 3038 3228 1 1 1 1.0
10 128356 3040 2764 1 1 0 1.0
10 140668 3043 3106 1 1 1 1.0
10 66201 3056 1594 1 10 1 1.0
10 100868 3059 2645 1 10 1 1.0
10 132525 3064 3934 1 1 0 1.0
10 80883 3072 1696 1 10 0 1.0
10 119442 3076 3071 1 1 0 1.0
10 130889 3088 3231 1 1 1 1.0
10 60555 3089 1337 1 1 0 1.0
10 175646 3091 3698 1 10 0 1.0
10 134671 3094 3582 1 1 1 1.0
10 137025 3099 3165 1 10 1 1.0
10 101140 3099 2295 1 1 1 1.0
10 104764 3101 2512 1 1 0 1.0
10 149416 3103 3842 1 50 0 1.0
10 67323 3103 1521 1 1 1 1.0
10 74458 3104 2204 1 1 0 1.0
10 124272 3108 3262 1 1 1 1.0
10 90332 3108 2445 1 10 0 1.0
10 138208 3110 3254 1 1 1 1.0
10 75751 3113 1570 1 50 1 1.0
10 115263 3113 2434 1 1 0 1.0
10 124421 3114 2907 1 1 1 1.0
10 167343 3116 3356 1 1 0 1.0
10 156120 3117 3486 1 1 0 1.0
10 66290 3120 1959 1 1 1 1.0
10 147467 3123 4088 1 1 0 1.0
10 77502 3123 1827 1 1 1 1.0
10 121535 3129 3587 1 1 0 1.0
10 152604 3133 4150 1 1 1 1.0
10 101130 3138 2880 1 1 0 1.0
10 65349 3143 1641 1 1 1 1.0
10 176352 3143 4831 1 10 0 1.0
10 169474 3144 4279 1 1 1 1.0
10 70341 3147 1412 1 1 0 1.0
10 137510 3148 4051 1 10 0 1.0
10 157875 3149 4362 1 1 0 1.0
10 152515 3150 4256 1 10 1 1.0
10 121251 3151 2463 1 10 0 1.0
10 86830 3151 1926 1 1 0 1.0
10 109285 3152 2876 1 1 1 1.0
10 134650 3153 3319 1 1 1 1.0
10 90213 3155 2210 1 10 0 1.0
10 74574 3158 1879 1 1 0 1.0
10 161485 3166 3296 1 1 1 1.0
10 165624 3166 3596 1 10 0 1.0
10 131071 3172 3431 1 1 1 1.0
10 101069 3172 2915 1 10 1 1.0
10 162189 3176 4250 1 1 1 1.0
10 159621 3182 3699 1 10 0 1.0
10 145696 3186 4096 1 1 1 1.0
10 102608 3190 2079 1 1 1 1.0
10 88318 3192 2332 1 1 1 1.0
10 85243 3194 2273 1 1 1 1.0
10 72863 3202 1605 1 50 1 1.0
10 113190 3203 3068 1 10 1 1.0
10 84901 3206 2164 1 10 1 1.0
10 85491 3207 1955 1 1 1 1.0
10 153160 3207 4182 1 1 0 1.0
10 101066 3207 2169 1 1 0 1.0
10 77606 3211 2270 1 1 0 1.0
10 64471 3213 1439 1 50 1 1.0
10 94010 3215 2190 1 1 1 1.0
10 175942 3217 4230 1 1 1 1.0
10 167585 3219 4495 1 10 0 1.0
10 157987 3222 4582 1 1 1 1.0
10 160447 3223 4016 1 10 1 1.0
10 163322 3224 3470 1 10 1 1.0
10 170738 3230 3501 1 1 0 1.0
10 86854 3230 2003 1 1 0 1.0
10 79753 3234 1938 1 10 0 1.0
10 124160 3236 2501 1 10 0 1.0
10 160844 3240 4618 1 10 1 1.0
10 140481 3244 3475 1 10 1 1.0
10 96685 3248 2251 1 1 1 1.0
10 159763 3250 4153 1 1 0 1.0
10 102150 3255 3053 1 50 0 1.0
10 106239 3257 3070 1 1 1 1.0
10 165254 3259 3459 1 10 1 1.0
10 76030 3263 1697 1 10 0 1.0
10 95848 3263 2388 1 1 0 1.0
10 115548 3266 3418 1 50 1 1.0
10 93579 3280 2451 1 10 1 1.0
10 111635 3282 2718 1 1 0 1.0
10 93375 3292 2482 1 1 1 1.0
10 78770 3295 1734 1 50 0 1.0
10 138777 3296 3641 1 1 0 1.0
10 137516 3297 4116 1 10 1 1.0
10 112516 3299 2996 1 1 1 1.0
10 62986 3299 1628 1 1 0 1.0
10 88641 3302 2609 1 1 1 1.0
10 91935 3308 2210 1 1 0 1.0
10 164137 3319 4785 1 10 0 1.0
10 125208 3321 2889 1 50 0 1.0
10 82339 3322 1933 1 1 0 1.0
10 72697 3323 1792 1 1 1 1.0
10 155738 3324 4336 1 50 0 1.0
10 86636 3329 1975 1 1 0 1.0
10 166689 3330 4402 1 1 1 1.0
10 103172 3330 2825 1 1 0 1.0
10 145468 3332 3073 1 1 0 1.0
10 130234 3334 3482 1 10 0 1.0
10 119768 3335 2823 1 1 1 1.0
10 72486 3336 2053 1 1 1 1.0
10 137319 3345 3786 1 1 1 1.0
10 172095 3345 3533 1 1 1 1.0
10 157475 3348 3951 1 1 0 1.0
10 64080 3349 1535 1 10 1 1.0
10 163495 3349 3724 1 10 1 1.0
10 100950 3349 3010 1 1 0 1.0
10 160317 3355 3767 1 10 0 1.0
10 131380 3359 3630 1 10 1 1.0
10 73899 3363 2087 1 1 1 1.0
10 111917 3371 2801 1 10 1 1.0
10 119561 3372 3461 1 1 0 1.0
10 133514 3375 3375 1 1 1 1.0
10 150165 3375 3393 1 50 0 1.0
10 151307 3377 4449 1 10 0 1.0
10 147367 3387 2952 1 50 1 1.0
10 128658 3389 3401 1 1 1 1.0
10 126910 3390 3378 1 10 1 1.0
10 134231 3391 3519 1 1 1 1.0
10 155360 3399 3432 1 10 0 1.0
10 93077 3399 2548 1 50 0 1.0
10 100898 3401 2376 1 1 1 1.0
10 136965 3406 4076 1 1 0 1.0
10 137967 3407 3550 1 1 0 1.0
10 69248 3413 1800 1 1 0 1.0
10 118924 3421 2503 1 1 0 1.0
10 92610 3423 2651 1 1 1 1.0
10 178838 3426 4295 1 10 1 1.0
10 121761 3428 2476 1 50 0 1.0
10 105955 3429 2569 1 50 0 1.0
10 133085 3430 3251 1 1 1 1.0
10 148690 3435 4200 1 10 0 1.0
10 123435 3438 2669 1 1 1 1.0
10 92015 3438 1861 1 1 1 1.0
10 140795 3439 3989 1 10 1 1.0
10 141875 3449 3195 1 10 0 1.0
10 86338 3449 1749 1 1 1 1.0
10 60253 3452 1274 1 1 0 1.0
10 165648 3453 4026 1 1 1 1.0
10 76827 3454 1636 1 1 0 1.0
10 68117 3454 1646 1 10 1 1.0
10 156143 3456 3195 1 1 0 1.0
10 80697 3467 1806 1 1 1 1.0
10 131392 3473 2807 1 1 1 1.0
10 119774 3475 2793 1 1 0 1.0
10 156599 3477 4015 1 1 0 1.0
10 68516 3480 2007 1 1 0 1.0
10 116431 3484 3176 1 10 1 1.0
10 154839 3485 4376 1 10 0 1.0
10 99295 3487 2523 1 1 1 1.0
10 146065 3491 4091 1 10 1 1.0
10 75122 3493 2028 1 1 1 1.0
10 105182 3495 2387 1 1 0 1.0
10 145806 3497 3347 1 1 1 1.0
10 132362 3500 3802 1 10 0 1.0
10 125436 3501 3115 1 10 1 1.0
10 70026 3502 1768 1 1 0 1.0
10 165091 3503 3959 1 1 1 1.0
10 72487 3505 1748 1 1 0 1.0
10 63536 3505 1483 1 10 0 1.0
10 63359 3508 1609 1 1 0 1.0
10 84396 3508 2199 1 1 0 1.0
10 88600 3508 2316 1 1 1 1.0
10 160908 3510 3691 1 10 0 1.0
10 93163 3521 2710 1 1 1 1.0
10 168625 3522 4504 1 1 0 1.0
10 83404 3524 2299 1 1 0 1.0
10 68980 3524 1761 1 10 0 1.0
10 69424 3524 2055 1 1 0 1.0
10 113523 3528 2341 1 10 0 1.0
10 93363 3533 2666 1 10 1 1.0
10 100203 3535 2236 1 50 1 1.0
10 149164 3539 3042 1 1 1 1.0
10 160741 3541 4667 1 10 0 1.0
10 140312 3542 3319 1 1 1 1.0
10 173252 3543 4584 1 1 1 1.0
10 91590 3543 1937 1 10 0 1.0
10 173848 3545 4879 1 10 1 1.0
10 143863 3546 2878 1 1 0 1.0
10 90537 3547 1854 1 50 0 1.0
10 96594 3548 2233 1 1 1 1.0
10 76387 3548 2055 1 50 0 1.0
10 109779 3554 2358 1 1 0 1.0
10 166174 3556 3406 1 50 1 1.0
10 173934 3557 4129 1 10 0 1.0
10 168436 3560 3653 1 10 0 1.0
10 151387 3561 4279 1 1 0 1.0
10 110474 3562 2692 1 10 0 1.0
10 113511 3568 2584 1 1 1 1.0
10 161340 3568 3448 1 10 0 1.0
10 173934 3569 3707 1 1 1 1.0
10 98771 3575 2860 1 1 0 1.0
10 158081 3583 3586 1 1 1 1.0
10 147070 3584 3713 1 10 1 1.0
10 97477 3588 2802 1 10 0 1.0
10 60322 3590 1380 1 1 0 1.0
10 153612 3591 4239 1 10 0 1.0
10 61483 3594 1623 1 1 0 1.0
10 178660 3598 3836 1 1 0 1.0
10 169303 3599 5018 1 1 0 1.0
