1500
11 91596 0 2496 1 50 1 1.0
11 147880 4 3424 1 1 0 1.0
11 68452 5 1988 1 10 1 1.0
11 82727 6 2209 1 10 1 1.0
11 128865 9 2614 1 50 0 1.0
11 153784 10 4486 1 1 0 1.0
11 104157 11 2373 1 1 1 1.0
11 162719 15 4387 1 1 1 1.0
11 107607 15 3183 1 1 0 1.0
11 136183 25 4015 1 1 1 1.0
11 110537 28 3134 1 1 1 1.0
11 65701 28 1686 1 1 1 1.0
11 73057 32 2139 1 10 1 1.0
11 167873 33 3751 1 50 1 1.0
11 146073 34 3861 1 50 0 1.0
11 79371 35 1764 1 1 1 1.0
11 114047 36 3414 1 10 0 1.0
11 72509 36 2087 1 1 1 1.0
11 79535 39 2243 1 1 0 1.0
11 107519 40 3215 1 50 0 1.0
11 154083 41 4153 1 50 0 1.0
11 158550 41 3908 1 1 1 1.0
11 155132 41 4544 1 10 0 1.0
11 178728 42 5246 1 1 1 1.0
11 100405 44 2829 1 10 1 1.0
11 95815 50 2262 1 10 0 1.0
11 93956 51 2508 1 50 1 1.0
11 83240 51 1803 1 1 0 1.0
11 123034 52 3180 1 1 1 1.0
11 172030 54 4957 1 50 1 1.0
11 133375 64 3099 1 10 1 1.0
11 156460 68 3667 1 1 0 1.0
11 94375 70 2627 1 1 0 1.0
11 73817 71 2183 1 50 1 1.0
11 171278 73 4822 1 1 0 1.0
11 172422 79 4332 1 1 0 1.0
11 168527 79 4196 1 10 1 1.0
11 90481 81 2250 1 1 0 1.0
11 67722 90 1928 1 10 0 1.0
11 119974 90 3234 1 1 0 1.0
11 64932 94 1438 1 10 0 1.0
11 63718 95 1584 1 10 0 1.0
11 158881 95 4391 1 10 0 1.0
11 150502 95 3477 1 1 0 1.0
11 126119 98 2664 1 1 0 1.0
11 100300 98 2537 1 50 1 1.0
11 98198 102 2761 1 10 1 1.0
11 88904 102 2655 1 10 0 1.0
11 144244 105 2957 1 1 1 1.0
11 117912 115 3231 1 1 1 1.0
11 171244 116 4465 1 1 1 1.0
11 121308 118 3267 1 10 1 1.0
11 64684 119 1552 1 10 0 1.0
11 74673 120 1957 1 50 0 1.0
11 75829 121 1997 1 50 0 1.0
11 145050 123 3836 1 1 0 1.0
11 93090 126 2236 1 1 0 1.0
11 95256 126 2381 1 1 0 1.0
11 168470 127 3373 1 1 1 1.0
11 151584 128 4115 1 1 0 1.0
11 145929 128 2982 1 10 0 1.0
11 85868 132 1893 1 1 0 1.0
11 61557 132 1570 1 1 0 1.0
11 167844 134 3603 1 1 1 1.0
11 162007 137 3409 1 1 1 1.0
11 116003 138 3370 1 1 0 1.0
11 139423 143 3379 1 1 1 1.0
11 92969 144 2421 1 1 0 1.0
11 95806 147 2763 1 10 1 1.0
11 63823 149 1578 1 1 1 1.0
11 152702 156 3074 1 1 1 1.0
11 72121 159 1553 1 1 1 1.0
11 127194 159 3652 1 1 1 1.0
11 147182 160 3549 1 50 1 1.0
11 75146 162 1595 1 1 0 1.0
11 73898 165 1504 1 1 1 1.0
11 116865 167 3326 1 10 1 1.0
11 76906 168 1594 1 10 1 1.0
11 155720 169 4099 1 1 1 1.0
11 111230 171 2375 1 10 0 1.0
11 150072 173 3513 1 10 0 1.0
11 66703 174 1838 1 1 0 1.0
11 173708 175 4505 1 1 0 1.0
11 127141 177 2732 1 1 1 1.0
11 145766 179 4113 1 1 0 1.0
11 161906 185 3696 1 1 1 1.0
11 80086 190 2186 1 1 1 1.0
11 124771 194 3288 1 1 1 1.0
11 99125 194 2507 1 1 1 1.0
11 77481 195 1792 1 10 0 1.0
11 111445 196 2418 1 1 1 1.0
11 91246 197 2535 1 10 0 1.0
11 130274 199 2911 1 1 1 1.0
11 128627 201 3160 1 10 1 1.0
11 129227 203 3645 1 1 1 1.0
11 163714 205 4868 1 1 1 1.0
11 150342 208 3935 1 1 1 1.0
11 90415 209 2041 1 1 0 1.0
11 91595 217 1956 1 50 1 1.0
11 144031 219 3200 1 10 0 1.0
11 136011 222 3822 1 10 1 1.0
11 89224 225 2346 1 1 0 1.0
11 73761 226 2072 1 10 0 1.0
11 116536 227 3402 1 1 0 1.0
11 124744 230 2637 1 1 1 1.0
11 87856 230 2532 1 10 1 1.0
11 161590 232 3324 1 10 1 1.0
11 106849 233 2232 1 1 0 1.0
11 145308 233 3500 1 10 1 1.0
11 139400 240 3787 1 1 0 1.0
11 118594 246 2830 1 50 0 1.0
11 157289 253 4645 1 10 0 1.0
11 170125 253 3462 1 1 0 1.0
11 94849 254 2090 1 10 1 1.0
11 129414 255 2701 1 10 1 1.0
11 87060 258 2324 1 10 1 1.0
11 69796 259 2087 1 1 1 1.0
11 109071 260 3254 1 10 1 1.0
11 92758 263 2375 1 1 1 1.0
11 160133 267 3917 1 1 0 1.0
11 144343 267 4221 1 1 1 1.0
11 121594 273 3540 1 50 0 1.0
11 164330 280 4516 1 10 0 1.0
11 141612 284 4185 1 1 0 1.0
11 177493 289 4457 1 1 1 1.0
11 68462 289 1815 1 1 1 1.0
11 128951 290 3730 1 1 1 1.0
11 118865 293 2714 1 10 1 1.0
11 88275 296 1950 1 10 1 1.0
11 133239 298 3342 1 10 1 1.0
11 77580 298 1792 1 10 1 1.0
11 69601 299 1986 1 1 0 1.0
11 155307 306 4610 1 50 0 1.0
11 171609 307 3533 1 10 1 1.0
11 107582 310 2824 1 1 1 1.0
11 93132 313 2701 1 1 1 1.0
11 134874 314 3757 1 1 1 1.0
11 177527 314 4602 1 1 1 1.0
11 99194 317 2237 1 1 0 1.0
11 178731 317 3813 1 1 0 1.0
11 97164 324 2249 1 1 1 1.0
11 160887 325 3342 1 10 0 1.0
11 72594 325 1948 1 50 1 1.0
11 162863 326 3962 1 1 1 1.0
11 86741 327 2597 1 10 1 1.0
11 116214 328 2772 1 1 0 1.0
11 109942 330 2973 1 10 1 1.0
11 138997 330 2925 1 10 1 1.0
11 68833 331 1976 1 1 0 1.0
11 92567 331 1999 1 1 1 1.0
11 128010 332 2660 1 1 1 1.0
11 83120 339 2295 1 1 0 1.0
11 72580 340 1929 1 1 1 1.0
11 74430 340 1778 1 1 1 1.0
11 67656 349 1667 1 1 0 1.0
11 69539 351 1571 1 10 1 1.0
11 60740 358 1667 1 10 0 1.0
11 74112 360 2080 1 1 1 1.0
11 131705 364 3943 1 1 1 1.0
11 117800 365 2791 1 10 0 1.0
11 116769 368 2847 1 10 0 1.0
11 83577 369 1767 1 10 1 1.0
11 138572 370 3675 1 1 1 1.0
11 125361 373 3479 1 50 1 1.0
11 65338 379 1654 1 1 0 1.0
11 96507 385 2178 1 1 0 1.0
11 156090 391 3396 1 1 1 1.0
11 103289 392 2069 1 50 1 1.0
11 126756 395 2981 1 1 1 1.0
11 62800 396 1672 1 1 0 1.0
11 85022 401 1700 1 1 1 1.0
11 60292 409 1264 1 1 1 1.0
11 122601 410 2526 1 1 1 1.0
11 86707 412 2479 1 10 0 1.0
11 120862 413 3264 1 50 1 1.0
11 136919 413 3370 1 1 1 1.0
11 150524 413 3103 1 50 1 1.0
11 138482 416 3007 1 1 1 1.0
11 175337 417 3645 1 10 0 1.0
11 78064 420 2338 1 10 1 1.0
11 117432 424 3507 1 1 1 1.0
11 67877 426 2017 1 1 1 1.0
11 66240 434 1833 1 10 1 1.0
11 131987 437 3926 1 1 0 1.0
11 164356 438 3797 1 10 0 1.0
11 77312 443 1583 1 10 0 1.0
11 166756 445 4314 1 1 0 1.0
11 163998 449 3831 1 1 1 1.0
11 159886 450 3958 1 1 1 1.0
11 165650 453 4236 1 50 1 1.0
11 110175 454 2361 1 1 0 1.0
11 165325 457 4233 1 10 1 1.0
11 174169 462 3790 1 10 0 1.0
11 106173 464 2813 1 10 0 1.0
11 178309 464 3835 1 1 0 1.0
11 169630 464 4146 1 1 1 1.0
11 62288 466 1259 1 1 1 1.0
11 67780 468 1648 1 1 0 1.0
11 176368 468 5175 1 1 1 1.0
11 115627 468 2731 1 10 0 1.0
11 108412 476 2574 1 50 0 1.0
11 75207 477 1515 1 1 0 1.0
11 90092 480 2514 1 1 1 1.0
11 76995 481 1596 1 1 1 1.0
11 162639 487 4509 1 1 1 1.0
11 141894 489 3267 1 10 0 1.0
11 87293 489 2019 1 1 1 1.0
11 64481 490 1741 1 1 0 1.0
11 78188 492 2022 1 50 1 1.0
11 91717 498 2312 1 1 1 1.0
11 142744 500 3892 1 1 1 1.0
11 130979 501 2753 1 1 0 1.0
11 121630 503 2848 1 10 1 1.0
11 148643 505 3085 1 1 1 1.0
11 117686 505 3395 1 1 0 1.0
11 123211 507 2916 1 1 0 1.0
11 165952 507 3625 1 10 1 1.0
11 134354 508 3867 1 1 0 1.0
11 167778 508 4163 1 10 1 1.0
11 111815 510 2536 1 1 0 1.0
11 85579 511 2205 1 1 0 1.0
11 61104 511 1347 1 1 0 1.0
11 84926 512 1840 1 1 1 1.0
11 117440 512 3353 1 10 1 1.0
11 101963 512 3051 1 1 1 1.0
11 79588 513 1712 1 1 1 1.0
11 144082 516 3381 1 1 1 1.0
11 141734 518 3272 1 1 1 1.0
11 140364 518 4099 1 10 0 1.0
11 136392 519 3496 1 1 0 1.0
11 144262 519 2911 1 1 1 1.0
11 175015 523 4823 1 1 1 1.0
11 101403 527 2876 1 10 1 1.0
11 153907 530 3576 1 1 1 1.0
11 117255 530 2799 1 10 1 1.0
11 114322 536 2464 1 1 0 1.0
11 127938 538 2969 1 1 0 1.0
11 172486 538 4619 1 1 1 1.0
11 80154 540 2028 1 1 1 1.0
11 153409 544 4589 1 1 1 1.0
11 172525 547 3550 1 1 0 1.0
11 167018 547 4887 1 10 0 1.0
11 116980 560 2698 1 10 0 1.0
11 148393 561 3487 1 1 1 1.0
11 165329 561 4212 1 10 0 1.0
11 84459 565 2382 1 50 0 1.0
11 106714 567 3196 1 1 1 1.0
11 61091 571 1640 1 1 1 1.0
11 88832 571 2631 1 1 1 1.0
11 138786 573 3710 1 1 1 1.0
11 137641 575 4039 1 1 0 1.0
11 120782 576 2946 1 50 1 1.0
11 118375 577 3382 1 10 0 1.0
11 105566 580 2768 1 1 1 1.0
11 118990 580 3467 1 1 0 1.0
11 97738 581 2728 1 1 1 1.0
11 161269 584 4433 1 1 1 1.0
11 115982 585 3109 1 1 1 1.0
11 81534 589 2257 1 1 1 1.0
11 63554 591 1383 1 1 1 1.0
11 68340 596 1719 1 10 1 1.0
11 160834 597 4353 1 10 0 1.0
11 177336 603 4159 1 1 1 1.0
11 85117 606 1865 1 10 1 1.0
11 103820 607 2397 1 1 0 1.0
11 101138 610 2880 1 1 1 1.0
11 83085 615 2482 1 10 1 1.0
11 124715 618 3520 1 1 0 1.0
11 165863 622 3508 1 10 0 1.0
11 153405 625 4345 1 1 1 1.0
11 74073 632 1776 1 1 1 1.0
11 66077 647 1350 1 1 0 1.0
11 99352 648 2436 1 10 1 1.0
11 167723 649 4408 1 10 0 1.0
11 148276 654 3595 1 10 1 1.0
11 134432 657 3856 1 10 1 1.0
11 127360 658 2758 1 10 1 1.0
11 120436 660 3386 1 10 1 1.0
11 143640 661 3722 1 1 0 1.0
11 109841 663 2790 1 50 0 1.0
11 105082 667 2835 1 50 1 1.0
11 117988 670 3012 1 10 0 1.0
11 168078 672 3922 1 1 1 1.0
11 175173 673 3569 1 1 1 1.0
11 170804 675 4975 1 1 0 1.0
11 72034 676 1977 1 10 0 1.0
11 163414 676 4452 1 1 0 1.0
11 117237 677 2648 1 10 1 1.0
11 124515 678 3381 1 1 0 1.0
11 83132 680 2296 1 50 0 1.0
11 116420 684 2678 1 1 1 1.0
11 85905 696 2051 1 1 1 1.0
11 162613 696 4512 1 1 1 1.0
11 114778 698 3417 1 1 1 1.0
11 161212 698 3343 1 10 1 1.0
11 125849 703 3205 1 1 1 1.0
11 141087 703 3299 1 1 0 1.0
11 159614 705 3221 1 10 0 1.0
11 131725 708 2773 1 1 1 1.0
11 162284 712 3640 1 10 1 1.0
11 119225 714 2859 1 1 1 1.0
11 67266 716 1368 1 10 1 1.0
11 90561 716 2308 1 1 0 1.0
11 132611 720 3229 1 1 0 1.0
11 151667 721 3809 1 1 1 1.0
11 138314 722 4053 1 1 1 1.0
11 65750 724 1838 1 1 0 1.0
11 130110 726 3621 1 1 0 1.0
11 64022 733 1737 1 1 0 1.0
11 138300 739 3576 1 1 1 1.0
11 98407 740 2922 1 10 1 1.0
11 117606 741 2490 1 10 1 1.0
11 106698 742 3144 1 10 0 1.0
11 163441 751 4871 1 10 0 1.0
11 138841 751 3523 1 10 0 1.0
11 117547 752 2831 1 10 1 1.0
11 100991 753 2108 1 1 0 1.0
11 90454 753 2233 1 1 0 1.0
11 156466 753 4196 1 1 0 1.0
11 148580 758 3229 1 10 1 1.0
11 151325 759 3198 1 1 0 1.0
11 62654 760 1629 1 1 0 1.0
11 70692 764 1460 1 1 1 1.0
11 87317 764 2065 1 1 0 1.0
11 108734 765 2810 1 10 1 1.0
11 104913 767 2328 1 10 1 1.0
11 113430 768 3010 1 1 1 1.0
11 86992 769 2508 1 1 0 1.0
11 121232 770 3392 1 1 0 1.0
11 145223 771 4148 1 1 0 1.0
11 95681 781 2211 1 10 1 1.0
11 173743 781 3713 1 50 1 1.0
11 97586 783 2207 1 1 1 1.0
11 126165 784 3177 1 10 1 1.0
11 127801 784 3411 1 1 0 1.0
11 174167 785 3746 1 10 1 1.0
11 163610 787 4315 1 1 1 1.0
11 162883 790 3744 1 1 1 1.0
11 146713 791 3916 1 1 0 1.0
11 153034 795 3302 1 1 1 1.0
11 164596 795 3422 1 10 0 1.0
11 70499 804 1960 1 50 0 1.0
11 72470 804 1998 1 1 1 1.0
11 117828 805 2737 1 10 1 1.0
11 124857 810 2850 1 10 1 1.0
11 154952 810 3308 1 10 1 1.0
11 116397 815 3106 1 1 0 1.0
11 90516 816 2394 1 50 1 1.0
11 151909 818 3048 1 1 0 1.0
11 171160 822 3567 1 10 1 1.0
11 74771 826 1715 1 10 1 1.0
11 105418 826 2759 1 1 0 1.0
11 134473 827 3094 1 1 0 1.0
11 151168 828 4303 1 1 1 1.0
11 70803 836 2053 1 1 0 1.0
11 156374 836 3469 1 1 1 1.0
11 81788 836 2413 1 1 1 1.0
11 81896 837 2192 1 50 0 1.0
11 110273 844 2209 1 1 0 1.0
11 140490 845 4124 1 1 0 1.0
11 121879 846 2448 1 1 0 1.0
11 82104 853 2001 1 1 1 1.0
11 172016 855 4048 1 1 1 1.0
11 121803 856 3650 1 1 0 1.0
11 80462 858 2381 1 10 1 1.0
11 70118 861 1415 1 1 0 1.0
11 74286 861 1604 1 1 1 1.0
11 71469 867 1474 1 10 0 1.0
11 96138 868 2094 1 1 0 1.0
11 109335 868 3252 1 1 1 1.0
11 125451 869 2836 1 50 1 1.0
11 137092 869 2791 1 1 0 1.0
11 110303 870 2919 1 10 1 1.0
11 64031 870 1577 1 1 1 1.0
11 66885 873 1778 1 10 1 1.0
11 149925 875 4431 1 1 0 1.0
11 128504 876 3352 1 1 1 1.0
11 148355 878 4441 1 1 1 1.0
11 138254 881 2846 1 10 1 1.0
11 133763 884 3698 1 1 1 1.0
11 158263 884 4142 1 10 0 1.0
11 94991 885 2175 1 1 0 1.0
11 84573 890 1993 1 1 1 1.0
11 68843 891 1920 1 10 0 1.0
11 79689 892 2196 1 1 1 1.0
11 90054 893 2517 1 1 1 1.0
11 81283 894 2290 1 10 1 1.0
11 85466 898 2524 1 1 1 1.0
11 94801 900 2120 1 1 1 1.0
11 139911 902 3524 1 1 1 1.0
11 177185 902 3779 1 1 1 1.0
11 82480 905 1731 1 1 0 1.0
11 82257 909 2445 1 1 0 1.0
11 145334 917 3915 1 1 1 1.0
11 67294 919 1978 1 1 1 1.0
11 171292 920 3894 1 1 0 1.0
11 119745 921 2490 1 10 0 1.0
11 80768 926 2187 1 10 1 1.0
11 124964 929 3100 1 1 1 1.0
11 152493 932 4510 1 1 1 1.0
11 125900 933 3274 1 10 0 1.0
11 137049 934 3987 1 1 1 1.0
11 78642 939 1578 1 1 1 1.0
11 121835 940 2562 1 10 1 1.0
11 168234 942 3783 1 1 0 1.0
11 120044 942 3522 1 1 1 1.0
11 167849 944 4185 1 10 1 1.0
11 88871 945 2016 1 10 0 1.0
11 125639 946 3652 1 1 0 1.0
11 164561 947 4869 1 10 0 1.0
11 162437 948 3988 1 1 0 1.0
11 155928 948 4546 1 1 0 1.0
11 169495 948 3622 1 1 1 1.0
11 89795 949 2096 1 10 1 1.0
11 154080 949 3117 1 50 0 1.0
11 162407 950 3797 1 1 0 1.0
11 168384 953 4149 1 10 1 1.0
11 122504 954 2927 1 1 0 1.0
11 167561 954 4102 1 1 0 1.0
11 158189 959 3730 1 1 0 1.0
11 103564 960 3060 1 1 1 1.0
11 84800 964 2075 1 1 0 1.0
11 158028 977 3925 1 1 1 1.0
11 80142 977 2037 1 50 1 1.0
11 145680 981 3811 1 1 0 1.0
11 173464 981 5180 1 1 0 1.0
11 141054 982 3931 1 1 0 1.0
11 85528 987 2173 1 50 1 1.0
11 81258 988 2040 1 1 0 1.0
11 118670 989 2792 1 10 0 1.0
11 75632 991 2188 1 1 0 1.0
11 151233 996 4255 1 1 0 1.0
11 169454 998 4435 1 1 1 1.0
11 79869 1003 1736 1 1 1 1.0
11 127669 1005 2997 1 1 1 1.0
11 61517 1015 1528 1 50 0 1.0
11 109171 1018 2555 1 1 1 1.0
11 145171 1019 4181 1 10 0 1.0
11 174724 1021 3700 1 1 1 1.0
11 107238 1022 2816 1 1 1 1.0
11 115461 1025 2971 1 1 0 1.0
11 77524 1026 2257 1 50 1 1.0
11 177047 1026 3656 1 10 0 1.0
11 90407 1035 1858 1 1 1 1.0
11 122573 1038 3409 1 10 1 1.0
11 70371 1038 1489 1 1 1 1.0
11 77299 1039 1613 1 1 0 1.0
11 175261 1039 3756 1 10 0 1.0
11 172012 1042 4071 1 10 0 1.0
11 147479 1046 4088 1 1 1 1.0
11 65099 1048 1372 1 10 1 1.0
11 169556 1050 4562 1 1 0 1.0
11 91757 1051 2045 1 10 0 1.0
11 140266 1054 3216 1 1 0 1.0
11 171320 1056 4062 1 1 1 1.0
11 111289 1057 2910 1 1 0 1.0
11 107358 1058 3204 1 1 0 1.0
11 163957 1060 4728 1 1 1 1.0
11 135871 1063 3980 1 10 1 1.0
11 130069 1070 3262 1 10 1 1.0
11 176662 1071 5116 1 10 0 1.0
11 170917 1072 3809 1 1 1 1.0
11 88776 1073 2052 1 1 1 1.0
11 98852 1075 2822 1 1 1 1.0
11 106770 1075 3023 1 1 1 1.0
11 72257 1079 2146 1 1 0 1.0
11 140476 1080 3118 1 50 0 1.0
11 84098 1080 2289 1 10 0 1.0
11 61396 1081 1710 1 1 1 1.0
11 67946 1083 1492 1 1 0 1.0
11 92708 1089 2243 1 10 1 1.0
11 91487 1092 1999 1 1 1 1.0
11 90907 1093 2010 1 1 1 1.0
11 65651 1093 1372 1 1 0 1.0
11 108263 1096 2621 1 1 1 1.0
11 164355 1097 4767 1 10 1 1.0
11 155345 1102 3278 1 1 1 1.0
11 111330 1103 3141 1 1 0 1.0
11 71707 1105 2065 1 1 0 1.0
11 120888 1106 3250 1 1 1 1.0
11 79289 1106 2033 1 1 0 1.0
11 84759 1109 1808 1 1 0 1.0
11 169924 1110 4023 1 1 1 1.0
11 75037 1115 1646 1 1 0 1.0
11 118748 1120 3430 1 1 1 1.0
11 160355 1122 3263 1 50 1 1.0
11 160790 1124 3697 1 1 1 1.0
11 140165 1131 3299 1 50 1 1.0
11 66118 1133 1393 1 10 0 1.0
11 138104 1134 2922 1 1 0 1.0
11 115801 1135 2765 1 1 0 1.0
11 127933 1137 3096 1 50 0 1.0
11 172388 1139 4694 1 1 1 1.0
11 137975 1142 2928 1 1 1 1.0
11 84063 1147 2240 1 10 1 1.0
11 84484 1147 2438 1 1 1 1.0
11 178372 1149 4256 1 1 1 1.0
11 165322 1151 4050 1 50 0 1.0
11 135056 1155 3603 1 1 0 1.0
11 65612 1157 1869 1 10 1 1.0
11 170381 1157 4610 1 1 0 1.0
11 114663 1158 2912 1 1 1 1.0
11 91015 1168 2541 1 10 1 1.0
11 105385 1172 2394 1 1 0 1.0
11 109422 1176 2325 1 10 0 1.0
11 112015 1179 2487 1 1 0 1.0
11 149979 1183 3476 1 1 0 1.0
11 80578 1189 1670 1 10 0 1.0
11 72712 1190 1681 1 10 0 1.0
11 177339 1191 3694 1 10 1 1.0
11 130755 1193 3150 1 50 1 1.0
11 147086 1197 3678 1 1 1 1.0
11 147840 1198 4263 1 1 0 1.0
11 124675 1198 2625 1 10 1 1.0
11 122580 1201 3650 1 10 1 1.0
11 83503 1202 2283 1 1 1 1.0
11 60638 1202 1229 1 50 0 1.0
11 120977 1203 2971 1 1 0 1.0
11 129408 1203 2990 1 10 1 1.0
11 160887 1204 3684 1 50 1 1.0
11 146349 1208 3369 1 1 0 1.0
11 61574 1208 1322 1 10 1 1.0
11 133852 1208 3802 1 1 0 1.0
11 158306 1214 4071 1 1 0 1.0
11 99759 1216 2402 1 1 0 1.0
11 172090 1216 4194 1 1 0 1.0
11 80233 1220 2006 1 10 1 1.0
11 138089 1220 3176 1 50 1 1.0
11 91618 1221 2326 1 10 1 1.0
11 87557 1223 2157 1 1 0 1.0
11 153348 1225 4319 1 1 0 1.0
11 69089 1231 1888 1 10 0 1.0
11 130232 1231 2801 1 1 1 1.0
11 128524 1233 2623 1 50 0 1.0
11 77252 1237 1561 1 10 0 1.0
11 83418 1238 1903 1 1 1 1.0
11 120820 1243 3477 1 10 1 1.0
11 144450 1245 3240 1 50 1 1.0
11 84050 1245 1839 1 50 0 1.0
11 155910 1246 3774 1 1 0 1.0
11 73836 1249 1793 1 10 0 1.0
11 80557 1253 1915 1 10 0 1.0
11 131130 1254 3579 1 10 0 1.0
11 72672 1256 1899 1 10 0 1.0
11 93053 1258 2343 1 1 1 1.0
11 115022 1261 3029 1 1 1 1.0
11 81125 1262 2268 1 1 1 1.0
11 139790 1263 3716 1 1 0 1.0
11 174855 1268 4704 1 10 1 1.0
11 166521 1271 4705 1 10 1 1.0
11 167476 1273 3641 1 1 1 1.0
11 173226 1273 3969 1 1 1 1.0
11 178467 1275 5162 1 1 0 1.0
11 78256 1277 2252 1 1 1 1.0
11 170019 1279 3959 1 1 0 1.0
11 141174 1282 3269 1 10 1 1.0
11 117383 1283 2815 1 10 0 1.0
11 170743 1290 3964 1 10 0 1.0
11 155930 1291 3752 1 1 1 1.0
11 148477 1291 4074 1 50 1 1.0
11 104828 1292 2423 1 10 1 1.0
11 75901 1297 1841 1 10 1 1.0
11 143115 1297 3313 1 10 0 1.0
11 110432 1298 2683 1 1 0 1.0
11 119021 1299 2467 1 1 1 1.0
11 171710 1301 4110 1 1 1 1.0
11 152205 1303 3124 1 50 0 1.0
11 100572 1310 2093 1 10 1 1.0
11 66961 1311 1529 1 10 0 1.0
11 112939 1312 2998 1 1 1 1.0
11 94203 1317 2505 1 10 0 1.0
11 89784 1319 2482 1 1 0 1.0
11 135957 1319 3714 1 1 1 1.0
11 72702 1320 2100 1 10 0 1.0
11 175611 1320 4912 1 50 1 1.0
11 138323 1321 3342 1 1 0 1.0
11 109788 1321 2831 1 1 1 1.0
11 153001 1322 3998 1 1 1 1.0
11 119492 1325 3504 1 1 0 1.0
11 67524 1327 1577 1 1 0 1.0
11 148462 1330 3425 1 50 0 1.0
11 159631 1333 3378 1 1 0 1.0
11 151590 1337 3727 1 10 1 1.0
11 160276 1338 4305 1 1 0 1.0
11 81488 1339 2227 1 1 1 1.0
11 60028 1341 1488 1 1 0 1.0
11 66603 1342 1568 1 10 1 1.0
11 65142 1342 1436 1 1 1 1.0
11 137694 1344 3825 1 50 1 1.0
11 84971 1344 2034 1 50 1 1.0
11 174148 1346 3670 1 1 1 1.0
11 179320 1347 4740 1 1 0 1.0
11 78774 1347 1844 1 1 0 1.0
11 160325 1349 4050 1 10 1 1.0
11 80115 1352 2210 1 1 0 1.0
11 179943 1355 3617 1 10 0 1.0
11 134685 1356 3194 1 10 0 1.0
11 141513 1358 3898 1 10 0 1.0
11 104293 1360 3126 1 10 1 1.0
11 124427 1362 2916 1 1 0 1.0
11 132065 1363 3157 1 10 0 1.0
11 106100 1364 2631 1 1 0 1.0
11 129722 1367 3043 1 1 1 1.0
11 98042 1368 2153 1 10 0 1.0
11 99452 1370 2770 1 1 1 1.0
11 161491 1370 4338 1 10 1 1.0
11 171997 1370 3916 1 10 1 1.0
11 169799 1371 3919 1 10 0 1.0
11 91069 1376 2306 1 10 1 1.0
11 164133 1383 4734 1 1 0 1.0
11 72548 1384 2170 1 1 1 1.0
11 82019 1384 2322 1 10 0 1.0
11 61656 1385 1329 1 1 0 1.0
11 153850 1393 3478 1 1 0 1.0
11 110001 1393 2480 1 10 1 1.0
11 96111 1395 2313 1 1 1 1.0
11 94047 1396 2582 1 50 0 1.0
11 76078 1396 1965 1 1 1 1.0
11 137729 1398 3940 1 50 1 1.0
11 125157 1401 2779 1 10 0 1.0
11 93137 1401 2154 1 1 1 1.0
11 170684 1401 3971 1 1 1 1.0
11 133619 1409 3609 1 1 0 1.0
11 87103 1409 1983 1 1 1 1.0
11 136469 1414 3605 1 10 1 1.0
11 102357 1415 2477 1 10 1 1.0
11 62167 1419 1424 1 10 1 1.0
11 86529 1420 2530 1 10 0 1.0
11 158410 1420 3693 1 1 1 1.0
11 143834 1422 3947 1 50 0 1.0
11 102202 1422 2273 1 1 1 1.0
11 104260 1430 2106 1 1 1 1.0
11 168087 1431 5011 1 1 1 1.0
11 87119 1431 1908 1 1 0 1.0
11 145532 1438 3942 1 1 0 1.0
11 139842 1441 3593 1 1 1 1.0
11 114445 1441 2864 1 10 1 1.0
11 160595 1444 3278 1 10 1 1.0
11 80048 1450 1865 1 1 0 1.0
11 129048 1450 3046 1 1 1 1.0
11 62408 1451 1491 1 1 0 1.0
11 82314 1451 2098 1 50 1 1.0
11 151932 1462 4022 1 1 1 1.0
11 77699 1463 1748 1 1 1 1.0
11 152564 1464 4106 1 50 0 1.0
11 81892 1465 2388 1 1 0 1.0
11 92493 1470 2143 1 10 0 1.0
11 70784 1472 1948 1 50 0 1.0
11 60967 1476 1463 1 10 1 1.0
11 127350 1478 3285 1 10 1 1.0
11 107464 1478 2581 1 1 0 1.0
11 125809 1481 3419 1 1 0 1.0
11 100324 1483 2219 1 50 0 1.0
11 173295 1493 4079 1 1 0 1.0
11 113458 1494 2984 1 1 1 1.0
11 70787 1500 1552 1 1 0 1.0
11 101552 1503 2311 1 1 0 1.0
11 74959 1505 2182 1 10 1 1.0
11 145991 1507 4115 1 10 1 1.0
11 78100 1515 1920 1 1 0 1.0
11 64167 1516 1830 1 1 1 1.0
11 177113 1517 4346 1 10 1 1.0
11 106462 1520 2656 1 10 0 1.0
11 117817 1523 2716 1 1 0 1.0
11 176895 1528 3956 1 1 0 1.0
11 68558 1531 1550 1 50 1 1.0
11 111774 1532 3262 1 1 0 1.0
11 66961 1532 1713 1 1 1 1.0
11 80102 1533 1666 1 10 0 1.0
11 97590 1537 2215 1 1 1 1.0
11 130827 1538 3432 1 1 0 1.0
11 158265 1539 3341 1 1 1 1.0
11 95787 1542 2640 1 10 0 1.0
11 171956 1542 4713 1 10 1 1.0
11 170913 1542 4864 1 1 0 1.0
11 61194 1542 1795 1 1 0 1.0
11 82791 1544 2071 1 10 0 1.0
11 61328 1548 1238 1 1 1 1.0
11 74252 1552 1681 1 1 0 1.0
11 81551 1553 2408 1 1 1 1.0
11 136594 1557 3391 1 10 0 1.0
11 81451 1564 1955 1 1 1 1.0
11 173995 1565 4993 1 1 0 1.0
11 158651 1566 3599 1 1 0 1.0
11 143097 1567 4202 1 1 0 1.0
11 129837 1567 3793 1 1 1 1.0
11 79952 1572 1769 1 1 0 1.0
11 158268 1574 4610 1 10 1 1.0
11 172260 1574 5033 1 10 1 1.0
11 95398 1584 2280 1 10 1 1.0
11 73203 1587 2005 1 50 0 1.0
11 174583 1589 3858 1 1 1 1.0
11 65283 1595 1612 1 1 1 1.0
11 62383 1595 1643 1 10 0 1.0
11 139627 1597 4180 1 10 1 1.0
11 105365 1598 3076 1 1 0 1.0
11 88868 1601 2174 1 10 0 1.0
11 157508 1602 3685 1 1 1 1.0
11 153654 1605 3077 1 1 0 1.0
11 127408 1607 2947 1 1 1 1.0
11 144555 1610 3240 1 1 0 1.0
11 127017 1610 3758 1 1 1 1.0
11 120123 1622 3049 1 1 1 1.0
11 77807 1623 1835 1 10 0 1.0
11 64954 1632 1541 1 10 0 1.0
11 67007 1639 1382 1 1 1 1.0
11 92408 1639 2449 1 1 0 1.0
11 124776 1640 2759 1 1 0 1.0
11 156165 1640 4236 1 1 0 1.0
11 141003 1643 2917 1 10 1 1.0
11 125250 1643 2760 1 50 1 1.0
11 143385 1644 3081 1 1 1 1.0
11 105027 1644 2773 1 1 0 1.0
11 177706 1647 5158 1 50 0 1.0
11 127722 1647 3806 1 1 1 1.0
11 165323 1648 4705 1 1 0 1.0
11 159709 1653 4582 1 1 1 1.0
11 141311 1654 4184 1 1 1 1.0
11 165801 1655 4624 1 1 1 1.0
11 76624 1658 2284 1 1 1 1.0
11 120722 1663 2565 1 1 1 1.0
11 60229 1669 1358 1 10 0 1.0
11 179765 1669 4675 1 10 0 1.0
11 147797 1670 3076 1 1 0 1.0
11 124337 1673 3094 1 10 1 1.0
11 119858 1674 3106 1 10 1 1.0
11 86426 1677 1891 1 1 0 1.0
11 173557 1679 4779 1 10 0 1.0
11 140764 1682 3317 1 1 1 1.0
11 167139 1684 4297 1 1 1 1.0
11 77858 1690 1625 1 1 0 1.0
11 122131 1690 2456 1 1 0 1.0
11 68339 1690 1908 1 10 1 1.0
11 108686 1693 2179 1 1 0 1.0
11 112890 1698 2903 1 1 1 1.0
11 61474 1698 1753 1 1 1 1.0
11 119514 1701 2895 1 10 1 1.0
11 115055 1705 2406 1 1 1 1.0
11 158774 1708 4424 1 1 1 1.0
11 158201 1710 4141 1 10 1 1.0
11 151351 1710 4456 1 1 1 1.0
11 105464 1712 2497 1 1 1 1.0
11 128177 1714 2646 1 10 0 1.0
11 67404 1715 1984 1 1 0 1.0
11 88266 1717 2084 1 1 0 1.0
11 83998 1718 1925 1 1 1 1.0
11 129473 1721 2821 1 1 1 1.0
11 144095 1722 3076 1 1 1 1.0
11 119006 1725 3213 1 10 1 1.0
11 89091 1730 2228 1 1 0 1.0
11 95076 1731 2033 1 1 0 1.0
11 168779 1732 4443 1 1 1 1.0
11 65233 1733 1622 1 10 0 1.0
11 94289 1735 2366 1 1 1 1.0
11 127674 1737 3349 1 1 0 1.0
11 124310 1737 2778 1 1 0 1.0
11 77269 1738 2088 1 1 1 1.0
11 141037 1740 4128 1 10 0 1.0
11 89454 1741 1948 1 10 1 1.0
11 128726 1741 3342 1 10 0 1.0
11 119598 1745 2577 1 1 0 1.0
11 74541 1748 2209 1 10 0 1.0
11 65366 1757 1562 1 1 1 1.0
11 164952 1761 4473 1 10 1 1.0
11 72788 1765 1465 1 1 0 1.0
11 95429 1767 2399 1 1 1 1.0
11 126658 1767 3422 1 1 1 1.0
11 138634 1771 3590 1 10 0 1.0
11 114479 1773 3364 1 10 0 1.0
11 118606 1778 2762 1 1 1 1.0
11 91714 1778 2554 1 1 0 1.0
11 153715 1779 4134 1 1 0 1.0
11 90673 1781 2110 1 1 1 1.0
11 166901 1784 4499 1 1 0 1.0
11 169999 1792 4400 1 10 0 1.0
11 131364 1792 3374 1 10 1 1.0
11 141840 1794 3194 1 10 1 1.0
11 171157 1795 4838 1 1 1 1.0
11 159243 1801 3363 1 1 1 1.0
11 122996 1803 3131 1 1 0 1.0
11 122908 1804 2792 1 1 0 1.0
11 142493 1804 3323 1 10 0 1.0
11 119773 1810 3126 1 1 0 1.0
11 83523 1812 2418 1 1 1 1.0
11 74185 1813 1834 1 50 1 1.0
11 90365 1816 2590 1 1 0 1.0
11 99982 1821 2686 1 1 1 1.0
11 87617 1831 2350 1 50 0 1.0
11 152379 1831 4214 1 1 0 1.0
11 155855 1832 3939 1 1 0 1.0
11 121932 1834 2611 1 1 1 1.0
11 82871 1837 2401 1 1 0 1.0
11 74793 1838 1937 1 50 0 1.0
11 64165 1841 1308 1 10 1 1.0
11 163236 1843 3421 1 50 0 1.0
11 84856 1844 1772 1 50 1 1.0
11 64663 1847 1889 1 10 1 1.0
11 167361 1855 4648 1 1 0 1.0
11 85995 1856 2209 1 1 1 1.0
11 98383 1857 2659 1 10 1 1.0
11 148177 1860 3114 1 1 1 1.0
11 133797 1860 3758 1 1 0 1.0
11 118502 1862 2723 1 10 1 1.0
11 107147 1863 2486 1 1 0 1.0
11 177370 1864 5236 1 10 0 1.0
11 117809 1867 2897 1 1 0 1.0
11 164861 1871 3772 1 1 1 1.0
11 126405 1873 3089 1 1 1 1.0
11 90024 1874 2308 1 1 0 1.0
11 62035 1874 1242 1 1 0 1.0
11 69388 1877 1729 1 1 1 1.0
11 88541 1892 1977 1 10 1 1.0
11 78515 1896 1846 1 10 0 1.0
11 96910 1901 2468 1 1 0 1.0
11 117406 1905 2528 1 1 0 1.0
11 177624 1905 4165 1 10 0 1.0
11 168019 1909 4511 1 50 1 1.0
11 157012 1924 3410 1 1 1 1.0
11 153537 1928 4102 1 1 0 1.0
11 146233 1929 3225 1 10 0 1.0
11 150701 1932 3475 1 1 0 1.0
11 125270 1934 2888 1 50 1 1.0
11 178480 1934 4979 1 50 0 1.0
11 169405 1935 3623 1 1 1 1.0
11 64851 1937 1544 1 10 0 1.0
11 178969 1943 4532 1 1 0 1.0
11 161470 1944 3524 1 1 0 1.0
11 157974 1945 3607 1 1 1 1.0
11 167173 1945 4167 1 1 0 1.0
11 167597 1951 3710 1 10 0 1.0
11 88179 1953 2166 1 1 0 1.0
11 179106 1959 5314 1 1 0 1.0
11 126690 1963 2870 1 10 0 1.0
11 147204 1963 3722 1 10 0 1.0
11 103771 1964 2981 1 10 0 1.0
11 149116 1964 3157 1 1 0 1.0
11 112904 1969 3373 1 1 0 1.0
11 129150 1970 3684 1 10 0 1.0
11 68991 1971 1566 1 1 1 1.0
11 61431 1973 1437 1 10 1 1.0
11 169623 1975 3541 1 10 1 1.0
11 60163 1979 1384 1 1 1 1.0
11 146507 1982 3026 1 10 0 1.0
11 110283 1983 3018 1 1 1 1.0
11 64534 1984 1560 1 1 0 1.0
11 72679 1984 2109 1 50 0 1.0
11 87257 1985 2599 1 1 1 1.0
11 110473 1986 2993 1 10 0 1.0
11 75351 1986 1622 1 1 0 1.0
11 150436 1988 3567 1 1 0 1.0
11 87962 1990 2356 1 1 1 1.0
11 82712 1995 2279 1 50 0 1.0
11 125441 2004 3505 1 1 1 1.0
11 110744 2007 3271 1 1 1 1.0
11 77247 2007 1735 1 1 1 1.0
11 95131 2012 2356 1 50 1 1.0
11 61378 2012 1655 1 1 0 1.0
11 140024 2014 2937 1 50 0 1.0
11 138017 2014 3460 1 1 0 1.0
11 87464 2017 2210 1 10 1 1.0
11 105643 2018 3002 1 50 0 1.0
11 81189 2019 1931 1 10 1 1.0
11 127210 2021 3423 1 1 0 1.0
11 160472 2026 3351 1 10 1 1.0
11 79331 2027 1963 1 1 0 1.0
11 165913 2030 4932 1 1 0 1.0
11 146415 2034 3316 1 10 1 1.0
11 80994 2036 1850 1 1 1 1.0
11 72891 2037 2183 1 1 0 1.0
11 151397 2046 3494 1 1 0 1.0
11 156331 2046 3439 1 1 1 1.0
11 130131 2047 3269 1 1 0 1.0
11 141298 2055 2893 1 10 0 1.0
11 171559 2057 5089 1 1 0 1.0
11 73738 2058 2027 1 10 0 1.0
11 82503 2059 2040 1 10 1 1.0
11 176248 2067 5061 1 1 0 1.0
11 157968 2067 4457 1 1 0 1.0
11 158739 2069 3534 1 1 0 1.0
11 112863 2069 2789 1 10 0 1.0
11 72552 2070 1961 1 1 1 1.0
11 105466 2070 3103 1 1 1 1.0
11 126813 2072 3611 1 10 1 1.0
11 165179 2074 3921 1 1 1 1.0
11 70629 2075 2069 1 1 0 1.0
11 133759 2078 3499 1 1 1 1.0
11 62503 2082 1627 1 1 0 1.0
11 87758 2082 2582 1 1 0 1.0
11 99584 2083 2629 1 1 0 1.0
11 61396 2084 1536 1 10 1 1.0
11 147634 2084 3023 1 1 1 1.0
11 136790 2086 3617 1 10 0 1.0
11 168593 2087 4379 1 10 0 1.0
11 63496 2087 1811 1 1 0 1.0
11 173156 2088 4987 1 1 0 1.0
11 135940 2089 3454 1 1 0 1.0
11 103146 2091 2173 1 1 1 1.0
11 87095 2092 2270 1 1 0 1.0
11 118806 2093 2644 1 1 1 1.0
11 157303 2095 3159 1 10 0 1.0
11 91169 2100 2508 1 1 1 1.0
11 104580 2104 2349 1 10 0 1.0
11 175293 2104 4114 1 10 0 1.0
11 139599 2109 2943 1 10 0 1.0
11 117853 2115 2502 1 50 0 1.0
11 118806 2117 3167 1 1 0 1.0
11 120817 2117 2578 1 10 0 1.0
11 88038 2118 1878 1 50 0 1.0
11 88895 2119 2539 1 1 1 1.0
11 106518 2123 3158 1 1 0 1.0
11 162093 2128 3335 1 1 0 1.0
11 109958 2128 2477 1 1 0 1.0
11 141971 2130 3235 1 50 1 1.0
11 151925 2131 4104 1 50 0 1.0
11 162055 2140 3326 1 1 1 1.0
11 68188 2141 1676 1 1 0 1.0
11 136923 2146 3210 1 10 1 1.0
11 106826 2151 2899 1 10 1 1.0
11 114983 2157 2635 1 1 1 1.0
11 74115 2158 1504 1 50 1 1.0
11 175833 2164 4602 1 10 1 1.0
11 149938 2164 3099 1 1 0 1.0
11 148144 2165 3617 1 1 1 1.0
11 104607 2173 2519 1 10 1 1.0
11 101829 2177 2482 1 1 0 1.0
11 132091 2178 3476 1 1 0 1.0
11 170011 2178 3862 1 1 1 1.0
11 135122 2179 3066 1 1 0 1.0
11 152933 2179 3507 1 1 0 1.0
11 93796 2180 2386 1 1 1 1.0
11 120104 2188 3406 1 1 1 1.0
11 82483 2195 1723 1 1 1 1.0
11 141411 2203 3387 1 10 1 1.0
11 145506 2214 2999 1 1 1 1.0
11 89461 2216 1985 1 10 0 1.0
11 116700 2220 3266 1 1 1 1.0
11 79518 2220 1663 1 1 1 1.0
11 118942 2221 2895 1 10 0 1.0
11 137374 2224 3567 1 10 0 1.0
11 166121 2227 3503 1 50 1 1.0
11 102452 2232 2354 1 1 0 1.0
11 163346 2237 3894 1 1 1 1.0
11 89184 2238 2041 1 10 1 1.0
11 75883 2248 1900 1 1 1 1.0
11 173019 2249 4702 1 1 0 1.0
11 64378 2251 1573 1 1 0 1.0
11 127348 2253 2817 1 10 1 1.0
11 76181 2255 1929 1 10 1 1.0
11 123313 2255 3138 1 1 1 1.0
11 69274 2256 1490 1 1 1 1.0
11 138200 2259 3409 1 10 1 1.0
11 93976 2259 2247 1 1 1 1.0
11 135454 2261 2747 1 1 0 1.0
11 66866 2265 1821 1 10 0 1.0
11 115415 2266 3376 1 1 0 1.0
11 93890 2267 2243 1 10 0 1.0
11 71454 2267 1563 1 10 1 1.0
11 125695 2273 3439 1 1 0 1.0
11 85472 2274 1754 1 10 0 1.0
11 118445 2275 3156 1 1 0 1.0
11 121270 2276 3405 1 1 0 1.0
11 93183 2277 2631 1 1 0 1.0
11 84412 2280 2530 1 1 0 1.0
11 66428 2281 1388 1 1 1 1.0
11 80999 2282 1627 1 1 1 1.0
11 71103 2282 1528 1 10 0 1.0
11 95210 2282 2513 1 1 0 1.0
11 85770 2285 2192 1 1 0 1.0
11 149265 2290 3733 1 1 0 1.0
11 68356 2294 1415 1 10 1 1.0
11 150620 2295 3966 1 1 0 1.0
11 81634 2298 1808 1 1 1 1.0
11 144843 2299 3359 1 10 1 1.0
11 118599 2300 3249 1 1 1 1.0
11 78520 2301 2090 1 1 0 1.0
11 69332 2303 2013 1 1 0 1.0
11 121719 2303 3158 1 1 0 1.0
11 177178 2306 4909 1 1 0 1.0
11 89635 2309 2119 1 1 1 1.0
11 76354 2315 1616 1 1 0 1.0
11 145223 2315 3212 1 10 0 1.0
11 73250 2318 2173 1 10 1 1.0
11 131482 2318 2719 1 1 0 1.0
11 93667 2321 1973 1 50 1 1.0
11 62902 2323 1701 1 50 1 1.0
11 132224 2323 3321 1 10 1 1.0
11 169042 2325 4307 1 1 1 1.0
11 139612 2326 4159 1 1 0 1.0
11 179166 2327 5228 1 10 0 1.0
11 169356 2327 4689 1 1 0 1.0
11 94852 2336 2162 1 50 0 1.0
11 103825 2337 3085 1 1 1 1.0
11 76739 2343 1665 1 10 0 1.0
11 114730 2343 2848 1 10 1 1.0
11 128274 2343 3760 1 10 0 1.0
11 77469 2344 1928 1 10 1 1.0
11 125673 2346 3245 1 1 0 1.0
11 160520 2350 3403 1 10 0 1.0
11 93298 2354 2792 1 1 1 1.0
11 71495 2356 2010 1 10 0 1.0
11 148461 2357 3252 1 50 0 1.0
11 87259 2360 2408 1 10 1 1.0
11 69819 2362 1555 1 1 1 1.0
11 174619 2363 4156 1 10 0 1.0
11 173162 2370 3613 1 1 1 1.0
11 152031 2371 3319 1 50 1 1.0
11 162859 2373 3718 1 1 1 1.0
11 109964 2375 2803 1 1 0 1.0
11 96920 2376 2875 1 10 0 1.0
11 112221 2377 2422 1 1 1 1.0
11 143190 2379 3201 1 1 1 1.0
11 179555 2380 5348 1 10 0 1.0
11 139093 2382 3425 1 10 0 1.0
11 123155 2386 2513 1 50 0 1.0
11 159738 2390 4246 1 1 1 1.0
11 74378 2394 1664 1 1 1 1.0
11 74890 2396 1923 1 1 1 1.0
11 130556 2399 2709 1 50 1 1.0
11 94230 2406 1908 1 1 1 1.0
11 136325 2416 3074 1 1 0 1.0
11 149805 2418 3279 1 10 0 1.0
11 99103 2420 2619 1 1 1 1.0
11 94101 2422 1993 1 1 1 1.0
11 143593 2425 3785 1 1 0 1.0
11 69948 2427 1515 1 10 1 1.0
11 75831 2428 1953 1 50 1 1.0
11 116187 2431 2559 1 10 0 1.0
11 151501 2435 3964 1 1 1 1.0
11 153502 2438 4110 1 1 0 1.0
11 170425 2439 4874 1 1 0 1.0
11 67305 2440 1738 1 1 0 1.0
11 179574 2441 5216 1 10 0 1.0
11 65785 2442 1329 1 1 1 1.0
11 84118 2443 2303 1 10 1 1.0
11 150108 2443 3406 1 1 1 1.0
11 75842 2443 1758 1 50 0 1.0
11 179935 2444 4144 1 1 1 1.0
11 66921 2449 1503 1 1 1 1.0
11 151908 2450 4454 1 1 0 1.0
11 173787 2452 4396 1 10 1 1.0
11 119500 2454 2751 1 1 1 1.0
11 150814 2459 4175 1 10 1 1.0
11 106732 2462 3124 1 10 1 1.0
11 67941 2466 1460 1 1 0 1.0
11 107377 2467 2820 1 50 0 1.0
11 99252 2470 2064 1 1 1 1.0
11 81074 2472 1703 1 1 1 1.0
11 113487 2472 2423 1 1 0 1.0
11 103018 2472 2210 1 10 1 1.0
11 93497 2474 2235 1 1 0 1.0
11 157362 2476 3527 1 1 0 1.0
11 113472 2478 2610 1 1 0 1.0
11 177881 2481 5002 1 1 0 1.0
11 110040 2482 2489 1 10 1 1.0
11 69475 2495 1937 1 10 0 1.0
11 167172 2500 3733 1 1 1 1.0
11 118679 2502 3321 1 1 1 1.0
11 132852 2503 3522 1 50 0 1.0
11 138499 2504 3408 1 10 0 1.0
11 167919 2505 4466 1 1 0 1.0
11 150228 2508 3138 1 1 0 1.0
11 110166 2511 2308 1 50 1 1.0
11 75322 2519 2156 1 1 0 1.0
11 113684 2521 2675 1 50 1 1.0
11 177324 2523 5143 1 10 1 1.0
11 88113 2531 2163 1 1 0 1.0
11 87063 2532 2098 1 10 1 1.0
11 92729 2537 1926 1 10 0 1.0
11 100635 2543 2823 1 1 0 1.0
11 132752 2547 3322 1 1 1 1.0
11 133797 2547 3165 1 1 0 1.0
11 152328 2555 3748 1 10 0 1.0
11 97933 2555 2551 1 10 1 1.0
11 126657 2557 3084 1 1 1 1.0
11 161200 2558 4573 1 1 1 1.0
11 154218 2560 4569 1 10 1 1.0
11 80570 2565 2170 1 10 1 1.0
11 83490 2566 1713 1 50 1 1.0
11 136718 2567 3596 1 1 0 1.0
11 60545 2570 1473 1 1 1 1.0
11 83518 2576 1743 1 1 0 1.0
11 63469 2577 1698 1 1 0 1.0
11 86765 2579 2375 1 50 0 1.0
11 135872 2581 3977 1 10 1 1.0
11 132975 2585 3562 1 10 1 1.0
11 117061 2586 3508 1 1 1 1.0
11 121460 2587 3034 1 1 1 1.0
11 89620 2587 2125 1 1 1 1.0
11 169325 2587 4793 1 1 1 1.0
11 170096 2589 4655 1 1 0 1.0
11 170518 2591 3965 1 1 1 1.0
11 138570 2595 4026 1 10 1 1.0
11 178508 2599 5189 1 10 0 1.0
11 128206 2599 3798 1 1 0 1.0
11 179452 2602 4812 1 10 0 1.0
11 134488 2608 3535 1 10 1 1.0
11 178926 2610 4791 1 1 0 1.0
11 154619 2617 4267 1 50 1 1.0
11 115478 2617 2822 1 10 1 1.0
11 163753 2621 4462 1 10 0 1.0
11 169043 2621 4362 1 1 0 1.0
11 143112 2624 3771 1 1 0 1.0
11 113676 2626 2631 1 10 1 1.0
11 103135 2626 2762 1 1 0 1.0
11 92797 2633 1904 1 50 0 1.0
11 137445 2633 2834 1 1 1 1.0
11 169441 2633 4857 1 1 0 1.0
11 146321 2635 3901 1 1 1 1.0
11 107881 2638 3198 1 10 1 1.0
11 116036 2639 2896 1 1 1 1.0
11 67153 2639 1924 1 1 1 1.0
11 121587 2641 2944 1 1 1 1.0
11 133977 2642 3124 1 50 0 1.0
11 84710 2647 1795 1 50 1 1.0
11 137110 2648 2874 1 10 1 1.0
11 84211 2652 2348 1 1 0 1.0
11 99197 2653 2949 1 10 1 1.0
11 108855 2653 2188 1 10 1 1.0
11 165554 2657 3968 1 50 0 1.0
11 170637 2657 4788 1 50 0 1.0
11 176650 2658 4814 1 1 1 1.0
11 62545 2660 1864 1 1 1 1.0
11 104903 2661 2922 1 1 1 1.0
11 94119 2662 2211 1 1 1 1.0
11 131209 2663 3634 1 10 1 1.0
11 78878 2665 1616 1 10 0 1.0
11 121503 2669 2865 1 1 0 1.0
11 163465 2671 4850 1 1 1 1.0
11 88136 2671 2544 1 10 0 1.0
11 170807 2679 4275 1 10 1 1.0
11 145638 2683 4250 1 1 1 1.0
11 69243 2685 1963 1 10 0 1.0
11 158333 2687 4425 1 1 0 1.0
11 177015 2687 4174 1 1 1 1.0
11 154056 2688 3749 1 1 0 1.0
11 160309 2688 3817 1 1 1 1.0
11 149040 2689 3295 1 1 0 1.0
11 137935 2691 3434 1 50 1 1.0
11 95423 2692 2213 1 10 0 1.0
11 144384 2692 3661 1 50 0 1.0
11 73171 2694 1558 1 1 1 1.0
11 155712 2697 4089 1 1 0 1.0
11 80707 2698 1801 1 10 1 1.0
11 168622 2704 3750 1 50 0 1.0
11 105248 2704 2808 1 1 1 1.0
11 79658 2706 1637 1 50 0 1.0
11 63381 2708 1431 1 50 1 1.0
11 171945 2709 3949 1 10 1 1.0
11 171592 2712 3594 1 1 0 1.0
11 105243 2718 2691 1 1 1 1.0
11 174717 2721 5004 1 1 0 1.0
11 119028 2721 3528 1 1 0 1.0
11 104006 2723 2430 1 1 0 1.0
11 141003 2727 2869 1 1 0 1.0
11 152386 2729 3355 1 10 0 1.0
11 78911 2731 2195 1 1 1 1.0
11 171532 2734 4285 1 1 1 1.0
11 62605 2736 1483 1 1 0 1.0
11 149622 2737 3666 1 1 0 1.0
11 64778 2741 1475 1 50 1 1.0
11 167364 2742 4433 1 10 1 1.0
11 90898 2742 2120 1 10 1 1.0
11 118086 2754 3460 1 10 1 1.0
11 150547 2755 4372 1 1 1 1.0
11 79704 2761 1789 1 10 0 1.0
11 120171 2762 2819 1 10 0 1.0
11 61998 2769 1854 1 10 0 1.0
11 155674 2773 4067 1 1 1 1.0
11 148434 2773 3567 1 50 1 1.0
11 161864 2775 3754 1 1 0 1.0
11 90372 2775 1861 1 1 0 1.0
11 114382 2776 2860 1 10 1 1.0
11 168599 2777 4846 1 10 0 1.0
11 157197 2778 3439 1 1 1 1.0
11 82810 2778 1978 1 1 1 1.0
11 112708 2779 2537 1 10 0 1.0
11 174794 2779 4689 1 1 0 1.0
11 148113 2780 3917 1 1 1 1.0
11 132419 2782 3358 1 10 0 1.0
11 87677 2787 1761 1 1 0 1.0
11 103505 2790 2090 1 1 1 1.0
11 81603 2792 1772 1 10 1 1.0
11 64206 2793 1783 1 1 0 1.0
11 173353 2794 4797 1 1 1 1.0
11 148669 2795 3417 1 1 0 1.0
11 172388 2796 4036 1 1 1 1.0
11 157859 2798 3573 1 10 0 1.0
11 81194 2802 2048 1 1 1 1.0
11 78956 2807 1964 1 1 1 1.0
11 93528 2807 2007 1 1 1 1.0
11 122260 2809 3281 1 1 0 1.0
11 69799 2809 1841 1 10 1 1.0
11 159873 2814 4195 1 1 1 1.0
11 132058 2815 3126 1 10 1 1.0
11 138328 2819 3089 1 1 0 1.0
11 82890 2820 2040 1 10 0 1.0
11 90903 2821 2300 1 50 0 1.0
11 84726 2823 2221 1 10 1 1.0
11 136537 2827 2775 1 1 1 1.0
11 105627 2834 2273 1 10 1 1.0
11 165640 2834 4939 1 1 1 1.0
11 71794 2835 2057 1 1 0 1.0
11 76603 2838 1785 1 10 0 1.0
11 167323 2840 4661 1 10 1 1.0
11 87144 2844 2351 1 1 0 1.0
11 87117 2848 2522 1 10 1 1.0
11 125893 2852 2998 1 1 0 1.0
11 123003 2853 2811 1 10 0 1.0
11 176465 2856 5223 1 50 1 1.0
11 162444 2862 3683 1 1 0 1.0
11 137092 2864 3445 1 1 0 1.0
11 97560 2865 2597 1 1 0 1.0
11 141214 2865 3099 1 50 0 1.0
11 61973 2871 1684 1 50 0 1.0
11 152060 2872 3500 1 10 1 1.0
11 98831 2873 2356 1 1 1 1.0
11 119281 2874 2992 1 10 1 1.0
11 162350 2874 3693 1 1 0 1.0
11 109173 2879 2466 1 1 0 1.0
11 177623 2892 5003 1 10 1 1.0
11 148114 2893 4144 1 10 0 1.0
11 163156 2894 4387 1 1 1 1.0
11 65861 2894 1836 1 1 0 1.0
11 128023 2897 2604 1 1 1 1.0
11 176433 2897 3592 1 1 1 1.0
11 119629 2897 2537 1 10 0 1.0
11 106747 2898 2463 1 1 1 1.0
11 98569 2899 2893 1 1 0 1.0
11 64486 2900 1422 1 1 0 1.0
11 83864 2901 1852 1 1 1 1.0
11 82258 2901 2367 1 1 0 1.0
11 80813 2902 2284 1 10 0 1.0
11 72439 2902 1793 1 10 0 1.0
11 168478 2903 4167 1 1 1 1.0
11 100055 2903 2751 1 50 1 1.0
11 160758 2903 4545 1 10 0 1.0
11 142506 2904 3216 1 1 0 1.0
11 141210 2906 4056 1 10 0 1.0
11 89748 2907 2471 1 1 0 1.0
11 96695 2914 2242 1 1 1 1.0
11 94507 2918 2126 1 1 1 1.0
11 106440 2924 2527 1 1 0 1.0
11 142077 2925 3847 1 1 1 1.0
11 148297 2926 4241 1 1 1 1.0
11 139702 2929 3341 1 10 0 1.0
11 61762 2929 1550 1 10 1 1.0
11 175656 2935 4304 1 1 0 1.0
11 96824 2935 2050 1 10 0 1.0
11 62755 2935 1423 1 1 0 1.0
11 146308 2939 3643 1 10 0 1.0
11 86365 2940 2540 1 1 0 1.0
11 87558 2947 2508 1 1 1 1.0
11 69088 2955 1732 1 1 0 1.0
11 173953 2957 3711 1 1 1 1.0
11 128774 2958 3630 1 10 1 1.0
11 162193 2958 3325 1 10 1 1.0
11 141207 2959 2857 1 50 0 1.0
11 85974 2960 2554 1 1 0 1.0
11 102423 2964 2150 1 1 0 1.0
11 94844 2965 2351 1 1 0 1.0
11 138940 2971 3072 1 1 0 1.0
11 102426 2977 2160 1 50 0 1.0
11 82546 2981 1764 1 10 0 1.0
11 142516 2987 3182 1 1 1 1.0
11 98093 2989 1964 1 1 0 1.0
11 114659 2990 2971 1 1 1 1.0
11 167709 2991 4717 1 1 0 1.0
11 118340 2991 2433 1 1 0 1.0
11 120010 2993 3497 1 1 1 1.0
11 68444 2995 1422 1 1 1 1.0
11 81027 2996 2386 1 1 0 1.0
11 140820 3001 3984 1 50 0 1.0
11 90410 3001 1956 1 1 1 1.0
11 147494 3003 4375 1 1 1 1.0
11 151034 3007 3713 1 1 1 1.0
11 67709 3008 1894 1 10 1 1.0
11 127057 3013 3189 1 1 0 1.0
11 127280 3018 3172 1 1 0 1.0
11 165784 3018 3424 1 1 1 1.0
11 119776 3019 3368 1 1 0 1.0
11 125074 3019 3535 1 50 1 1.0
11 177885 3021 4576 1 50 1 1.0
11 62202 3028 1452 1 50 0 1.0
11 179459 3035 4952 1 1 1 1.0
11 82682 3040 1942 1 10 0 1.0
11 171492 3040 4079 1 1 1 1.0
11 139495 3044 3717 1 1 1 1.0
11 163526 3053 4460 1 1 1 1.0
11 107616 3053 3081 1 1 0 1.0
11 77657 3056 1687 1 1 1 1.0
11 62099 3060 1271 1 1 0 1.0
11 114196 3065 2557 1 10 1 1.0
11 121897 3066 3146 1 10 1 1.0
11 101064 3067 2994 1 50 0 1.0
11 62852 3067 1596 1 10 1 1.0
11 172081 3069 4548 1 10 1 1.0
11 108072 3071 3140 1 1 0 1.0
11 122912 3073 2523 1 1 1 1.0
11 176532 3075 4866 1 1 1 1.0
11 123193 3076 3122 1 1 1 1.0
11 176380 3076 4726 1 10 1 1.0
11 153097 3077 4192 1 1 0 1.0
11 106170 3079 2496 1 10 1 1.0
11 171804 3079 3560 1 1 1 1.0
11 105220 3082 2975 1 50 1 1.0
11 92695 3089 2589 1 1 1 1.0
11 96762 3095 2115 1 1 1 1.0
11 63951 3095 1547 1 1 0 1.0
11 172349 3096 4784 1 1 1 1.0
11 92573 3097 2689 1 1 0 1.0
11 125297 3102 2636 1 10 1 1.0
11 154504 3104 3690 1 1 0 1.0
11 137569 3105 4120 1 10 0 1.0
11 130222 3106 2906 1 1 1 1.0
11 135704 3109 3274 1 10 0 1.0
11 179871 3111 4202 1 10 0 1.0
11 133066 3112 3443 1 1 1 1.0
11 179505 3116 3649 1 1 1 1.0
11 126124 3118 3476 1 50 1 1.0
11 121351 3121 2501 1 1 1 1.0
11 145102 3123 3239 1 10 0 1.0
11 128177 3124 3437 1 10 0 1.0
11 167714 3124 4112 1 1 0 1.0
11 138604 3128 3905 1 1 0 1.0
11 154812 3129 4519 1 1 0 1.0
11 121163 3132 3298 1 10 0 1.0
11 172267 3134 4943 1 10 0 1.0
11 92234 3140 2225 1 10 1 1.0
11 89971 3140 1986 1 10 0 1.0
11 84318 3142 1896 1 1 1 1.0
11 117140 3144 3503 1 1 1 1.0
11 71711 3146 1794 1 1 0 1.0
11 61325 3148 1668 1 10 0 1.0
11 135238 3149 3797 1 1 0 1.0
11 158841 3151 4452 1 10 0 1.0
11 178835 3153 4789 1 1 0 1.0
11 66824 3155 1816 1 10 0 1.0
11 125761 3156 2521 1 1 1 1.0
11 92237 3157 2311 1 10 1 1.0
11 162439 3159 3769 1 10 1 1.0
11 96224 3159 2871 1 10 1 1.0
11 111452 3162 2950 1 1 1 1.0
11 100162 3164 2840 1 1 0 1.0
11 85215 3166 1835 1 1 1 1.0
11 161905 3171 3707 1 1 0 1.0
11 176795 3174 4268 1 1 1 1.0
11 84420 3175 1840 1 1 1 1.0
11 100562 3180 2787 1 10 0 1.0
11 60290 3180 1612 1 1 0 1.0
11 152943 3182 4370 1 1 0 1.0
11 169894 3183 5078 1 50 1 1.0
11 69676 3184 1419 1 1 1 1.0
11 153111 3189 3406 1 10 1 1.0
11 135836 3189 3051 1 1 0 1.0
11 178635 3198 3681 1 50 0 1.0
11 125655 3200 3604 1 1 1 1.0
11 71931 3201 1673 1 10 1 1.0
11 157637 3202 3568 1 1 1 1.0
11 109548 3202 2565 1 1 1 1.0
11 94516 3210 2645 1 1 0 1.0
11 77384 3214 2258 1 10 0 1.0
11 75950 3217 2130 1 10 1 1.0
11 64400 3221 1438 1 1 1 1.0
11 109542 3229 3195 1 1 1 1.0
11 171210 3232 4434 1 10 1 1.0
11 156970 3234 4659 1 1 0 1.0
11 167599 3236 4578 1 1 0 1.0
11 107929 3239 2983 1 10 0 1.0
11 114098 3244 2905 1 50 0 1.0
11 140109 3247 4173 1 10 0 1.0
11 117052 3251 2495 1 1 1 1.0
11 69867 3255 1976 1 1 0 1.0
11 134159 3261 3194 1 1 0 1.0
11 144208 3262 3073 1 1 0 1.0
11 169309 3267 5077 1 1 1 1.0
11 133090 3267 3698 1 1 0 1.0
11 177669 3274 4923 1 10 0 1.0
11 143701 3278 3811 1 10 0 1.0
11 74735 3278 1552 1 1 1 1.0
11 126524 3279 2849 1 10 0 1.0
11 98373 3281 2763 1 1 1 1.0
11 131311 3283 2941 1 1 0 1.0
11 139746 3283 2950 1 1 1 1.0
11 116791 3284 3335 1 10 0 1.0
11 84440 3284 2068 1 1 0 1.0
11 160841 3284 3716 1 50 0 1.0
11 113383 3289 2843 1 1 1 1.0
11 68343 3289 1699 1 50 1 1.0
11 64181 3290 1673 1 10 1 1.0
11 143418 3293 4243 1 1 1 1.0
11 73357 3297 1693 1 10 0 1.0
11 109297 3298 3007 1 1 0 1.0
11 155170 3298 4067 1 1 1 1.0
11 156544 3300 4465 1 1 1 1.0
11 110614 3300 3016 1 50 1 1.0
11 87246 3304 2507 1 1 0 1.0
11 98200 3313 2454 1 1 1 1.0
11 134869 3315 3023 1 1 1 1.0
11 70793 3320 1432 1 1 0 1.0
11 106482 3322 3121 1 50 1 1.0
11 75553 3330 1956 1 1 0 1.0
11 120253 3332 3100 1 1 1 1.0
11 79324 3336 1896 1 1 0 1.0
11 157468 3339 4296 1 10 0 1.0
11 104213 3340 2550 1 1 0 1.0
11 138107 3341 3598 1 1 1 1.0
11 68769 3341 1809 1 1 1 1.0
11 134529 3342 2918 1 1 1 1.0
11 153579 3343 3444 1 10 0 1.0
11 139749 3344 3548 1 10 0 1.0
11 136156 3346 3239 1 1 0 1.0
11 149638 3350 3205 1 1 0 1.0
11 80352 3351 2065 1 50 1 1.0
11 79771 3354 2210 1 10 1 1.0
11 129222 3358 3125 1 1 1 1.0
11 88025 3361 1950 1 10 0 1.0
11 116913 3364 2458 1 1 0 1.0
11 124376 3369 3557 1 1 1 1.0
11 161713 3370 4077 1 1 0 1.0
11 124128 3372 3024 1 10 1 1.0
11 116025 3373 3018 1 10 0 1.0
11 110373 3374 2411 1 1 0 1.0
11 119633 3374 2417 1 1 0 1.0
11 153973 3375 3647 1 1 1 1.0
11 120966 3387 2443 1 10 1 1.0
11 139361 3397 3657 1 50 1 1.0
11 68722 3400 1907 1 1 0 1.0
11 91245 3402 2381 1 1 0 1.0
11 88388 3403 2096 1 50 0 1.0
11 160062 3408 3258 1 50 0 1.0
11 179371 3419 5170 1 1 0 1.0
11 150622 3432 4481 1 1 0 1.0
11 115854 3437 3236 1 1 0 1.0
11 97811 3437 1992 1 1 1 1.0
11 134894 3443 3862 1 1 0 1.0
11 71997 3450 1814 1 1 0 1.0
11 129930 3451 2658 1 10 0 1.0
11 97707 3455 2840 1 1 0 1.0
11 142870 3456 3591 1 10 0 1.0
11 104037 3456 2852 1 1 0 1.0
11 90422 3457 1940 1 1 0 1.0
11 145191 3457 3661 1 1 0 1.0
11 143322 3458 3887 1 1 0 1.0
11 91057 3466 2186 1 1 1 1.0
11 97272 3467 2731 1 10 0 1.0
11 129879 3470 3869 1 10 0 1.0
11 118926 3474 2928 1 1 1 1.0
11 166439 3475 4318 1 1 0 1.0
11 131742 3475 3705 1 1 0 1.0
11 139957 3477 3657 1 1 1 1.0
11 127027 3477 3295 1 50 0 1.0
11 76351 3479 1639 1 1 1 1.0
11 166919 3483 4560 1 1 0 1.0
11 174545 3483 4427 1 1 1 1.0
11 178494 3488 5202 1 10 0 1.0
11 133263 3491 3186 1 1 0 1.0
11 122726 3492 3103 1 10 0 1.0
11 169183 3492 4284 1 1 1 1.0
11 67481 3493 1413 1 1 1 1.0
11 177048 3493 4795 1 1 0 1.0
11 82215 3494 1833 1 1 1 1.0
11 97911 3496 2003 1 10 1 1.0
11 154054 3497 4404 1 1 0 1.0
11 81459 3497 1788 1 1 1 1.0
11 153637 3502 4187 1 10 0 1.0
11 111077 3506 2838 1 1 0 1.0
11 130492 3506 2781 1 50 1 1.0
11 177797 3508 3772 1 1 0 1.0
11 74408 3515 1689 1 1 0 1.0
11 75045 3520 1788 1 1 1 1.0
11 126445 3521 2860 1 1 1 1.0
11 170365 3524 4297 1 1 1 1.0
11 143703 3524 2888 1 1 1 1.0
11 114408 3526 2564 1 1 0 1.0
11 152871 3527 4103 1 1 1 1.0
11 147939 3528 3695 1 1 0 1.0
11 73922 3529 1807 1 10 0 1.0
11 133287 3529 2876 1 50 0 1.0
11 105842 3529 2421 1 1 1 1.0
11 119121 3535 2670 1 1 1 1.0
11 165043 3535 3509 1 1 1 1.0
11 69460 3536 1402 1 10 0 1.0
11 67614 3543 1525 1 1 1 1.0
11 171136 3545 4578 1 10 0 1.0
11 85612 3553 2264 1 1 1 1.0
11 154556 3555 4452 1 1 1 1.0
11 91593 3555 2087 1 1 1 1.0
11 67698 3556 1491 1 10 0 1.0
11 127169 3558 3807 1 10 0 1.0
11 121301 3562 3534 1 10 0 1.0
11 97030 3563 2477 1 1 1 1.0
11 86871 3564 2519 1 50 0 1.0
11 81116 3566 2317 1 1 1 1.0
11 140523 3567 4133 1 1 1 1.0
11 95307 3578 2286 1 10 1 1.0
11 90598 3582 2488 1 1 1 1.0
11 101998 3584 2205 1 10 0 1.0
11 115535 3586 2876 1 1 0 1.0
11 85987 3588 2242 1 1 1 1.0
11 87957 3595 2262 1 10 1 1.0
