1500
12 153039 0 3098 1 10 1 1.0
12 63015 1 1378 1 10 0 1.0
12 135490 1 3624 1 1 0 1.0
12 156716 1 4209 1 1 1 1.0
12 131618 2 3161 1 1 0 1.0
12 94899 14 2756 1 1 0 1.0
12 172697 15 3681 1 1 0 1.0
12 70864 17 1458 1 10 0 1.0
12 156334 18 3297 1 1 0 1.0
12 81854 19 1825 1 1 0 1.0
12 162395 21 4292 1 1 0 1.0
12 91092 24 2452 1 1 1 1.0
12 174819 30 4244 1 1 1 1.0
12 170095 32 4684 1 10 1 1.0
12 93598 38 2658 1 1 0 1.0
12 122022 39 3266 1 10 1 1.0
12 162464 42 4319 1 10 0 1.0
12 81908 44 1894 1 10 1 1.0
12 158461 47 3493 1 10 0 1.0
12 116186 47 3290 1 1 1 1.0
12 160613 49 3408 1 10 0 1.0
12 85288 52 2353 1 10 1 1.0
12 170606 60 3819 1 1 0 1.0
12 169382 60 5015 1 10 0 1.0
12 163873 67 3372 1 10 0 1.0
12 71074 68 1788 1 10 1 1.0
12 145610 71 3753 1 10 1 1.0
12 101276 73 2838 1 1 1 1.0
12 133121 76 3415 1 1 1 1.0
12 80267 78 2354 1 10 0 1.0
12 135077 79 3351 1 1 0 1.0
12 69653 82 2022 1 10 1 1.0
12 132030 86 3350 1 10 0 1.0
12 87502 86 2409 1 1 0 1.0
12 135017 86 3893 1 1 1 1.0
12 154457 89 4538 1 1 0 1.0
12 82740 89 1747 1 1 0 1.0
12 77414 89 2074 1 1 1 1.0
12 89028 92 1811 1 10 1 1.0
12 139418 92 3236 1 50 0 1.0
12 93488 92 2569 1 1 0 1.0
12 106498 93 2266 1 1 0 1.0
12 82776 94 2441 1 1 0 1.0
12 102898 94 2405 1 1 0 1.0
12 127854 96 3237 1 10 1 1.0
12 176853 99 3539 1 1 1 1.0
12 142217 101 3397 1 1 1 1.0
12 170165 102 4259 1 1 1 1.0
12 173414 102 3808 1 50 0 1.0
12 79479 104 2343 1 1 1 1.0
12 78475 104 2093 1 50 1 1.0
12 116362 105 3193 1 10 0 1.0
12 87081 107 2390 1 1 0 1.0
12 173629 109 3711 1 1 0 1.0
12 78596 109 1861 1 10 1 1.0
12 94434 113 2321 1 10 1 1.0
12 106672 114 2468 1 1 1 1.0
12 90491 116 1860 1 10 1 1.0
12 167969 117 3506 1 10 0 1.0
12 167609 119 4615 1 10 1 1.0
12 67904 119 1750 1 1 1 1.0
12 114570 120 3324 1 1 1 1.0
12 106641 121 2624 1 10 1 1.0
12 72631 122 2018 1 10 0 1.0
12 162945 127 4397 1 10 0 1.0
12 68421 129 1990 1 50 1 1.0
12 174607 133 4732 1 10 1 1.0
12 77570 134 1651 1 10 1 1.0
12 164155 137 3968 1 1 0 1.0
12 147927 138 4381 1 1 1 1.0
12 150485 139 3595 1 1 1 1.0
12 95358 140 2612 1 1 0 1.0
12 148470 143 4389 1 1 0 1.0
12 107534 144 2419 1 1 0 1.0
12 99945 145 2791 1 1 1 1.0
12 83661 148 1690 1 10 0 1.0
12 63890 152 1746 1 10 0 1.0
12 110384 152 2397 1 10 0 1.0
12 158635 153 4575 1 10 0 1.0
12 125457 156 3099 1 1 0 1.0
12 67847 158 1749 1 1 1 1.0
12 119084 160 2490 1 1 0 1.0
12 173905 163 4834 1 1 0 1.0
12 109311 163 2854 1 10 0 1.0
12 139479 163 3551 1 10 0 1.0
12 138697 164 3936 1 1 0 1.0
12 84644 166 1727 1 1 1 1.0
12 134898 168 2744 1 1 0 1.0
12 174760 175 4779 1 1 1 1.0
12 176978 179 4394 1 1 0 1.0
12 71984 181 2074 1 50 1 1.0
12 139391 183 3105 1 10 1 1.0
12 83095 183 1878 1 10 0 1.0
12 107133 184 3109 1 1 1 1.0
12 127909 198 3642 1 1 0 1.0
12 119822 199 3216 1 1 0 1.0
12 131195 200 3095 1 10 0 1.0
12 115145 200 2584 1 1 0 1.0
12 171209 205 4053 1 1 0 1.0
12 129246 218 3794 1 1 0 1.0
12 80675 220 1889 1 1 0 1.0
12 111060 225 3250 1 50 0 1.0
12 64223 226 1529 1 10 0 1.0
12 158466 229 3413 1 1 1 1.0
12 158939 229 4709 1 1 1 1.0
12 112803 229 3331 1 1 1 1.0
12 178123 235 5084 1 1 0 1.0
12 65038 236 1810 1 1 1 1.0
12 95274 241 2428 1 1 1 1.0
12 93882 242 2553 1 10 1 1.0
12 177349 243 4619 1 1 1 1.0
12 124451 244 3715 1 10 1 1.0
12 81168 245 2394 1 1 0 1.0
12 113991 247 2375 1 10 1 1.0
12 142254 247 4072 1 1 0 1.0
12 143923 247 3386 1 1 0 1.0
12 109372 248 2901 1 1 0 1.0
12 94198 252 2350 1 10 1 1.0
12 117695 259 3066 1 50 1 1.0
12 63890 260 1521 1 1 1 1.0
12 94575 263 2374 1 1 0 1.0
12 85205 265 2368 1 1 1 1.0
12 178110 266 5241 1 10 0 1.0
12 121783 270 2899 1 10 1 1.0
12 173307 278 4528 1 50 1 1.0
12 95391 278 2785 1 1 0 1.0
12 173389 279 4313 1 50 0 1.0
12 129540 279 3676 1 50 0 1.0
12 67721 283 1868 1 1 0 1.0
12 97796 287 2329 1 10 1 1.0
12 151108 288 3723 1 1 0 1.0
12 67325 291 1365 1 1 0 1.0
12 67164 291 1537 1 1 1 1.0
12 173382 291 4171 1 1 0 1.0
12 73931 294 2111 1 1 0 1.0
12 81690 295 2148 1 10 1 1.0
12 142280 295 3627 1 1 1 1.0
12 99132 296 2688 1 1 0 1.0
12 84613 296 2476 1 10 1 1.0
12 175652 299 4484 1 1 0 1.0
12 67972 299 1408 1 1 0 1.0
12 117593 302 2402 1 1 1 1.0
12 90466 304 2493 1 1 0 1.0
12 110086 308 2432 1 1 0 1.0
12 178862 310 5285 1 1 0 1.0
12 165230 313 3306 1 1 1 1.0
12 143947 315 3213 1 1 1 1.0
12 161301 319 4523 1 10 1 1.0
12 127097 322 2908 1 1 0 1.0
12 70340 328 1760 1 1 1 1.0
12 95696 329 2162 1 1 1 1.0
12 96512 330 2696 1 1 1 1.0
12 169697 339 4482 1 10 1 1.0
12 79382 342 1909 1 1 0 1.0
12 66196 342 1826 1 1 1 1.0
12 123895 343 2894 1 1 1 1.0
12 169698 344 4595 1 1 1 1.0
12 159605 344 3983 1 10 0 1.0
12 84301 345 1991 1 1 1 1.0
12 73769 345 1984 1 10 1 1.0
12 123429 352 3135 1 1 0 1.0
12 122503 354 3446 1 10 1 1.0
12 89879 356 1991 1 1 1 1.0
12 119921 357 2583 1 10 0 1.0
12 102052 361 2884 1 1 0 1.0
12 140138 368 3684 1 50 0 1.0
12 106612 369 2662 1 1 1 1.0
12 93022 372 2768 1 1 1 1.0
12 62227 374 1411 1 1 0 1.0
12 66835 374 1415 1 50 0 1.0
12 97383 375 2343 1 1 1 1.0
12 118953 375 2803 1 1 1 1.0
12 125947 376 2572 1 10 1 1.0
12 178694 376 5301 1 10 1 1.0
12 111030 379 2524 1 1 0 1.0
12 105623 384 2476 1 1 1 1.0
12 82603 386 1703 1 10 1 1.0
12 76267 388 2173 1 1 0 1.0
12 128547 390 3700 1 10 0 1.0
12 105809 391 2842 1 1 0 1.0
12 116633 392 3174 1 1 1 1.0
12 126019 393 2720 1 10 0 1.0
12 126648 395 3716 1 10 1 1.0
12 117169 406 3121 1 10 0 1.0
12 98295 411 2465 1 10 1 1.0
12 89840 412 1801 1 1 1 1.0
12 89193 414 2608 1 10 0 1.0
12 103515 415 2251 1 1 0 1.0
12 74868 417 2143 1 50 1 1.0
12 156684 419 3970 1 1 0 1.0
12 151849 420 3436 1 10 1 1.0
12 128932 427 3866 1 1 0 1.0
12 158476 429 3968 1 1 0 1.0
12 76399 433 1647 1 1 0 1.0
12 71055 433 1725 1 10 1 1.0
12 91634 437 1853 1 1 1 1.0
12 167302 438 4569 1 1 1 1.0
12 62447 439 1744 1 1 0 1.0
12 179540 439 5089 1 50 0 1.0
12 95406 441 2566 1 1 1 1.0
12 61953 442 1691 1 1 0 1.0
12 65784 444 1764 1 1 0 1.0
12 80262 445 2336 1 1 1 1.0
12 137406 445 3947 1 1 1 1.0
12 82200 446 2172 1 1 0 1.0
12 76092 457 1549 1 1 1 1.0
12 137867 459 3580 1 1 0 1.0
12 135488 461 3423 1 1 1 1.0
12 115221 463 3055 1 10 1 1.0
12 122166 463 2452 1 1 0 1.0
12 158262 464 3185 1 1 0 1.0
12 120822 465 3415 1 1 0 1.0
12 78410 468 1673 1 1 0 1.0
12 67137 472 1592 1 1 1 1.0
12 120204 473 3000 1 50 0 1.0
12 158773 473 3605 1 1 0 1.0
12 119242 475 2772 1 1 1 1.0
12 123886 477 2536 1 1 0 1.0
12 119524 479 3390 1 1 1 1.0
12 86286 481 1831 1 1 1 1.0
12 79506 482 2359 1 50 1 1.0
12 146238 485 3777 1 1 0 1.0
12 124776 490 3122 1 1 1 1.0
12 139553 493 3808 1 1 1 1.0
12 101858 494 2153 1 10 1 1.0
12 81603 495 2073 1 1 0 1.0
12 166541 497 4691 1 50 1 1.0
12 113299 499 2492 1 50 1 1.0
12 169151 499 4298 1 1 1 1.0
12 128516 501 3524 1 1 1 1.0
12 106630 506 2578 1 1 0 1.0
12 90649 507 1902 1 10 0 1.0
12 122096 509 2762 1 1 1 1.0
12 99297 511 2341 1 1 0 1.0
12 67115 511 1619 1 10 1 1.0
12 151256 516 3682 1 1 1 1.0
12 148769 518 4174 1 50 0 1.0
12 162803 519 3334 1 50 0 1.0
12 77950 519 1617 1 1 1 1.0
12 145408 519 4184 1 1 1 1.0
12 88699 521 1816 1 1 0 1.0
12 163009 522 3946 1 10 1 1.0
12 67964 522 1543 1 10 0 1.0
12 148959 523 4129 1 10 1 1.0
12 165820 532 3386 1 1 0 1.0
12 145478 532 4171 1 10 0 1.0
12 70631 535 1602 1 1 0 1.0
12 112060 536 2314 1 1 0 1.0
12 96572 537 2804 1 10 0 1.0
12 141858 538 2985 1 1 1 1.0
12 69396 539 1756 1 1 1 1.0
12 148145 540 3332 1 50 0 1.0
12 87617 541 2254 1 10 0 1.0
12 168820 542 4751 1 1 0 1.0
12 142194 543 3486 1 10 1 1.0
12 107126 544 2893 1 10 1 1.0
12 164055 545 4162 1 50 1 1.0
12 114286 546 2580 1 10 0 1.0
12 94638 547 2583 1 10 0 1.0
12 93327 549 2774 1 50 1 1.0
12 112279 550 2345 1 1 0 1.0
12 160938 553 4732 1 50 0 1.0
12 151203 554 3048 1 10 1 1.0
12 87014 554 2472 1 10 0 1.0
12 118951 559 2654 1 1 1 1.0
12 67585 564 1376 1 1 0 1.0
12 172743 564 4295 1 1 1 1.0
12 91649 565 2565 1 1 1 1.0
12 161603 565 3579 1 50 1 1.0
12 62988 567 1758 1 10 1 1.0
12 98784 569 2568 1 50 0 1.0
12 66121 574 1647 1 50 1 1.0
12 129077 576 3364 1 1 1 1.0
12 75409 578 1724 1 1 0 1.0
12 76008 581 1720 1 1 1 1.0
12 89608 589 2625 1 1 1 1.0
12 119547 591 2480 1 1 0 1.0
12 160282 594 3352 1 1 1 1.0
12 171364 594 3972 1 1 1 1.0
12 112709 597 2351 1 10 0 1.0
12 160595 600 4344 1 10 0 1.0
12 170040 602 5017 1 1 1 1.0
12 147138 605 4407 1 1 1 1.0
12 148971 607 3844 1 1 1 1.0
12 172179 610 3508 1 10 1 1.0
12 88675 610 2241 1 1 1 1.0
12 98334 612 2797 1 1 1 1.0
12 111432 612 2285 1 1 0 1.0
12 102506 614 2615 1 10 1 1.0
12 71264 616 1907 1 50 1 1.0
12 179956 617 4817 1 1 0 1.0
12 140144 618 3450 1 10 1 1.0
12 87122 621 2343 1 1 0 1.0
12 70288 622 1777 1 10 1 1.0
12 137577 626 3861 1 10 1 1.0
12 87514 631 2421 1 1 0 1.0
12 113993 635 2634 1 1 1 1.0
12 120963 635 3148 1 1 0 1.0
12 122311 635 2642 1 1 0 1.0
12 138499 636 3949 1 1 1 1.0
12 114689 640 2932 1 10 1 1.0
12 105811 643 2971 1 1 1 1.0
12 101002 644 2049 1 1 0 1.0
12 120331 646 2952 1 10 1 1.0
12 131054 647 3341 1 1 1 1.0
12 110387 658 2886 1 50 1 1.0
12 150500 658 3147 1 1 1 1.0
12 107603 664 2734 1 1 1 1.0
12 63823 664 1602 1 1 1 1.0
12 146286 667 3534 1 50 0 1.0
12 68748 671 1859 1 1 1 1.0
12 66354 672 1702 1 1 0 1.0
12 71526 672 1567 1 10 0 1.0
12 115202 674 2983 1 1 0 1.0
12 120635 678 3106 1 10 0 1.0
12 174408 680 5023 1 10 0 1.0
12 69935 683 1458 1 50 1 1.0
12 62789 683 1621 1 1 0 1.0
12 133470 683 3303 1 1 0 1.0
12 111145 685 2934 1 10 0 1.0
12 132427 686 2792 1 1 0 1.0
12 147346 689 3415 1 1 0 1.0
12 77032 692 1919 1 50 0 1.0
12 173451 692 4375 1 10 0 1.0
12 67412 693 1970 1 50 0 1.0
12 62251 705 1312 1 10 1 1.0
12 161162 705 3875 1 10 0 1.0
12 75841 706 1689 1 1 0 1.0
12 69922 710 2072 1 10 1 1.0
12 113337 711 3099 1 10 1 1.0
12 116568 713 2628 1 10 1 1.0
12 77532 714 1859 1 1 0 1.0
12 143425 715 3961 1 10 0 1.0
12 148295 718 3237 1 1 0 1.0
12 133046 718 3946 1 1 1 1.0
12 171395 721 3512 1 1 1 1.0
12 79343 734 1668 1 1 1 1.0
12 173421 738 4612 1 1 1 1.0
12 114305 740 2803 1 1 1 1.0
12 130587 741 3192 1 50 0 1.0
12 139403 741 3877 1 1 1 1.0
12 166355 745 3466 1 1 1 1.0
12 124708 745 3334 1 1 0 1.0
12 107226 749 2975 1 10 1 1.0
12 89836 751 2467 1 10 0 1.0
12 176350 760 3913 1 10 1 1.0
12 135443 763 3610 1 1 0 1.0
12 140488 766 4083 1 10 0 1.0
12 106054 768 2608 1 1 1 1.0
12 108625 769 3251 1 1 1 1.0
12 152741 772 4314 1 1 1 1.0
12 67985 777 1425 1 50 1 1.0
12 92894 778 2515 1 10 0 1.0
12 73215 781 1855 1 10 1 1.0
12 134276 781 3596 1 1 0 1.0
12 99415 781 2057 1 1 0 1.0
12 146367 790 3975 1 1 1 1.0
12 141999 799 3764 1 1 1 1.0
12 128152 802 2886 1 1 0 1.0
12 173400 802 4127 1 10 1 1.0
12 87347 806 2005 1 1 0 1.0
12 144877 814 3208 1 1 1 1.0
12 159009 814 4355 1 10 0 1.0
12 110833 814 2599 1 10 1 1.0
12 167657 815 4840 1 10 0 1.0
12 149776 818 3461 1 1 0 1.0
12 129722 818 3817 1 1 0 1.0
12 152475 823 3385 1 1 0 1.0
12 142299 825 4083 1 1 0 1.0
12 87507 826 2340 1 50 0 1.0
12 165572 826 4642 1 10 1 1.0
12 167872 833 4516 1 1 0 1.0
12 61972 839 1374 1 10 1 1.0
12 82421 841 2210 1 50 0 1.0
12 132319 843 3009 1 1 0 1.0
12 161175 844 3998 1 1 0 1.0
12 117580 844 2805 1 10 0 1.0
12 154613 845 3427 1 10 0 1.0
12 71084 847 1619 1 1 0 1.0
12 128257 855 3013 1 1 0 1.0
12 110582 856 2598 1 10 1 1.0
12 79671 857 1672 1 1 0 1.0
12 69566 858 1952 1 1 1 1.0
12 138283 860 3829 1 10 1 1.0
12 138038 861 3625 1 1 1 1.0
12 159140 863 3979 1 1 1 1.0
12 99269 865 2019 1 50 1 1.0
12 153057 866 3793 1 10 1 1.0
12 130400 866 2702 1 1 1 1.0
12 152037 868 3777 1 1 1 1.0
12 77247 869 1838 1 1 1 1.0
12 142558 871 3419 1 10 1 1.0
12 110764 872 2725 1 50 1 1.0
12 166576 874 4563 1 1 0 1.0
12 141437 875 3360 1 1 0 1.0
12 115245 882 2587 1 1 1 1.0
12 142887 882 3721 1 1 1 1.0
12 108707 883 2235 1 1 0 1.0
12 168865 887 4507 1 1 1 1.0
12 87924 887 1931 1 1 1 1.0
12 142790 892 2949 1 10 0 1.0
12 108029 897 2749 1 1 1 1.0
12 109945 897 3166 1 1 0 1.0
12 171476 900 3454 1 10 1 1.0
12 82259 903 2025 1 10 0 1.0
12 72645 905 1801 1 50 0 1.0
12 112044 906 3342 1 1 0 1.0
12 116658 906 3280 1 10 1 1.0
12 135080 907 2726 1 1 0 1.0
12 149378 909 3402 1 1 0 1.0
12 74606 912 2160 1 1 0 1.0
12 133595 913 3304 1 1 1 1.0
12 70030 914 1454 1 1 0 1.0
12 152792 917 3338 1 1 0 1.0
12 166763 918 3402 1 10 1 1.0
12 112498 919 2697 1 1 1 1.0
12 156043 920 4585 1 50 1 1.0
12 99290 925 2947 1 1 0 1.0
12 106520 926 2384 1 10 1 1.0
12 88544 928 1920 1 1 0 1.0
12 95097 928 2154 1 1 0 1.0
12 70442 930 1965 1 1 1 1.0
12 60798 930 1464 1 50 0 1.0
12 110502 934 2645 1 1 0 1.0
12 60105 934 1465 1 1 1 1.0
12 94435 939 1926 1 50 0 1.0
12 104433 944 2822 1 1 1 1.0
12 90984 951 2439 1 10 1 1.0
12 64115 951 1558 1 1 1 1.0
12 171668 952 4769 1 50 1 1.0
12 146438 954 3535 1 10 1 1.0
12 160056 955 4094 1 50 1 1.0
12 172343 959 4255 1 1 1 1.0
12 149342 959 3202 1 1 1 1.0
12 115156 978 3327 1 1 1 1.0
12 166185 981 4707 1 10 0 1.0
12 95840 982 2100 1 10 1 1.0
12 84031 983 2498 1 1 0 1.0
12 99856 984 2247 1 1 0 1.0
12 133360 986 3784 1 1 1 1.0
12 151673 986 3854 1 50 0 1.0
12 155696 988 4086 1 10 0 1.0
12 122016 989 3453 1 1 1 1.0
12 86642 991 1905 1 1 1 1.0
12 131287 992 3900 1 50 1 1.0
12 80217 992 2276 1 10 0 1.0
12 141237 995 4001 1 1 0 1.0
12 163700 1000 3430 1 1 0 1.0
12 60274 1001 1790 1 50 1 1.0
12 76785 1001 1569 1 50 1 1.0
12 65238 1002 1944 1 10 1 1.0
12 125247 1004 3070 1 10 0 1.0
12 85037 1005 2465 1 1 1 1.0
12 62343 1012 1621 1 1 1 1.0
12 158294 1012 4621 1 1 1 1.0
12 159537 1017 4433 1 1 1 1.0
12 158799 1018 4460 1 10 1 1.0
12 106904 1020 3072 1 1 0 1.0
12 64648 1020 1588 1 1 0 1.0
12 75757 1022 2055 1 50 1 1.0
12 90612 1023 2214 1 10 0 1.0
12 104243 1024 2751 1 1 1 1.0
12 107956 1030 3173 1 1 0 1.0
12 66466 1032 1597 1 1 1 1.0
12 103792 1045 2467 1 10 1 1.0
12 62103 1046 1614 1 1 1 1.0
12 80692 1048 1677 1 1 0 1.0
12 60018 1049 1424 1 10 0 1.0
12 70231 1049 1998 1 10 0 1.0
12 101269 1052 2545 1 50 0 1.0
12 141268 1056 4112 1 1 0 1.0
12 151584 1056 4493 1 1 1 1.0
12 124782 1059 3358 1 10 0 1.0
12 156587 1060 4426 1 10 1 1.0
12 77805 1063 2039 1 1 1 1.0
12 115797 1064 2751 1 1 1 1.0
12 132925 1067 3765 1 1 0 1.0
12 159220 1067 3655 1 1 0 1.0
12 74220 1069 1908 1 1 0 1.0
12 118737 1071 3256 1 50 0 1.0
12 69295 1071 1782 1 10 1 1.0
12 170886 1072 5076 1 1 0 1.0
12 134633 1072 3292 1 1 1 1.0
12 100633 1074 2960 1 1 0 1.0
12 161755 1075 3921 1 1 1 1.0
12 65040 1080 1866 1 10 0 1.0
12 118856 1080 3470 1 1 0 1.0
12 111345 1081 2421 1 1 0 1.0
12 127616 1087 3305 1 1 1 1.0
12 72273 1094 1862 1 1 1 1.0
12 84590 1096 2079 1 10 1 1.0
12 168558 1098 3892 1 1 0 1.0
12 130735 1099 2869 1 10 0 1.0
12 101886 1101 2274 1 10 1 1.0
12 71138 1102 1552 1 10 1 1.0
12 132176 1109 2950 1 1 0 1.0
12 63769 1113 1843 1 1 0 1.0
12 172170 1115 4976 1 50 0 1.0
12 147797 1116 4155 1 1 1 1.0
12 153332 1117 3711 1 50 1 1.0
12 116147 1117 2835 1 1 0 1.0
12 147321 1118 4395 1 1 1 1.0
12 109487 1123 3060 1 1 0 1.0
12 161561 1125 3767 1 1 1 1.0
12 60389 1133 1769 1 10 0 1.0
12 135981 1133 2725 1 10 1 1.0
12 173286 1136 4576 1 10 1 1.0
12 124615 1136 3501 1 10 0 1.0
12 95742 1148 2418 1 1 0 1.0
12 110061 1149 3074 1 1 1 1.0
12 62829 1150 1675 1 50 0 1.0
12 84001 1150 2026 1 50 0 1.0
12 171652 1152 4874 1 50 1 1.0
12 80987 1155 1811 1 1 0 1.0
12 171536 1158 3588 1 1 0 1.0
12 100874 1159 2082 1 10 0 1.0
12 160372 1161 3694 1 1 0 1.0
12 160702 1163 4040 1 50 1 1.0
12 89942 1167 2120 1 10 0 1.0
12 167533 1178 4746 1 1 0 1.0
12 143531 1179 3019 1 1 0 1.0
12 97011 1179 2848 1 1 1 1.0
12 179916 1184 3736 1 1 0 1.0
12 65624 1186 1692 1 1 1 1.0
12 149572 1191 4320 1 50 1 1.0
12 155025 1196 4086 1 1 0 1.0
12 160528 1202 3593 1 50 0 1.0
12 102564 1214 2618 1 50 1 1.0
12 168303 1218 4740 1 1 0 1.0
12 84995 1221 1732 1 1 0 1.0
12 131259 1224 3787 1 1 0 1.0
12 68911 1226 1536 1 1 1 1.0
12 90141 1230 2005 1 1 1 1.0
12 60899 1232 1819 1 1 1 1.0
12 105424 1232 2685 1 50 0 1.0
12 171289 1234 4403 1 10 0 1.0
12 70998 1235 1788 1 50 0 1.0
12 145559 1242 3518 1 50 1 1.0
12 161235 1252 3421 1 1 0 1.0
12 78072 1255 1875 1 50 0 1.0
12 140912 1266 2971 1 10 0 1.0
12 100273 1269 2453 1 10 0 1.0
12 123862 1271 3200 1 1 0 1.0
12 147271 1273 4168 1 50 1 1.0
12 114106 1275 2395 1 1 0 1.0
12 128449 1280 3441 1 10 1 1.0
12 64663 1286 1458 1 1 1 1.0
12 162126 1287 3392 1 10 0 1.0
12 113628 1290 2394 1 10 0 1.0
12 60206 1292 1692 1 1 1 1.0
12 92061 1300 2256 1 1 0 1.0
12 89644 1302 2620 1 50 1 1.0
12 147724 1304 4419 1 1 0 1.0
12 67568 1304 1579 1 1 1 1.0
12 128647 1304 2752 1 50 1 1.0
12 81509 1306 1938 1 1 0 1.0
12 83734 1306 2054 1 1 1 1.0
12 148885 1310 3430 1 10 0 1.0
12 111551 1311 3265 1 1 1 1.0
12 128076 1312 2881 1 10 0 1.0
12 88637 1313 2511 1 10 0 1.0
12 162772 1316 4440 1 10 0 1.0
12 144101 1317 3733 1 1 1 1.0
12 84099 1318 1705 1 1 1 1.0
12 159461 1319 3937 1 1 1 1.0
12 169340 1320 3508 1 1 1 1.0
12 118286 1323 3144 1 1 1 1.0
12 153830 1323 3224 1 1 0 1.0
12 168427 1328 4611 1 1 1 1.0
12 90984 1330 2211 1 10 1 1.0
12 145925 1330 2972 1 1 0 1.0
12 136710 1332 3144 1 10 1 1.0
12 93824 1333 2742 1 1 0 1.0
12 178194 1337 4767 1 50 0 1.0
12 145785 1339 3975 1 10 0 1.0
12 162145 1341 4605 1 10 0 1.0
12 92666 1342 2014 1 1 1 1.0
12 78121 1342 1704 1 1 1 1.0
12 157988 1344 3780 1 1 0 1.0
12 116598 1352 3304 1 1 0 1.0
12 99642 1356 2855 1 1 0 1.0
12 92137 1356 2449 1 1 0 1.0
12 138726 1358 3783 1 10 0 1.0
12 127322 1359 2561 1 10 0 1.0
12 117675 1362 3471 1 10 0 1.0
12 87668 1367 2463 1 10 1 1.0
12 159228 1367 3414 1 10 1 1.0
12 139297 1369 2935 1 1 0 1.0
12 158821 1371 3551 1 50 0 1.0
12 101900 1375 2740 1 1 0 1.0
12 143673 1375 3238 1 10 1 1.0
12 174358 1376 4142 1 1 1 1.0
12 96682 1377 2750 1 1 1 1.0
12 74489 1380 1503 1 1 0 1.0
12 112639 1382 2334 1 10 0 1.0
12 84401 1384 1963 1 1 1 1.0
12 148740 1389 2999 1 1 0 1.0
12 144887 1398 3414 1 10 1 1.0
12 128405 1403 3187 1 10 0 1.0
12 170965 1404 3870 1 1 0 1.0
12 92093 1406 1928 1 1 0 1.0
12 81587 1407 1936 1 1 0 1.0
12 65936 1412 1891 1 1 0 1.0
12 140464 1412 2943 1 1 0 1.0
12 74909 1412 2066 1 10 1 1.0
12 128960 1414 2617 1 1 0 1.0
12 89600 1415 2295 1 10 1 1.0
12 101174 1415 2587 1 1 1 1.0
12 145827 1416 3180 1 1 0 1.0
12 118478 1417 3081 1 1 0 1.0
12 77138 1421 2266 1 10 0 1.0
12 142851 1422 3166 1 1 0 1.0
12 107706 1423 2399 1 1 0 1.0
12 100759 1427 2137 1 10 0 1.0
12 166216 1428 4626 1 10 1 1.0
12 107644 1428 3202 1 1 0 1.0
12 134163 1429 3542 1 1 1 1.0
12 116603 1429 2617 1 1 0 1.0
12 178138 1433 4305 1 1 1 1.0
12 92878 1435 2662 1 1 1 1.0
12 162798 1441 4495 1 1 1 1.0
12 74485 1443 2201 1 1 0 1.0
12 157363 1444 4359 1 10 0 1.0
12 150845 1446 3475 1 1 0 1.0
12 129322 1449 3733 1 1 1 1.0
12 135690 1455 3388 1 10 0 1.0
12 129959 1455 2945 1 50 1 1.0
12 148547 1459 4397 1 10 1 1.0
12 89349 1459 1858 1 1 1 1.0
12 102248 1459 2334 1 1 1 1.0
12 157669 1460 4495 1 1 1 1.0
12 154173 1462 4392 1 1 1 1.0
12 133780 1462 2968 1 1 1 1.0
12 107963 1471 2409 1 10 1 1.0
12 146888 1471 4316 1 1 0 1.0
12 145773 1472 3477 1 1 0 1.0
12 127893 1472 2719 1 1 0 1.0
12 77839 1475 1624 1 1 1 1.0
12 131441 1476 3658 1 1 1 1.0
12 100192 1476 2472 1 10 1 1.0
12 89285 1481 2628 1 10 0 1.0
12 112602 1481 2744 1 1 0 1.0
12 80499 1484 1925 1 1 1 1.0
12 69750 1489 1677 1 10 0 1.0
12 146296 1490 3596 1 1 0 1.0
12 108353 1491 2169 1 1 0 1.0
12 179052 1492 4128 1 1 1 1.0
12 171288 1492 3853 1 1 0 1.0
12 76482 1493 1600 1 1 0 1.0
12 163560 1494 4142 1 1 0 1.0
12 94598 1494 1983 1 1 0 1.0
12 64993 1496 1686 1 1 0 1.0
12 69850 1497 1968 1 1 0 1.0
12 138147 1501 3384 1 1 1 1.0
12 69124 1504 1790 1 1 0 1.0
12 87265 1510 1865 1 1 1 1.0
12 136379 1518 4062 1 1 0 1.0
12 97866 1525 2765 1 1 0 1.0
12 81400 1526 2120 1 1 1 1.0
12 101031 1532 2486 1 1 1 1.0
12 78621 1536 1865 1 1 0 1.0
12 111947 1540 2599 1 10 1 1.0
12 101897 1541 2815 1 50 1 1.0
12 160254 1546 4138 1 1 0 1.0
12 163243 1554 3867 1 1 1 1.0
12 107760 1555 2966 1 1 1 1.0
12 64895 1556 1703 1 1 1 1.0
12 109138 1556 2844 1 50 1 1.0
12 155544 1559 4108 1 1 1 1.0
12 109784 1561 2230 1 1 0 1.0
12 115316 1568 3146 1 10 0 1.0
12 157477 1571 3626 1 50 0 1.0
12 78416 1572 2038 1 50 0 1.0
12 64831 1574 1459 1 10 1 1.0
12 92442 1577 2605 1 1 0 1.0
12 108054 1580 3089 1 10 0 1.0
12 122444 1584 3319 1 10 0 1.0
12 168288 1586 3424 1 1 0 1.0
12 89977 1587 2289 1 10 0 1.0
12 112332 1590 3276 1 1 1 1.0
12 83982 1590 2119 1 10 1 1.0
12 79224 1591 1657 1 1 0 1.0
12 85024 1592 2024 1 1 0 1.0
12 176754 1595 3740 1 1 0 1.0
12 82954 1595 2116 1 10 1 1.0
12 160165 1598 3313 1 1 0 1.0
12 82860 1599 1945 1 1 1 1.0
12 81572 1600 2054 1 10 0 1.0
12 146066 1603 3291 1 10 0 1.0
12 83237 1603 2222 1 1 1 1.0
12 158491 1606 4545 1 10 1 1.0
12 112604 1614 2746 1 50 1 1.0
12 164010 1617 4352 1 1 1 1.0
12 77428 1618 1846 1 1 0 1.0
12 133572 1620 3636 1 10 0 1.0
12 144120 1621 2956 1 10 1 1.0
12 145047 1625 3683 1 1 0 1.0
12 151742 1625 4525 1 1 0 1.0
12 143272 1628 3802 1 1 1 1.0
12 138693 1628 2820 1 1 1 1.0
12 123627 1630 2670 1 50 1 1.0
12 117471 1637 3117 1 50 1 1.0
12 93307 1639 2258 1 10 1 1.0
12 71090 1645 2106 1 1 1 1.0
12 163015 1648 3576 1 1 1 1.0
12 88605 1648 2508 1 10 1 1.0
12 139310 1649 3225 1 1 1 1.0
12 122476 1649 3017 1 1 0 1.0
12 122836 1651 3529 1 50 0 1.0
12 118228 1652 2722 1 10 1 1.0
12 83575 1653 2269 1 1 1 1.0
12 110616 1653 3180 1 1 0 1.0
12 124920 1656 2706 1 1 0 1.0
12 162177 1657 3327 1 50 1 1.0
12 114587 1660 2542 1 1 1 1.0
12 115057 1664 2796 1 10 1 1.0
12 116728 1666 3442 1 1 1 1.0
12 155085 1666 4471 1 1 1 1.0
12 116803 1668 3426 1 1 0 1.0
12 149359 1670 3635 1 1 0 1.0
12 128363 1670 3685 1 1 1 1.0
12 125733 1680 3307 1 10 1 1.0
12 176743 1683 3830 1 10 0 1.0
12 85198 1684 2266 1 10 0 1.0
12 91952 1689 2043 1 1 1 1.0
12 116791 1691 2423 1 1 0 1.0
12 168019 1693 4011 1 1 0 1.0
12 88922 1695 2174 1 1 0 1.0
12 176490 1700 5063 1 1 0 1.0
12 142635 1708 3941 1 1 1 1.0
12 142004 1710 3147 1 50 1 1.0
12 163916 1713 4218 1 1 1 1.0
12 71059 1720 2101 1 1 0 1.0
12 118325 1722 3527 1 10 0 1.0
12 144897 1724 4248 1 1 0 1.0
12 79912 1727 1818 1 1 0 1.0
12 170561 1729 4638 1 10 1 1.0
12 123360 1730 3428 1 1 0 1.0
12 140116 1730 2923 1 50 1 1.0
12 77752 1734 2215 1 50 0 1.0
12 60831 1739 1255 1 10 0 1.0
12 87044 1741 1835 1 10 1 1.0
12 153215 1742 3575 1 1 1 1.0
12 88488 1744 2111 1 50 1 1.0
12 158081 1744 4638 1 10 1 1.0
12 148282 1745 3950 1 1 0 1.0
12 65749 1749 1928 1 10 0 1.0
12 88327 1750 2100 1 1 1 1.0
12 174103 1751 4446 1 10 1 1.0
12 89427 1752 1900 1 10 0 1.0
12 80256 1752 1808 1 1 1 1.0
12 80115 1757 2102 1 1 1 1.0
12 143232 1760 4163 1 1 0 1.0
12 177366 1761 4758 1 50 1 1.0
12 156315 1764 3393 1 1 0 1.0
12 105563 1764 2547 1 10 1 1.0
12 134954 1765 3282 1 1 0 1.0
12 110834 1769 2954 1 1 0 1.0
12 70949 1769 1516 1 1 1 1.0
12 93693 1770 2007 1 10 0 1.0
12 135851 1772 3415 1 1 1 1.0
12 166493 1773 3995 1 1 0 1.0
12 120960 1784 2713 1 1 0 1.0
12 94107 1786 2295 1 10 0 1.0
12 176977 1786 4302 1 10 1 1.0
12 88098 1791 2612 1 10 0 1.0
12 175280 1794 4827 1 1 1 1.0
12 171112 1797 4491 1 10 0 1.0
12 69396 1797 1987 1 10 1 1.0
12 84545 1799 1936 1 10 1 1.0
12 80746 1805 2403 1 10 0 1.0
12 114229 1805 2561 1 1 0 1.0
12 61096 1806 1428 1 10 0 1.0
12 137109 1806 3262 1 1 0 1.0
12 104988 1811 3057 1 1 0 1.0
12 95034 1815 2645 1 1 0 1.0
12 149537 1816 3843 1 1 1 1.0
12 147696 1816 3940 1 1 0 1.0
12 170952 1817 3916 1 10 1 1.0
12 136851 1819 3215 1 50 1 1.0
12 138382 1819 3319 1 1 0 1.0
12 152941 1820 4480 1 10 0 1.0
12 149344 1829 3179 1 10 1 1.0
12 105441 1829 2591 1 10 0 1.0
12 112284 1830 3047 1 10 0 1.0
12 100234 1833 2650 1 1 1 1.0
12 94888 1833 1917 1 10 1 1.0
12 78773 1835 1758 1 10 0 1.0
12 162848 1840 4088 1 10 0 1.0
12 108320 1842 2516 1 1 0 1.0
12 160107 1847 3973 1 10 0 1.0
12 151112 1847 4140 1 1 0 1.0
12 111320 1848 3101 1 10 0 1.0
12 177938 1850 4225 1 1 0 1.0
12 129959 1852 3033 1 1 1 1.0
12 132185 1852 3845 1 50 0 1.0
12 146494 1855 4249 1 10 0 1.0
12 178413 1855 4930 1 1 0 1.0
12 172717 1858 4529 1 1 1 1.0
12 177281 1861 4049 1 1 1 1.0
12 66339 1864 1499 1 1 0 1.0
12 166470 1865 4644 1 10 1 1.0
12 73112 1866 1666 1 10 0 1.0
12 139196 1872 3554 1 1 0 1.0
12 179424 1874 4693 1 1 1 1.0
12 94366 1875 1930 1 10 1 1.0
12 156546 1876 3136 1 10 0 1.0
12 78286 1882 2334 1 10 1 1.0
12 128693 1883 3252 1 1 0 1.0
12 139208 1883 3814 1 10 0 1.0
12 92550 1884 1920 1 10 0 1.0
12 92703 1892 2574 1 1 1 1.0
12 98327 1895 2815 1 1 0 1.0
12 160434 1895 3843 1 1 1 1.0
12 128348 1895 3413 1 1 0 1.0
12 143924 1898 4254 1 1 0 1.0
12 74768 1900 1753 1 10 1 1.0
12 131719 1904 3791 1 10 1 1.0
12 165859 1905 4069 1 1 0 1.0
12 87388 1909 2163 1 1 1 1.0
12 65707 1914 1724 1 1 0 1.0
12 116234 1915 3211 1 1 1 1.0
12 146906 1917 3405 1 1 1 1.0
12 146596 1920 3013 1 1 0 1.0
12 153972 1921 4539 1 10 1 1.0
12 173098 1922 3794 1 10 0 1.0
12 156616 1922 3723 1 1 1 1.0
12 78861 1926 1796 1 10 0 1.0
12 69777 1928 1726 1 1 1 1.0
12 149687 1928 4373 1 50 0 1.0
12 122746 1929 3646 1 50 0 1.0
12 86513 1935 1840 1 10 1 1.0
12 100462 1938 2693 1 1 1 1.0
12 101858 1939 2285 1 50 0 1.0
12 68737 1939 1838 1 1 0 1.0
12 65471 1942 1956 1 1 1 1.0
12 125633 1943 2745 1 1 1 1.0
12 159054 1943 3723 1 10 0 1.0
12 151028 1944 4434 1 1 1 1.0
12 124741 1944 3129 1 1 1 1.0
12 151571 1946 3363 1 10 1 1.0
12 150469 1949 4030 1 1 0 1.0
12 122781 1949 3027 1 10 0 1.0
12 149041 1950 4143 1 50 1 1.0
12 117559 1951 3325 1 1 1 1.0
12 81481 1953 1682 1 1 1 1.0
12 98748 1957 2786 1 1 1 1.0
12 68649 1969 1696 1 1 1 1.0
12 132929 1972 3502 1 10 0 1.0
12 143043 1973 3177 1 1 1 1.0
12 89950 1973 2439 1 10 0 1.0
12 149241 1974 3805 1 10 1 1.0
12 123748 1977 3338 1 10 0 1.0
12 89637 1978 2046 1 1 0 1.0
12 72583 1985 2028 1 1 1 1.0
12 120826 1988 3538 1 50 1 1.0
12 101019 1992 2863 1 1 0 1.0
12 66876 1993 1873 1 10 1 1.0
12 159119 1996 4123 1 10 1 1.0
12 104282 2003 2951 1 1 1 1.0
12 153451 2006 3297 1 50 0 1.0
12 155776 2009 4585 1 1 0 1.0
12 92106 2010 2284 1 1 1 1.0
12 86347 2017 2309 1 1 0 1.0
12 149492 2017 4040 1 10 1 1.0
12 91758 2018 2673 1 10 1 1.0
12 108455 2020 2208 1 1 0 1.0
12 77545 2024 1892 1 10 0 1.0
12 69757 2028 2024 1 1 1 1.0
12 97157 2032 2838 1 10 0 1.0
12 162886 2033 3939 1 1 0 1.0
12 131042 2037 3911 1 1 0 1.0
12 176452 2042 4470 1 1 1 1.0
12 116597 2045 3072 1 1 0 1.0
12 97004 2046 2765 1 10 1 1.0
12 90002 2047 1976 1 1 0 1.0
12 86604 2050 1925 1 10 0 1.0
12 148418 2052 3493 1 1 1 1.0
12 127331 2054 2563 1 1 0 1.0
12 111104 2056 2307 1 50 1 1.0
12 98417 2059 2010 1 1 1 1.0
12 127788 2059 2765 1 1 0 1.0
12 90994 2069 2226 1 10 0 1.0
12 82941 2069 1795 1 50 0 1.0
12 100453 2072 2156 1 1 1 1.0
12 83734 2072 1723 1 1 0 1.0
12 129753 2079 3515 1 1 0 1.0
12 115634 2082 2381 1 10 1 1.0
12 174426 2085 4640 1 10 0 1.0
12 73732 2089 2130 1 1 1 1.0
12 89142 2090 2185 1 1 0 1.0
12 131966 2091 3277 1 50 1 1.0
12 155526 2095 3200 1 1 0 1.0
12 167263 2095 3647 1 1 0 1.0
12 165957 2096 4644 1 1 0 1.0
12 100650 2110 2339 1 1 1 1.0
12 91752 2111 2088 1 50 1 1.0
12 141656 2111 3258 1 1 0 1.0
12 99597 2119 2243 1 1 0 1.0
12 64181 2125 1406 1 10 1 1.0
12 126387 2126 2596 1 1 1 1.0
12 121534 2133 3334 1 1 1 1.0
12 171874 2137 3664 1 10 0 1.0
12 97841 2137 2440 1 1 1 1.0
12 76458 2138 1687 1 1 0 1.0
12 78984 2141 2247 1 1 1 1.0
12 139064 2142 3916 1 1 0 1.0
12 135754 2145 3511 1 10 1 1.0
12 170701 2147 3987 1 1 1 1.0
12 126080 2148 3012 1 1 1 1.0
12 76799 2151 2171 1 50 1 1.0
12 67830 2154 1469 1 1 1 1.0
12 97120 2158 1975 1 1 0 1.0
12 92047 2161 2312 1 1 0 1.0
12 95422 2164 2620 1 10 1 1.0
12 74863 2166 1517 1 1 0 1.0
12 132394 2166 2761 1 1 0 1.0
12 173735 2172 4368 1 10 0 1.0
12 162618 2172 3848 1 1 0 1.0
12 127657 2173 3508 1 1 0 1.0
12 146238 2175 3104 1 1 0 1.0
12 152722 2180 4339 1 50 1 1.0
12 100637 2185 2907 1 1 0 1.0
12 148398 2186 4239 1 1 1 1.0
12 76851 2199 2009 1 1 0 1.0
12 128995 2201 3511 1 10 1 1.0
12 176864 2201 5300 1 10 1 1.0
12 135077 2203 3312 1 10 0 1.0
12 109031 2207 2257 1 1 0 1.0
12 65422 2210 1922 1 1 0 1.0
12 168182 2211 4933 1 50 0 1.0
12 148712 2213 3621 1 1 0 1.0
12 74408 2220 2146 1 1 0 1.0
12 168648 2221 3394 1 1 0 1.0
12 129613 2224 3319 1 1 0 1.0
12 158879 2230 4713 1 1 1 1.0
12 175525 2230 3746 1 10 0 1.0
12 61377 2235 1440 1 50 0 1.0
12 61894 2238 1306 1 10 1 1.0
12 75995 2239 1722 1 50 1 1.0
12 105029 2240 2832 1 1 0 1.0
12 172450 2242 5141 1 1 0 1.0
12 125026 2247 3584 1 1 0 1.0
12 130061 2249 3712 1 10 0 1.0
12 61623 2250 1813 1 50 1 1.0
12 96356 2251 2624 1 10 0 1.0
12 95975 2253 1985 1 50 1 1.0
12 75781 2256 1612 1 1 0 1.0
12 172593 2256 5157 1 1 1 1.0
12 179263 2256 4135 1 50 0 1.0
12 103036 2261 2286 1 1 1 1.0
12 83943 2266 1806 1 1 1 1.0
12 143764 2267 3337 1 1 1 1.0
12 117214 2269 2949 1 1 1 1.0
12 129429 2271 3631 1 10 1 1.0
12 130753 2274 3687 1 1 1 1.0
12 155346 2275 4603 1 1 1 1.0
12 163569 2278 3864 1 1 0 1.0
12 146717 2280 4135 1 1 0 1.0
12 177862 2281 4220 1 10 0 1.0
12 95531 2283 2690 1 1 1 1.0
12 91011 2283 2526 1 1 1 1.0
12 96238 2284 2822 1 1 0 1.0
12 161233 2285 3750 1 10 1 1.0
12 73086 2289 1775 1 1 0 1.0
12 110179 2292 2643 1 10 1 1.0
12 168748 2296 4892 1 1 0 1.0
12 128416 2297 3382 1 1 0 1.0
12 87641 2298 1778 1 1 1 1.0
12 142878 2299 3401 1 1 1 1.0
12 174963 2302 3747 1 1 1 1.0
12 163286 2304 4156 1 10 1 1.0
12 69163 2308 1697 1 1 1 1.0
12 72764 2308 2136 1 1 0 1.0
12 155018 2310 4069 1 1 0 1.0
12 163955 2312 4256 1 1 0 1.0
12 141139 2318 4027 1 1 0 1.0
12 117129 2319 3297 1 10 1 1.0
12 150085 2322 3677 1 1 0 1.0
12 107623 2324 2210 1 1 0 1.0
12 64907 2325 1888 1 1 1 1.0
12 178109 2326 4516 1 1 0 1.0
12 164777 2327 3330 1 1 0 1.0
12 179380 2328 5061 1 10 1 1.0
12 128008 2328 3226 1 1 0 1.0
12 80205 2334 2196 1 1 1 1.0
12 140135 2337 3374 1 1 1 1.0
12 118527 2340 2610 1 10 1 1.0
12 164638 2343 4497 1 10 1 1.0
12 155507 2344 4581 1 1 0 1.0
12 78999 2345 1789 1 1 1 1.0
12 76451 2350 1634 1 1 0 1.0
12 95648 2353 2434 1 50 0 1.0
12 67063 2356 1518 1 1 1 1.0
12 158446 2357 3415 1 1 0 1.0
12 132252 2359 3919 1 50 0 1.0
12 145920 2363 3561 1 1 1 1.0
12 154155 2364 4207 1 10 1 1.0
12 71605 2365 1493 1 1 0 1.0
12 68225 2365 1747 1 10 0 1.0
12 163664 2367 4110 1 10 0 1.0
12 179244 2368 4408 1 1 0 1.0
12 88633 2371 2214 1 10 1 1.0
12 84799 2374 2286 1 1 1 1.0
12 123873 2375 3416 1 10 0 1.0
12 145764 2378 3296 1 10 0 1.0
12 144532 2378 3025 1 10 0 1.0
12 137956 2378 3075 1 1 0 1.0
12 97737 2379 2768 1 10 0 1.0
12 63078 2379 1657 1 1 1 1.0
12 133437 2379 3587 1 1 0 1.0
12 137933 2380 3911 1 10 1 1.0
12 138652 2380 3711 1 10 0 1.0
12 103098 2381 2632 1 1 1 1.0
12 148846 2388 3590 1 1 0 1.0
12 157565 2390 4602 1 1 0 1.0
12 64814 2394 1462 1 10 1 1.0
12 68329 2397 1416 1 10 1 1.0
12 73989 2397 1790 1 1 1 1.0
12 154311 2400 3904 1 10 0 1.0
12 140010 2401 4027 1 1 1 1.0
12 113768 2402 2417 1 1 0 1.0
12 166365 2405 3644 1 50 0 1.0
12 92408 2407 2673 1 1 0 1.0
12 126068 2409 2562 1 1 1 1.0
12 158018 2416 3691 1 10 1 1.0
12 142895 2416 3394 1 1 0 1.0
12 101353 2419 2076 1 1 1 1.0
12 167120 2420 3871 1 1 1 1.0
12 108672 2425 2355 1 10 0 1.0
12 99949 2425 2806 1 50 1 1.0
12 111877 2431 2382 1 50 1 1.0
12 112542 2433 2252 1 1 0 1.0
12 146673 2442 4176 1 1 1 1.0
12 109385 2448 2298 1 10 1 1.0
12 170806 2449 4649 1 10 1 1.0
12 124894 2450 3003 1 1 1 1.0
12 147935 2450 4418 1 1 0 1.0
12 94974 2456 2417 1 10 1 1.0
12 139386 2457 4022 1 1 1 1.0
12 167142 2459 3582 1 1 0 1.0
12 110339 2459 2403 1 10 0 1.0
12 64074 2460 1405 1 1 1 1.0
12 106603 2462 2235 1 1 1 1.0
12 106725 2465 2438 1 1 0 1.0
12 84308 2466 2085 1 50 0 1.0
12 140980 2466 3813 1 1 0 1.0
12 145003 2467 3911 1 1 0 1.0
12 175372 2468 5069 1 1 0 1.0
12 134275 2472 2830 1 10 0 1.0
12 172435 2476 4225 1 1 0 1.0
12 107643 2482 2384 1 1 0 1.0
12 141642 2484 3426 1 1 0 1.0
12 106742 2486 2249 1 1 0 1.0
12 136019 2487 2928 1 1 1 1.0
12 108886 2487 2941 1 10 1 1.0
12 152301 2488 4457 1 1 0 1.0
12 63195 2488 1665 1 10 1 1.0
12 107742 2492 3193 1 10 1 1.0
12 87568 2492 1840 1 1 0 1.0
12 122317 2496 3355 1 10 1 1.0
12 119529 2499 2795 1 1 0 1.0
12 114063 2503 3347 1 10 0 1.0
12 159926 2509 3831 1 1 0 1.0
12 134413 2511 3084 1 10 0 1.0
12 129508 2518 2999 1 1 1 1.0
12 122003 2519 3318 1 10 1 1.0
12 112400 2522 2403 1 1 1 1.0
12 161668 2523 4566 1 10 1 1.0
12 133235 2525 3328 1 50 0 1.0
12 125431 2526 3117 1 10 1 1.0
12 108456 2526 2287 1 1 0 1.0
12 158134 2529 3534 1 1 1 1.0
12 111967 2530 2544 1 1 0 1.0
12 127156 2533 3540 1 1 1 1.0
12 120713 2537 3475 1 1 0 1.0
12 162343 2538 3580 1 1 1 1.0
12 67384 2539 1920 1 1 1 1.0
12 85667 2540 2382 1 10 1 1.0
12 100986 2545 2667 1 10 0 1.0
12 176905 2547 4192 1 1 0 1.0
12 67817 2549 1999 1 50 0 1.0
12 75183 2557 1537 1 1 0 1.0
12 71559 2557 2097 1 10 0 1.0
12 67893 2558 1942 1 1 1 1.0
12 92683 2561 2684 1 10 1 1.0
12 113365 2562 3341 1 1 0 1.0
12 77875 2562 1569 1 50 1 1.0
12 68253 2563 1608 1 10 0 1.0
12 98735 2564 2137 1 1 0 1.0
12 64588 2566 1487 1 1 1 1.0
12 176419 2569 4527 1 1 1 1.0
12 94258 2570 2276 1 10 1 1.0
12 68925 2575 1949 1 10 1 1.0
12 117504 2577 3474 1 10 1 1.0
12 114134 2578 2438 1 1 1 1.0
12 124775 2581 3030 1 1 1 1.0
12 107586 2581 2207 1 10 1 1.0
12 119485 2581 2707 1 10 1 1.0
12 80685 2583 2019 1 1 1 1.0
12 62148 2587 1545 1 10 1 1.0
12 63501 2587 1867 1 1 0 1.0
12 115761 2587 3151 1 1 1 1.0
12 163989 2589 4293 1 1 1 1.0
12 74653 2591 2113 1 1 1 1.0
12 73920 2593 1589 1 1 0 1.0
12 72965 2593 2057 1 1 0 1.0
12 140926 2594 3189 1 50 0 1.0
12 64149 2598 1781 1 10 0 1.0
12 149008 2601 3842 1 1 0 1.0
12 121109 2608 2731 1 1 0 1.0
12 162914 2609 4683 1 1 1 1.0
12 106659 2609 2683 1 1 1 1.0
12 72056 2613 2002 1 1 0 1.0
12 143746 2614 4017 1 1 1 1.0
12 75844 2617 2140 1 1 1 1.0
12 70630 2617 1710 1 1 1 1.0
12 103882 2617 2950 1 10 0 1.0
12 156823 2621 4128 1 50 1 1.0
12 119327 2621 2931 1 50 0 1.0
12 91952 2628 2611 1 50 0 1.0
12 158068 2628 3911 1 1 1 1.0
12 101171 2629 2362 1 10 1 1.0
12 138335 2629 2810 1 10 0 1.0
12 126453 2637 3774 1 1 1 1.0
12 99121 2638 2852 1 1 0 1.0
12 72312 2639 2121 1 10 0 1.0
12 176312 2641 3962 1 1 1 1.0
12 169289 2642 4452 1 1 0 1.0
12 167019 2642 4423 1 1 0 1.0
12 175930 2644 5166 1 50 0 1.0
12 148632 2650 4421 1 1 0 1.0
12 75008 2650 1950 1 10 1 1.0
12 129351 2653 3855 1 1 1 1.0
12 133117 2654 3987 1 1 1 1.0
12 151084 2655 4225 1 1 1 1.0
12 148262 2655 4249 1 1 1 1.0
12 84255 2658 1842 1 1 1 1.0
12 169835 2660 4588 1 1 0 1.0
12 163404 2662 3354 1 1 1 1.0
12 88109 2682 1816 1 1 1 1.0
12 105340 2685 2595 1 1 0 1.0
12 110909 2686 3229 1 10 1 1.0
12 162344 2686 3496 1 10 1 1.0
12 102420 2688 2217 1 50 0 1.0
12 130939 2689 3905 1 1 0 1.0
12 172154 2693 5067 1 10 0 1.0
12 74932 2704 1554 1 1 1 1.0
12 109951 2704 2470 1 1 1 1.0
12 97424 2715 2131 1 1 0 1.0
12 93260 2715 2263 1 10 0 1.0
12 78543 2724 1906 1 1 1 1.0
12 80630 2726 2192 1 1 1 1.0
12 175165 2726 5078 1 1 0 1.0
12 107295 2728 3065 1 10 1 1.0
12 78547 2729 2103 1 50 0 1.0
12 176416 2734 3861 1 10 1 1.0
12 131390 2734 3828 1 10 1 1.0
12 109607 2734 2451 1 1 1 1.0
12 155556 2735 3708 1 1 1 1.0
12 159234 2735 3909 1 1 0 1.0
12 156685 2737 3273 1 1 0 1.0
12 114035 2737 3094 1 1 1 1.0
12 143306 2739 3602 1 1 1 1.0
12 161878 2740 3937 1 10 1 1.0
12 89160 2741 2580 1 1 0 1.0
12 150274 2741 3980 1 50 1 1.0
12 161570 2743 4051 1 10 0 1.0
12 82263 2745 1844 1 10 1 1.0
12 66746 2750 1927 1 1 0 1.0
12 73570 2751 1532 1 50 0 1.0
12 104437 2753 2335 1 10 1 1.0
12 113120 2755 2782 1 10 1 1.0
12 150684 2757 4247 1 50 1 1.0
12 132573 2757 3620 1 10 1 1.0
12 102653 2758 2794 1 1 0 1.0
12 149573 2762 3752 1 1 1 1.0
12 97777 2765 2745 1 1 0 1.0
12 179372 2768 4384 1 1 1 1.0
12 130788 2772 3721 1 10 0 1.0
12 80084 2777 1682 1 1 0 1.0
12 174590 2787 5141 1 1 1 1.0
12 114997 2790 2849 1 1 0 1.0
12 159511 2795 3989 1 10 1 1.0
12 87783 2795 2241 1 50 1 1.0
12 83183 2807 2366 1 10 1 1.0
12 116709 2809 2617 1 1 1 1.0
12 102809 2811 2242 1 1 0 1.0
12 127886 2812 3640 1 1 1 1.0
12 90461 2821 2671 1 10 1 1.0
12 173254 2821 3942 1 1 1 1.0
12 119253 2825 3290 1 1 0 1.0
12 142798 2826 3296 1 10 1 1.0
12 131035 2829 3688 1 10 0 1.0
12 65320 2844 1682 1 1 0 1.0
12 66598 2844 1814 1 1 1 1.0
12 146717 2851 3782 1 50 0 1.0
12 123089 2851 2748 1 1 1 1.0
12 66219 2852 1756 1 1 1 1.0
12 152201 2853 3951 1 1 0 1.0
12 97968 2854 2039 1 1 0 1.0
12 146709 2855 4234 1 1 1 1.0
12 147643 2855 4330 1 1 1 1.0
12 126869 2858 2895 1 1 1 1.0
12 164566 2861 4055 1 10 1 1.0
12 99652 2866 2566 1 10 0 1.0
12 92765 2868 2446 1 10 1 1.0
12 175384 2869 5258 1 1 1 1.0
12 88120 2873 1994 1 1 0 1.0
12 89719 2875 1805 1 1 1 1.0
12 162734 2877 4474 1 10 0 1.0
12 100458 2880 2207 1 1 1 1.0
12 167685 2891 4812 1 1 1 1.0
12 140192 2892 3665 1 10 1 1.0
12 79564 2893 1864 1 1 0 1.0
12 102098 2894 2368 1 10 1 1.0
12 89081 2897 2493 1 10 0 1.0
12 104710 2902 3015 1 10 1 1.0
12 111111 2906 2488 1 1 0 1.0
12 71999 2909 1882 1 1 0 1.0
12 90631 2909 2651 1 50 1 1.0
12 67643 2911 1698 1 1 1 1.0
12 130674 2911 3240 1 10 1 1.0
12 170221 2911 3562 1 10 0 1.0
12 69888 2913 1862 1 10 1 1.0
12 74068 2916 1986 1 1 0 1.0
12 147967 2917 4228 1 10 1 1.0
12 72011 2919 2144 1 10 1 1.0
12 162839 2921 3780 1 1 0 1.0
12 65707 2923 1523 1 10 0 1.0
12 76574 2925 1901 1 10 0 1.0
12 73832 2926 1817 1 1 1 1.0
12 103089 2931 2637 1 1 1 1.0
12 147002 2938 4312 1 1 0 1.0
12 167481 2942 3940 1 10 0 1.0
12 148111 2943 4315 1 1 1 1.0
12 140579 2945 3887 1 1 1 1.0
12 94495 2946 2654 1 1 1 1.0
12 66117 2949 1528 1 1 1 1.0
12 67714 2952 1627 1 10 1 1.0
12 101326 2957 2588 1 1 0 1.0
12 161249 2958 3367 1 10 0 1.0
12 120664 2960 2769 1 1 1 1.0
12 112892 2963 3094 1 50 1 1.0
12 138585 2965 3319 1 1 1 1.0
12 110332 2968 2318 1 1 0 1.0
12 144181 2969 3997 1 1 1 1.0
12 88130 2975 2378 1 10 1 1.0
12 151199 2976 3414 1 50 1 1.0
12 83532 2977 1888 1 10 0 1.0
12 178531 2977 4560 1 10 0 1.0
12 171275 2977 3690 1 1 0 1.0
12 101601 2978 2057 1 50 0 1.0
12 97233 2978 2437 1 1 1 1.0
12 128230 2981 2784 1 1 0 1.0
12 155355 2982 4242 1 1 0 1.0
12 67191 2986 1416 1 10 1 1.0
12 144603 2987 4187 1 1 1 1.0
12 80336 2987 1911 1 1 0 1.0
12 114331 2992 2607 1 10 1 1.0
12 120242 2992 2819 1 1 0 1.0
12 171320 2993 4949 1 10 1 1.0
12 138681 2999 4143 1 1 0 1.0
12 95681 3001 2556 1 1 1 1.0
12 165661 3002 4715 1 1 0 1.0
12 86760 3003 1895 1 10 0 1.0
12 132700 3005 2661 1 10 1 1.0
12 124974 3009 3548 1 1 1 1.0
12 179175 3010 4074 1 10 0 1.0
12 179000 3012 3719 1 1 1 1.0
12 102678 3020 2739 1 10 1 1.0
12 119579 3021 2824 1 10 0 1.0
12 108117 3026 2617 1 1 0 1.0
12 177371 3026 4663 1 1 1 1.0
12 163069 3027 3299 1 10 1 1.0
12 132932 3027 3223 1 1 1 1.0
12 93674 3029 1988 1 1 0 1.0
12 160023 3029 4374 1 1 0 1.0
12 132357 3034 3586 1 1 0 1.0
12 106154 3035 2859 1 1 0 1.0
12 111805 3035 2663 1 10 0 1.0
12 111023 3042 2389 1 1 1 1.0
12 76694 3046 2052 1 1 0 1.0
12 176942 3046 5175 1 1 0 1.0
12 87713 3048 2179 1 1 0 1.0
12 80038 3049 1921 1 1 1 1.0
12 155918 3053 4017 1 1 0 1.0
12 178496 3060 3655 1 1 0 1.0
12 139405 3062 3424 1 50 0 1.0
12 125118 3064 3387 1 1 0 1.0
12 159663 3065 3452 1 10 0 1.0
12 76438 3070 2038 1 1 0 1.0
12 101743 3070 2313 1 1 0 1.0
12 146100 3072 3051 1 1 1 1.0
12 107487 3076 2932 1 1 0 1.0
12 82400 3078 2306 1 50 0 1.0
12 100129 3078 2853 1 1 0 1.0
12 84198 3080 1958 1 50 1 1.0
12 106794 3083 2149 1 50 1 1.0
12 144154 3084 3587 1 10 1 1.0
12 177805 3086 3904 1 1 1 1.0
12 147619 3092 3976 1 10 1 1.0
12 162131 3096 3585 1 1 1 1.0
12 179026 3096 4789 1 10 1 1.0
12 112910 3097 2498 1 1 1 1.0
12 96952 3100 1956 1 10 1 1.0
12 64513 3103 1747 1 1 1 1.0
12 158483 3103 3692 1 1 1 1.0
12 87053 3119 2128 1 1 1 1.0
12 153827 3119 3550 1 10 0 1.0
12 177005 3119 5101 1 1 0 1.0
12 153366 3121 4080 1 50 1 1.0
12 103391 3123 2775 1 1 1 1.0
12 122058 3131 2790 1 1 0 1.0
12 116457 3133 2713 1 10 1 1.0
12 64067 3148 1526 1 1 0 1.0
12 139222 3148 3355 1 1 0 1.0
12 83684 3148 2443 1 1 1 1.0
12 90643 3150 2431 1 10 1 1.0
12 94358 3155 2309 1 1 0 1.0
12 62805 3158 1559 1 1 0 1.0
12 133510 3160 3964 1 1 0 1.0
12 102357 3168 2784 1 1 1 1.0
12 105538 3171 2884 1 1 1 1.0
12 154473 3172 3843 1 50 1 1.0
12 151708 3176 3378 1 1 1 1.0
12 131174 3179 3245 1 1 0 1.0
12 88813 3180 2591 1 1 1 1.0
12 164674 3183 3366 1 1 0 1.0
12 111389 3185 3205 1 1 1 1.0
12 90387 3188 2561 1 1 0 1.0
12 98622 3193 2399 1 1 1 1.0
12 129472 3198 3409 1 10 1 1.0
12 111558 3199 3176 1 1 1 1.0
12 134838 3210 3685 1 50 1 1.0
12 81517 3212 1661 1 1 0 1.0
12 61883 3216 1405 1 50 0 1.0
12 113602 3218 2350 1 1 1 1.0
12 125423 3221 3731 1 1 0 1.0
12 177400 3221 4516 1 10 0 1.0
12 80036 3228 1990 1 1 1 1.0
12 139629 3229 2872 1 1 1 1.0
12 149978 3233 3747 1 1 0 1.0
12 85702 3235 1893 1 1 0 1.0
12 165164 3235 4860 1 1 1 1.0
12 88106 3235 2024 1 1 0 1.0
12 161469 3237 3526 1 50 0 1.0
12 104211 3241 2738 1 1 1 1.0
12 89409 3241 2185 1 50 1 1.0
12 99991 3247 2022 1 1 1 1.0
12 142655 3247 3222 1 1 1 1.0
12 102103 3252 2602 1 1 1 1.0
12 132757 3263 3900 1 10 1 1.0
12 84244 3264 1961 1 1 1 1.0
12 60546 3265 1710 1 1 0 1.0
12 88579 3266 1854 1 1 1 1.0
12 149057 3271 4360 1 1 1 1.0
12 170480 3274 3723 1 10 1 1.0
12 96253 3274 2564 1 1 1 1.0
12 98679 3274 2511 1 10 0 1.0
12 67683 3274 1373 1 1 1 1.0
12 157613 3275 3862 1 1 1 1.0
12 134105 3280 2979 1 1 0 1.0
12 117448 3281 2615 1 1 1 1.0
12 73947 3281 1722 1 1 0 1.0
12 153918 3282 3172 1 10 1 1.0
12 135045 3286 3885 1 10 1 1.0
12 113405 3289 2980 1 10 1 1.0
12 97810 3290 2038 1 1 1 1.0
12 107523 3293 2674 1 1 1 1.0
12 120075 3296 2406 1 1 0 1.0
12 157786 3298 4594 1 1 1 1.0
12 141700 3298 2865 1 10 0 1.0
12 103391 3301 2068 1 1 1 1.0
12 117523 3305 2450 1 10 1 1.0
12 72820 3307 1503 1 1 0 1.0
12 126612 3311 2790 1 1 1 1.0
12 93485 3311 2391 1 50 1 1.0
12 146015 3315 2921 1 1 1 1.0
12 104768 3315 2970 1 10 1 1.0
12 129996 3319 3446 1 10 1 1.0
12 176261 3320 5115 1 1 1 1.0
12 169502 3321 4485 1 1 1 1.0
12 151032 3322 3340 1 1 0 1.0
12 88880 3325 2254 1 1 1 1.0
12 109717 3326 2244 1 1 0 1.0
12 125075 3330 3252 1 50 0 1.0
12 165356 3333 4445 1 1 1 1.0
12 72350 3334 2003 1 50 0 1.0
12 120648 3335 2788 1 10 0 1.0
12 91002 3336 2136 1 1 0 1.0
12 130498 3336 2640 1 10 1 1.0
12 85400 3341 2258 1 10 0 1.0
12 96694 3342 1962 1 1 0 1.0
12 120087 3343 2785 1 1 1 1.0
12 99272 3344 2546 1 1 0 1.0
12 139873 3346 3353 1 10 0 1.0
12 77547 3348 2029 1 1 1 1.0
12 77911 3350 1686 1 1 0 1.0
12 176755 3352 4521 1 10 0 1.0
12 156063 3354 4339 1 1 1 1.0
12 151771 3354 3107 1 1 1 1.0
12 105973 3359 2881 1 1 0 1.0
12 175138 3359 3790 1 50 1 1.0
12 170048 3360 3674 1 50 1 1.0
12 97814 3361 2749 1 50 0 1.0
12 147610 3364 3574 1 1 0 1.0
12 116135 3367 2448 1 10 1 1.0
12 115947 3368 3084 1 1 0 1.0
12 142780 3368 2955 1 50 1 1.0
12 112648 3374 3244 1 10 1 1.0
12 117911 3377 2965 1 1 0 1.0
12 173578 3381 4906 1 1 1 1.0
12 178107 3382 4533 1 1 1 1.0
12 130047 3383 3606 1 1 1 1.0
12 152826 3386 3692 1 10 0 1.0
12 129713 3390 3761 1 1 0 1.0
12 174285 3391 4708 1 1 1 1.0
12 109930 3391 2302 1 1 1 1.0
12 110444 3393 2460 1 10 1 1.0
12 152416 3394 3776 1 50 1 1.0
12 85162 3394 1779 1 1 1 1.0
12 66750 3398 1771 1 1 0 1.0
12 83873 3406 2174 1 10 0 1.0
12 79732 3407 1746 1 10 1 1.0
12 174784 3408 4838 1 1 1 1.0
12 118016 3408 2388 1 1 0 1.0
12 85131 3409 1836 1 1 1 1.0
12 77201 3415 1879 1 1 0 1.0
12 134508 3416 3439 1 1 1 1.0
12 76438 3418 2111 1 1 1 1.0
12 159334 3421 3855 1 50 1 1.0
12 119640 3421 2506 1 10 0 1.0
12 161967 3428 3659 1 10 1 1.0
12 117670 3429 2984 1 1 0 1.0
12 88705 3429 2213 1 1 1 1.0
12 149162 3433 3169 1 10 0 1.0
12 176599 3440 4634 1 1 0 1.0
12 91000 3440 2585 1 1 1 1.0
12 173444 3445 5200 1 1 1 1.0
12 71980 3446 2014 1 10 0 1.0
12 169889 3452 3494 1 1 1 1.0
12 155831 3457 4128 1 1 0 1.0
12 148548 3458 4270 1 1 0 1.0
12 174582 3459 4920 1 1 1 1.0
12 138795 3465 3854 1 10 1 1.0
12 155896 3471 3594 1 1 1 1.0
12 165474 3473 4730 1 10 1 1.0
12 111967 3481 2538 1 1 1 1.0
12 84314 3482 1692 1 1 0 1.0
12 166078 3485 4739 1 10 1 1.0
12 91807 3488 2411 1 10 0 1.0
12 179389 3489 3907 1 1 1 1.0
12 76090 3491 1569 1 1 0 1.0
12 126857 3493 2731 1 1 0 1.0
12 175915 3498 4684 1 1 0 1.0
12 74350 3499 1634 1 10 0 1.0
12 155409 3502 4059 1 10 0 1.0
12 138097 3504 3800 1 10 0 1.0
12 137930 3506 4072 1 1 1 1.0
12 117772 3509 2930 1 10 0 1.0
12 127811 3509 2916 1 10 0 1.0
12 60082 3513 1419 1 1 0 1.0
12 138406 3514 3497 1 10 0 1.0
12 124712 3515 2873 1 1 1 1.0
12 103950 3515 2276 1 10 1 1.0
12 148027 3517 4390 1 1 0 1.0
12 86696 3517 2034 1 1 1 1.0
12 111179 3523 2404 1 1 0 1.0
12 117327 3531 3466 1 1 1 1.0
12 71208 3532 2127 1 10 0 1.0
12 156560 3533 3315 1 10 0 1.0
12 139095 3541 2841 1 1 0 1.0
12 103094 3542 2179 1 10 1 1.0
12 148084 3544 3479 1 10 0 1.0
12 122565 3546 2914 1 10 0 1.0
12 102520 3549 2459 1 1 1 1.0
12 148675 3550 4282 1 10 1 1.0
12 71677 3550 1593 1 10 0 1.0
12 111290 3556 2361 1 50 1 1.0
12 94397 3558 2420 1 1 0 1.0
12 141719 3559 2884 1 1 1 1.0
12 92728 3564 2154 1 1 0 1.0
12 93220 3564 2310 1 10 0 1.0
12 86650 3565 2553 1 10 0 1.0
12 171313 3571 3984 1 1 1 1.0
12 141531 3572 2895 1 10 1 1.0
12 164026 3572 3341 1 1 1 1.0
12 66802 3573 1459 1 10 1 1.0
12 166359 3574 4030 1 10 1 1.0
12 117899 3578 2716 1 10 0 1.0
12 119108 3578 3474 1 10 1 1.0
12 104884 3581 3102 1 50 1 1.0
12 104868 3587 2614 1 1 0 1.0
12 110745 3587 2884 1 1 0 1.0
12 120110 3588 2952 1 10 0 1.0
12 62840 3588 1746 1 10 0 1.0
12 151048 3590 3412 1 1 1 1.0
12 148328 3592 4271 1 1 1 1.0
12 141154 3599 3667 1 1 0 1.0
