1500
13 72279 0 1683 1 1 0 1.0
13 72461 0 1560 1 1 0 1.0
13 154294 1 3702 1 1 1 1.0
13 138050 3 3031 1 10 1 1.0
13 97906 3 2655 1 1 0 1.0
13 133731 3 3039 1 10 0 1.0
13 99346 5 2153 1 1 0 1.0
13 153918 8 4383 1 50 1 1.0
13 139053 9 3802 1 1 0 1.0
13 158082 15 4653 1 1 1 1.0
13 122163 17 3436 1 1 1 1.0
13 88617 19 2404 1 10 0 1.0
13 143865 20 4164 1 50 0 1.0
13 96941 20 2166 1 10 1 1.0
13 175948 21 4880 1 1 1 1.0
13 131323 22 3020 1 10 1 1.0
13 154045 22 3880 1 1 0 1.0
13 77329 30 1658 1 1 1 1.0
13 140674 39 3139 1 10 0 1.0
13 157793 39 4605 1 10 1 1.0
13 60184 40 1242 1 10 0 1.0
13 136448 47 2923 1 10 0 1.0
13 127163 56 3796 1 10 0 1.0
13 164812 57 4176 1 10 0 1.0
13 72566 57 1562 1 1 0 1.0
13 106720 61 2810 1 1 1 1.0
13 86648 62 1866 1 1 0 1.0
13 66022 64 1349 1 1 1 1.0
13 173608 70 3565 1 1 1 1.0
13 127041 71 3011 1 1 1 1.0
13 84327 72 2434 1 10 1 1.0
13 67412 74 1620 1 50 1 1.0
13 162471 74 3352 1 1 1 1.0
13 80012 75 1808 1 1 0 1.0
13 136334 79 3240 1 1 1 1.0
13 84037 84 2185 1 10 0 1.0
13 111357 86 2602 1 50 1 1.0
13 100197 87 2147 1 10 1 1.0
13 83329 87 1846 1 1 1 1.0
13 89965 90 1953 1 50 1 1.0
13 159459 91 4766 1 1 1 1.0
13 147598 92 3001 1 1 1 1.0
13 113400 92 2539 1 50 1 1.0
13 101158 95 2887 1 1 0 1.0
13 133109 100 3917 1 1 0 1.0
13 169220 103 4542 1 1 0 1.0
13 158554 103 4085 1 1 0 1.0
13 163654 105 4658 1 1 0 1.0
13 116884 106 2427 1 10 1 1.0
13 118130 108 3245 1 1 0 1.0
13 147809 112 3142 1 10 0 1.0
13 175521 116 3865 1 10 1 1.0
13 118638 119 2522 1 10 1 1.0
13 170762 120 3871 1 10 1 1.0
13 99134 121 2489 1 1 0 1.0
13 141432 122 3696 1 1 1 1.0
13 62786 123 1257 1 1 1 1.0
13 91012 123 1864 1 10 1 1.0
13 110457 125 2852 1 1 1 1.0
13 126631 126 3722 1 1 1 1.0
13 126463 127 3499 1 1 0 1.0
13 131611 129 3110 1 10 1 1.0
13 162199 130 4819 1 10 0 1.0
13 138246 131 3515 1 1 1 1.0
13 175589 136 4678 1 1 0 1.0
13 144001 137 3499 1 1 0 1.0
13 79476 137 1970 1 1 0 1.0
13 164717 149 3456 1 1 0 1.0
13 129473 151 2891 1 1 0 1.0
13 89359 153 2006 1 1 1 1.0
13 137060 153 3516 1 1 0 1.0
13 86327 155 2250 1 10 0 1.0
13 167830 155 4393 1 1 1 1.0
13 133037 155 3046 1 1 1 1.0
13 142005 156 4238 1 10 1 1.0
13 93552 161 2627 1 1 1 1.0
13 83535 161 2162 1 1 1 1.0
13 147017 162 3083 1 1 1 1.0
13 100237 170 2188 1 1 0 1.0
13 97855 172 2338 1 10 0 1.0
13 104038 173 2576 1 1 0 1.0
13 132835 174 2720 1 10 1 1.0
13 94112 181 2085 1 1 0 1.0
13 176296 183 4955 1 1 1 1.0
13 125858 184 3162 1 10 1 1.0
13 110324 185 2700 1 1 0 1.0
13 156883 185 3410 1 50 0 1.0
13 179416 187 3708 1 10 1 1.0
13 124527 188 3265 1 10 0 1.0
13 114802 197 3348 1 10 1 1.0
13 145595 200 4135 1 1 1 1.0
13 110867 201 3103 1 1 0 1.0
13 137220 202 3219 1 1 1 1.0
13 128156 202 3640 1 1 0 1.0
13 137502 202 3647 1 10 0 1.0
13 86893 202 1924 1 50 1 1.0
13 135088 203 3348 1 50 1 1.0
13 105189 203 2814 1 50 1 1.0
13 80797 209 1733 1 1 0 1.0
13 74721 211 1588 1 10 0 1.0
13 171283 216 4053 1 1 1 1.0
13 113992 219 2851 1 1 1 1.0
13 85029 221 2524 1 10 0 1.0
13 87488 222 2118 1 10 0 1.0
13 160210 225 3683 1 1 1 1.0
13 167436 229 3452 1 1 1 1.0
13 132543 232 3094 1 1 0 1.0
13 173962 233 5210 1 10 1 1.0
13 104763 235 2338 1 1 1 1.0
13 178557 235 4902 1 1 0 1.0
13 160620 240 3316 1 1 1 1.0
13 158141 241 3525 1 1 0 1.0
13 68755 241 1919 1 1 1 1.0
13 128069 243 3393 1 1 1 1.0
13 124330 244 3572 1 1 0 1.0
13 77412 248 2136 1 1 1 1.0
13 83795 251 2343 1 10 1 1.0
13 82288 252 2289 1 1 1 1.0
13 115897 252 3470 1 10 1 1.0
13 103001 256 3008 1 10 0 1.0
13 168839 256 4547 1 1 0 1.0
13 160256 257 4583 1 10 1 1.0
13 135469 264 3183 1 10 1 1.0
13 108315 268 3166 1 1 1 1.0
13 122504 276 3403 1 1 1 1.0
13 123405 282 2775 1 10 1 1.0
13 123347 283 3076 1 1 1 1.0
13 156760 288 3652 1 10 1 1.0
13 64172 288 1837 1 10 1 1.0
13 90320 288 2246 1 1 1 1.0
13 151141 290 3386 1 1 1 1.0
13 160524 290 4203 1 1 1 1.0
13 104898 293 2344 1 1 0 1.0
13 70094 294 1591 1 10 1 1.0
13 103231 295 3039 1 1 0 1.0
13 71673 297 1824 1 10 1 1.0
13 120560 298 2634 1 1 0 1.0
13 60722 300 1764 1 10 1 1.0
13 125425 303 3092 1 10 0 1.0
13 76504 303 2042 1 10 0 1.0
13 105574 304 2464 1 1 1 1.0
13 76447 304 2033 1 10 0 1.0
13 164493 305 4707 1 1 0 1.0
13 150880 305 3378 1 1 0 1.0
13 112682 306 3019 1 1 0 1.0
13 145780 310 3461 1 10 0 1.0
13 179164 311 4455 1 1 0 1.0
13 128018 313 3413 1 10 1 1.0
13 97512 314 2367 1 1 1 1.0
13 120268 315 2916 1 1 0 1.0
13 111271 316 2833 1 10 1 1.0
13 71078 317 1784 1 1 1 1.0
13 151150 318 4307 1 1 1 1.0
13 179824 319 4677 1 10 1 1.0
13 136022 320 3795 1 1 1 1.0
13 177688 320 4611 1 1 1 1.0
13 82656 321 2085 1 1 1 1.0
13 102136 321 2459 1 10 1 1.0
13 88058 322 1793 1 1 0 1.0
13 95564 323 2614 1 1 1 1.0
13 90706 325 2211 1 1 1 1.0
13 83415 327 1868 1 1 0 1.0
13 147908 330 3090 1 1 1 1.0
13 159458 333 4206 1 1 1 1.0
13 142402 337 3387 1 1 1 1.0
13 79084 338 1941 1 1 1 1.0
13 80975 342 2415 1 1 0 1.0
13 61787 343 1503 1 1 0 1.0
13 103204 346 2553 1 1 1 1.0
13 141647 351 4104 1 1 1 1.0
13 165280 354 3378 1 10 0 1.0
13 168588 355 4175 1 1 1 1.0
13 170182 356 3510 1 1 1 1.0
13 156741 356 3169 1 1 0 1.0
13 137494 358 2878 1 1 1 1.0
13 67241 363 1620 1 10 1 1.0
13 174187 365 5036 1 1 1 1.0
13 140213 371 3695 1 1 1 1.0
13 165883 372 4824 1 1 0 1.0
13 120790 374 2582 1 10 1 1.0
13 171724 378 3543 1 1 1 1.0
13 67059 381 1555 1 10 0 1.0
13 71342 382 1452 1 1 1 1.0
13 93677 385 2732 1 1 0 1.0
13 124944 385 3306 1 50 0 1.0
13 69268 397 1737 1 1 1 1.0
13 70128 397 1982 1 1 1 1.0
13 153606 398 3591 1 10 0 1.0
13 109635 400 2932 1 1 0 1.0
13 114306 402 2350 1 1 0 1.0
13 103642 404 2981 1 1 0 1.0
13 129816 406 3818 1 1 0 1.0
13 152630 413 4310 1 1 1 1.0
13 81617 414 1990 1 10 0 1.0
13 158162 416 3449 1 10 1 1.0
13 74190 417 1978 1 50 0 1.0
13 141333 419 3970 1 10 1 1.0
13 145942 423 3141 1 1 0 1.0
13 125727 424 3490 1 50 0 1.0
13 154524 425 4289 1 1 1 1.0
13 131464 428 3290 1 10 0 1.0
13 160239 428 3530 1 1 1 1.0
13 124550 433 3258 1 1 0 1.0
13 167794 435 5022 1 1 1 1.0
13 165032 436 4787 1 1 1 1.0
13 136833 437 3731 1 1 0 1.0
13 68767 441 1479 1 1 0 1.0
13 154332 442 3121 1 1 1 1.0
13 151737 443 4325 1 1 1 1.0
13 169828 444 4278 1 1 1 1.0
13 147177 447 4131 1 1 1 1.0
13 115437 448 2916 1 1 0 1.0
13 153028 448 3632 1 1 0 1.0
13 85783 450 1851 1 1 0 1.0
13 144270 459 2998 1 10 0 1.0
13 113292 461 2435 1 1 1 1.0
13 81698 461 2129 1 50 1 1.0
13 65179 469 1328 1 1 1 1.0
13 174356 470 4837 1 1 0 1.0
13 75241 472 1676 1 1 0 1.0
13 131980 472 3915 1 1 1 1.0
13 129925 473 3131 1 10 1 1.0
13 132936 475 3877 1 10 0 1.0
13 114703 479 3391 1 1 0 1.0
13 155129 482 4401 1 1 0 1.0
13 87419 484 2171 1 1 0 1.0
13 97131 487 2114 1 1 1 1.0
13 122604 488 2712 1 1 1 1.0
13 166982 490 4877 1 1 1 1.0
13 178150 492 4180 1 1 1 1.0
13 156762 492 4028 1 50 1 1.0
13 110299 493 2415 1 10 1 1.0
13 110756 495 3271 1 1 0 1.0
13 111513 497 3190 1 10 0 1.0
13 173894 499 4696 1 10 0 1.0
13 89236 500 2610 1 10 1 1.0
13 107287 505 3213 1 1 1 1.0
13 173164 508 4497 1 1 0 1.0
13 177209 509 4909 1 1 0 1.0
13 90990 509 2108 1 1 1 1.0
13 175106 510 5172 1 10 0 1.0
13 101023 511 3017 1 1 1 1.0
13 152821 511 3796 1 1 1 1.0
13 146544 517 4361 1 10 0 1.0
13 175049 520 3843 1 10 1 1.0
13 145372 525 3861 1 1 0 1.0
13 163820 527 3970 1 50 0 1.0
13 125254 528 2848 1 50 0 1.0
13 170848 533 3512 1 10 1 1.0
13 167757 538 4746 1 1 0 1.0
13 78249 541 2166 1 10 0 1.0
13 177066 545 3671 1 10 0 1.0
13 147753 546 3039 1 50 1 1.0
13 121914 548 3426 1 10 1 1.0
13 76516 551 1648 1 10 0 1.0
13 112257 553 3071 1 1 1 1.0
13 92921 556 2361 1 1 0 1.0
13 149635 557 3039 1 10 1 1.0
13 147361 561 3864 1 10 0 1.0
13 139082 566 3612 1 1 1 1.0
13 124018 567 2697 1 1 1 1.0
13 137828 569 4086 1 10 0 1.0
13 126719 571 3686 1 1 0 1.0
13 120638 574 3508 1 1 1 1.0
13 79854 577 2153 1 50 1 1.0
13 100718 577 2553 1 1 0 1.0
13 103069 582 2120 1 1 0 1.0
13 159086 584 3731 1 1 0 1.0
13 114270 584 2771 1 1 0 1.0
13 148936 586 3360 1 50 0 1.0
13 80236 587 2042 1 1 1 1.0
13 161821 587 3563 1 10 0 1.0
13 174666 589 4301 1 10 0 1.0
13 96692 590 2784 1 1 0 1.0
13 171613 599 4317 1 50 1 1.0
13 73825 601 1586 1 1 0 1.0
13 131100 604 3630 1 1 0 1.0
13 178860 609 4243 1 1 1 1.0
13 137173 615 3270 1 1 0 1.0
13 101183 615 2590 1 1 1 1.0
13 85678 615 2529 1 1 1 1.0
13 156730 615 3448 1 10 0 1.0
13 107319 618 2397 1 1 1 1.0
13 119275 619 2644 1 10 0 1.0
13 79379 621 2182 1 1 0 1.0
13 77497 623 1554 1 50 1 1.0
13 135054 623 3155 1 1 0 1.0
13 141422 623 3774 1 1 0 1.0
13 148599 634 3204 1 10 1 1.0
13 113610 635 2384 1 1 0 1.0
13 97731 636 2838 1 50 1 1.0
13 144975 637 3387 1 10 0 1.0
13 94970 638 2589 1 1 1 1.0
13 88626 638 2424 1 1 0 1.0
13 138008 640 3895 1 50 1 1.0
13 71360 641 1659 1 1 1 1.0
13 119994 642 2411 1 50 0 1.0
13 173962 644 4465 1 1 0 1.0
13 65611 647 1820 1 1 0 1.0
13 145063 649 3368 1 10 0 1.0
13 61256 652 1419 1 50 1 1.0
13 95241 654 2119 1 1 1 1.0
13 109110 657 2520 1 1 0 1.0
13 77151 662 2221 1 10 1 1.0
13 108805 664 3228 1 10 0 1.0
13 166824 666 3926 1 1 0 1.0
13 122596 668 3243 1 10 0 1.0
13 144387 670 2909 1 10 0 1.0
13 156643 671 3736 1 10 0 1.0
13 113448 674 3044 1 10 1 1.0
13 148519 677 3810 1 1 1 1.0
13 146547 679 3830 1 10 0 1.0
13 151413 680 3872 1 10 1 1.0
13 148663 682 3782 1 50 0 1.0
13 123923 686 2503 1 10 1 1.0
13 133809 690 3868 1 1 1 1.0
13 172941 690 5059 1 1 1 1.0
13 84838 692 2344 1 1 0 1.0
13 164888 693 3914 1 1 0 1.0
13 157469 694 3516 1 1 1 1.0
13 145516 701 3993 1 1 1 1.0
13 173771 702 4173 1 1 1 1.0
13 60449 703 1656 1 1 1 1.0
13 112106 714 2434 1 10 1 1.0
13 176167 714 5207 1 10 1 1.0
13 97255 716 2641 1 10 1 1.0
13 99985 719 2375 1 1 1 1.0
13 140072 720 3761 1 1 1 1.0
13 81238 727 1797 1 1 1 1.0
13 116801 728 3069 1 1 1 1.0
13 166672 728 4731 1 1 1 1.0
13 91406 731 2130 1 1 0 1.0
13 77263 732 2189 1 1 1 1.0
13 98801 736 2688 1 1 1 1.0
13 115913 739 2431 1 1 1 1.0
13 129581 739 3453 1 1 1 1.0
13 172406 745 4165 1 50 1 1.0
13 132012 747 2842 1 1 1 1.0
13 89028 747 2077 1 50 0 1.0
13 119653 748 3088 1 10 1 1.0
13 151632 749 4031 1 50 0 1.0
13 165307 751 4572 1 10 1 1.0
13 97111 754 2459 1 1 0 1.0
13 98528 756 2849 1 1 0 1.0
13 177525 758 4265 1 10 0 1.0
13 131749 762 2841 1 10 1 1.0
13 106230 767 3003 1 50 1 1.0
13 96066 768 1929 1 1 0 1.0
13 90410 777 2284 1 10 0 1.0
13 68811 779 1578 1 1 1 1.0
13 102095 784 2278 1 1 1 1.0
13 96946 787 2461 1 10 1 1.0
13 100908 791 2266 1 1 1 1.0
13 73507 792 1662 1 10 0 1.0
13 136141 793 3559 1 10 1 1.0
13 80728 794 2224 1 50 1 1.0
13 131468 796 3762 1 1 0 1.0
13 150353 798 4177 1 1 0 1.0
13 125663 799 2610 1 1 1 1.0
13 94926 805 2238 1 1 0 1.0
13 138206 805 3840 1 1 0 1.0
13 132380 807 3103 1 10 0 1.0
13 70543 808 1811 1 1 1 1.0
13 110211 810 3250 1 1 1 1.0
13 156835 813 4458 1 50 1 1.0
13 111593 827 2612 1 10 1 1.0
13 171765 834 3619 1 50 0 1.0
13 114792 836 3023 1 1 0 1.0
13 168661 837 3679 1 1 1 1.0
13 78409 838 1692 1 1 0 1.0
13 80666 851 2254 1 1 0 1.0
13 122814 851 3469 1 1 1 1.0
13 162627 851 3710 1 1 0 1.0
13 166624 851 4711 1 10 1 1.0
13 136769 852 3446 1 1 0 1.0
13 166609 853 4464 1 1 1 1.0
13 123131 855 2824 1 1 0 1.0
13 169565 859 3742 1 50 1 1.0
13 173559 861 3666 1 1 0 1.0
13 139246 862 3833 1 1 0 1.0
13 106267 863 2242 1 10 1 1.0
13 136707 870 3928 1 1 1 1.0
13 71840 872 1938 1 10 0 1.0
13 96171 873 2053 1 1 1 1.0
13 122182 874 3170 1 1 1 1.0
13 74581 875 1529 1 1 1 1.0
13 153154 877 3739 1 10 1 1.0
13 131394 880 3018 1 1 0 1.0
13 139157 881 3613 1 10 0 1.0
13 61134 882 1495 1 50 1 1.0
13 169397 884 4454 1 10 0 1.0
13 158519 884 3675 1 1 0 1.0
13 112032 887 2364 1 10 1 1.0
13 86963 887 1756 1 1 0 1.0
13 102020 891 2092 1 1 0 1.0
13 86542 894 2180 1 1 1 1.0
13 62571 897 1643 1 50 1 1.0
13 178940 900 4698 1 10 0 1.0
13 79897 902 2142 1 10 1 1.0
13 154430 905 3439 1 10 0 1.0
13 150648 905 3482 1 10 1 1.0
13 109024 907 2788 1 1 1 1.0
13 120720 908 3401 1 10 0 1.0
13 171770 910 4491 1 1 1 1.0
13 156971 913 3456 1 1 1 1.0
13 169851 914 3778 1 10 0 1.0
13 64771 915 1351 1 50 0 1.0
13 80332 922 1780 1 1 1 1.0
13 136488 923 3936 1 10 0 1.0
13 129705 925 3066 1 10 0 1.0
13 152443 925 3253 1 1 0 1.0
13 118669 929 2635 1 10 0 1.0
13 150797 929 4468 1 1 0 1.0
13 169133 931 4711 1 1 0 1.0
13 73106 934 1602 1 1 1 1.0
13 66108 934 1367 1 1 0 1.0
13 109793 936 2535 1 50 0 1.0
13 173961 936 4655 1 1 1 1.0
13 152981 943 3365 1 50 0 1.0
13 150514 944 3336 1 50 0 1.0
13 163824 952 3675 1 10 0 1.0
13 171725 953 4706 1 1 1 1.0
13 89794 954 2276 1 1 0 1.0
13 129824 961 2687 1 1 0 1.0
13 141143 962 3246 1 10 1 1.0
13 86942 966 2382 1 10 0 1.0
13 82962 968 2138 1 10 1 1.0
13 131054 970 2811 1 1 0 1.0
13 85977 974 2000 1 1 1 1.0
13 139132 975 2932 1 10 1 1.0
13 155154 975 4405 1 1 0 1.0
13 61579 976 1272 1 1 1 1.0
13 126010 977 3184 1 1 0 1.0
13 82356 982 2316 1 1 1 1.0
13 151401 982 3150 1 1 0 1.0
13 123907 984 2554 1 1 1 1.0
13 101540 985 2727 1 10 0 1.0
13 141944 985 3390 1 10 1 1.0
13 176805 988 4086 1 1 1 1.0
13 138959 989 3673 1 10 0 1.0
13 68313 992 1696 1 10 1 1.0
13 104428 996 3113 1 50 1 1.0
13 152879 996 3446 1 1 0 1.0
13 70413 997 1875 1 1 1 1.0
13 140541 1000 3721 1 1 0 1.0
13 82713 1003 2102 1 1 0 1.0
13 117584 1006 3138 1 10 1 1.0
13 78124 1008 1623 1 50 1 1.0
13 157266 1010 3875 1 1 1 1.0
13 71891 1010 1911 1 1 0 1.0
13 60862 1012 1813 1 10 1 1.0
13 168797 1016 3674 1 10 0 1.0
13 140898 1018 3293 1 10 1 1.0
13 163870 1030 3594 1 1 0 1.0
13 123042 1031 3383 1 1 1 1.0
13 178890 1032 3583 1 1 0 1.0
13 60199 1033 1717 1 10 0 1.0
13 169491 1033 4913 1 50 1 1.0
13 101511 1035 3007 1 1 1 1.0
13 133212 1037 2852 1 1 0 1.0
13 108054 1044 2641 1 10 0 1.0
13 154442 1046 3705 1 1 1 1.0
13 123138 1051 2742 1 1 0 1.0
13 150867 1058 3756 1 1 0 1.0
13 140671 1058 3705 1 1 0 1.0
13 137696 1061 2890 1 10 0 1.0
13 142853 1063 3623 1 1 1 1.0
13 96541 1063 2558 1 10 0 1.0
13 122696 1067 2500 1 1 0 1.0
13 80575 1068 2001 1 1 0 1.0
13 131033 1070 3428 1 50 1 1.0
13 134308 1072 2984 1 1 0 1.0
13 178401 1075 4775 1 10 0 1.0
13 152733 1078 3133 1 10 1 1.0
13 120968 1078 3425 1 1 1 1.0
13 77134 1089 1898 1 1 0 1.0
13 120101 1091 2950 1 1 1 1.0
13 155223 1091 4358 1 10 1 1.0
13 91976 1094 2095 1 1 1 1.0
13 160355 1096 4773 1 1 1 1.0
13 87289 1098 1818 1 10 0 1.0
13 96814 1105 2460 1 50 1 1.0
13 174168 1109 4018 1 1 1 1.0
13 168062 1111 4214 1 1 1 1.0
13 170740 1114 3608 1 10 0 1.0
13 87982 1116 2038 1 10 0 1.0
13 85712 1126 2411 1 1 0 1.0
13 87613 1129 1898 1 50 0 1.0
13 164413 1139 4757 1 10 1 1.0
13 121695 1140 3480 1 10 0 1.0
13 163351 1142 4810 1 50 0 1.0
13 138826 1142 3325 1 1 0 1.0
13 114591 1143 3213 1 50 1 1.0
13 118666 1148 3144 1 1 0 1.0
13 167769 1155 3673 1 10 1 1.0
13 164316 1156 3633 1 1 0 1.0
13 102695 1157 2586 1 1 0 1.0
13 62289 1165 1439 1 10 0 1.0
13 129016 1165 3813 1 1 1 1.0
13 136933 1168 3783 1 10 0 1.0
13 72594 1168 1729 1 1 1 1.0
13 154468 1169 3537 1 1 0 1.0
13 100254 1173 2971 1 50 1 1.0
13 66344 1174 1750 1 10 0 1.0
13 77048 1174 1744 1 1 0 1.0
13 107866 1180 3151 1 1 1 1.0
13 157563 1188 3381 1 1 1 1.0
13 111513 1202 2751 1 1 0 1.0
13 91518 1203 2280 1 1 0 1.0
13 152268 1204 3848 1 1 1 1.0
13 136123 1207 2740 1 10 1 1.0
13 97963 1211 2834 1 1 0 1.0
13 81724 1213 2127 1 1 0 1.0
13 164647 1215 4908 1 10 1 1.0
13 67883 1215 1707 1 10 0 1.0
13 90778 1215 2522 1 10 1 1.0
13 118370 1217 3523 1 10 1 1.0
13 147704 1217 3974 1 50 0 1.0
13 66037 1219 1895 1 10 0 1.0
13 117876 1220 3240 1 1 1 1.0
13 161422 1220 3657 1 1 0 1.0
13 129838 1225 2971 1 10 1 1.0
13 171316 1231 4062 1 10 0 1.0
13 133079 1233 2868 1 1 1 1.0
13 147077 1233 3956 1 10 1 1.0
13 106403 1241 2567 1 10 0 1.0
13 74712 1243 1708 1 1 1 1.0
13 124362 1243 3615 1 1 1 1.0
13 78732 1244 1850 1 1 1 1.0
13 75061 1246 1955 1 10 1 1.0
13 171705 1251 3732 1 10 0 1.0
13 80979 1252 2219 1 1 1 1.0
13 129652 1252 2713 1 10 1 1.0
13 175861 1255 4130 1 1 0 1.0
13 81164 1257 1738 1 1 1 1.0
13 167803 1257 4232 1 1 1 1.0
13 172199 1259 3811 1 1 0 1.0
13 69430 1260 2042 1 1 0 1.0
13 87068 1261 2598 1 1 1 1.0
13 72498 1262 1805 1 1 1 1.0
13 176313 1270 4642 1 10 0 1.0
13 161336 1274 4722 1 50 1 1.0
13 80354 1275 2343 1 1 0 1.0
13 68479 1281 1766 1 1 0 1.0
13 83286 1282 2156 1 1 1 1.0
13 131228 1296 2940 1 1 1 1.0
13 97523 1299 2808 1 1 1 1.0
13 122604 1299 3033 1 10 0 1.0
13 65325 1305 1517 1 50 0 1.0
13 82859 1306 1869 1 10 0 1.0
13 135967 1307 3826 1 1 0 1.0
13 66321 1307 1508 1 1 0 1.0
13 113320 1309 2273 1 1 1 1.0
13 169851 1312 3828 1 10 1 1.0
13 102995 1316 2536 1 1 0 1.0
13 61666 1332 1580 1 10 0 1.0
13 158732 1337 4067 1 10 1 1.0
13 114206 1339 2683 1 1 1 1.0
13 110163 1339 2388 1 1 1 1.0
13 153424 1343 3140 1 10 1 1.0
13 166406 1343 4528 1 10 0 1.0
13 90399 1346 2271 1 50 0 1.0
13 110563 1347 3214 1 50 1 1.0
13 102428 1348 2238 1 1 1 1.0
13 118586 1349 2805 1 1 1 1.0
13 148337 1353 4140 1 1 1 1.0
13 176520 1353 5149 1 1 0 1.0
13 64781 1355 1456 1 1 0 1.0
13 163695 1366 4019 1 1 1 1.0
13 120192 1369 2595 1 1 1 1.0
13 135359 1372 3828 1 50 1 1.0
13 98740 1376 2800 1 1 0 1.0
13 78066 1376 2286 1 1 0 1.0
13 109926 1384 2796 1 1 1 1.0
13 83245 1384 1962 1 1 0 1.0
13 79929 1388 1716 1 1 0 1.0
13 102504 1389 2714 1 1 0 1.0
13 172907 1389 4642 1 1 0 1.0
13 169239 1391 4089 1 1 0 1.0
13 77223 1393 1640 1 1 0 1.0
13 176099 1394 4131 1 1 0 1.0
13 129360 1395 2606 1 1 1 1.0
13 92138 1396 2440 1 1 0 1.0
13 90922 1401 2151 1 50 0 1.0
13 83002 1404 2150 1 1 0 1.0
13 101590 1406 2838 1 10 1 1.0
13 130991 1408 3204 1 1 0 1.0
13 175973 1410 3763 1 1 1 1.0
13 135085 1410 3550 1 1 1 1.0
13 137931 1413 2785 1 10 1 1.0
13 153069 1413 4073 1 50 1 1.0
13 93969 1413 2371 1 10 0 1.0
13 103147 1416 2106 1 10 1 1.0
13 116206 1425 2834 1 10 0 1.0
13 161101 1430 4585 1 1 0 1.0
13 84293 1431 2371 1 1 1 1.0
13 170485 1432 5039 1 1 0 1.0
13 131026 1432 3657 1 1 1 1.0
13 105059 1434 2350 1 1 1 1.0
13 169703 1436 4438 1 1 0 1.0
13 85520 1441 1807 1 50 1 1.0
13 168546 1443 5042 1 10 1 1.0
13 153887 1443 3113 1 1 1 1.0
13 90873 1447 2354 1 1 1 1.0
13 87064 1452 2170 1 1 1 1.0
13 120848 1452 3303 1 1 0 1.0
13 79988 1454 1678 1 1 1 1.0
13 87366 1457 2352 1 1 1 1.0
13 171365 1457 4188 1 1 0 1.0
13 144164 1459 4104 1 1 1 1.0
13 72881 1464 1508 1 10 0 1.0
13 120518 1468 3166 1 1 1 1.0
13 124885 1468 2674 1 10 0 1.0
13 120597 1469 2417 1 50 0 1.0
13 174902 1475 4100 1 1 1 1.0
13 60858 1475 1675 1 10 1 1.0
13 141042 1478 3945 1 1 1 1.0
13 79918 1481 1689 1 1 0 1.0
13 144058 1481 3652 1 1 0 1.0
13 82605 1482 2074 1 1 1 1.0
13 161959 1483 4836 1 1 1 1.0
13 136181 1485 3353 1 1 0 1.0
13 147845 1486 4244 1 1 1 1.0
13 140070 1487 3985 1 1 0 1.0
13 175203 1489 3983 1 1 1 1.0
13 109173 1489 2590 1 10 1 1.0
13 125745 1489 3190 1 10 1 1.0
13 121397 1493 3421 1 1 1 1.0
13 159976 1494 3661 1 10 0 1.0
13 109642 1495 2639 1 1 0 1.0
13 62322 1495 1333 1 10 1 1.0
13 139455 1496 3842 1 1 1 1.0
13 78572 1496 1938 1 10 1 1.0
13 161248 1497 4788 1 1 0 1.0
13 79166 1498 2147 1 10 0 1.0
13 104981 1503 2628 1 1 0 1.0
13 60086 1507 1766 1 1 0 1.0
13 121796 1508 2483 1 1 1 1.0
13 163367 1508 3642 1 1 1 1.0
13 148049 1511 3962 1 10 0 1.0
13 87568 1512 2360 1 1 1 1.0
13 98806 1514 2589 1 1 0 1.0
13 157809 1519 3900 1 1 1 1.0
13 107287 1520 2450 1 1 1 1.0
13 118553 1525 3486 1 1 1 1.0
13 126446 1528 2615 1 1 0 1.0
13 97525 1536 2693 1 10 1 1.0
13 61189 1539 1817 1 10 0 1.0
13 107144 1539 2619 1 50 0 1.0
13 125728 1540 3282 1 1 0 1.0
13 169713 1541 3852 1 1 1 1.0
13 104618 1541 2344 1 10 0 1.0
13 146552 1546 4323 1 1 0 1.0
13 86476 1551 2403 1 1 0 1.0
13 74463 1555 1633 1 1 0 1.0
13 67241 1555 1622 1 10 0 1.0
13 70118 1561 1795 1 10 1 1.0
13 60473 1563 1623 1 10 1 1.0
13 111575 1565 2505 1 10 1 1.0
13 159382 1568 3554 1 10 1 1.0
13 152238 1568 3530 1 10 0 1.0
13 151570 1569 4171 1 10 1 1.0
13 116952 1570 2451 1 1 0 1.0
13 84163 1571 1935 1 10 0 1.0
13 166009 1574 3514 1 1 1 1.0
13 177925 1577 4218 1 10 0 1.0
13 104978 1579 2984 1 1 0 1.0
13 75704 1580 1940 1 1 0 1.0
13 108208 1580 3008 1 10 0 1.0
13 90432 1583 2601 1 1 1 1.0
13 143549 1585 4246 1 1 1 1.0
13 129258 1589 2793 1 1 0 1.0
13 68209 1590 1643 1 1 1 1.0
13 150349 1591 3661 1 10 1 1.0
13 92052 1592 2349 1 1 1 1.0
13 103927 1595 3032 1 10 0 1.0
13 131736 1600 3696 1 1 0 1.0
13 172058 1600 4324 1 50 0 1.0
13 160514 1602 4688 1 10 0 1.0
13 150922 1603 4486 1 1 0 1.0
13 138986 1604 3441 1 10 0 1.0
13 114006 1606 2467 1 1 0 1.0
13 178003 1610 4786 1 1 1 1.0
13 98718 1610 2672 1 1 0 1.0
13 124942 1611 2930 1 1 0 1.0
13 173165 1611 4666 1 10 1 1.0
13 61345 1613 1703 1 1 0 1.0
13 64070 1615 1743 1 10 1 1.0
13 97804 1616 2741 1 1 0 1.0
13 168490 1616 4296 1 1 1 1.0
13 134052 1618 3617 1 50 1 1.0
13 84343 1620 1962 1 1 1 1.0
13 75444 1625 1794 1 50 1 1.0
13 166072 1626 3497 1 1 1 1.0
13 89407 1627 2452 1 1 1 1.0
13 83364 1629 2424 1 10 1 1.0
13 153719 1631 3368 1 1 0 1.0
13 151148 1632 4255 1 10 0 1.0
13 75113 1638 2161 1 10 1 1.0
13 132194 1639 3010 1 1 0 1.0
13 137544 1642 3372 1 1 1 1.0
13 144010 1647 3614 1 1 1 1.0
13 113748 1647 3276 1 1 1 1.0
13 137190 1648 3901 1 1 1 1.0
13 93908 1648 2053 1 1 1 1.0
13 105515 1649 2186 1 10 0 1.0
13 159696 1653 3641 1 50 0 1.0
13 87210 1654 2439 1 1 1 1.0
13 88539 1654 2564 1 1 1 1.0
13 148158 1654 4200 1 1 1 1.0
13 161662 1656 3557 1 10 1 1.0
13 102534 1656 2479 1 1 1 1.0
13 149282 1658 4361 1 50 1 1.0
13 159654 1663 3773 1 1 1 1.0
13 177506 1670 4504 1 1 1 1.0
13 124075 1672 2952 1 1 1 1.0
13 148410 1676 4358 1 1 0 1.0
13 161441 1678 3477 1 1 0 1.0
13 96098 1681 2159 1 10 0 1.0
13 159590 1682 4028 1 1 1 1.0
13 72557 1682 1797 1 10 1 1.0
13 115036 1684 2623 1 1 0 1.0
13 95847 1685 1948 1 50 0 1.0
13 113102 1687 2705 1 1 1 1.0
13 175122 1687 3992 1 1 1 1.0
13 155835 1687 3289 1 1 1 1.0
13 167680 1688 3479 1 1 0 1.0
13 97476 1690 2882 1 10 1 1.0
13 164142 1691 4365 1 10 1 1.0
13 104333 1694 2179 1 50 0 1.0
13 78781 1699 1918 1 1 0 1.0
13 167203 1700 3848 1 10 1 1.0
13 135739 1701 3910 1 1 0 1.0
13 173445 1717 4662 1 1 1 1.0
13 109298 1723 2571 1 1 0 1.0
13 179980 1723 5310 1 1 0 1.0
13 109957 1724 2554 1 10 0 1.0
13 76273 1724 2123 1 1 0 1.0
13 67837 1724 1714 1 10 0 1.0
13 68725 1725 1677 1 50 1 1.0
13 108895 1725 2263 1 1 1 1.0
13 91033 1728 2324 1 1 1 1.0
13 99855 1735 2758 1 1 0 1.0
13 129431 1736 2878 1 1 1 1.0
13 104239 1737 2898 1 10 1 1.0
13 173706 1741 4034 1 1 0 1.0
13 116921 1742 2949 1 50 1 1.0
13 173898 1742 4437 1 10 1 1.0
13 125192 1745 3481 1 1 0 1.0
13 172717 1748 4263 1 10 1 1.0
13 136944 1749 3682 1 1 0 1.0
13 67843 1749 1516 1 1 1 1.0
13 149556 1749 4101 1 1 0 1.0
13 162112 1752 3848 1 10 0 1.0
13 144968 1753 3956 1 10 1 1.0
13 69656 1758 1407 1 1 0 1.0
13 143560 1761 3781 1 10 0 1.0
13 152418 1764 4239 1 1 0 1.0
13 177942 1768 4594 1 1 0 1.0
13 115920 1770 2517 1 1 0 1.0
13 111201 1773 3124 1 1 0 1.0
13 101560 1773 2693 1 1 1 1.0
13 82148 1774 1930 1 50 0 1.0
13 118322 1775 3010 1 10 1 1.0
13 99392 1782 2316 1 1 0 1.0
13 64396 1784 1482 1 1 0 1.0
13 61003 1786 1510 1 1 0 1.0
13 62779 1786 1714 1 10 1 1.0
13 123283 1786 3284 1 1 0 1.0
13 94088 1786 2659 1 1 0 1.0
13 106217 1793 2460 1 50 1 1.0
13 126120 1797 2964 1 1 0 1.0
13 158845 1798 4067 1 10 1 1.0
13 171365 1801 3505 1 1 0 1.0
13 68740 1803 1611 1 1 0 1.0
13 108117 1811 2608 1 1 1 1.0
13 127639 1811 2956 1 1 1 1.0
13 87548 1812 2118 1 1 1 1.0
13 62635 1814 1672 1 1 1 1.0
13 145826 1818 3923 1 1 1 1.0
13 91309 1821 2730 1 1 1 1.0
13 177048 1823 3981 1 1 1 1.0
13 96953 1837 2356 1 50 1 1.0
13 71400 1838 1543 1 1 1 1.0
13 148464 1839 3820 1 10 0 1.0
13 123509 1840 2639 1 1 1 1.0
13 176936 1847 4694 1 10 1 1.0
13 175596 1848 4194 1 10 1 1.0
13 85410 1850 1865 1 1 1 1.0
13 123111 1851 3017 1 1 0 1.0
13 177992 1852 4361 1 10 0 1.0
13 94215 1852 1884 1 10 0 1.0
13 113387 1856 3138 1 1 1 1.0
13 116265 1865 3129 1 50 1 1.0
13 86988 1865 2205 1 1 1 1.0
13 172421 1868 4472 1 10 0 1.0
13 124944 1869 3117 1 50 0 1.0
13 114759 1873 3336 1 1 0 1.0
13 147784 1879 2988 1 1 0 1.0
13 92349 1881 2388 1 1 0 1.0
13 137321 1883 2753 1 1 0 1.0
13 149687 1883 3907 1 50 1 1.0
13 71898 1885 1571 1 10 0 1.0
13 136526 1889 3860 1 10 0 1.0
13 140890 1889 3296 1 1 0 1.0
13 137914 1890 3360 1 1 1 1.0
13 82815 1901 1830 1 50 0 1.0
13 167509 1901 3761 1 1 1 1.0
13 161887 1901 4522 1 50 0 1.0
13 66004 1910 1583 1 10 1 1.0
13 164625 1914 3693 1 10 0 1.0
13 116717 1916 3339 1 1 1 1.0
13 126627 1917 3000 1 10 0 1.0
13 127003 1919 3146 1 1 0 1.0
13 128803 1919 3206 1 10 1 1.0
13 102655 1920 2480 1 50 1 1.0
13 119604 1921 3502 1 10 0 1.0
13 142546 1928 3034 1 10 1 1.0
13 169394 1930 4774 1 10 1 1.0
13 167951 1930 4043 1 10 0 1.0
13 63231 1931 1745 1 10 1 1.0
13 114219 1931 2307 1 1 1 1.0
13 133072 1931 3028 1 10 1 1.0
13 167245 1933 4046 1 1 0 1.0
13 125670 1934 2624 1 1 0 1.0
13 133061 1934 3889 1 1 0 1.0
13 103551 1934 2651 1 1 0 1.0
13 80351 1936 2223 1 10 1 1.0
13 160082 1938 4106 1 50 1 1.0
13 96466 1939 2783 1 1 1 1.0
13 154561 1941 3540 1 1 0 1.0
13 110009 1945 3231 1 10 1 1.0
13 91556 1945 2281 1 1 0 1.0
13 70074 1947 1621 1 10 1 1.0
13 133732 1953 3629 1 10 0 1.0
13 122721 1954 2654 1 1 0 1.0
13 65509 1958 1698 1 1 0 1.0
13 154918 1958 3185 1 1 1 1.0
13 133463 1958 3138 1 1 0 1.0
13 143621 1968 3878 1 1 1 1.0
13 128382 1970 3141 1 1 0 1.0
13 86694 1970 1941 1 10 0 1.0
13 138943 1972 3216 1 1 1 1.0
13 129505 1975 3780 1 10 0 1.0
13 128060 1976 3485 1 1 0 1.0
13 107604 1977 3087 1 1 0 1.0
13 61895 1977 1500 1 1 0 1.0
13 119543 1978 2783 1 10 1 1.0
13 135473 1984 3014 1 10 0 1.0
13 176587 1986 3560 1 1 1 1.0
13 137192 1989 3238 1 1 1 1.0
13 146715 1992 3219 1 1 1 1.0
13 179565 1995 4821 1 10 0 1.0
13 80496 1997 2231 1 1 0 1.0
13 100437 2004 2528 1 1 1 1.0
13 138746 2009 2783 1 10 1 1.0
13 65466 2009 1718 1 1 1 1.0
13 100593 2012 2859 1 1 0 1.0
13 151342 2018 4285 1 10 0 1.0
13 172333 2020 3562 1 50 0 1.0
13 103207 2021 2091 1 1 0 1.0
13 167246 2021 3635 1 10 0 1.0
13 101812 2022 2672 1 1 1 1.0
13 146753 2028 4268 1 1 1 1.0
13 153601 2029 3738 1 10 0 1.0
13 90421 2032 2489 1 1 1 1.0
13 88410 2034 2008 1 1 1 1.0
13 132755 2038 2786 1 50 0 1.0
13 108639 2039 3212 1 1 0 1.0
13 119202 2039 2864 1 1 1 1.0
13 76815 2041 1888 1 1 0 1.0
13 111461 2042 2532 1 1 0 1.0
13 172623 2043 3884 1 1 0 1.0
13 82793 2044 1759 1 10 0 1.0
13 101910 2054 2078 1 10 1 1.0
13 152663 2059 4437 1 1 1 1.0
13 161491 2059 4033 1 10 1 1.0
13 126353 2063 3443 1 1 0 1.0
13 79158 2063 2346 1 1 1 1.0
13 64640 2066 1824 1 50 0 1.0
13 70201 2067 1718 1 50 0 1.0
13 111396 2069 2905 1 10 0 1.0
13 85264 2070 1829 1 10 0 1.0
13 83364 2070 2045 1 1 1 1.0
13 135534 2072 2741 1 1 1 1.0
13 133362 2073 2674 1 50 0 1.0
13 154632 2076 3145 1 1 1 1.0
13 72710 2076 1748 1 1 1 1.0
13 135865 2081 3143 1 50 1 1.0
13 136812 2082 3627 1 1 1 1.0
13 88165 2085 2336 1 1 0 1.0
13 108063 2094 2423 1 1 0 1.0
13 161458 2096 3325 1 1 0 1.0
13 165426 2097 3962 1 1 0 1.0
13 104648 2100 2528 1 1 1 1.0
13 118751 2101 2425 1 1 0 1.0
13 122567 2102 2556 1 10 0 1.0
13 154143 2108 3538 1 1 0 1.0
13 148059 2110 3975 1 1 1 1.0
13 70648 2113 1425 1 50 1 1.0
13 162070 2115 4678 1 1 1 1.0
13 103211 2119 2573 1 1 0 1.0
13 86778 2119 2090 1 1 1 1.0
13 163538 2121 3914 1 1 1 1.0
13 151429 2122 3839 1 1 1 1.0
13 139275 2126 3181 1 10 0 1.0
13 153379 2126 3470 1 10 0 1.0
13 88544 2129 2178 1 1 0 1.0
13 78739 2130 2179 1 10 1 1.0
13 127506 2135 3526 1 10 1 1.0
13 66114 2137 1712 1 1 1 1.0
13 107119 2140 2170 1 50 1 1.0
13 152125 2144 3641 1 1 1 1.0
13 101172 2146 2740 1 1 0 1.0
13 107344 2155 2378 1 1 0 1.0
13 136499 2159 3848 1 1 0 1.0
13 81184 2163 1791 1 1 1 1.0
13 119190 2165 2573 1 1 1 1.0
13 146043 2165 3207 1 1 0 1.0
13 102912 2168 2444 1 1 0 1.0
13 120814 2169 2656 1 10 1 1.0
13 111273 2171 2294 1 50 1 1.0
13 121808 2179 3504 1 1 0 1.0
13 144117 2181 3945 1 1 0 1.0
13 61183 2182 1307 1 10 0 1.0
13 90138 2186 2457 1 1 1 1.0
13 116736 2189 3280 1 1 1 1.0
13 139575 2189 3398 1 1 0 1.0
13 151089 2191 3509 1 1 0 1.0
13 151794 2191 4226 1 10 0 1.0
13 105879 2197 2217 1 1 0 1.0
13 69249 2200 1864 1 10 1 1.0
13 165020 2201 3693 1 1 1 1.0
13 86838 2203 1890 1 1 0 1.0
13 106113 2203 2700 1 10 0 1.0
13 133476 2203 3579 1 1 0 1.0
13 164243 2203 3502 1 1 0 1.0
13 175025 2204 4204 1 1 0 1.0
13 139302 2205 2962 1 1 1 1.0
13 165922 2213 4423 1 10 1 1.0
13 98466 2214 2737 1 1 0 1.0
13 120322 2221 3246 1 1 1 1.0
13 134334 2222 2916 1 10 1 1.0
13 81977 2223 2335 1 10 1 1.0
13 112975 2230 2886 1 1 0 1.0
13 141528 2234 3138 1 1 1 1.0
13 89869 2234 2390 1 1 0 1.0
13 153873 2237 3911 1 50 1 1.0
13 159183 2243 4765 1 10 0 1.0
13 123852 2243 2639 1 1 0 1.0
13 113356 2250 3245 1 10 1 1.0
13 62854 2250 1695 1 1 1 1.0
13 112438 2251 2401 1 10 0 1.0
13 111889 2255 3006 1 1 1 1.0
13 108078 2257 2893 1 1 1 1.0
13 67843 2258 2005 1 1 1 1.0
13 95827 2259 2071 1 1 0 1.0
13 73597 2261 2168 1 1 1 1.0
13 83436 2263 1780 1 10 1 1.0
13 78713 2263 1965 1 1 0 1.0
13 155607 2267 4339 1 1 0 1.0
13 83910 2270 2194 1 1 1 1.0
13 101939 2272 2485 1 10 1 1.0
13 120832 2272 2455 1 10 1 1.0
13 145238 2277 3066 1 1 1 1.0
13 100923 2277 2653 1 10 0 1.0
13 101660 2284 2226 1 1 1 1.0
13 75142 2285 1969 1 10 0 1.0
13 110591 2289 2625 1 1 1 1.0
13 168128 2294 3373 1 1 0 1.0
13 84692 2295 1795 1 1 1 1.0
13 121076 2295 3571 1 1 0 1.0
13 71697 2298 1477 1 50 0 1.0
13 176272 2299 3891 1 1 1 1.0
13 139727 2302 3236 1 50 0 1.0
13 148864 2303 4321 1 1 1 1.0
13 86728 2307 2241 1 10 1 1.0
13 64041 2308 1682 1 50 0 1.0
13 112326 2308 3155 1 1 0 1.0
13 99597 2310 2685 1 10 1 1.0
13 61486 2312 1296 1 1 0 1.0
13 80230 2317 2401 1 50 0 1.0
13 105102 2318 2544 1 10 1 1.0
13 179234 2319 4165 1 10 0 1.0
13 81484 2324 2369 1 1 0 1.0
13 128494 2331 3542 1 10 1 1.0
13 98630 2339 2209 1 1 1 1.0
13 120728 2341 2750 1 10 0 1.0
13 158871 2341 4232 1 1 0 1.0
13 163246 2344 4284 1 10 1 1.0
13 110706 2345 2226 1 1 0 1.0
13 77841 2349 1792 1 50 0 1.0
13 61286 2352 1496 1 1 1 1.0
13 107783 2357 2237 1 1 0 1.0
13 171058 2357 4086 1 50 0 1.0
13 84340 2359 1909 1 50 0 1.0
13 166332 2361 4006 1 1 1 1.0
13 162333 2361 3444 1 1 0 1.0
13 140324 2364 3255 1 1 0 1.0
13 92792 2369 1923 1 50 1 1.0
13 160264 2370 4093 1 10 1 1.0
13 86805 2371 2315 1 10 0 1.0
13 93019 2378 2513 1 1 0 1.0
13 175521 2378 4170 1 1 1 1.0
13 121979 2379 3368 1 1 0 1.0
13 106736 2381 2456 1 50 1 1.0
13 159737 2382 4674 1 1 1 1.0
13 96123 2384 2022 1 1 1 1.0
13 81908 2387 1733 1 10 0 1.0
13 162073 2387 3813 1 10 0 1.0
13 158224 2389 3846 1 1 1 1.0
13 127102 2390 3000 1 1 1 1.0
13 79125 2391 1655 1 1 1 1.0
13 127356 2392 3130 1 50 1 1.0
13 66839 2399 1954 1 10 1 1.0
13 177771 2402 5017 1 1 1 1.0
13 78158 2402 2175 1 10 0 1.0
13 110619 2408 2406 1 1 0 1.0
13 68256 2412 1393 1 1 1 1.0
13 72558 2415 2086 1 1 0 1.0
13 95214 2416 2041 1 1 0 1.0
13 79821 2423 2147 1 1 0 1.0
13 68338 2425 1809 1 1 0 1.0
13 88166 2426 2513 1 10 1 1.0
13 63460 2428 1458 1 1 1 1.0
13 106764 2441 2743 1 10 0 1.0
13 175714 2443 3544 1 10 0 1.0
13 149010 2443 3502 1 1 1 1.0
13 99731 2449 2727 1 10 1 1.0
13 105774 2450 2748 1 1 0 1.0
13 168889 2452 4434 1 10 1 1.0
13 175643 2457 4474 1 10 1 1.0
13 126460 2459 2954 1 1 1 1.0
13 115603 2467 2901 1 1 0 1.0
13 94731 2470 2697 1 10 0 1.0
13 93483 2478 2302 1 1 1 1.0
13 143616 2478 3830 1 10 1 1.0
13 108331 2480 2275 1 10 1 1.0
13 95976 2484 1957 1 1 1 1.0
13 124032 2487 2894 1 1 1 1.0
13 72675 2488 2004 1 1 1 1.0
13 130895 2491 3603 1 1 1 1.0
13 154584 2491 4473 1 1 1 1.0
13 142079 2493 3987 1 1 1 1.0
13 175323 2493 4110 1 10 0 1.0
13 70781 2498 1679 1 1 0 1.0
13 60402 2498 1409 1 1 0 1.0
13 100424 2500 2470 1 1 1 1.0
13 78325 2502 1905 1 1 0 1.0
13 92480 2503 2756 1 10 0 1.0
13 114274 2504 2928 1 50 0 1.0
13 122170 2504 2525 1 50 1 1.0
13 179818 2505 4032 1 10 0 1.0
13 134444 2509 3820 1 1 1 1.0
13 160442 2512 3284 1 1 0 1.0
13 95031 2514 2401 1 1 0 1.0
13 104949 2516 2143 1 10 1 1.0
13 171746 2518 5092 1 50 0 1.0
13 138374 2518 3134 1 50 1 1.0
13 62449 2519 1746 1 1 0 1.0
13 147900 2521 4254 1 10 1 1.0
13 107128 2523 2235 1 1 1 1.0
13 106393 2528 2640 1 10 0 1.0
13 160511 2533 4322 1 1 1 1.0
13 151657 2533 3714 1 10 0 1.0
13 96938 2534 2282 1 1 0 1.0
13 101252 2536 2356 1 1 0 1.0
13 135579 2539 3683 1 1 1 1.0
13 145947 2540 3802 1 10 1 1.0
13 79231 2541 1638 1 1 0 1.0
13 108634 2541 2973 1 10 1 1.0
13 136352 2551 3332 1 1 0 1.0
13 164383 2551 4268 1 10 0 1.0
13 157922 2554 3823 1 1 0 1.0
13 113966 2555 3109 1 1 1 1.0
13 72897 2556 1939 1 1 0 1.0
13 172373 2557 3943 1 1 0 1.0
13 94453 2558 2799 1 1 0 1.0
13 110640 2562 3225 1 10 0 1.0
13 78116 2571 1833 1 1 1 1.0
13 118184 2573 3137 1 10 0 1.0
13 166373 2576 4324 1 1 0 1.0
13 129498 2578 2685 1 50 1 1.0
13 166796 2585 3719 1 10 1 1.0
13 132313 2586 3410 1 10 0 1.0
13 172588 2591 3644 1 1 0 1.0
13 73212 2591 1541 1 10 1 1.0
13 137065 2592 3576 1 1 0 1.0
13 95644 2593 1916 1 1 1 1.0
13 142189 2593 3619 1 1 0 1.0
13 132562 2595 3857 1 1 0 1.0
13 163939 2602 3661 1 1 1 1.0
13 79037 2602 1669 1 1 1 1.0
13 73474 2603 2121 1 1 1 1.0
13 78395 2605 1959 1 1 1 1.0
13 159289 2607 4655 1 10 0 1.0
13 164947 2609 3899 1 1 0 1.0
13 118660 2613 2881 1 1 1 1.0
13 85894 2613 2058 1 1 1 1.0
13 89546 2615 2658 1 10 1 1.0
13 172679 2617 5125 1 50 1 1.0
13 60334 2617 1728 1 50 0 1.0
13 80261 2621 2284 1 1 0 1.0
13 171860 2624 4661 1 50 1 1.0
13 107197 2628 2931 1 10 0 1.0
13 75236 2633 2061 1 10 0 1.0
13 151887 2634 3258 1 50 1 1.0
13 92513 2641 2408 1 1 0 1.0
13 98357 2643 2058 1 1 1 1.0
13 106737 2645 2692 1 1 0 1.0
13 142646 2649 4271 1 1 0 1.0
13 86323 2652 2427 1 1 0 1.0
13 92184 2656 2701 1 10 1 1.0
13 122580 2657 3583 1 10 0 1.0
13 105122 2659 2675 1 50 0 1.0
13 172467 2663 4739 1 1 0 1.0
13 96539 2664 2201 1 1 1 1.0
13 82107 2665 2240 1 10 0 1.0
13 66686 2666 1986 1 1 0 1.0
13 160919 2669 4174 1 50 0 1.0
13 157435 2669 4318 1 50 1 1.0
13 153953 2672 3989 1 1 0 1.0
13 178950 2675 4781 1 1 0 1.0
13 92679 2677 1950 1 1 1 1.0
13 97946 2678 2852 1 1 1 1.0
13 160399 2682 4137 1 1 1 1.0
13 130383 2685 3481 1 1 0 1.0
13 107795 2689 3017 1 50 0 1.0
13 168730 2689 4581 1 1 0 1.0
13 93986 2692 2790 1 10 0 1.0
13 157734 2693 3189 1 1 0 1.0
13 66888 2693 1460 1 50 0 1.0
13 123157 2698 3204 1 1 0 1.0
13 162485 2700 4104 1 1 1 1.0
13 176575 2702 4617 1 1 0 1.0
13 178239 2704 4078 1 1 1 1.0
13 83583 2705 2419 1 1 0 1.0
13 129049 2708 3039 1 50 1 1.0
13 156036 2709 4680 1 1 0 1.0
13 84359 2712 1982 1 1 0 1.0
13 154957 2715 3454 1 1 1 1.0
13 156879 2718 3536 1 10 0 1.0
13 95453 2720 2514 1 10 1 1.0
13 129984 2722 3871 1 1 1 1.0
13 149510 2724 3232 1 1 1 1.0
13 101902 2728 2061 1 1 0 1.0
13 110223 2730 2936 1 50 0 1.0
13 62088 2730 1841 1 10 0 1.0
13 159360 2732 3438 1 1 0 1.0
13 85073 2735 1745 1 1 0 1.0
13 91615 2736 2621 1 1 1 1.0
13 61595 2738 1318 1 1 1 1.0
13 98559 2740 2766 1 10 0 1.0
13 160996 2742 4782 1 10 0 1.0
13 68116 2744 1412 1 1 1 1.0
13 90889 2747 1954 1 1 0 1.0
13 152305 2747 4031 1 50 0 1.0
13 117135 2754 2424 1 1 0 1.0
13 171401 2756 3950 1 1 1 1.0
13 118108 2757 2516 1 10 0 1.0
13 76819 2760 2238 1 1 1 1.0
13 109384 2763 2755 1 10 0 1.0
13 153664 2767 3675 1 1 0 1.0
13 119919 2768 3571 1 1 1 1.0
13 127548 2769 3573 1 10 0 1.0
13 69704 2775 1642 1 1 0 1.0
13 67785 2782 1810 1 10 1 1.0
13 80617 2783 1618 1 1 0 1.0
13 105392 2786 2142 1 10 0 1.0
13 132569 2788 3426 1 1 1 1.0
13 61063 2792 1772 1 10 1 1.0
13 111749 2792 2755 1 10 0 1.0
13 84965 2793 1846 1 1 1 1.0
13 171928 2794 4582 1 1 0 1.0
13 167958 2798 3738 1 1 0 1.0
13 99734 2799 2711 1 1 1 1.0
13 64697 2802 1304 1 1 1 1.0
13 98496 2806 2802 1 1 1 1.0
13 139671 2811 3428 1 1 1 1.0
13 65192 2812 1703 1 1 1 1.0
13 85475 2812 2317 1 50 0 1.0
13 105296 2817 2923 1 1 0 1.0
13 121767 2821 3489 1 10 1 1.0
13 148334 2821 3099 1 10 0 1.0
13 117306 2821 3334 1 1 0 1.0
13 149732 2823 3444 1 50 0 1.0
13 143760 2824 4186 1 1 0 1.0
13 157804 2830 3500 1 1 1 1.0
13 122081 2831 2820 1 1 1 1.0
13 120566 2833 3005 1 1 1 1.0
13 100734 2833 2211 1 1 1 1.0
13 125053 2834 2588 1 10 1 1.0
13 90584 2837 2359 1 10 1 1.0
13 124071 2841 2936 1 50 1 1.0
13 159345 2841 3890 1 1 0 1.0
13 179633 2843 5095 1 10 1 1.0
13 94567 2843 2818 1 1 1 1.0
13 126871 2844 2994 1 50 0 1.0
13 137054 2845 3596 1 1 1 1.0
13 62795 2849 1599 1 1 0 1.0
13 136314 2850 3944 1 1 0 1.0
13 97233 2851 2230 1 1 1 1.0
13 165462 2851 3544 1 10 1 1.0
13 158176 2852 3644 1 10 0 1.0
13 113994 2852 2756 1 10 0 1.0
13 148683 2853 2979 1 1 0 1.0
13 60454 2854 1721 1 1 1 1.0
13 102096 2855 2142 1 10 0 1.0
13 101176 2860 2419 1 10 1 1.0
13 82678 2863 1704 1 1 0 1.0
13 87828 2867 2485 1 10 1 1.0
13 113355 2868 2868 1 1 0 1.0
13 114610 2871 2726 1 1 1 1.0
13 135894 2879 3103 1 1 1 1.0
13 107772 2880 3006 1 1 0 1.0
13 74655 2883 1828 1 1 1 1.0
13 90764 2884 2265 1 10 1 1.0
13 161097 2892 3332 1 10 0 1.0
13 130504 2897 3244 1 1 0 1.0
13 127173 2897 2785 1 1 1 1.0
13 119156 2899 2506 1 1 0 1.0
13 134549 2900 3460 1 1 0 1.0
13 91569 2903 2080 1 1 0 1.0
13 109227 2904 2921 1 1 0 1.0
13 112834 2904 2941 1 1 1 1.0
13 132150 2904 2806 1 50 0 1.0
13 143485 2904 3800 1 1 0 1.0
13 130244 2905 2769 1 1 0 1.0
13 101572 2911 2617 1 1 0 1.0
13 88917 2912 2655 1 1 1 1.0
13 172795 2925 3850 1 1 0 1.0
13 144565 2932 2894 1 10 0 1.0
13 79336 2934 1716 1 10 1 1.0
13 168304 2938 3684 1 1 1 1.0
13 151148 2942 4104 1 10 1 1.0
13 159811 2943 4276 1 10 0 1.0
13 127611 2948 2960 1 50 0 1.0
13 71109 2950 1476 1 1 0 1.0
13 149162 2951 3785 1 1 0 1.0
13 101436 2953 2736 1 1 1 1.0
13 102290 2960 2370 1 10 0 1.0
13 121442 2961 3129 1 1 0 1.0
13 127101 2966 3324 1 10 0 1.0
13 108986 2975 2427 1 1 0 1.0
13 129522 2976 3228 1 1 0 1.0
13 165410 2979 3576 1 1 0 1.0
13 85181 2981 1894 1 10 1 1.0
13 138261 2981 3010 1 10 1 1.0
13 134807 2984 3395 1 1 1 1.0
13 147340 2987 3969 1 1 0 1.0
13 97984 2989 2477 1 1 1 1.0
13 137328 2996 3387 1 10 1 1.0
13 90750 2997 2691 1 1 0 1.0
13 142922 2999 4026 1 1 1 1.0
13 137602 3000 3087 1 10 1 1.0
13 163363 3002 4205 1 50 1 1.0
13 143354 3004 2904 1 1 1 1.0
13 121026 3006 2918 1 1 1 1.0
13 145510 3006 3366 1 10 0 1.0
13 127315 3009 2557 1 10 1 1.0
13 97291 3014 2254 1 1 1 1.0
13 175975 3023 3904 1 10 0 1.0
13 101142 3023 2467 1 10 1 1.0
13 125659 3025 2604 1 10 0 1.0
13 78845 3033 2354 1 1 1 1.0
13 98250 3036 2825 1 1 1 1.0
13 157854 3043 3612 1 1 0 1.0
13 149119 3045 3519 1 1 0 1.0
13 173063 3045 3624 1 1 0 1.0
13 107941 3045 2540 1 10 1 1.0
13 150231 3047 4270 1 10 1 1.0
13 101398 3047 2419 1 1 1 1.0
13 143227 3049 2962 1 1 0 1.0
13 143154 3049 3383 1 1 0 1.0
13 81094 3053 1791 1 1 0 1.0
13 134733 3064 3165 1 10 0 1.0
13 97658 3068 2766 1 10 1 1.0
13 144187 3069 3753 1 1 1 1.0
13 91374 3070 2225 1 1 1 1.0
13 172967 3073 5104 1 1 0 1.0
13 137641 3074 3400 1 1 0 1.0
13 179706 3076 3728 1 50 0 1.0
13 114480 3080 2940 1 10 1 1.0
13 86073 3088 2213 1 10 0 1.0
13 68550 3089 1610 1 10 1 1.0
13 83885 3093 1762 1 10 0 1.0
13 126815 3093 2839 1 1 1 1.0
13 81216 3094 2406 1 1 1 1.0
13 153915 3096 3141 1 10 0 1.0
13 133212 3097 3445 1 1 1 1.0
13 80087 3098 2302 1 10 1 1.0
13 125524 3106 3606 1 10 1 1.0
13 146209 3107 3560 1 10 1 1.0
13 100109 3108 2701 1 1 0 1.0
13 162404 3110 4532 1 1 0 1.0
13 116471 3116 2996 1 10 1 1.0
13 67715 3116 1449 1 50 0 1.0
13 62770 3118 1823 1 10 0 1.0
13 94121 3125 2162 1 1 0 1.0
13 122628 3127 3502 1 1 0 1.0
13 124403 3128 3443 1 10 1 1.0
13 68709 3131 1414 1 10 0 1.0
13 177619 3135 4995 1 1 0 1.0
13 169316 3138 3563 1 10 1 1.0
13 141505 3138 3549 1 50 0 1.0
13 111415 3139 3287 1 10 0 1.0
13 166907 3141 3423 1 1 1 1.0
13 80731 3144 1828 1 10 0 1.0
13 60863 3144 1473 1 10 1 1.0
13 130470 3145 3367 1 1 0 1.0
13 154656 3147 4083 1 10 0 1.0
13 140768 3149 4193 1 1 1 1.0
13 115303 3157 3226 1 10 1 1.0
13 118214 3158 3423 1 1 0 1.0
13 91224 3159 2506 1 10 0 1.0
13 145309 3161 4109 1 1 0 1.0
13 81834 3163 1812 1 10 0 1.0
13 163807 3168 4135 1 1 0 1.0
13 91058 3171 2614 1 1 1 1.0
13 149098 3171 3151 1 1 1 1.0
13 93122 3179 2505 1 1 1 1.0
13 128157 3180 3314 1 1 1 1.0
13 163591 3180 4585 1 10 1 1.0
13 159222 3184 4101 1 1 0 1.0
13 61680 3186 1280 1 1 1 1.0
13 170045 3186 3606 1 10 0 1.0
13 72980 3188 1675 1 1 1 1.0
13 156747 3189 3645 1 1 1 1.0
13 159912 3190 3725 1 10 1 1.0
13 159688 3193 4492 1 10 0 1.0
13 160090 3194 3457 1 10 1 1.0
13 63236 3195 1519 1 1 0 1.0
13 149185 3198 3859 1 10 1 1.0
13 126460 3204 2971 1 1 0 1.0
13 124874 3205 3207 1 10 0 1.0
13 169354 3211 4186 1 10 1 1.0
13 146122 3211 3100 1 1 0 1.0
13 91497 3212 2058 1 10 1 1.0
13 137730 3214 3285 1 50 1 1.0
13 138829 3215 4133 1 10 0 1.0
13 109059 3215 2480 1 50 1 1.0
13 124454 3216 2612 1 1 1 1.0
13 142903 3216 4115 1 1 1 1.0
13 88437 3223 2438 1 10 0 1.0
13 175014 3227 4724 1 50 0 1.0
13 134059 3231 3871 1 1 1 1.0
13 89686 3235 2197 1 1 1 1.0
13 121463 3236 2941 1 1 0 1.0
13 133625 3239 3344 1 10 0 1.0
13 65453 3240 1434 1 1 0 1.0
13 117938 3244 2390 1 1 1 1.0
13 110574 3245 2222 1 1 0 1.0
13 73460 3246 1953 1 10 0 1.0
13 98929 3247 2071 1 1 0 1.0
13 114888 3248 2569 1 1 1 1.0
13 111177 3250 2425 1 1 0 1.0
13 151545 3252 4500 1 1 1 1.0
13 170925 3259 4393 1 1 1 1.0
13 164852 3259 4359 1 10 0 1.0
13 70338 3262 1940 1 1 1 1.0
13 142650 3262 4001 1 10 1 1.0
13 77297 3266 1595 1 1 0 1.0
13 177154 3270 4252 1 10 1 1.0
13 82893 3277 1978 1 1 1 1.0
13 106133 3277 2569 1 10 0 1.0
13 121633 3280 3132 1 1 0 1.0
13 125790 3288 2964 1 50 0 1.0
13 82921 3290 1987 1 1 1 1.0
13 129486 3291 3741 1 1 1 1.0
13 153582 3293 4065 1 10 0 1.0
13 154466 3293 4528 1 1 0 1.0
13 159131 3295 4771 1 1 0 1.0
13 168829 3297 3694 1 10 0 1.0
13 90796 3297 2613 1 10 0 1.0
13 147290 3300 2962 1 10 0 1.0
13 157268 3301 3294 1 10 0 1.0
13 166066 3302 3898 1 1 0 1.0
13 84396 3304 1922 1 10 0 1.0
13 99161 3306 2153 1 1 1 1.0
13 156418 3308 4339 1 10 1 1.0
13 119491 3309 3000 1 50 0 1.0
13 176879 3310 5158 1 10 1 1.0
13 147700 3311 3534 1 10 0 1.0
13 77327 3311 1834 1 1 0 1.0
13 66862 3312 1932 1 50 0 1.0
13 158893 3318 3552 1 1 1 1.0
13 175278 3319 3776 1 1 1 1.0
13 127329 3321 2738 1 10 1 1.0
13 76678 3327 1633 1 1 0 1.0
13 95978 3330 2157 1 1 1 1.0
13 113118 3340 3233 1 10 0 1.0
13 72606 3341 1826 1 1 1 1.0
13 152810 3345 3317 1 1 0 1.0
13 79087 3346 2117 1 1 0 1.0
13 127859 3355 3193 1 10 0 1.0
13 132191 3356 3730 1 50 1 1.0
13 138877 3356 3448 1 1 1 1.0
13 118128 3357 2903 1 1 0 1.0
13 114107 3358 2593 1 10 1 1.0
13 108743 3363 2520 1 1 0 1.0
13 75765 3364 1932 1 1 0 1.0
13 157403 3365 3247 1 1 0 1.0
13 106287 3367 2938 1 50 0 1.0
13 131081 3369 2901 1 10 0 1.0
13 127487 3369 3232 1 1 0 1.0
13 176163 3373 4451 1 1 1 1.0
13 164853 3377 3761 1 1 0 1.0
13 169494 3378 3786 1 10 1 1.0
13 104586 3378 2310 1 1 1 1.0
13 107796 3382 2405 1 50 1 1.0
13 175275 3385 4993 1 1 1 1.0
13 139917 3388 3798 1 1 0 1.0
13 143305 3392 4099 1 1 0 1.0
13 125707 3395 3256 1 1 0 1.0
13 128421 3397 3500 1 10 0 1.0
13 103121 3398 2896 1 1 1 1.0
13 79864 3399 1855 1 1 1 1.0
13 72944 3404 1991 1 50 1 1.0
13 69328 3405 1529 1 10 1 1.0
13 74084 3406 1491 1 10 1 1.0
13 124916 3407 3685 1 1 1 1.0
13 149266 3412 4377 1 1 1 1.0
13 168609 3414 4749 1 1 1 1.0
13 62456 3422 1790 1 1 1 1.0
13 164972 3426 4375 1 10 1 1.0
13 173159 3429 3820 1 1 0 1.0
13 162794 3432 4228 1 10 1 1.0
13 101372 3435 2754 1 50 1 1.0
13 151825 3436 3986 1 1 0 1.0
13 78334 3442 2169 1 50 1 1.0
13 141143 3444 3903 1 50 0 1.0
13 92353 3448 2617 1 1 0 1.0
13 66261 3448 1830 1 1 0 1.0
13 82264 3453 1925 1 1 0 1.0
13 160612 3454 4499 1 10 0 1.0
13 82750 3454 2380 1 10 0 1.0
13 131522 3457 2786 1 10 1 1.0
13 114318 3458 3015 1 1 1 1.0
13 115029 3462 3314 1 10 1 1.0
13 153287 3469 3759 1 1 0 1.0
13 81558 3474 1644 1 10 1 1.0
13 135497 3475 3629 1 1 1 1.0
13 95141 3475 1951 1 10 1 1.0
13 74501 3476 1656 1 1 1 1.0
13 84934 3476 2109 1 10 1 1.0
13 88941 3478 2158 1 10 1 1.0
13 121518 3478 3243 1 1 0 1.0
13 76040 3480 2260 1 1 0 1.0
13 79044 3480 1797 1 1 0 1.0
13 174866 3482 4087 1 1 0 1.0
13 169123 3483 4159 1 10 1 1.0
13 110523 3483 2606 1 10 0 1.0
13 88063 3488 2527 1 10 0 1.0
13 77660 3489 1990 1 10 1 1.0
13 137718 3493 2780 1 1 0 1.0
13 112406 3495 3050 1 10 0 1.0
13 171192 3497 4755 1 1 0 1.0
13 69607 3500 1439 1 1 1 1.0
13 134561 3504 3938 1 1 1 1.0
13 65086 3506 1902 1 10 1 1.0
13 63476 3509 1418 1 10 1 1.0
13 147029 3523 3675 1 10 1 1.0
13 165649 3525 4273 1 1 1 1.0
13 75349 3531 1676 1 1 0 1.0
13 146399 3534 3045 1 50 0 1.0
13 135687 3536 3766 1 10 1 1.0
13 78908 3537 2221 1 1 0 1.0
13 65194 3538 1811 1 1 1 1.0
13 103728 3539 2146 1 10 0 1.0
13 174264 3542 3788 1 1 0 1.0
13 93268 3543 2433 1 1 0 1.0
13 142304 3545 3597 1 1 0 1.0
13 178681 3545 3982 1 1 1 1.0
13 115870 3547 2628 1 1 0 1.0
13 138655 3549 3737 1 1 0 1.0
13 150839 3552 4360 1 1 0 1.0
13 77445 3555 1643 1 10 0 1.0
13 134911 3556 3988 1 10 0 1.0
13 101570 3556 2042 1 10 1 1.0
13 152344 3559 3514 1 1 0 1.0
13 95573 3560 1918 1 10 0 1.0
13 98093 3562 2511 1 1 1 1.0
13 99763 3564 2266 1 1 1 1.0
13 99799 3568 2132 1 10 1 1.0
13 86227 3570 2307 1 1 1 1.0
13 101641 3572 2246 1 10 1 1.0
13 153308 3573 4292 1 1 1 1.0
13 131365 3575 2634 1 10 1 1.0
13 85979 3577 2129 1 10 1 1.0
13 88659 3577 1978 1 1 1 1.0
13 77227 3578 1836 1 10 0 1.0
13 102308 3581 2584 1 1 0 1.0
13 141714 3583 3054 1 1 1 1.0
13 107604 3585 3128 1 1 0 1.0
13 62727 3585 1828 1 10 1 1.0
13 129918 3590 3467 1 10 1 1.0
13 107120 3592 2145 1 10 0 1.0
13 132323 3594 3669 1 50 0 1.0
13 171825 3595 4982 1 50 1 1.0
13 67177 3599 1556 1 1 0 1.0
