1500
15 104825 5 2649 1 1 1 1.0
15 149144 6 3868 1 1 1 1.0
15 97447 7 2103 1 10 1 1.0
15 65834 11 1824 1 1 1 1.0
15 101340 11 2460 1 1 0 1.0
15 162702 12 3998 1 10 0 1.0
15 132084 12 2968 1 50 0 1.0
15 95118 13 2420 1 1 1 1.0
15 84599 15 2080 1 1 0 1.0
15 82810 18 2469 1 1 1 1.0
15 178863 20 4171 1 10 1 1.0
15 138716 22 3836 1 1 0 1.0
15 147559 25 4138 1 1 0 1.0
15 159325 26 4095 1 1 1 1.0
15 165842 27 4636 1 10 1 1.0
15 146274 29 3492 1 1 0 1.0
15 138242 30 3878 1 1 1 1.0
15 156697 30 3413 1 1 1 1.0
15 143540 32 3072 1 10 0 1.0
15 77232 34 1874 1 1 0 1.0
15 98601 35 2866 1 1 0 1.0
15 80559 41 2401 1 1 0 1.0
15 162422 46 3348 1 1 0 1.0
15 162219 48 3661 1 10 0 1.0
15 122511 49 3252 1 1 0 1.0
15 96683 51 2525 1 1 0 1.0
15 162506 52 3939 1 1 1 1.0
15 86708 53 2487 1 1 0 1.0
15 60969 58 1825 1 1 0 1.0
15 159142 59 4536 1 1 0 1.0
15 122947 62 3532 1 1 1 1.0
15 101130 66 2843 1 1 1 1.0
15 167696 67 4712 1 1 1 1.0
15 158704 68 3835 1 10 1 1.0
15 163292 73 4561 1 1 0 1.0
15 168449 73 4386 1 10 1 1.0
15 97421 74 2331 1 1 1 1.0
15 86936 79 2242 1 1 1 1.0
15 108490 81 2555 1 10 0 1.0
15 172650 82 4424 1 50 0 1.0
15 178400 86 3900 1 1 0 1.0
15 99584 88 2373 1 1 1 1.0
15 120165 89 2612 1 1 1 1.0
15 102618 95 3047 1 50 1 1.0
15 98177 97 2491 1 10 0 1.0
15 145788 98 4371 1 1 0 1.0
15 130226 101 3774 1 1 1 1.0
15 175334 101 5006 1 1 1 1.0
15 161305 106 4260 1 10 1 1.0
15 65329 107 1430 1 1 1 1.0
15 69903 107 1493 1 10 0 1.0
15 147876 108 3956 1 1 1 1.0
15 170847 109 3603 1 1 1 1.0
15 75637 109 2089 1 1 1 1.0
15 96847 109 2022 1 10 0 1.0
15 72426 117 2029 1 50 0 1.0
15 170679 118 5012 1 1 1 1.0
15 86059 122 2194 1 10 0 1.0
15 99282 126 2327 1 1 0 1.0
15 117207 126 3298 1 1 1 1.0
15 99819 127 2284 1 1 1 1.0
15 73981 128 1760 1 10 1 1.0
15 82339 132 2171 1 1 1 1.0
15 168875 137 3713 1 10 1 1.0
15 135012 138 3060 1 1 0 1.0
15 144407 140 4267 1 1 1 1.0
15 75069 146 2176 1 1 0 1.0
15 93201 150 2327 1 10 0 1.0
15 93446 153 1949 1 1 1 1.0
15 107363 157 2561 1 1 0 1.0
15 97892 157 2488 1 10 1 1.0
15 171993 157 3769 1 50 0 1.0
15 145349 158 2997 1 1 1 1.0
15 68941 160 1763 1 1 1 1.0
15 148836 168 3191 1 1 0 1.0
15 101693 171 2492 1 1 0 1.0
15 113591 171 2858 1 1 1 1.0
15 116396 176 3413 1 1 0 1.0
15 131187 176 3241 1 10 1 1.0
15 160610 177 3492 1 10 0 1.0
15 108262 179 2418 1 10 0 1.0
15 173355 181 3501 1 10 1 1.0
15 73056 184 2099 1 10 0 1.0
15 100174 185 2934 1 1 1 1.0
15 121323 189 2670 1 1 0 1.0
15 107373 190 2437 1 10 1 1.0
15 172220 191 4188 1 1 0 1.0
15 150420 191 3165 1 10 1 1.0
15 116144 192 2927 1 1 0 1.0
15 129093 194 3010 1 10 0 1.0
15 95751 195 2788 1 1 1 1.0
15 126891 195 2731 1 1 1 1.0
15 112875 198 2597 1 1 1 1.0
15 159563 201 3447 1 1 1 1.0
15 63824 207 1285 1 10 1 1.0
15 107035 208 3178 1 1 1 1.0
15 93496 211 2175 1 1 0 1.0
15 96436 211 2280 1 1 1 1.0
15 86552 213 2308 1 10 1 1.0
15 163412 213 3474 1 1 1 1.0
15 141522 223 3103 1 50 1 1.0
15 154245 224 3341 1 10 1 1.0
15 91636 224 2556 1 10 1 1.0
15 114635 226 2532 1 10 1 1.0
15 75639 227 1989 1 1 0 1.0
15 141765 227 3459 1 1 1 1.0
15 157052 228 3412 1 10 1 1.0
15 89291 231 2291 1 1 0 1.0
15 64890 231 1530 1 1 0 1.0
15 121347 233 3425 1 1 1 1.0
15 126117 235 3314 1 10 1 1.0
15 67806 235 1618 1 1 1 1.0
15 129648 240 3414 1 10 1 1.0
15 165765 241 3526 1 10 1 1.0
15 89990 242 2499 1 1 0 1.0
15 118020 242 2719 1 10 0 1.0
15 84971 245 2459 1 1 1 1.0
15 121791 246 3600 1 10 1 1.0
15 77527 252 1844 1 50 0 1.0
15 142266 253 4031 1 50 0 1.0
15 144507 253 2933 1 1 1 1.0
15 92767 259 2295 1 1 0 1.0
15 70121 260 1641 1 10 1 1.0
15 78283 260 1718 1 1 1 1.0
15 71369 261 2037 1 10 1 1.0
15 172186 264 4380 1 1 1 1.0
15 174174 266 4709 1 1 0 1.0
15 148548 269 4221 1 10 0 1.0
15 107049 272 2779 1 10 1 1.0
15 117686 274 3061 1 1 0 1.0
15 66674 274 1567 1 1 1 1.0
15 86661 274 2154 1 1 0 1.0
15 151707 279 3283 1 1 0 1.0
15 103674 279 2483 1 1 1 1.0
15 77761 281 2272 1 50 0 1.0
15 157523 285 3562 1 1 0 1.0
15 61380 288 1318 1 1 0 1.0
15 103134 290 2626 1 1 0 1.0
15 175285 293 5012 1 1 1 1.0
15 64090 298 1921 1 10 0 1.0
15 89992 299 2164 1 1 1 1.0
15 64046 299 1629 1 1 0 1.0
15 138201 305 2798 1 1 1 1.0
15 74854 314 2117 1 10 0 1.0
15 88582 314 2568 1 1 0 1.0
15 116401 316 3430 1 10 0 1.0
15 90943 316 2248 1 10 0 1.0
15 69168 318 1600 1 10 1 1.0
15 67015 322 1453 1 10 1 1.0
15 120287 323 2903 1 1 1 1.0
15 70524 330 1817 1 1 1 1.0
15 106475 334 2423 1 10 0 1.0
15 157278 335 4653 1 1 1 1.0
15 69514 337 1687 1 50 0 1.0
15 104508 339 2556 1 1 0 1.0
15 70331 339 1812 1 50 1 1.0
15 97501 341 2802 1 1 0 1.0
15 80316 342 1727 1 10 1 1.0
15 151051 343 3630 1 10 0 1.0
15 72773 344 1517 1 10 1 1.0
15 79897 346 2018 1 1 1 1.0
15 129068 347 3458 1 1 1 1.0
15 121254 347 2456 1 10 1 1.0
15 79045 348 2216 1 10 0 1.0
15 61169 349 1774 1 1 0 1.0
15 106041 350 2289 1 1 1 1.0
15 167626 352 3521 1 10 1 1.0
15 120042 353 2729 1 1 0 1.0
15 166091 355 3917 1 1 1 1.0
15 63616 357 1324 1 1 0 1.0
15 172792 358 4846 1 1 1 1.0
15 172365 359 4815 1 10 0 1.0
15 111450 362 3197 1 1 1 1.0
15 120385 363 2918 1 1 1 1.0
15 80931 364 1800 1 1 1 1.0
15 136226 367 3336 1 1 0 1.0
15 94596 367 2068 1 1 0 1.0
15 170887 368 5054 1 10 0 1.0
15 88059 371 2172 1 10 1 1.0
15 177746 372 5159 1 10 1 1.0
15 102099 373 2164 1 1 1 1.0
15 175972 373 5014 1 50 0 1.0
15 124987 374 2786 1 1 1 1.0
15 175737 378 3978 1 1 1 1.0
15 107311 380 3193 1 1 0 1.0
15 159227 380 4175 1 1 0 1.0
15 133016 383 2714 1 1 1 1.0
15 158557 383 4720 1 1 0 1.0
15 69870 387 1695 1 10 1 1.0
15 112069 391 3346 1 1 0 1.0
15 132081 392 3257 1 1 0 1.0
15 140621 394 2956 1 1 1 1.0
15 89339 395 1854 1 1 1 1.0
15 96602 396 2677 1 10 0 1.0
15 86591 400 1956 1 1 1 1.0
15 65126 401 1701 1 1 0 1.0
15 88198 401 2497 1 10 0 1.0
15 77613 402 2247 1 1 0 1.0
15 140972 408 3750 1 1 0 1.0
15 110361 417 2876 1 10 1 1.0
15 89395 418 2535 1 1 1 1.0
15 66249 427 1395 1 1 1 1.0
15 130246 427 2765 1 10 0 1.0
15 121447 429 3417 1 10 1 1.0
15 166302 431 4265 1 1 0 1.0
15 114496 432 2804 1 1 0 1.0
15 145726 436 4073 1 1 1 1.0
15 103332 440 2222 1 10 0 1.0
15 107188 449 2865 1 1 1 1.0
15 63319 451 1289 1 10 1 1.0
15 176834 451 4843 1 1 0 1.0
15 143522 459 3760 1 1 0 1.0
15 128618 459 2853 1 1 0 1.0
15 104185 461 2294 1 1 1 1.0
15 147202 461 3713 1 50 0 1.0
15 150894 468 4240 1 1 1 1.0
15 139157 469 2931 1 50 1 1.0
15 168559 472 3584 1 10 1 1.0
15 166893 472 4725 1 1 1 1.0
15 122473 474 3568 1 1 1 1.0
15 69378 475 1646 1 1 0 1.0
15 141669 487 3378 1 50 1 1.0
15 117078 487 2817 1 1 1 1.0
15 101787 492 2409 1 1 1 1.0
15 172885 492 3896 1 1 0 1.0
15 167644 494 4992 1 10 0 1.0
15 87206 497 2007 1 50 0 1.0
15 95876 497 2628 1 1 1 1.0
15 165189 501 4586 1 10 1 1.0
15 98960 506 2018 1 1 1 1.0
15 163226 507 4736 1 1 1 1.0
15 86630 516 2202 1 10 1 1.0
15 141130 516 3252 1 1 1 1.0
15 75553 518 2101 1 1 0 1.0
15 97568 521 2287 1 1 0 1.0
15 101851 525 2159 1 1 0 1.0
15 149379 527 3650 1 1 0 1.0
15 178292 527 4898 1 50 0 1.0
15 135584 527 2740 1 10 1 1.0
15 143164 530 4078 1 1 1 1.0
15 112712 532 2439 1 10 1 1.0
15 75159 534 1896 1 10 0 1.0
15 108353 536 2690 1 1 0 1.0
15 86799 536 2483 1 10 1 1.0
15 144843 538 2974 1 1 1 1.0
15 150634 540 3882 1 1 1 1.0
15 80894 543 1661 1 1 1 1.0
15 94703 544 2375 1 10 0 1.0
15 133922 551 3473 1 1 1 1.0
15 130894 553 3387 1 10 0 1.0
15 124891 555 3675 1 1 1 1.0
15 68510 559 1953 1 10 1 1.0
15 85320 560 2222 1 1 1 1.0
15 138068 560 3728 1 1 0 1.0
15 149433 561 3740 1 50 0 1.0
15 140619 564 3953 1 10 0 1.0
15 176981 579 4607 1 1 1 1.0
15 178738 580 3575 1 1 0 1.0
15 160549 581 3253 1 50 0 1.0
15 89241 586 2576 1 1 0 1.0
15 146471 588 3258 1 10 1 1.0
15 93183 595 1904 1 10 0 1.0
15 152695 596 4071 1 1 0 1.0
15 111596 600 2962 1 1 1 1.0
15 104869 602 2609 1 50 1 1.0
15 144376 602 4065 1 10 1 1.0
15 96083 613 2408 1 1 0 1.0
15 112047 614 2519 1 1 1 1.0
15 98842 614 2363 1 1 0 1.0
15 130121 615 3337 1 1 1 1.0
15 161688 618 3920 1 1 0 1.0
15 96974 621 2633 1 50 1 1.0
15 68311 629 1542 1 1 0 1.0
15 66126 629 1540 1 1 1 1.0
15 139378 633 2863 1 50 0 1.0
15 149443 635 3285 1 10 1 1.0
15 146014 636 2948 1 1 1 1.0
15 144722 637 3278 1 1 0 1.0
15 98156 641 2454 1 1 1 1.0
15 169796 647 4449 1 1 1 1.0
15 167421 648 4817 1 1 0 1.0
15 160521 650 3236 1 10 1 1.0
15 60441 654 1482 1 1 1 1.0
15 170858 655 5088 1 1 0 1.0
15 114659 657 2726 1 10 0 1.0
15 138412 657 3948 1 1 0 1.0
15 122970 661 2908 1 10 1 1.0
15 121885 666 3092 1 1 0 1.0
15 82525 671 1722 1 1 0 1.0
15 112227 672 3352 1 10 0 1.0
15 96114 673 2598 1 1 0 1.0
15 130587 673 3567 1 10 1 1.0
15 96504 674 2435 1 1 1 1.0
15 166211 680 3476 1 1 1 1.0
15 129751 681 2777 1 50 0 1.0
15 138960 682 3856 1 1 1 1.0
15 98986 691 2216 1 1 0 1.0
15 127214 692 3017 1 1 1 1.0
15 168948 693 3584 1 1 0 1.0
15 166104 695 4520 1 1 1 1.0
15 170836 695 5042 1 1 0 1.0
15 68883 697 1698 1 1 1 1.0
15 83746 702 2280 1 1 1 1.0
15 168205 704 4696 1 10 1 1.0
15 172990 704 5138 1 1 0 1.0
15 115029 704 2973 1 1 0 1.0
15 103435 707 3087 1 1 1 1.0
15 169498 708 3726 1 1 1 1.0
15 85928 716 2008 1 1 1 1.0
15 70532 719 1555 1 50 0 1.0
15 149021 723 4465 1 1 0 1.0
15 71367 723 1782 1 1 1 1.0
15 139745 730 3861 1 1 0 1.0
15 132882 730 2850 1 1 1 1.0
15 157527 730 3608 1 1 0 1.0
15 104953 732 2985 1 1 0 1.0
15 131038 734 3155 1 10 1 1.0
15 123189 736 3240 1 1 1 1.0
15 63374 737 1297 1 1 0 1.0
15 62160 737 1284 1 1 1 1.0
15 102623 738 2404 1 10 0 1.0
15 127516 739 3174 1 10 0 1.0
15 69451 744 1758 1 1 1 1.0
15 62642 744 1862 1 1 1 1.0
15 70033 745 1970 1 1 1 1.0
15 82087 745 2432 1 1 0 1.0
15 89722 745 1826 1 1 1 1.0
15 176217 746 4902 1 10 0 1.0
15 98523 746 2022 1 1 1 1.0
15 152180 746 3790 1 10 0 1.0
15 127208 757 3133 1 50 1 1.0
15 147355 763 2958 1 10 1 1.0
15 98918 768 2943 1 1 1 1.0
15 155937 776 3736 1 1 0 1.0
15 115065 777 2309 1 10 1 1.0
15 108764 779 3056 1 50 1 1.0
15 148436 780 3924 1 1 0 1.0
15 163020 780 4574 1 1 0 1.0
15 64963 784 1428 1 10 0 1.0
15 76633 786 2017 1 1 0 1.0
15 162275 786 4309 1 50 0 1.0
15 169870 787 4805 1 1 0 1.0
15 76330 788 2168 1 50 1 1.0
15 154284 791 3374 1 1 1 1.0
15 132265 801 2685 1 10 0 1.0
15 89555 805 2053 1 10 0 1.0
15 75022 811 2130 1 50 1 1.0
15 110406 819 2227 1 1 0 1.0
15 143966 824 3058 1 1 0 1.0
15 117844 827 3242 1 1 0 1.0
15 122944 833 3635 1 1 1 1.0
15 132302 834 2738 1 1 0 1.0
15 76879 835 1961 1 10 1 1.0
15 166266 839 4616 1 50 1 1.0
15 69820 844 1596 1 10 1 1.0
15 120382 845 2985 1 1 1 1.0
15 133983 849 3950 1 1 1 1.0
15 123875 850 3203 1 1 0 1.0
15 88333 851 1800 1 1 1 1.0
15 125388 852 3221 1 10 0 1.0
15 73477 853 1770 1 1 1 1.0
15 99808 853 2019 1 10 1 1.0
15 116373 856 2744 1 1 0 1.0
15 144161 856 4292 1 1 0 1.0
15 92522 858 2173 1 1 1 1.0
15 80088 864 2071 1 1 1 1.0
15 127468 865 3728 1 10 0 1.0
15 108885 866 2645 1 10 0 1.0
15 130127 868 2666 1 1 1 1.0
15 141604 870 3926 1 1 0 1.0
15 102059 872 2230 1 10 1 1.0
15 95095 872 2029 1 50 0 1.0
15 70480 878 1420 1 50 1 1.0
15 123192 879 3451 1 1 1 1.0
15 126391 881 2627 1 1 1 1.0
15 145102 883 3184 1 10 0 1.0
15 113177 885 3179 1 1 0 1.0
15 93941 886 2277 1 10 0 1.0
15 100861 887 3002 1 50 1 1.0
15 154058 892 3719 1 10 0 1.0
15 81576 894 2392 1 1 1 1.0
15 142894 894 4118 1 1 0 1.0
15 82510 898 1670 1 1 0 1.0
15 67658 900 1433 1 10 1 1.0
15 158181 902 4568 1 1 1 1.0
15 111823 903 2531 1 10 1 1.0
15 155917 904 3276 1 1 1 1.0
15 150961 906 4374 1 1 0 1.0
15 138279 907 2776 1 1 0 1.0
15 66423 910 1726 1 1 1 1.0
15 102814 911 3042 1 1 0 1.0
15 69061 912 1629 1 1 1 1.0
15 80420 918 2311 1 50 0 1.0
15 85042 920 2502 1 1 0 1.0
15 75542 923 2167 1 10 0 1.0
15 166414 925 4774 1 1 0 1.0
15 96113 929 1976 1 10 1 1.0
15 179451 930 4542 1 10 1 1.0
15 160543 937 3966 1 10 0 1.0
15 132385 937 3682 1 1 1 1.0
15 111590 942 3044 1 1 0 1.0
15 88997 942 1967 1 50 0 1.0
15 141116 945 3771 1 10 0 1.0
15 63774 945 1750 1 50 1 1.0
15 158925 951 3649 1 1 0 1.0
15 62142 954 1710 1 1 1 1.0
15 130990 955 3829 1 50 1 1.0
15 135531 955 3847 1 10 0 1.0
15 118536 961 2578 1 1 1 1.0
15 121897 964 3442 1 1 1 1.0
15 97958 968 2166 1 1 0 1.0
15 97708 972 2469 1 1 1 1.0
15 123014 975 3297 1 1 1 1.0
15 144055 976 4050 1 1 0 1.0
15 110764 979 2275 1 1 1 1.0
15 121880 980 3483 1 50 0 1.0
15 67055 982 1849 1 1 1 1.0
15 74853 986 1573 1 1 1 1.0
15 65848 986 1958 1 1 1 1.0
15 162881 987 4494 1 1 1 1.0
15 161704 988 3654 1 1 0 1.0
15 92295 989 2193 1 50 0 1.0
15 176078 994 3708 1 50 0 1.0
15 153031 1002 3307 1 1 0 1.0
15 174683 1003 4454 1 10 1 1.0
15 178602 1006 4926 1 1 0 1.0
15 75841 1007 1723 1 1 1 1.0
15 98052 1008 2289 1 1 1 1.0
15 90183 1010 2093 1 50 0 1.0
15 109970 1013 2877 1 1 1 1.0
15 176511 1014 4120 1 1 1 1.0
15 132089 1016 3229 1 10 1 1.0
15 156239 1017 4501 1 10 0 1.0
15 105797 1024 2253 1 1 1 1.0
15 170625 1026 3787 1 10 0 1.0
15 69682 1027 1600 1 10 1 1.0
15 164401 1034 3417 1 1 0 1.0
15 155230 1035 3461 1 10 1 1.0
15 110921 1037 2497 1 1 0 1.0
15 128962 1038 3335 1 1 0 1.0
15 113970 1040 3371 1 1 0 1.0
15 91915 1041 2500 1 1 1 1.0
15 68101 1044 1859 1 10 0 1.0
15 82462 1044 2433 1 1 0 1.0
15 162552 1044 3964 1 10 1 1.0
15 80724 1045 2301 1 1 0 1.0
15 126758 1047 3657 1 1 1 1.0
15 136145 1050 3636 1 1 0 1.0
15 133316 1051 3540 1 1 1 1.0
15 69732 1054 2069 1 50 1 1.0
15 104070 1058 2445 1 10 1 1.0
15 146335 1058 3969 1 1 1 1.0
15 137740 1059 3691 1 1 0 1.0
15 138283 1060 3446 1 10 1 1.0
15 112824 1063 2282 1 10 0 1.0
15 73353 1070 1934 1 10 0 1.0
15 75564 1070 2116 1 1 1 1.0
15 147874 1071 4358 1 10 0 1.0
15 176311 1071 4436 1 1 0 1.0
15 123205 1079 2648 1 10 0 1.0
15 160186 1080 3483 1 1 1 1.0
15 98411 1096 2293 1 1 1 1.0
15 141116 1097 3886 1 10 0 1.0
15 114829 1099 2599 1 10 0 1.0
15 176636 1102 3807 1 1 1 1.0
15 79741 1103 1909 1 50 1 1.0
15 101296 1104 2456 1 1 1 1.0
15 64703 1104 1777 1 1 0 1.0
15 60444 1105 1795 1 1 0 1.0
15 130567 1105 2670 1 10 1 1.0
15 138007 1106 3755 1 1 0 1.0
15 116865 1108 3477 1 1 0 1.0
15 134547 1108 3584 1 1 1 1.0
15 69441 1110 1963 1 10 0 1.0
15 101658 1113 2808 1 10 1 1.0
15 164923 1113 4486 1 1 1 1.0
15 153085 1114 3204 1 10 1 1.0
15 124187 1117 3696 1 10 0 1.0
15 85195 1125 2047 1 1 0 1.0
15 125229 1125 3160 1 10 1 1.0
15 122824 1129 2932 1 1 1 1.0
15 153037 1142 3923 1 10 1 1.0
15 75482 1144 1862 1 1 0 1.0
15 140427 1144 3249 1 10 1 1.0
15 110193 1144 2609 1 1 0 1.0
15 79413 1147 1859 1 1 0 1.0
15 136495 1152 3759 1 1 0 1.0
15 147049 1153 4213 1 1 1 1.0
15 169089 1156 3619 1 1 1 1.0
15 153277 1156 4525 1 1 0 1.0
15 119559 1157 3149 1 10 1 1.0
15 112080 1158 2436 1 1 1 1.0
15 134015 1162 2769 1 1 1 1.0
15 146402 1164 3199 1 1 1 1.0
15 161984 1166 4336 1 1 1 1.0
15 124276 1167 2607 1 1 1 1.0
15 70279 1167 1703 1 50 0 1.0
15 123047 1171 3056 1 50 0 1.0
15 159506 1173 3519 1 1 0 1.0
15 172496 1174 4908 1 10 0 1.0
15 111756 1179 2646 1 1 0 1.0
15 83331 1183 2083 1 1 1 1.0
15 118302 1185 3375 1 10 0 1.0
15 130077 1186 3294 1 1 1 1.0
15 140848 1188 2825 1 1 0 1.0
15 134648 1192 3018 1 1 1 1.0
15 66117 1193 1642 1 1 0 1.0
15 90023 1197 1926 1 1 1 1.0
15 73134 1197 1472 1 1 0 1.0
15 150206 1201 4264 1 1 0 1.0
15 69172 1202 1940 1 1 1 1.0
15 126382 1203 3200 1 10 0 1.0
15 120544 1204 2996 1 1 1 1.0
15 112440 1205 3260 1 1 1 1.0
15 164928 1205 4207 1 50 0 1.0
15 110458 1207 3076 1 50 0 1.0
15 71479 1209 1446 1 1 0 1.0
15 158532 1209 3462 1 1 1 1.0
15 150514 1215 4112 1 50 1 1.0
15 70210 1216 1721 1 1 0 1.0
15 116413 1218 3416 1 1 1 1.0
15 123598 1220 2988 1 1 1 1.0
15 107268 1225 3082 1 50 0 1.0
15 115556 1226 2384 1 50 0 1.0
15 117859 1226 2391 1 10 0 1.0
15 118110 1230 2926 1 10 0 1.0
15 128019 1231 2784 1 1 1 1.0
15 129809 1231 3297 1 1 1 1.0
15 156864 1232 3375 1 50 1 1.0
15 139678 1232 4112 1 1 0 1.0
15 154445 1233 4327 1 10 1 1.0
15 104921 1234 2986 1 10 1 1.0
15 139187 1235 3870 1 1 1 1.0
15 134687 1237 3170 1 1 1 1.0
15 144096 1239 2884 1 1 0 1.0
15 82244 1241 1828 1 1 0 1.0
15 129867 1246 2939 1 10 0 1.0
15 92354 1246 2471 1 1 1 1.0
15 112964 1249 2721 1 1 1 1.0
15 95714 1251 2567 1 10 0 1.0
15 107459 1255 2843 1 1 0 1.0
15 95027 1258 2309 1 1 0 1.0
15 90176 1260 1914 1 1 1 1.0
15 142872 1263 3815 1 50 0 1.0
15 93119 1264 2231 1 1 0 1.0
15 134623 1269 2845 1 10 0 1.0
15 168259 1269 4436 1 1 0 1.0
15 171525 1271 4792 1 10 0 1.0
15 61169 1274 1666 1 1 1 1.0
15 165947 1275 3624 1 1 0 1.0
15 96530 1278 2715 1 1 0 1.0
15 167979 1281 3805 1 1 0 1.0
15 137771 1284 3954 1 10 0 1.0
15 138594 1289 2896 1 10 1 1.0
15 86757 1291 1876 1 10 1 1.0
15 179317 1294 4350 1 10 1 1.0
15 82244 1295 1885 1 10 1 1.0
15 65405 1309 1437 1 1 1 1.0
15 106715 1309 2214 1 1 1 1.0
15 102959 1311 2713 1 1 0 1.0
15 151677 1313 4081 1 1 0 1.0
15 80222 1314 2082 1 10 0 1.0
15 161646 1315 4509 1 1 0 1.0
15 75433 1316 1703 1 1 1 1.0
15 158897 1317 3337 1 50 1 1.0
15 146693 1323 3913 1 50 0 1.0
15 157480 1324 3937 1 10 0 1.0
15 113497 1326 3211 1 1 0 1.0
15 115640 1327 3227 1 50 1 1.0
15 144327 1329 2892 1 1 1 1.0
15 112074 1333 2407 1 1 1 1.0
15 161416 1333 4388 1 10 1 1.0
15 171598 1334 4097 1 1 1 1.0
15 127939 1336 3792 1 10 1 1.0
15 69496 1338 1807 1 1 1 1.0
15 70728 1345 2013 1 10 0 1.0
15 81906 1346 1781 1 10 0 1.0
15 94314 1346 2276 1 10 0 1.0
15 174157 1347 4999 1 1 0 1.0
15 104882 1359 2228 1 1 1 1.0
15 157683 1361 3931 1 1 1 1.0
15 149492 1364 3211 1 1 1 1.0
15 168445 1370 4850 1 1 0 1.0
15 74740 1370 1788 1 1 0 1.0
15 160266 1370 3344 1 10 1 1.0
15 74619 1370 1521 1 1 0 1.0
15 152109 1370 3479 1 50 1 1.0
15 70644 1376 1586 1 1 1 1.0
15 64630 1376 1370 1 10 1 1.0
15 112012 1383 2310 1 10 0 1.0
15 63907 1386 1452 1 1 0 1.0
15 162750 1391 3709 1 50 0 1.0
15 102882 1393 2748 1 1 0 1.0
15 136522 1396 3949 1 1 0 1.0
15 71949 1405 1847 1 10 0 1.0
15 163832 1407 4721 1 1 1 1.0
15 128551 1407 3117 1 10 0 1.0
15 136700 1408 2827 1 1 0 1.0
15 121929 1412 3156 1 1 0 1.0
15 179316 1416 4675 1 10 0 1.0
15 144265 1418 4263 1 10 1 1.0
15 76594 1419 1726 1 1 0 1.0
15 66134 1422 1841 1 1 1 1.0
15 119640 1422 3188 1 1 1 1.0
15 144926 1425 3979 1 10 1 1.0
15 102691 1426 2894 1 10 0 1.0
15 170557 1427 3547 1 1 1 1.0
15 71899 1429 1466 1 1 1 1.0
15 101812 1432 2858 1 1 1 1.0
15 81059 1438 1626 1 1 0 1.0
15 106479 1439 2971 1 10 1 1.0
15 84188 1441 2491 1 50 1 1.0
15 117279 1443 2593 1 1 0 1.0
15 93703 1443 2686 1 1 1 1.0
15 90093 1444 1829 1 1 0 1.0
15 166492 1446 4833 1 1 0 1.0
15 142938 1447 3150 1 10 1 1.0
15 99436 1447 2269 1 1 0 1.0
15 71100 1447 2115 1 1 1 1.0
15 70466 1450 1429 1 1 1 1.0
15 169009 1450 4098 1 1 0 1.0
15 140980 1453 3614 1 1 1 1.0
15 68511 1455 1664 1 1 0 1.0
15 75000 1455 2013 1 1 1 1.0
15 172688 1461 3631 1 1 1 1.0
15 177589 1463 4122 1 1 0 1.0
15 176500 1463 4280 1 1 0 1.0
15 121448 1464 2779 1 1 0 1.0
15 71085 1466 1959 1 1 1 1.0
15 158834 1467 3951 1 1 1 1.0
15 125809 1471 2570 1 1 0 1.0
15 140487 1473 3995 1 1 1 1.0
15 130120 1474 2737 1 10 0 1.0
15 122271 1474 2531 1 1 0 1.0
15 108102 1475 2397 1 10 1 1.0
15 74236 1475 2098 1 1 1 1.0
15 113535 1475 2774 1 1 1 1.0
15 171192 1477 3762 1 1 0 1.0
15 150978 1477 4062 1 1 1 1.0
15 146542 1482 3908 1 10 0 1.0
15 176035 1486 4870 1 1 1 1.0
15 162450 1486 3973 1 10 1 1.0
15 143821 1489 3667 1 10 1 1.0
15 99471 1489 2146 1 1 0 1.0
15 69224 1490 1836 1 1 0 1.0
15 141149 1490 3849 1 50 1 1.0
15 146335 1493 4234 1 10 1 1.0
15 148451 1494 4251 1 1 1 1.0
15 152481 1503 3944 1 10 0 1.0
15 116069 1507 2746 1 1 1 1.0
15 85560 1511 2491 1 1 0 1.0
15 133635 1512 3455 1 1 0 1.0
15 78309 1523 1793 1 10 0 1.0
15 91651 1524 1933 1 50 1 1.0
15 141284 1528 3061 1 1 1 1.0
15 154952 1539 4106 1 1 1 1.0
15 88620 1543 2150 1 10 0 1.0
15 165390 1549 4086 1 10 0 1.0
15 144499 1550 4083 1 10 1 1.0
15 129290 1552 2925 1 1 0 1.0
15 155122 1553 4019 1 1 0 1.0
15 97407 1562 2190 1 1 1 1.0
15 75619 1565 2102 1 1 0 1.0
15 132450 1565 3313 1 1 0 1.0
15 167358 1566 3595 1 10 0 1.0
15 70681 1568 1800 1 1 0 1.0
15 83629 1568 1849 1 10 1 1.0
15 150808 1571 3804 1 1 0 1.0
15 168305 1573 3842 1 1 0 1.0
15 81421 1574 1942 1 1 0 1.0
15 74513 1574 1517 1 10 0 1.0
15 71876 1575 1802 1 10 0 1.0
15 162342 1576 3702 1 1 1 1.0
15 140982 1578 3280 1 10 0 1.0
15 68060 1581 1918 1 1 0 1.0
15 143814 1583 2975 1 10 0 1.0
15 92261 1591 2234 1 10 1 1.0
15 138179 1593 3374 1 1 1 1.0
15 140233 1595 4122 1 1 0 1.0
15 72043 1599 1891 1 50 0 1.0
15 143922 1600 3988 1 1 1 1.0
15 171344 1601 4345 1 1 1 1.0
15 103102 1603 2617 1 1 0 1.0
15 61016 1603 1668 1 10 1 1.0
15 106382 1607 2370 1 10 1 1.0
15 107517 1610 3152 1 1 0 1.0
15 121541 1610 3242 1 1 0 1.0
15 107451 1613 2976 1 10 0 1.0
15 112930 1613 2896 1 1 0 1.0
15 158529 1616 3423 1 10 1 1.0
15 87945 1617 2222 1 1 1 1.0
15 92625 1618 1919 1 50 0 1.0
15 95742 1624 2690 1 1 1 1.0
15 116791 1624 3247 1 1 1 1.0
15 177923 1625 4821 1 10 0 1.0
15 105819 1626 2336 1 1 1 1.0
15 173648 1629 3593 1 10 0 1.0
15 137706 1633 3798 1 10 1 1.0
15 148991 1634 3919 1 1 0 1.0
15 132441 1635 3348 1 10 0 1.0
15 101542 1637 2718 1 1 1 1.0
15 85108 1639 1913 1 10 0 1.0
15 116301 1640 3099 1 1 1 1.0
15 161081 1641 4450 1 50 1 1.0
15 144890 1642 4315 1 1 0 1.0
15 126766 1644 2592 1 1 1 1.0
15 119119 1645 2929 1 1 0 1.0
15 147201 1650 4047 1 1 0 1.0
15 108956 1652 3261 1 1 1 1.0
15 124022 1654 2890 1 1 0 1.0
15 169627 1657 3760 1 1 0 1.0
15 111005 1659 3012 1 1 0 1.0
15 101207 1660 2780 1 1 1 1.0
15 136728 1662 3123 1 1 0 1.0
15 81931 1662 1865 1 10 0 1.0
15 105529 1663 2828 1 1 1 1.0
15 70748 1665 2065 1 10 1 1.0
15 164237 1666 4198 1 50 1 1.0
15 163516 1668 4296 1 1 0 1.0
15 75437 1668 1651 1 10 0 1.0
15 129718 1670 3230 1 10 1 1.0
15 104743 1672 3048 1 1 0 1.0
15 103099 1672 3062 1 1 0 1.0
15 112598 1672 2684 1 50 1 1.0
15 64843 1676 1920 1 1 0 1.0
15 155318 1678 4094 1 10 1 1.0
15 130104 1683 3151 1 10 1 1.0
15 75906 1683 2043 1 10 1 1.0
15 143454 1684 3453 1 10 0 1.0
15 115533 1685 3289 1 50 0 1.0
15 177658 1688 4495 1 1 0 1.0
15 69087 1693 1529 1 1 1 1.0
15 123872 1702 3633 1 1 0 1.0
15 159005 1704 4277 1 50 0 1.0
15 72135 1711 2043 1 1 1 1.0
15 106297 1714 2900 1 1 1 1.0
15 113463 1718 2820 1 50 0 1.0
15 121411 1719 2859 1 10 0 1.0
15 179525 1722 4133 1 50 1 1.0
15 144761 1725 4074 1 1 1 1.0
15 89859 1732 2405 1 1 0 1.0
15 116602 1732 2385 1 10 0 1.0
15 75084 1734 2226 1 1 0 1.0
15 179736 1736 4778 1 10 0 1.0
15 149354 1738 3290 1 1 0 1.0
15 150904 1750 3405 1 1 1 1.0
15 114418 1754 2738 1 50 1 1.0
15 166635 1755 3457 1 10 0 1.0
15 110140 1758 3208 1 1 1 1.0
15 66425 1758 1437 1 1 1 1.0
15 144294 1758 4076 1 1 0 1.0
15 68859 1759 1632 1 1 0 1.0
15 176545 1763 4739 1 1 1 1.0
15 135952 1764 3674 1 1 0 1.0
15 143152 1767 3303 1 1 1 1.0
15 67273 1771 1837 1 1 1 1.0
15 167745 1772 4565 1 1 1 1.0
15 120414 1773 2699 1 50 0 1.0
15 152201 1777 3269 1 10 0 1.0
15 87167 1777 2521 1 1 1 1.0
15 73725 1778 2112 1 1 1 1.0
15 138977 1779 2952 1 10 0 1.0
15 68196 1782 1807 1 1 0 1.0
15 116939 1782 2584 1 1 0 1.0
15 120047 1783 3563 1 50 1 1.0
15 167939 1783 4973 1 1 1 1.0
15 95115 1793 1950 1 1 0 1.0
15 112604 1796 3047 1 10 1 1.0
15 77118 1797 2309 1 50 1 1.0
15 62475 1800 1376 1 1 1 1.0
15 128029 1805 2685 1 10 1 1.0
15 135285 1810 3046 1 10 1 1.0
15 111609 1820 2336 1 1 1 1.0
15 116892 1820 2645 1 1 0 1.0
15 87873 1825 2562 1 1 1 1.0
15 174381 1832 4784 1 1 0 1.0
15 157322 1838 3954 1 1 1 1.0
15 113648 1841 2502 1 10 0 1.0
15 75854 1842 1847 1 10 0 1.0
15 177533 1848 5132 1 1 0 1.0
15 143363 1849 3316 1 10 0 1.0
15 70042 1856 1474 1 10 0 1.0
15 173294 1860 4312 1 1 1 1.0
15 74888 1863 1510 1 1 1 1.0
15 99644 1868 2346 1 1 0 1.0
15 173005 1870 5067 1 1 0 1.0
15 115102 1877 2828 1 1 1 1.0
15 116969 1878 2665 1 10 0 1.0
15 156737 1880 4095 1 10 0 1.0
15 127892 1880 3315 1 1 1 1.0
15 109794 1884 2752 1 10 1 1.0
15 142888 1885 4096 1 1 1 1.0
15 111928 1887 2559 1 10 0 1.0
15 148206 1887 3155 1 10 0 1.0
15 96696 1894 2868 1 1 0 1.0
15 71992 1898 1831 1 1 1 1.0
15 148274 1901 4349 1 1 0 1.0
15 163493 1903 3468 1 1 0 1.0
15 179674 1903 3789 1 1 0 1.0
15 101243 1905 2744 1 1 1 1.0
15 169686 1913 3451 1 10 0 1.0
15 89677 1917 2251 1 1 0 1.0
15 105570 1918 3043 1 1 0 1.0
15 97690 1919 2053 1 50 0 1.0
15 111975 1925 3231 1 1 0 1.0
15 138164 1927 3411 1 1 0 1.0
15 158863 1929 3911 1 1 1 1.0
15 67707 1930 1890 1 1 1 1.0
15 147567 1931 3875 1 1 0 1.0
15 101901 1932 2973 1 10 1 1.0
15 79584 1939 1933 1 1 0 1.0
15 78863 1944 1766 1 1 0 1.0
15 64063 1944 1611 1 1 1 1.0
15 161086 1955 3412 1 1 1 1.0
15 177012 1956 4696 1 10 1 1.0
15 131497 1956 2922 1 1 1 1.0
15 134981 1957 3260 1 50 1 1.0
15 124048 1957 3380 1 10 0 1.0
15 153855 1958 3749 1 1 1 1.0
15 151462 1959 3275 1 50 0 1.0
15 102538 1962 2637 1 1 1 1.0
15 84024 1962 1738 1 1 1 1.0
15 131900 1966 3844 1 50 0 1.0
15 142060 1967 3740 1 10 1 1.0
15 134919 1968 3332 1 1 1 1.0
15 82659 1969 1912 1 10 0 1.0
15 149556 1969 4277 1 1 0 1.0
15 116152 1972 2668 1 10 0 1.0
15 135743 1973 2981 1 1 1 1.0
15 116927 1974 2797 1 1 1 1.0
15 152934 1974 4244 1 1 0 1.0
15 73238 1979 2086 1 1 1 1.0
15 142660 1979 3352 1 1 0 1.0
15 91465 1979 1892 1 1 1 1.0
15 108531 1982 3049 1 1 1 1.0
15 93082 1982 2076 1 1 1 1.0
15 168255 1983 4128 1 1 1 1.0
15 128341 1986 2999 1 50 0 1.0
15 160018 1986 3977 1 1 0 1.0
15 107294 1987 2678 1 1 1 1.0
15 90589 1987 2022 1 10 0 1.0
15 132507 1988 3215 1 1 0 1.0
15 61587 1990 1661 1 10 1 1.0
15 110967 1991 2419 1 1 1 1.0
15 104412 1991 2767 1 50 0 1.0
15 107392 1993 3018 1 10 0 1.0
15 87008 1999 2062 1 10 1 1.0
15 106349 2001 2604 1 1 1 1.0
15 137903 2002 3808 1 1 0 1.0
15 119121 2004 3209 1 50 0 1.0
15 142993 2004 3266 1 1 0 1.0
15 69177 2006 1939 1 1 1 1.0
15 106287 2008 2335 1 1 0 1.0
15 76339 2008 1679 1 1 0 1.0
15 93673 2009 2460 1 1 1 1.0
15 110150 2012 2764 1 1 1 1.0
15 147808 2012 3545 1 10 1 1.0
15 61440 2012 1808 1 10 1 1.0
15 174746 2014 4215 1 10 1 1.0
15 119549 2020 3378 1 1 1 1.0
15 127792 2022 2833 1 1 0 1.0
15 64758 2022 1777 1 10 1 1.0
15 84387 2022 1714 1 1 1 1.0
15 96833 2024 2250 1 1 0 1.0
15 110824 2026 3152 1 10 0 1.0
15 161412 2032 3403 1 1 0 1.0
15 89524 2033 2082 1 1 1 1.0
15 87949 2033 2066 1 1 0 1.0
15 145422 2033 3404 1 1 1 1.0
15 114718 2036 3245 1 10 0 1.0
15 127520 2036 2756 1 1 1 1.0
15 83773 2044 1932 1 1 0 1.0
15 89087 2046 2176 1 1 1 1.0
15 61357 2052 1818 1 10 0 1.0
15 67981 2052 1516 1 1 0 1.0
15 167221 2052 4143 1 1 0 1.0
15 104102 2055 2885 1 10 0 1.0
15 70958 2059 1947 1 1 1 1.0
15 179035 2061 4750 1 10 1 1.0
15 166463 2061 4859 1 50 0 1.0
15 88744 2071 1916 1 10 0 1.0
15 86153 2073 2500 1 1 0 1.0
15 94172 2076 2748 1 1 1 1.0
15 158899 2078 4720 1 10 0 1.0
15 116721 2080 2864 1 1 0 1.0
15 163853 2081 4477 1 10 0 1.0
15 114201 2086 3347 1 10 1 1.0
15 116021 2086 2329 1 10 1 1.0
15 148875 2087 4116 1 1 0 1.0
15 158435 2088 3408 1 50 0 1.0
15 64043 2092 1544 1 1 1 1.0
15 135002 2097 3597 1 1 1 1.0
15 104679 2098 2743 1 10 0 1.0
15 127473 2099 2882 1 50 0 1.0
15 61790 2099 1340 1 1 0 1.0
15 76116 2100 2046 1 10 1 1.0
15 63073 2103 1816 1 50 1 1.0
15 179590 2103 4544 1 10 0 1.0
15 153353 2103 3614 1 1 0 1.0
15 157649 2104 3525 1 10 1 1.0
15 62334 2111 1571 1 1 0 1.0
15 124652 2111 3302 1 50 1 1.0
15 179965 2115 3946 1 50 1 1.0
15 103727 2116 2122 1 50 1 1.0
15 103968 2116 2093 1 1 1 1.0
15 143398 2117 3321 1 1 1 1.0
15 168231 2121 4501 1 1 1 1.0
15 170809 2126 3788 1 1 0 1.0
15 157642 2129 3350 1 1 0 1.0
15 134556 2130 3511 1 50 1 1.0
15 107498 2132 2568 1 1 0 1.0
15 151664 2134 4034 1 1 1 1.0
15 146959 2136 4297 1 1 1 1.0
15 85287 2139 1764 1 10 1 1.0
15 90094 2143 1850 1 10 1 1.0
15 147619 2147 4239 1 1 1 1.0
15 73410 2148 1694 1 10 1 1.0
15 144626 2150 3652 1 10 1 1.0
15 173407 2150 4219 1 10 1 1.0
15 87266 2150 2344 1 1 0 1.0
15 88976 2151 2639 1 1 0 1.0
15 94999 2151 2409 1 1 0 1.0
15 135370 2151 3487 1 1 0 1.0
15 163045 2154 4132 1 10 1 1.0
15 111296 2155 2934 1 10 0 1.0
15 65575 2155 1536 1 1 0 1.0
15 74960 2156 1949 1 1 1 1.0
15 73045 2157 1588 1 1 1 1.0
15 80633 2159 2101 1 10 1 1.0
15 60317 2163 1553 1 50 1 1.0
15 75625 2163 2027 1 1 1 1.0
15 83957 2163 2500 1 1 1 1.0
15 170370 2164 3513 1 10 0 1.0
15 112490 2165 3051 1 1 0 1.0
15 130355 2166 3641 1 1 1 1.0
15 80151 2174 1824 1 10 1 1.0
15 131666 2174 3824 1 50 0 1.0
15 130785 2174 3543 1 10 0 1.0
15 99481 2178 2861 1 10 0 1.0
15 133270 2181 3656 1 10 1 1.0
15 138919 2183 3449 1 10 0 1.0
15 128895 2184 3091 1 1 1 1.0
15 169955 2184 4017 1 1 0 1.0
15 170601 2185 4765 1 1 0 1.0
15 131597 2186 3717 1 1 1 1.0
15 160158 2186 4620 1 1 1 1.0
15 108853 2187 3002 1 1 0 1.0
15 78291 2192 1990 1 1 0 1.0
15 106074 2193 2780 1 10 0 1.0
15 78758 2195 1735 1 10 0 1.0
15 169431 2196 4462 1 10 0 1.0
15 156810 2198 4084 1 10 1 1.0
15 110457 2202 3249 1 1 0 1.0
15 75909 2202 1631 1 50 0 1.0
15 133550 2203 2776 1 10 0 1.0
15 176521 2206 4117 1 1 1 1.0
15 147538 2207 3916 1 10 0 1.0
15 114848 2210 2420 1 1 0 1.0
15 73939 2213 1959 1 1 0 1.0
15 73520 2214 2165 1 10 0 1.0
15 73441 2216 2021 1 1 1 1.0
15 91038 2218 2259 1 10 0 1.0
15 149659 2218 3761 1 1 1 1.0
15 132464 2219 3628 1 1 1 1.0
15 156171 2220 4551 1 1 0 1.0
15 125075 2223 3674 1 1 1 1.0
15 126143 2223 3173 1 50 1 1.0
15 85582 2225 2204 1 1 1 1.0
15 127759 2229 3246 1 1 0 1.0
15 70094 2230 1550 1 10 1 1.0
15 96482 2238 2389 1 1 1 1.0
15 140011 2240 2866 1 1 0 1.0
15 114072 2240 3222 1 10 1 1.0
15 159263 2247 4771 1 1 0 1.0
15 62530 2248 1376 1 1 0 1.0
15 119831 2250 2531 1 1 1 1.0
15 95163 2253 2715 1 1 1 1.0
15 110293 2254 3122 1 10 1 1.0
15 77031 2255 1618 1 1 1 1.0
15 165339 2255 4082 1 1 1 1.0
15 149549 2256 3231 1 1 0 1.0
15 178242 2258 4099 1 10 0 1.0
15 70045 2258 1521 1 50 1 1.0
15 176098 2260 5149 1 10 0 1.0
15 108404 2264 2683 1 1 0 1.0
15 96833 2264 2665 1 1 1 1.0
15 102519 2265 3070 1 50 1 1.0
15 97566 2268 2409 1 1 1 1.0
15 113126 2269 3375 1 10 0 1.0
15 133017 2272 2925 1 10 1 1.0
15 171431 2273 3829 1 1 1 1.0
15 72416 2282 1949 1 10 1 1.0
15 79316 2292 2248 1 1 1 1.0
15 75463 2292 1622 1 1 1 1.0
15 73081 2293 1790 1 1 1 1.0
15 89118 2294 2184 1 1 1 1.0
15 102952 2296 3025 1 1 1 1.0
15 84288 2298 1929 1 1 1 1.0
15 153176 2303 3382 1 10 1 1.0
15 98066 2304 2461 1 1 0 1.0
15 62131 2305 1618 1 10 1 1.0
15 79775 2306 2149 1 10 0 1.0
15 90686 2308 2003 1 1 0 1.0
15 84941 2308 1946 1 1 1 1.0
15 77124 2310 1848 1 10 1 1.0
15 146264 2311 4106 1 1 1 1.0
15 177996 2313 4847 1 1 0 1.0
15 90709 2317 2463 1 1 0 1.0
15 97082 2321 2073 1 10 0 1.0
15 76942 2325 1709 1 1 1 1.0
15 150139 2328 3163 1 10 0 1.0
15 107111 2329 2359 1 1 1 1.0
15 137334 2329 3338 1 10 1 1.0
15 168717 2330 4473 1 50 0 1.0
15 67885 2332 1929 1 50 0 1.0
15 132632 2333 3021 1 1 0 1.0
15 157908 2339 3472 1 1 0 1.0
15 149348 2340 4127 1 1 0 1.0
15 104576 2342 2829 1 1 1 1.0
15 104943 2345 2364 1 10 0 1.0
15 76428 2349 1639 1 1 1 1.0
15 94456 2349 2526 1 1 0 1.0
15 133243 2350 2755 1 1 0 1.0
15 170862 2355 4411 1 10 1 1.0
15 124286 2356 3481 1 1 0 1.0
15 74848 2357 1945 1 1 1 1.0
15 147801 2358 3327 1 1 0 1.0
15 126918 2361 3586 1 10 1 1.0
15 156588 2366 3353 1 1 1 1.0
15 76553 2375 1781 1 10 0 1.0
15 159788 2378 3317 1 10 1 1.0
15 92559 2379 2325 1 1 0 1.0
15 95267 2384 2621 1 50 1 1.0
15 94684 2399 2259 1 1 1 1.0
15 148804 2399 4188 1 1 1 1.0
15 125160 2408 3211 1 1 1 1.0
15 85620 2408 2323 1 1 0 1.0
15 168470 2410 4456 1 10 1 1.0
15 94675 2412 2243 1 1 0 1.0
15 164862 2413 4210 1 1 1 1.0
15 61261 2417 1746 1 1 1 1.0
15 68990 2421 1788 1 10 0 1.0
15 163593 2422 3370 1 50 1 1.0
15 126197 2422 2698 1 50 1 1.0
15 109874 2422 3120 1 1 1 1.0
15 104448 2424 2417 1 1 1 1.0
15 87608 2428 2450 1 1 0 1.0
15 86995 2428 2334 1 10 0 1.0
15 98612 2429 2322 1 10 0 1.0
15 105027 2433 2146 1 1 1 1.0
15 159055 2433 4111 1 1 0 1.0
15 149372 2438 3443 1 10 0 1.0
15 65702 2442 1817 1 1 1 1.0
15 146389 2443 3713 1 1 0 1.0
15 109773 2446 2836 1 1 0 1.0
15 140812 2452 2915 1 1 1 1.0
15 62085 2453 1855 1 10 1 1.0
15 152344 2457 3763 1 10 0 1.0
15 159504 2457 4054 1 10 1 1.0
15 78344 2459 2141 1 1 0 1.0
15 163819 2463 4330 1 50 0 1.0
15 84942 2470 1808 1 10 1 1.0
15 150239 2476 4453 1 1 1 1.0
15 119663 2478 2601 1 1 0 1.0
15 113020 2480 2445 1 1 0 1.0
15 71659 2482 1945 1 1 1 1.0
15 157552 2483 3437 1 50 1 1.0
15 75271 2484 2183 1 1 1 1.0
15 109503 2484 3160 1 1 0 1.0
15 144206 2487 3848 1 1 1 1.0
15 114928 2491 2956 1 1 1 1.0
15 99621 2495 2874 1 1 1 1.0
15 109961 2500 2429 1 1 0 1.0
15 69005 2502 1605 1 50 0 1.0
15 78975 2505 1789 1 1 1 1.0
15 154272 2505 4290 1 1 1 1.0
15 159508 2513 3268 1 10 1 1.0
15 92533 2517 2725 1 10 0 1.0
15 155179 2519 3518 1 1 0 1.0
15 83245 2522 1816 1 1 0 1.0
15 61206 2522 1346 1 1 0 1.0
15 79703 2525 2058 1 10 1 1.0
15 62408 2527 1353 1 1 1 1.0
15 139554 2528 2894 1 1 0 1.0
15 75820 2529 1951 1 50 0 1.0
15 177016 2533 4956 1 10 0 1.0
15 170792 2536 3851 1 1 1 1.0
15 141587 2539 3067 1 10 0 1.0
15 113594 2539 2786 1 10 0 1.0
15 106303 2539 2315 1 50 0 1.0
15 179823 2548 4443 1 1 1 1.0
15 108089 2548 2939 1 10 1 1.0
15 64406 2549 1768 1 10 0 1.0
15 161519 2553 3975 1 10 0 1.0
15 164364 2558 4459 1 1 0 1.0
15 170174 2559 3986 1 1 1 1.0
15 133012 2564 2783 1 1 0 1.0
15 173188 2564 3783 1 50 0 1.0
15 164759 2567 4617 1 1 1 1.0
15 114513 2568 2712 1 10 1 1.0
15 117818 2571 2977 1 1 0 1.0
15 64375 2573 1537 1 50 1 1.0
15 145415 2574 3043 1 1 0 1.0
15 128861 2576 2643 1 1 1 1.0
15 109077 2577 2767 1 10 0 1.0
15 150379 2577 3222 1 10 1 1.0
15 124441 2582 2821 1 1 0 1.0
15 151667 2584 3688 1 1 0 1.0
15 145578 2592 3145 1 10 0 1.0
15 63724 2593 1766 1 1 1 1.0
15 111814 2593 2698 1 1 0 1.0
15 85289 2593 2250 1 50 1 1.0
15 74536 2593 1718 1 1 0 1.0
15 136323 2594 3889 1 1 0 1.0
15 139011 2599 3679 1 1 1 1.0
15 123752 2600 2508 1 1 0 1.0
15 98652 2602 2014 1 1 0 1.0
15 96935 2604 2904 1 1 0 1.0
15 173376 2605 4988 1 10 0 1.0
15 167011 2608 4515 1 1 0 1.0
15 86787 2608 1782 1 1 0 1.0
15 90819 2610 2394 1 1 1 1.0
15 111620 2614 2480 1 10 0 1.0
15 176252 2614 4366 1 1 1 1.0
15 116984 2617 2942 1 1 0 1.0
15 75869 2619 1744 1 10 0 1.0
15 95880 2622 2668 1 1 1 1.0
15 172666 2623 4093 1 1 0 1.0
15 93016 2627 2273 1 10 1 1.0
15 179215 2630 3717 1 1 1 1.0
15 125621 2636 3655 1 10 0 1.0
15 173486 2641 5102 1 1 1 1.0
15 79728 2645 1884 1 10 1 1.0
15 101880 2653 2588 1 1 1 1.0
15 90564 2658 2054 1 1 0 1.0
15 140697 2663 3940 1 1 1 1.0
15 151871 2663 3778 1 10 1 1.0
15 175108 2664 4666 1 1 1 1.0
15 72627 2672 2022 1 10 1 1.0
15 104531 2680 2730 1 1 0 1.0
15 83925 2685 2347 1 1 0 1.0
15 115222 2686 3370 1 10 1 1.0
15 146066 2687 3709 1 1 1 1.0
15 145404 2688 4256 1 1 0 1.0
15 153854 2693 3904 1 1 1 1.0
15 166472 2693 4194 1 1 0 1.0
15 89144 2697 1852 1 10 0 1.0
15 156088 2701 4254 1 10 0 1.0
15 121001 2701 3158 1 50 0 1.0
15 133177 2703 3308 1 1 0 1.0
15 65317 2706 1685 1 1 1 1.0
15 73833 2707 1974 1 10 1 1.0
15 141496 2710 3181 1 50 1 1.0
15 135877 2710 3621 1 10 0 1.0
15 104337 2715 2444 1 1 1 1.0
15 174263 2716 4944 1 50 0 1.0
15 95415 2718 1970 1 10 1 1.0
15 118498 2722 2599 1 50 1 1.0
15 140868 2725 4027 1 10 1 1.0
15 105464 2725 2928 1 10 1 1.0
15 170683 2731 4962 1 10 1 1.0
15 105738 2736 2157 1 1 1 1.0
15 72600 2739 1522 1 10 0 1.0
15 118602 2742 2569 1 1 1 1.0
15 143347 2745 3245 1 1 0 1.0
15 86073 2745 2294 1 1 0 1.0
15 121217 2746 2986 1 1 0 1.0
15 67233 2747 1666 1 1 0 1.0
15 144273 2749 4250 1 10 1 1.0
15 141264 2749 3350 1 1 1 1.0
15 86119 2751 1936 1 10 0 1.0
15 98885 2753 2581 1 50 1 1.0
15 165405 2758 3458 1 1 0 1.0
15 62143 2758 1300 1 1 0 1.0
15 77552 2759 1689 1 1 0 1.0
15 92757 2761 2287 1 1 1 1.0
15 143703 2762 4121 1 1 0 1.0
15 149445 2765 3663 1 1 0 1.0
15 63076 2769 1689 1 1 1 1.0
15 82401 2771 1817 1 10 0 1.0
15 159414 2780 4487 1 1 0 1.0
15 136586 2783 3634 1 1 0 1.0
15 167160 2783 4192 1 1 0 1.0
15 172634 2788 4856 1 10 1 1.0
15 76366 2789 2268 1 50 1 1.0
15 164558 2789 3779 1 1 0 1.0
15 147571 2795 3128 1 1 1 1.0
15 80553 2796 2180 1 1 1 1.0
15 122036 2798 3353 1 1 0 1.0
15 94272 2798 2735 1 1 1 1.0
15 77416 2803 1962 1 50 1 1.0
15 137138 2805 3526 1 1 1 1.0
15 105346 2807 2722 1 1 0 1.0
15 169522 2807 4730 1 50 0 1.0
15 78737 2808 2257 1 10 1 1.0
15 65858 2808 1433 1 1 1 1.0
15 113413 2820 3036 1 1 0 1.0
15 153572 2825 3216 1 1 1 1.0
15 126606 2829 2823 1 10 0 1.0
15 117191 2835 3509 1 1 0 1.0
15 146910 2837 4051 1 1 1 1.0
15 80505 2837 1797 1 50 1 1.0
15 169773 2841 4508 1 1 0 1.0
15 164153 2841 4597 1 10 0 1.0
15 175516 2848 4313 1 1 1 1.0
15 176662 2858 4666 1 10 0 1.0
15 135273 2859 3572 1 1 0 1.0
15 110421 2860 3169 1 10 1 1.0
15 148653 2863 3420 1 10 1 1.0
15 164805 2877 3343 1 50 0 1.0
15 71492 2883 1961 1 10 1 1.0
15 164083 2886 3493 1 10 1 1.0
15 62094 2886 1548 1 10 0 1.0
15 104140 2886 3051 1 50 0 1.0
15 158020 2889 3375 1 50 0 1.0
15 175567 2889 4162 1 1 1 1.0
15 71273 2892 2124 1 10 0 1.0
15 119437 2892 3001 1 1 1 1.0
15 123364 2894 2982 1 1 1 1.0
15 64673 2896 1476 1 1 0 1.0
15 139116 2897 3991 1 1 1 1.0
15 130983 2898 2735 1 1 0 1.0
15 164486 2901 4757 1 1 0 1.0
15 150991 2901 4445 1 1 0 1.0
15 93407 2905 2023 1 10 1 1.0
15 132609 2908 3083 1 10 1 1.0
15 114409 2910 2466 1 10 1 1.0
15 155464 2912 4044 1 1 0 1.0
15 149408 2912 3129 1 1 1 1.0
15 175435 2917 4444 1 50 0 1.0
15 73673 2918 1493 1 1 0 1.0
15 173977 2918 4439 1 10 0 1.0
15 120386 2921 2502 1 50 0 1.0
15 64721 2924 1436 1 1 0 1.0
15 169464 2924 4512 1 1 1 1.0
15 124196 2931 3214 1 50 0 1.0
15 102496 2936 2429 1 1 0 1.0
15 141564 2939 3523 1 1 1 1.0
15 145691 2940 3290 1 1 0 1.0
15 62767 2942 1826 1 10 0 1.0
15 179202 2943 3834 1 10 1 1.0
15 112228 2946 2939 1 1 0 1.0
15 101782 2948 2218 1 1 0 1.0
15 158189 2958 3791 1 10 1 1.0
15 100359 2958 2240 1 1 0 1.0
15 102059 2959 2612 1 1 0 1.0
15 123160 2961 2595 1 1 0 1.0
15 91093 2963 2626 1 1 1 1.0
15 139742 2968 3493 1 1 1 1.0
15 168427 2969 3467 1 1 1 1.0
15 79533 2970 2283 1 50 0 1.0
15 115687 2972 3125 1 1 1 1.0
15 110703 2973 3204 1 1 0 1.0
15 71446 2975 2125 1 1 0 1.0
15 129078 2976 2903 1 1 0 1.0
15 139498 2978 3657 1 1 1 1.0
15 164658 2989 3622 1 1 1 1.0
15 140725 2994 3546 1 1 0 1.0
15 169754 2996 4170 1 1 1 1.0
15 160968 2997 3845 1 10 0 1.0
15 61444 3000 1653 1 1 1 1.0
15 108003 3005 2420 1 1 0 1.0
15 80504 3005 2412 1 1 1 1.0
15 67188 3012 1495 1 1 0 1.0
15 138985 3015 3400 1 1 0 1.0
15 172177 3015 4731 1 50 1 1.0
15 62315 3016 1859 1 1 1 1.0
15 159776 3017 3813 1 1 0 1.0
15 110765 3018 2216 1 1 1 1.0
15 175248 3025 4841 1 1 0 1.0
15 112678 3032 2600 1 1 0 1.0
15 177511 3035 3827 1 1 1 1.0
15 98513 3035 2625 1 10 1 1.0
15 128952 3036 3576 1 1 1 1.0
15 127723 3038 3479 1 10 1 1.0
15 61329 3041 1251 1 10 1 1.0
15 145428 3044 3556 1 10 1 1.0
15 135532 3048 3030 1 10 1 1.0
15 139896 3052 3344 1 1 1 1.0
15 146263 3053 3595 1 1 1 1.0
15 162436 3053 3400 1 1 0 1.0
15 109312 3054 2817 1 1 0 1.0
15 174026 3055 4844 1 10 1 1.0
15 100559 3056 2492 1 1 1 1.0
15 143591 3062 3272 1 50 0 1.0
15 122777 3062 3421 1 10 1 1.0
15 98252 3064 2621 1 1 1 1.0
15 133206 3066 3774 1 10 0 1.0
15 65502 3066 1814 1 1 1 1.0
15 131989 3066 3388 1 1 1 1.0
15 101863 3067 2703 1 1 1 1.0
15 115739 3069 2505 1 1 0 1.0
15 124830 3070 2861 1 10 1 1.0
15 84886 3070 2162 1 10 1 1.0
15 106138 3072 2584 1 1 0 1.0
15 117910 3072 3531 1 1 1 1.0
15 72860 3072 2016 1 10 1 1.0
15 70423 3075 1410 1 10 1 1.0
15 115049 3078 2726 1 1 1 1.0
15 154535 3082 4012 1 50 0 1.0
15 154234 3083 3179 1 1 0 1.0
15 125078 3096 2594 1 10 1 1.0
15 124747 3096 3124 1 1 0 1.0
15 91618 3104 2691 1 1 1 1.0
15 130340 3105 2690 1 10 0 1.0
15 173216 3107 4615 1 1 0 1.0
15 109136 3113 2853 1 10 1 1.0
15 159120 3116 4155 1 10 1 1.0
15 110634 3121 2703 1 1 1 1.0
15 89550 3124 1992 1 1 0 1.0
15 91262 3125 2660 1 1 0 1.0
15 115068 3126 2733 1 10 1 1.0
15 140150 3130 3318 1 1 0 1.0
15 153728 3131 3907 1 10 1 1.0
15 150370 3136 3419 1 1 1 1.0
15 176692 3136 4243 1 50 1 1.0
15 110530 3141 2967 1 10 1 1.0
15 116400 3141 2408 1 50 1 1.0
15 71080 3145 2103 1 1 0 1.0
15 72378 3145 1522 1 1 1 1.0
15 95897 3145 2316 1 10 0 1.0
15 93976 3152 2659 1 1 0 1.0
15 138512 3160 3370 1 10 1 1.0
15 159799 3160 3350 1 1 0 1.0
15 62669 3164 1353 1 10 0 1.0
15 173799 3165 4871 1 1 0 1.0
15 79112 3165 2369 1 10 0 1.0
15 169779 3167 3441 1 50 0 1.0
15 95562 3170 2843 1 10 1 1.0
15 179649 3174 4912 1 1 1 1.0
15 60180 3176 1261 1 1 0 1.0
15 136758 3179 4067 1 10 1 1.0
15 89575 3181 2204 1 1 0 1.0
15 110582 3185 2437 1 10 0 1.0
15 107320 3186 3102 1 10 0 1.0
15 140047 3188 2847 1 1 0 1.0
15 83501 3188 1871 1 10 1 1.0
15 95110 3189 2155 1 1 0 1.0
15 165055 3189 4340 1 1 0 1.0
15 89443 3199 2405 1 1 1 1.0
15 103440 3214 2490 1 1 1 1.0
15 60542 3220 1730 1 10 1 1.0
15 61769 3222 1653 1 1 0 1.0
15 70246 3224 1893 1 1 1 1.0
15 67708 3225 1499 1 1 1 1.0
15 158074 3226 3425 1 1 1 1.0
15 122831 3227 2858 1 1 1 1.0
15 142769 3227 3498 1 10 0 1.0
15 86852 3228 1870 1 10 0 1.0
15 165919 3230 4310 1 1 1 1.0
15 176583 3231 4739 1 10 1 1.0
15 153398 3231 3150 1 10 1 1.0
15 135776 3232 3360 1 1 0 1.0
15 168248 3236 5004 1 10 1 1.0
15 140674 3238 3043 1 1 1 1.0
15 116892 3238 3268 1 1 1 1.0
15 65583 3239 1412 1 10 0 1.0
15 137193 3241 2949 1 10 0 1.0
15 85359 3242 2126 1 1 0 1.0
15 161803 3244 3810 1 1 0 1.0
15 136929 3244 3025 1 1 1 1.0
15 66168 3245 1463 1 1 1 1.0
15 111214 3245 2515 1 1 1 1.0
15 169249 3246 3519 1 1 0 1.0
15 126148 3246 3085 1 1 1 1.0
15 86225 3247 2489 1 1 1 1.0
15 137755 3249 2828 1 1 1 1.0
15 89338 3250 1849 1 1 0 1.0
15 72685 3257 1642 1 1 0 1.0
15 76380 3257 2131 1 1 0 1.0
15 129656 3261 3883 1 1 0 1.0
15 69888 3264 1841 1 50 0 1.0
15 118541 3265 2522 1 50 0 1.0
15 170375 3268 4244 1 10 1 1.0
15 153904 3269 3660 1 1 0 1.0
15 116670 3269 3073 1 1 1 1.0
15 102490 3273 2086 1 10 0 1.0
15 116719 3281 2573 1 1 1 1.0
15 104168 3291 2955 1 10 1 1.0
15 158020 3293 4315 1 10 0 1.0
15 125680 3297 2514 1 1 1 1.0
15 62231 3298 1247 1 10 0 1.0
15 60796 3298 1731 1 1 1 1.0
15 93584 3302 2133 1 10 0 1.0
15 64369 3305 1762 1 50 0 1.0
15 127652 3314 3768 1 1 0 1.0
15 162816 3315 3595 1 50 0 1.0
15 89007 3316 2419 1 1 0 1.0
15 117801 3320 3299 1 10 1 1.0
15 125197 3325 2931 1 1 0 1.0
15 84537 3331 2304 1 10 1 1.0
15 93099 3338 2603 1 10 0 1.0
15 146119 3340 3321 1 1 0 1.0
15 137317 3346 4079 1 1 0 1.0
15 82026 3347 2377 1 10 0 1.0
15 123532 3347 3293 1 10 1 1.0
15 90316 3350 2641 1 10 1 1.0
15 92950 3351 2719 1 1 0 1.0
15 73883 3351 1543 1 1 0 1.0
15 159946 3351 3265 1 1 0 1.0
15 100230 3357 2183 1 1 1 1.0
15 154924 3360 4552 1 1 0 1.0
15 146970 3363 3208 1 1 1 1.0
15 118554 3371 3388 1 1 0 1.0
15 112835 3371 3365 1 10 1 1.0
15 141409 3375 3973 1 1 1 1.0
15 89503 3378 2572 1 1 0 1.0
15 143384 3378 4207 1 10 0 1.0
15 75448 3379 1669 1 1 0 1.0
15 68645 3379 1776 1 1 1 1.0
15 116851 3382 3322 1 10 1 1.0
15 176028 3386 4477 1 1 0 1.0
15 82482 3391 1657 1 1 1 1.0
15 70204 3391 1638 1 1 0 1.0
15 102173 3392 2060 1 10 1 1.0
15 77685 3392 2090 1 1 1 1.0
15 81607 3393 2041 1 50 0 1.0
15 62269 3398 1317 1 10 1 1.0
15 175687 3398 3816 1 1 0 1.0
15 153651 3402 3141 1 1 1 1.0
15 61236 3402 1381 1 1 1 1.0
15 140984 3402 3620 1 1 0 1.0
15 176108 3406 4003 1 1 1 1.0
15 91279 3410 2306 1 10 1 1.0
15 91463 3410 2293 1 1 0 1.0
15 153257 3411 3453 1 1 1 1.0
15 96406 3415 2509 1 10 1 1.0
15 90570 3416 2394 1 10 0 1.0
15 96945 3418 2427 1 1 0 1.0
15 62810 3419 1714 1 50 1 1.0
15 138855 3419 3543 1 10 1 1.0
15 177857 3421 4759 1 1 1 1.0
15 174519 3422 4061 1 10 1 1.0
15 165914 3423 4029 1 10 1 1.0
15 172302 3427 3687 1 1 1 1.0
15 172781 3428 3916 1 10 0 1.0
15 96902 3428 2684 1 10 0 1.0
15 86525 3430 1848 1 1 1 1.0
15 75872 3435 1878 1 1 0 1.0
15 113103 3436 3014 1 1 1 1.0
15 134293 3442 3730 1 1 1 1.0
15 133361 3443 2945 1 1 0 1.0
15 118291 3443 3230 1 1 1 1.0
15 126756 3450 2606 1 1 0 1.0
15 69293 3450 1750 1 1 1 1.0
15 104220 3451 2412 1 10 1 1.0
15 155087 3452 3409 1 10 1 1.0
15 60542 3461 1227 1 1 0 1.0
15 138311 3461 3709 1 1 0 1.0
15 133828 3462 3417 1 1 1 1.0
15 76447 3462 2290 1 1 1 1.0
15 76727 3463 1665 1 1 1 1.0
15 77742 3463 1565 1 10 1 1.0
15 87732 3465 2244 1 1 1 1.0
15 143296 3465 3810 1 1 1 1.0
15 143248 3469 3524 1 1 1 1.0
15 119610 3471 3325 1 1 1 1.0
15 115972 3474 2330 1 10 0 1.0
15 81295 3482 2259 1 1 1 1.0
15 169839 3485 3662 1 10 0 1.0
15 98639 3489 2683 1 1 1 1.0
15 107408 3489 2495 1 1 0 1.0
15 145199 3489 3027 1 1 1 1.0
15 73993 3491 1630 1 1 0 1.0
15 143463 3496 3826 1 1 0 1.0
15 83489 3499 1863 1 50 0 1.0
15 134300 3501 3636 1 1 1 1.0
15 175567 3505 3646 1 1 1 1.0
15 66497 3510 1961 1 10 0 1.0
15 177518 3512 4277 1 1 1 1.0
15 101405 3515 2957 1 50 0 1.0
15 71540 3519 1735 1 1 0 1.0
15 125886 3522 2587 1 10 0 1.0
15 177422 3523 3746 1 1 1 1.0
15 149517 3525 3740 1 10 0 1.0
15 88809 3526 2492 1 1 1 1.0
15 146645 3536 3649 1 1 1 1.0
15 65958 3539 1769 1 1 1 1.0
15 155154 3541 3675 1 1 0 1.0
15 120463 3543 3466 1 1 1 1.0
15 171223 3544 3816 1 50 1 1.0
15 154815 3545 4441 1 10 0 1.0
15 74122 3547 1844 1 10 0 1.0
15 173454 3551 4138 1 10 0 1.0
15 114484 3551 3295 1 1 0 1.0
15 149765 3557 3278 1 10 1 1.0
15 167831 3558 4061 1 1 1 1.0
15 108332 3561 2903 1 50 0 1.0
15 179448 3563 3598 1 1 1 1.0
15 136643 3563 3820 1 1 1 1.0
15 138547 3569 3941 1 1 0 1.0
15 146792 3575 3125 1 1 1 1.0
15 178047 3575 4925 1 1 1 1.0
15 122880 3577 2954 1 1 1 1.0
15 61830 3577 1274 1 50 1 1.0
15 61120 3579 1830 1 10 1 1.0
15 159233 3583 3336 1 1 1 1.0
15 146239 3589 3022 1 1 1 1.0
15 131686 3593 3352 1 50 1 1.0
15 97195 3596 2878 1 1 0 1.0
