1500
16 82814 5 2425 1 1 0 1.0
16 135396 6 3869 1 10 1 1.0
16 68683 8 1996 1 1 0 1.0
16 162984 13 3386 1 1 1 1.0
16 126290 15 2630 1 50 1 1.0
16 101237 15 2680 1 1 0 1.0
16 141515 18 4089 1 50 0 1.0
16 98474 22 2043 1 1 1 1.0
16 102016 22 2534 1 50 1 1.0
16 85506 22 1747 1 10 0 1.0
16 112450 22 2520 1 1 0 1.0
16 115597 24 3298 1 1 1 1.0
16 84723 26 2397 1 1 1 1.0
16 118169 27 2962 1 1 0 1.0
16 77356 29 1622 1 1 1 1.0
16 80468 30 1692 1 50 0 1.0
16 131485 37 3340 1 1 0 1.0
16 113247 38 2294 1 10 1 1.0
16 121544 41 3623 1 1 1 1.0
16 124706 43 2622 1 1 0 1.0
16 159398 44 3831 1 10 1 1.0
16 65370 46 1324 1 1 0 1.0
16 147848 47 3963 1 1 0 1.0
16 102184 47 2881 1 50 0 1.0
16 145684 47 4267 1 1 0 1.0
16 130231 52 3125 1 10 0 1.0
16 101510 59 2162 1 1 1 1.0
16 138104 59 3570 1 10 0 1.0
16 164842 60 3637 1 1 1 1.0
16 83406 63 1790 1 1 0 1.0
16 113604 65 3244 1 1 1 1.0
16 62707 66 1762 1 10 0 1.0
16 134957 67 4008 1 1 0 1.0
16 63422 70 1656 1 1 1 1.0
16 153290 71 4088 1 10 1 1.0
16 103321 76 2100 1 50 0 1.0
16 158238 76 4665 1 1 0 1.0
16 67625 79 1583 1 1 1 1.0
16 174271 85 4961 1 1 1 1.0
16 83619 87 2414 1 1 0 1.0
16 106483 91 2299 1 1 1 1.0
16 83640 96 2483 1 1 0 1.0
16 69961 97 1922 1 10 0 1.0
16 145285 98 3672 1 1 1 1.0
16 140207 100 2869 1 50 1 1.0
16 132856 102 3869 1 10 0 1.0
16 177301 102 4157 1 1 0 1.0
16 78233 103 1614 1 1 0 1.0
16 61174 103 1400 1 1 1 1.0
16 169194 107 4461 1 10 1 1.0
16 118158 109 2562 1 1 1 1.0
16 92945 109 2571 1 50 0 1.0
16 135062 109 3458 1 10 1 1.0
16 117660 110 2962 1 1 1 1.0
16 157453 113 3392 1 1 1 1.0
16 175010 118 4137 1 1 1 1.0
16 175980 119 4720 1 1 0 1.0
16 84170 121 2084 1 10 0 1.0
16 141878 132 3239 1 1 0 1.0
16 136997 135 3485 1 1 1 1.0
16 121980 136 2733 1 10 0 1.0
16 89046 137 2159 1 1 0 1.0
16 85890 139 2575 1 1 0 1.0
16 115185 142 2503 1 10 1 1.0
16 142210 144 3879 1 1 0 1.0
16 92728 144 2330 1 1 0 1.0
16 160201 146 4782 1 10 1 1.0
16 122363 147 2542 1 10 1 1.0
16 69950 148 1928 1 10 1 1.0
16 95117 149 2354 1 1 1 1.0
16 129576 149 3255 1 1 1 1.0
16 154948 150 3956 1 1 0 1.0
16 155524 150 3302 1 10 1 1.0
16 65288 151 1782 1 10 0 1.0
16 104019 155 2714 1 1 1 1.0
16 144196 156 3813 1 1 1 1.0
16 101027 160 2398 1 50 1 1.0
16 178391 161 3627 1 1 0 1.0
16 139213 163 4103 1 50 1 1.0
16 149722 167 3410 1 10 0 1.0
16 169450 168 3648 1 50 0 1.0
16 137162 170 3256 1 1 1 1.0
16 122842 172 2619 1 1 0 1.0
16 125320 173 3160 1 1 1 1.0
16 60487 186 1509 1 1 1 1.0
16 161177 187 4680 1 1 0 1.0
16 134991 191 3154 1 1 0 1.0
16 151019 193 4434 1 10 0 1.0
16 79420 209 2077 1 10 1 1.0
16 86968 212 2112 1 1 0 1.0
16 141005 219 2863 1 1 0 1.0
16 133965 220 3304 1 50 0 1.0
16 175680 223 4979 1 1 0 1.0
16 61446 229 1731 1 10 0 1.0
16 138608 231 3139 1 10 1 1.0
16 136027 238 3770 1 50 1 1.0
16 115297 240 2522 1 50 0 1.0
16 154392 243 4454 1 1 0 1.0
16 72412 244 1917 1 50 1 1.0
16 84762 244 1695 1 1 1 1.0
16 131475 248 3302 1 10 1 1.0
16 94397 249 2047 1 10 0 1.0
16 128940 249 3056 1 1 0 1.0
16 166990 253 4509 1 10 1 1.0
16 110228 257 2588 1 10 1 1.0
16 71649 259 1596 1 10 0 1.0
16 152184 261 4326 1 1 1 1.0
16 63735 268 1870 1 1 1 1.0
16 92405 277 2221 1 50 1 1.0
16 79958 286 2304 1 1 1 1.0
16 168327 291 4510 1 1 0 1.0
16 108952 291 2569 1 1 1 1.0
16 110923 292 2717 1 1 1 1.0
16 176027 293 4827 1 1 1 1.0
16 66927 300 1719 1 10 1 1.0
16 130530 303 2950 1 1 0 1.0
16 103168 307 2188 1 10 0 1.0
16 60878 307 1614 1 10 1 1.0
16 97719 308 2536 1 1 0 1.0
16 147977 310 2982 1 10 0 1.0
16 114231 310 3425 1 1 0 1.0
16 89457 313 2283 1 1 0 1.0
16 65211 314 1936 1 1 1 1.0
16 91361 314 2603 1 1 0 1.0
16 168345 315 4803 1 1 0 1.0
16 69365 316 1696 1 1 0 1.0
16 141885 317 3239 1 1 1 1.0
16 165289 317 4110 1 1 0 1.0
16 80377 322 2214 1 1 0 1.0
16 120511 326 3086 1 50 0 1.0
16 115640 327 3288 1 1 0 1.0
16 88350 329 2328 1 10 0 1.0
16 108184 329 2366 1 1 1 1.0
16 72362 330 1693 1 1 0 1.0
16 74354 332 1521 1 50 0 1.0
16 153267 333 4254 1 10 0 1.0
16 101627 334 2571 1 1 1 1.0
16 60998 345 1675 1 1 1 1.0
16 84244 345 2466 1 1 1 1.0
16 144019 347 3096 1 1 1 1.0
16 72259 348 1933 1 1 1 1.0
16 175746 353 3531 1 10 0 1.0
16 120843 356 2570 1 1 0 1.0
16 104522 356 2570 1 10 0 1.0
16 161410 364 3472 1 50 0 1.0
16 69370 367 1994 1 1 1 1.0
16 122190 368 2552 1 10 1 1.0
16 130938 372 2970 1 1 1 1.0
16 61616 374 1371 1 1 1 1.0
16 176163 374 4707 1 1 1 1.0
16 95485 375 2148 1 1 1 1.0
16 137268 376 3517 1 50 1 1.0
16 170624 378 4670 1 1 1 1.0
16 93190 380 2311 1 1 1 1.0
16 67482 387 1924 1 1 0 1.0
16 62687 388 1481 1 1 0 1.0
16 78712 390 2279 1 1 0 1.0
16 104678 391 3099 1 1 0 1.0
16 100304 393 2378 1 10 0 1.0
16 140096 396 3382 1 10 0 1.0
16 118160 402 2636 1 10 1 1.0
16 156833 405 4276 1 10 1 1.0
16 157872 408 4492 1 1 1 1.0
16 142883 410 3861 1 10 0 1.0
16 109979 410 2413 1 10 1 1.0
16 95705 418 2105 1 10 0 1.0
16 82511 419 1780 1 50 0 1.0
16 65387 421 1741 1 10 1 1.0
16 171522 423 3644 1 10 1 1.0
16 81907 425 2236 1 50 1 1.0
16 138036 426 3717 1 10 0 1.0
16 138428 427 3022 1 1 1 1.0
16 102615 430 2981 1 10 0 1.0
16 145492 431 4319 1 1 0 1.0
16 146321 438 3677 1 10 1 1.0
16 87204 440 1848 1 1 0 1.0
16 176569 441 4385 1 1 0 1.0
16 85052 444 1738 1 1 0 1.0
16 107395 446 2906 1 10 0 1.0
16 110594 453 3099 1 1 1 1.0
16 93959 454 2592 1 1 1 1.0
16 131294 461 2645 1 1 1 1.0
16 140883 462 3929 1 1 1 1.0
16 149851 468 3201 1 1 1 1.0
16 126926 471 2982 1 50 1 1.0
16 160767 473 4718 1 50 1 1.0
16 66721 477 1879 1 10 0 1.0
16 144654 480 3745 1 1 1 1.0
16 155803 481 3767 1 10 0 1.0
16 156344 482 4352 1 10 1 1.0
16 61057 482 1769 1 1 1 1.0
16 99960 489 2074 1 1 1 1.0
16 60620 491 1222 1 1 0 1.0
16 123568 491 3660 1 50 0 1.0
16 171357 492 3645 1 1 0 1.0
16 108865 493 3187 1 1 1 1.0
16 105196 496 2276 1 50 0 1.0
16 91688 496 1921 1 50 1 1.0
16 134670 500 3700 1 1 0 1.0
16 77366 501 1878 1 10 0 1.0
16 137552 501 3525 1 1 1 1.0
16 133979 506 3579 1 1 1 1.0
16 152909 507 3431 1 1 1 1.0
16 114280 509 2450 1 10 1 1.0
16 146464 519 4023 1 10 1 1.0
16 64399 522 1369 1 10 1 1.0
16 146413 525 4006 1 1 1 1.0
16 86767 526 2599 1 10 1 1.0
16 129545 531 3269 1 50 1 1.0
16 141356 533 3251 1 1 1 1.0
16 67231 533 1366 1 1 1 1.0
16 173575 537 4770 1 10 1 1.0
16 103605 540 2132 1 1 0 1.0
16 174541 541 5229 1 1 0 1.0
16 94244 548 2655 1 1 0 1.0
16 113472 549 3361 1 1 1 1.0
16 119241 551 3023 1 10 1 1.0
16 117285 558 3363 1 10 1 1.0
16 124219 558 2913 1 1 0 1.0
16 106585 559 2184 1 10 0 1.0
16 123599 561 3160 1 1 0 1.0
16 126508 561 2989 1 10 0 1.0
16 74439 563 1674 1 1 0 1.0
16 122503 567 3261 1 50 1 1.0
16 140939 571 4204 1 1 0 1.0
16 142021 572 3469 1 1 1 1.0
16 91215 572 2299 1 1 0 1.0
16 103285 574 2379 1 10 0 1.0
16 61324 579 1615 1 1 1 1.0
16 78906 586 1582 1 1 0 1.0
16 164930 587 4305 1 1 1 1.0
16 164282 589 3929 1 50 1 1.0
16 141863 592 3254 1 1 0 1.0
16 116595 595 3360 1 1 1 1.0
16 92086 595 2475 1 1 0 1.0
16 174365 598 3917 1 1 0 1.0
16 116358 601 3185 1 1 0 1.0
16 103842 601 2970 1 1 1 1.0
16 84047 604 2500 1 1 0 1.0
16 81036 606 2150 1 10 0 1.0
16 82969 608 2377 1 10 0 1.0
16 142549 610 2863 1 10 1 1.0
16 165037 611 3509 1 1 0 1.0
16 177445 614 4966 1 1 1 1.0
16 112466 620 2292 1 1 0 1.0
16 103654 621 2391 1 1 0 1.0
16 142204 623 4019 1 10 1 1.0
16 146713 624 3015 1 10 0 1.0
16 66419 625 1621 1 10 0 1.0
16 67411 635 1737 1 1 0 1.0
16 118485 635 3011 1 1 0 1.0
16 80004 639 1610 1 1 0 1.0
16 177194 640 4599 1 1 1 1.0
16 96828 642 2762 1 1 0 1.0
16 178929 647 5273 1 10 0 1.0
16 97040 656 2896 1 1 0 1.0
16 102641 658 2189 1 10 0 1.0
16 154348 662 4466 1 10 0 1.0
16 133657 662 3441 1 1 1 1.0
16 136088 667 3141 1 50 1 1.0
16 128619 669 3229 1 1 0 1.0
16 76483 672 1707 1 1 1 1.0
16 102231 677 2983 1 10 1 1.0
16 94127 679 2298 1 1 1 1.0
16 129240 680 3659 1 10 1 1.0
16 93719 685 2294 1 1 1 1.0
16 64284 686 1705 1 10 0 1.0
16 86853 687 2348 1 1 0 1.0
16 131268 687 2849 1 1 1 1.0
16 92591 691 2207 1 50 1 1.0
16 76996 692 2210 1 1 0 1.0
16 144746 694 3933 1 1 1 1.0
16 130412 706 2845 1 1 1 1.0
16 136916 708 3107 1 1 1 1.0
16 145656 715 2985 1 10 0 1.0
16 99506 719 2396 1 1 0 1.0
16 126854 720 3454 1 10 1 1.0
16 141771 723 3356 1 50 0 1.0
16 129739 725 3507 1 50 1 1.0
16 84137 727 1925 1 1 0 1.0
16 164271 729 3367 1 1 1 1.0
16 142250 730 3020 1 10 0 1.0
16 81270 732 2295 1 10 0 1.0
16 76405 733 1675 1 1 0 1.0
16 61894 736 1257 1 1 1 1.0
16 165468 736 3908 1 1 1 1.0
16 139579 738 3224 1 1 0 1.0
16 83609 739 1976 1 1 1 1.0
16 177979 740 4739 1 1 1 1.0
16 113254 745 3158 1 1 0 1.0
16 141724 751 2920 1 1 0 1.0
16 130443 752 2982 1 10 0 1.0
16 178892 761 4756 1 50 1 1.0
16 123415 763 3616 1 1 1 1.0
16 107119 771 3063 1 1 0 1.0
16 139297 773 3362 1 10 1 1.0
16 158017 774 3773 1 1 1 1.0
16 159499 774 4350 1 10 1 1.0
16 96273 777 2219 1 1 1 1.0
16 116980 780 2718 1 1 0 1.0
16 175664 785 5054 1 1 0 1.0
16 117113 786 2544 1 1 0 1.0
16 176852 788 3861 1 1 0 1.0
16 118065 789 2762 1 1 0 1.0
16 133621 790 3047 1 10 1 1.0
16 108367 795 2319 1 1 0 1.0
16 116712 796 2423 1 10 1 1.0
16 152383 797 3329 1 1 1 1.0
16 156873 799 3345 1 10 1 1.0
16 115402 800 2573 1 1 0 1.0
16 61608 806 1599 1 1 0 1.0
16 156604 809 4093 1 1 1 1.0
16 175332 811 4359 1 10 0 1.0
16 123246 821 3573 1 1 0 1.0
16 115147 821 2968 1 50 1 1.0
16 178745 822 3839 1 10 0 1.0
16 81739 822 1911 1 10 1 1.0
16 89145 826 1852 1 10 0 1.0
16 81967 826 2260 1 1 1 1.0
16 162133 828 4357 1 10 1 1.0
16 167154 838 3936 1 10 1 1.0
16 149237 839 4275 1 1 0 1.0
16 110877 840 2712 1 10 1 1.0
16 177918 846 4294 1 10 0 1.0
16 164176 846 4532 1 1 1 1.0
16 118738 847 2899 1 10 1 1.0
16 92897 853 2249 1 10 1 1.0
16 106288 854 2650 1 1 1 1.0
16 67665 857 1592 1 1 0 1.0
16 177494 857 4743 1 1 1 1.0
16 80887 858 2322 1 10 1 1.0
16 98033 858 2549 1 50 0 1.0
16 81602 859 1945 1 1 0 1.0
16 158307 865 4322 1 1 0 1.0
16 99838 866 2072 1 1 1 1.0
16 75773 869 1623 1 1 1 1.0
16 114340 873 2356 1 10 1 1.0
16 139261 875 3789 1 10 0 1.0
16 67560 875 1525 1 1 1 1.0
16 67679 876 1741 1 1 1 1.0
16 83902 881 2366 1 1 0 1.0
16 83190 881 1770 1 1 1 1.0
16 177498 891 3570 1 10 0 1.0
16 79360 893 2175 1 1 1 1.0
16 104503 893 2205 1 50 0 1.0
16 166280 893 4430 1 1 1 1.0
16 143349 893 3471 1 1 0 1.0
16 122000 897 3225 1 10 1 1.0
16 81304 897 2409 1 1 0 1.0
16 78265 898 1638 1 1 1 1.0
16 61198 898 1324 1 10 0 1.0
16 90243 899 2560 1 1 1 1.0
16 76522 903 1578 1 1 1 1.0
16 106912 904 2138 1 50 0 1.0
16 163793 907 3403 1 1 1 1.0
16 162778 913 4543 1 1 0 1.0
16 172881 917 3540 1 1 1 1.0
16 75193 920 1953 1 1 0 1.0
16 176953 922 4680 1 10 0 1.0
16 117479 923 2741 1 1 1 1.0
16 123401 929 3516 1 50 0 1.0
16 148558 929 3359 1 1 1 1.0
16 150303 929 4285 1 1 0 1.0
16 83275 930 2111 1 1 0 1.0
16 85572 932 1960 1 1 0 1.0
16 167888 933 3919 1 1 1 1.0
16 86885 941 2559 1 1 1 1.0
16 118490 948 3228 1 50 0 1.0
16 146458 948 3677 1 50 0 1.0
16 114489 949 3175 1 1 1 1.0
16 127017 952 3090 1 1 0 1.0
16 147428 956 4185 1 10 0 1.0
16 76288 962 2208 1 1 0 1.0
16 139580 963 3391 1 1 0 1.0
16 168629 966 4873 1 1 1 1.0
16 178567 967 4473 1 50 0 1.0
16 124608 971 3350 1 1 1 1.0
16 157724 973 3911 1 50 1 1.0
16 179124 973 4393 1 1 0 1.0
16 135990 980 3094 1 10 1 1.0
16 91893 981 2670 1 1 0 1.0
16 129169 982 3716 1 10 1 1.0
16 149252 984 4271 1 1 0 1.0
16 165685 990 3763 1 10 0 1.0
16 142806 992 3174 1 1 1 1.0
16 125663 992 2822 1 10 0 1.0
16 71208 994 1428 1 10 1 1.0
16 149003 996 3148 1 10 0 1.0
16 117786 999 3300 1 1 1 1.0
16 67951 1003 1653 1 1 0 1.0
16 100575 1009 2889 1 1 0 1.0
16 95416 1015 2196 1 1 0 1.0
16 67282 1017 1363 1 10 0 1.0
16 102501 1023 2761 1 50 0 1.0
16 116964 1028 3015 1 50 1 1.0
16 123111 1041 3094 1 10 0 1.0
16 89539 1042 2264 1 10 0 1.0
16 70904 1042 1714 1 1 1 1.0
16 60020 1042 1453 1 10 1 1.0
16 170490 1044 3618 1 10 0 1.0
16 149127 1046 2996 1 1 0 1.0
16 160315 1048 3258 1 1 0 1.0
16 178920 1054 5293 1 1 0 1.0
16 89233 1056 2505 1 50 1 1.0
16 84246 1058 2350 1 1 1 1.0
16 168401 1058 5031 1 1 0 1.0
16 67113 1059 1349 1 1 0 1.0
16 133175 1059 2980 1 1 0 1.0
16 92447 1062 2153 1 1 1 1.0
16 113414 1062 2294 1 10 1 1.0
16 112681 1065 2919 1 1 1 1.0
16 121613 1066 3069 1 1 0 1.0
16 74200 1067 1673 1 1 0 1.0
16 165595 1071 3545 1 50 0 1.0
16 113108 1075 2833 1 1 0 1.0
16 135570 1076 2754 1 50 1 1.0
16 63272 1078 1653 1 1 0 1.0
16 168680 1078 4058 1 1 0 1.0
16 175838 1079 3777 1 50 0 1.0
16 99709 1079 2032 1 10 1 1.0
16 178953 1081 4959 1 1 1 1.0
16 171159 1084 4146 1 10 1 1.0
16 154684 1085 3462 1 10 0 1.0
16 110749 1085 3240 1 10 1 1.0
16 170736 1091 4471 1 1 1 1.0
16 127177 1091 2861 1 1 1 1.0
16 79343 1092 1979 1 50 0 1.0
16 108476 1093 2900 1 10 1 1.0
16 177870 1096 5240 1 1 1 1.0
16 118646 1103 3401 1 1 1 1.0
16 119202 1103 2836 1 1 1 1.0
16 131771 1112 3650 1 1 0 1.0
16 175429 1113 4804 1 1 1 1.0
16 149884 1117 3830 1 1 1 1.0
16 98817 1121 2376 1 1 0 1.0
16 107479 1133 2270 1 1 1 1.0
16 82745 1133 1918 1 10 1 1.0
16 136954 1139 3521 1 1 1 1.0
16 127208 1139 3226 1 1 1 1.0
16 162471 1140 4268 1 1 1 1.0
16 115534 1141 3444 1 1 0 1.0
16 165211 1143 4657 1 10 0 1.0
16 161934 1143 4343 1 10 1 1.0
16 140906 1144 3032 1 10 1 1.0
16 135863 1147 3369 1 1 0 1.0
16 171368 1151 4333 1 1 0 1.0
16 88453 1154 1795 1 10 1 1.0
16 179021 1158 4254 1 1 1 1.0
16 171341 1159 3669 1 1 1 1.0
16 148877 1160 3297 1 1 1 1.0
16 81995 1161 2322 1 10 0 1.0
16 124468 1161 3655 1 1 1 1.0
16 140457 1162 2925 1 1 1 1.0
16 108819 1163 3130 1 1 1 1.0
16 97149 1163 2576 1 10 1 1.0
16 76382 1164 1648 1 1 1 1.0
16 113457 1166 3255 1 1 0 1.0
16 126749 1166 2971 1 1 1 1.0
16 156001 1168 3334 1 10 1 1.0
16 162110 1168 4601 1 1 1 1.0
16 179504 1169 4054 1 1 0 1.0
16 93963 1172 2537 1 1 1 1.0
16 66543 1180 1332 1 10 1 1.0
16 77591 1189 2321 1 50 1 1.0
16 119417 1190 3370 1 1 1 1.0
16 97469 1191 2249 1 1 1 1.0
16 113887 1198 2356 1 1 1 1.0
16 114255 1198 2296 1 1 1 1.0
16 176792 1200 4563 1 10 0 1.0
16 161634 1203 3601 1 10 1 1.0
16 128131 1207 2848 1 1 0 1.0
16 76503 1215 1689 1 1 1 1.0
16 88451 1219 1798 1 1 0 1.0
16 100547 1220 2632 1 1 0 1.0
16 145289 1226 2982 1 1 0 1.0
16 101628 1226 2401 1 1 1 1.0
16 93274 1226 2030 1 1 0 1.0
16 101836 1227 2168 1 1 0 1.0
16 98012 1229 2263 1 1 1 1.0
16 116649 1230 2825 1 1 1 1.0
16 119799 1235 2625 1 50 0 1.0
16 79224 1236 1593 1 1 1 1.0
16 132293 1237 3491 1 1 1 1.0
16 150297 1240 4474 1 1 0 1.0
16 130454 1241 2910 1 1 1 1.0
16 145163 1241 3049 1 10 0 1.0
16 134293 1245 3594 1 10 1 1.0
16 163299 1246 4521 1 10 1 1.0
16 156814 1246 3941 1 1 0 1.0
16 125059 1247 2538 1 10 0 1.0
16 151221 1257 4019 1 1 1 1.0
16 125644 1258 2630 1 10 1 1.0
16 109212 1259 2944 1 10 1 1.0
16 171862 1265 3778 1 1 1 1.0
16 155959 1268 3388 1 1 0 1.0
16 102084 1270 2054 1 10 1 1.0
16 136738 1272 3562 1 1 1 1.0
16 73250 1273 1944 1 10 0 1.0
16 87841 1274 2356 1 1 0 1.0
16 61914 1278 1561 1 10 1 1.0
16 73334 1281 1773 1 1 0 1.0
16 90465 1281 2583 1 1 0 1.0
16 135540 1281 2816 1 1 1 1.0
16 169484 1283 3746 1 1 1 1.0
16 118106 1284 3510 1 50 0 1.0
16 119641 1286 2930 1 1 0 1.0
16 81860 1286 1834 1 10 0 1.0
16 149411 1295 3967 1 1 0 1.0
16 74546 1299 1687 1 1 0 1.0
16 98172 1304 2755 1 1 1 1.0
16 72702 1306 2024 1 1 1 1.0
16 162243 1307 4665 1 1 1 1.0
16 72921 1312 2122 1 10 1 1.0
16 111388 1315 2633 1 1 1 1.0
16 159464 1321 4144 1 10 0 1.0
16 89274 1323 2608 1 10 0 1.0
16 145058 1329 3151 1 10 1 1.0
16 137125 1329 3247 1 1 1 1.0
16 127327 1332 3534 1 1 0 1.0
16 130959 1339 3106 1 1 1 1.0
16 84813 1340 2459 1 10 0 1.0
16 144329 1341 4207 1 10 0 1.0
16 169038 1343 3785 1 1 1 1.0
16 61460 1349 1332 1 1 0 1.0
16 179228 1351 4257 1 1 1 1.0
16 100524 1354 2772 1 50 0 1.0
16 117652 1354 2898 1 1 1 1.0
16 155443 1358 4418 1 50 0 1.0
16 165870 1362 4670 1 50 1 1.0
16 65892 1365 1357 1 1 0 1.0
16 68725 1371 2033 1 1 1 1.0
16 137271 1373 3201 1 10 0 1.0
16 140509 1373 4100 1 10 1 1.0
16 76849 1377 1914 1 10 0 1.0
16 134300 1380 3459 1 1 0 1.0
16 151053 1382 3051 1 1 0 1.0
16 149569 1383 3040 1 1 0 1.0
16 61719 1384 1845 1 10 0 1.0
16 131167 1385 3808 1 10 0 1.0
16 121032 1388 2875 1 1 0 1.0
16 130674 1388 3622 1 1 1 1.0
16 171720 1389 3867 1 1 1 1.0
16 177965 1390 4940 1 1 1 1.0
16 131765 1392 3486 1 1 0 1.0
16 149804 1392 3913 1 1 1 1.0
16 159390 1393 4004 1 1 1 1.0
16 124602 1393 3550 1 1 0 1.0
16 172120 1394 4214 1 1 0 1.0
16 176985 1395 4627 1 10 0 1.0
16 129952 1398 2679 1 10 0 1.0
16 129089 1400 2883 1 10 1 1.0
16 80722 1402 1674 1 1 1 1.0
16 79103 1404 2265 1 10 1 1.0
16 73911 1404 1608 1 1 1 1.0
16 128250 1407 3743 1 1 0 1.0
16 101197 1411 2836 1 1 1 1.0
16 96932 1411 2102 1 10 0 1.0
16 76334 1413 1547 1 1 1 1.0
16 111336 1413 3111 1 1 1 1.0
16 78913 1415 1990 1 50 1 1.0
16 142592 1415 4180 1 50 0 1.0
16 159242 1422 4700 1 1 1 1.0
16 118604 1423 2670 1 10 0 1.0
16 174009 1427 4327 1 1 1 1.0
16 159382 1429 4064 1 10 1 1.0
16 165916 1434 4182 1 1 0 1.0
16 139674 1435 3292 1 50 0 1.0
16 145068 1436 3337 1 10 1 1.0
16 121208 1441 3126 1 1 1 1.0
16 111198 1442 2895 1 50 0 1.0
16 173637 1447 4585 1 1 1 1.0
16 142132 1457 3446 1 1 1 1.0
16 61131 1461 1288 1 1 1 1.0
16 122718 1469 3649 1 1 0 1.0
16 152528 1471 3852 1 1 0 1.0
16 151212 1472 3464 1 10 1 1.0
16 170751 1485 3547 1 10 1 1.0
16 177089 1488 3829 1 1 1 1.0
16 89945 1490 1800 1 1 0 1.0
16 69346 1499 1634 1 1 0 1.0
16 79165 1501 2158 1 10 0 1.0
16 134786 1502 3778 1 1 1 1.0
16 177882 1502 3594 1 1 0 1.0
16 170870 1503 3431 1 1 1 1.0
16 168248 1515 4114 1 10 1 1.0
16 130089 1515 3186 1 1 1 1.0
16 102241 1516 2319 1 50 0 1.0
16 83641 1517 1836 1 10 0 1.0
16 74048 1519 1598 1 10 0 1.0
16 132619 1525 3228 1 1 0 1.0
16 96283 1532 2294 1 1 0 1.0
16 73632 1532 1479 1 1 0 1.0
16 63605 1532 1285 1 10 1 1.0
16 142880 1541 3339 1 1 0 1.0
16 132303 1547 3664 1 1 1 1.0
16 139675 1548 4189 1 1 0 1.0
16 142213 1552 3366 1 10 0 1.0
16 86255 1552 2170 1 10 0 1.0
16 171104 1554 4351 1 1 0 1.0
16 62050 1555 1788 1 1 1 1.0
16 126218 1556 3337 1 1 1 1.0
16 61348 1558 1243 1 10 0 1.0
16 102217 1560 2903 1 1 0 1.0
16 173045 1564 4435 1 1 0 1.0
16 123410 1565 3483 1 1 1 1.0
16 176089 1566 4445 1 1 0 1.0
16 91488 1568 1858 1 1 0 1.0
16 103009 1570 2770 1 1 0 1.0
16 130794 1571 3118 1 50 1 1.0
16 139559 1572 3329 1 10 1 1.0
16 122293 1574 2879 1 50 1 1.0
16 164967 1575 3744 1 1 1 1.0
16 152462 1576 4241 1 10 0 1.0
16 79762 1576 2057 1 50 0 1.0
16 96468 1578 2196 1 1 1 1.0
16 113865 1579 2891 1 1 1 1.0
16 152509 1579 3717 1 1 1 1.0
16 61267 1580 1300 1 1 0 1.0
16 63885 1580 1654 1 1 1 1.0
16 115006 1582 2412 1 1 0 1.0
16 118733 1589 2689 1 1 1 1.0
16 89260 1591 2020 1 1 0 1.0
16 109724 1591 2345 1 1 1 1.0
16 147801 1591 3974 1 10 1 1.0
16 72000 1592 1599 1 1 0 1.0
16 140834 1596 3832 1 10 0 1.0
16 120935 1596 3284 1 50 1 1.0
16 83914 1597 1699 1 1 1 1.0
16 159904 1601 3464 1 1 0 1.0
16 93943 1601 2663 1 1 1 1.0
16 68469 1603 2004 1 1 1 1.0
16 90213 1605 2123 1 1 1 1.0
16 148120 1611 3406 1 1 1 1.0
16 116984 1617 2634 1 50 1 1.0
16 68876 1618 1912 1 1 1 1.0
16 99070 1619 2656 1 10 0 1.0
16 117911 1620 3063 1 1 0 1.0
16 145028 1623 3296 1 1 0 1.0
16 176118 1623 3978 1 10 0 1.0
16 81007 1623 2364 1 10 1 1.0
16 74639 1625 2001 1 1 1 1.0
16 115963 1626 2323 1 1 1 1.0
16 137231 1626 3329 1 1 1 1.0
16 168109 1628 4635 1 10 0 1.0
16 176660 1631 4264 1 1 1 1.0
16 116264 1634 2835 1 1 1 1.0
16 114425 1637 3095 1 1 0 1.0
16 155012 1637 3654 1 1 1 1.0
16 95243 1638 2809 1 10 1 1.0
16 160637 1638 3701 1 1 0 1.0
16 95571 1646 2043 1 1 1 1.0
16 137307 1646 3925 1 50 0 1.0
16 130297 1647 2657 1 10 1 1.0
16 151891 1647 3281 1 1 1 1.0
16 119023 1648 3347 1 1 1 1.0
16 118122 1654 2924 1 1 1 1.0
16 67736 1656 1930 1 50 0 1.0
16 145154 1656 4216 1 1 1 1.0
16 117862 1659 2412 1 1 1 1.0
16 81194 1662 1797 1 1 0 1.0
16 82335 1665 1871 1 1 1 1.0
16 136097 1667 3399 1 1 1 1.0
16 121140 1668 3199 1 1 1 1.0
16 119713 1670 3457 1 1 1 1.0
16 125676 1672 2926 1 10 1 1.0
16 107124 1672 3060 1 1 0 1.0
16 111136 1675 2344 1 1 0 1.0
16 141971 1675 3566 1 1 0 1.0
16 69647 1675 1549 1 10 1 1.0
16 154951 1677 3475 1 1 1 1.0
16 104624 1678 2588 1 50 0 1.0
16 65170 1680 1696 1 1 1 1.0
16 136668 1684 2930 1 1 0 1.0
16 69585 1684 1520 1 10 0 1.0
16 70445 1685 1768 1 1 1 1.0
16 136719 1685 3665 1 10 0 1.0
16 147512 1687 4304 1 1 0 1.0
16 119059 1689 2883 1 10 0 1.0
16 60555 1690 1602 1 10 0 1.0
16 112134 1694 3080 1 1 1 1.0
16 89986 1695 2490 1 10 0 1.0
16 107116 1703 2938 1 10 0 1.0
16 93700 1705 2201 1 1 1 1.0
16 94948 1706 2398 1 1 1 1.0
16 175910 1712 3802 1 1 1 1.0
16 139209 1715 2981 1 50 1 1.0
16 104596 1715 2567 1 50 1 1.0
16 132716 1716 3021 1 1 1 1.0
16 143487 1720 3813 1 1 1 1.0
16 119818 1723 2968 1 1 0 1.0
16 158575 1723 3464 1 10 1 1.0
16 68031 1732 1576 1 1 1 1.0
16 145703 1734 3116 1 1 0 1.0
16 168900 1742 4826 1 10 1 1.0
16 169521 1746 3600 1 1 1 1.0
16 171707 1753 4146 1 10 0 1.0
16 171685 1754 4304 1 1 0 1.0
16 80697 1755 2300 1 50 1 1.0
16 141683 1756 2896 1 10 1 1.0
16 72616 1756 1867 1 1 1 1.0
16 100127 1756 2310 1 1 1 1.0
16 160480 1756 3528 1 1 1 1.0
16 97511 1757 2156 1 1 1 1.0
16 92406 1757 2494 1 50 1 1.0
16 101738 1758 2803 1 10 1 1.0
16 63198 1760 1504 1 1 0 1.0
16 87385 1761 1896 1 10 0 1.0
16 97790 1762 2186 1 10 1 1.0
16 117020 1763 2424 1 10 1 1.0
16 123144 1765 2820 1 1 1 1.0
16 66791 1767 1813 1 10 1 1.0
16 168994 1771 4047 1 10 0 1.0
16 134222 1777 3821 1 10 1 1.0
16 82219 1783 2273 1 1 0 1.0
16 170366 1796 4287 1 1 0 1.0
16 120872 1800 3332 1 50 0 1.0
16 137734 1801 3776 1 1 0 1.0
16 108436 1803 2339 1 1 0 1.0
16 115458 1803 2403 1 1 1 1.0
16 136324 1805 3137 1 10 1 1.0
16 140087 1806 3872 1 1 0 1.0
16 62839 1809 1299 1 1 0 1.0
16 82270 1810 1921 1 10 0 1.0
16 123938 1813 2901 1 1 1 1.0
16 132135 1814 3268 1 10 1 1.0
16 173056 1819 4280 1 10 1 1.0
16 89549 1820 1978 1 1 1 1.0
16 121124 1821 2833 1 1 0 1.0
16 164762 1822 4738 1 1 0 1.0
16 140993 1822 3700 1 1 0 1.0
16 71938 1823 1962 1 10 1 1.0
16 124723 1825 3455 1 10 0 1.0
16 131281 1829 2828 1 10 1 1.0
16 76051 1832 1786 1 10 0 1.0
16 163973 1833 3340 1 10 1 1.0
16 66804 1835 1346 1 1 0 1.0
16 161946 1838 4713 1 10 1 1.0
16 114786 1839 3345 1 1 1 1.0
16 176318 1840 4384 1 10 1 1.0
16 88498 1842 2566 1 10 1 1.0
16 135192 1845 3966 1 50 1 1.0
16 84712 1852 1967 1 10 0 1.0
16 176838 1856 5020 1 10 0 1.0
16 87338 1857 2582 1 10 0 1.0
16 150390 1860 4249 1 1 1 1.0
16 63237 1860 1767 1 1 0 1.0
16 159980 1861 4628 1 10 1 1.0
16 120554 1863 2945 1 1 1 1.0
16 123081 1863 2727 1 10 0 1.0
16 105227 1866 2246 1 10 0 1.0
16 76158 1867 1640 1 1 1 1.0
16 67970 1868 1856 1 10 0 1.0
16 123954 1874 2527 1 1 1 1.0
16 154401 1878 3900 1 1 1 1.0
16 61065 1878 1773 1 1 0 1.0
16 117229 1883 2877 1 10 1 1.0
16 64867 1886 1536 1 10 1 1.0
16 87452 1892 2410 1 50 0 1.0
16 154707 1895 4360 1 1 1 1.0
16 149281 1895 4137 1 1 0 1.0
16 170001 1899 4329 1 1 0 1.0
16 68354 1900 1537 1 1 0 1.0
16 165049 1901 3709 1 1 0 1.0
16 157881 1902 4684 1 1 1 1.0
16 93833 1904 2668 1 1 1 1.0
16 135358 1908 2784 1 1 1 1.0
16 64188 1910 1647 1 1 1 1.0
16 131337 1910 2644 1 1 0 1.0
16 132399 1911 3353 1 1 1 1.0
16 67637 1915 1566 1 10 1 1.0
16 166524 1917 3447 1 1 1 1.0
16 95215 1920 2667 1 50 1 1.0
16 159777 1920 4153 1 1 0 1.0
16 101590 1926 2494 1 10 1 1.0
16 118809 1927 3000 1 10 1 1.0
16 130983 1928 3260 1 1 1 1.0
16 72100 1930 1459 1 1 1 1.0
16 68949 1932 1846 1 1 0 1.0
16 109438 1936 2727 1 10 0 1.0
16 136097 1939 4067 1 1 0 1.0
16 62778 1940 1486 1 1 1 1.0
16 91504 1946 2346 1 1 0 1.0
16 108119 1947 2793 1 1 0 1.0
16 91284 1952 2171 1 1 0 1.0
16 103873 1960 2381 1 1 0 1.0
16 83436 1960 2305 1 1 1 1.0
16 146989 1960 3737 1 1 1 1.0
16 153755 1960 4068 1 10 1 1.0
16 116722 1961 2568 1 1 0 1.0
16 115867 1963 2944 1 1 0 1.0
16 125259 1965 2542 1 10 0 1.0
16 146270 1966 3125 1 10 0 1.0
16 123985 1976 3430 1 1 1 1.0
16 152448 1980 4191 1 50 1 1.0
16 129143 1981 3645 1 1 1 1.0
16 164901 1983 4013 1 1 0 1.0
16 115984 1986 3117 1 1 1 1.0
16 104378 1988 2527 1 1 0 1.0
16 101721 1990 2571 1 1 0 1.0
16 155726 1992 4269 1 10 1 1.0
16 132546 1992 2654 1 10 1 1.0
16 83362 1993 2305 1 10 1 1.0
16 75741 1994 2253 1 1 0 1.0
16 89757 1995 1826 1 1 0 1.0
16 159458 1997 4243 1 50 1 1.0
16 87174 2001 1780 1 1 1 1.0
16 137858 2002 2986 1 1 0 1.0
16 119567 2003 3288 1 1 0 1.0
16 89624 2003 1970 1 10 0 1.0
16 64893 2012 1792 1 10 0 1.0
16 111446 2012 2484 1 1 1 1.0
16 154319 2013 3433 1 1 0 1.0
16 67203 2020 1665 1 1 1 1.0
16 135348 2022 2706 1 1 0 1.0
16 96778 2023 2018 1 10 0 1.0
16 65109 2026 1927 1 1 0 1.0
16 73487 2029 1561 1 10 1 1.0
16 89100 2034 1916 1 1 1 1.0
16 135956 2035 3106 1 1 0 1.0
16 113089 2036 3034 1 1 1 1.0
16 130638 2039 3705 1 50 1 1.0
16 142903 2040 4131 1 10 0 1.0
16 114648 2040 3163 1 10 0 1.0
16 169048 2046 4533 1 50 0 1.0
16 174853 2049 3537 1 1 0 1.0
16 127736 2053 2704 1 1 0 1.0
16 140849 2055 3277 1 1 0 1.0
16 115581 2062 3439 1 1 1 1.0
16 84225 2063 2245 1 1 0 1.0
16 102922 2065 2539 1 1 1 1.0
16 124079 2068 3686 1 1 1 1.0
16 155235 2073 3539 1 1 0 1.0
16 93813 2074 2734 1 10 1 1.0
16 175289 2075 4181 1 1 0 1.0
16 155401 2076 4639 1 50 1 1.0
16 171751 2076 4107 1 1 1 1.0
16 159079 2077 3569 1 1 0 1.0
16 121331 2084 2746 1 10 1 1.0
16 145185 2086 3869 1 1 1 1.0
16 153385 2089 3078 1 1 0 1.0
16 60639 2092 1442 1 1 1 1.0
16 133623 2099 3780 1 1 0 1.0
16 167405 2102 4142 1 1 1 1.0
16 88916 2104 2248 1 1 1 1.0
16 93401 2105 2711 1 1 1 1.0
16 169247 2105 3852 1 1 1 1.0
16 104663 2105 2177 1 10 0 1.0
16 141389 2109 3685 1 1 0 1.0
16 92309 2110 2569 1 1 1 1.0
16 166452 2110 3337 1 1 0 1.0
16 165568 2113 3803 1 50 1 1.0
16 129123 2115 3826 1 1 1 1.0
16 63026 2116 1579 1 10 0 1.0
16 156413 2120 4225 1 1 0 1.0
16 82747 2121 1761 1 1 1 1.0
16 97687 2123 2549 1 1 0 1.0
16 85147 2123 2108 1 1 0 1.0
16 152319 2123 3790 1 1 1 1.0
16 69747 2123 1511 1 1 0 1.0
16 156347 2124 4485 1 1 0 1.0
16 113498 2125 2401 1 1 0 1.0
16 80759 2127 1748 1 10 1 1.0
16 122449 2129 3018 1 1 0 1.0
16 108232 2131 3029 1 1 0 1.0
16 175424 2133 4007 1 10 1 1.0
16 121275 2133 3274 1 10 0 1.0
16 72445 2135 1684 1 1 0 1.0
16 161213 2141 4132 1 10 1 1.0
16 152448 2142 3946 1 10 1 1.0
16 147818 2142 3597 1 10 0 1.0
16 69155 2143 1996 1 10 0 1.0
16 61808 2148 1359 1 1 1 1.0
16 132018 2148 2773 1 10 1 1.0
16 125735 2151 3666 1 1 1 1.0
16 152274 2153 3056 1 1 1 1.0
16 125414 2155 2749 1 10 1 1.0
16 77201 2156 1706 1 10 1 1.0
16 179070 2157 4456 1 10 0 1.0
16 95973 2159 2533 1 10 0 1.0
16 92559 2162 2298 1 1 1 1.0
16 93664 2164 2467 1 1 1 1.0
16 94356 2166 2055 1 1 0 1.0
16 70460 2168 1617 1 1 1 1.0
16 123073 2169 2894 1 50 0 1.0
16 131916 2173 3070 1 1 1 1.0
16 168164 2178 4356 1 1 0 1.0
16 93994 2183 2321 1 1 0 1.0
16 74169 2184 1837 1 1 1 1.0
16 135321 2185 3725 1 10 0 1.0
16 70655 2186 1623 1 10 1 1.0
16 102180 2187 2651 1 1 0 1.0
16 168952 2188 3953 1 1 1 1.0
16 105423 2189 2350 1 1 0 1.0
16 172156 2192 4782 1 10 0 1.0
16 159012 2192 3311 1 1 0 1.0
16 101186 2195 2032 1 1 1 1.0
16 63505 2198 1745 1 1 1 1.0
16 80175 2201 1946 1 10 0 1.0
16 117979 2207 2799 1 1 0 1.0
16 120940 2207 2517 1 1 1 1.0
16 77494 2208 1692 1 50 1 1.0
16 97198 2210 2451 1 1 1 1.0
16 147458 2213 4352 1 1 1 1.0
16 177429 2214 3874 1 1 0 1.0
16 156671 2216 3169 1 10 0 1.0
16 97664 2217 2180 1 1 1 1.0
16 137426 2224 2866 1 1 0 1.0
16 137341 2225 4076 1 1 1 1.0
16 136227 2227 2942 1 1 1 1.0
16 142517 2231 4252 1 1 0 1.0
16 89722 2232 2105 1 1 1 1.0
16 172014 2233 3518 1 1 1 1.0
16 164396 2236 4869 1 1 0 1.0
16 138464 2240 3908 1 1 1 1.0
16 177934 2244 3680 1 1 1 1.0
16 173521 2245 3562 1 1 1 1.0
16 71086 2250 1835 1 1 1 1.0
16 133139 2252 3805 1 1 1 1.0
16 85277 2254 1821 1 50 1 1.0
16 78196 2254 1713 1 1 0 1.0
16 121686 2256 2711 1 10 0 1.0
16 86196 2260 2257 1 10 0 1.0
16 177560 2261 3771 1 1 1 1.0
16 67588 2262 1761 1 50 1 1.0
16 163731 2262 4240 1 1 0 1.0
16 151564 2264 3384 1 1 1 1.0
16 70416 2265 1900 1 10 0 1.0
16 174977 2267 4395 1 50 0 1.0
16 161540 2267 3958 1 1 0 1.0
16 129635 2271 2744 1 10 1 1.0
16 154068 2271 3166 1 1 1 1.0
16 126852 2277 3748 1 1 1 1.0
16 154555 2281 4406 1 10 1 1.0
16 150852 2285 3839 1 10 0 1.0
16 146650 2286 3355 1 1 0 1.0
16 167318 2294 3956 1 10 0 1.0
16 179970 2297 3721 1 1 0 1.0
16 69532 2298 1828 1 1 1 1.0
16 66689 2300 1930 1 10 0 1.0
16 103804 2300 2444 1 1 0 1.0
16 97674 2301 2338 1 50 0 1.0
16 140965 2303 3399 1 1 1 1.0
16 86647 2307 2559 1 1 1 1.0
16 66328 2308 1911 1 10 1 1.0
16 167585 2308 4709 1 10 1 1.0
16 63513 2308 1569 1 1 0 1.0
16 115955 2312 2597 1 1 0 1.0
16 91499 2313 2099 1 1 0 1.0
16 164594 2316 4868 1 10 1 1.0
16 145099 2316 3302 1 1 0 1.0
16 68986 2317 1497 1 50 0 1.0
16 83777 2320 1970 1 1 1 1.0
16 88288 2324 2484 1 50 1 1.0
16 74291 2327 1848 1 10 0 1.0
16 123616 2330 2535 1 10 1 1.0
16 125494 2331 2509 1 1 0 1.0
16 127450 2332 2649 1 1 0 1.0
16 131923 2332 3906 1 1 1 1.0
16 171899 2332 3890 1 1 0 1.0
16 166624 2335 4243 1 1 1 1.0
16 164997 2338 3967 1 1 1 1.0
16 151802 2342 3884 1 1 1 1.0
16 144899 2342 3573 1 1 0 1.0
16 138259 2343 3732 1 1 0 1.0
16 104283 2343 2502 1 1 1 1.0
16 125649 2346 3654 1 10 1 1.0
16 63124 2350 1742 1 10 1 1.0
16 134799 2352 3535 1 1 1 1.0
16 98741 2352 2671 1 10 1 1.0
16 69485 2354 1433 1 1 0 1.0
16 85731 2355 2303 1 1 0 1.0
16 60770 2357 1730 1 10 0 1.0
16 167288 2359 4776 1 10 0 1.0
16 172147 2361 4780 1 1 0 1.0
16 155562 2362 4495 1 1 1 1.0
16 151202 2363 3270 1 50 0 1.0
16 82478 2364 2110 1 1 0 1.0
16 68615 2369 1642 1 1 1 1.0
16 117156 2369 3308 1 50 0 1.0
16 177893 2381 3599 1 1 0 1.0
16 136613 2383 3014 1 1 0 1.0
16 147999 2384 4354 1 50 1 1.0
16 154825 2386 4138 1 10 0 1.0
16 82988 2387 2422 1 10 0 1.0
16 125640 2387 2628 1 1 0 1.0
16 110479 2388 3235 1 1 0 1.0
16 135501 2393 4041 1 1 1 1.0
16 174582 2399 4506 1 1 1 1.0
16 148325 2404 4365 1 1 1 1.0
16 141227 2408 3057 1 1 0 1.0
16 75229 2408 1825 1 1 0 1.0
16 141831 2410 4054 1 1 0 1.0
16 170971 2411 3838 1 1 1 1.0
16 85230 2413 2380 1 50 0 1.0
16 137225 2413 4048 1 1 1 1.0
16 158802 2414 4156 1 1 1 1.0
16 62734 2414 1878 1 1 0 1.0
16 94874 2416 2629 1 10 1 1.0
16 177181 2417 3964 1 1 1 1.0
16 130065 2433 3124 1 1 0 1.0
16 130308 2435 3618 1 1 1 1.0
16 132571 2437 3303 1 1 0 1.0
16 60592 2442 1549 1 1 1 1.0
16 140514 2442 3600 1 1 1 1.0
16 150388 2451 4145 1 1 0 1.0
16 86701 2451 1787 1 50 1 1.0
16 174036 2451 4353 1 1 1 1.0
16 131852 2453 3933 1 1 0 1.0
16 124250 2457 2626 1 1 0 1.0
16 93624 2457 2350 1 10 0 1.0
16 104476 2458 2774 1 10 1 1.0
16 155245 2460 3820 1 10 0 1.0
16 96443 2463 2718 1 50 1 1.0
16 74242 2464 1762 1 1 0 1.0
16 139529 2470 3549 1 10 1 1.0
16 106045 2474 2790 1 50 1 1.0
16 154223 2474 3803 1 50 0 1.0
16 123366 2476 3449 1 10 0 1.0
16 116561 2479 3230 1 1 1 1.0
16 76352 2479 1636 1 10 0 1.0
16 116504 2486 3467 1 10 0 1.0
16 161729 2487 4089 1 1 0 1.0
16 63600 2488 1882 1 1 1 1.0
16 168826 2491 4965 1 1 1 1.0
16 166193 2496 4262 1 50 0 1.0
16 174595 2496 3704 1 1 1 1.0
16 146660 2497 3256 1 1 1 1.0
16 91851 2498 2508 1 1 0 1.0
16 118722 2506 2548 1 1 0 1.0
16 107669 2506 2722 1 1 0 1.0
16 146475 2515 3387 1 1 1 1.0
16 86792 2517 2474 1 10 0 1.0
16 133342 2519 3230 1 1 1 1.0
16 176376 2523 4667 1 10 1 1.0
16 94873 2524 2218 1 1 1 1.0
16 152437 2531 3590 1 1 0 1.0
16 113280 2534 2756 1 1 0 1.0
16 90917 2535 2638 1 1 0 1.0
16 127574 2536 3680 1 1 0 1.0
16 86837 2541 2138 1 1 1 1.0
16 72245 2542 1833 1 1 1 1.0
16 163468 2555 4548 1 1 0 1.0
16 87447 2556 2459 1 1 1 1.0
16 93103 2557 2286 1 1 0 1.0
16 100438 2557 2773 1 50 1 1.0
16 77780 2562 2146 1 10 1 1.0
16 69036 2563 1821 1 10 1 1.0
16 67071 2567 1664 1 10 1 1.0
16 134149 2568 3508 1 1 1 1.0
16 127095 2571 2686 1 1 1 1.0
16 131937 2575 3049 1 1 1 1.0
16 108729 2578 3197 1 10 0 1.0
16 115832 2580 3130 1 10 1 1.0
16 139373 2581 2797 1 10 0 1.0
16 174921 2586 4946 1 1 1 1.0
16 86116 2592 2379 1 10 1 1.0
16 89485 2592 2438 1 10 0 1.0
16 76283 2592 2239 1 1 1 1.0
16 84729 2593 1733 1 1 0 1.0
16 142462 2594 3624 1 10 0 1.0
16 114101 2599 2914 1 1 0 1.0
16 64510 2599 1765 1 50 1 1.0
16 164876 2602 4313 1 50 0 1.0
16 138706 2603 3994 1 1 0 1.0
16 174193 2605 4013 1 1 1 1.0
16 90733 2606 2459 1 10 1 1.0
16 107356 2610 3140 1 1 1 1.0
16 168873 2612 3408 1 10 1 1.0
16 66025 2615 1832 1 1 1 1.0
16 132272 2616 3487 1 1 1 1.0
16 73139 2619 1629 1 50 1 1.0
16 72673 2620 2135 1 1 1 1.0
16 115844 2621 3439 1 10 1 1.0
16 156381 2622 4258 1 1 1 1.0
16 97038 2624 2387 1 1 0 1.0
16 140896 2628 4125 1 1 0 1.0
16 111372 2628 2272 1 10 1 1.0
16 81851 2630 2174 1 1 1 1.0
16 111371 2636 2790 1 1 1 1.0
16 143747 2637 3696 1 10 0 1.0
16 110938 2640 3169 1 10 1 1.0
16 118731 2640 3286 1 1 0 1.0
16 137935 2641 2770 1 1 0 1.0
16 67808 2641 1690 1 1 0 1.0
16 165661 2642 4459 1 1 1 1.0
16 140466 2642 3355 1 1 1 1.0
16 85143 2644 2056 1 1 1 1.0
16 129298 2647 3349 1 1 0 1.0
16 127968 2650 2977 1 1 1 1.0
16 69351 2652 1563 1 10 0 1.0
16 76375 2652 2072 1 1 0 1.0
16 105606 2655 2709 1 10 1 1.0
16 84058 2658 1830 1 1 1 1.0
16 157633 2661 4226 1 1 0 1.0
16 173262 2661 4547 1 10 1 1.0
16 82744 2663 2395 1 1 1 1.0
16 122206 2664 3269 1 10 1 1.0
16 144692 2676 4225 1 1 0 1.0
16 114362 2676 3322 1 10 0 1.0
16 106644 2683 3013 1 1 0 1.0
16 106150 2685 2611 1 1 0 1.0
16 81442 2689 2314 1 1 0 1.0
16 80915 2692 1898 1 1 1 1.0
16 141231 2693 3056 1 1 1 1.0
16 114830 2693 3103 1 1 0 1.0
16 131625 2693 2789 1 1 1 1.0
16 113365 2693 2619 1 1 1 1.0
16 168769 2697 4309 1 1 1 1.0
16 79808 2700 1802 1 50 0 1.0
16 81535 2701 1653 1 1 1 1.0
16 60075 2703 1386 1 10 0 1.0
16 124898 2705 2672 1 10 1 1.0
16 96271 2708 2367 1 1 0 1.0
16 150365 2710 3120 1 1 1 1.0
16 101823 2715 2760 1 1 0 1.0
16 171270 2716 3794 1 1 0 1.0
16 119252 2718 2675 1 1 0 1.0
16 96072 2718 2623 1 1 0 1.0
16 75679 2718 2091 1 1 1 1.0
16 152887 2719 3073 1 1 1 1.0
16 163723 2722 3845 1 10 1 1.0
16 74412 2722 1693 1 1 1 1.0
16 146041 2724 2983 1 1 0 1.0
16 112005 2725 2745 1 10 1 1.0
16 173975 2727 5068 1 1 1 1.0
16 175563 2727 3707 1 1 0 1.0
16 124138 2728 3561 1 10 0 1.0
16 60964 2729 1502 1 1 0 1.0
16 108890 2738 3120 1 1 1 1.0
16 144294 2739 3662 1 1 0 1.0
16 122757 2741 2661 1 10 1 1.0
16 123444 2742 3145 1 10 0 1.0
16 150368 2748 3044 1 50 0 1.0
16 119268 2750 2779 1 10 1 1.0
16 139352 2751 3181 1 1 1 1.0
16 127764 2751 2612 1 50 0 1.0
16 90682 2753 2508 1 10 0 1.0
16 132191 2753 3350 1 1 0 1.0
16 96598 2754 2333 1 10 1 1.0
16 110022 2759 2355 1 10 0 1.0
16 123185 2760 3180 1 10 0 1.0
16 126242 2763 2559 1 50 0 1.0
16 167869 2768 4153 1 50 1 1.0
16 100790 2769 2753 1 1 0 1.0
16 129779 2772 3798 1 1 1 1.0
16 167281 2773 3639 1 50 1 1.0
16 157680 2777 3298 1 1 1 1.0
16 64416 2783 1585 1 10 1 1.0
16 94783 2784 2001 1 1 1 1.0
16 84327 2788 1743 1 1 1 1.0
16 115039 2788 3420 1 1 0 1.0
16 101242 2790 2160 1 1 1 1.0
16 101704 2792 2648 1 10 0 1.0
16 113946 2794 2724 1 50 0 1.0
16 85711 2794 2108 1 10 1 1.0
16 131560 2796 3519 1 10 1 1.0
16 75305 2798 1805 1 10 0 1.0
16 92632 2801 2147 1 10 0 1.0
16 107699 2802 2420 1 10 0 1.0
16 129982 2808 3773 1 1 0 1.0
16 94805 2809 2418 1 10 0 1.0
16 95495 2809 2195 1 1 0 1.0
16 70862 2815 1734 1 10 0 1.0
16 120936 2818 3107 1 1 0 1.0
16 172777 2818 4779 1 50 1 1.0
16 119248 2819 3288 1 10 0 1.0
16 79444 2821 1989 1 10 1 1.0
16 67424 2823 1423 1 1 1 1.0
16 83456 2824 1938 1 1 1 1.0
16 107502 2828 2370 1 1 1 1.0
16 100730 2829 2264 1 50 1 1.0
16 162333 2831 3984 1 10 1 1.0
16 63066 2833 1286 1 1 0 1.0
16 96110 2838 2008 1 1 1 1.0
16 80725 2841 2153 1 10 1 1.0
16 148726 2843 3461 1 1 0 1.0
16 100610 2845 2878 1 1 0 1.0
16 173567 2847 3753 1 10 0 1.0
16 122745 2851 3110 1 10 0 1.0
16 142849 2852 2874 1 1 1 1.0
16 87066 2853 2156 1 1 0 1.0
16 117364 2856 2521 1 10 0 1.0
16 61967 2861 1543 1 10 1 1.0
16 75406 2862 1615 1 1 1 1.0
16 92224 2864 2037 1 1 0 1.0
16 92437 2865 2416 1 1 1 1.0
16 152911 2866 3127 1 1 1 1.0
16 164231 2866 3513 1 10 1 1.0
16 117565 2869 3499 1 1 0 1.0
16 107265 2871 3171 1 10 0 1.0
16 152707 2871 4215 1 1 0 1.0
16 110778 2871 2974 1 1 1 1.0
16 73810 2874 1501 1 1 0 1.0
16 150184 2876 3888 1 1 0 1.0
16 67136 2877 1343 1 10 1 1.0
16 165233 2880 4111 1 50 0 1.0
16 74039 2881 1574 1 1 1 1.0
16 163006 2884 3832 1 1 1 1.0
16 150899 2886 4356 1 1 1 1.0
16 139271 2886 3092 1 10 1 1.0
16 179728 2887 5094 1 1 0 1.0
16 83097 2892 1991 1 10 0 1.0
16 88982 2892 1786 1 1 0 1.0
16 64501 2895 1620 1 1 1 1.0
16 136465 2896 3353 1 10 1 1.0
16 109112 2898 3071 1 1 1 1.0
16 110030 2901 3018 1 1 0 1.0
16 124562 2904 3219 1 1 0 1.0
16 111851 2909 3160 1 1 0 1.0
16 85382 2910 2333 1 50 1 1.0
16 141791 2911 3272 1 10 1 1.0
16 124855 2912 2874 1 10 1 1.0
16 151247 2914 4373 1 1 1 1.0
16 73019 2918 1471 1 1 0 1.0
16 147026 2919 3772 1 1 0 1.0
16 129810 2921 3416 1 1 0 1.0
16 153901 2924 4199 1 50 1 1.0
16 67754 2926 1907 1 1 0 1.0
16 150155 2928 3771 1 1 1 1.0
16 162810 2929 4681 1 10 0 1.0
16 149940 2929 3429 1 1 0 1.0
16 175643 2931 4274 1 1 0 1.0
16 171931 2933 3932 1 1 0 1.0
16 163259 2938 4851 1 1 1 1.0
16 65061 2939 1351 1 1 0 1.0
16 169837 2939 3950 1 1 1 1.0
16 87995 2940 2392 1 10 0 1.0
16 78689 2941 2172 1 1 0 1.0
16 81730 2941 1908 1 1 1 1.0
16 120388 2941 3044 1 1 1 1.0
16 82835 2944 1763 1 10 1 1.0
16 156587 2947 4296 1 1 0 1.0
16 112260 2950 3262 1 10 0 1.0
16 111343 2953 2314 1 10 1 1.0
16 118185 2953 2654 1 50 0 1.0
16 88601 2955 2387 1 1 1 1.0
16 163308 2962 4461 1 50 0 1.0
16 163616 2962 3622 1 1 1 1.0
16 99713 2966 2026 1 1 1 1.0
16 85676 2968 2250 1 10 0 1.0
16 108543 2969 2391 1 1 1 1.0
16 64560 2969 1467 1 1 0 1.0
16 137762 2971 3157 1 1 0 1.0
16 158299 2972 3873 1 10 1 1.0
16 161414 2978 4197 1 1 0 1.0
16 124516 2981 3417 1 1 1 1.0
16 63398 2983 1705 1 10 0 1.0
16 151349 2994 4216 1 1 0 1.0
16 167511 2996 4886 1 1 0 1.0
16 168535 2998 3935 1 1 1 1.0
16 165389 3001 3725 1 1 0 1.0
16 147551 3008 3176 1 10 0 1.0
16 139127 3010 4111 1 10 0 1.0
16 174986 3012 4112 1 1 1 1.0
16 67702 3015 1529 1 10 1 1.0
16 124737 3018 3362 1 1 0 1.0
16 122097 3019 3331 1 50 0 1.0
16 73338 3020 1885 1 10 1 1.0
16 163486 3025 4112 1 10 0 1.0
16 76985 3026 2145 1 1 0 1.0
16 105466 3028 3073 1 1 1 1.0
16 61444 3028 1579 1 1 0 1.0
16 65801 3028 1505 1 1 0 1.0
16 174913 3033 3869 1 10 1 1.0
16 170044 3034 4340 1 10 0 1.0
16 159958 3034 4655 1 1 1 1.0
16 152962 3044 3238 1 1 0 1.0
16 117656 3050 2493 1 50 1 1.0
16 114316 3053 2313 1 1 1 1.0
16 109274 3057 3203 1 1 0 1.0
16 174310 3058 5003 1 50 1 1.0
16 60696 3058 1230 1 1 1 1.0
16 66028 3061 1907 1 10 0 1.0
16 140147 3066 3503 1 50 1 1.0
16 105888 3066 2961 1 1 0 1.0
16 170254 3068 5015 1 1 1 1.0
16 110284 3069 2886 1 1 1 1.0
16 135426 3069 3730 1 1 0 1.0
16 66420 3070 1513 1 1 0 1.0
16 63660 3071 1601 1 1 0 1.0
16 89520 3071 2015 1 1 1 1.0
16 134518 3073 2858 1 1 0 1.0
16 120121 3079 3210 1 10 1 1.0
16 113991 3081 3197 1 1 1 1.0
16 69653 3082 1876 1 10 1 1.0
16 101918 3091 3013 1 1 0 1.0
16 159789 3092 4778 1 1 0 1.0
16 131550 3098 3785 1 1 1 1.0
16 131434 3099 3242 1 1 0 1.0
16 152154 3099 4099 1 1 0 1.0
16 163143 3099 3596 1 1 0 1.0
16 114582 3106 2330 1 1 1 1.0
16 146855 3107 4403 1 10 1 1.0
16 101586 3109 2653 1 50 0 1.0
16 167057 3116 3555 1 1 0 1.0
16 97538 3120 1955 1 10 0 1.0
16 126852 3120 3223 1 10 1 1.0
16 167636 3128 3815 1 10 0 1.0
16 131368 3131 3571 1 1 1 1.0
16 67059 3131 1661 1 1 0 1.0
16 176851 3131 4975 1 1 1 1.0
16 113270 3133 2807 1 50 1 1.0
16 67048 3134 1453 1 10 1 1.0
16 160757 3136 4487 1 10 0 1.0
16 161281 3148 4702 1 1 0 1.0
16 112728 3150 3362 1 50 1 1.0
16 124233 3160 2995 1 1 0 1.0
16 104468 3165 2497 1 1 0 1.0
16 152107 3170 3743 1 1 1 1.0
16 162665 3171 3659 1 10 1 1.0
16 159585 3172 4210 1 10 1 1.0
16 161847 3172 3790 1 1 0 1.0
16 132559 3173 3006 1 10 0 1.0
16 114178 3175 2881 1 10 1 1.0
16 110001 3175 2374 1 10 0 1.0
16 62007 3179 1277 1 1 0 1.0
16 115091 3180 3238 1 10 0 1.0
16 175589 3184 4656 1 1 1 1.0
16 136227 3185 3837 1 1 1 1.0
16 127613 3190 3042 1 1 1 1.0
16 167365 3191 3552 1 10 1 1.0
16 63865 3196 1455 1 1 1 1.0
16 140339 3202 3055 1 1 0 1.0
16 67489 3206 1918 1 10 0 1.0
16 102592 3210 2241 1 1 1 1.0
16 112174 3219 2443 1 1 0 1.0
16 156861 3221 3523 1 1 1 1.0
16 99761 3225 2076 1 1 1 1.0
16 157373 3227 4025 1 10 0 1.0
16 71997 3231 2079 1 1 1 1.0
16 104994 3232 2775 1 10 1 1.0
16 117833 3235 3229 1 50 1 1.0
16 74647 3238 1704 1 10 0 1.0
16 129660 3239 2657 1 1 1 1.0
16 106894 3239 2364 1 1 0 1.0
16 135525 3239 2923 1 10 0 1.0
16 144958 3240 3423 1 10 0 1.0
16 100420 3246 2169 1 10 1 1.0
16 155804 3249 3620 1 1 1 1.0
16 110310 3249 2759 1 10 0 1.0
16 66035 3250 1553 1 10 1 1.0
16 61710 3255 1244 1 1 0 1.0
16 163016 3258 3595 1 1 1 1.0
16 176384 3259 3963 1 10 0 1.0
16 61474 3260 1579 1 10 0 1.0
16 137518 3265 3559 1 1 1 1.0
16 93286 3271 1931 1 1 1 1.0
16 83296 3271 2142 1 1 0 1.0
16 161802 3274 4810 1 10 0 1.0
16 90304 3276 2508 1 10 1 1.0
16 133762 3278 2739 1 50 0 1.0
16 93001 3284 2043 1 1 1 1.0
16 146273 3288 4057 1 1 1 1.0
16 100069 3289 2146 1 1 0 1.0
16 86475 3291 2161 1 10 0 1.0
16 161474 3291 4523 1 1 0 1.0
16 106550 3301 2926 1 10 0 1.0
16 87878 3302 2517 1 50 1 1.0
16 98305 3307 2705 1 1 0 1.0
16 84941 3309 1900 1 1 1 1.0
16 149493 3312 3418 1 10 1 1.0
16 86796 3313 2275 1 10 1 1.0
16 93612 3313 2425 1 1 0 1.0
16 155653 3315 3617 1 10 1 1.0
16 69405 3321 1694 1 1 0 1.0
16 93809 3323 2631 1 50 1 1.0
16 71516 3323 1749 1 1 0 1.0
16 148590 3324 3237 1 1 0 1.0
16 106186 3324 2751 1 1 1 1.0
16 109370 3327 2792 1 1 1 1.0
16 100585 3327 2189 1 10 1 1.0
16 132726 3327 3679 1 1 1 1.0
16 117882 3328 2457 1 1 0 1.0
16 118469 3330 2532 1 1 0 1.0
16 102212 3334 2757 1 1 1 1.0
16 129232 3335 2989 1 1 0 1.0
16 89206 3335 2639 1 1 0 1.0
16 138649 3337 3100 1 1 0 1.0
16 158432 3350 3991 1 50 0 1.0
16 170446 3350 4501 1 1 0 1.0
16 84547 3357 1828 1 1 1 1.0
16 163565 3365 4352 1 1 0 1.0
16 116978 3367 3238 1 50 0 1.0
16 92375 3367 1896 1 1 0 1.0
16 151511 3372 3555 1 1 0 1.0
16 64560 3374 1875 1 10 0 1.0
16 165979 3376 4423 1 10 1 1.0
16 141384 3379 3367 1 1 1 1.0
16 137789 3379 3663 1 1 0 1.0
16 69345 3379 1395 1 1 1 1.0
16 67741 3380 2023 1 1 1 1.0
16 118553 3381 3129 1 10 1 1.0
16 142789 3381 3730 1 10 0 1.0
16 107373 3384 3146 1 50 1 1.0
16 80732 3387 2195 1 1 0 1.0
16 130318 3389 2758 1 1 0 1.0
16 161367 3391 4501 1 10 1 1.0
16 112912 3393 2601 1 1 1 1.0
16 136680 3394 3985 1 1 0 1.0
16 84249 3394 2069 1 1 1 1.0
16 63534 3395 1606 1 10 1 1.0
16 81528 3402 2412 1 50 0 1.0
16 75302 3408 1764 1 1 0 1.0
16 171678 3409 4636 1 1 1 1.0
16 117563 3411 3315 1 1 1 1.0
16 100076 3411 2994 1 1 0 1.0
16 90986 3414 2281 1 1 0 1.0
16 113520 3415 2361 1 1 1 1.0
16 78785 3416 2003 1 1 1 1.0
16 89864 3421 1914 1 1 0 1.0
16 71045 3423 1760 1 1 0 1.0
16 64369 3424 1676 1 1 0 1.0
16 170324 3424 4105 1 1 1 1.0
16 99020 3425 2454 1 1 1 1.0
16 147940 3428 4359 1 10 1 1.0
16 61286 3428 1744 1 10 1 1.0
16 161603 3429 3422 1 1 1 1.0
16 88513 3429 2242 1 1 0 1.0
16 77590 3435 1966 1 1 1 1.0
16 108460 3435 2546 1 10 0 1.0
16 82031 3437 1753 1 1 1 1.0
16 138698 3438 2984 1 10 1 1.0
16 67251 3445 1864 1 50 1 1.0
16 135423 3446 3269 1 50 0 1.0
16 104648 3447 2125 1 1 0 1.0
16 129557 3447 2854 1 10 1 1.0
16 144605 3449 3832 1 50 0 1.0
16 122152 3451 3481 1 1 0 1.0
16 76546 3453 2174 1 1 1 1.0
16 145734 3458 3500 1 50 0 1.0
16 164221 3460 3948 1 50 1 1.0
16 147559 3460 4001 1 10 0 1.0
16 172296 3461 4459 1 1 0 1.0
16 158603 3462 3703 1 10 0 1.0
16 117630 3463 3212 1 10 1 1.0
16 79972 3464 1747 1 10 0 1.0
16 158086 3464 4562 1 10 1 1.0
16 135345 3465 3079 1 50 1 1.0
16 105499 3471 2173 1 1 0 1.0
16 168689 3473 3700 1 10 1 1.0
16 177809 3473 3715 1 1 1 1.0
16 75051 3474 2225 1 1 0 1.0
16 169044 3479 4560 1 1 1 1.0
16 83387 3481 1767 1 1 1 1.0
16 130106 3484 3802 1 50 0 1.0
16 161528 3485 4234 1 10 0 1.0
16 147132 3487 3074 1 1 1 1.0
16 174747 3489 3569 1 1 0 1.0
16 178650 3493 4034 1 1 1 1.0
16 174167 3497 4826 1 1 1 1.0
16 78290 3500 1652 1 10 1 1.0
16 97183 3501 2907 1 1 0 1.0
16 157675 3504 3868 1 10 1 1.0
16 118177 3506 3220 1 10 1 1.0
16 145211 3507 2990 1 1 0 1.0
16 163361 3511 3439 1 1 0 1.0
16 166150 3511 3439 1 1 1 1.0
16 146409 3512 3567 1 1 0 1.0
16 99356 3513 2381 1 10 0 1.0
16 179993 3515 3693 1 1 0 1.0
16 135912 3518 2874 1 1 1 1.0
16 144029 3520 4025 1 10 0 1.0
16 93375 3521 2697 1 50 0 1.0
16 155998 3522 3645 1 10 1 1.0
16 92383 3523 2220 1 1 0 1.0
16 153610 3525 4324 1 10 0 1.0
16 159551 3526 3855 1 10 1 1.0
16 92188 3527 1880 1 10 1 1.0
16 152939 3528 4558 1 1 0 1.0
16 70374 3533 1794 1 1 0 1.0
16 137528 3537 3939 1 10 0 1.0
16 91005 3539 1976 1 1 0 1.0
16 88283 3539 1841 1 10 0 1.0
16 100908 3542 2496 1 10 1 1.0
16 118743 3543 2832 1 1 0 1.0
16 105010 3545 2178 1 10 1 1.0
16 94345 3546 2678 1 50 1 1.0
16 178401 3546 3982 1 10 1 1.0
16 106777 3547 2501 1 10 1 1.0
16 117749 3548 3433 1 1 0 1.0
16 105618 3550 2528 1 10 0 1.0
16 117854 3552 3211 1 1 0 1.0
16 82647 3553 2038 1 10 0 1.0
16 97378 3559 2755 1 1 0 1.0
16 127211 3560 3378 1 1 0 1.0
16 76876 3561 2035 1 1 0 1.0
16 153432 3562 4138 1 10 0 1.0
16 121478 3566 3075 1 10 0 1.0
16 157333 3569 3432 1 1 1 1.0
16 144907 3571 4219 1 50 0 1.0
16 103092 3574 2857 1 10 1 1.0
16 128384 3579 3165 1 1 0 1.0
16 138200 3580 3961 1 10 0 1.0
16 87452 3581 2486 1 10 1 1.0
16 164031 3582 3302 1 1 1 1.0
16 72656 3587 1845 1 50 1 1.0
16 66348 3591 1595 1 10 0 1.0
16 156440 3592 3350 1 1 0 1.0
16 119518 3598 2886 1 50 0 1.0
16 60920 3599 1775 1 1 1 1.0
