1500
17 158495 1 3551 1 1 1 1.0
17 169616 3 3728 1 1 1 1.0
17 171616 4 3747 1 1 0 1.0
17 74759 5 1508 1 10 1 1.0
17 159116 6 3340 1 1 0 1.0
17 74776 7 1572 1 10 0 1.0
17 116223 11 2360 1 10 0 1.0
17 145884 19 3894 1 1 0 1.0
17 72047 21 1835 1 50 1 1.0
17 89545 34 1860 1 1 0 1.0
17 64100 46 1634 1 1 0 1.0
17 80803 46 2049 1 1 0 1.0
17 164327 47 3414 1 1 1 1.0
17 160081 47 3421 1 50 0 1.0
17 125132 49 3554 1 1 0 1.0
17 158788 49 4434 1 1 1 1.0
17 99513 50 2493 1 50 1 1.0
17 104019 54 2256 1 1 1 1.0
17 110621 54 2386 1 10 1 1.0
17 111052 55 2664 1 1 1 1.0
17 76829 56 1819 1 50 1 1.0
17 152014 57 4261 1 50 1 1.0
17 165253 58 3359 1 1 1 1.0
17 61842 59 1580 1 10 0 1.0
17 165882 62 4444 1 1 0 1.0
17 139440 63 3778 1 1 1 1.0
17 151469 64 4377 1 10 1 1.0
17 149054 73 4441 1 1 1 1.0
17 143612 74 3628 1 10 0 1.0
17 127525 75 2688 1 10 0 1.0
17 122405 77 3512 1 10 1 1.0
17 105701 82 2541 1 10 1 1.0
17 119143 83 3200 1 1 1 1.0
17 121279 90 2738 1 10 1 1.0
17 136431 97 3688 1 10 1 1.0
17 140744 99 4030 1 1 0 1.0
17 140479 104 2979 1 1 0 1.0
17 179208 105 5311 1 10 0 1.0
17 176337 106 4066 1 50 1 1.0
17 108051 106 2418 1 10 0 1.0
17 132281 108 3575 1 1 1 1.0
17 63068 113 1768 1 10 0 1.0
17 77127 114 1836 1 1 0 1.0
17 160954 120 4684 1 1 0 1.0
17 175554 122 4173 1 1 0 1.0
17 112914 122 3261 1 10 1 1.0
17 117047 125 2540 1 1 0 1.0
17 130421 126 3626 1 1 0 1.0
17 174377 129 4451 1 1 0 1.0
17 139223 130 2978 1 1 0 1.0
17 153851 133 4039 1 1 1 1.0
17 138707 133 3655 1 1 1 1.0
17 78816 135 1685 1 1 1 1.0
17 154312 140 3373 1 1 1 1.0
17 80223 142 1818 1 1 1 1.0
17 133879 142 3918 1 10 0 1.0
17 147726 143 2981 1 50 1 1.0
17 67952 150 1656 1 50 0 1.0
17 173495 154 3920 1 1 0 1.0
17 104741 154 3063 1 1 1 1.0
17 178668 157 4526 1 1 1 1.0
17 76643 160 1703 1 10 1 1.0
17 155542 163 4152 1 1 0 1.0
17 165331 163 4002 1 1 1 1.0
17 151411 164 4117 1 1 0 1.0
17 149045 167 3898 1 10 1 1.0
17 176127 170 4569 1 10 0 1.0
17 122868 170 3294 1 10 0 1.0
17 140404 180 3593 1 1 1 1.0
17 75457 182 1788 1 1 0 1.0
17 151345 184 4262 1 10 0 1.0
17 162110 187 4401 1 1 0 1.0
17 93993 189 2710 1 1 1 1.0
17 146697 190 4155 1 10 0 1.0
17 82586 194 1756 1 1 1 1.0
17 143270 199 3551 1 1 0 1.0
17 160694 199 3993 1 1 0 1.0
17 61316 204 1270 1 10 1 1.0
17 114269 205 2820 1 10 0 1.0
17 164941 206 3639 1 1 0 1.0
17 75981 206 2083 1 1 1 1.0
17 144297 208 3311 1 1 1 1.0
17 114913 208 3235 1 10 0 1.0
17 62054 210 1412 1 10 1 1.0
17 169504 210 3880 1 10 0 1.0
17 102282 215 2935 1 10 0 1.0
17 79493 218 2252 1 1 1 1.0
17 67546 221 1539 1 1 0 1.0
17 113289 221 3340 1 1 1 1.0
17 179575 222 5290 1 10 0 1.0
17 62688 225 1311 1 1 1 1.0
17 76579 226 1683 1 10 1 1.0
17 177035 231 4576 1 1 0 1.0
17 93086 232 2455 1 1 0 1.0
17 144765 234 3528 1 10 0 1.0
17 154093 234 4468 1 1 0 1.0
17 149095 236 4158 1 1 0 1.0
17 155298 237 4432 1 1 0 1.0
17 94524 242 2741 1 10 1 1.0
17 93969 243 2339 1 1 0 1.0
17 171670 243 4165 1 1 0 1.0
17 130239 243 2650 1 1 1 1.0
17 142246 245 3447 1 10 0 1.0
17 126290 249 3256 1 10 0 1.0
17 132009 251 3895 1 50 1 1.0
17 127114 253 3288 1 1 1 1.0
17 83656 255 1730 1 1 1 1.0
17 142334 263 3417 1 1 1 1.0
17 88943 264 2079 1 1 0 1.0
17 67087 265 1576 1 1 1 1.0
17 72590 270 1792 1 1 0 1.0
17 170730 270 3546 1 50 1 1.0
17 135156 270 3838 1 1 0 1.0
17 73631 273 1678 1 1 1 1.0
17 156598 275 3924 1 10 1 1.0
17 89794 278 2345 1 1 1 1.0
17 167328 278 3829 1 1 1 1.0
17 159564 279 3289 1 1 0 1.0
17 100695 282 2853 1 1 0 1.0
17 90129 283 2559 1 50 0 1.0
17 99505 286 2865 1 1 1 1.0
17 144478 287 4103 1 50 0 1.0
17 167417 288 4792 1 1 0 1.0
17 170143 288 4222 1 10 0 1.0
17 120886 295 3549 1 1 0 1.0
17 99225 297 2176 1 10 0 1.0
17 68045 299 1784 1 1 0 1.0
17 121121 303 2439 1 1 1 1.0
17 75654 306 2180 1 1 0 1.0
17 159899 306 3776 1 1 0 1.0
17 119215 308 3055 1 50 1 1.0
17 91980 308 2460 1 1 1 1.0
17 110460 310 3007 1 1 1 1.0
17 133282 312 3162 1 1 1 1.0
17 113481 313 3100 1 1 1 1.0
17 101000 313 2390 1 10 0 1.0
17 165830 315 3822 1 50 1 1.0
17 63151 320 1779 1 1 1 1.0
17 106177 327 3014 1 1 1 1.0
17 105375 328 2345 1 10 0 1.0
17 166676 330 3350 1 1 0 1.0
17 164800 331 3700 1 1 1 1.0
17 121918 331 3533 1 1 1 1.0
17 132517 334 3244 1 1 0 1.0
17 65423 336 1529 1 10 1 1.0
17 92267 340 2352 1 1 1 1.0
17 163997 341 4069 1 50 1 1.0
17 162909 341 4350 1 1 1 1.0
17 80084 343 2068 1 50 1 1.0
17 81977 346 2422 1 1 1 1.0
17 111069 347 3059 1 50 1 1.0
17 68528 347 2031 1 50 0 1.0
17 171629 348 5021 1 1 1 1.0
17 121924 348 2641 1 1 0 1.0
17 100197 351 2995 1 10 0 1.0
17 116230 352 3231 1 1 0 1.0
17 151697 354 3818 1 1 0 1.0
17 163320 356 4737 1 1 0 1.0
17 88999 360 2592 1 1 1 1.0
17 175401 362 4726 1 10 1 1.0
17 69106 364 1661 1 1 0 1.0
17 159876 366 4211 1 1 1 1.0
17 161157 366 3412 1 1 0 1.0
17 166618 373 4296 1 1 0 1.0
17 167238 375 4667 1 1 0 1.0
17 66790 375 1759 1 10 0 1.0
17 139712 376 2976 1 1 0 1.0
17 151859 380 3649 1 10 1 1.0
17 67678 380 1356 1 10 0 1.0
17 93577 386 2427 1 1 1 1.0
17 177733 387 4451 1 1 0 1.0
17 102956 391 2802 1 1 1 1.0
17 78197 396 1618 1 1 0 1.0
17 123454 402 3221 1 1 1 1.0
17 163064 406 3740 1 1 0 1.0
17 122330 407 2998 1 1 1 1.0
17 95759 407 2288 1 1 1 1.0
17 176826 408 3797 1 10 0 1.0
17 167325 412 3726 1 1 1 1.0
17 84828 417 1896 1 1 0 1.0
17 88414 417 2470 1 10 1 1.0
17 140855 420 3632 1 1 1 1.0
17 79926 423 2020 1 1 0 1.0
17 67845 427 1821 1 10 0 1.0
17 140993 428 2890 1 50 0 1.0
17 89034 428 1947 1 50 0 1.0
17 84634 429 2491 1 1 0 1.0
17 177304 430 4651 1 1 1 1.0
17 159104 430 3553 1 1 0 1.0
17 158446 439 3271 1 1 0 1.0
17 112797 442 3110 1 50 1 1.0
17 89361 443 2107 1 1 0 1.0
17 162787 447 4282 1 10 1 1.0
17 161084 448 3528 1 1 0 1.0
17 126073 451 3703 1 1 1 1.0
17 114662 452 2430 1 1 0 1.0
17 116532 457 2345 1 10 1 1.0
17 72088 458 1599 1 1 1 1.0
17 92782 458 2177 1 10 0 1.0
17 78665 459 1615 1 1 0 1.0
17 174205 473 4368 1 50 1 1.0
17 81778 473 2266 1 1 1 1.0
17 86959 476 2462 1 1 0 1.0
17 177919 481 3633 1 1 0 1.0
17 86806 483 2139 1 1 1 1.0
17 123889 485 3361 1 10 0 1.0
17 139185 485 3779 1 50 1 1.0
17 112219 488 2269 1 50 0 1.0
17 104117 490 2360 1 1 1 1.0
17 158286 491 3848 1 1 1 1.0
17 142092 497 3048 1 1 1 1.0
17 116464 498 3205 1 1 0 1.0
17 171157 499 4400 1 1 1 1.0
17 101924 502 2290 1 50 1 1.0
17 102605 504 2076 1 1 1 1.0
17 85602 507 2142 1 1 0 1.0
17 132702 510 3662 1 10 0 1.0
17 129524 514 3659 1 10 0 1.0
17 139571 517 3638 1 1 1 1.0
17 145201 520 3355 1 10 0 1.0
17 137834 522 2866 1 10 0 1.0
17 70674 525 1858 1 1 1 1.0
17 75403 528 1722 1 1 1 1.0
17 157748 528 4414 1 1 0 1.0
17 93349 530 1961 1 10 0 1.0
17 62838 532 1371 1 1 1 1.0
17 80205 536 1975 1 1 0 1.0
17 176936 537 3715 1 10 0 1.0
17 87168 538 2350 1 1 0 1.0
17 68380 540 1803 1 1 0 1.0
17 72169 543 1770 1 1 1 1.0
17 124713 544 3418 1 1 0 1.0
17 67838 547 1406 1 1 0 1.0
17 123590 549 3056 1 50 0 1.0
17 176819 563 5087 1 10 0 1.0
17 115051 563 2316 1 10 0 1.0
17 161728 563 3544 1 10 0 1.0
17 70485 567 1852 1 10 0 1.0
17 72206 570 1929 1 1 0 1.0
17 168328 572 3467 1 1 1 1.0
17 144265 584 4115 1 1 1 1.0
17 98097 588 2370 1 1 1 1.0
17 82588 599 1716 1 1 1 1.0
17 65886 600 1395 1 10 0 1.0
17 124011 602 3591 1 1 0 1.0
17 95246 602 2090 1 10 0 1.0
17 176099 606 4902 1 1 1 1.0
17 103655 608 2794 1 1 0 1.0
17 176874 609 3918 1 1 1 1.0
17 177467 611 5301 1 1 1 1.0
17 141678 612 3914 1 1 0 1.0
17 147511 615 3531 1 1 0 1.0
17 63256 615 1503 1 10 1 1.0
17 93868 621 2436 1 1 1 1.0
17 164407 621 4860 1 1 1 1.0
17 74989 621 1916 1 10 1 1.0
17 169445 625 3755 1 1 0 1.0
17 136430 625 3416 1 10 1 1.0
17 75789 626 1672 1 1 0 1.0
17 144731 627 3605 1 1 0 1.0
17 91555 629 2064 1 10 0 1.0
17 112927 630 3308 1 1 0 1.0
17 101554 630 2745 1 10 1 1.0
17 70920 633 1672 1 1 0 1.0
17 157527 636 4637 1 10 1 1.0
17 106200 636 2630 1 50 0 1.0
17 134664 639 3202 1 1 1 1.0
17 178090 646 3899 1 1 0 1.0
17 110342 648 2310 1 1 1 1.0
17 129713 648 3107 1 10 1 1.0
17 172233 650 4382 1 1 0 1.0
17 98328 652 2611 1 50 1 1.0
17 160394 656 3875 1 1 0 1.0
17 63863 658 1654 1 10 0 1.0
17 147923 660 3261 1 50 1 1.0
17 173247 661 4098 1 1 1 1.0
17 99491 678 2721 1 1 0 1.0
17 170447 686 3719 1 1 1 1.0
17 102165 688 2813 1 1 1 1.0
17 73410 694 2039 1 1 0 1.0
17 151991 696 3976 1 1 1 1.0
17 177754 699 4369 1 10 1 1.0
17 175766 702 3560 1 10 1 1.0
17 70780 704 1665 1 50 1 1.0
17 112800 706 2872 1 10 1 1.0
17 132903 706 2991 1 50 1 1.0
17 69270 707 1843 1 1 1 1.0
17 119241 710 3151 1 50 1 1.0
17 113927 710 2554 1 1 0 1.0
17 60332 711 1397 1 10 0 1.0
17 179201 713 4992 1 10 1 1.0
17 120413 714 3136 1 1 0 1.0
17 71254 714 2061 1 1 1 1.0
17 60040 716 1658 1 1 1 1.0
17 138056 717 2779 1 10 1 1.0
17 86231 718 2459 1 1 0 1.0
17 137959 720 2978 1 1 1 1.0
17 124240 724 3455 1 1 0 1.0
17 68458 727 1841 1 10 1 1.0
17 162053 727 4758 1 1 1 1.0
17 113065 730 2715 1 1 1 1.0
17 147959 731 4372 1 1 1 1.0
17 83505 734 2247 1 1 1 1.0
17 75860 735 2055 1 1 0 1.0
17 134506 737 3650 1 1 1 1.0
17 108189 737 2367 1 10 0 1.0
17 86643 739 1993 1 1 0 1.0
17 173545 747 3532 1 1 1 1.0
17 125155 748 2505 1 1 0 1.0
17 146833 755 3259 1 1 0 1.0
17 80493 755 2108 1 1 1 1.0
17 146691 759 2953 1 1 1 1.0
17 97712 761 2201 1 10 0 1.0
17 76259 765 2187 1 50 1 1.0
17 171525 770 3681 1 1 0 1.0
17 108258 776 2954 1 1 1 1.0
17 140005 780 2834 1 10 0 1.0
17 112841 783 2673 1 1 1 1.0
17 83248 787 2014 1 1 1 1.0
17 161094 787 3345 1 1 1 1.0
17 167806 787 4768 1 1 0 1.0
17 108796 792 2323 1 1 0 1.0
17 95665 792 2709 1 1 1 1.0
17 106134 797 2716 1 10 1 1.0
17 89037 798 2279 1 1 0 1.0
17 102181 800 2043 1 1 1 1.0
17 116672 800 2502 1 1 0 1.0
17 92253 804 2704 1 1 1 1.0
17 68548 804 1613 1 1 1 1.0
17 144540 804 3487 1 1 1 1.0
17 76943 805 2238 1 10 1 1.0
17 140291 808 3823 1 50 1 1.0
17 170252 809 3424 1 1 0 1.0
17 89089 809 2573 1 1 1 1.0
17 153917 810 3331 1 1 1 1.0
17 121144 811 2684 1 50 0 1.0
17 143176 812 4198 1 10 0 1.0
17 128578 812 2684 1 1 0 1.0
17 62603 819 1877 1 50 0 1.0
17 60780 819 1682 1 50 0 1.0
17 158096 827 4041 1 1 1 1.0
17 129413 837 3418 1 10 1 1.0
17 119578 841 2956 1 1 1 1.0
17 71849 851 1456 1 10 0 1.0
17 169407 853 4730 1 1 1 1.0
17 130118 854 3084 1 1 1 1.0
17 85801 859 1860 1 1 0 1.0
17 76403 860 1803 1 1 0 1.0
17 85162 860 2211 1 1 0 1.0
17 82009 861 2119 1 10 0 1.0
17 159991 862 3615 1 1 0 1.0
17 151370 867 3127 1 1 1 1.0
17 89286 868 2169 1 10 1 1.0
17 69020 870 1579 1 10 1 1.0
17 144723 878 3664 1 1 0 1.0
17 140594 882 3073 1 1 1 1.0
17 139306 883 3519 1 10 0 1.0
17 103577 885 2692 1 1 1 1.0
17 74460 886 1675 1 1 1 1.0
17 111819 886 2519 1 1 1 1.0
17 101158 888 2886 1 1 1 1.0
17 138819 889 3558 1 10 1 1.0
17 163963 891 4255 1 10 1 1.0
17 163606 892 4206 1 1 1 1.0
17 151989 892 4523 1 1 0 1.0
17 115327 899 2513 1 10 0 1.0
17 74502 912 1998 1 1 1 1.0
17 110892 913 3202 1 1 1 1.0
17 161298 914 3886 1 1 1 1.0
17 98621 918 2533 1 1 0 1.0
17 147955 918 4376 1 1 0 1.0
17 179898 919 3916 1 1 0 1.0
17 109313 922 2580 1 1 1 1.0
17 159373 933 4401 1 1 1 1.0
17 85598 934 2366 1 1 0 1.0
17 117672 936 2938 1 10 1 1.0
17 114627 938 2727 1 1 1 1.0
17 135038 941 2815 1 1 0 1.0
17 164097 948 4819 1 50 0 1.0
17 158637 954 4378 1 1 1 1.0
17 95274 955 2832 1 50 0 1.0
17 72017 964 1808 1 10 1 1.0
17 128226 967 3211 1 1 0 1.0
17 61056 968 1255 1 1 0 1.0
17 146839 971 3650 1 1 1 1.0
17 146147 972 3858 1 1 0 1.0
17 82053 972 2085 1 10 1 1.0
17 61374 974 1349 1 10 1 1.0
17 102199 976 2829 1 50 0 1.0
17 88655 979 2329 1 10 1 1.0
17 108405 980 2950 1 1 1 1.0
17 130744 989 3816 1 1 1 1.0
17 144598 992 3580 1 1 0 1.0
17 121796 998 3135 1 1 0 1.0
17 113387 1005 2652 1 10 1 1.0
17 93231 1008 2745 1 1 0 1.0
17 117709 1013 3274 1 10 1 1.0
17 123708 1013 2721 1 10 1 1.0
17 116534 1014 2550 1 1 1 1.0
17 166683 1015 3906 1 10 0 1.0
17 163039 1020 4082 1 1 1 1.0
17 166066 1021 3395 1 1 1 1.0
17 105753 1025 2972 1 1 0 1.0
17 153646 1028 4452 1 10 0 1.0
17 80016 1030 1721 1 1 0 1.0
17 65659 1032 1743 1 1 0 1.0
17 144649 1034 3333 1 1 1 1.0
17 68005 1035 1713 1 10 1 1.0
17 155338 1035 3871 1 1 0 1.0
17 85458 1038 1802 1 50 0 1.0
17 141273 1038 3551 1 1 1 1.0
17 83518 1039 2295 1 1 0 1.0
17 144374 1047 4180 1 1 1 1.0
17 86195 1050 1895 1 10 1 1.0
17 113098 1051 3032 1 1 1 1.0
17 147830 1052 4403 1 10 1 1.0
17 90339 1055 2511 1 10 1 1.0
17 149568 1056 3409 1 1 0 1.0
17 159501 1057 4172 1 10 0 1.0
17 85828 1057 2529 1 1 0 1.0
17 117369 1059 2384 1 1 0 1.0
17 168185 1060 4866 1 1 0 1.0
17 123906 1065 2713 1 1 1 1.0
17 128046 1068 2798 1 10 0 1.0
17 151966 1070 3815 1 50 1 1.0
17 103425 1076 2350 1 50 1 1.0
17 108679 1077 2253 1 1 0 1.0
17 77313 1079 2210 1 50 1 1.0
17 165423 1081 3867 1 1 1 1.0
17 177578 1089 4773 1 1 1 1.0
17 96234 1094 2223 1 1 0 1.0
17 60706 1095 1563 1 1 1 1.0
17 119521 1097 3404 1 1 1 1.0
17 176351 1098 5052 1 1 0 1.0
17 103825 1098 2633 1 10 0 1.0
17 118374 1101 2506 1 10 1 1.0
17 142306 1106 3801 1 10 1 1.0
17 95259 1107 1958 1 1 1 1.0
17 175893 1109 3706 1 1 0 1.0
17 130007 1110 3378 1 10 0 1.0
17 144707 1111 4030 1 1 1 1.0
17 169480 1113 4868 1 1 0 1.0
17 143104 1120 4200 1 1 0 1.0
17 100488 1124 2720 1 1 1 1.0
17 120672 1125 2994 1 1 1 1.0
17 78435 1125 2053 1 1 1 1.0
17 64378 1126 1633 1 1 0 1.0
17 105764 1132 2957 1 1 0 1.0
17 108298 1133 2649 1 1 0 1.0
17 65254 1135 1440 1 1 1 1.0
17 152710 1144 3481 1 10 0 1.0
17 66425 1148 1462 1 1 0 1.0
17 68501 1157 2001 1 10 1 1.0
17 99533 1157 2328 1 1 0 1.0
17 171640 1158 3471 1 10 1 1.0
17 98004 1160 2681 1 10 1 1.0
17 158504 1161 3984 1 50 0 1.0
17 120949 1161 3540 1 1 1 1.0
17 157575 1163 4530 1 10 0 1.0
17 122873 1163 3520 1 1 0 1.0
17 150076 1167 3661 1 50 1 1.0
17 110892 1169 2622 1 10 0 1.0
17 134296 1170 3444 1 10 0 1.0
17 143678 1172 3873 1 1 0 1.0
17 71309 1173 1954 1 10 0 1.0
17 87700 1184 2162 1 1 1 1.0
17 151217 1194 3376 1 10 1 1.0
17 130151 1197 3797 1 1 1 1.0
17 126296 1197 3785 1 1 0 1.0
17 66999 1197 2002 1 50 1 1.0
17 155510 1203 3699 1 1 0 1.0
17 106405 1206 2398 1 1 0 1.0
17 91587 1207 2332 1 1 0 1.0
17 130143 1209 3655 1 1 0 1.0
17 75725 1211 1637 1 1 1 1.0
17 175743 1212 4025 1 1 0 1.0
17 73641 1215 1828 1 1 0 1.0
17 124944 1216 3619 1 10 0 1.0
17 122449 1217 2653 1 1 0 1.0
17 120939 1223 2941 1 10 1 1.0
17 80963 1224 1714 1 1 1 1.0
17 125488 1226 3588 1 1 1 1.0
17 124103 1228 3629 1 1 0 1.0
17 113114 1231 2803 1 1 0 1.0
17 179140 1232 4601 1 10 1 1.0
17 151960 1233 4536 1 10 1 1.0
17 89994 1234 2614 1 1 0 1.0
17 146133 1236 4189 1 1 0 1.0
17 117724 1238 2709 1 1 0 1.0
17 131058 1239 3440 1 10 1 1.0
17 81824 1242 2439 1 1 0 1.0
17 173706 1243 3915 1 50 0 1.0
17 66150 1243 1666 1 1 1 1.0
17 175175 1244 3911 1 10 0 1.0
17 156314 1247 3680 1 1 0 1.0
17 64756 1247 1483 1 1 0 1.0
17 71228 1248 1436 1 10 0 1.0
17 152871 1253 4511 1 1 1 1.0
17 121192 1255 3072 1 1 1 1.0
17 120434 1256 3139 1 1 1 1.0
17 70227 1257 2059 1 1 0 1.0
17 161265 1261 3286 1 1 0 1.0
17 162240 1265 3679 1 1 0 1.0
17 117655 1268 2982 1 10 0 1.0
17 144183 1270 3519 1 10 0 1.0
17 69219 1272 1560 1 1 0 1.0
17 83278 1282 2455 1 10 1 1.0
17 73868 1286 1636 1 1 1 1.0
17 153191 1307 3440 1 10 0 1.0
17 85359 1308 1812 1 1 1 1.0
17 62242 1310 1456 1 1 0 1.0
17 161257 1311 3491 1 1 1 1.0
17 106959 1316 2800 1 10 1 1.0
17 85886 1319 2248 1 1 0 1.0
17 166972 1320 4234 1 1 1 1.0
17 174884 1321 4635 1 1 0 1.0
17 173753 1323 3508 1 1 0 1.0
17 93522 1325 1951 1 10 1 1.0
17 149548 1327 3919 1 1 1 1.0
17 115808 1329 3208 1 1 0 1.0
17 119548 1329 3546 1 10 0 1.0
17 140985 1334 4007 1 1 1 1.0
17 103104 1334 2415 1 1 1 1.0
17 144974 1342 3153 1 1 0 1.0
17 169690 1344 4935 1 10 1 1.0
17 99724 1348 2171 1 1 0 1.0
17 148191 1353 3942 1 1 0 1.0
17 62091 1356 1678 1 1 0 1.0
17 131337 1362 3640 1 1 1 1.0
17 103267 1363 2822 1 10 1 1.0
17 61126 1368 1429 1 10 1 1.0
17 165733 1371 4954 1 50 0 1.0
17 123290 1376 3691 1 1 1 1.0
17 150335 1376 3213 1 10 0 1.0
17 134057 1377 3167 1 10 0 1.0
17 76232 1378 2237 1 1 0 1.0
17 105022 1379 2232 1 1 1 1.0
17 179133 1380 4834 1 50 1 1.0
17 106437 1380 2752 1 10 0 1.0
17 145968 1382 4306 1 1 1 1.0
17 97111 1384 2047 1 10 0 1.0
17 163364 1385 4305 1 1 0 1.0
17 98364 1386 2638 1 1 0 1.0
17 61448 1386 1288 1 10 0 1.0
17 95723 1387 2403 1 1 1 1.0
17 92119 1387 2232 1 1 1 1.0
17 176094 1391 4980 1 1 1 1.0
17 177490 1392 4665 1 1 1 1.0
17 136320 1395 3945 1 50 0 1.0
17 69033 1402 1717 1 10 1 1.0
17 88951 1402 2654 1 1 1 1.0
17 149739 1408 3672 1 50 0 1.0
17 60011 1413 1588 1 1 1 1.0
17 86229 1414 2100 1 1 0 1.0
17 102644 1414 3010 1 1 0 1.0
17 136979 1414 4031 1 1 0 1.0
17 118843 1415 3558 1 1 1 1.0
17 153726 1416 4329 1 1 0 1.0
17 92298 1420 2727 1 1 1 1.0
17 74796 1421 2120 1 10 1 1.0
17 90598 1423 2081 1 1 0 1.0
17 64296 1424 1667 1 1 0 1.0
17 105568 1426 2829 1 1 1 1.0
17 95241 1428 2710 1 10 1 1.0
17 135637 1429 3762 1 10 1 1.0
17 104169 1430 2757 1 1 1 1.0
17 168792 1433 5004 1 1 0 1.0
17 98277 1434 2622 1 1 1 1.0
17 104348 1437 2339 1 1 1 1.0
17 109294 1440 2833 1 1 0 1.0
17 142378 1446 3700 1 50 1 1.0
17 80182 1447 2370 1 10 0 1.0
17 63527 1448 1638 1 1 1 1.0
17 145731 1461 4283 1 10 0 1.0
17 172933 1464 4564 1 50 0 1.0
17 145796 1468 4243 1 50 0 1.0
17 142492 1470 3298 1 1 1 1.0
17 144863 1471 2995 1 10 1 1.0
17 159443 1471 4061 1 1 1 1.0
17 159056 1472 3364 1 10 1 1.0
17 85909 1483 2263 1 1 0 1.0
17 146408 1485 3215 1 1 1 1.0
17 72317 1489 1686 1 1 1 1.0
17 132922 1489 3213 1 1 1 1.0
17 106705 1490 2744 1 10 0 1.0
17 117583 1490 3039 1 1 0 1.0
17 92765 1491 2272 1 10 0 1.0
17 122312 1500 3048 1 50 0 1.0
17 110715 1505 3189 1 1 1 1.0
17 175390 1507 3918 1 1 1 1.0
17 65700 1507 1756 1 10 1 1.0
17 106352 1508 2184 1 1 0 1.0
17 65536 1510 1487 1 10 1 1.0
17 98688 1511 2118 1 1 0 1.0
17 145337 1515 4160 1 50 0 1.0
17 121592 1516 2933 1 1 0 1.0
17 85398 1517 2463 1 1 0 1.0
17 70117 1521 1610 1 10 1 1.0
17 107217 1521 3000 1 1 1 1.0
17 94569 1524 2717 1 1 1 1.0
17 119428 1524 3557 1 50 1 1.0
17 140190 1525 3889 1 10 1 1.0
17 171270 1525 4036 1 1 0 1.0
17 176206 1528 3955 1 1 0 1.0
17 140976 1529 4095 1 10 0 1.0
17 168146 1529 3602 1 1 1 1.0
17 176802 1530 3632 1 10 1 1.0
17 107321 1532 2200 1 1 0 1.0
17 74079 1532 1940 1 1 1 1.0
17 61593 1532 1778 1 10 0 1.0
17 116414 1540 3378 1 1 1 1.0
17 63489 1542 1752 1 1 1 1.0
17 127176 1544 3095 1 10 1 1.0
17 60136 1547 1755 1 1 1 1.0
17 120185 1549 2449 1 1 1 1.0
17 88014 1549 1790 1 1 1 1.0
17 65775 1551 1832 1 10 1 1.0
17 111414 1551 3311 1 1 1 1.0
17 85636 1553 1760 1 10 1 1.0
17 92632 1555 2177 1 1 1 1.0
17 110176 1557 2666 1 1 1 1.0
17 77790 1559 2285 1 1 0 1.0
17 61638 1567 1321 1 1 0 1.0
17 89885 1567 1957 1 10 0 1.0
17 178198 1569 4165 1 10 0 1.0
17 67460 1571 1837 1 10 1 1.0
17 166642 1571 3725 1 1 0 1.0
17 79822 1571 2322 1 1 1 1.0
17 162325 1581 3722 1 1 0 1.0
17 156567 1583 3549 1 1 1 1.0
17 78873 1583 1677 1 50 0 1.0
17 84675 1585 2295 1 1 1 1.0
17 93694 1585 2440 1 10 0 1.0
17 101384 1588 2763 1 1 0 1.0
17 77652 1590 1723 1 10 0 1.0
17 150794 1591 4126 1 1 0 1.0
17 174489 1597 4573 1 1 0 1.0
17 69177 1597 1794 1 1 0 1.0
17 81107 1597 2432 1 10 0 1.0
17 136530 1600 3779 1 10 0 1.0
17 146999 1608 3418 1 10 1 1.0
17 81100 1608 1874 1 1 0 1.0
17 112279 1609 2568 1 1 0 1.0
17 102325 1612 2237 1 1 0 1.0
17 74232 1617 2109 1 1 0 1.0
17 158432 1618 4545 1 1 1 1.0
17 118897 1618 2804 1 50 1 1.0
17 71303 1622 1907 1 1 0 1.0
17 123660 1623 3664 1 1 0 1.0
17 172791 1626 4762 1 10 0 1.0
17 97305 1628 2765 1 1 1 1.0
17 95204 1631 2434 1 1 0 1.0
17 152332 1632 3820 1 1 0 1.0
17 171425 1634 4834 1 10 1 1.0
17 131627 1637 3800 1 1 1 1.0
17 83757 1637 2451 1 50 1 1.0
17 110214 1641 2495 1 1 1 1.0
17 139390 1643 3675 1 10 0 1.0
17 94315 1646 1898 1 10 1 1.0
17 129218 1646 2998 1 1 1 1.0
17 78324 1646 1800 1 1 1 1.0
17 129695 1646 3673 1 1 1 1.0
17 176352 1650 4404 1 10 0 1.0
17 72111 1653 1908 1 10 0 1.0
17 122829 1655 3663 1 10 0 1.0
17 162828 1656 4722 1 1 0 1.0
17 163140 1656 4531 1 1 1 1.0
17 175085 1658 4579 1 1 0 1.0
17 143537 1658 2942 1 10 1 1.0
17 118549 1661 3549 1 10 1 1.0
17 113587 1663 2285 1 10 0 1.0
17 84924 1663 2309 1 1 1 1.0
17 100873 1664 2677 1 1 1 1.0
17 155290 1666 3523 1 10 0 1.0
17 70007 1667 1756 1 1 1 1.0
17 93676 1668 2121 1 1 0 1.0
17 112875 1668 3345 1 10 1 1.0
17 131929 1673 3149 1 1 1 1.0
17 79283 1678 2253 1 50 0 1.0
17 154403 1682 4223 1 10 0 1.0
17 138852 1682 3148 1 50 0 1.0
17 147473 1684 4088 1 50 1 1.0
17 92700 1689 2533 1 10 1 1.0
17 157365 1689 3782 1 1 0 1.0
17 141363 1690 3044 1 10 0 1.0
17 112824 1691 2290 1 1 0 1.0
17 110798 1697 2272 1 1 1 1.0
17 114083 1698 2417 1 1 0 1.0
17 146688 1699 4327 1 10 1 1.0
17 125300 1702 2849 1 1 0 1.0
17 159066 1706 4760 1 1 0 1.0
17 66203 1710 1745 1 1 1 1.0
17 151164 1710 4288 1 1 0 1.0
17 151104 1711 3650 1 10 0 1.0
17 107277 1713 2322 1 1 0 1.0
17 139272 1717 4033 1 1 1 1.0
17 138081 1719 3216 1 1 0 1.0
17 80950 1720 1661 1 1 0 1.0
17 173638 1726 5142 1 1 0 1.0
17 172698 1728 4193 1 1 1 1.0
17 175819 1735 5117 1 1 0 1.0
17 157607 1736 3877 1 1 1 1.0
17 167109 1738 4394 1 1 1 1.0
17 133663 1742 3892 1 1 0 1.0
17 75743 1742 2131 1 1 1 1.0
17 88698 1746 2397 1 1 1 1.0
17 106082 1747 2455 1 10 1 1.0
17 94109 1748 2506 1 1 1 1.0
17 110360 1749 2570 1 1 1 1.0
17 179637 1751 4733 1 10 1 1.0
17 156405 1752 4432 1 1 1 1.0
17 170818 1754 4117 1 10 0 1.0
17 162949 1757 4306 1 10 0 1.0
17 132295 1758 3074 1 10 0 1.0
17 107460 1759 2931 1 50 0 1.0
17 144477 1765 3656 1 1 0 1.0
17 169092 1770 4633 1 1 1 1.0
17 149097 1772 4253 1 1 1 1.0
17 142522 1772 3211 1 1 0 1.0
17 124981 1772 3309 1 10 1 1.0
17 73013 1774 1943 1 1 0 1.0
17 94958 1779 2128 1 1 1 1.0
17 148709 1782 4403 1 1 0 1.0
17 166318 1786 4565 1 1 1 1.0
17 119252 1791 2751 1 1 1 1.0
17 107836 1792 2598 1 1 1 1.0
17 134417 1795 3336 1 1 0 1.0
17 152990 1795 3343 1 1 0 1.0
17 167631 1795 4929 1 1 1 1.0
17 157625 1797 4064 1 1 1 1.0
17 99790 1797 2551 1 1 1 1.0
17 67666 1798 1617 1 1 0 1.0
17 93835 1802 2708 1 10 1 1.0
17 66611 1804 1838 1 10 0 1.0
17 140433 1806 3789 1 1 0 1.0
17 115861 1813 2999 1 1 0 1.0
17 121038 1815 2867 1 1 1 1.0
17 171307 1816 5047 1 1 1 1.0
17 145646 1817 3809 1 10 1 1.0
17 115810 1818 2757 1 1 0 1.0
17 129109 1818 3412 1 10 0 1.0
17 80469 1818 1996 1 1 0 1.0
17 63891 1826 1309 1 50 1 1.0
17 136671 1829 3095 1 1 1 1.0
17 122342 1831 2546 1 1 1 1.0
17 167789 1831 3482 1 1 1 1.0
17 163525 1832 4308 1 1 0 1.0
17 159285 1838 4241 1 1 1 1.0
17 153771 1840 4200 1 1 0 1.0
17 106678 1845 2355 1 1 1 1.0
17 63760 1846 1857 1 1 0 1.0
17 119682 1850 3363 1 1 0 1.0
17 73066 1851 2106 1 1 0 1.0
17 157507 1857 3614 1 1 1 1.0
17 77410 1860 2103 1 1 1 1.0
17 103711 1861 2596 1 10 1 1.0
17 119030 1866 2835 1 1 0 1.0
17 86500 1868 2042 1 50 1 1.0
17 75190 1869 2179 1 1 0 1.0
17 156547 1869 3405 1 10 0 1.0
17 143205 1872 3045 1 1 1 1.0
17 152776 1872 3617 1 10 0 1.0
17 151268 1876 3388 1 1 0 1.0
17 117957 1883 3313 1 50 0 1.0
17 63360 1892 1510 1 1 0 1.0
17 177723 1897 4229 1 1 1 1.0
17 103182 1899 3055 1 1 0 1.0
17 81103 1899 1904 1 10 0 1.0
17 63808 1900 1800 1 50 1 1.0
17 169647 1900 3859 1 1 0 1.0
17 98974 1901 2476 1 10 0 1.0
17 125042 1904 3322 1 1 1 1.0
17 108064 1907 2908 1 1 1 1.0
17 70489 1909 1809 1 10 1 1.0
17 164577 1910 4885 1 50 1 1.0
17 68585 1910 1852 1 10 0 1.0
17 74305 1912 1682 1 1 1 1.0
17 156749 1913 3231 1 10 0 1.0
17 94581 1915 2457 1 50 1 1.0
17 89162 1915 2120 1 1 0 1.0
17 125316 1918 2624 1 1 1 1.0
17 177311 1918 4513 1 10 0 1.0
17 101872 1920 2365 1 10 1 1.0
17 94138 1924 2050 1 1 0 1.0
17 137962 1925 3198 1 1 0 1.0
17 114805 1926 2298 1 1 1 1.0
17 116656 1932 3077 1 1 0 1.0
17 129379 1934 3177 1 50 1 1.0
17 157578 1937 3363 1 1 0 1.0
17 101046 1938 2248 1 1 1 1.0
17 141622 1940 3881 1 10 1 1.0
17 87544 1940 2249 1 1 1 1.0
17 102150 1942 2788 1 1 1 1.0
17 136562 1943 3660 1 1 0 1.0
17 156470 1946 3281 1 1 0 1.0
17 114856 1949 3250 1 1 0 1.0
17 98074 1950 2181 1 10 1 1.0
17 130311 1955 2790 1 10 1 1.0
17 113777 1958 2466 1 50 1 1.0
17 142606 1959 3398 1 10 1 1.0
17 119247 1965 2682 1 10 1 1.0
17 158754 1967 4032 1 1 1 1.0
17 154409 1967 3500 1 1 0 1.0
17 94003 1971 2735 1 1 1 1.0
17 109688 1975 3064 1 10 0 1.0
17 179896 1975 4422 1 1 0 1.0
17 83259 1975 1953 1 1 0 1.0
17 90639 1981 1913 1 50 1 1.0
17 160717 1982 4379 1 1 0 1.0
17 85130 1983 1854 1 50 0 1.0
17 143460 1985 3257 1 10 0 1.0
17 75307 1985 1690 1 10 1 1.0
17 178015 1989 5193 1 10 1 1.0
17 140708 1994 3017 1 10 0 1.0
17 136334 1994 2984 1 1 0 1.0
17 84864 1995 1700 1 10 0 1.0
17 84733 1995 2234 1 10 0 1.0
17 144948 2000 3396 1 10 0 1.0
17 172905 2004 3491 1 10 1 1.0
17 113220 2010 2305 1 1 0 1.0
17 128353 2011 3785 1 1 1 1.0
17 145396 2017 3031 1 10 1 1.0
17 125549 2018 3504 1 1 0 1.0
17 83342 2020 2386 1 10 1 1.0
17 125736 2022 3259 1 50 0 1.0
17 117849 2033 2884 1 1 0 1.0
17 116925 2033 2965 1 1 0 1.0
17 68174 2034 1629 1 1 0 1.0
17 144035 2039 2986 1 1 1 1.0
17 67716 2043 1719 1 1 0 1.0
17 118335 2046 3386 1 10 1 1.0
17 177271 2052 5101 1 10 1 1.0
17 125347 2053 3241 1 1 0 1.0
17 131609 2055 2693 1 1 1 1.0
17 138460 2059 3557 1 10 1 1.0
17 85351 2061 2205 1 1 0 1.0
17 119828 2061 3340 1 10 1 1.0
17 142833 2061 3153 1 1 0 1.0
17 66666 2065 1359 1 10 1 1.0
17 87523 2073 2452 1 1 0 1.0
17 161971 2074 3605 1 1 0 1.0
17 78573 2076 1681 1 1 1 1.0
17 124666 2077 3437 1 10 0 1.0
17 86226 2078 1862 1 50 1 1.0
17 91760 2082 2158 1 1 1 1.0
17 101212 2083 2744 1 10 1 1.0
17 74820 2085 1895 1 1 1 1.0
17 110378 2087 2377 1 50 1 1.0
17 81276 2092 1819 1 1 1 1.0
17 158549 2092 3695 1 50 0 1.0
17 105620 2092 2673 1 10 0 1.0
17 160253 2092 4015 1 1 1 1.0
17 75086 2094 2217 1 1 0 1.0
17 74466 2097 1751 1 10 1 1.0
17 168055 2102 4401 1 1 0 1.0
17 83807 2106 1901 1 1 1 1.0
17 177809 2106 4021 1 10 0 1.0
17 85043 2106 2335 1 1 0 1.0
17 76537 2108 1541 1 10 1 1.0
17 149006 2110 3395 1 1 1 1.0
17 138046 2111 3982 1 1 1 1.0
17 127836 2113 2958 1 1 1 1.0
17 91660 2114 2705 1 1 1 1.0
17 168162 2115 4982 1 1 0 1.0
17 174645 2116 3814 1 10 1 1.0
17 157078 2117 4331 1 1 1 1.0
17 113690 2121 3157 1 10 0 1.0
17 107389 2122 3163 1 10 1 1.0
17 145407 2124 3800 1 10 0 1.0
17 159440 2125 3209 1 1 0 1.0
17 170749 2127 4754 1 1 1 1.0
17 124571 2127 3108 1 50 1 1.0
17 172366 2132 4855 1 1 0 1.0
17 148865 2134 3808 1 1 1 1.0
17 112833 2136 3080 1 1 1 1.0
17 125450 2143 3486 1 10 1 1.0
17 150730 2145 3947 1 10 1 1.0
17 109967 2152 3221 1 1 0 1.0
17 107558 2153 2204 1 1 0 1.0
17 107879 2153 2861 1 1 1 1.0
17 100637 2155 2197 1 1 0 1.0
17 64515 2159 1469 1 1 0 1.0
17 162625 2160 3392 1 10 1 1.0
17 173724 2162 4471 1 10 0 1.0
17 163757 2163 4235 1 1 1 1.0
17 116241 2165 2642 1 1 0 1.0
17 92788 2165 2308 1 1 0 1.0
17 175985 2166 5087 1 1 0 1.0
17 121202 2170 2842 1 1 0 1.0
17 65057 2171 1499 1 1 0 1.0
17 92714 2173 2548 1 1 0 1.0
17 111181 2175 2725 1 10 1 1.0
17 98487 2177 2240 1 1 0 1.0
17 131419 2195 2951 1 10 1 1.0
17 95557 2198 2663 1 1 0 1.0
17 60064 2198 1728 1 50 1 1.0
17 81374 2200 1901 1 1 1 1.0
17 63589 2200 1791 1 10 0 1.0
17 69213 2203 1895 1 1 1 1.0
17 146783 2203 3986 1 10 1 1.0
17 165174 2204 4183 1 1 0 1.0
17 84982 2207 2094 1 10 1 1.0
17 168035 2210 4872 1 1 0 1.0
17 134786 2211 2998 1 10 1 1.0
17 167893 2213 4939 1 10 0 1.0
17 112957 2214 2288 1 1 1 1.0
17 147723 2217 3142 1 1 0 1.0
17 172992 2220 4197 1 50 0 1.0
17 165258 2221 3380 1 10 0 1.0
17 139122 2224 4112 1 10 1 1.0
17 61404 2228 1666 1 1 0 1.0
17 164925 2229 4152 1 1 0 1.0
17 84879 2232 1927 1 10 0 1.0
17 102024 2232 2911 1 1 0 1.0
17 128982 2236 3061 1 1 1 1.0
17 112542 2237 2893 1 10 1 1.0
17 98241 2241 2357 1 1 1 1.0
17 128342 2241 3125 1 1 0 1.0
17 104835 2242 2960 1 10 1 1.0
17 126616 2250 3483 1 1 1 1.0
17 155571 2251 3400 1 50 0 1.0
17 134872 2251 3716 1 1 1 1.0
17 161315 2252 3682 1 1 0 1.0
17 118069 2263 3167 1 10 1 1.0
17 152959 2263 3767 1 1 0 1.0
17 149463 2264 3981 1 50 1 1.0
17 138072 2265 3437 1 1 1 1.0
17 164845 2268 4055 1 1 0 1.0
17 96842 2268 2301 1 10 0 1.0
17 145877 2273 3728 1 10 1 1.0
17 150866 2273 4450 1 50 1 1.0
17 113252 2274 2382 1 1 1 1.0
17 163754 2278 3955 1 10 0 1.0
17 90379 2284 2101 1 10 0 1.0
17 115803 2289 2427 1 1 1 1.0
17 168368 2291 3658 1 1 0 1.0
17 110786 2292 2437 1 10 0 1.0
17 93506 2293 2713 1 1 1 1.0
17 78576 2294 2141 1 10 1 1.0
17 132841 2295 3262 1 1 1 1.0
17 169312 2295 3889 1 50 1 1.0
17 75131 2296 2219 1 10 1 1.0
17 145147 2299 3140 1 10 0 1.0
17 158704 2307 4119 1 1 1 1.0
17 130854 2308 3616 1 10 1 1.0
17 122302 2311 3283 1 50 1 1.0
17 118340 2313 2702 1 10 1 1.0
17 117054 2317 3042 1 10 1 1.0
17 158513 2318 4179 1 1 1 1.0
17 164590 2323 4836 1 10 0 1.0
17 63119 2323 1501 1 50 1 1.0
17 155495 2324 4402 1 1 1 1.0
17 137407 2325 3522 1 1 1 1.0
17 67397 2325 1813 1 1 0 1.0
17 71815 2326 1456 1 10 1 1.0
17 173854 2327 5190 1 10 1 1.0
17 81351 2328 2354 1 10 1 1.0
17 117442 2329 3314 1 1 1 1.0
17 149166 2329 4162 1 1 0 1.0
17 95025 2331 2003 1 1 1 1.0
17 88658 2338 2649 1 1 1 1.0
17 85396 2341 2171 1 1 0 1.0
17 146772 2341 4041 1 1 0 1.0
17 96786 2342 2532 1 1 0 1.0
17 79538 2343 2237 1 10 0 1.0
17 112277 2344 2839 1 10 0 1.0
17 146815 2344 3593 1 1 0 1.0
17 156995 2344 4454 1 10 0 1.0
17 132011 2351 2920 1 1 0 1.0
17 141399 2351 3942 1 1 1 1.0
17 171651 2353 4240 1 10 1 1.0
17 168017 2353 4701 1 1 0 1.0
17 152594 2354 3508 1 10 0 1.0
17 88211 2356 1803 1 1 1 1.0
17 168737 2356 4424 1 1 0 1.0
17 130533 2356 2693 1 50 0 1.0
17 165556 2369 4435 1 1 0 1.0
17 112459 2370 2680 1 10 0 1.0
17 108562 2376 2438 1 1 1 1.0
17 109534 2378 2206 1 10 0 1.0
17 102413 2379 2200 1 1 1 1.0
17 75792 2387 1776 1 10 1 1.0
17 159402 2390 4238 1 1 1 1.0
17 73095 2391 1916 1 10 0 1.0
17 127434 2391 3233 1 1 0 1.0
17 127606 2396 3092 1 1 1 1.0
17 132582 2398 3389 1 10 1 1.0
17 121093 2398 3323 1 10 1 1.0
17 129749 2400 3090 1 1 1 1.0
17 94074 2407 2224 1 1 1 1.0
17 147891 2407 3498 1 1 1 1.0
17 115574 2412 2335 1 10 0 1.0
17 167743 2414 4984 1 1 0 1.0
17 121597 2415 3281 1 1 0 1.0
17 88488 2415 2585 1 1 0 1.0
17 71961 2417 1716 1 1 0 1.0
17 157556 2417 4447 1 1 0 1.0
17 163838 2417 4752 1 1 1 1.0
17 71049 2418 1921 1 1 1 1.0
17 166422 2418 4678 1 1 0 1.0
17 88212 2419 2463 1 1 0 1.0
17 94996 2419 2737 1 1 0 1.0
17 167950 2420 3785 1 10 1 1.0
17 87222 2424 2149 1 1 1 1.0
17 162923 2424 4879 1 10 1 1.0
17 124980 2426 3411 1 50 1 1.0
17 60763 2429 1215 1 1 0 1.0
17 87563 2429 2092 1 1 1 1.0
17 81872 2436 2131 1 1 0 1.0
17 136990 2438 3979 1 50 1 1.0
17 131210 2438 3711 1 1 1 1.0
17 158906 2439 4076 1 10 0 1.0
17 121317 2439 2792 1 50 0 1.0
17 113096 2441 2401 1 1 0 1.0
17 132877 2443 2826 1 10 1 1.0
17 153851 2448 4484 1 1 0 1.0
17 107810 2453 2980 1 1 0 1.0
17 165402 2453 3534 1 1 1 1.0
17 73153 2454 1978 1 1 1 1.0
17 175080 2455 4954 1 10 0 1.0
17 99312 2456 2318 1 1 0 1.0
17 82393 2459 2161 1 1 0 1.0
17 155136 2461 4332 1 1 1 1.0
17 68213 2466 1801 1 10 0 1.0
17 174391 2469 4326 1 1 0 1.0
17 157723 2474 3642 1 1 0 1.0
17 129855 2476 2947 1 50 1 1.0
17 138074 2485 3532 1 1 1 1.0
17 175990 2487 5125 1 1 1 1.0
17 149131 2494 3403 1 1 1 1.0
17 65038 2497 1782 1 1 1 1.0
17 110545 2498 2557 1 10 1 1.0
17 165169 2508 4772 1 1 1 1.0
17 63271 2509 1775 1 10 0 1.0
17 112506 2510 3301 1 10 1 1.0
17 173327 2512 4816 1 10 0 1.0
17 87033 2512 2527 1 1 0 1.0
17 100336 2514 2023 1 50 0 1.0
17 103691 2515 3095 1 1 0 1.0
17 92795 2516 1959 1 50 1 1.0
17 82987 2520 2359 1 10 0 1.0
17 106729 2522 2960 1 10 0 1.0
17 96456 2526 1988 1 1 0 1.0
17 152515 2528 4072 1 1 1 1.0
17 83784 2533 1903 1 1 0 1.0
17 167268 2533 4133 1 1 1 1.0
17 131317 2535 2680 1 10 1 1.0
17 156449 2538 3484 1 1 1 1.0
17 88503 2540 2042 1 1 0 1.0
17 151791 2541 4302 1 1 0 1.0
17 115776 2543 3451 1 10 0 1.0
17 163301 2546 4279 1 10 0 1.0
17 85423 2546 2287 1 1 1 1.0
17 136787 2547 3063 1 1 1 1.0
17 66570 2552 1372 1 10 1 1.0
17 88505 2553 1921 1 1 1 1.0
17 104181 2554 2265 1 1 1 1.0
17 81631 2562 2261 1 1 1 1.0
17 108034 2563 3187 1 1 1 1.0
17 175175 2565 5210 1 10 0 1.0
17 110518 2568 2899 1 1 0 1.0
17 132060 2568 3337 1 50 1 1.0
17 82311 2571 1856 1 1 0 1.0
17 156232 2573 3957 1 1 0 1.0
17 71107 2574 1815 1 10 1 1.0
17 111356 2576 2383 1 1 0 1.0
17 179268 2583 5377 1 1 1 1.0
17 125502 2587 3223 1 1 0 1.0
17 100298 2589 2040 1 50 1 1.0
17 120530 2590 3419 1 1 1 1.0
17 106053 2594 2220 1 1 1 1.0
17 114145 2600 2727 1 10 0 1.0
17 100205 2602 2481 1 1 1 1.0
17 101339 2608 2665 1 10 0 1.0
17 177656 2611 4718 1 1 0 1.0
17 80153 2618 2028 1 1 0 1.0
17 61063 2622 1767 1 10 0 1.0
17 167075 2623 3835 1 10 0 1.0
17 156606 2624 4201 1 1 1 1.0
17 98356 2624 2472 1 10 0 1.0
17 66798 2627 1992 1 10 0 1.0
17 73899 2634 1726 1 1 1 1.0
17 164100 2635 4270 1 1 1 1.0
17 133966 2635 2700 1 1 1 1.0
17 145246 2637 3056 1 1 1 1.0
17 130488 2640 3852 1 10 0 1.0
17 150147 2643 3877 1 10 0 1.0
17 97744 2645 2688 1 1 0 1.0
17 177533 2646 4071 1 10 1 1.0
17 173320 2652 4605 1 1 0 1.0
17 70447 2655 1907 1 1 1 1.0
17 119035 2655 3383 1 1 1 1.0
17 96345 2657 2025 1 10 0 1.0
17 82311 2658 2092 1 10 0 1.0
17 123751 2659 3505 1 10 1 1.0
17 98640 2664 2927 1 1 1 1.0
17 128988 2665 2632 1 10 1 1.0
17 139027 2666 3719 1 1 0 1.0
17 66029 2668 1474 1 10 0 1.0
17 165717 2670 3319 1 1 0 1.0
17 149833 2673 3250 1 1 0 1.0
17 124091 2678 3482 1 10 1 1.0
17 150915 2682 3489 1 1 0 1.0
17 61072 2689 1539 1 10 1 1.0
17 164351 2690 4276 1 1 0 1.0
17 80564 2693 2335 1 10 0 1.0
17 172357 2695 3766 1 1 1 1.0
17 154414 2696 3440 1 50 0 1.0
17 173654 2699 3780 1 10 1 1.0
17 178473 2699 5220 1 10 1 1.0
17 163988 2704 3932 1 10 0 1.0
17 73810 2706 1992 1 1 0 1.0
17 124573 2707 3001 1 1 0 1.0
17 60621 2708 1522 1 10 0 1.0
17 82795 2712 2073 1 1 1 1.0
17 128298 2713 3252 1 50 1 1.0
17 165377 2717 3479 1 1 0 1.0
17 114822 2720 2360 1 10 1 1.0
17 132314 2723 3028 1 1 0 1.0
17 139736 2724 3240 1 1 1 1.0
17 141038 2725 3988 1 1 0 1.0
17 81802 2725 1747 1 1 1 1.0
17 109119 2728 2673 1 10 0 1.0
17 103583 2730 2547 1 10 1 1.0
17 139292 2731 4087 1 1 1 1.0
17 150658 2734 3660 1 1 0 1.0
17 60519 2736 1639 1 1 1 1.0
17 62589 2737 1597 1 1 0 1.0
17 124746 2738 3015 1 10 1 1.0
17 119992 2739 2999 1 1 1 1.0
17 81460 2741 1851 1 10 1 1.0
17 162890 2746 4473 1 1 0 1.0
17 68272 2748 1485 1 1 0 1.0
17 112835 2750 2897 1 1 0 1.0
17 171675 2750 4396 1 10 0 1.0
17 128434 2751 3590 1 10 0 1.0
17 151201 2753 4406 1 1 1 1.0
17 105635 2757 2856 1 1 1 1.0
17 76554 2757 1860 1 1 1 1.0
17 165301 2768 4858 1 1 1 1.0
17 77417 2770 2255 1 10 1 1.0
17 111939 2770 2873 1 1 0 1.0
17 61689 2774 1794 1 1 0 1.0
17 95751 2774 2438 1 1 0 1.0
17 91115 2778 1953 1 1 0 1.0
17 124283 2783 3376 1 1 1 1.0
17 72993 2784 2089 1 1 0 1.0
17 118033 2786 2809 1 1 0 1.0
17 94338 2786 2648 1 1 1 1.0
17 179871 2786 4956 1 10 1 1.0
17 79805 2792 2132 1 10 0 1.0
17 118803 2792 3160 1 10 1 1.0
17 156081 2794 4370 1 1 1 1.0
17 96639 2797 2850 1 1 0 1.0
17 149459 2798 4370 1 1 1 1.0
17 129313 2798 3130 1 10 1 1.0
17 60205 2799 1252 1 1 1 1.0
17 76030 2799 1905 1 1 1 1.0
17 98053 2803 2866 1 10 0 1.0
17 66886 2816 1672 1 1 0 1.0
17 147736 2819 3011 1 1 0 1.0
17 125727 2825 3188 1 1 0 1.0
17 102312 2834 2185 1 1 1 1.0
17 143554 2838 3938 1 1 0 1.0
17 126129 2839 3366 1 10 0 1.0
17 126705 2840 3565 1 10 1 1.0
17 109724 2840 3283 1 1 0 1.0
17 70657 2844 1615 1 50 1 1.0
17 73911 2845 1752 1 1 0 1.0
17 130485 2848 2790 1 50 1 1.0
17 86401 2848 1923 1 1 0 1.0
17 99166 2850 2133 1 1 1 1.0
17 87765 2850 1779 1 1 0 1.0
17 151696 2854 3307 1 1 0 1.0
17 124212 2854 2703 1 10 1 1.0
17 165857 2856 3558 1 10 1 1.0
17 151215 2858 3664 1 50 0 1.0
17 179958 2861 4137 1 1 0 1.0
17 91796 2863 2223 1 1 1 1.0
17 89298 2866 2079 1 1 0 1.0
17 78687 2866 1692 1 50 1 1.0
17 137886 2867 3747 1 10 1 1.0
17 88717 2872 1798 1 10 0 1.0
17 81701 2872 2163 1 1 1 1.0
17 89820 2872 2629 1 10 0 1.0
17 175754 2873 3721 1 10 0 1.0
17 117471 2874 3110 1 10 0 1.0
17 137875 2877 3289 1 10 1 1.0
17 90379 2878 2486 1 1 0 1.0
17 123226 2880 3216 1 10 0 1.0
17 108387 2883 3082 1 1 0 1.0
17 178042 2884 4023 1 1 0 1.0
17 149885 2885 4149 1 50 1 1.0
17 149150 2889 3695 1 10 1 1.0
17 94204 2892 2524 1 1 1 1.0
17 74635 2892 1609 1 1 1 1.0
17 75499 2894 2009 1 1 1 1.0
17 82796 2900 1729 1 10 1 1.0
17 72863 2901 2129 1 1 0 1.0
17 128886 2902 3783 1 1 1 1.0
17 178199 2905 4046 1 1 1 1.0
17 148195 2906 3812 1 1 1 1.0
17 109632 2907 3118 1 1 1 1.0
17 149283 2908 4332 1 1 0 1.0
17 70992 2910 1564 1 1 0 1.0
17 177412 2911 4048 1 1 1 1.0
17 102641 2915 2590 1 1 0 1.0
17 138060 2918 3271 1 10 0 1.0
17 97711 2923 2089 1 10 1 1.0
17 76143 2923 2180 1 1 1 1.0
17 108394 2924 2664 1 1 1 1.0
17 116171 2928 2333 1 1 0 1.0
17 136048 2928 3473 1 1 0 1.0
17 172313 2937 4058 1 10 1 1.0
17 138659 2939 3946 1 1 1 1.0
17 103419 2939 2102 1 1 0 1.0
17 96666 2941 2492 1 1 0 1.0
17 137255 2946 3380 1 1 0 1.0
17 90243 2954 2070 1 10 1 1.0
17 90712 2954 2088 1 10 1 1.0
17 121969 2954 3378 1 1 1 1.0
17 93900 2954 2472 1 1 0 1.0
17 123800 2955 3316 1 1 0 1.0
17 155602 2956 4223 1 1 0 1.0
17 126784 2957 3500 1 1 1 1.0
17 139856 2959 4119 1 1 1 1.0
17 81406 2960 2002 1 1 0 1.0
17 129315 2962 3250 1 10 0 1.0
17 170142 2969 4647 1 50 0 1.0
17 92826 2970 2735 1 1 1 1.0
17 61640 2971 1458 1 1 1 1.0
17 95788 2972 2164 1 1 0 1.0
17 109277 2972 3039 1 1 0 1.0
17 178963 2973 4988 1 50 1 1.0
17 88070 2974 2574 1 1 0 1.0
17 146223 2974 4115 1 1 1 1.0
17 134029 2980 3639 1 10 1 1.0
17 146492 2982 4030 1 50 0 1.0
17 141638 2986 3934 1 1 0 1.0
17 144306 2987 4107 1 1 1 1.0
17 156786 2990 4067 1 1 1 1.0
17 67018 2992 1992 1 10 1 1.0
17 165739 2992 3889 1 1 0 1.0
17 170971 2993 5005 1 1 0 1.0
17 95739 3004 2465 1 10 0 1.0
17 162771 3004 3568 1 1 0 1.0
17 64213 3004 1541 1 1 1 1.0
17 113819 3005 2891 1 50 0 1.0
17 144405 3008 3612 1 10 0 1.0
17 81798 3009 2078 1 1 1 1.0
17 146827 3014 3266 1 50 0 1.0
17 167169 3015 3602 1 1 0 1.0
17 88590 3020 1811 1 50 1 1.0
17 106331 3021 2559 1 1 0 1.0
17 89793 3022 2482 1 1 1 1.0
17 109940 3024 2265 1 10 1 1.0
17 63115 3026 1301 1 1 1 1.0
17 175377 3028 3935 1 50 1 1.0
17 63561 3029 1814 1 10 0 1.0
17 117210 3029 2587 1 1 0 1.0
17 75846 3038 2174 1 10 0 1.0
17 119872 3040 2679 1 50 0 1.0
17 88840 3041 2544 1 1 1 1.0
17 151785 3046 3312 1 1 1 1.0
17 83236 3047 2136 1 1 0 1.0
17 166719 3051 3552 1 1 0 1.0
17 104364 3054 2193 1 50 0 1.0
17 125944 3056 3107 1 50 1 1.0
17 134819 3056 3181 1 1 0 1.0
17 77658 3067 1797 1 1 1 1.0
17 101969 3068 2416 1 1 1 1.0
17 167571 3070 3416 1 1 1 1.0
17 140665 3072 2847 1 1 1 1.0
17 92801 3075 2137 1 10 1 1.0
17 91352 3076 2266 1 10 0 1.0
17 168124 3077 4302 1 1 1 1.0
17 72703 3077 2048 1 1 0 1.0
17 89039 3079 1944 1 1 1 1.0
17 99526 3084 2057 1 1 1 1.0
17 141236 3084 3196 1 10 0 1.0
17 132180 3084 3042 1 10 0 1.0
17 110605 3090 3215 1 1 1 1.0
17 151050 3092 4092 1 50 1 1.0
17 149316 3092 4159 1 10 0 1.0
17 77158 3094 1583 1 1 1 1.0
17 175597 3095 5049 1 1 1 1.0
17 156028 3096 3989 1 1 0 1.0
17 101980 3097 2076 1 1 1 1.0
17 62843 3097 1782 1 1 0 1.0
17 65587 3099 1352 1 50 0 1.0
17 124601 3100 3709 1 10 1 1.0
17 95921 3100 2127 1 1 0 1.0
17 96877 3101 2458 1 1 0 1.0
17 179172 3101 4587 1 1 0 1.0
17 161812 3106 3313 1 1 1 1.0
17 130272 3112 3828 1 1 1 1.0
17 108475 3114 3087 1 1 0 1.0
17 133147 3118 3406 1 10 1 1.0
17 153848 3118 3219 1 10 0 1.0
17 152022 3120 4249 1 1 1 1.0
17 98762 3123 2707 1 1 0 1.0
17 147745 3126 4289 1 1 1 1.0
17 120089 3128 2599 1 10 0 1.0
17 97967 3129 2328 1 1 0 1.0
17 123040 3131 2588 1 1 1 1.0
17 104496 3131 2524 1 1 1 1.0
17 97891 3132 2093 1 1 1 1.0
17 157998 3134 4188 1 1 0 1.0
17 155315 3136 4242 1 10 1 1.0
17 155753 3138 3214 1 1 0 1.0
17 163968 3139 4561 1 10 0 1.0
17 132258 3140 3783 1 50 1 1.0
17 123129 3143 2915 1 1 0 1.0
17 79071 3145 2128 1 1 0 1.0
17 132042 3150 3118 1 1 1 1.0
17 163429 3153 3763 1 1 1 1.0
17 61422 3156 1717 1 1 1 1.0
17 117879 3159 3411 1 1 1 1.0
17 108537 3161 2801 1 1 0 1.0
17 95537 3164 2460 1 10 0 1.0
17 151047 3168 3838 1 50 0 1.0
17 95877 3168 2831 1 10 1 1.0
17 146135 3171 3324 1 10 1 1.0
17 161543 3172 4148 1 1 1 1.0
17 109957 3172 2432 1 10 1 1.0
17 93475 3174 2441 1 10 1 1.0
17 142609 3185 2945 1 1 1 1.0
17 173972 3186 4021 1 1 0 1.0
17 61814 3186 1236 1 50 0 1.0
17 125162 3189 3273 1 1 0 1.0
17 65735 3193 1572 1 1 1 1.0
17 155405 3195 3589 1 1 1 1.0
17 117583 3195 3512 1 1 0 1.0
17 173605 3195 4945 1 1 1 1.0
17 119895 3196 3594 1 1 0 1.0
17 149162 3200 3075 1 1 1 1.0
17 90211 3202 1881 1 10 1 1.0
17 125247 3203 3200 1 1 0 1.0
17 148784 3206 3709 1 1 0 1.0
17 149106 3207 3187 1 10 1 1.0
17 174335 3208 3621 1 1 0 1.0
17 145553 3210 3519 1 1 0 1.0
17 152628 3211 4549 1 1 0 1.0
17 80384 3211 1806 1 10 0 1.0
17 156999 3214 3687 1 1 1 1.0
17 169741 3217 4152 1 10 0 1.0
17 144988 3222 3943 1 10 0 1.0
17 152525 3222 4226 1 1 0 1.0
17 126351 3225 2545 1 1 0 1.0
17 90166 3230 2377 1 1 0 1.0
17 104818 3231 2541 1 1 0 1.0
17 174248 3232 4421 1 10 1 1.0
17 156062 3235 3922 1 10 0 1.0
17 179384 3239 5238 1 50 0 1.0
17 159829 3241 4189 1 1 1 1.0
17 163698 3248 4079 1 10 1 1.0
17 69484 3250 1458 1 1 1 1.0
17 71158 3256 1607 1 1 0 1.0
17 130723 3257 3278 1 1 0 1.0
17 93796 3263 2358 1 1 0 1.0
17 173336 3266 3819 1 1 1 1.0
17 144733 3266 4000 1 10 1 1.0
17 134298 3273 3776 1 1 1 1.0
17 174781 3273 5150 1 1 0 1.0
17 144321 3280 2917 1 1 0 1.0
17 149964 3281 4057 1 1 0 1.0
17 107080 3283 2835 1 1 0 1.0
17 96742 3284 2782 1 10 1 1.0
17 159344 3285 4262 1 10 0 1.0
17 172349 3288 3652 1 1 0 1.0
17 85295 3290 2276 1 1 0 1.0
17 131455 3291 3250 1 1 1 1.0
17 154371 3291 4356 1 1 0 1.0
17 171437 3293 4939 1 10 1 1.0
17 129449 3300 3515 1 1 1 1.0
17 139470 3307 3520 1 10 0 1.0
17 61454 3309 1394 1 1 0 1.0
17 81161 3312 2427 1 1 0 1.0
17 65068 3315 1360 1 1 0 1.0
17 110238 3316 3048 1 10 1 1.0
17 82467 3318 1755 1 10 1 1.0
17 87732 3321 1905 1 1 1 1.0
17 60706 3321 1320 1 1 1 1.0
17 159899 3324 4540 1 1 0 1.0
17 68003 3324 1666 1 10 1 1.0
17 122706 3327 3644 1 1 0 1.0
17 150708 3328 3761 1 10 1 1.0
17 80959 3329 1844 1 10 0 1.0
17 61474 3330 1302 1 1 0 1.0
17 175168 3330 4290 1 10 0 1.0
17 147109 3331 3309 1 1 1 1.0
17 152953 3332 3898 1 10 1 1.0
17 157735 3342 3209 1 1 0 1.0
17 116279 3353 2727 1 1 1 1.0
17 127959 3354 3744 1 1 0 1.0
17 133658 3354 3095 1 1 1 1.0
17 83827 3361 2316 1 1 0 1.0
17 108602 3364 3114 1 10 1 1.0
17 146626 3365 3290 1 1 0 1.0
17 73581 3365 1688 1 50 0 1.0
17 160879 3365 4670 1 1 1 1.0
17 150447 3366 3868 1 10 0 1.0
17 111512 3370 2578 1 10 0 1.0
17 74491 3372 2233 1 1 0 1.0
17 94945 3372 2823 1 10 1 1.0
17 81600 3381 1667 1 10 0 1.0
17 165978 3381 3732 1 10 0 1.0
17 176974 3382 4347 1 1 0 1.0
17 169888 3383 4389 1 1 0 1.0
17 172730 3384 3828 1 1 0 1.0
17 82834 3385 1859 1 10 0 1.0
17 140965 3388 3466 1 1 1 1.0
17 161108 3390 3596 1 1 1 1.0
17 85684 3391 2296 1 1 1 1.0
17 97264 3391 2326 1 10 0 1.0
17 79244 3392 1750 1 1 1 1.0
17 74185 3393 1768 1 1 0 1.0
17 68058 3397 1892 1 1 1 1.0
17 142265 3397 2981 1 1 1 1.0
17 155963 3398 3450 1 1 1 1.0
17 130992 3399 3218 1 10 1 1.0
17 109587 3401 2931 1 1 1 1.0
17 178186 3404 4583 1 1 1 1.0
17 172393 3406 4473 1 1 0 1.0
17 150481 3412 4124 1 1 1 1.0
17 93992 3413 2410 1 10 1 1.0
17 80268 3415 2058 1 10 1 1.0
17 121990 3416 3624 1 1 1 1.0
17 73849 3418 1498 1 1 0 1.0
17 68697 3419 1477 1 50 0 1.0
17 161207 3420 4693 1 1 1 1.0
17 139892 3422 4115 1 10 1 1.0
17 98931 3428 2713 1 1 0 1.0
17 61424 3430 1412 1 10 1 1.0
17 115302 3431 2390 1 10 1 1.0
17 167683 3431 4667 1 1 1 1.0
17 81097 3433 1766 1 1 0 1.0
17 119446 3434 3023 1 10 1 1.0
17 84101 3438 2290 1 10 1 1.0
17 63478 3441 1675 1 1 0 1.0
17 63212 3443 1888 1 1 0 1.0
17 126720 3443 2789 1 10 1 1.0
17 73408 3447 1741 1 1 0 1.0
17 117075 3448 3364 1 1 0 1.0
17 171341 3456 4348 1 10 1 1.0
17 163642 3457 4363 1 10 0 1.0
17 136476 3459 3992 1 1 0 1.0
17 90814 3460 2277 1 10 1 1.0
17 78127 3463 2271 1 1 0 1.0
17 67421 3464 1663 1 1 0 1.0
17 108877 3464 2921 1 10 1 1.0
17 139980 3464 3406 1 1 1 1.0
17 103809 3466 2680 1 1 0 1.0
17 162477 3468 4336 1 1 0 1.0
17 155257 3468 3263 1 1 1 1.0
17 166854 3472 4713 1 1 0 1.0
17 116362 3476 2401 1 1 0 1.0
17 89207 3478 2590 1 1 0 1.0
17 142621 3480 3702 1 1 1 1.0
17 114954 3483 2496 1 1 1 1.0
17 65055 3486 1715 1 1 0 1.0
17 174102 3487 4415 1 10 1 1.0
17 93662 3489 1945 1 1 1 1.0
17 175401 3490 5213 1 1 1 1.0
17 93082 3491 2209 1 10 1 1.0
17 114572 3495 2722 1 10 0 1.0
17 159983 3505 3444 1 10 0 1.0
17 178202 3515 4422 1 1 1 1.0
17 168756 3515 4496 1 1 1 1.0
17 140335 3518 4076 1 1 1 1.0
17 118271 3520 2471 1 1 0 1.0
17 167822 3522 4422 1 1 1 1.0
17 151577 3522 3771 1 1 1 1.0
17 105398 3523 2905 1 10 0 1.0
17 136353 3528 3665 1 1 1 1.0
17 113547 3530 3105 1 1 1 1.0
17 112191 3532 3038 1 1 0 1.0
17 91345 3533 1925 1 10 0 1.0
17 147061 3535 3336 1 50 1 1.0
17 142887 3535 3339 1 10 0 1.0
17 97468 3536 2642 1 10 0 1.0
17 96221 3537 2326 1 10 0 1.0
17 107561 3540 3036 1 1 1 1.0
17 147535 3544 3703 1 10 0 1.0
17 86291 3546 2440 1 10 1 1.0
17 90653 3560 2508 1 10 1 1.0
17 95538 3570 2407 1 50 0 1.0
17 104218 3570 2878 1 1 1 1.0
17 96954 3575 2825 1 10 0 1.0
17 68633 3579 1890 1 1 0 1.0
17 125350 3582 3107 1 1 1 1.0
17 154613 3584 3507 1 10 1 1.0
17 154882 3585 4133 1 1 0 1.0
17 154964 3586 3556 1 10 1 1.0
17 151883 3586 3702 1 50 1 1.0
17 97247 3587 2001 1 1 1 1.0
17 129847 3588 3356 1 10 1 1.0
17 152426 3592 4558 1 10 1 1.0
17 142263 3594 3089 1 10 0 1.0
17 142735 3595 4211 1 10 1 1.0
