1500
19 79752 1 2079 1 10 1 1.0
19 84097 3 2330 1 50 0 1.0
19 78989 5 2141 1 1 0 1.0
19 169934 7 5011 1 10 0 1.0
19 133572 7 3658 1 1 0 1.0
19 145658 9 3663 1 1 1 1.0
19 133145 10 3412 1 10 1 1.0
19 148852 10 3786 1 10 1 1.0
19 101741 11 2661 1 10 1 1.0
19 153885 12 4250 1 10 0 1.0
19 147311 14 3445 1 1 0 1.0
19 171646 15 5084 1 10 1 1.0
19 118788 16 2743 1 1 0 1.0
19 80693 17 2333 1 1 1 1.0
19 164599 17 4670 1 1 1 1.0
19 108440 18 2393 1 10 1 1.0
19 170508 20 4959 1 1 0 1.0
19 163048 21 4591 1 1 0 1.0
19 129209 23 2625 1 10 0 1.0
19 117553 23 2873 1 1 1 1.0
19 147850 33 3907 1 50 1 1.0
19 75791 36 2130 1 10 1 1.0
19 109729 46 2235 1 1 1 1.0
19 158901 51 3812 1 1 0 1.0
19 168952 52 3721 1 1 0 1.0
19 102692 56 2111 1 1 1 1.0
19 85490 66 2325 1 1 0 1.0
19 179777 71 4988 1 1 0 1.0
19 89040 82 1936 1 1 0 1.0
19 171479 83 4088 1 50 1 1.0
19 102832 85 2106 1 1 1 1.0
19 62663 89 1455 1 10 1 1.0
19 178676 89 3593 1 10 1 1.0
19 111982 91 2475 1 10 0 1.0
19 76760 92 2169 1 50 1 1.0
19 97485 94 2680 1 10 1 1.0
19 123218 94 3131 1 1 1 1.0
19 101636 94 2158 1 1 0 1.0
19 121866 94 3474 1 1 0 1.0
19 173843 99 4388 1 10 1 1.0
19 153729 100 4199 1 1 0 1.0
19 104500 100 2715 1 1 1 1.0
19 68563 110 1659 1 1 1 1.0
19 111044 111 2989 1 10 1 1.0
19 137483 112 3749 1 1 0 1.0
19 68920 113 1852 1 10 0 1.0
19 136675 114 2808 1 1 1 1.0
19 84425 114 2342 1 1 0 1.0
19 168898 115 3745 1 1 0 1.0
19 177537 120 3557 1 10 0 1.0
19 67571 121 1888 1 1 0 1.0
19 176054 122 4696 1 10 1 1.0
19 80317 123 1995 1 10 1 1.0
19 122483 126 3630 1 1 1 1.0
19 167217 126 4565 1 10 1 1.0
19 141507 126 3198 1 1 0 1.0
19 94425 126 2117 1 1 0 1.0
19 84320 127 1921 1 10 1 1.0
19 160564 131 3482 1 10 1 1.0
19 109715 136 3074 1 50 1 1.0
19 114732 142 2994 1 10 0 1.0
19 81499 143 1688 1 1 0 1.0
19 145410 145 3056 1 10 0 1.0
19 71498 157 1634 1 1 1 1.0
19 148826 164 4147 1 1 1 1.0
19 156074 165 4473 1 50 1 1.0
19 114308 167 2746 1 1 1 1.0
19 164863 178 4918 1 10 1 1.0
19 89742 179 2003 1 50 0 1.0
19 102851 179 2190 1 1 0 1.0
19 102248 182 2232 1 10 1 1.0
19 73051 184 2063 1 1 1 1.0
19 158151 186 3192 1 1 0 1.0
19 68836 186 1787 1 1 0 1.0
19 150981 188 4257 1 1 1 1.0
19 146348 191 3795 1 1 1 1.0
19 112889 194 2371 1 1 0 1.0
19 165070 201 4739 1 1 0 1.0
19 144341 203 3568 1 1 1 1.0
19 157368 208 4470 1 1 1 1.0
19 129158 210 2952 1 1 1 1.0
19 159732 211 4493 1 10 1 1.0
19 111780 213 2711 1 1 0 1.0
19 146281 213 3671 1 10 1 1.0
19 114141 215 2354 1 10 1 1.0
19 115797 217 3106 1 10 0 1.0
19 76804 217 1932 1 1 0 1.0
19 96396 219 2151 1 10 1 1.0
19 105039 219 2402 1 1 1 1.0
19 105137 221 2885 1 50 0 1.0
19 146803 223 3233 1 1 1 1.0
19 151241 223 3959 1 1 0 1.0
19 132443 225 3287 1 1 0 1.0
19 127179 226 3574 1 50 1 1.0
19 97682 229 2489 1 1 1 1.0
19 131107 229 3188 1 10 1 1.0
19 98631 232 2599 1 1 1 1.0
19 78870 232 2351 1 1 0 1.0
19 142002 233 4170 1 10 1 1.0
19 144511 235 3823 1 50 0 1.0
19 64890 238 1495 1 1 1 1.0
19 136497 244 3129 1 1 0 1.0
19 107724 249 3219 1 1 1 1.0
19 153773 250 4539 1 1 0 1.0
19 134979 251 3943 1 1 0 1.0
19 118724 251 2630 1 10 1 1.0
19 115653 255 3430 1 50 1 1.0
19 138023 259 3186 1 1 1 1.0
19 91805 265 2034 1 1 0 1.0
19 92120 266 1856 1 10 0 1.0
19 149471 267 3582 1 10 0 1.0
19 140357 268 3892 1 1 1 1.0
19 148448 269 3844 1 50 0 1.0
19 161179 270 4067 1 1 1 1.0
19 123659 270 2488 1 1 0 1.0
19 146747 270 3699 1 10 0 1.0
19 70717 272 1938 1 1 0 1.0
19 120865 278 3067 1 1 0 1.0
19 70841 278 2035 1 10 0 1.0
19 172936 279 4977 1 1 0 1.0
19 107416 280 2171 1 1 1 1.0
19 84039 281 2007 1 1 0 1.0
19 71448 282 2089 1 1 0 1.0
19 174589 285 4534 1 1 1 1.0
19 97546 285 2568 1 1 1 1.0
19 169508 286 4887 1 10 1 1.0
19 60606 286 1310 1 1 1 1.0
19 158454 287 4236 1 10 0 1.0
19 81782 289 2322 1 1 1 1.0
19 92397 297 2027 1 10 1 1.0
19 152921 301 3701 1 1 1 1.0
19 168847 308 4359 1 1 0 1.0
19 108505 309 2493 1 1 1 1.0
19 70838 310 2000 1 1 1 1.0
19 155210 310 4615 1 10 0 1.0
19 128110 314 3064 1 10 1 1.0
19 168824 314 4109 1 10 0 1.0
19 167848 315 4605 1 1 1 1.0
19 79753 316 2351 1 1 1 1.0
19 162471 322 4676 1 1 1 1.0
19 144736 326 3943 1 10 0 1.0
19 90165 326 1862 1 1 1 1.0
19 105988 329 2352 1 1 1 1.0
19 170230 329 5057 1 50 0 1.0
19 84315 332 1920 1 50 1 1.0
19 156957 334 4479 1 1 0 1.0
19 87724 336 2294 1 1 1 1.0
19 80149 336 2080 1 1 0 1.0
19 110808 340 2583 1 1 1 1.0
19 71176 343 1740 1 1 0 1.0
19 84638 346 2140 1 1 0 1.0
19 66008 350 1644 1 1 1 1.0
19 102807 352 2772 1 10 0 1.0
19 140118 353 2972 1 1 0 1.0
19 153157 354 3088 1 1 1 1.0
19 60354 356 1285 1 10 0 1.0
19 179314 358 3962 1 1 0 1.0
19 171154 360 3683 1 1 0 1.0
19 146458 361 3543 1 1 1 1.0
19 129607 367 2962 1 1 1 1.0
19 65751 368 1602 1 1 1 1.0
19 61545 371 1697 1 1 0 1.0
19 176076 373 4840 1 10 0 1.0
19 156600 373 3824 1 1 0 1.0
19 97355 374 2574 1 1 0 1.0
19 156752 374 3356 1 10 1 1.0
19 91242 375 1888 1 1 0 1.0
19 108388 375 2441 1 1 0 1.0
19 169905 377 3997 1 1 0 1.0
19 150772 379 3209 1 1 0 1.0
19 77367 381 1969 1 1 0 1.0
19 64316 383 1657 1 10 1 1.0
19 172818 384 4363 1 1 1 1.0
19 69061 384 1685 1 1 0 1.0
19 148812 388 4210 1 1 0 1.0
19 112941 388 3180 1 10 1 1.0
19 66240 392 1471 1 10 0 1.0
19 89991 395 1991 1 10 0 1.0
19 135352 396 3133 1 1 0 1.0
19 68625 399 1623 1 1 1 1.0
19 167250 401 3949 1 10 0 1.0
19 126920 403 2938 1 1 1 1.0
19 106591 403 2217 1 1 1 1.0
19 140689 403 3447 1 50 0 1.0
19 150930 405 3033 1 1 1 1.0
19 105508 406 2330 1 50 1 1.0
19 73302 407 1551 1 1 1 1.0
19 97890 408 2015 1 1 1 1.0
19 114125 411 2467 1 50 0 1.0
19 89600 413 2515 1 1 0 1.0
19 81438 413 1801 1 1 0 1.0
19 130973 416 2876 1 1 0 1.0
19 80705 418 1917 1 10 1 1.0
19 77074 419 1765 1 1 0 1.0
19 68397 424 1996 1 1 0 1.0
19 165517 426 3994 1 10 0 1.0
19 148626 427 3680 1 1 1 1.0
19 127090 436 3402 1 1 1 1.0
19 106790 438 2373 1 10 1 1.0
19 158773 438 3540 1 10 1 1.0
19 64777 438 1381 1 10 1 1.0
19 111852 441 3019 1 1 1 1.0
19 102751 441 2396 1 1 0 1.0
19 176335 441 4495 1 10 0 1.0
19 60033 446 1412 1 1 1 1.0
19 60170 446 1576 1 1 0 1.0
19 84262 447 2411 1 10 0 1.0
19 93906 447 2806 1 1 1 1.0
19 60880 450 1561 1 1 0 1.0
19 130401 452 3379 1 1 1 1.0
19 106270 452 2154 1 50 1 1.0
19 170439 452 3803 1 10 0 1.0
19 82809 459 1731 1 1 0 1.0
19 91858 461 2432 1 1 0 1.0
19 164259 463 3833 1 1 0 1.0
19 125194 467 2925 1 10 0 1.0
19 86364 472 1819 1 1 0 1.0
19 115215 474 2597 1 10 1 1.0
19 100985 474 2747 1 10 1 1.0
19 148287 475 3955 1 10 0 1.0
19 86476 476 2453 1 10 0 1.0
19 163513 477 3711 1 1 0 1.0
19 179433 477 3656 1 1 1 1.0
19 80480 481 1730 1 1 1 1.0
19 103465 481 2881 1 1 1 1.0
19 109550 481 2927 1 1 0 1.0
19 116785 483 2537 1 10 1 1.0
19 139980 489 3364 1 1 1 1.0
19 170216 495 4476 1 10 0 1.0
19 151354 497 4199 1 1 0 1.0
19 69990 500 1426 1 50 0 1.0
19 176267 503 4039 1 1 0 1.0
19 165495 504 4079 1 50 1 1.0
19 154256 504 4470 1 1 1 1.0
19 157195 504 4652 1 1 0 1.0
19 67787 509 1538 1 1 0 1.0
19 126134 513 3659 1 1 1 1.0
19 139317 516 2788 1 1 0 1.0
19 174528 517 3809 1 50 0 1.0
19 113274 521 2818 1 1 0 1.0
19 172866 523 4560 1 10 1 1.0
19 160399 523 3821 1 50 0 1.0
19 107311 526 2576 1 1 0 1.0
19 90700 529 2370 1 1 0 1.0
19 100271 529 2242 1 1 0 1.0
19 175290 531 4988 1 10 0 1.0
19 145764 534 3138 1 1 0 1.0
19 146511 535 2973 1 1 1 1.0
19 179923 536 4284 1 10 1 1.0
19 69189 538 1681 1 10 0 1.0
19 137827 539 2982 1 1 0 1.0
19 173381 542 3556 1 1 1 1.0
19 105782 543 2228 1 1 0 1.0
19 108998 548 2201 1 10 1 1.0
19 68722 549 2040 1 10 1 1.0
19 132711 549 2991 1 1 0 1.0
19 139861 552 4110 1 1 0 1.0
19 153929 554 3452 1 1 1 1.0
19 104478 555 2270 1 1 1 1.0
19 93532 556 2778 1 1 0 1.0
19 157010 559 4601 1 1 0 1.0
19 147653 559 4307 1 1 1 1.0
19 126163 560 2937 1 10 0 1.0
19 114843 565 2358 1 1 1 1.0
19 109835 567 2257 1 1 1 1.0
19 85455 570 2051 1 10 1 1.0
19 105504 570 2195 1 1 0 1.0
19 179186 573 4919 1 1 0 1.0
19 176069 575 4300 1 1 1 1.0
19 164225 578 3784 1 50 1 1.0
19 67149 579 1672 1 1 1 1.0
19 99109 585 2126 1 50 1 1.0
19 170188 586 4505 1 1 1 1.0
19 164017 589 4263 1 1 0 1.0
19 179485 590 4492 1 10 0 1.0
19 62949 590 1495 1 1 0 1.0
19 151297 591 3037 1 10 0 1.0
19 172741 592 4530 1 10 1 1.0
19 68141 593 1804 1 1 1 1.0
19 119966 593 2908 1 1 1 1.0
19 124986 596 3673 1 1 1 1.0
19 108094 598 2380 1 50 0 1.0
19 133870 605 3784 1 1 1 1.0
19 87111 606 2269 1 1 1 1.0
19 86494 607 1733 1 1 1 1.0
19 127578 607 3367 1 50 0 1.0
19 70988 610 1759 1 1 1 1.0
19 137739 611 3100 1 10 1 1.0
19 122831 617 2884 1 10 0 1.0
19 157410 618 3378 1 10 0 1.0
19 152573 621 4459 1 50 1 1.0
19 137251 621 3387 1 1 0 1.0
19 136870 622 2865 1 1 1 1.0
19 87034 623 2028 1 1 0 1.0
19 101678 627 2677 1 1 0 1.0
19 132294 628 3241 1 10 1 1.0
19 166223 628 3545 1 1 1 1.0
19 122488 628 3270 1 1 1 1.0
19 73804 630 1751 1 10 0 1.0
19 71215 632 1779 1 1 1 1.0
19 83140 634 1681 1 50 1 1.0
19 63780 636 1378 1 1 0 1.0
19 62439 639 1705 1 1 1 1.0
19 125752 646 3016 1 10 1 1.0
19 151692 648 4282 1 1 0 1.0
19 68926 648 1495 1 1 0 1.0
19 107929 654 2719 1 10 1 1.0
19 103349 654 3013 1 10 0 1.0
19 171739 658 4087 1 10 1 1.0
19 164497 663 4769 1 10 0 1.0
19 128679 666 2997 1 1 0 1.0
19 169873 667 3754 1 1 0 1.0
19 167901 670 3833 1 50 0 1.0
19 88160 673 2123 1 1 0 1.0
19 164529 674 3950 1 10 0 1.0
19 98464 676 2919 1 1 0 1.0
19 110687 679 2921 1 50 1 1.0
19 154574 680 3275 1 1 1 1.0
19 80361 682 2356 1 10 1 1.0
19 137098 682 3434 1 10 1 1.0
19 135520 683 3281 1 10 1 1.0
19 166798 683 4238 1 1 1 1.0
19 65892 683 1955 1 10 1 1.0
19 117598 685 2503 1 1 1 1.0
19 62146 696 1455 1 1 0 1.0
19 77731 697 1888 1 10 1 1.0
19 165732 698 4562 1 1 1 1.0
19 172479 701 3676 1 1 1 1.0
19 132909 703 3183 1 10 1 1.0
19 91270 706 2084 1 10 0 1.0
19 129581 706 3295 1 1 1 1.0
19 147473 706 3851 1 1 1 1.0
19 98813 706 2755 1 1 1 1.0
19 99860 709 2674 1 10 0 1.0
19 61873 711 1517 1 1 0 1.0
19 113965 712 3311 1 1 0 1.0
19 117243 712 3167 1 10 0 1.0
19 175268 715 3625 1 50 0 1.0
19 146922 715 3952 1 1 1 1.0
19 156632 715 4211 1 10 0 1.0
19 147380 719 3827 1 10 1 1.0
19 176558 723 3669 1 10 0 1.0
19 90934 727 2166 1 1 0 1.0
19 156939 731 3323 1 1 1 1.0
19 148801 739 4186 1 1 0 1.0
19 164372 740 4691 1 1 0 1.0
19 147815 740 3472 1 1 0 1.0
19 96205 741 2317 1 50 1 1.0
19 157950 746 3728 1 1 0 1.0
19 97445 749 2003 1 1 1 1.0
19 66888 749 1998 1 10 1 1.0
19 153972 750 3668 1 1 1 1.0
19 110902 754 2348 1 10 1 1.0
19 107862 763 2924 1 10 1 1.0
19 107990 766 2851 1 10 0 1.0
19 105959 771 3136 1 1 1 1.0
19 96015 773 2769 1 10 1 1.0
19 134707 773 3779 1 1 1 1.0
19 74332 773 1508 1 1 1 1.0
19 128279 774 3539 1 10 0 1.0
19 127611 775 3772 1 10 1 1.0
19 147462 777 4119 1 10 0 1.0
19 127840 779 2835 1 1 1 1.0
19 104507 783 2868 1 10 0 1.0
19 139192 784 3294 1 10 1 1.0
19 134605 788 3789 1 1 0 1.0
19 97098 791 2494 1 1 0 1.0
19 153498 795 3900 1 10 1 1.0
19 110685 795 3220 1 10 0 1.0
19 82420 800 2024 1 10 1 1.0
19 113610 800 3134 1 1 0 1.0
19 146258 801 3521 1 1 1 1.0
19 175482 801 3779 1 1 1 1.0
19 137678 802 3535 1 1 0 1.0
19 75075 805 1605 1 50 1 1.0
19 113379 814 3145 1 10 1 1.0
19 98686 815 2621 1 1 0 1.0
19 106365 818 2693 1 1 0 1.0
19 117109 825 2737 1 1 1 1.0
19 93716 825 2403 1 10 1 1.0
19 83311 825 1688 1 10 0 1.0
19 87419 833 2163 1 1 0 1.0
19 164400 842 3348 1 50 1 1.0
19 61607 851 1713 1 50 0 1.0
19 109945 854 3132 1 1 1 1.0
19 112646 857 2717 1 1 1 1.0
19 170194 858 4620 1 10 0 1.0
19 179745 858 4244 1 10 0 1.0
19 177417 863 5053 1 1 0 1.0
19 77486 866 1791 1 1 1 1.0
19 173849 868 4877 1 10 1 1.0
19 100577 868 2178 1 1 1 1.0
19 64925 872 1736 1 1 0 1.0
19 108277 873 3043 1 10 0 1.0
19 64287 874 1655 1 1 1 1.0
19 121671 878 3126 1 10 1 1.0
19 81575 880 1647 1 10 0 1.0
19 102518 880 3071 1 10 1 1.0
19 99468 885 2076 1 10 1 1.0
19 104130 888 2783 1 1 1 1.0
19 104403 892 2794 1 50 1 1.0
19 168574 894 3604 1 10 1 1.0
19 159173 895 3626 1 1 1 1.0
19 116635 895 3093 1 1 0 1.0
19 122238 896 2987 1 1 0 1.0
19 169395 901 4468 1 1 1 1.0
19 67286 902 1955 1 1 1 1.0
19 67559 904 1476 1 10 1 1.0
19 150399 904 3179 1 1 1 1.0
19 66119 911 1778 1 10 0 1.0
19 119522 914 2596 1 10 1 1.0
19 91085 917 2216 1 10 1 1.0
19 163831 924 4115 1 1 0 1.0
19 70790 924 1960 1 1 1 1.0
19 151226 926 3920 1 1 0 1.0
19 137822 928 3779 1 1 1 1.0
19 80792 928 1807 1 1 1 1.0
19 144242 929 4325 1 10 1 1.0
19 97299 936 2608 1 1 0 1.0
19 105251 937 2800 1 1 1 1.0
19 177783 940 4150 1 50 1 1.0
19 106980 943 2862 1 1 0 1.0
19 175010 944 4774 1 1 0 1.0
19 106901 946 2686 1 1 1 1.0
19 152692 947 4315 1 1 0 1.0
19 170733 947 4264 1 1 0 1.0
19 68111 952 1970 1 10 1 1.0
19 91496 955 2142 1 1 0 1.0
19 76068 957 2136 1 50 1 1.0
19 103009 959 2430 1 10 1 1.0
19 72477 959 1800 1 10 1 1.0
19 92105 964 2562 1 10 0 1.0
19 109095 965 2633 1 1 1 1.0
19 156883 969 3307 1 10 1 1.0
19 179387 974 4076 1 1 0 1.0
19 69314 975 1457 1 1 1 1.0
19 95535 978 2521 1 10 0 1.0
19 98271 982 2697 1 10 1 1.0
19 93309 983 1918 1 1 0 1.0
19 84376 985 1916 1 10 0 1.0
19 75939 985 2206 1 1 0 1.0
19 135674 986 3811 1 10 1 1.0
19 133078 986 3286 1 1 1 1.0
19 140850 990 3514 1 1 0 1.0
19 171343 992 4172 1 1 0 1.0
19 73284 994 1921 1 10 1 1.0
19 146857 997 3917 1 1 1 1.0
19 111474 998 3195 1 1 1 1.0
19 142535 1001 3483 1 50 0 1.0
19 162118 1006 3287 1 50 0 1.0
19 171749 1007 3648 1 1 1 1.0
19 69837 1009 2018 1 1 0 1.0
19 101741 1011 2928 1 1 1 1.0
19 63970 1013 1421 1 10 1 1.0
19 80199 1014 2326 1 10 1 1.0
19 140883 1015 3748 1 10 0 1.0
19 63679 1015 1279 1 50 1 1.0
19 90180 1017 2179 1 1 1 1.0
19 164068 1023 3366 1 1 1 1.0
19 71401 1024 1763 1 50 1 1.0
19 119289 1030 3452 1 1 1 1.0
19 160686 1031 3967 1 1 1 1.0
19 146427 1033 3194 1 1 1 1.0
19 124268 1033 3548 1 1 1 1.0
19 173691 1039 4534 1 1 1 1.0
19 117828 1040 3413 1 10 1 1.0
19 154073 1041 3108 1 1 0 1.0
19 83121 1042 1672 1 1 1 1.0
19 87699 1046 2157 1 10 1 1.0
19 95521 1058 2366 1 1 1 1.0
19 154078 1061 3215 1 10 0 1.0
19 155696 1072 4660 1 10 1 1.0
19 74401 1076 1813 1 10 0 1.0
19 68576 1077 1441 1 10 0 1.0
19 120493 1079 3143 1 50 0 1.0
19 143253 1081 3766 1 1 1 1.0
19 147906 1084 3262 1 1 0 1.0
19 116736 1090 3022 1 1 1 1.0
19 133069 1090 2979 1 1 0 1.0
19 90577 1095 2209 1 1 0 1.0
19 66306 1097 1700 1 1 0 1.0
19 177308 1099 5019 1 1 0 1.0
19 149569 1101 3369 1 10 1 1.0
19 101842 1107 2373 1 10 0 1.0
19 153289 1113 3474 1 1 1 1.0
19 76187 1113 1966 1 1 0 1.0
19 77951 1115 1799 1 1 0 1.0
19 64159 1120 1529 1 50 1 1.0
19 168392 1122 3534 1 1 1 1.0
19 124269 1122 2745 1 1 0 1.0
19 85129 1125 2530 1 1 0 1.0
19 64806 1127 1826 1 10 1 1.0
19 98173 1128 2586 1 1 0 1.0
19 138458 1129 3452 1 1 0 1.0
19 159082 1129 3313 1 1 0 1.0
19 87510 1135 2472 1 10 0 1.0
19 175585 1137 4247 1 10 0 1.0
19 143956 1141 3674 1 1 1 1.0
19 139386 1146 4121 1 1 0 1.0
19 87389 1149 1921 1 1 1 1.0
19 97766 1153 2838 1 1 0 1.0
19 157551 1154 3956 1 1 0 1.0
19 78421 1156 2087 1 1 0 1.0
19 96876 1157 2286 1 1 1 1.0
19 134290 1158 3257 1 1 0 1.0
19 111678 1159 3225 1 1 0 1.0
19 155214 1160 4111 1 10 1 1.0
19 170614 1162 4096 1 1 0 1.0
19 179371 1163 5282 1 1 0 1.0
19 63233 1175 1485 1 1 0 1.0
19 68218 1180 1555 1 10 0 1.0
19 81490 1182 1778 1 1 0 1.0
19 114235 1183 2627 1 1 1 1.0
19 60327 1183 1497 1 1 0 1.0
19 104296 1185 2500 1 1 0 1.0
19 144870 1185 3057 1 10 1 1.0
19 111208 1186 2314 1 10 1 1.0
19 115603 1188 2444 1 1 1 1.0
19 157833 1188 4707 1 10 1 1.0
19 104300 1189 2363 1 1 1 1.0
19 70625 1189 1933 1 10 1 1.0
19 169795 1192 5071 1 1 0 1.0
19 132891 1200 3356 1 1 0 1.0
19 66443 1200 1736 1 1 0 1.0
19 67484 1202 1824 1 1 1 1.0
19 153873 1202 4346 1 1 0 1.0
19 63839 1204 1505 1 50 0 1.0
19 78199 1223 2203 1 1 1 1.0
19 154281 1223 4478 1 1 0 1.0
19 154115 1224 3867 1 1 1 1.0
19 121473 1231 3621 1 1 1 1.0
19 126940 1236 3126 1 1 0 1.0
19 154755 1241 3353 1 50 0 1.0
19 157288 1242 4599 1 1 1 1.0
19 125354 1245 3057 1 1 0 1.0
19 171003 1249 4330 1 1 1 1.0
19 117749 1250 2512 1 1 1 1.0
19 91129 1252 2500 1 1 1 1.0
19 179975 1253 4953 1 1 0 1.0
19 159291 1258 3742 1 10 1 1.0
19 174056 1263 3844 1 10 0 1.0
19 104405 1264 2980 1 1 1 1.0
19 124617 1264 3621 1 10 1 1.0
19 85472 1268 1928 1 1 0 1.0
19 145308 1269 3367 1 10 0 1.0
19 132369 1278 3361 1 1 1 1.0
19 103256 1285 2873 1 1 1 1.0
19 167508 1286 4641 1 1 1 1.0
19 155057 1286 4123 1 50 0 1.0
19 143273 1296 3754 1 50 1 1.0
19 131439 1299 2866 1 1 1 1.0
19 175857 1306 4148 1 1 1 1.0
19 145972 1308 3030 1 1 1 1.0
19 116921 1312 2688 1 1 0 1.0
19 100420 1320 2093 1 1 1 1.0
19 91434 1322 2292 1 1 0 1.0
19 87885 1325 1908 1 10 0 1.0
19 100876 1326 2289 1 10 1 1.0
19 125773 1327 3620 1 10 1 1.0
19 132742 1329 3121 1 1 1 1.0
19 101122 1332 2176 1 10 0 1.0
19 159600 1333 3823 1 1 1 1.0
19 67609 1334 1468 1 10 1 1.0
19 84466 1336 2487 1 1 0 1.0
19 133964 1337 2682 1 1 1 1.0
19 133049 1337 3241 1 10 1 1.0
19 97759 1338 2646 1 1 0 1.0
19 89364 1338 2047 1 10 0 1.0
19 116500 1340 2560 1 50 1 1.0
19 163962 1342 4286 1 1 0 1.0
19 96914 1347 2277 1 1 1 1.0
19 115396 1347 3317 1 10 0 1.0
19 67380 1347 1702 1 10 1 1.0
19 118358 1348 2561 1 1 1 1.0
19 66984 1349 1912 1 1 0 1.0
19 129005 1349 3122 1 10 0 1.0
19 168879 1350 3542 1 1 0 1.0
19 175032 1353 5220 1 1 1 1.0
19 116680 1354 3095 1 1 1 1.0
19 93129 1359 2541 1 1 1 1.0
19 98065 1364 2510 1 1 1 1.0
19 93508 1367 2640 1 50 1 1.0
19 63058 1367 1425 1 1 1 1.0
19 147990 1368 4432 1 1 1 1.0
19 130220 1371 3231 1 1 0 1.0
19 151376 1372 3295 1 1 1 1.0
19 173105 1373 4394 1 50 1 1.0
19 154212 1377 4374 1 1 0 1.0
19 88398 1380 2297 1 1 1 1.0
19 145383 1381 3762 1 10 1 1.0
19 126263 1383 2743 1 50 0 1.0
19 118628 1385 3055 1 10 0 1.0
19 113095 1392 3389 1 10 0 1.0
19 140116 1399 3445 1 1 0 1.0
19 123198 1400 3658 1 10 0 1.0
19 84117 1401 1819 1 1 0 1.0
19 98013 1417 2826 1 10 1 1.0
19 74139 1417 1829 1 50 0 1.0
19 101194 1421 2776 1 10 0 1.0
19 163788 1421 4075 1 1 1 1.0
19 152917 1423 3347 1 10 1 1.0
19 172720 1423 4742 1 1 0 1.0
19 100787 1424 2288 1 10 1 1.0
19 131430 1427 2849 1 50 1 1.0
19 151215 1430 3631 1 1 1 1.0
19 66845 1431 1508 1 1 1 1.0
19 128173 1432 2911 1 10 1 1.0
19 65301 1432 1523 1 1 1 1.0
19 165589 1439 4833 1 1 0 1.0
19 99752 1443 2727 1 1 1 1.0
19 126603 1444 2885 1 1 0 1.0
19 63952 1454 1481 1 1 0 1.0
19 80245 1458 1769 1 1 1 1.0
19 168672 1461 4730 1 1 1 1.0
19 111443 1462 2372 1 10 0 1.0
19 165967 1463 4300 1 1 1 1.0
19 130482 1463 3170 1 1 0 1.0
19 173402 1468 3987 1 1 0 1.0
19 65797 1471 1661 1 10 0 1.0
19 178791 1473 4622 1 1 0 1.0
19 109340 1477 2325 1 10 0 1.0
19 94230 1478 2070 1 1 0 1.0
19 169375 1480 4640 1 50 1 1.0
19 91332 1483 2131 1 50 0 1.0
19 152779 1485 3189 1 1 1 1.0
19 130758 1486 3131 1 50 1 1.0
19 112016 1487 3196 1 1 1 1.0
19 140151 1487 3566 1 1 1 1.0
19 101553 1493 2789 1 1 0 1.0
19 125477 1493 2731 1 10 1 1.0
19 72674 1495 2042 1 1 0 1.0
19 146640 1496 3937 1 1 0 1.0
19 172108 1503 4726 1 10 1 1.0
19 83814 1503 1861 1 10 1 1.0
19 146413 1503 3156 1 10 1 1.0
19 117485 1504 3193 1 50 0 1.0
19 66682 1505 1973 1 1 0 1.0
19 147903 1505 3014 1 10 1 1.0
19 174295 1506 3490 1 1 0 1.0
19 149180 1507 3939 1 1 1 1.0
19 106620 1509 2979 1 1 0 1.0
19 151690 1514 3052 1 10 1 1.0
19 71676 1515 2103 1 1 1 1.0
19 87719 1519 2582 1 1 0 1.0
19 65181 1521 1788 1 1 1 1.0
19 167217 1523 4161 1 10 0 1.0
19 71008 1524 1453 1 1 1 1.0
19 80137 1525 2048 1 1 0 1.0
19 178160 1526 3932 1 1 1 1.0
19 151247 1536 4155 1 10 0 1.0
19 143808 1537 4250 1 1 0 1.0
19 150797 1539 4129 1 1 1 1.0
19 61002 1539 1528 1 1 0 1.0
19 153812 1542 4367 1 1 1 1.0
19 162528 1547 4451 1 10 1 1.0
19 119103 1550 2887 1 1 0 1.0
19 120726 1551 3616 1 1 0 1.0
19 116747 1555 2999 1 10 1 1.0
19 61357 1556 1749 1 1 0 1.0
19 60948 1559 1668 1 1 0 1.0
19 156580 1560 3281 1 1 1 1.0
19 177283 1563 3922 1 1 1 1.0
19 68356 1564 1547 1 1 1 1.0
19 90426 1572 2479 1 10 1 1.0
19 65143 1572 1563 1 10 0 1.0
19 60372 1573 1529 1 10 0 1.0
19 138495 1574 4039 1 10 0 1.0
19 114190 1589 2944 1 50 0 1.0
19 159806 1592 3949 1 1 1 1.0
19 102514 1594 2191 1 10 1 1.0
19 127009 1595 2758 1 1 0 1.0
19 166547 1596 4651 1 1 0 1.0
19 155850 1597 4428 1 50 0 1.0
19 132125 1598 3923 1 1 1 1.0
19 118068 1598 3240 1 1 1 1.0
19 77977 1598 2038 1 1 1 1.0
19 93967 1601 2533 1 1 1 1.0
19 125930 1603 2805 1 1 1 1.0
19 162039 1604 4034 1 1 0 1.0
19 149856 1607 3072 1 10 0 1.0
19 85661 1612 1861 1 1 1 1.0
19 134530 1619 3149 1 1 0 1.0
19 79739 1619 2251 1 10 0 1.0
19 81543 1620 2098 1 10 0 1.0
19 179928 1621 4174 1 50 0 1.0
19 113810 1622 3019 1 1 0 1.0
19 119159 1623 2914 1 1 1 1.0
19 146690 1624 3755 1 1 1 1.0
19 71132 1631 1486 1 1 1 1.0
19 167507 1635 3649 1 1 1 1.0
19 75400 1637 2016 1 10 1 1.0
19 144816 1638 2920 1 10 1 1.0
19 83931 1638 1794 1 1 0 1.0
19 171935 1639 4550 1 1 1 1.0
19 87855 1643 2526 1 1 0 1.0
19 95534 1643 2316 1 10 0 1.0
19 178964 1644 3977 1 10 1 1.0
19 136697 1644 4034 1 10 0 1.0
19 165608 1644 4664 1 1 0 1.0
19 156777 1645 4103 1 1 1 1.0
19 97980 1647 2376 1 1 1 1.0
19 74190 1650 1760 1 1 0 1.0
19 151584 1652 4479 1 1 0 1.0
19 106118 1655 3137 1 50 0 1.0
19 118904 1673 2678 1 1 0 1.0
19 64011 1674 1688 1 1 1 1.0
19 131144 1682 2784 1 1 0 1.0
19 119669 1682 2402 1 1 0 1.0
19 93971 1683 2141 1 1 0 1.0
19 97882 1683 1988 1 1 0 1.0
19 178676 1684 5296 1 50 1 1.0
19 151686 1684 4355 1 10 0 1.0
19 79478 1686 1624 1 50 1 1.0
19 103778 1691 2344 1 1 0 1.0
19 73123 1694 1717 1 1 1 1.0
19 152973 1697 4378 1 10 1 1.0
19 127414 1700 3102 1 50 0 1.0
19 116958 1704 2544 1 50 0 1.0
19 93551 1706 2638 1 1 1 1.0
19 125970 1707 3251 1 10 0 1.0
19 167612 1708 3918 1 1 0 1.0
19 128364 1710 3598 1 50 0 1.0
19 84160 1711 1878 1 1 1 1.0
19 169550 1712 4863 1 10 1 1.0
19 177572 1714 3854 1 1 1 1.0
19 143529 1715 4057 1 1 1 1.0
19 169907 1720 3501 1 10 0 1.0
19 179857 1720 4311 1 10 1 1.0
19 83602 1720 2061 1 10 0 1.0
19 105833 1724 2408 1 1 0 1.0
19 134367 1725 3263 1 10 0 1.0
19 123160 1725 3407 1 1 1 1.0
19 156213 1729 4674 1 1 1 1.0
19 174416 1730 4613 1 10 0 1.0
19 157778 1731 3499 1 1 1 1.0
19 111205 1731 2629 1 10 0 1.0
19 138741 1735 3682 1 50 0 1.0
19 114440 1735 2857 1 1 0 1.0
19 148344 1741 3482 1 1 0 1.0
19 120473 1746 2785 1 1 1 1.0
19 164022 1747 4325 1 10 1 1.0
19 115792 1747 2767 1 1 1 1.0
19 136522 1747 3126 1 10 1 1.0
19 77683 1749 2237 1 1 0 1.0
19 165099 1759 3526 1 10 0 1.0
19 87897 1761 1841 1 10 0 1.0
19 128522 1762 3437 1 50 0 1.0
19 168725 1764 4736 1 1 1 1.0
19 108402 1767 2777 1 1 0 1.0
19 84706 1767 2169 1 10 0 1.0
19 115062 1768 3238 1 10 0 1.0
19 94382 1770 2458 1 1 0 1.0
19 123819 1771 2508 1 1 1 1.0
19 164646 1776 4711 1 1 1 1.0
19 124940 1777 3009 1 1 1 1.0
19 101646 1780 2533 1 1 0 1.0
19 98715 1781 2331 1 10 1 1.0
19 175783 1781 4831 1 1 0 1.0
19 90529 1782 2296 1 50 0 1.0
19 175559 1785 4258 1 10 1 1.0
19 104102 1790 2092 1 1 1 1.0
19 67226 1793 1768 1 1 1 1.0
19 88604 1794 1977 1 1 0 1.0
19 88843 1797 2065 1 10 1 1.0
19 153276 1800 3428 1 1 1 1.0
19 119411 1800 3516 1 10 1 1.0
19 175582 1802 5238 1 1 1 1.0
19 146238 1802 3587 1 10 0 1.0
19 111285 1805 2457 1 50 0 1.0
19 140381 1808 2950 1 1 1 1.0
19 117563 1809 2709 1 1 0 1.0
19 127574 1809 3327 1 10 1 1.0
19 141686 1812 3990 1 50 1 1.0
19 137924 1813 3055 1 1 0 1.0
19 162474 1816 3536 1 10 1 1.0
19 109899 1816 2732 1 10 0 1.0
19 84111 1821 2101 1 1 0 1.0
19 71108 1821 1463 1 10 1 1.0
19 77360 1822 2063 1 10 0 1.0
19 74416 1829 1659 1 1 1 1.0
19 83149 1838 1873 1 1 0 1.0
19 119928 1840 2748 1 1 0 1.0
19 159733 1844 4090 1 1 0 1.0
19 61526 1846 1723 1 1 1 1.0
19 164113 1847 4139 1 10 1 1.0
19 98071 1847 2075 1 10 0 1.0
19 164458 1848 4850 1 1 1 1.0
19 179262 1849 5161 1 50 1 1.0
19 132141 1851 3899 1 1 1 1.0
19 163972 1856 4688 1 50 0 1.0
19 133907 1859 3550 1 1 0 1.0
19 165636 1870 4892 1 10 0 1.0
19 114519 1884 2709 1 10 1 1.0
19 158145 1886 4144 1 50 0 1.0
19 119156 1889 3545 1 10 0 1.0
19 150130 1893 3510 1 10 0 1.0
19 120994 1896 2599 1 1 0 1.0
19 144845 1896 4031 1 1 0 1.0
19 167561 1902 4509 1 1 0 1.0
19 62892 1904 1467 1 1 0 1.0
19 171376 1913 4551 1 50 1 1.0
19 77162 1914 1674 1 1 1 1.0
19 109470 1917 2709 1 1 0 1.0
19 87194 1918 2240 1 1 0 1.0
19 70880 1920 1674 1 10 1 1.0
19 125936 1921 2693 1 1 0 1.0
19 140971 1929 4090 1 1 1 1.0
19 166367 1930 3714 1 1 1 1.0
19 89476 1930 2064 1 1 0 1.0
19 156162 1932 3715 1 50 0 1.0
19 168394 1932 4147 1 10 1 1.0
19 91098 1934 2189 1 1 1 1.0
19 92449 1941 2328 1 1 0 1.0
19 135168 1944 3549 1 50 0 1.0
19 90919 1945 1937 1 10 1 1.0
19 112877 1950 2523 1 1 1 1.0
19 110029 1955 2825 1 10 1 1.0
19 73912 1955 2099 1 10 1 1.0
19 81675 1957 2125 1 1 1 1.0
19 118088 1959 2623 1 1 1 1.0
19 130449 1959 2924 1 1 1 1.0
19 89991 1961 2020 1 50 1 1.0
19 82412 1969 2096 1 1 0 1.0
19 157180 1969 4032 1 1 0 1.0
19 144013 1970 4176 1 10 0 1.0
19 120135 1971 3451 1 10 1 1.0
19 95357 1976 2694 1 10 0 1.0
19 91485 1981 2114 1 1 1 1.0
19 175622 1982 3967 1 10 0 1.0
19 69673 1987 1721 1 10 1 1.0
19 77925 1987 2015 1 1 0 1.0
19 122790 1988 3198 1 1 0 1.0
19 66444 1990 1875 1 1 1 1.0
19 89170 1996 1888 1 1 1 1.0
19 147694 2000 4305 1 1 0 1.0
19 66390 2002 1873 1 10 0 1.0
19 154042 2004 3853 1 1 1 1.0
19 168326 2004 3475 1 1 0 1.0
19 110264 2005 2921 1 1 1 1.0
19 115486 2007 2722 1 1 0 1.0
19 176137 2009 5085 1 1 1 1.0
19 175545 2012 3522 1 1 1 1.0
19 150684 2012 3704 1 50 1 1.0
19 99552 2016 2459 1 1 0 1.0
19 127931 2017 3492 1 10 1 1.0
19 134981 2017 2726 1 10 1 1.0
19 119192 2021 2492 1 10 0 1.0
19 107014 2022 3182 1 10 0 1.0
19 116992 2025 3107 1 10 0 1.0
19 139912 2027 3414 1 10 1 1.0
19 90996 2032 2131 1 1 1 1.0
19 114724 2033 3054 1 1 1 1.0
19 170395 2034 3456 1 1 0 1.0
19 78597 2039 2147 1 1 0 1.0
19 125629 2042 2722 1 10 1 1.0
19 127539 2043 3570 1 1 0 1.0
19 161135 2044 3897 1 10 0 1.0
19 153276 2044 4145 1 1 0 1.0
19 177802 2045 4019 1 10 1 1.0
19 138789 2046 4115 1 1 1 1.0
19 89236 2048 2007 1 1 1 1.0
19 75953 2049 2120 1 10 1 1.0
19 168974 2051 4425 1 10 1 1.0
19 61719 2052 1665 1 10 0 1.0
19 67045 2053 1865 1 10 0 1.0
19 133966 2053 3838 1 10 1 1.0
19 167215 2056 3749 1 10 1 1.0
19 81877 2060 2055 1 1 0 1.0
19 147418 2064 3720 1 1 1 1.0
19 161437 2067 3741 1 10 0 1.0
19 85592 2072 2451 1 10 0 1.0
19 88528 2074 2110 1 1 0 1.0
19 154963 2084 3349 1 1 1 1.0
19 80795 2086 1770 1 50 0 1.0
19 75523 2088 1665 1 1 1 1.0
19 156058 2088 3721 1 1 0 1.0
19 151839 2090 3846 1 10 1 1.0
19 178604 2090 4376 1 1 0 1.0
19 98588 2096 2371 1 10 0 1.0
19 75327 2099 2094 1 1 0 1.0
19 175115 2101 4294 1 50 0 1.0
19 108393 2103 2972 1 50 1 1.0
19 130867 2106 3599 1 10 0 1.0
19 94665 2107 1908 1 1 0 1.0
19 127609 2109 3147 1 1 1 1.0
19 73078 2111 1614 1 10 1 1.0
19 143533 2116 3743 1 10 1 1.0
19 151874 2116 3509 1 1 0 1.0
19 85969 2117 2167 1 1 0 1.0
19 141649 2120 3175 1 1 0 1.0
19 87404 2121 2567 1 10 0 1.0
19 74218 2122 1968 1 1 0 1.0
19 141959 2125 3579 1 1 1 1.0
19 103093 2126 2758 1 1 0 1.0
19 63910 2129 1527 1 1 1 1.0
19 82471 2130 2227 1 1 1 1.0
19 175578 2134 4344 1 1 1 1.0
19 138772 2135 3618 1 1 1 1.0
19 117580 2136 3145 1 50 1 1.0
19 158300 2142 3192 1 10 0 1.0
19 128998 2145 2684 1 1 0 1.0
19 138608 2148 3408 1 1 1 1.0
19 117592 2148 2506 1 1 1 1.0
19 114477 2149 2920 1 1 0 1.0
19 153882 2149 4019 1 1 1 1.0
19 82716 2149 1710 1 1 0 1.0
19 147081 2156 3320 1 50 1 1.0
19 77908 2159 1984 1 1 0 1.0
19 141376 2161 3827 1 1 0 1.0
19 113320 2166 2456 1 1 1 1.0
19 176877 2170 4285 1 1 0 1.0
19 165159 2170 3671 1 1 0 1.0
19 168475 2171 3703 1 10 0 1.0
19 82140 2177 2345 1 10 0 1.0
19 141739 2180 3790 1 50 0 1.0
19 81047 2184 2260 1 10 0 1.0
19 66642 2191 1700 1 50 0 1.0
19 144279 2192 3461 1 1 0 1.0
19 93936 2194 2379 1 50 1 1.0
19 105054 2196 2443 1 1 0 1.0
19 106932 2197 2601 1 1 1 1.0
19 149179 2198 4055 1 1 1 1.0
19 148518 2201 3133 1 1 1 1.0
19 62203 2203 1367 1 1 0 1.0
19 138123 2203 3222 1 1 0 1.0
19 121176 2210 3347 1 1 0 1.0
19 102683 2213 2659 1 1 1 1.0
19 104742 2213 2844 1 1 1 1.0
19 75144 2216 2219 1 10 0 1.0
19 174553 2216 5012 1 1 1 1.0
19 87283 2218 2328 1 1 0 1.0
19 151434 2219 4540 1 10 0 1.0
19 157245 2222 3764 1 10 1 1.0
19 80730 2223 2199 1 1 1 1.0
19 132666 2229 2970 1 1 0 1.0
19 93019 2231 2365 1 10 0 1.0
19 167866 2235 4975 1 1 1 1.0
19 83407 2237 2244 1 1 0 1.0
19 100024 2238 2028 1 1 1 1.0
19 151752 2242 3837 1 1 1 1.0
19 161021 2246 3872 1 10 0 1.0
19 155009 2248 3609 1 10 1 1.0
19 62887 2251 1576 1 1 1 1.0
19 161756 2251 4069 1 1 0 1.0
19 66960 2253 1875 1 50 1 1.0
19 168896 2255 4218 1 1 1 1.0
19 96300 2268 2258 1 10 0 1.0
19 148224 2275 4219 1 10 0 1.0
19 169619 2277 4373 1 10 0 1.0
19 62230 2279 1575 1 50 1 1.0
19 144423 2291 3690 1 10 0 1.0
19 153737 2294 4043 1 1 1 1.0
19 77405 2296 2043 1 10 0 1.0
19 159553 2298 4343 1 1 0 1.0
19 140090 2300 3540 1 10 0 1.0
19 171496 2304 3967 1 1 0 1.0
19 126843 2305 2707 1 1 0 1.0
19 73245 2306 1791 1 10 0 1.0
19 104014 2312 2594 1 1 0 1.0
19 138370 2312 3015 1 1 1 1.0
19 159186 2313 4760 1 1 1 1.0
19 74648 2313 1521 1 1 0 1.0
19 69427 2313 1638 1 1 0 1.0
19 73900 2314 2138 1 10 0 1.0
19 112534 2316 2462 1 1 1 1.0
19 140594 2321 3563 1 1 1 1.0
19 102049 2321 2548 1 1 0 1.0
19 178857 2322 3869 1 1 0 1.0
19 138882 2325 3336 1 1 1 1.0
19 80241 2327 2213 1 10 0 1.0
19 120685 2332 3073 1 1 0 1.0
19 138199 2333 3316 1 10 1 1.0
19 146211 2338 3878 1 10 1 1.0
19 143385 2341 4243 1 50 1 1.0
19 127107 2347 3361 1 10 1 1.0
19 90464 2349 2579 1 10 0 1.0
19 83352 2349 1846 1 1 0 1.0
19 116131 2349 2843 1 1 0 1.0
19 168190 2353 4870 1 1 0 1.0
19 86209 2354 2423 1 1 0 1.0
19 79580 2355 2340 1 1 1 1.0
19 99026 2357 2547 1 1 1 1.0
19 121057 2358 3378 1 1 1 1.0
19 96082 2363 2618 1 1 1 1.0
19 150007 2370 4315 1 1 0 1.0
19 179541 2384 4228 1 10 0 1.0
19 179182 2385 3950 1 1 1 1.0
19 168999 2386 4812 1 10 1 1.0
19 133561 2386 3320 1 1 1 1.0
19 88777 2392 2653 1 10 1 1.0
19 125278 2396 2987 1 50 0 1.0
19 120917 2398 2764 1 1 0 1.0
19 124700 2399 3651 1 1 1 1.0
19 99724 2400 2811 1 1 0 1.0
19 68075 2405 1873 1 1 0 1.0
19 147912 2410 3091 1 1 1 1.0
19 127804 2410 3414 1 1 1 1.0
19 143433 2414 3084 1 1 0 1.0
19 69268 2414 1969 1 1 0 1.0
19 121467 2414 3121 1 10 1 1.0
19 110378 2418 3204 1 1 0 1.0
19 69554 2420 1626 1 1 0 1.0
19 121565 2424 3055 1 1 0 1.0
19 115100 2425 2765 1 10 0 1.0
19 143902 2429 3511 1 1 0 1.0
19 161497 2435 4154 1 50 1 1.0
19 178614 2436 3767 1 10 0 1.0
19 95874 2440 2451 1 1 0 1.0
19 84639 2442 1784 1 1 1 1.0
19 154127 2446 3308 1 1 0 1.0
19 133605 2457 2882 1 10 1 1.0
19 143196 2462 3184 1 10 0 1.0
19 139406 2462 3928 1 10 0 1.0
19 99947 2464 2306 1 10 0 1.0
19 124053 2467 3201 1 50 1 1.0
19 127077 2468 3166 1 10 1 1.0
19 80273 2470 2146 1 1 0 1.0
19 88286 2471 2549 1 1 0 1.0
19 149875 2475 3692 1 1 1 1.0
19 83446 2477 1833 1 1 0 1.0
19 128925 2480 2768 1 50 0 1.0
19 165087 2485 4567 1 1 0 1.0
19 170089 2491 4080 1 1 0 1.0
19 121461 2493 2675 1 10 0 1.0
19 86508 2494 2347 1 1 1 1.0
19 69100 2495 2024 1 10 1 1.0
19 126654 2496 3290 1 1 0 1.0
19 141547 2501 3413 1 10 1 1.0
19 147487 2506 3937 1 50 0 1.0
19 143591 2508 3233 1 1 0 1.0
19 142728 2508 3780 1 1 1 1.0
19 92335 2510 2712 1 1 0 1.0
19 87508 2512 2415 1 1 0 1.0
19 143387 2513 3048 1 10 0 1.0
19 101655 2516 2221 1 50 1 1.0
19 92749 2517 2576 1 1 1 1.0
19 138355 2521 3147 1 10 1 1.0
19 69321 2525 1524 1 1 0 1.0
19 108582 2527 3164 1 1 0 1.0
19 99067 2529 2403 1 50 1 1.0
19 113053 2533 2301 1 1 1 1.0
19 66543 2535 1503 1 50 1 1.0
19 92139 2537 2471 1 10 0 1.0
19 179497 2541 4243 1 1 0 1.0
19 73145 2544 2013 1 10 0 1.0
19 159164 2547 3213 1 10 0 1.0
19 77567 2551 2102 1 1 1 1.0
19 125035 2551 3307 1 1 0 1.0
19 133964 2551 3358 1 1 0 1.0
19 67263 2555 1511 1 10 1 1.0
19 98166 2555 2877 1 10 0 1.0
19 77329 2556 1935 1 1 1 1.0
19 78609 2557 1599 1 10 0 1.0
19 88219 2566 2471 1 10 1 1.0
19 83095 2567 1696 1 50 1 1.0
19 166774 2569 3665 1 1 0 1.0
19 120482 2572 2760 1 50 0 1.0
19 94912 2575 2180 1 1 0 1.0
19 127435 2578 3668 1 1 1 1.0
19 169917 2581 4002 1 1 1 1.0
19 153294 2588 3135 1 1 0 1.0
19 87823 2590 2568 1 10 0 1.0
19 148005 2590 4045 1 1 1 1.0
19 123227 2592 2467 1 1 0 1.0
19 167643 2592 4166 1 1 0 1.0
19 114280 2593 3083 1 1 0 1.0
19 79173 2594 2353 1 1 0 1.0
19 151454 2594 4004 1 1 0 1.0
19 128032 2599 2736 1 10 0 1.0
19 101826 2601 2801 1 10 1 1.0
19 81672 2603 2438 1 1 0 1.0
19 140398 2603 3559 1 1 0 1.0
19 100881 2604 2086 1 10 0 1.0
19 162710 2605 3349 1 10 0 1.0
19 95417 2606 2134 1 10 0 1.0
19 116983 2607 3217 1 10 1 1.0
19 153706 2611 3709 1 1 1 1.0
19 69671 2616 1546 1 1 0 1.0
19 165939 2617 4524 1 1 0 1.0
19 143609 2618 4131 1 10 0 1.0
19 167645 2620 4519 1 10 1 1.0
19 169509 2622 5031 1 1 1 1.0
19 165727 2622 4877 1 1 0 1.0
19 70907 2623 2124 1 1 1 1.0
19 174356 2623 3960 1 1 0 1.0
19 156353 2625 4129 1 50 0 1.0
19 129386 2625 2887 1 10 1 1.0
19 140144 2627 3525 1 10 0 1.0
19 150570 2632 4340 1 1 1 1.0
19 145062 2638 3705 1 10 1 1.0
19 74046 2643 1645 1 10 0 1.0
19 123597 2644 2844 1 1 1 1.0
19 112881 2648 2988 1 1 1 1.0
19 140363 2649 4084 1 1 1 1.0
19 88782 2652 2560 1 1 1 1.0
19 138334 2656 3642 1 1 1 1.0
19 68939 2656 1701 1 50 0 1.0
19 176217 2658 3678 1 10 1 1.0
19 160408 2659 3888 1 10 0 1.0
19 115766 2659 3216 1 10 0 1.0
19 60137 2660 1301 1 1 0 1.0
19 111007 2661 2854 1 1 0 1.0
19 167445 2661 4966 1 1 1 1.0
19 69558 2663 2024 1 1 1 1.0
19 75557 2668 2210 1 1 1 1.0
19 119161 2673 3264 1 1 0 1.0
19 156663 2682 3268 1 10 1 1.0
19 64595 2682 1801 1 1 1 1.0
19 171719 2687 4186 1 1 1 1.0
19 127541 2687 2767 1 50 0 1.0
19 101993 2688 2141 1 10 1 1.0
19 166391 2689 4071 1 10 1 1.0
19 71637 2693 1576 1 1 0 1.0
19 179630 2694 4955 1 1 0 1.0
19 179270 2695 3804 1 1 0 1.0
19 119721 2700 2878 1 1 0 1.0
19 63316 2700 1844 1 1 1 1.0
19 154899 2700 4468 1 50 0 1.0
19 137088 2700 3798 1 10 1 1.0
19 163571 2704 4387 1 1 1 1.0
19 93690 2709 2723 1 1 1 1.0
19 141753 2710 3504 1 1 0 1.0
19 146069 2714 3766 1 1 1 1.0
19 166132 2719 3424 1 1 1 1.0
19 122223 2721 2775 1 10 1 1.0
19 73556 2722 1657 1 1 0 1.0
19 104807 2723 2284 1 1 1 1.0
19 156421 2723 3170 1 1 1 1.0
19 160869 2723 3846 1 10 1 1.0
19 120398 2727 3578 1 1 0 1.0
19 92413 2728 2032 1 10 0 1.0
19 83273 2728 2222 1 1 0 1.0
19 179888 2731 4977 1 10 1 1.0
19 138909 2731 3033 1 10 1 1.0
19 86610 2736 2374 1 1 1 1.0
19 117825 2736 2544 1 10 0 1.0
19 169150 2742 3552 1 1 1 1.0
19 145415 2742 3998 1 1 0 1.0
19 110766 2746 2711 1 1 0 1.0
19 99318 2746 2730 1 1 0 1.0
19 84398 2748 2452 1 10 1 1.0
19 118905 2750 3474 1 10 1 1.0
19 75246 2755 1885 1 50 1 1.0
19 98758 2757 2955 1 50 0 1.0
19 174488 2758 4276 1 1 0 1.0
19 106276 2758 2250 1 1 0 1.0
19 91728 2759 2647 1 1 0 1.0
19 66561 2760 1933 1 1 1 1.0
19 169628 2761 3456 1 1 1 1.0
19 163371 2762 4176 1 1 0 1.0
19 113260 2766 2424 1 1 1 1.0
19 163660 2770 4030 1 1 0 1.0
19 101114 2773 2092 1 10 0 1.0
19 117739 2773 2592 1 1 0 1.0
19 84057 2775 2204 1 1 1 1.0
19 113847 2778 2887 1 1 0 1.0
19 131449 2785 3574 1 10 1 1.0
19 70851 2787 1744 1 10 1 1.0
19 86602 2789 1808 1 1 0 1.0
19 99604 2791 2031 1 1 1 1.0
19 92859 2793 2358 1 1 1 1.0
19 89504 2794 2487 1 1 0 1.0
19 172504 2795 3680 1 1 0 1.0
19 144584 2795 3580 1 10 1 1.0
19 163648 2795 3434 1 10 1 1.0
19 136304 2796 3359 1 10 0 1.0
19 138639 2803 3150 1 1 1 1.0
19 176859 2804 4666 1 1 0 1.0
19 73737 2810 2137 1 1 1 1.0
19 125675 2811 3531 1 1 1 1.0
19 109286 2815 3003 1 1 0 1.0
19 164136 2816 4387 1 1 0 1.0
19 151672 2817 3695 1 10 0 1.0
19 135509 2818 3401 1 1 0 1.0
19 161027 2822 3982 1 1 1 1.0
19 160236 2824 4026 1 10 1 1.0
19 107637 2824 3136 1 1 1 1.0
19 134405 2825 2974 1 1 0 1.0
19 125239 2828 3424 1 10 1 1.0
19 151893 2829 3549 1 1 0 1.0
19 109427 2831 2540 1 1 0 1.0
19 105704 2832 2511 1 1 0 1.0
19 174250 2834 4022 1 10 1 1.0
19 128636 2838 2580 1 50 1 1.0
19 132190 2838 3112 1 1 1 1.0
19 143868 2838 4201 1 10 0 1.0
19 154717 2840 4350 1 1 1 1.0
19 139472 2841 3919 1 1 0 1.0
19 120781 2845 2715 1 1 0 1.0
19 126059 2846 2693 1 10 0 1.0
19 69530 2846 1890 1 50 1 1.0
19 101120 2854 2429 1 1 0 1.0
19 159656 2854 3984 1 50 1 1.0
19 125060 2855 3498 1 1 1 1.0
19 118450 2855 3045 1 1 0 1.0
19 175966 2858 4273 1 1 0 1.0
19 177729 2858 5046 1 10 0 1.0
19 146065 2860 3577 1 50 0 1.0
19 100638 2862 2388 1 1 1 1.0
19 123915 2863 3617 1 1 0 1.0
19 151962 2870 3220 1 1 1 1.0
19 72841 2870 2127 1 1 0 1.0
19 149969 2878 4122 1 1 1 1.0
19 119479 2879 3198 1 10 0 1.0
19 179186 2881 4253 1 1 1 1.0
19 152790 2881 3361 1 10 0 1.0
19 142823 2885 3315 1 1 1 1.0
19 170463 2886 3439 1 1 0 1.0
19 87046 2890 2097 1 10 1 1.0
19 111329 2895 3172 1 1 0 1.0
19 172453 2895 4554 1 10 0 1.0
19 163724 2900 3836 1 1 0 1.0
19 138124 2902 3452 1 1 0 1.0
19 157959 2902 3913 1 1 0 1.0
19 104512 2908 2109 1 1 0 1.0
19 127466 2909 3542 1 10 0 1.0
19 163205 2909 3522 1 10 1 1.0
19 148869 2909 3080 1 1 0 1.0
19 102892 2914 2566 1 1 1 1.0
19 129534 2917 2673 1 10 0 1.0
19 134903 2917 3528 1 1 0 1.0
19 150233 2921 3887 1 50 0 1.0
19 86715 2925 1743 1 1 0 1.0
19 166825 2926 4142 1 10 0 1.0
19 89223 2928 2049 1 10 0 1.0
19 96967 2929 2217 1 1 1 1.0
19 74557 2931 1857 1 1 1 1.0
19 177502 2939 4363 1 1 0 1.0
19 156045 2940 3859 1 1 1 1.0
19 121717 2942 3202 1 10 0 1.0
19 165262 2942 3726 1 10 0 1.0
19 129504 2943 3082 1 10 1 1.0
19 148358 2952 4147 1 1 1 1.0
19 178118 2952 5246 1 10 1 1.0
19 68534 2954 1387 1 10 0 1.0
19 126847 2954 2795 1 1 1 1.0
19 91931 2956 2065 1 1 1 1.0
19 170839 2959 4346 1 1 0 1.0
19 84264 2960 2476 1 50 0 1.0
19 172835 2964 4675 1 10 1 1.0
19 144134 2965 4316 1 50 1 1.0
19 159179 2967 3668 1 1 1 1.0
19 175143 2967 3521 1 10 0 1.0
19 63454 2969 1889 1 1 0 1.0
19 139883 2969 4189 1 50 0 1.0
19 90128 2970 2334 1 1 0 1.0
19 91480 2970 2307 1 1 0 1.0
19 156178 2974 4304 1 10 0 1.0
19 159303 2975 4142 1 50 0 1.0
19 159478 2983 3753 1 10 0 1.0
19 102028 2984 2479 1 1 0 1.0
19 122926 2988 2968 1 10 0 1.0
19 66685 2989 1706 1 1 1 1.0
19 145548 2990 3370 1 1 0 1.0
19 164635 2991 4683 1 10 1 1.0
19 92831 2991 2758 1 1 0 1.0
19 171155 2993 5072 1 10 1 1.0
19 157216 2994 4048 1 10 1 1.0
19 119595 2996 2769 1 50 1 1.0
19 161403 2998 3927 1 1 1 1.0
19 146592 3001 3758 1 10 1 1.0
19 143205 3002 4235 1 50 0 1.0
19 155416 3004 4044 1 1 0 1.0
19 169172 3010 3945 1 1 0 1.0
19 138240 3014 3031 1 1 1 1.0
19 90252 3015 1976 1 1 1 1.0
19 88440 3016 2099 1 1 1 1.0
19 101334 3016 2284 1 1 1 1.0
19 171704 3018 3584 1 1 1 1.0
19 173575 3021 4444 1 1 1 1.0
19 130652 3022 3330 1 1 1 1.0
19 100289 3024 2113 1 1 0 1.0
19 108444 3030 2563 1 10 0 1.0
19 84727 3031 2150 1 1 0 1.0
19 69236 3032 1759 1 10 0 1.0
19 91752 3034 1967 1 1 1 1.0
19 175828 3036 3528 1 10 1 1.0
19 72177 3040 1915 1 1 0 1.0
19 120635 3041 3264 1 50 1 1.0
19 168954 3043 4370 1 1 0 1.0
19 97380 3044 2464 1 1 1 1.0
19 167843 3046 4042 1 1 0 1.0
19 76168 3059 2067 1 1 0 1.0
19 150136 3059 4441 1 50 0 1.0
19 140795 3061 3202 1 1 1 1.0
19 167099 3063 4545 1 1 0 1.0
19 126883 3063 3297 1 1 1 1.0
19 113526 3067 3152 1 1 0 1.0
19 158600 3069 4013 1 50 1 1.0
19 86620 3069 2088 1 50 0 1.0
19 175841 3071 4785 1 1 1 1.0
19 132970 3072 2927 1 50 1 1.0
19 103235 3075 2897 1 10 1 1.0
19 75874 3078 1584 1 1 1 1.0
19 112995 3079 3258 1 1 0 1.0
19 170449 3083 4493 1 1 0 1.0
19 115133 3086 3097 1 50 0 1.0
19 159215 3090 3704 1 1 0 1.0
19 60767 3092 1578 1 1 1 1.0
19 68658 3098 1719 1 1 1 1.0
19 75896 3101 1583 1 50 1 1.0
19 146729 3101 3775 1 50 1 1.0
19 88968 3101 2647 1 1 0 1.0
19 142403 3104 3983 1 50 0 1.0
19 119561 3106 3219 1 1 0 1.0
19 137393 3110 3688 1 1 0 1.0
19 164825 3114 3417 1 1 0 1.0
19 78747 3116 2068 1 10 1 1.0
19 142466 3119 3750 1 1 0 1.0
19 137693 3122 3240 1 1 1 1.0
19 87853 3123 1843 1 1 1 1.0
19 115087 3124 2765 1 10 0 1.0
19 115298 3133 2604 1 1 1 1.0
19 120469 3141 2806 1 1 0 1.0
19 107095 3146 2378 1 1 1 1.0
19 176225 3148 4731 1 1 0 1.0
19 161306 3149 4025 1 1 0 1.0
19 141415 3150 3938 1 1 0 1.0
19 87439 3151 2329 1 50 1 1.0
19 94771 3151 2279 1 1 1 1.0
19 119994 3152 2436 1 1 1 1.0
19 141166 3153 3532 1 1 0 1.0
19 106636 3158 2177 1 1 1 1.0
19 72519 3158 1460 1 1 0 1.0
19 157815 3161 4257 1 1 1 1.0
19 161283 3162 3839 1 10 1 1.0
19 96442 3162 2347 1 1 1 1.0
19 83516 3162 2346 1 1 1 1.0
19 94442 3164 2569 1 1 0 1.0
19 76355 3166 1593 1 10 1 1.0
19 132513 3170 3528 1 1 0 1.0
19 101758 3171 3011 1 10 0 1.0
19 118342 3178 2571 1 1 0 1.0
19 85279 3183 2490 1 1 0 1.0
19 88282 3187 1819 1 1 0 1.0
19 136394 3188 3707 1 10 1 1.0
19 125107 3189 2659 1 50 1 1.0
19 101323 3192 2113 1 10 0 1.0
19 74137 3193 1866 1 50 1 1.0
19 173738 3196 4545 1 1 0 1.0
19 114289 3198 2461 1 1 1 1.0
19 99802 3203 2366 1 1 0 1.0
19 125727 3203 2809 1 1 0 1.0
19 91176 3203 2213 1 50 0 1.0
19 133134 3204 3597 1 10 0 1.0
19 140717 3205 3514 1 10 0 1.0
19 107899 3212 2627 1 1 0 1.0
19 119956 3212 3135 1 1 1 1.0
19 146087 3214 3197 1 1 1 1.0
19 116582 3215 3026 1 1 0 1.0
19 106187 3216 2831 1 10 1 1.0
19 68967 3225 1675 1 10 0 1.0
19 126087 3228 2654 1 50 1 1.0
19 149489 3235 4135 1 1 0 1.0
19 130021 3238 2833 1 1 1 1.0
19 134819 3240 2879 1 50 1 1.0
19 151593 3241 3219 1 50 1 1.0
19 107386 3242 2345 1 1 0 1.0
19 70515 3244 1983 1 1 1 1.0
19 120760 3248 3619 1 10 0 1.0
19 103350 3250 2141 1 1 1 1.0
19 110601 3250 2648 1 50 1 1.0
19 166449 3251 3541 1 1 0 1.0
19 87053 3252 2338 1 1 1 1.0
19 156715 3260 4519 1 10 1 1.0
19 152844 3265 3458 1 10 1 1.0
19 105309 3268 3004 1 10 0 1.0
19 116555 3268 2659 1 1 0 1.0
19 109252 3268 2867 1 1 0 1.0
19 145610 3269 3704 1 1 1 1.0
19 154681 3273 3507 1 50 0 1.0
19 99795 3275 2642 1 10 0 1.0
19 125340 3278 3741 1 1 0 1.0
19 66201 3281 1518 1 1 0 1.0
19 99518 3289 2105 1 1 0 1.0
19 130331 3295 3264 1 1 0 1.0
19 158954 3296 3638 1 10 1 1.0
19 117477 3305 3023 1 10 1 1.0
19 88688 3309 2067 1 10 1 1.0
19 124487 3311 3472 1 1 0 1.0
19 157609 3313 4101 1 10 0 1.0
19 142781 3313 3395 1 10 0 1.0
19 158614 3313 4030 1 10 1 1.0
19 139148 3315 3250 1 1 0 1.0
19 133596 3319 2877 1 10 0 1.0
19 139339 3320 3835 1 1 1 1.0
19 74687 3324 2234 1 1 1 1.0
19 87653 3325 2116 1 10 1 1.0
19 179695 3328 3774 1 10 1 1.0
19 163454 3328 4349 1 1 0 1.0
19 105708 3329 2215 1 1 1 1.0
19 136689 3332 3415 1 10 0 1.0
19 69287 3334 1509 1 10 1 1.0
19 169874 3335 3991 1 1 1 1.0
19 63409 3335 1642 1 10 1 1.0
19 113509 3336 2309 1 10 1 1.0
19 119941 3336 2415 1 10 0 1.0
19 132204 3338 2748 1 1 0 1.0
19 109095 3340 3253 1 1 1 1.0
19 130168 3342 2826 1 10 0 1.0
19 104000 3351 3017 1 10 0 1.0
19 63677 3352 1622 1 10 0 1.0
19 107773 3355 2379 1 1 1 1.0
19 139169 3357 3470 1 10 1 1.0
19 117825 3358 3515 1 1 0 1.0
19 62380 3358 1282 1 1 0 1.0
19 157953 3360 4079 1 1 1 1.0
19 132127 3361 3046 1 1 0 1.0
19 61025 3362 1715 1 10 0 1.0
19 115124 3362 3259 1 1 1 1.0
19 163386 3368 4269 1 1 0 1.0
19 141138 3369 2985 1 1 1 1.0
19 85521 3369 2102 1 1 0 1.0
19 160048 3374 3310 1 1 0 1.0
19 104686 3378 2786 1 1 1 1.0
19 89097 3379 2108 1 1 0 1.0
19 175303 3379 5159 1 1 1 1.0
19 172221 3380 4399 1 50 1 1.0
19 91504 3381 2431 1 1 1 1.0
19 78385 3382 1726 1 50 1 1.0
19 149959 3387 3241 1 1 0 1.0
19 139530 3388 3835 1 10 0 1.0
19 164614 3390 3714 1 1 1 1.0
19 101044 3392 2779 1 1 0 1.0
19 90505 3395 2396 1 1 1 1.0
19 93490 3400 2470 1 1 1 1.0
19 164949 3402 4252 1 1 0 1.0
19 72661 3404 1651 1 50 0 1.0
19 163326 3404 4250 1 1 0 1.0
19 112569 3405 3107 1 50 1 1.0
19 162056 3416 4198 1 1 0 1.0
19 96330 3417 2708 1 10 0 1.0
19 128078 3419 2745 1 1 1 1.0
19 127840 3420 2793 1 10 0 1.0
19 81919 3421 2286 1 1 1 1.0
19 163290 3423 4562 1 1 1 1.0
19 88837 3426 2323 1 1 0 1.0
19 137533 3428 3482 1 1 1 1.0
19 114488 3430 3237 1 10 0 1.0
19 127545 3433 2847 1 1 0 1.0
19 96695 3435 2751 1 1 0 1.0
19 167239 3437 4334 1 10 1 1.0
19 154006 3444 3566 1 50 0 1.0
19 112442 3447 2931 1 50 1 1.0
19 173418 3448 3708 1 1 1 1.0
19 101172 3449 2077 1 1 0 1.0
19 112208 3454 2710 1 10 1 1.0
19 122407 3455 2753 1 1 1 1.0
19 163194 3461 4044 1 1 0 1.0
19 65655 3462 1461 1 1 1 1.0
19 160963 3471 3235 1 1 1 1.0
19 87637 3473 2370 1 1 0 1.0
19 65627 3475 1861 1 10 0 1.0
19 70488 3476 1970 1 1 0 1.0
19 155338 3476 4524 1 1 1 1.0
19 103266 3482 2744 1 10 1 1.0
19 142471 3483 3776 1 1 0 1.0
19 73950 3485 2008 1 10 1 1.0
19 79759 3486 2388 1 10 0 1.0
19 94807 3486 2519 1 1 0 1.0
19 172947 3487 3620 1 1 0 1.0
19 109576 3490 2669 1 10 0 1.0
19 100271 3494 2599 1 1 0 1.0
19 90297 3495 2171 1 1 1 1.0
19 64561 3496 1913 1 10 1 1.0
19 94622 3503 2323 1 1 1 1.0
19 95632 3510 2777 1 1 1 1.0
19 92368 3512 2577 1 1 1 1.0
19 134236 3512 3217 1 10 1 1.0
19 163275 3516 4363 1 1 0 1.0
19 173288 3517 3841 1 1 1 1.0
19 97442 3522 2547 1 10 1 1.0
19 178639 3525 3757 1 10 1 1.0
19 68665 3528 1896 1 1 1 1.0
19 67800 3530 1549 1 1 1 1.0
19 61933 3530 1339 1 1 0 1.0
19 170980 3534 5024 1 1 1 1.0
19 170815 3538 4662 1 1 1 1.0
19 77208 3540 1596 1 10 1 1.0
19 61953 3541 1623 1 1 1 1.0
19 75882 3541 2104 1 1 1 1.0
19 91667 3544 2608 1 50 1 1.0
19 61516 3544 1455 1 1 0 1.0
19 88233 3546 2482 1 50 1 1.0
19 171763 3549 3945 1 1 1 1.0
19 106605 3550 2595 1 1 0 1.0
19 127718 3554 2760 1 10 0 1.0
19 89916 3554 1969 1 10 0 1.0
19 154742 3564 3699 1 1 0 1.0
19 122924 3567 3075 1 10 0 1.0
19 173305 3574 4660 1 1 1 1.0
19 111159 3575 2759 1 1 0 1.0
19 60010 3583 1574 1 10 1 1.0
19 155115 3583 4207 1 1 1 1.0
19 140382 3584 3298 1 1 1 1.0
19 60593 3584 1306 1 10 1 1.0
19 86463 3584 1794 1 50 0 1.0
19 69204 3590 2035 1 1 0 1.0
19 137335 3590 3229 1 1 0 1.0
19 88606 3595 2238 1 10 1 1.0
