1500
2 128813 4 3298 1 1 0 1.0
2 179247 6 4935 1 1 1 1.0
2 80143 10 2053 1 1 1 1.0
2 137337 12 3444 1 10 0 1.0
2 112001 15 2890 1 1 0 1.0
2 134968 24 3484 1 1 0 1.0
2 166797 28 4731 1 10 1 1.0
2 172983 32 3606 1 50 1 1.0
2 72063 36 2106 1 1 1 1.0
2 126742 43 2813 1 1 0 1.0
2 128373 43 3091 1 50 0 1.0
2 113620 46 2966 1 1 0 1.0
2 62020 48 1292 1 1 0 1.0
2 128088 50 2880 1 1 0 1.0
2 174217 51 4843 1 1 0 1.0
2 96658 52 2060 1 10 0 1.0
2 134359 53 3086 1 1 1 1.0
2 121135 54 2655 1 10 1 1.0
2 148927 56 3891 1 50 0 1.0
2 176768 60 5064 1 50 1 1.0
2 122672 62 3628 1 1 0 1.0
2 140465 68 3120 1 10 1 1.0
2 158568 71 3688 1 10 0 1.0
2 176369 72 3706 1 10 0 1.0
2 174280 74 3817 1 10 0 1.0
2 63133 78 1379 1 10 1 1.0
2 105875 83 3158 1 1 1 1.0
2 145744 83 3573 1 1 1 1.0
2 140764 86 3256 1 10 0 1.0
2 114727 86 3425 1 1 0 1.0
2 112492 89 2342 1 10 0 1.0
2 118231 96 2392 1 1 0 1.0
2 74365 96 2091 1 1 1 1.0
2 147111 96 4167 1 1 0 1.0
2 167433 97 3545 1 1 0 1.0
2 66389 102 1894 1 10 0 1.0
2 87131 107 2005 1 1 0 1.0
2 80170 107 2243 1 1 0 1.0
2 61825 111 1614 1 10 1 1.0
2 83951 114 1750 1 1 1 1.0
2 157907 117 3961 1 1 0 1.0
2 128345 125 2954 1 1 0 1.0
2 131108 129 2932 1 10 1 1.0
2 132912 135 3747 1 1 0 1.0
2 147265 136 3529 1 10 0 1.0
2 109751 141 2841 1 10 1 1.0
2 78702 142 2022 1 10 0 1.0
2 154233 144 4111 1 1 0 1.0
2 104811 145 2873 1 1 1 1.0
2 118473 146 2948 1 10 1 1.0
2 96171 148 2337 1 1 0 1.0
2 93236 149 2400 1 50 1 1.0
2 98482 153 2681 1 50 0 1.0
2 110840 157 2631 1 1 0 1.0
2 129169 157 2609 1 1 1 1.0
2 146246 159 3522 1 10 1 1.0
2 141474 161 3273 1 10 1 1.0
2 82652 163 2111 1 1 0 1.0
2 96262 163 2419 1 1 1 1.0
2 136398 167 3842 1 1 1 1.0
2 125716 167 2739 1 10 1 1.0
2 162348 168 4237 1 50 1 1.0
2 172793 172 3814 1 10 1 1.0
2 98865 173 2494 1 10 1 1.0
2 150275 174 4027 1 10 1 1.0
2 164640 174 4272 1 1 1 1.0
2 74656 175 2142 1 1 1 1.0
2 172387 177 3756 1 10 0 1.0
2 178130 182 3888 1 1 0 1.0
2 161333 184 4309 1 1 0 1.0
2 99197 189 2341 1 10 0 1.0
2 120818 191 2480 1 1 0 1.0
2 149885 193 3645 1 10 0 1.0
2 156503 196 3409 1 1 0 1.0
2 150126 202 3983 1 1 0 1.0
2 125929 203 3748 1 1 1 1.0
2 65958 212 1590 1 1 0 1.0
2 108726 214 2551 1 1 0 1.0
2 154392 220 3302 1 10 0 1.0
2 159080 222 3621 1 10 0 1.0
2 91044 225 2049 1 1 1 1.0
2 121384 226 2950 1 1 0 1.0
2 166682 228 4911 1 1 0 1.0
2 69176 229 1422 1 1 0 1.0
2 144879 230 3260 1 1 1 1.0
2 111140 231 2822 1 1 1 1.0
2 69406 231 2073 1 10 0 1.0
2 123387 231 3342 1 10 1 1.0
2 93336 231 2205 1 10 1 1.0
2 129648 234 3355 1 50 1 1.0
2 125811 238 3636 1 10 1 1.0
2 139958 238 4108 1 1 1 1.0
2 75805 239 1667 1 1 0 1.0
2 159744 245 3298 1 1 1 1.0
2 75006 246 1896 1 1 0 1.0
2 159735 249 4178 1 10 1 1.0
2 150936 259 4386 1 1 1 1.0
2 134422 261 3024 1 1 1 1.0
2 157291 261 4589 1 1 1 1.0
2 79502 262 1860 1 1 1 1.0
2 164971 264 3814 1 50 0 1.0
2 113295 265 3301 1 10 1 1.0
2 131435 267 3592 1 1 1 1.0
2 176139 269 4973 1 1 0 1.0
2 176398 274 5141 1 10 1 1.0
2 96991 277 2327 1 1 1 1.0
2 78629 281 1875 1 1 0 1.0
2 76255 282 1731 1 1 1 1.0
2 123147 285 2578 1 10 1 1.0
2 160021 285 3405 1 1 0 1.0
2 76026 288 2107 1 10 0 1.0
2 99994 288 2006 1 1 1 1.0
2 70506 288 1890 1 1 1 1.0
2 134688 293 3933 1 10 0 1.0
2 169005 294 4925 1 1 0 1.0
2 167472 295 3887 1 1 0 1.0
2 141743 297 3545 1 1 1 1.0
2 170609 298 3965 1 10 1 1.0
2 105498 301 2366 1 1 1 1.0
2 164383 301 3446 1 1 1 1.0
2 131798 303 3343 1 50 0 1.0
2 141049 314 3308 1 1 0 1.0
2 154082 317 3154 1 50 1 1.0
2 73872 322 1964 1 1 0 1.0
2 162634 329 3910 1 1 0 1.0
2 129725 330 3104 1 1 1 1.0
2 137842 335 3184 1 10 0 1.0
2 130044 342 2986 1 50 1 1.0
2 80197 344 1744 1 50 1 1.0
2 145874 348 3461 1 10 1 1.0
2 145954 348 3525 1 50 1 1.0
2 169844 349 4575 1 1 1 1.0
2 89026 349 1855 1 10 1 1.0
2 94028 351 2113 1 1 0 1.0
2 165661 352 3552 1 1 1 1.0
2 102778 353 2201 1 10 1 1.0
2 179851 353 4018 1 1 1 1.0
2 147803 355 4097 1 1 1 1.0
2 175737 355 3909 1 10 0 1.0
2 98053 364 1997 1 10 0 1.0
2 141517 366 4111 1 1 1 1.0
2 64697 367 1511 1 10 1 1.0
2 170514 368 4234 1 1 0 1.0
2 64806 370 1466 1 1 0 1.0
2 158725 370 4329 1 10 0 1.0
2 167942 371 3591 1 1 1 1.0
2 72540 372 2122 1 1 0 1.0
2 157363 373 3555 1 10 1 1.0
2 162092 375 4513 1 1 0 1.0
2 74083 380 1935 1 1 0 1.0
2 111240 386 3172 1 1 0 1.0
2 85219 391 1904 1 1 1 1.0
2 99069 397 2489 1 1 1 1.0
2 141886 399 2972 1 50 1 1.0
2 145990 402 4094 1 1 1 1.0
2 88841 404 2431 1 10 0 1.0
2 127618 405 3790 1 10 1 1.0
2 114190 406 3125 1 10 0 1.0
2 82282 407 1981 1 1 0 1.0
2 175400 413 4970 1 10 1 1.0
2 146403 413 2973 1 10 1 1.0
2 149019 415 4431 1 1 1 1.0
2 166260 419 4763 1 10 1 1.0
2 104401 422 2632 1 10 0 1.0
2 96020 424 2516 1 10 0 1.0
2 133086 425 3557 1 1 0 1.0
2 71245 425 2026 1 1 1 1.0
2 69424 426 1993 1 10 1 1.0
2 143776 426 2996 1 1 1 1.0
2 89094 429 2229 1 1 1 1.0
2 160904 432 4697 1 10 0 1.0
2 131336 432 3888 1 1 1 1.0
2 73353 436 1551 1 1 0 1.0
2 92734 440 2384 1 10 1 1.0
2 118318 444 3264 1 1 0 1.0
2 108442 444 3181 1 1 0 1.0
2 147024 447 3535 1 1 0 1.0
2 101261 448 2481 1 50 1 1.0
2 136134 450 3920 1 1 1 1.0
2 98347 452 2866 1 10 0 1.0
2 164803 458 4277 1 50 1 1.0
2 162978 459 4053 1 10 1 1.0
2 136394 461 3140 1 1 1 1.0
2 176455 461 4448 1 1 0 1.0
2 66514 462 1883 1 10 0 1.0
2 178212 466 4452 1 1 0 1.0
2 147606 466 3078 1 1 1 1.0
2 122174 466 3274 1 1 0 1.0
2 69010 466 1908 1 10 1 1.0
2 171022 470 5014 1 1 0 1.0
2 93968 471 2051 1 1 0 1.0
2 80260 472 1941 1 10 0 1.0
2 84453 473 1771 1 10 1 1.0
2 74801 475 1812 1 10 1 1.0
2 120389 476 3190 1 1 1 1.0
2 118973 476 3350 1 1 1 1.0
2 169967 479 4306 1 1 0 1.0
2 103104 480 2826 1 1 1 1.0
2 155748 484 3710 1 1 0 1.0
2 62286 484 1579 1 1 0 1.0
2 70257 485 2006 1 1 0 1.0
2 81583 487 2013 1 1 0 1.0
2 166401 489 4640 1 10 0 1.0
2 142759 490 2860 1 10 0 1.0
2 143556 491 2875 1 10 1 1.0
2 73643 491 1705 1 1 1 1.0
2 74221 494 2129 1 1 1 1.0
2 93680 497 2613 1 10 1 1.0
2 124182 498 2972 1 10 0 1.0
2 168207 500 4753 1 1 0 1.0
2 61234 504 1675 1 50 0 1.0
2 174348 505 3774 1 1 1 1.0
2 148943 506 3526 1 1 0 1.0
2 150344 506 3479 1 1 0 1.0
2 78883 509 1743 1 10 1 1.0
2 175063 516 4123 1 10 0 1.0
2 161971 516 3668 1 1 0 1.0
2 77184 519 2263 1 50 0 1.0
2 148756 520 3076 1 1 0 1.0
2 177626 521 4999 1 1 1 1.0
2 64045 524 1801 1 10 0 1.0
2 66951 525 1376 1 1 0 1.0
2 75035 526 1813 1 10 1 1.0
2 105277 527 3122 1 50 1 1.0
2 158888 528 3817 1 1 1 1.0
2 105772 529 2895 1 50 0 1.0
2 61400 530 1737 1 1 0 1.0
2 100593 530 2051 1 1 0 1.0
2 149874 531 3950 1 50 0 1.0
2 125112 532 3661 1 1 0 1.0
2 130159 537 3417 1 1 1 1.0
2 110986 542 2714 1 1 1 1.0
2 100438 547 2818 1 1 1 1.0
2 174006 547 4212 1 10 1 1.0
2 151065 551 4158 1 1 0 1.0
2 86336 551 1754 1 10 0 1.0
2 98117 551 1977 1 1 1 1.0
2 112157 555 3149 1 1 1 1.0
2 164451 557 4047 1 10 0 1.0
2 149288 558 3741 1 10 0 1.0
2 179565 563 4023 1 1 0 1.0
2 100645 566 2272 1 1 0 1.0
2 106830 566 2606 1 1 0 1.0
2 119696 571 3213 1 1 1 1.0
2 150488 578 3063 1 1 1 1.0
2 78378 583 1696 1 10 0 1.0
2 80988 587 2237 1 1 0 1.0
2 117352 589 3103 1 1 1 1.0
2 168307 590 3471 1 1 0 1.0
2 169247 601 4953 1 1 1 1.0
2 173621 612 4267 1 1 0 1.0
2 149199 616 4335 1 1 1 1.0
2 174075 616 3863 1 1 0 1.0
2 81965 616 2082 1 50 1 1.0
2 85829 618 1853 1 10 0 1.0
2 75858 625 2245 1 10 1 1.0
2 112179 625 2907 1 10 1 1.0
2 129044 628 3051 1 1 1 1.0
2 79245 629 2242 1 10 1 1.0
2 89496 632 2308 1 1 0 1.0
2 74706 632 1709 1 1 1 1.0
2 122020 633 2879 1 10 1 1.0
2 104559 634 2296 1 1 1 1.0
2 87277 637 2126 1 1 0 1.0
2 131804 637 3656 1 1 1 1.0
2 99171 640 2771 1 1 0 1.0
2 121710 643 3632 1 1 1 1.0
2 90892 650 2375 1 1 0 1.0
2 168446 653 4095 1 1 1 1.0
2 161925 654 4257 1 10 1 1.0
2 77714 660 1678 1 50 0 1.0
2 176213 660 4376 1 10 1 1.0
2 177434 661 4802 1 1 1 1.0
2 88604 662 2336 1 50 1 1.0
2 138722 664 3158 1 1 0 1.0
2 116302 665 2915 1 10 1 1.0
2 115371 666 2428 1 1 1 1.0
2 108620 669 2808 1 1 1 1.0
2 134193 670 3019 1 1 0 1.0
2 111982 671 2314 1 10 0 1.0
2 177528 671 4346 1 1 1 1.0
2 147094 672 3963 1 1 0 1.0
2 160302 675 3742 1 1 0 1.0
2 135172 676 3360 1 1 0 1.0
2 119513 678 3440 1 1 0 1.0
2 96399 679 2682 1 10 0 1.0
2 63315 694 1307 1 10 1 1.0
2 157762 695 4509 1 1 1 1.0
2 75160 698 2094 1 10 0 1.0
2 113971 698 3282 1 10 0 1.0
2 146846 701 3061 1 10 0 1.0
2 74055 703 1690 1 1 0 1.0
2 161283 707 4231 1 50 0 1.0
2 119545 710 3078 1 10 0 1.0
2 100866 716 2070 1 10 0 1.0
2 107529 717 2327 1 1 0 1.0
2 162977 720 3290 1 1 1 1.0
2 102285 721 2640 1 10 0 1.0
2 114995 726 2944 1 50 0 1.0
2 116932 728 2769 1 50 0 1.0
2 72219 733 1466 1 1 1 1.0
2 91559 734 2681 1 10 1 1.0
2 63399 736 1371 1 1 0 1.0
2 135923 740 3236 1 10 0 1.0
2 157082 743 4039 1 1 1 1.0
2 108719 748 2213 1 1 1 1.0
2 79614 755 1814 1 1 0 1.0
2 93743 755 2137 1 1 0 1.0
2 164415 758 4466 1 1 1 1.0
2 116337 759 2821 1 1 0 1.0
2 153488 761 4146 1 1 0 1.0
2 125594 764 3522 1 1 1 1.0
2 107971 766 2468 1 1 1 1.0
2 92685 767 2696 1 1 1 1.0
2 109887 770 3156 1 1 0 1.0
2 160314 770 3664 1 50 0 1.0
2 126511 772 3339 1 1 0 1.0
2 161905 775 4555 1 1 0 1.0
2 167084 776 4828 1 1 0 1.0
2 114708 786 2622 1 1 1 1.0
2 75043 787 1954 1 10 1 1.0
2 99275 788 2006 1 1 0 1.0
2 85452 788 2192 1 1 0 1.0
2 166490 791 3434 1 1 1 1.0
2 129858 801 3545 1 10 0 1.0
2 70186 804 2017 1 10 0 1.0
2 82655 806 1773 1 10 0 1.0
2 114059 807 2683 1 10 0 1.0
2 145485 813 3265 1 1 0 1.0
2 104413 816 3012 1 1 1 1.0
2 99573 818 2214 1 10 0 1.0
2 157826 825 4641 1 10 0 1.0
2 126013 825 2995 1 1 1 1.0
2 140575 826 4122 1 10 1 1.0
2 83567 827 2091 1 1 0 1.0
2 146396 828 4147 1 10 0 1.0
2 94894 830 2591 1 50 1 1.0
2 148766 830 4299 1 50 0 1.0
2 113817 831 3021 1 50 0 1.0
2 163908 832 4300 1 1 1 1.0
2 79328 833 1614 1 1 1 1.0
2 73774 835 1736 1 1 1 1.0
2 117545 835 2797 1 1 1 1.0
2 177467 837 3601 1 1 1 1.0
2 106888 837 2405 1 1 1 1.0
2 130634 838 3892 1 1 1 1.0
2 102076 838 2777 1 10 1 1.0
2 90303 841 2586 1 50 0 1.0
2 106350 842 2739 1 1 1 1.0
2 126974 843 3656 1 1 0 1.0
2 117397 844 2903 1 1 0 1.0
2 89757 848 2555 1 1 1 1.0
2 154463 851 4435 1 1 0 1.0
2 150844 853 4152 1 1 1 1.0
2 126613 854 3613 1 1 0 1.0
2 171087 857 3558 1 1 1 1.0
2 86259 859 2401 1 10 1 1.0
2 72460 864 2156 1 10 1 1.0
2 153183 867 4433 1 1 0 1.0
2 146858 868 3614 1 50 0 1.0
2 121201 871 2766 1 1 0 1.0
2 137937 874 2929 1 10 1 1.0
2 171595 875 4018 1 1 1 1.0
2 171570 876 3825 1 1 1 1.0
2 100989 877 2247 1 1 0 1.0
2 179772 878 5067 1 10 0 1.0
2 166651 878 3945 1 1 1 1.0
2 115264 878 3092 1 1 0 1.0
2 119769 881 3488 1 1 1 1.0
2 121398 885 3206 1 10 1 1.0
2 84431 890 1844 1 1 0 1.0
2 160787 891 4069 1 1 0 1.0
2 153334 891 3871 1 1 1 1.0
2 132902 892 3496 1 1 1 1.0
2 136986 894 3541 1 1 1 1.0
2 62859 894 1727 1 10 0 1.0
2 155583 897 3211 1 50 1 1.0
2 137212 899 3416 1 1 1 1.0
2 140084 901 3028 1 1 1 1.0
2 123912 902 3362 1 1 0 1.0
2 66725 907 1485 1 1 1 1.0
2 129551 912 3321 1 1 0 1.0
2 132651 913 2866 1 1 0 1.0
2 68943 914 2063 1 1 1 1.0
2 69602 920 1756 1 10 0 1.0
2 173155 923 4098 1 1 0 1.0
2 99813 925 2762 1 1 0 1.0
2 104816 925 2870 1 50 1 1.0
2 71965 925 1777 1 50 1 1.0
2 127934 925 3332 1 1 0 1.0
2 125774 926 3665 1 1 0 1.0
2 153220 927 4500 1 1 1 1.0
2 95889 928 2853 1 10 1 1.0
2 71324 929 1921 1 1 0 1.0
2 168963 933 3614 1 1 1 1.0
2 89983 934 2448 1 10 0 1.0
2 79192 934 1587 1 1 0 1.0
2 84595 937 2028 1 1 1 1.0
2 103825 937 2876 1 10 0 1.0
2 161912 940 4159 1 1 1 1.0
2 96279 940 2520 1 1 1 1.0
2 98958 944 2438 1 10 1 1.0
2 170736 944 4553 1 1 0 1.0
2 119018 945 3486 1 1 1 1.0
2 176157 946 5094 1 1 1 1.0
2 115468 946 2949 1 50 0 1.0
2 92547 950 2246 1 10 0 1.0
2 104224 951 2691 1 1 1 1.0
2 123727 952 3186 1 1 0 1.0
2 90135 955 2357 1 1 0 1.0
2 133654 957 2822 1 1 1 1.0
2 93862 957 1992 1 10 0 1.0
2 141667 960 3936 1 1 0 1.0
2 65308 960 1354 1 1 1 1.0
2 60908 963 1615 1 1 1 1.0
2 78597 965 1598 1 10 1 1.0
2 119931 966 2871 1 50 0 1.0
2 84921 967 1963 1 50 0 1.0
2 66883 968 1687 1 50 0 1.0
2 87047 972 2509 1 1 0 1.0
2 102370 974 3016 1 1 1 1.0
2 164445 975 3897 1 1 0 1.0
2 102160 976 2631 1 1 0 1.0
2 79621 977 1987 1 1 1 1.0
2 122409 982 3001 1 10 1 1.0
2 61242 983 1608 1 50 0 1.0
2 126726 985 3407 1 1 0 1.0
2 82243 985 2166 1 50 0 1.0
2 65417 989 1750 1 1 0 1.0
2 106472 995 2604 1 1 0 1.0
2 134269 1000 3503 1 1 1 1.0
2 70298 1001 1608 1 1 1 1.0
2 143093 1006 3033 1 1 1 1.0
2 143296 1008 3813 1 10 0 1.0
2 121271 1008 3617 1 10 1 1.0
2 150290 1012 4270 1 10 1 1.0
2 116725 1015 3236 1 1 1 1.0
2 173569 1019 4899 1 1 1 1.0
2 147529 1020 3466 1 1 1 1.0
2 118915 1024 2717 1 1 0 1.0
2 110626 1029 2926 1 1 1 1.0
2 147349 1033 3318 1 1 0 1.0
2 94410 1035 1960 1 50 0 1.0
2 117941 1035 3187 1 1 0 1.0
2 114933 1036 2685 1 50 0 1.0
2 74745 1037 2153 1 50 1 1.0
2 110025 1038 2322 1 1 0 1.0
2 156415 1039 3954 1 1 1 1.0
2 170954 1043 3421 1 1 0 1.0
2 71937 1045 1753 1 50 0 1.0
2 157427 1046 3556 1 1 0 1.0
2 136304 1047 3740 1 1 0 1.0
2 105197 1049 2379 1 50 1 1.0
2 174258 1050 4053 1 10 1 1.0
2 70952 1064 1504 1 50 0 1.0
2 75845 1065 1815 1 10 0 1.0
2 80971 1066 2144 1 10 1 1.0
2 96434 1067 2192 1 1 1 1.0
2 92342 1068 2371 1 10 1 1.0
2 133050 1071 3736 1 1 0 1.0
2 71490 1072 1971 1 1 0 1.0
2 62936 1072 1766 1 50 0 1.0
2 89964 1075 2248 1 50 1 1.0
2 81875 1076 1753 1 50 1 1.0
2 168309 1079 3539 1 1 1 1.0
2 171594 1079 4260 1 50 1 1.0
2 89458 1080 1920 1 10 1 1.0
2 65520 1083 1949 1 50 1 1.0
2 156935 1084 3483 1 1 0 1.0
2 164053 1085 3841 1 50 0 1.0
2 136015 1085 2792 1 1 0 1.0
2 80304 1089 2235 1 1 0 1.0
2 154461 1098 4411 1 50 1 1.0
2 74969 1099 1826 1 50 0 1.0
2 163000 1108 3953 1 1 0 1.0
2 104753 1108 2758 1 1 1 1.0
2 83425 1112 2402 1 1 0 1.0
2 139945 1116 4132 1 50 0 1.0
2 77292 1117 2312 1 1 0 1.0
2 109835 1127 3206 1 1 0 1.0
2 104832 1129 2624 1 1 0 1.0
2 135741 1131 3177 1 50 1 1.0
2 130506 1136 3320 1 10 0 1.0
2 161758 1138 4686 1 1 0 1.0
2 95676 1138 2318 1 1 1 1.0
2 109949 1143 3170 1 1 1 1.0
2 76317 1143 2080 1 10 1 1.0
2 104231 1152 2497 1 10 0 1.0
2 150529 1154 3719 1 10 1 1.0
2 98795 1156 2588 1 1 1 1.0
2 161763 1157 4669 1 1 0 1.0
2 177978 1158 4386 1 1 1 1.0
2 77175 1162 2229 1 1 0 1.0
2 87520 1163 1941 1 1 0 1.0
2 79492 1171 1909 1 1 0 1.0
2 60668 1174 1779 1 1 0 1.0
2 70613 1176 1472 1 10 0 1.0
2 71196 1178 1539 1 1 1 1.0
2 62417 1180 1483 1 1 1 1.0
2 128911 1180 3577 1 1 1 1.0
2 151188 1185 3256 1 1 1 1.0
2 82511 1186 1942 1 10 0 1.0
2 108277 1186 3076 1 10 0 1.0
2 113104 1186 2380 1 50 1 1.0
2 148518 1187 3220 1 10 0 1.0
2 103703 1190 2278 1 1 1 1.0
2 123447 1192 2549 1 10 1 1.0
2 109668 1192 2540 1 1 0 1.0
2 160117 1203 4331 1 1 1 1.0
2 165829 1211 4432 1 1 1 1.0
2 154937 1213 3652 1 1 0 1.0
2 65740 1214 1616 1 1 1 1.0
2 90776 1216 2207 1 10 0 1.0
2 102056 1216 2597 1 1 0 1.0
2 154531 1217 3975 1 10 1 1.0
2 134941 1218 3392 1 1 0 1.0
2 137408 1220 3560 1 1 1 1.0
2 95486 1220 1977 1 1 0 1.0
2 64269 1221 1433 1 10 1 1.0
2 69253 1222 1700 1 10 0 1.0
2 134409 1223 2717 1 1 1 1.0
2 148939 1224 3562 1 50 0 1.0
2 163339 1225 3976 1 1 1 1.0
2 168295 1226 3477 1 1 1 1.0
2 161509 1227 3354 1 1 0 1.0
2 86525 1228 2475 1 10 1 1.0
2 136068 1229 3652 1 1 0 1.0
2 66441 1233 1957 1 1 1 1.0
2 102667 1235 2409 1 10 0 1.0
2 156384 1245 4236 1 10 1 1.0
2 94863 1251 2487 1 1 0 1.0
2 94523 1252 2638 1 1 0 1.0
2 151813 1258 4205 1 50 0 1.0
2 112892 1261 2645 1 10 0 1.0
2 74320 1262 1919 1 10 0 1.0
2 129993 1263 3196 1 10 0 1.0
2 116412 1263 3191 1 1 1 1.0
2 132202 1263 3637 1 10 0 1.0
2 87401 1266 2030 1 1 0 1.0
2 148108 1266 3301 1 10 1 1.0
2 168259 1267 4860 1 10 0 1.0
2 108168 1275 2862 1 1 1 1.0
2 90676 1286 2192 1 1 1 1.0
2 98155 1288 2837 1 10 1 1.0
2 147212 1290 3529 1 1 0 1.0
2 101930 1291 2196 1 50 0 1.0
2 121386 1292 3271 1 10 0 1.0
2 128253 1297 3281 1 10 1 1.0
2 118577 1297 3448 1 1 0 1.0
2 94254 1298 1985 1 1 0 1.0
2 69621 1299 1552 1 1 0 1.0
2 116922 1301 3094 1 1 1 1.0
2 100504 1305 2406 1 1 0 1.0
2 129837 1306 3459 1 1 1 1.0
2 130063 1310 2708 1 1 1 1.0
2 76079 1310 2189 1 10 0 1.0
2 111587 1320 2333 1 1 0 1.0
2 62052 1320 1699 1 10 0 1.0
2 167286 1321 4353 1 1 1 1.0
2 78772 1328 2121 1 10 0 1.0
2 132505 1329 2804 1 10 0 1.0
2 80836 1339 2051 1 10 1 1.0
2 125725 1346 2609 1 10 1 1.0
2 168592 1346 4825 1 10 0 1.0
2 144804 1349 3456 1 10 1 1.0
2 176238 1350 3752 1 50 0 1.0
2 131467 1354 3658 1 1 0 1.0
2 64879 1358 1816 1 10 0 1.0
2 114384 1363 2854 1 10 1 1.0
2 175590 1368 3882 1 10 1 1.0
2 179285 1370 3830 1 1 0 1.0
2 79868 1376 1634 1 1 0 1.0
2 146740 1376 4165 1 10 0 1.0
2 134740 1379 3976 1 10 0 1.0
2 78082 1383 2145 1 10 0 1.0
2 115026 1383 2631 1 1 0 1.0
2 90764 1387 2287 1 1 0 1.0
2 167545 1390 3781 1 1 0 1.0
2 168122 1392 4205 1 1 1 1.0
2 157548 1393 3852 1 1 1 1.0
2 81724 1395 2399 1 1 0 1.0
2 146752 1396 4181 1 1 0 1.0
2 163448 1399 3940 1 50 1 1.0
2 163677 1407 4641 1 1 1 1.0
2 155913 1408 3912 1 1 1 1.0
2 106818 1408 2763 1 1 1 1.0
2 123345 1409 2834 1 10 1 1.0
2 130158 1415 3491 1 10 0 1.0
2 67556 1415 1382 1 10 0 1.0
2 78885 1424 1933 1 10 1 1.0
2 67068 1427 1812 1 10 1 1.0
2 161524 1427 4787 1 10 0 1.0
2 75214 1429 1687 1 1 1 1.0
2 117042 1429 2784 1 1 0 1.0
2 78234 1430 2218 1 10 1 1.0
2 134551 1430 2807 1 1 1 1.0
2 164717 1433 3638 1 50 1 1.0
2 104177 1434 2770 1 1 0 1.0
2 158526 1434 4674 1 10 0 1.0
2 153512 1437 4092 1 50 0 1.0
2 152895 1438 3177 1 10 1 1.0
2 70700 1441 1621 1 1 0 1.0
2 117698 1444 2470 1 1 1 1.0
2 117485 1445 3112 1 1 1 1.0
2 65933 1460 1734 1 50 0 1.0
2 89365 1460 1850 1 10 0 1.0
2 110024 1461 2654 1 10 0 1.0
2 167488 1465 4323 1 1 0 1.0
2 156863 1465 3261 1 1 1 1.0
2 124447 1466 3478 1 1 1 1.0
2 121570 1467 2539 1 50 0 1.0
2 87229 1468 2139 1 50 1 1.0
2 77132 1469 2115 1 10 1 1.0
2 98922 1470 2539 1 1 0 1.0
2 82411 1477 2232 1 1 0 1.0
2 111349 1479 2681 1 1 0 1.0
2 166310 1481 4150 1 10 1 1.0
2 82993 1485 2429 1 10 1 1.0
2 145171 1488 3143 1 1 0 1.0
2 147953 1489 3854 1 10 0 1.0
2 100182 1491 2263 1 10 1 1.0
2 167838 1499 4657 1 10 0 1.0
2 147438 1500 3371 1 1 1 1.0
2 119144 1502 3083 1 1 0 1.0
2 147392 1503 3136 1 50 0 1.0
2 122087 1505 2940 1 1 0 1.0
2 166039 1505 4073 1 1 0 1.0
2 106215 1505 2851 1 1 0 1.0
2 156354 1512 4682 1 50 0 1.0
2 152066 1514 3402 1 1 0 1.0
2 134873 1515 3390 1 10 0 1.0
2 160611 1515 3564 1 10 1 1.0
2 168198 1518 4577 1 1 0 1.0
2 79176 1519 2048 1 10 0 1.0
2 132049 1522 2719 1 50 1 1.0
2 101081 1525 2285 1 50 0 1.0
2 98445 1526 2707 1 1 1 1.0
2 92810 1526 2577 1 10 0 1.0
2 92596 1528 2061 1 10 0 1.0
2 122928 1533 2891 1 10 0 1.0
2 163992 1538 3513 1 1 1 1.0
2 153184 1542 3623 1 10 0 1.0
2 141170 1544 3985 1 1 0 1.0
2 114403 1545 3088 1 1 0 1.0
2 128894 1546 3270 1 1 0 1.0
2 107467 1551 3000 1 50 1 1.0
2 92833 1553 2187 1 1 0 1.0
2 135988 1554 4052 1 1 0 1.0
2 72097 1557 1919 1 1 0 1.0
2 138837 1558 3704 1 1 0 1.0
2 71300 1559 2132 1 1 0 1.0
2 130907 1563 2677 1 1 1 1.0
2 68411 1564 1448 1 10 0 1.0
2 104185 1565 2728 1 10 1 1.0
2 148146 1565 2982 1 10 1 1.0
2 104790 1565 2453 1 10 1 1.0
2 169726 1566 4632 1 10 0 1.0
2 147689 1570 4111 1 1 1 1.0
2 98484 1570 2320 1 50 0 1.0
2 92340 1570 2410 1 1 0 1.0
2 139799 1572 2930 1 1 0 1.0
2 66955 1573 1908 1 10 0 1.0
2 100070 1576 2699 1 50 0 1.0
2 147508 1577 3539 1 10 0 1.0
2 117753 1578 3088 1 10 1 1.0
2 73151 1582 2133 1 1 0 1.0
2 124697 1584 3380 1 10 0 1.0
2 119119 1585 3323 1 1 0 1.0
2 126591 1585 2975 1 1 0 1.0
2 60161 1586 1587 1 1 1 1.0
2 62064 1586 1612 1 1 1 1.0
2 176870 1589 4975 1 1 0 1.0
2 174909 1591 3939 1 10 1 1.0
2 156420 1593 3979 1 1 1 1.0
2 79865 1595 2037 1 10 0 1.0
2 151595 1595 3421 1 1 0 1.0
2 155626 1596 3379 1 10 1 1.0
2 115287 1596 3335 1 1 0 1.0
2 76290 1600 1809 1 1 1 1.0
2 109318 1605 3273 1 1 1 1.0
2 134799 1605 2727 1 1 0 1.0
2 62026 1606 1741 1 1 1 1.0
2 85678 1607 2334 1 1 1 1.0
2 153696 1608 3216 1 1 0 1.0
2 88254 1609 2232 1 1 0 1.0
2 157730 1610 3757 1 1 0 1.0
2 79748 1611 1780 1 1 0 1.0
2 104014 1616 2588 1 1 1 1.0
2 137724 1617 4101 1 1 0 1.0
2 178717 1626 4945 1 10 1 1.0
2 149741 1626 4120 1 50 0 1.0
2 93180 1626 2144 1 50 0 1.0
2 68329 1627 1630 1 10 1 1.0
2 166326 1630 4196 1 1 0 1.0
2 177919 1632 3905 1 1 0 1.0
2 107132 1633 2989 1 10 0 1.0
2 123625 1633 2744 1 1 1 1.0
2 155675 1636 4623 1 10 0 1.0
2 62327 1642 1751 1 10 1 1.0
2 167198 1647 4700 1 1 0 1.0
2 154765 1649 3515 1 1 0 1.0
2 85718 1650 2177 1 1 1 1.0
2 65232 1652 1751 1 1 1 1.0
2 120642 1655 3401 1 1 0 1.0
2 165944 1657 4711 1 1 1 1.0
2 68150 1659 1729 1 1 1 1.0
2 96987 1664 2697 1 10 0 1.0
2 88701 1671 2092 1 10 1 1.0
2 82975 1678 2255 1 1 0 1.0
2 73595 1683 2096 1 1 0 1.0
2 66348 1683 1680 1 1 1 1.0
2 88410 1686 2200 1 10 0 1.0
2 170513 1687 3699 1 50 1 1.0
2 170591 1690 3668 1 1 0 1.0
2 167852 1692 3550 1 1 1 1.0
2 150078 1693 4093 1 1 1 1.0
2 152302 1693 3929 1 10 0 1.0
2 105363 1698 2371 1 1 1 1.0
2 132174 1699 3336 1 1 1 1.0
2 88985 1701 2522 1 1 0 1.0
2 70670 1707 1717 1 1 1 1.0
2 164817 1723 3501 1 10 1 1.0
2 88624 1724 2487 1 1 1 1.0
2 131204 1725 3865 1 50 1 1.0
2 63921 1731 1802 1 10 1 1.0
2 131305 1732 3630 1 1 0 1.0
2 162154 1733 3577 1 10 1 1.0
2 111151 1736 2282 1 50 1 1.0
2 88029 1736 2335 1 1 0 1.0
2 66463 1736 1897 1 1 0 1.0
2 166480 1737 4318 1 10 0 1.0
2 126130 1739 2949 1 1 0 1.0
2 124200 1740 3021 1 1 1 1.0
2 143805 1747 3455 1 1 0 1.0
2 136918 1749 3032 1 10 1 1.0
2 140378 1749 3082 1 1 1 1.0
2 79054 1750 1740 1 1 1 1.0
2 160275 1752 3911 1 50 0 1.0
2 81080 1752 2275 1 1 1 1.0
2 112631 1752 2983 1 50 0 1.0
2 122439 1754 2822 1 10 0 1.0
2 123968 1756 2525 1 10 0 1.0
2 107815 1761 2832 1 10 1 1.0
2 167006 1763 4232 1 50 0 1.0
2 87495 1766 1908 1 1 1 1.0
2 148084 1770 3407 1 10 0 1.0
2 105304 1771 3136 1 1 0 1.0
2 64081 1772 1452 1 1 1 1.0
2 75618 1776 1554 1 10 0 1.0
2 70890 1778 1966 1 10 1 1.0
2 163698 1780 4549 1 1 1 1.0
2 154175 1780 3229 1 10 0 1.0
2 95677 1788 2138 1 10 0 1.0
2 118110 1790 2575 1 10 0 1.0
2 145551 1797 3207 1 10 1 1.0
2 145002 1802 4111 1 10 1 1.0
2 93328 1803 2712 1 1 0 1.0
2 127698 1805 3059 1 1 0 1.0
2 170787 1807 4915 1 10 1 1.0
2 148440 1807 3260 1 50 0 1.0
2 113237 1810 3178 1 50 0 1.0
2 160223 1811 3795 1 1 0 1.0
2 120342 1815 2444 1 1 0 1.0
2 131917 1816 3297 1 1 0 1.0
2 100834 1817 2191 1 1 1 1.0
2 165628 1828 3691 1 50 0 1.0
2 158477 1829 4582 1 1 0 1.0
2 179302 1830 3864 1 10 1 1.0
2 151811 1836 3533 1 1 0 1.0
2 146352 1837 3976 1 1 1 1.0
2 133915 1839 3887 1 10 1 1.0
2 113237 1842 2284 1 10 0 1.0
2 109403 1844 3052 1 50 0 1.0
2 162653 1847 4123 1 1 1 1.0
2 82274 1849 1707 1 10 1 1.0
2 80417 1849 2411 1 10 0 1.0
2 109457 1857 2593 1 1 1 1.0
2 133435 1861 2806 1 1 1 1.0
2 155658 1867 4562 1 1 1 1.0
2 118500 1872 2695 1 10 0 1.0
2 65141 1874 1317 1 1 0 1.0
2 82634 1874 2179 1 50 0 1.0
2 159110 1877 4723 1 1 0 1.0
2 84223 1882 1810 1 10 1 1.0
2 103715 1883 2563 1 1 1 1.0
2 132489 1884 3312 1 10 1 1.0
2 83903 1886 2075 1 1 0 1.0
2 120230 1888 2542 1 1 0 1.0
2 136597 1891 3439 1 10 0 1.0
2 64501 1892 1686 1 1 1 1.0
2 63320 1895 1613 1 50 0 1.0
2 139969 1903 2881 1 10 0 1.0
2 167863 1906 3984 1 50 0 1.0
2 60022 1913 1316 1 1 1 1.0
2 153580 1915 3223 1 1 1 1.0
2 108290 1917 2975 1 1 0 1.0
2 114589 1917 3073 1 1 0 1.0
2 101928 1918 2285 1 10 1 1.0
2 175450 1921 3908 1 1 0 1.0
2 174932 1923 4019 1 10 0 1.0
2 150627 1924 3327 1 10 1 1.0
2 115051 1925 3258 1 10 0 1.0
2 170638 1925 4498 1 10 1 1.0
2 75614 1928 2196 1 1 1 1.0
2 83574 1928 2104 1 1 1 1.0
2 62245 1929 1605 1 10 1 1.0
2 152286 1931 3161 1 10 0 1.0
2 155111 1934 4023 1 1 0 1.0
2 168463 1935 4035 1 1 1 1.0
2 138421 1938 2900 1 1 0 1.0
2 75495 1939 1916 1 10 0 1.0
2 92123 1940 2463 1 1 0 1.0
2 177826 1941 4252 1 1 0 1.0
2 155710 1941 3693 1 1 1 1.0
2 102776 1941 2624 1 1 1 1.0
2 104255 1942 3036 1 1 0 1.0
2 71061 1945 1530 1 10 0 1.0
2 141385 1947 2941 1 10 1 1.0
2 168059 1954 3966 1 50 1 1.0
2 174291 1955 4213 1 50 0 1.0
2 71522 1958 1972 1 10 1 1.0
2 102519 1961 2504 1 10 0 1.0
2 102897 1962 2139 1 1 1 1.0
2 149691 1963 4097 1 10 0 1.0
2 94505 1972 2766 1 1 0 1.0
2 149530 1979 3046 1 10 0 1.0
2 136866 1982 3510 1 1 0 1.0
2 74821 1982 2091 1 1 1 1.0
2 172155 1985 4228 1 1 0 1.0
2 74060 1992 1811 1 10 1 1.0
2 66806 1994 1378 1 1 0 1.0
2 90298 1994 2496 1 10 1 1.0
2 140039 1995 4024 1 1 0 1.0
2 112256 2001 3029 1 1 1 1.0
2 102910 2003 2986 1 50 1 1.0
2 122079 2006 2592 1 1 0 1.0
2 119478 2006 2916 1 10 1 1.0
2 86789 2008 2405 1 1 1 1.0
2 100677 2011 2952 1 50 1 1.0
2 90385 2012 2204 1 10 1 1.0
2 82849 2018 1975 1 10 0 1.0
2 170400 2019 4791 1 1 1 1.0
2 124268 2020 2710 1 1 0 1.0
2 153145 2021 3391 1 1 0 1.0
2 91937 2021 2752 1 10 0 1.0
2 109326 2026 2778 1 10 1 1.0
2 84938 2026 2098 1 1 0 1.0
2 76757 2028 2058 1 10 1 1.0
2 100336 2029 2264 1 10 1 1.0
2 121275 2036 3491 1 1 1 1.0
2 153941 2042 4374 1 1 1 1.0
2 152871 2045 4293 1 10 0 1.0
2 177102 2046 4851 1 50 1 1.0
2 143880 2048 3647 1 1 0 1.0
2 119721 2049 3559 1 10 1 1.0
2 149918 2049 4143 1 10 0 1.0
2 160441 2052 4151 1 1 0 1.0
2 129828 2056 3759 1 10 0 1.0
2 146728 2060 4209 1 1 0 1.0
2 82676 2061 2310 1 10 1 1.0
2 169205 2061 4740 1 1 0 1.0
2 153048 2062 4054 1 1 1 1.0
2 156560 2063 3581 1 10 0 1.0
2 128477 2065 3031 1 50 0 1.0
2 146507 2068 3566 1 1 0 1.0
2 139743 2071 2861 1 1 0 1.0
2 82439 2071 1747 1 10 1 1.0
2 72672 2072 1764 1 1 0 1.0
2 151210 2073 3940 1 1 1 1.0
2 94656 2075 2575 1 1 1 1.0
2 73132 2078 2018 1 1 0 1.0
2 82152 2078 1990 1 10 0 1.0
2 83548 2085 2373 1 1 0 1.0
2 114605 2086 3076 1 50 1 1.0
2 166818 2086 4388 1 10 0 1.0
2 92664 2088 2246 1 1 0 1.0
2 113077 2090 2472 1 1 1 1.0
2 135617 2090 3928 1 50 1 1.0
2 173425 2091 4293 1 1 1 1.0
2 117327 2092 3083 1 50 0 1.0
2 139837 2098 3721 1 1 0 1.0
2 63447 2102 1708 1 1 0 1.0
2 86399 2102 2327 1 50 0 1.0
2 118920 2105 3181 1 1 0 1.0
2 99691 2108 2212 1 10 1 1.0
2 80552 2109 2343 1 1 0 1.0
2 142622 2111 2997 1 10 0 1.0
2 123805 2113 2893 1 1 1 1.0
2 122891 2117 3414 1 1 0 1.0
2 130191 2118 3492 1 1 1 1.0
2 78768 2119 1761 1 50 0 1.0
2 75932 2120 1621 1 10 0 1.0
2 121334 2120 3093 1 10 0 1.0
2 98493 2121 1971 1 1 1 1.0
2 84165 2124 2313 1 1 1 1.0
2 168536 2124 4312 1 1 0 1.0
2 155290 2132 3336 1 10 0 1.0
2 144810 2139 4272 1 10 1 1.0
2 62910 2140 1569 1 1 0 1.0
2 142592 2148 3940 1 10 1 1.0
2 164527 2149 4398 1 1 1 1.0
2 159253 2149 3628 1 10 1 1.0
2 159787 2151 3730 1 1 1 1.0
2 79445 2157 1907 1 10 0 1.0
2 109344 2157 3236 1 10 0 1.0
2 126840 2157 3025 1 1 0 1.0
2 86930 2157 2462 1 1 1 1.0
2 104925 2161 2845 1 10 1 1.0
2 96847 2161 2085 1 10 0 1.0
2 109765 2162 3002 1 1 0 1.0
2 108130 2163 3213 1 1 0 1.0
2 96863 2165 2197 1 1 0 1.0
2 119293 2166 2804 1 1 1 1.0
2 147743 2171 4372 1 1 1 1.0
2 143237 2171 2873 1 1 0 1.0
2 159880 2172 3411 1 10 0 1.0
2 143549 2175 3848 1 1 1 1.0
2 107273 2177 3017 1 1 0 1.0
2 153481 2184 3306 1 10 1 1.0
2 64576 2185 1616 1 10 0 1.0
2 127661 2189 3012 1 1 1 1.0
2 155653 2191 4119 1 10 1 1.0
2 140222 2193 3055 1 50 1 1.0
2 60919 2199 1412 1 1 0 1.0
2 161433 2203 4411 1 1 1 1.0
2 131719 2208 3633 1 10 1 1.0
2 170741 2210 3820 1 1 1 1.0
2 170831 2211 4305 1 1 1 1.0
2 76459 2213 1693 1 10 0 1.0
2 110745 2217 2940 1 1 1 1.0
2 142489 2218 3247 1 1 1 1.0
2 76664 2222 1712 1 1 1 1.0
2 76449 2223 2229 1 1 0 1.0
2 143129 2225 3244 1 1 0 1.0
2 176070 2228 3779 1 1 1 1.0
2 134492 2228 3345 1 50 0 1.0
2 84260 2230 2111 1 10 1 1.0
2 138175 2231 3268 1 1 1 1.0
2 89650 2242 2022 1 1 0 1.0
2 73554 2243 1691 1 1 1 1.0
2 120158 2244 3374 1 10 0 1.0
2 87142 2244 1798 1 1 1 1.0
2 85341 2245 2029 1 10 0 1.0
2 145280 2249 3767 1 10 1 1.0
2 72723 2250 1503 1 10 0 1.0
2 69202 2256 1532 1 1 0 1.0
2 165680 2256 4101 1 1 0 1.0
2 89833 2257 2181 1 1 1 1.0
2 109285 2257 3144 1 1 0 1.0
2 116438 2257 2624 1 50 0 1.0
2 145619 2265 4344 1 10 0 1.0
2 150606 2265 3495 1 1 0 1.0
2 65932 2269 1493 1 1 0 1.0
2 144337 2273 3769 1 1 1 1.0
2 177332 2275 3616 1 1 1 1.0
2 121073 2280 2516 1 1 1 1.0
2 127430 2280 2700 1 1 0 1.0
2 117268 2280 3096 1 1 1 1.0
2 112320 2291 2675 1 10 0 1.0
2 86701 2298 1842 1 1 1 1.0
2 155471 2299 4183 1 10 1 1.0
2 132442 2305 2725 1 1 0 1.0
2 81841 2307 2081 1 10 1 1.0
2 153959 2313 3246 1 1 0 1.0
2 117720 2313 3127 1 50 0 1.0
2 119798 2316 3399 1 50 1 1.0
2 116838 2316 3447 1 1 1 1.0
2 121102 2318 3400 1 1 1 1.0
2 111355 2324 2996 1 50 0 1.0
2 151056 2327 3040 1 1 1 1.0
2 135753 2327 3684 1 1 0 1.0
2 70402 2331 1896 1 10 0 1.0
2 74053 2333 2163 1 10 1 1.0
2 61154 2334 1751 1 10 1 1.0
2 82714 2336 2062 1 10 0 1.0
2 169455 2338 4911 1 1 0 1.0
2 168765 2341 4799 1 1 1 1.0
2 135232 2343 2770 1 1 0 1.0
2 79873 2343 2219 1 1 0 1.0
2 74931 2345 1570 1 10 0 1.0
2 144803 2352 3494 1 10 1 1.0
2 61940 2354 1456 1 1 0 1.0
2 80754 2360 2013 1 1 1 1.0
2 149707 2362 3116 1 1 1 1.0
2 68926 2368 1601 1 1 0 1.0
2 157385 2371 3815 1 50 0 1.0
2 88285 2372 2569 1 50 0 1.0
2 142977 2376 3467 1 1 1 1.0
2 83630 2379 1767 1 50 1 1.0
2 170758 2380 3835 1 10 0 1.0
2 83958 2382 2048 1 10 0 1.0
2 176265 2382 5056 1 1 1 1.0
2 162638 2390 4237 1 10 1 1.0
2 141696 2391 3868 1 1 0 1.0
2 61156 2394 1561 1 50 1 1.0
2 103858 2394 2374 1 50 1 1.0
2 77232 2402 1799 1 50 0 1.0
2 151848 2410 3437 1 1 0 1.0
2 161386 2417 3463 1 10 1 1.0
2 154720 2419 3153 1 10 0 1.0
2 159113 2421 4329 1 1 0 1.0
2 127263 2428 3261 1 1 1 1.0
2 65928 2429 1869 1 1 1 1.0
2 166991 2429 4894 1 1 0 1.0
2 139703 2432 3354 1 1 1 1.0
2 125454 2432 3036 1 1 1 1.0
2 175318 2444 3556 1 1 1 1.0
2 105389 2447 2867 1 1 1 1.0
2 80672 2450 1955 1 10 1 1.0
2 104610 2453 2713 1 1 1 1.0
2 166261 2456 3536 1 10 1 1.0
2 157539 2459 4228 1 1 1 1.0
2 117513 2462 2438 1 1 0 1.0
2 172406 2464 4056 1 1 1 1.0
2 173052 2465 4834 1 1 0 1.0
2 94326 2466 2271 1 10 0 1.0
2 143328 2467 2903 1 1 1 1.0
2 67596 2469 1561 1 1 1 1.0
2 60765 2476 1315 1 1 0 1.0
2 104112 2476 3102 1 1 0 1.0
2 122373 2477 3643 1 1 0 1.0
2 60466 2478 1236 1 1 0 1.0
2 165571 2480 4939 1 1 1 1.0
2 128753 2484 3027 1 1 0 1.0
2 138181 2487 3456 1 1 0 1.0
2 74070 2488 1629 1 50 1 1.0
2 168091 2489 4221 1 10 1 1.0
2 177939 2498 3847 1 1 0 1.0
2 130244 2500 3904 1 10 0 1.0
2 174797 2501 3738 1 1 1 1.0
2 66445 2502 1536 1 10 0 1.0
2 72198 2508 1983 1 1 0 1.0
2 74914 2509 2192 1 10 1 1.0
2 157721 2514 3331 1 1 1 1.0
2 176548 2515 3829 1 1 0 1.0
2 169560 2521 4796 1 50 1 1.0
2 102870 2524 2671 1 10 1 1.0
2 156082 2527 3271 1 1 0 1.0
2 151545 2531 3342 1 1 1 1.0
2 175194 2532 3955 1 1 0 1.0
2 88202 2533 2520 1 10 0 1.0
2 62961 2539 1304 1 50 1 1.0
2 69613 2539 1834 1 1 0 1.0
2 66653 2542 1721 1 10 1 1.0
2 88822 2545 2632 1 10 1 1.0
2 84364 2546 2179 1 1 0 1.0
2 141840 2546 3302 1 1 1 1.0
2 132939 2549 3744 1 1 0 1.0
2 75077 2552 1984 1 1 1 1.0
2 103064 2552 2688 1 1 1 1.0
2 83982 2553 1691 1 1 0 1.0
2 136731 2554 3447 1 10 0 1.0
2 64533 2554 1386 1 1 1 1.0
2 93323 2558 2562 1 1 1 1.0
2 164795 2560 4942 1 1 1 1.0
2 73692 2564 1543 1 50 1 1.0
2 133991 2564 3941 1 1 1 1.0
2 129276 2565 3161 1 1 1 1.0
2 108897 2569 2959 1 10 0 1.0
2 153187 2570 3732 1 10 1 1.0
2 75082 2573 1663 1 10 0 1.0
2 157827 2579 4727 1 1 1 1.0
2 74901 2582 1603 1 10 1 1.0
2 132437 2582 3054 1 1 0 1.0
2 81694 2585 1835 1 1 1 1.0
2 91986 2592 2746 1 1 0 1.0
2 74220 2593 1628 1 10 0 1.0
2 173819 2594 4852 1 1 1 1.0
2 124352 2598 3005 1 1 1 1.0
2 138604 2603 2776 1 1 1 1.0
2 90559 2605 2545 1 10 0 1.0
2 72872 2605 1630 1 10 0 1.0
2 128724 2606 3743 1 1 1 1.0
2 135595 2607 3766 1 10 1 1.0
2 173989 2608 4496 1 1 1 1.0
2 150717 2610 4496 1 10 0 1.0
2 163553 2612 4553 1 50 1 1.0
2 104685 2612 2268 1 1 1 1.0
2 134288 2613 3350 1 50 1 1.0
2 143390 2614 3385 1 10 1 1.0
2 123752 2615 2974 1 10 0 1.0
2 137239 2615 3420 1 1 1 1.0
2 74206 2616 2077 1 1 1 1.0
2 69354 2618 1973 1 1 1 1.0
2 147562 2622 4034 1 10 0 1.0
2 139363 2625 4177 1 10 0 1.0
2 127361 2629 3819 1 1 0 1.0
2 136065 2630 3425 1 1 0 1.0
2 78535 2632 1907 1 1 1 1.0
2 130540 2639 3887 1 1 1 1.0
2 168841 2644 3659 1 1 1 1.0
2 170855 2648 4971 1 1 0 1.0
2 156852 2651 3992 1 1 1 1.0
2 158379 2654 3254 1 1 0 1.0
2 122382 2655 2476 1 10 1 1.0
2 86132 2655 2418 1 1 0 1.0
2 140324 2657 2821 1 1 1 1.0
2 139447 2658 3108 1 1 0 1.0
2 66832 2661 1839 1 1 1 1.0
2 93834 2661 2701 1 1 1 1.0
2 109440 2665 2607 1 1 0 1.0
2 78831 2666 1667 1 1 1 1.0
2 106284 2669 2867 1 1 1 1.0
2 74136 2671 1939 1 10 0 1.0
2 83795 2671 2026 1 10 1 1.0
2 177578 2672 5258 1 1 0 1.0
2 161545 2672 3232 1 10 0 1.0
2 90256 2672 2653 1 50 0 1.0
2 171692 2675 4739 1 50 1 1.0
2 176882 2675 4166 1 1 0 1.0
2 158840 2680 4425 1 1 1 1.0
2 119489 2681 2922 1 10 0 1.0
2 157345 2682 4276 1 1 0 1.0
2 166479 2684 3947 1 1 0 1.0
2 122703 2684 2837 1 1 1 1.0
2 142708 2685 3549 1 10 1 1.0
2 101572 2690 2117 1 10 1 1.0
2 80500 2691 2244 1 10 0 1.0
2 158986 2697 4042 1 10 0 1.0
2 101031 2699 2719 1 1 0 1.0
2 168753 2701 4822 1 50 0 1.0
2 82545 2703 2214 1 10 0 1.0
2 127850 2705 3201 1 10 1 1.0
2 146313 2706 3723 1 50 0 1.0
2 178997 2710 4342 1 1 0 1.0
2 129728 2715 2655 1 1 0 1.0
2 133802 2717 3016 1 1 1 1.0
2 157654 2725 3732 1 1 1 1.0
2 132581 2726 3711 1 1 1 1.0
2 163550 2726 4478 1 10 0 1.0
2 162297 2727 4396 1 1 1 1.0
2 99656 2728 2104 1 1 0 1.0
2 170068 2728 4853 1 50 0 1.0
2 154746 2729 3261 1 10 0 1.0
2 85937 2730 1804 1 10 1 1.0
2 177547 2730 4167 1 10 1 1.0
2 108325 2730 2196 1 10 0 1.0
2 106437 2735 2247 1 10 1 1.0
2 84255 2736 2156 1 1 1 1.0
2 173453 2740 3602 1 50 0 1.0
2 171901 2746 5082 1 1 0 1.0
2 135086 2751 2913 1 1 0 1.0
2 91714 2754 2529 1 10 0 1.0
2 78311 2755 1632 1 1 0 1.0
2 67421 2760 1649 1 1 0 1.0
2 132802 2765 3055 1 1 1 1.0
2 150267 2765 3050 1 1 0 1.0
2 90501 2767 1971 1 1 1 1.0
2 160408 2769 4567 1 1 0 1.0
2 178102 2769 3932 1 50 0 1.0
2 88488 2776 2295 1 50 1 1.0
2 94660 2778 2825 1 10 0 1.0
2 120428 2780 3399 1 1 1 1.0
2 162773 2785 4623 1 1 0 1.0
2 120235 2785 2783 1 1 1 1.0
2 84857 2786 1772 1 1 0 1.0
2 158319 2789 4323 1 10 0 1.0
2 152918 2789 4380 1 1 1 1.0
2 120523 2790 2552 1 1 0 1.0
2 118252 2791 3534 1 1 1 1.0
2 75855 2795 2263 1 10 1 1.0
2 68957 2796 2033 1 50 1 1.0
2 102680 2798 2669 1 50 1 1.0
2 68152 2802 1992 1 10 0 1.0
2 73026 2803 1712 1 1 1 1.0
2 106902 2805 2942 1 1 0 1.0
2 175694 2807 4551 1 1 0 1.0
2 155434 2807 4046 1 10 0 1.0
2 169258 2809 3887 1 1 0 1.0
2 118922 2813 2785 1 1 1 1.0
2 132158 2814 3501 1 1 1 1.0
2 139962 2814 3969 1 1 1 1.0
2 154273 2815 3758 1 1 1 1.0
2 99647 2820 2361 1 1 1 1.0
2 79132 2820 2032 1 10 1 1.0
2 118942 2820 2401 1 1 0 1.0
2 121546 2828 2659 1 1 1 1.0
2 77467 2828 1744 1 1 0 1.0
2 133918 2830 3683 1 1 1 1.0
2 169327 2830 4229 1 1 1 1.0
2 136629 2839 3433 1 10 1 1.0
2 147857 2841 3557 1 1 1 1.0
2 152477 2841 3478 1 10 1 1.0
2 179843 2842 4299 1 1 1 1.0
2 125284 2843 3407 1 1 1 1.0
2 177092 2844 5252 1 10 1 1.0
2 64155 2845 1865 1 1 1 1.0
2 133311 2847 3037 1 1 0 1.0
2 177123 2848 4207 1 10 0 1.0
2 124614 2849 2946 1 1 1 1.0
2 140524 2852 3162 1 50 0 1.0
2 128858 2882 2723 1 1 0 1.0
2 93907 2883 2349 1 10 1 1.0
2 128609 2884 3217 1 1 1 1.0
2 63616 2888 1513 1 10 1 1.0
2 118449 2891 3317 1 1 1 1.0
2 131348 2893 3451 1 1 1 1.0
2 71321 2894 2028 1 1 1 1.0
2 101958 2895 2265 1 1 1 1.0
2 134747 2896 3621 1 10 0 1.0
2 62596 2897 1546 1 1 0 1.0
2 75157 2899 2017 1 10 1 1.0
2 142153 2902 3235 1 1 0 1.0
2 171695 2908 4271 1 10 0 1.0
2 142186 2909 3690 1 1 1 1.0
2 129501 2910 3777 1 1 1 1.0
2 115084 2912 2932 1 10 0 1.0
2 118245 2915 2745 1 10 1 1.0
2 109459 2916 3038 1 50 0 1.0
2 110502 2918 2545 1 10 1 1.0
2 161240 2920 3920 1 10 1 1.0
2 75099 2924 1820 1 1 1 1.0
2 119666 2942 3176 1 10 1 1.0
2 106761 2944 3102 1 10 0 1.0
2 64544 2944 1838 1 10 0 1.0
2 163315 2946 4579 1 1 1 1.0
2 103706 2947 2566 1 1 1 1.0
2 98436 2948 2607 1 1 1 1.0
2 158876 2950 3311 1 10 1 1.0
2 115177 2953 2750 1 1 0 1.0
2 177434 2956 4675 1 10 1 1.0
2 141906 2959 3899 1 1 0 1.0
2 69755 2960 1590 1 10 1 1.0
2 174681 2960 4041 1 1 0 1.0
2 85601 2965 1803 1 1 1 1.0
2 149250 2966 4205 1 1 1 1.0
2 101253 2967 2268 1 10 0 1.0
2 131111 2968 3853 1 1 0 1.0
2 94548 2972 2042 1 10 0 1.0
2 107489 2980 2460 1 10 1 1.0
2 151943 2981 3625 1 10 1 1.0
2 109636 2983 2333 1 10 0 1.0
2 79898 2988 1852 1 1 0 1.0
2 168014 2997 4114 1 1 0 1.0
2 93990 2998 1967 1 10 0 1.0
2 109546 3001 2328 1 10 1 1.0
2 86711 3003 1772 1 1 0 1.0
2 84451 3006 1714 1 1 0 1.0
2 147170 3007 3721 1 10 1 1.0
2 80620 3010 2316 1 10 1 1.0
2 167507 3013 4560 1 1 1 1.0
2 136629 3015 3094 1 1 1 1.0
2 171527 3016 4777 1 10 0 1.0
2 79024 3017 1806 1 10 1 1.0
2 156762 3017 4393 1 1 1 1.0
2 132541 3018 3038 1 10 0 1.0
2 145513 3020 3722 1 1 1 1.0
2 107950 3022 3032 1 10 0 1.0
2 104196 3022 2338 1 1 1 1.0
2 144026 3026 4131 1 10 0 1.0
2 77942 3031 1878 1 1 0 1.0
2 169342 3038 4537 1 10 0 1.0
2 163441 3042 3823 1 1 1 1.0
2 146036 3044 3053 1 1 0 1.0
2 150948 3048 4130 1 1 0 1.0
2 107627 3049 2617 1 10 1 1.0
2 163346 3050 4407 1 1 1 1.0
2 96387 3053 2287 1 1 1 1.0
2 92453 3055 2594 1 10 1 1.0
2 134166 3057 3618 1 1 1 1.0
2 79384 3061 2153 1 1 0 1.0
2 73617 3062 1687 1 10 0 1.0
2 154134 3063 3537 1 1 1 1.0
2 169304 3064 4842 1 1 1 1.0
2 168166 3072 3947 1 50 1 1.0
2 75527 3072 2181 1 1 0 1.0
2 165701 3079 4198 1 1 1 1.0
2 73056 3080 2177 1 1 1 1.0
2 159289 3081 3599 1 1 1 1.0
2 98551 3085 2500 1 1 1 1.0
2 127932 3087 2592 1 10 0 1.0
2 113338 3088 3170 1 50 1 1.0
2 112426 3093 2817 1 10 0 1.0
2 160693 3093 3457 1 1 1 1.0
2 60027 3093 1666 1 1 0 1.0
2 128517 3094 3547 1 50 0 1.0
2 124593 3098 3726 1 1 1 1.0
2 125521 3098 2652 1 1 1 1.0
2 103023 3100 2308 1 1 1 1.0
2 64846 3101 1432 1 1 1 1.0
2 82280 3101 1701 1 1 0 1.0
2 95693 3102 2727 1 1 0 1.0
2 132111 3103 3092 1 1 0 1.0
2 97296 3105 2749 1 1 1 1.0
2 80420 3111 1776 1 10 1 1.0
2 107487 3112 3080 1 1 0 1.0
2 142523 3116 3970 1 1 1 1.0
2 117011 3120 3501 1 50 0 1.0
2 130763 3122 2789 1 1 0 1.0
2 155342 3122 4381 1 10 0 1.0
2 173578 3122 4395 1 1 0 1.0
2 64393 3123 1362 1 1 1 1.0
2 167685 3126 4518 1 50 1 1.0
2 93999 3128 2437 1 1 0 1.0
2 78791 3130 2159 1 10 1 1.0
2 142940 3131 3651 1 10 1 1.0
2 168245 3133 4196 1 1 1 1.0
2 179947 3135 5385 1 50 1 1.0
2 157598 3138 3556 1 1 1 1.0
2 123686 3140 3305 1 1 1 1.0
2 117304 3143 3425 1 1 0 1.0
2 118815 3144 2523 1 1 1 1.0
2 145070 3146 3241 1 1 1 1.0
2 119272 3147 3326 1 1 0 1.0
2 68061 3147 2038 1 10 1 1.0
2 133328 3154 3396 1 10 0 1.0
2 135625 3155 3306 1 10 0 1.0
2 177657 3160 4137 1 1 0 1.0
2 128276 3161 2594 1 10 1 1.0
2 76831 3168 1793 1 10 0 1.0
2 160167 3168 4729 1 1 0 1.0
2 69508 3170 1580 1 1 1 1.0
2 115502 3172 3009 1 1 1 1.0
2 152878 3173 3822 1 10 0 1.0
2 143803 3177 4306 1 10 0 1.0
2 172845 3178 4834 1 10 1 1.0
2 145229 3185 3606 1 1 1 1.0
2 64324 3186 1678 1 1 1 1.0
2 78781 3187 2166 1 1 0 1.0
2 62889 3189 1715 1 10 1 1.0
2 127936 3190 2974 1 1 1 1.0
2 152407 3194 3875 1 50 0 1.0
2 118002 3196 3115 1 10 1 1.0
2 98444 3197 2250 1 1 0 1.0
2 115737 3200 2355 1 10 0 1.0
2 82622 3201 1973 1 10 1 1.0
2 126141 3202 3709 1 1 0 1.0
2 118889 3209 3194 1 1 1 1.0
2 140770 3219 3326 1 10 0 1.0
2 165317 3220 4801 1 10 1 1.0
2 146668 3220 3628 1 1 1 1.0
2 82162 3221 2412 1 10 0 1.0
2 76953 3224 2060 1 1 1 1.0
2 163567 3227 4628 1 10 0 1.0
2 101602 3231 2207 1 1 0 1.0
2 70759 3233 1827 1 1 0 1.0
2 138493 3233 2940 1 1 1 1.0
2 155828 3234 4440 1 1 1 1.0
2 139760 3242 3997 1 10 0 1.0
2 111481 3243 2989 1 1 0 1.0
2 91284 3243 1961 1 10 0 1.0
2 107498 3245 2789 1 10 1 1.0
2 88618 3245 2573 1 1 1 1.0
2 163499 3248 3723 1 1 0 1.0
2 105495 3248 2806 1 1 1 1.0
2 93006 3249 1931 1 1 1 1.0
2 157227 3252 4426 1 1 1 1.0
2 136833 3253 3012 1 1 0 1.0
2 82588 3255 2394 1 1 1 1.0
2 60748 3258 1616 1 1 1 1.0
2 102350 3259 2802 1 1 1 1.0
2 79456 3262 1609 1 10 0 1.0
2 139307 3262 3699 1 1 1 1.0
2 154517 3263 3790 1 1 1 1.0
2 73784 3271 2136 1 10 0 1.0
2 112565 3272 2274 1 1 0 1.0
2 104230 3276 2890 1 1 0 1.0
2 165438 3277 3862 1 10 0 1.0
2 79032 3277 1590 1 10 0 1.0
2 110168 3278 3286 1 1 0 1.0
2 174350 3278 5094 1 1 1 1.0
2 84324 3283 2008 1 1 0 1.0
2 123357 3287 2649 1 1 1 1.0
2 107331 3290 2220 1 10 1 1.0
2 96885 3292 2359 1 10 1 1.0
2 150655 3293 4167 1 50 1 1.0
2 127387 3294 2837 1 1 0 1.0
2 174010 3300 3661 1 1 0 1.0
2 80149 3300 2149 1 10 0 1.0
2 159446 3308 3731 1 1 1 1.0
2 145435 3309 3010 1 1 0 1.0
2 131195 3313 2782 1 1 1 1.0
2 93377 3314 2356 1 50 1 1.0
2 101026 3316 2448 1 10 0 1.0
2 108945 3324 3242 1 1 1 1.0
2 117398 3331 3489 1 1 1 1.0
2 60951 3333 1737 1 1 0 1.0
2 163254 3334 3330 1 1 1 1.0
2 65040 3335 1599 1 10 1 1.0
2 90701 3336 1935 1 10 0 1.0
2 114603 3336 3222 1 10 1 1.0
2 154487 3337 3876 1 1 0 1.0
2 130729 3342 3909 1 1 0 1.0
2 145636 3347 3511 1 50 1 1.0
2 60564 3348 1255 1 10 0 1.0
2 93178 3353 2250 1 10 0 1.0
2 115702 3354 2607 1 10 0 1.0
2 147774 3361 4152 1 1 1 1.0
2 81080 3365 2097 1 50 0 1.0
2 82048 3367 1892 1 1 1 1.0
2 141449 3369 3802 1 10 0 1.0
2 72460 3369 1600 1 1 0 1.0
2 133705 3370 3245 1 1 0 1.0
2 83020 3375 2085 1 1 0 1.0
2 124071 3375 3625 1 10 1 1.0
2 132029 3381 3384 1 1 1 1.0
2 169342 3385 4657 1 10 0 1.0
2 127437 3385 3346 1 1 1 1.0
2 97314 3390 2436 1 1 1 1.0
2 176885 3393 4575 1 1 0 1.0
2 150529 3393 3297 1 1 1 1.0
2 102765 3395 2443 1 1 0 1.0
2 155342 3396 4586 1 1 1 1.0
2 99144 3396 2019 1 1 0 1.0
2 120708 3397 2869 1 1 0 1.0
2 158044 3398 3600 1 1 0 1.0
2 153678 3398 3842 1 50 1 1.0
2 108825 3400 2381 1 1 1 1.0
2 126238 3401 3764 1 1 1 1.0
2 162515 3402 4042 1 1 0 1.0
2 167707 3403 3512 1 10 1 1.0
2 120711 3405 3090 1 50 0 1.0
2 79488 3406 1751 1 1 1 1.0
2 135797 3409 3196 1 10 1 1.0
2 127858 3409 3102 1 1 1 1.0
2 83216 3416 1750 1 10 0 1.0
2 147418 3417 3681 1 1 1 1.0
2 166450 3419 4343 1 1 0 1.0
2 110641 3419 2878 1 10 1 1.0
2 105757 3422 2716 1 1 1 1.0
2 169311 3423 4185 1 1 0 1.0
2 97927 3424 2263 1 10 1 1.0
2 98903 3427 2334 1 1 1 1.0
2 140754 3427 3934 1 1 0 1.0
2 66903 3427 1919 1 1 1 1.0
2 91825 3428 2162 1 1 0 1.0
2 74157 3429 1770 1 1 0 1.0
2 128814 3430 2883 1 10 0 1.0
2 141603 3436 3694 1 10 1 1.0
2 179154 3437 4149 1 1 1 1.0
2 142630 3439 3828 1 1 1 1.0
2 88181 3443 2020 1 10 1 1.0
2 70797 3446 1589 1 10 0 1.0
2 138515 3452 2830 1 1 1 1.0
2 110799 3454 2250 1 1 0 1.0
2 100190 3458 2200 1 1 1 1.0
2 176109 3461 4818 1 1 0 1.0
2 78472 3462 1752 1 1 0 1.0
2 115358 3463 2443 1 1 0 1.0
2 117981 3466 2808 1 1 1 1.0
2 142751 3467 3994 1 50 1 1.0
2 61170 3469 1825 1 1 0 1.0
2 117054 3472 2482 1 10 0 1.0
2 87297 3479 1762 1 1 1 1.0
2 159476 3481 3738 1 1 0 1.0
2 80446 3484 2148 1 1 1 1.0
2 169601 3485 5046 1 10 1 1.0
2 134431 3486 3109 1 10 1 1.0
2 116372 3487 2634 1 10 0 1.0
2 133343 3488 3306 1 50 1 1.0
2 94372 3489 2819 1 1 1 1.0
2 161465 3490 3911 1 1 1 1.0
2 133979 3491 3666 1 1 0 1.0
2 149305 3494 3131 1 10 1 1.0
2 114602 3499 3250 1 1 1 1.0
2 157357 3503 4060 1 1 0 1.0
2 107679 3505 2645 1 10 1 1.0
2 172615 3505 4137 1 10 0 1.0
2 176347 3507 3914 1 1 0 1.0
2 147601 3511 3449 1 1 1 1.0
2 87405 3516 1905 1 10 1 1.0
2 142375 3516 4190 1 1 0 1.0
2 84335 3524 1739 1 1 1 1.0
2 124554 3525 2840 1 10 0 1.0
2 96406 3530 2831 1 1 1 1.0
2 111913 3533 3071 1 1 1 1.0
2 100864 3534 2529 1 1 1 1.0
2 145676 3535 3042 1 10 0 1.0
2 107277 3538 3184 1 10 0 1.0
2 114883 3542 2712 1 1 1 1.0
2 138500 3545 3235 1 1 0 1.0
2 155581 3545 3928 1 10 1 1.0
2 80561 3546 2133 1 1 1 1.0
2 176237 3551 4183 1 1 0 1.0
2 107015 3553 2913 1 10 1 1.0
2 122473 3554 3405 1 10 1 1.0
2 158884 3557 3584 1 1 0 1.0
2 130738 3560 2690 1 1 0 1.0
2 137338 3562 3175 1 1 1 1.0
2 104871 3562 2402 1 10 1 1.0
2 71498 3562 1488 1 1 1 1.0
2 106050 3568 2401 1 1 0 1.0
2 176674 3570 4524 1 10 0 1.0
2 154176 3571 3430 1 50 0 1.0
2 65374 3572 1543 1 10 1 1.0
2 88390 3572 2517 1 10 0 1.0
2 93472 3573 1884 1 1 0 1.0
2 73529 3576 1769 1 10 1 1.0
2 61548 3578 1291 1 1 1 1.0
2 109033 3578 3219 1 10 1 1.0
2 93981 3581 2571 1 1 1 1.0
2 92946 3582 2683 1 10 0 1.0
2 116914 3586 2366 1 1 0 1.0
2 164793 3587 3760 1 1 1 1.0
2 153892 3587 3898 1 1 1 1.0
2 107421 3588 2401 1 1 0 1.0
2 143466 3591 3393 1 10 0 1.0
2 150492 3594 3990 1 10 0 1.0
2 101036 3597 2313 1 10 0 1.0
2 66337 3598 1480 1 50 0 1.0
