1500
4 123206 2 3032 1 1 0 1.0
4 104275 5 2894 1 1 1 1.0
4 84774 7 1818 1 1 1 1.0
4 162017 10 3981 1 1 0 1.0
4 108970 11 3207 1 10 1 1.0
4 72316 12 1776 1 1 1 1.0
4 89356 12 2146 1 1 1 1.0
4 82894 14 2134 1 10 0 1.0
4 107061 15 2973 1 1 1 1.0
4 175789 15 4573 1 1 1 1.0
4 173648 15 4351 1 10 0 1.0
4 109072 22 2225 1 50 1 1.0
4 151978 26 3675 1 10 0 1.0
4 100778 37 2949 1 1 1 1.0
4 104001 38 2907 1 50 0 1.0
4 147638 44 3617 1 1 1 1.0
4 157770 47 3791 1 1 0 1.0
4 89272 47 2188 1 1 0 1.0
4 71854 51 1992 1 50 1 1.0
4 105242 51 2197 1 10 0 1.0
4 168867 55 3653 1 1 1 1.0
4 168437 56 4222 1 1 1 1.0
4 152617 57 3152 1 1 0 1.0
4 160302 59 4271 1 10 1 1.0
4 135737 60 3396 1 50 1 1.0
4 164362 62 3797 1 1 1 1.0
4 167625 78 4008 1 1 0 1.0
4 139120 91 4038 1 50 1 1.0
4 73742 92 1961 1 1 0 1.0
4 132030 94 3857 1 1 1 1.0
4 121764 97 3615 1 1 1 1.0
4 64066 98 1879 1 10 1 1.0
4 68788 99 1642 1 1 0 1.0
4 113642 103 3407 1 1 1 1.0
4 110792 105 2535 1 10 0 1.0
4 121658 108 2598 1 10 0 1.0
4 174882 113 4122 1 1 0 1.0
4 75285 115 2168 1 10 0 1.0
4 81633 116 2430 1 1 1 1.0
4 98102 117 2038 1 1 1 1.0
4 103749 120 2136 1 1 0 1.0
4 64231 124 1416 1 10 1 1.0
4 150165 125 3428 1 10 1 1.0
4 117898 125 3502 1 1 0 1.0
4 128479 126 3362 1 1 1 1.0
4 89109 134 2179 1 10 1 1.0
4 164575 134 3580 1 10 0 1.0
4 111118 137 2933 1 1 1 1.0
4 143865 139 3039 1 1 0 1.0
4 81814 141 1928 1 1 0 1.0
4 148096 152 4343 1 1 1 1.0
4 159892 155 4451 1 1 0 1.0
4 89384 156 2240 1 10 1 1.0
4 163478 157 3445 1 10 1 1.0
4 131285 169 3272 1 1 1 1.0
4 177668 171 4074 1 10 0 1.0
4 107357 171 3135 1 10 1 1.0
4 177020 175 4478 1 10 0 1.0
4 143891 179 3345 1 10 0 1.0
4 140686 182 3624 1 10 0 1.0
4 104464 190 2598 1 10 1 1.0
4 141853 192 3216 1 10 0 1.0
4 81334 192 2266 1 10 1 1.0
4 100915 194 2833 1 1 0 1.0
4 169930 206 3869 1 10 1 1.0
4 132312 209 2713 1 1 1 1.0
4 91195 211 1982 1 1 1 1.0
4 101207 213 2075 1 10 0 1.0
4 60741 217 1480 1 1 1 1.0
4 128578 218 3721 1 10 0 1.0
4 94013 227 2531 1 10 1 1.0
4 160491 231 4589 1 1 0 1.0
4 115140 234 2900 1 1 0 1.0
4 120369 235 3227 1 10 0 1.0
4 137818 235 4035 1 50 1 1.0
4 161364 237 4621 1 10 0 1.0
4 172416 245 5011 1 10 1 1.0
4 62275 247 1526 1 50 1 1.0
4 151353 252 3561 1 10 0 1.0
4 139938 254 2941 1 50 0 1.0
4 95719 255 2058 1 1 0 1.0
4 129213 257 2710 1 1 0 1.0
4 152809 263 3835 1 1 1 1.0
4 140488 264 3370 1 10 0 1.0
4 131536 264 3458 1 50 1 1.0
4 151688 265 3675 1 1 0 1.0
4 79775 271 2064 1 1 1 1.0
4 62412 272 1458 1 1 0 1.0
4 139367 272 3933 1 10 1 1.0
4 149253 275 3848 1 1 1 1.0
4 86984 275 2429 1 50 1 1.0
4 158324 279 3210 1 1 0 1.0
4 69461 284 2041 1 10 1 1.0
4 87620 288 1822 1 1 0 1.0
4 84568 290 2361 1 10 0 1.0
4 173509 291 4016 1 1 0 1.0
4 179485 292 3610 1 10 1 1.0
4 105472 292 2735 1 1 0 1.0
4 103912 296 2846 1 1 1 1.0
4 135863 296 3348 1 1 1 1.0
4 120788 300 3546 1 1 0 1.0
4 99445 304 2259 1 1 1 1.0
4 160042 307 4340 1 10 1 1.0
4 104392 310 2805 1 10 0 1.0
4 129691 310 2738 1 1 1 1.0
4 64998 311 1400 1 10 1 1.0
4 121213 311 2857 1 1 0 1.0
4 116088 315 2796 1 1 1 1.0
4 82337 316 1942 1 10 0 1.0
4 149257 317 3890 1 1 0 1.0
4 101643 319 2142 1 1 0 1.0
4 142130 320 3061 1 1 1 1.0
4 120044 320 2559 1 50 0 1.0
4 119228 321 3221 1 1 1 1.0
4 151215 322 3977 1 10 1 1.0
4 64816 324 1531 1 1 1 1.0
4 130692 325 3851 1 1 1 1.0
4 114856 332 2853 1 1 0 1.0
4 95582 334 2178 1 1 0 1.0
4 110780 345 2609 1 50 0 1.0
4 95493 347 2583 1 10 1 1.0
4 130820 347 3609 1 1 0 1.0
4 133656 351 3525 1 50 0 1.0
4 163772 356 3817 1 1 0 1.0
4 152102 358 3374 1 1 0 1.0
4 98300 358 2286 1 1 1 1.0
4 175999 363 4598 1 1 1 1.0
4 155398 363 3886 1 1 0 1.0
4 176226 363 4266 1 1 0 1.0
4 89236 363 2120 1 10 1 1.0
4 125146 363 2527 1 10 1 1.0
4 132630 366 3764 1 1 0 1.0
4 70439 368 1921 1 1 0 1.0
4 157690 370 4520 1 1 0 1.0
4 79347 376 1805 1 1 1 1.0
4 66864 377 1555 1 1 0 1.0
4 179638 378 4116 1 1 0 1.0
4 65585 380 1524 1 50 1 1.0
4 124441 384 3043 1 1 0 1.0
4 92363 384 1891 1 1 1 1.0
4 131738 387 3110 1 10 1 1.0
4 81019 387 2032 1 1 0 1.0
4 103342 388 2473 1 50 0 1.0
4 173062 388 5160 1 1 0 1.0
4 102276 389 2897 1 10 0 1.0
4 159210 390 3414 1 10 0 1.0
4 81795 391 1996 1 1 0 1.0
4 127566 393 2736 1 1 1 1.0
4 85760 394 1739 1 1 0 1.0
4 80146 407 1665 1 1 0 1.0
4 175913 416 3543 1 10 1 1.0
4 111893 417 2436 1 1 0 1.0
4 143094 420 3475 1 1 0 1.0
4 85809 423 1973 1 10 0 1.0
4 143322 425 3425 1 1 1 1.0
4 129516 425 3321 1 10 1 1.0
4 157689 428 3340 1 10 1 1.0
4 100754 429 2570 1 50 1 1.0
4 134730 432 3034 1 1 0 1.0
4 179058 433 4711 1 1 1 1.0
4 102834 440 2579 1 10 1 1.0
4 103124 442 2757 1 1 0 1.0
4 114566 444 3349 1 10 0 1.0
4 132536 444 2853 1 50 0 1.0
4 129883 445 3025 1 1 1 1.0
4 60979 448 1358 1 10 1 1.0
4 74577 450 2225 1 10 0 1.0
4 114950 454 3425 1 1 0 1.0
4 158221 456 3450 1 10 1 1.0
4 94146 456 2490 1 10 0 1.0
4 153504 458 3793 1 1 1 1.0
4 129243 458 3314 1 1 0 1.0
4 86687 459 1872 1 1 1 1.0
4 99440 461 2248 1 10 1 1.0
4 113328 468 2807 1 10 1 1.0
4 177313 470 4074 1 1 1 1.0
4 93635 470 2468 1 1 0 1.0
4 67638 471 1797 1 10 1 1.0
4 68442 477 2000 1 1 0 1.0
4 111269 478 2617 1 1 0 1.0
4 113917 487 3058 1 50 1 1.0
4 77673 488 1813 1 1 0 1.0
4 94599 489 1979 1 10 1 1.0
4 153098 491 4453 1 1 0 1.0
4 177078 493 4253 1 50 1 1.0
4 124611 494 3071 1 1 1 1.0
4 164622 495 4696 1 10 1 1.0
4 160428 496 3980 1 1 1 1.0
4 168975 499 3727 1 1 0 1.0
4 93089 499 2667 1 1 0 1.0
4 115967 501 3227 1 1 1 1.0
4 108594 501 2668 1 10 1 1.0
4 63759 504 1472 1 50 0 1.0
4 122027 505 3495 1 10 1 1.0
4 117687 512 3496 1 1 1 1.0
4 97049 513 2356 1 10 1 1.0
4 145548 513 3010 1 1 1 1.0
4 75904 513 1871 1 10 0 1.0
4 83863 513 1975 1 1 1 1.0
4 81874 514 1694 1 1 0 1.0
4 84319 515 1812 1 10 1 1.0
4 142884 517 3843 1 50 1 1.0
4 88813 517 2570 1 10 1 1.0
4 102599 519 2798 1 50 0 1.0
4 142621 521 3235 1 1 1 1.0
4 143380 526 4181 1 10 0 1.0
4 113074 528 2299 1 50 0 1.0
4 176700 535 4780 1 1 0 1.0
4 165015 536 3310 1 1 1 1.0
4 151299 539 3383 1 10 0 1.0
4 91472 539 2058 1 1 1 1.0
4 113134 541 2986 1 10 0 1.0
4 99863 542 2133 1 50 0 1.0
4 88293 553 1901 1 1 0 1.0
4 98734 553 2549 1 1 1 1.0
4 102907 562 2912 1 1 0 1.0
4 92504 563 2039 1 1 1 1.0
4 100513 564 2491 1 1 1 1.0
4 171129 567 4973 1 10 0 1.0
4 78000 570 1816 1 1 1 1.0
4 118499 574 3324 1 1 1 1.0
4 168960 575 4529 1 1 1 1.0
4 82328 578 1714 1 1 0 1.0
4 93322 578 2320 1 1 0 1.0
4 62651 579 1311 1 1 0 1.0
4 127613 580 3399 1 1 0 1.0
4 117694 580 2768 1 10 0 1.0
4 118872 585 2545 1 1 0 1.0
4 86916 585 1937 1 10 0 1.0
4 116660 587 3268 1 1 0 1.0
4 132733 589 3277 1 1 1 1.0
4 105382 590 2637 1 50 0 1.0
4 147518 591 4357 1 10 0 1.0
4 107388 592 3019 1 10 1 1.0
4 60267 600 1653 1 1 0 1.0
4 155488 601 3786 1 1 0 1.0
4 73865 605 1545 1 1 1 1.0
4 150257 605 3859 1 10 0 1.0
4 90613 605 2160 1 1 0 1.0
4 94666 606 2485 1 1 0 1.0
4 114262 607 2508 1 1 0 1.0
4 100147 614 2192 1 10 0 1.0
4 120212 617 2418 1 10 0 1.0
4 158202 617 4257 1 10 1 1.0
4 93362 620 2266 1 1 0 1.0
4 162202 620 4331 1 1 0 1.0
4 168146 623 3582 1 1 0 1.0
4 124289 625 2880 1 1 0 1.0
4 64501 625 1498 1 1 0 1.0
4 96267 630 2869 1 1 0 1.0
4 84080 631 1948 1 1 1 1.0
4 135341 633 3484 1 1 1 1.0
4 62860 633 1704 1 10 0 1.0
4 120509 633 3189 1 1 0 1.0
4 69196 635 1521 1 1 0 1.0
4 92503 637 1974 1 10 0 1.0
4 101851 644 2818 1 50 1 1.0
4 160613 644 4430 1 1 0 1.0
4 131244 657 3275 1 10 0 1.0
4 110910 660 3009 1 10 0 1.0
4 128363 662 2671 1 50 0 1.0
4 127586 666 2874 1 1 1 1.0
4 117143 668 3202 1 50 0 1.0
4 93177 672 2715 1 10 1 1.0
4 76118 676 1724 1 50 0 1.0
4 133674 679 3051 1 1 1 1.0
4 115913 682 3306 1 10 1 1.0
4 126125 687 3346 1 50 1 1.0
4 92964 688 2341 1 50 1 1.0
4 119963 692 3416 1 1 0 1.0
4 68063 693 1492 1 1 0 1.0
4 135584 694 3238 1 10 1 1.0
4 177598 701 3794 1 1 1 1.0
4 144437 701 2925 1 1 0 1.0
4 81413 702 1819 1 10 1 1.0
4 106749 711 2443 1 1 1 1.0
4 65633 721 1794 1 10 1 1.0
4 102314 724 2995 1 1 0 1.0
4 147846 724 3961 1 1 1 1.0
4 86981 729 1913 1 1 0 1.0
4 154673 733 3392 1 1 1 1.0
4 106352 735 2462 1 10 0 1.0
4 84071 738 1760 1 1 1 1.0
4 176522 738 4914 1 10 0 1.0
4 150434 742 4007 1 1 0 1.0
4 78367 742 2287 1 10 0 1.0
4 122818 744 3602 1 1 0 1.0
4 98285 748 2397 1 1 0 1.0
4 104244 754 2529 1 1 1 1.0
4 166937 758 3481 1 10 0 1.0
4 110711 759 2258 1 1 1 1.0
4 83658 763 2139 1 10 0 1.0
4 148310 764 4017 1 1 0 1.0
4 74225 766 1797 1 10 1 1.0
4 73608 768 1632 1 10 0 1.0
4 129423 772 3695 1 1 0 1.0
4 86125 781 2048 1 10 1 1.0
4 159746 783 4045 1 1 1 1.0
4 71483 791 1794 1 10 0 1.0
4 143856 793 2947 1 1 1 1.0
4 89316 793 2652 1 1 1 1.0
4 110283 797 2598 1 50 0 1.0
4 93814 798 2551 1 10 0 1.0
4 148381 799 3201 1 50 0 1.0
4 147708 800 3840 1 1 0 1.0
4 152943 807 3872 1 1 0 1.0
4 68006 807 1804 1 10 1 1.0
4 154761 809 4146 1 1 0 1.0
4 74699 811 1536 1 1 0 1.0
4 78670 817 1864 1 1 1 1.0
4 109129 817 2853 1 10 1 1.0
4 146067 818 3641 1 10 0 1.0
4 109360 824 3260 1 1 0 1.0
4 110733 826 2453 1 10 0 1.0
4 135354 828 2943 1 10 0 1.0
4 113688 831 2996 1 1 0 1.0
4 148229 832 3830 1 1 0 1.0
4 121592 833 2507 1 1 0 1.0
4 86297 834 2026 1 50 0 1.0
4 154260 837 3938 1 1 1 1.0
4 112665 838 2735 1 1 0 1.0
4 169436 843 4106 1 1 0 1.0
4 174449 843 4851 1 1 1 1.0
4 119231 846 2469 1 1 1 1.0
4 64913 854 1409 1 1 1 1.0
4 92004 855 1995 1 10 0 1.0
4 112514 859 2288 1 1 1 1.0
4 153117 866 3347 1 1 0 1.0
4 80002 867 2221 1 1 0 1.0
4 170854 868 4153 1 1 1 1.0
4 174442 869 4806 1 1 1 1.0
4 166492 869 4727 1 10 1 1.0
4 142833 870 3541 1 1 0 1.0
4 168814 870 3867 1 1 0 1.0
4 165911 870 4498 1 10 0 1.0
4 133733 871 3458 1 1 1 1.0
4 143659 875 4170 1 10 1 1.0
4 105419 878 2320 1 1 0 1.0
4 129647 879 3706 1 10 1 1.0
4 171712 882 4368 1 1 0 1.0
4 137302 884 3250 1 10 0 1.0
4 118651 887 3277 1 1 0 1.0
4 83763 892 1830 1 10 1 1.0
4 155229 892 4312 1 10 1 1.0
4 178663 892 4793 1 1 0 1.0
4 168909 894 3837 1 1 1 1.0
4 117446 896 2615 1 10 1 1.0
4 164143 897 4858 1 1 0 1.0
4 70930 899 1618 1 1 0 1.0
4 73675 899 1711 1 10 1 1.0
4 154744 902 3719 1 10 1 1.0
4 63084 903 1584 1 1 1 1.0
4 92692 904 2065 1 10 0 1.0
4 145784 905 3424 1 10 1 1.0
4 70100 915 1448 1 10 0 1.0
4 150338 916 3189 1 1 1 1.0
4 156270 916 3337 1 50 1 1.0
4 66092 921 1742 1 1 0 1.0
4 94942 922 2229 1 1 1 1.0
4 89079 930 2624 1 1 0 1.0
4 163649 933 4868 1 10 0 1.0
4 74472 934 2209 1 1 0 1.0
4 148224 944 4084 1 1 0 1.0
4 179474 948 4447 1 1 0 1.0
4 140097 948 4004 1 10 0 1.0
4 121547 951 3299 1 1 1 1.0
4 97890 952 2616 1 1 1 1.0
4 138389 952 3760 1 1 1 1.0
4 100727 956 2506 1 10 1 1.0
4 179248 957 4129 1 50 0 1.0
4 135803 958 2787 1 10 1 1.0
4 171005 959 4113 1 50 1 1.0
4 60181 959 1456 1 1 0 1.0
4 139615 960 3461 1 10 1 1.0
4 163748 961 3796 1 10 1 1.0
4 154180 962 4144 1 1 1 1.0
4 149506 963 4412 1 1 0 1.0
4 157228 967 3308 1 1 0 1.0
4 100611 971 2643 1 1 1 1.0
4 81848 971 1810 1 1 1 1.0
4 93942 971 2132 1 1 0 1.0
4 134083 972 3108 1 10 1 1.0
4 162060 973 4797 1 1 1 1.0
4 155176 973 3130 1 1 0 1.0
4 155581 981 3204 1 50 1 1.0
4 76226 982 1895 1 1 1 1.0
4 90604 984 2392 1 1 1 1.0
4 114475 987 2548 1 1 0 1.0
4 89262 987 2400 1 10 0 1.0
4 157339 987 4325 1 10 1 1.0
4 169427 988 3536 1 1 0 1.0
4 143809 988 3309 1 10 0 1.0
4 174048 989 3864 1 1 0 1.0
4 161963 990 3584 1 1 0 1.0
4 100941 991 2751 1 10 1 1.0
4 117506 991 2728 1 1 0 1.0
4 70797 993 1737 1 1 0 1.0
4 63056 996 1769 1 1 0 1.0
4 162817 1000 4573 1 10 0 1.0
4 70291 1002 2104 1 1 0 1.0
4 135427 1003 3741 1 10 1 1.0
4 110179 1006 2788 1 50 0 1.0
4 156683 1009 3579 1 1 1 1.0
4 90952 1013 2158 1 50 0 1.0
4 172806 1014 4348 1 1 0 1.0
4 64370 1015 1604 1 50 0 1.0
4 63805 1015 1672 1 10 0 1.0
4 173178 1015 4126 1 1 0 1.0
4 87589 1015 2397 1 50 1 1.0
4 82583 1015 2373 1 1 1 1.0
4 101238 1018 2260 1 1 1 1.0
4 176435 1020 4270 1 1 1 1.0
4 129413 1021 3748 1 1 0 1.0
4 171911 1029 5141 1 1 1 1.0
4 133611 1029 2737 1 1 1 1.0
4 86360 1030 1857 1 1 0 1.0
4 84056 1032 2407 1 1 0 1.0
4 114273 1034 2951 1 1 1 1.0
4 173511 1038 4625 1 10 1 1.0
4 151753 1039 3671 1 1 0 1.0
4 130310 1041 2786 1 1 1 1.0
4 76006 1042 1662 1 1 1 1.0
4 90772 1042 2097 1 1 1 1.0
4 114714 1052 3411 1 1 0 1.0
4 62247 1059 1857 1 1 0 1.0
4 171446 1061 4349 1 1 0 1.0
4 84972 1062 2447 1 1 0 1.0
4 75605 1064 1532 1 1 1 1.0
4 155576 1065 3125 1 1 1 1.0
4 136758 1065 2893 1 10 1 1.0
4 100684 1067 2670 1 50 0 1.0
4 150177 1071 3878 1 10 0 1.0
4 176522 1077 4428 1 1 1 1.0
4 77235 1079 2153 1 1 0 1.0
4 149925 1085 3315 1 1 1 1.0
4 163992 1085 4305 1 10 1 1.0
4 178396 1086 5079 1 10 0 1.0
4 128791 1088 3091 1 1 0 1.0
4 119027 1089 2801 1 1 1 1.0
4 72724 1089 1757 1 1 0 1.0
4 120393 1092 2677 1 1 0 1.0
4 91587 1093 2234 1 1 1 1.0
4 125938 1093 2885 1 1 1 1.0
4 67686 1094 1908 1 1 0 1.0
4 120550 1097 2867 1 1 0 1.0
4 107562 1097 2174 1 1 1 1.0
4 124636 1100 2862 1 10 0 1.0
4 136190 1104 3809 1 1 0 1.0
4 166329 1108 3438 1 1 1 1.0
4 83595 1110 1932 1 10 0 1.0
4 77157 1111 2171 1 10 1 1.0
4 118051 1112 2820 1 10 1 1.0
4 150636 1113 4394 1 50 1 1.0
4 88228 1116 2418 1 10 0 1.0
4 160673 1118 4011 1 10 0 1.0
4 79905 1118 1855 1 1 0 1.0
4 79171 1123 1903 1 1 1 1.0
4 148154 1123 3950 1 1 1 1.0
4 143472 1124 3609 1 10 0 1.0
4 78662 1124 2251 1 1 1 1.0
4 114277 1125 3417 1 1 1 1.0
4 142024 1132 3125 1 50 1 1.0
4 136088 1135 3187 1 1 0 1.0
4 83064 1136 1867 1 50 1 1.0
4 84279 1138 2024 1 1 0 1.0
4 103795 1141 2474 1 10 0 1.0
4 80333 1145 2302 1 10 0 1.0
4 115148 1148 3424 1 1 1 1.0
4 155006 1153 3564 1 1 0 1.0
4 172171 1159 4108 1 1 0 1.0
4 115668 1161 3294 1 10 0 1.0
4 117133 1167 2972 1 1 0 1.0
4 89708 1169 1812 1 1 1 1.0
4 125159 1171 2839 1 1 0 1.0
4 113792 1172 2618 1 10 1 1.0
4 114968 1174 2680 1 1 0 1.0
4 102525 1177 2746 1 1 1 1.0
4 135126 1182 3309 1 1 0 1.0
4 94109 1183 1999 1 50 1 1.0
4 124868 1183 2785 1 1 1 1.0
4 69116 1185 1616 1 1 1 1.0
4 88777 1188 2373 1 10 0 1.0
4 158399 1188 3842 1 50 1 1.0
4 68038 1191 1914 1 1 0 1.0
4 62879 1193 1829 1 1 0 1.0
4 97249 1194 2796 1 10 0 1.0
4 140891 1194 3585 1 1 1 1.0
4 66873 1198 1946 1 1 1 1.0
4 79222 1200 1930 1 1 1 1.0
4 100411 1204 2008 1 1 0 1.0
4 165580 1204 4677 1 1 0 1.0
4 71141 1207 2081 1 1 1 1.0
4 146905 1214 3099 1 1 1 1.0
4 83344 1217 2252 1 1 1 1.0
4 155014 1218 4322 1 1 1 1.0
4 143266 1220 3477 1 1 0 1.0
4 111342 1221 3024 1 1 1 1.0
4 120398 1224 3589 1 1 1 1.0
4 94750 1224 2784 1 1 0 1.0
4 125825 1225 3477 1 1 1 1.0
4 164681 1226 4023 1 1 1 1.0
4 81824 1228 2252 1 1 1 1.0
4 80711 1238 2137 1 1 0 1.0
4 81412 1243 1855 1 1 1 1.0
4 72555 1245 2095 1 50 1 1.0
4 79777 1249 1702 1 10 1 1.0
4 136152 1250 3692 1 10 0 1.0
4 161842 1257 3346 1 10 1 1.0
4 137162 1275 3075 1 1 0 1.0
4 79710 1277 1660 1 10 0 1.0
4 105896 1279 2612 1 10 0 1.0
4 140603 1280 3995 1 1 0 1.0
4 76509 1282 1984 1 1 0 1.0
4 142128 1282 3269 1 1 0 1.0
4 128750 1282 3295 1 50 0 1.0
4 152759 1285 4299 1 10 0 1.0
4 63051 1285 1308 1 10 0 1.0
4 163930 1287 4391 1 1 1 1.0
4 162134 1290 4450 1 1 1 1.0
4 68217 1296 2033 1 1 1 1.0
4 153211 1302 3765 1 1 1 1.0
4 153757 1303 3126 1 1 1 1.0
4 120617 1309 3311 1 10 1 1.0
4 145346 1310 3863 1 10 1 1.0
4 112237 1311 3155 1 1 1 1.0
4 60699 1313 1293 1 1 0 1.0
4 90160 1316 2607 1 1 1 1.0
4 97626 1318 2747 1 1 1 1.0
4 72686 1325 1562 1 1 0 1.0
4 153513 1326 3287 1 50 0 1.0
4 78694 1327 2130 1 10 0 1.0
4 172398 1330 4000 1 1 0 1.0
4 87729 1330 2511 1 1 1 1.0
4 155177 1332 4370 1 1 1 1.0
4 103461 1335 2081 1 1 1 1.0
4 139103 1337 3320 1 10 0 1.0
4 154837 1340 3116 1 1 0 1.0
4 75884 1341 1730 1 1 1 1.0
4 140484 1341 3855 1 1 0 1.0
4 175746 1342 5242 1 1 0 1.0
4 115790 1343 2446 1 10 1 1.0
4 93275 1344 2078 1 1 1 1.0
4 83011 1346 2398 1 1 1 1.0
4 113357 1348 2777 1 50 1 1.0
4 120191 1350 3557 1 1 1 1.0
4 85305 1351 1835 1 10 0 1.0
4 179258 1351 4646 1 1 0 1.0
4 174038 1351 4133 1 1 0 1.0
4 62039 1353 1584 1 1 1 1.0
4 112854 1353 2441 1 1 1 1.0
4 175179 1355 4276 1 1 0 1.0
4 128996 1360 3769 1 10 0 1.0
4 162346 1360 4696 1 1 1 1.0
4 162355 1361 4699 1 1 1 1.0
4 118855 1365 2675 1 10 1 1.0
4 162510 1367 4476 1 1 0 1.0
4 110952 1367 2298 1 1 1 1.0
4 177824 1370 4409 1 1 0 1.0
4 125540 1377 3507 1 1 1 1.0
4 160485 1378 4762 1 1 1 1.0
4 126311 1391 3232 1 1 0 1.0
4 99073 1391 2845 1 1 0 1.0
4 119167 1392 2511 1 10 1 1.0
4 87708 1394 2328 1 10 0 1.0
4 117178 1398 2974 1 10 1 1.0
4 119236 1399 3138 1 1 1 1.0
4 165852 1399 4621 1 1 1 1.0
4 156949 1401 4315 1 1 1 1.0
4 76147 1402 1954 1 50 0 1.0
4 83397 1403 1946 1 10 1 1.0
4 105001 1404 2720 1 1 1 1.0
4 76466 1405 1802 1 1 0 1.0
4 125849 1406 2777 1 10 1 1.0
4 84415 1407 2063 1 1 0 1.0
4 79047 1410 2139 1 50 0 1.0
4 104713 1412 2873 1 1 1 1.0
4 79631 1412 2009 1 1 1 1.0
4 160462 1417 4366 1 1 0 1.0
4 152753 1418 4387 1 10 1 1.0
4 137683 1419 3468 1 1 0 1.0
4 93455 1420 2509 1 1 0 1.0
4 60515 1424 1334 1 1 0 1.0
4 146490 1426 4295 1 1 0 1.0
4 110031 1428 2510 1 1 0 1.0
4 115935 1430 2728 1 10 1 1.0
4 142999 1430 3270 1 1 0 1.0
4 71629 1431 1825 1 1 0 1.0
4 149968 1431 3243 1 1 1 1.0
4 81698 1433 2127 1 1 0 1.0
4 85583 1434 2335 1 1 1 1.0
4 122793 1435 2837 1 10 0 1.0
4 147623 1436 3695 1 10 0 1.0
4 117611 1437 2491 1 1 1 1.0
4 99869 1438 2897 1 1 1 1.0
4 168746 1444 4496 1 1 0 1.0
4 77185 1445 1571 1 1 1 1.0
4 164610 1448 4345 1 10 0 1.0
4 84815 1448 2110 1 50 1 1.0
4 164238 1450 3381 1 1 1 1.0
4 92191 1450 2067 1 10 1 1.0
4 88358 1454 1960 1 1 1 1.0
4 82078 1456 2428 1 1 1 1.0
4 116515 1458 3475 1 1 1 1.0
4 156065 1458 3904 1 1 0 1.0
4 87407 1464 2371 1 50 1 1.0
4 158036 1470 3678 1 1 0 1.0
4 77607 1476 1906 1 10 1 1.0
4 115578 1476 3458 1 10 0 1.0
4 75099 1477 1811 1 50 0 1.0
4 113707 1477 2842 1 1 1 1.0
4 160865 1478 3971 1 1 0 1.0
4 153652 1481 4371 1 1 0 1.0
4 123354 1485 2543 1 1 1 1.0
4 119077 1493 3260 1 1 0 1.0
4 63481 1494 1743 1 1 1 1.0
4 123717 1497 2997 1 10 0 1.0
4 129963 1503 2747 1 1 1 1.0
4 172834 1504 3479 1 10 0 1.0
4 105405 1519 2539 1 50 1 1.0
4 132202 1521 2675 1 1 1 1.0
4 75099 1522 1800 1 10 1 1.0
4 109413 1524 2204 1 10 0 1.0
4 95990 1528 2238 1 1 0 1.0
4 64090 1530 1857 1 1 1 1.0
4 64168 1530 1353 1 1 1 1.0
4 165456 1531 3488 1 10 0 1.0
4 112450 1533 3250 1 1 0 1.0
4 105915 1533 2255 1 50 0 1.0
4 102772 1538 2546 1 10 0 1.0
4 159013 1539 3847 1 1 1 1.0
4 168824 1539 3549 1 1 0 1.0
4 108057 1542 2804 1 1 1 1.0
4 142584 1543 3789 1 1 1 1.0
4 121503 1551 3593 1 1 1 1.0
4 142768 1555 2945 1 1 0 1.0
4 70531 1558 1794 1 1 0 1.0
4 169501 1559 4812 1 10 1 1.0
4 71057 1559 1536 1 1 1 1.0
4 115699 1563 3442 1 50 1 1.0
4 79113 1563 1803 1 50 1 1.0
4 110784 1565 2867 1 1 0 1.0
4 62038 1567 1554 1 10 0 1.0
4 65449 1571 1344 1 1 0 1.0
4 153760 1572 4090 1 1 1 1.0
4 98865 1572 2872 1 50 1 1.0
4 75594 1580 2030 1 10 1 1.0
4 122995 1580 2497 1 1 0 1.0
4 154789 1581 3419 1 1 0 1.0
4 134366 1581 3048 1 1 1 1.0
4 165528 1582 4869 1 1 1 1.0
4 117403 1583 2417 1 50 0 1.0
4 62881 1584 1283 1 1 1 1.0
4 155488 1590 3522 1 1 0 1.0
4 131929 1591 3164 1 1 0 1.0
4 122829 1595 2509 1 1 1 1.0
4 170473 1595 4391 1 10 1 1.0
4 139864 1595 3240 1 10 0 1.0
4 90939 1596 2530 1 1 0 1.0
4 116814 1597 2778 1 1 0 1.0
4 120956 1599 3122 1 1 1 1.0
4 164709 1601 3419 1 1 0 1.0
4 134524 1601 3950 1 1 1 1.0
4 86882 1611 2448 1 1 1 1.0
4 145225 1612 3877 1 50 1 1.0
4 66244 1613 1493 1 10 0 1.0
4 171728 1615 4216 1 1 0 1.0
4 61029 1616 1797 1 1 0 1.0
4 101941 1622 3022 1 1 0 1.0
4 61501 1622 1386 1 1 0 1.0
4 116388 1626 2863 1 50 1 1.0
4 85412 1626 1847 1 1 0 1.0
4 154514 1630 4195 1 10 1 1.0
4 151768 1632 4240 1 1 0 1.0
4 124205 1640 3296 1 1 1 1.0
4 161506 1640 4729 1 1 1 1.0
4 114133 1640 2776 1 1 1 1.0
4 155492 1642 3784 1 1 1 1.0
4 100961 1646 2285 1 10 0 1.0
4 162481 1650 4636 1 1 0 1.0
4 148161 1650 3681 1 1 1 1.0
4 113049 1651 2783 1 10 1 1.0
4 96544 1651 2617 1 50 1 1.0
4 138489 1652 3670 1 1 0 1.0
4 147830 1654 3847 1 1 1 1.0
4 136365 1656 3766 1 1 0 1.0
4 156100 1662 4664 1 10 1 1.0
4 169024 1664 4679 1 1 0 1.0
4 83610 1665 1921 1 10 1 1.0
4 148083 1672 3423 1 1 1 1.0
4 71195 1677 2038 1 1 0 1.0
4 152950 1682 3899 1 10 0 1.0
4 159409 1683 4451 1 1 1 1.0
4 177188 1686 3670 1 1 1 1.0
4 166361 1686 4026 1 50 1 1.0
4 68115 1686 1765 1 10 1 1.0
4 92209 1687 2721 1 10 0 1.0
4 88915 1689 2623 1 10 0 1.0
4 141779 1690 3863 1 1 0 1.0
4 112377 1693 3095 1 1 1 1.0
4 167626 1694 4012 1 1 1 1.0
4 74064 1698 1929 1 10 1 1.0
4 171606 1698 4325 1 10 1 1.0
4 144119 1702 2916 1 50 1 1.0
4 165996 1704 3958 1 1 1 1.0
4 113349 1705 2772 1 1 1 1.0
4 134825 1705 2909 1 1 1 1.0
4 65129 1706 1812 1 10 0 1.0
4 61917 1710 1536 1 1 1 1.0
4 176688 1713 5271 1 10 0 1.0
4 95137 1713 2004 1 1 1 1.0
4 141551 1714 3847 1 1 1 1.0
4 73381 1715 1817 1 1 1 1.0
4 132949 1715 2669 1 50 1 1.0
4 94633 1717 2559 1 1 0 1.0
4 135003 1721 3254 1 1 0 1.0
4 110681 1725 2318 1 10 1 1.0
4 110378 1726 2542 1 1 0 1.0
4 76698 1727 2274 1 1 1 1.0
4 95813 1731 2088 1 10 1 1.0
4 78322 1733 2318 1 1 1 1.0
4 178809 1735 3610 1 1 0 1.0
4 102781 1738 2104 1 1 1 1.0
4 170583 1739 4939 1 50 0 1.0
4 141770 1740 4158 1 10 0 1.0
4 112961 1742 3102 1 1 0 1.0
4 138823 1742 2889 1 1 0 1.0
4 174096 1744 4258 1 50 0 1.0
4 71376 1745 1826 1 1 0 1.0
4 122744 1746 3276 1 1 0 1.0
4 96269 1748 2438 1 1 0 1.0
4 112443 1749 2254 1 1 0 1.0
4 61357 1753 1680 1 50 0 1.0
4 120610 1753 2765 1 1 0 1.0
4 151527 1754 4247 1 10 1 1.0
4 78139 1755 1840 1 1 0 1.0
4 135752 1756 3350 1 1 1 1.0
4 116848 1763 2654 1 1 1 1.0
4 81572 1763 1869 1 1 1 1.0
4 60771 1765 1699 1 1 1 1.0
4 130985 1768 3833 1 1 1 1.0
4 139988 1771 3086 1 1 1 1.0
4 147628 1772 4398 1 1 1 1.0
4 169865 1774 4339 1 1 0 1.0
4 126409 1778 3065 1 1 0 1.0
4 98120 1780 2379 1 10 0 1.0
4 110906 1782 2232 1 50 0 1.0
4 165557 1783 4807 1 10 1 1.0
4 159966 1784 4593 1 1 1 1.0
4 111138 1788 2313 1 50 0 1.0
4 179447 1792 4395 1 1 0 1.0
4 85185 1792 2041 1 1 0 1.0
4 104305 1801 2573 1 1 0 1.0
4 151634 1802 4010 1 10 1 1.0
4 179168 1802 3984 1 10 1 1.0
4 149773 1806 4466 1 1 0 1.0
4 138487 1809 3267 1 50 1 1.0
4 169479 1811 3920 1 1 1 1.0
4 112201 1814 3225 1 1 1 1.0
4 87468 1815 2257 1 1 1 1.0
4 113090 1819 3168 1 10 1 1.0
4 172979 1822 3939 1 1 1 1.0
4 157041 1825 3481 1 10 1 1.0
4 172585 1826 4114 1 1 0 1.0
4 111860 1828 3235 1 1 1 1.0
4 87335 1828 2439 1 1 1 1.0
4 82985 1828 2390 1 10 0 1.0
4 104760 1829 2661 1 10 0 1.0
4 163164 1838 4750 1 1 0 1.0
4 82138 1839 2366 1 10 1 1.0
4 75067 1840 2008 1 50 1 1.0
4 72493 1840 1495 1 1 0 1.0
4 138261 1840 3556 1 10 1 1.0
4 122598 1841 2488 1 10 1 1.0
4 146873 1841 2986 1 10 0 1.0
4 165673 1842 4254 1 1 0 1.0
4 122577 1843 2507 1 1 0 1.0
4 149671 1844 4274 1 1 0 1.0
4 68249 1849 1577 1 1 0 1.0
4 71727 1850 1826 1 1 0 1.0
4 179155 1853 3930 1 10 1 1.0
4 76298 1854 2184 1 1 0 1.0
4 128540 1857 2856 1 10 1 1.0
4 174081 1860 4299 1 1 0 1.0
4 131069 1862 3567 1 1 0 1.0
4 85726 1866 2040 1 1 0 1.0
4 164459 1869 3801 1 1 1 1.0
4 109291 1872 2488 1 10 0 1.0
4 85394 1874 2498 1 1 1 1.0
4 115781 1874 2542 1 10 1 1.0
4 125663 1877 2601 1 1 1 1.0
4 148565 1877 3043 1 1 1 1.0
4 161959 1878 4331 1 1 0 1.0
4 111785 1885 3323 1 50 0 1.0
4 124537 1886 3228 1 1 0 1.0
4 156574 1886 4065 1 1 0 1.0
4 165105 1888 4630 1 10 1 1.0
4 152509 1892 3995 1 10 1 1.0
4 68248 1894 1542 1 10 0 1.0
4 145274 1895 3862 1 1 1 1.0
4 142634 1903 3506 1 10 1 1.0
4 70964 1904 1609 1 10 1 1.0
4 99778 1906 2572 1 1 1 1.0
4 81531 1908 2229 1 1 1 1.0
4 136682 1910 3389 1 1 1 1.0
4 141975 1912 4186 1 1 1 1.0
4 70887 1916 1816 1 10 0 1.0
4 75370 1917 1879 1 1 0 1.0
4 66221 1919 1403 1 10 0 1.0
4 179456 1923 5250 1 1 1 1.0
4 174002 1928 4326 1 1 1 1.0
4 164966 1930 4629 1 10 0 1.0
4 104956 1933 3144 1 1 1 1.0
4 113331 1940 2997 1 1 1 1.0
4 102121 1942 2821 1 1 1 1.0
4 78695 1943 2155 1 1 0 1.0
4 108769 1943 2813 1 10 0 1.0
4 113631 1944 2711 1 1 1 1.0
4 144364 1948 3107 1 10 0 1.0
4 125247 1953 3664 1 1 0 1.0
4 138737 1955 2923 1 1 0 1.0
4 70838 1962 1758 1 1 1 1.0
4 112960 1968 3094 1 1 0 1.0
4 63564 1969 1530 1 10 0 1.0
4 107885 1970 2208 1 10 0 1.0
4 80135 1975 1745 1 1 0 1.0
4 82629 1977 2400 1 1 1 1.0
4 146048 1978 3409 1 1 1 1.0
4 114235 1979 2581 1 50 1 1.0
4 172890 1981 4832 1 1 1 1.0
4 79624 1987 1683 1 1 0 1.0
4 145806 1989 3229 1 1 1 1.0
4 168001 1989 4342 1 1 0 1.0
4 86727 1990 2416 1 1 0 1.0
4 63062 1990 1543 1 1 1 1.0
4 154828 1996 4370 1 50 1 1.0
4 139452 1997 3508 1 1 1 1.0
4 147536 1998 4205 1 10 1 1.0
4 137115 2003 2790 1 1 0 1.0
4 76131 2005 2270 1 1 1 1.0
4 100000 2007 2389 1 1 1 1.0
4 131728 2008 2689 1 10 0 1.0
4 150814 2012 4405 1 1 0 1.0
4 83858 2012 2363 1 1 0 1.0
4 177536 2014 4060 1 10 0 1.0
4 162161 2015 4217 1 1 0 1.0
4 105508 2021 2811 1 10 1 1.0
4 129392 2024 3489 1 1 1 1.0
4 135676 2030 3346 1 1 0 1.0
4 127411 2035 2705 1 10 0 1.0
4 144904 2038 2969 1 10 1 1.0
4 179660 2038 3668 1 10 0 1.0
4 169826 2040 4517 1 50 1 1.0
4 74188 2041 1577 1 10 1 1.0
4 60982 2041 1643 1 10 1 1.0
4 142095 2044 3422 1 1 0 1.0
4 129312 2046 3108 1 1 1 1.0
4 109288 2048 3112 1 1 1 1.0
4 89264 2048 2597 1 10 1 1.0
4 134230 2049 2937 1 1 1 1.0
4 105079 2050 3150 1 1 0 1.0
4 102092 2053 2887 1 10 1 1.0
4 92640 2063 2570 1 1 0 1.0
4 60770 2064 1345 1 10 0 1.0
4 64928 2069 1444 1 10 0 1.0
4 162722 2070 3510 1 50 0 1.0
4 96394 2071 2732 1 1 1 1.0
4 120815 2074 3008 1 10 1 1.0
4 162520 2077 3286 1 1 1 1.0
4 121137 2084 3478 1 50 0 1.0
4 147635 2085 3505 1 1 1 1.0
4 171349 2087 4175 1 1 1 1.0
4 135254 2087 2736 1 10 1 1.0
4 169704 2092 4108 1 1 0 1.0
4 92431 2096 2017 1 1 1 1.0
4 67712 2096 1730 1 1 1 1.0
4 117620 2098 3180 1 1 1 1.0
4 132731 2098 3409 1 10 1 1.0
4 75119 2101 2252 1 10 1 1.0
4 167799 2105 4829 1 1 0 1.0
4 89951 2106 2009 1 10 1 1.0
4 97021 2108 2046 1 10 1 1.0
4 84159 2126 2506 1 10 0 1.0
4 177878 2128 4808 1 10 0 1.0
4 61804 2131 1531 1 1 0 1.0
4 83099 2132 2130 1 1 1 1.0
4 169566 2135 5069 1 10 0 1.0
4 153440 2135 4027 1 10 1 1.0
4 88747 2135 2119 1 1 0 1.0
4 164709 2135 4889 1 50 0 1.0
4 73982 2136 2161 1 50 1 1.0
4 144226 2138 4216 1 1 0 1.0
4 155257 2138 3195 1 1 1 1.0
4 68285 2141 1412 1 50 0 1.0
4 120273 2144 2947 1 1 0 1.0
4 123421 2151 3316 1 50 0 1.0
4 122110 2152 3244 1 1 1 1.0
4 78891 2158 1593 1 1 1 1.0
4 164525 2160 3402 1 1 0 1.0
4 160427 2160 4035 1 10 1 1.0
4 76578 2161 2189 1 50 1 1.0
4 159064 2162 3992 1 1 0 1.0
4 93624 2163 2317 1 50 1 1.0
4 94029 2163 2641 1 1 0 1.0
4 138910 2167 3671 1 10 1 1.0
4 85799 2168 1988 1 10 0 1.0
4 94206 2171 2126 1 1 1 1.0
4 143318 2173 3817 1 10 0 1.0
4 83438 2177 1669 1 50 0 1.0
4 143267 2179 3622 1 1 1 1.0
4 160183 2186 3860 1 1 0 1.0
4 120429 2192 2641 1 50 0 1.0
4 126024 2196 2728 1 10 0 1.0
4 75211 2200 1645 1 1 0 1.0
4 140195 2202 3179 1 10 0 1.0
4 153804 2202 4163 1 10 1 1.0
4 94031 2204 2534 1 10 0 1.0
4 159250 2208 3215 1 10 1 1.0
4 94942 2209 2485 1 10 0 1.0
4 128181 2212 2646 1 10 0 1.0
4 132886 2212 3980 1 1 0 1.0
4 60406 2214 1487 1 1 0 1.0
4 112662 2216 3244 1 1 1 1.0
4 142510 2216 3352 1 10 1 1.0
4 89388 2218 1874 1 1 1 1.0
4 136713 2222 3806 1 10 0 1.0
4 151452 2225 4427 1 1 1 1.0
4 173979 2225 3666 1 10 1 1.0
4 166286 2228 3387 1 10 0 1.0
4 87911 2230 2615 1 10 0 1.0
4 146480 2233 3853 1 1 0 1.0
4 114634 2238 2496 1 1 0 1.0
4 151742 2238 4435 1 10 1 1.0
4 170782 2238 3454 1 1 0 1.0
4 176221 2240 3759 1 10 1 1.0
4 62405 2241 1463 1 1 0 1.0
4 124584 2242 2824 1 1 0 1.0
4 72598 2244 1972 1 10 1 1.0
4 128141 2245 3368 1 1 0 1.0
4 73597 2245 1700 1 1 1 1.0
4 112027 2247 3020 1 1 1 1.0
4 148801 2248 3960 1 1 1 1.0
4 119486 2250 2886 1 1 0 1.0
4 101186 2253 2921 1 10 0 1.0
4 159519 2257 3990 1 10 1 1.0
4 90155 2257 2307 1 1 1 1.0
4 151482 2261 3104 1 1 0 1.0
4 101236 2264 2548 1 1 0 1.0
4 64874 2265 1482 1 1 0 1.0
4 106402 2265 2826 1 50 1 1.0
4 124895 2266 2796 1 10 1 1.0
4 161723 2266 3859 1 50 1 1.0
4 78517 2266 1637 1 1 1 1.0
4 138969 2270 3668 1 50 0 1.0
4 80588 2275 2171 1 10 1 1.0
4 88696 2277 1894 1 1 1 1.0
4 171043 2279 4405 1 1 1 1.0
4 83196 2282 2304 1 10 0 1.0
4 133293 2283 3783 1 50 1 1.0
4 144551 2286 2961 1 1 1 1.0
4 77868 2295 2240 1 10 1 1.0
4 119046 2297 2965 1 1 1 1.0
4 83770 2306 2142 1 1 1 1.0
4 152834 2307 3771 1 1 1 1.0
4 103718 2310 3096 1 1 0 1.0
4 68428 2311 1599 1 10 1 1.0
4 107883 2315 2973 1 1 0 1.0
4 128237 2316 3236 1 1 0 1.0
4 132222 2321 2770 1 1 0 1.0
4 113983 2337 2512 1 50 0 1.0
4 109948 2356 2211 1 1 0 1.0
4 76569 2357 1864 1 10 1 1.0
4 121543 2360 2603 1 1 0 1.0
4 162717 2365 4764 1 1 0 1.0
4 150334 2367 4315 1 10 0 1.0
4 122885 2370 3470 1 1 1 1.0
4 122384 2376 2770 1 1 1 1.0
4 69008 2376 1798 1 1 0 1.0
4 104489 2380 3071 1 1 1 1.0
4 105321 2383 2649 1 1 1 1.0
4 91601 2388 2200 1 10 0 1.0
4 104258 2397 2671 1 1 1 1.0
4 100122 2400 2082 1 10 1 1.0
4 159977 2402 3488 1 1 0 1.0
4 119227 2403 2587 1 10 1 1.0
4 100172 2404 2766 1 10 0 1.0
4 85133 2405 1897 1 1 0 1.0
4 159314 2407 4567 1 10 1 1.0
4 157269 2409 4140 1 50 0 1.0
4 119528 2409 2573 1 1 1 1.0
4 65998 2411 1500 1 1 1 1.0
4 136123 2412 4031 1 1 1 1.0
4 68240 2416 1975 1 1 1 1.0
4 177314 2418 4235 1 10 1 1.0
4 65525 2419 1416 1 1 1 1.0
4 172708 2427 4636 1 10 0 1.0
4 158806 2429 4171 1 1 0 1.0
4 172957 2431 3533 1 10 1 1.0
4 111245 2432 2912 1 1 0 1.0
4 115318 2432 2384 1 1 1 1.0
4 154551 2433 3441 1 1 1 1.0
4 156255 2435 4048 1 1 0 1.0
4 137170 2437 4027 1 50 1 1.0
4 92647 2437 2506 1 1 0 1.0
4 147662 2440 3684 1 10 1 1.0
4 133405 2447 3621 1 10 0 1.0
4 105333 2447 2311 1 1 0 1.0
4 135829 2448 2873 1 50 1 1.0
4 143726 2457 3778 1 1 0 1.0
4 161301 2457 3386 1 1 1 1.0
4 147892 2458 3054 1 10 0 1.0
4 139290 2459 3805 1 10 0 1.0
4 126833 2459 3564 1 1 0 1.0
4 101913 2460 2217 1 1 1 1.0
4 61591 2460 1798 1 1 0 1.0
4 81884 2461 2398 1 50 1 1.0
4 177610 2467 4796 1 1 1 1.0
4 90142 2470 2330 1 1 0 1.0
4 149038 2470 4108 1 10 1 1.0
4 177141 2471 5186 1 50 0 1.0
4 81653 2473 2341 1 10 1 1.0
4 117649 2473 2721 1 10 0 1.0
4 127056 2484 3762 1 50 0 1.0
4 140687 2486 3863 1 10 0 1.0
4 94462 2486 2618 1 10 0 1.0
4 83899 2491 2393 1 10 1 1.0
4 68656 2491 1582 1 1 0 1.0
4 179050 2495 5222 1 1 0 1.0
4 122934 2500 2778 1 1 1 1.0
4 129863 2503 2751 1 1 1 1.0
4 135347 2505 3230 1 10 0 1.0
4 127783 2511 2573 1 1 1 1.0
4 73201 2511 1854 1 1 0 1.0
4 103353 2513 2737 1 10 0 1.0
4 137044 2514 3020 1 1 0 1.0
4 117424 2516 2799 1 1 1 1.0
4 159870 2518 4434 1 10 1 1.0
4 136141 2518 3263 1 1 1 1.0
4 171457 2519 4286 1 10 0 1.0
4 136520 2523 3209 1 10 1 1.0
4 132364 2529 3699 1 1 1 1.0
4 81366 2533 2158 1 50 1 1.0
4 100895 2535 2773 1 1 1 1.0
4 70255 2536 1999 1 50 0 1.0
4 141452 2538 3370 1 1 0 1.0
4 178051 2541 4647 1 10 0 1.0
4 122921 2545 2791 1 10 1 1.0
4 112708 2545 2484 1 1 0 1.0
4 130403 2551 3777 1 1 0 1.0
4 143906 2552 2957 1 10 0 1.0
4 152312 2558 4219 1 1 1 1.0
4 77244 2565 1993 1 1 0 1.0
4 92402 2566 2439 1 10 1 1.0
4 128691 2572 2997 1 1 0 1.0
4 60568 2572 1280 1 1 1 1.0
4 150222 2578 3901 1 1 1 1.0
4 103274 2579 2447 1 50 0 1.0
4 123858 2582 2633 1 10 0 1.0
4 131199 2588 2936 1 1 0 1.0
4 65594 2592 1858 1 10 0 1.0
4 71105 2594 1757 1 1 1 1.0
4 159497 2596 3775 1 1 1 1.0
4 150674 2602 4116 1 1 1 1.0
4 136623 2602 3828 1 10 1 1.0
4 142979 2603 4220 1 1 0 1.0
4 121164 2605 2975 1 1 0 1.0
4 142806 2607 3903 1 1 1 1.0
4 115954 2608 3005 1 1 0 1.0
4 97193 2609 1946 1 10 0 1.0
4 102422 2610 2846 1 1 0 1.0
4 135188 2611 2788 1 1 1 1.0
4 125268 2615 2613 1 1 0 1.0
4 172130 2616 4179 1 1 1 1.0
4 94956 2623 2310 1 1 0 1.0
4 158996 2623 3604 1 10 1 1.0
4 125977 2624 2965 1 1 0 1.0
4 151981 2625 3637 1 10 0 1.0
4 169048 2626 4612 1 1 0 1.0
4 94610 2631 2598 1 1 1 1.0
4 145989 2631 4052 1 10 1 1.0
4 70403 2632 1693 1 1 0 1.0
4 78464 2632 1739 1 50 0 1.0
4 88807 2633 1779 1 1 0 1.0
4 72850 2636 1692 1 10 0 1.0
4 110714 2637 2250 1 1 1 1.0
4 168376 2640 4060 1 10 0 1.0
4 87537 2645 2061 1 1 0 1.0
4 99345 2648 2636 1 1 1 1.0
4 174822 2649 5092 1 1 1 1.0
4 111488 2649 2391 1 1 0 1.0
4 90025 2650 2010 1 50 1 1.0
4 124945 2650 3384 1 10 1 1.0
4 64868 2652 1445 1 1 1 1.0
4 174144 2655 5157 1 1 1 1.0
4 119161 2657 2444 1 1 0 1.0
4 94626 2657 2503 1 10 0 1.0
4 176968 2660 5303 1 50 0 1.0
4 176884 2663 4373 1 1 0 1.0
4 170748 2668 4781 1 10 1 1.0
4 146612 2672 3435 1 1 1 1.0
4 101161 2674 2035 1 10 1 1.0
4 136524 2677 3969 1 1 0 1.0
4 126487 2680 3753 1 1 1 1.0
4 134057 2680 3825 1 1 1 1.0
4 106652 2681 2322 1 1 0 1.0
4 80922 2682 1961 1 1 1 1.0
4 148379 2683 3697 1 1 1 1.0
4 91814 2683 1904 1 1 1 1.0
4 72345 2683 1500 1 1 1 1.0
4 90379 2684 2303 1 10 1 1.0
4 91110 2686 2682 1 10 1 1.0
4 110036 2689 3122 1 1 1 1.0
4 93080 2690 2053 1 1 0 1.0
4 113993 2691 3213 1 10 0 1.0
4 76589 2692 2044 1 10 0 1.0
4 108788 2697 3020 1 10 1 1.0
4 90453 2700 2639 1 1 1 1.0
4 128376 2700 3272 1 10 0 1.0
4 109823 2707 2589 1 10 1 1.0
4 144871 2709 3255 1 1 0 1.0
4 158751 2716 3770 1 1 1 1.0
4 120194 2716 2742 1 10 0 1.0
4 149153 2718 4221 1 10 1 1.0
4 90395 2720 2426 1 50 1 1.0
4 177088 2722 5301 1 1 1 1.0
4 161570 2723 3811 1 1 0 1.0
4 66242 2725 1873 1 1 0 1.0
4 146288 2731 3552 1 50 1 1.0
4 98809 2735 2628 1 1 0 1.0
4 116611 2736 2973 1 10 1 1.0
4 79994 2738 2189 1 1 1 1.0
4 129367 2741 3415 1 1 0 1.0
4 66034 2743 1695 1 50 0 1.0
4 89395 2744 2247 1 10 1 1.0
4 124155 2748 3268 1 1 0 1.0
4 148563 2750 4157 1 1 0 1.0
4 177315 2762 3893 1 1 0 1.0
4 174204 2763 4839 1 1 1 1.0
4 112143 2766 2919 1 10 0 1.0
4 170282 2767 3955 1 10 0 1.0
4 137891 2768 2882 1 50 0 1.0
4 118113 2771 3320 1 1 1 1.0
4 174342 2771 5069 1 1 0 1.0
4 126649 2771 2727 1 10 0 1.0
4 80074 2772 1681 1 1 1 1.0
4 63849 2773 1536 1 1 1 1.0
4 144203 2773 3027 1 10 0 1.0
4 96501 2778 1961 1 1 1 1.0
4 85466 2779 1951 1 10 1 1.0
4 76330 2780 1650 1 10 0 1.0
4 75988 2782 2210 1 50 1 1.0
4 174961 2784 4435 1 1 0 1.0
4 177039 2789 3680 1 10 1 1.0
4 68891 2789 1762 1 1 0 1.0
4 60122 2792 1377 1 1 1 1.0
4 143387 2797 2954 1 50 1 1.0
4 121958 2797 3529 1 1 0 1.0
4 172239 2798 5140 1 1 0 1.0
4 103689 2800 2447 1 1 0 1.0
4 157210 2800 4496 1 10 1 1.0
4 124591 2805 2921 1 1 1 1.0
4 65084 2805 1823 1 1 1 1.0
4 95826 2808 2044 1 1 0 1.0
4 155596 2809 3235 1 10 1 1.0
4 73685 2809 1570 1 10 1 1.0
4 91685 2810 2083 1 10 1 1.0
4 130489 2811 3825 1 50 0 1.0
4 108678 2811 2601 1 10 0 1.0
4 83064 2814 1773 1 1 1 1.0
4 80061 2814 2037 1 10 0 1.0
4 170805 2816 3620 1 1 0 1.0
4 67450 2824 1791 1 1 1 1.0
4 161411 2826 4092 1 1 1 1.0
4 164074 2828 4089 1 50 1 1.0
4 109044 2829 3207 1 1 0 1.0
4 112006 2830 2828 1 10 1 1.0
4 123769 2834 3104 1 1 1 1.0
4 60176 2837 1644 1 10 0 1.0
4 173499 2848 4015 1 50 0 1.0
4 101040 2848 2944 1 1 0 1.0
4 152259 2852 4050 1 1 0 1.0
4 174011 2857 3711 1 1 0 1.0
4 129348 2868 2659 1 1 1 1.0
4 118568 2869 3295 1 1 1 1.0
4 78716 2870 2156 1 10 1 1.0
4 121465 2871 3489 1 1 0 1.0
4 102617 2871 2105 1 1 1 1.0
4 77641 2872 2166 1 1 0 1.0
4 144199 2875 4010 1 50 0 1.0
4 74361 2878 1955 1 1 1 1.0
4 136043 2878 2813 1 10 1 1.0
4 132581 2884 2896 1 10 1 1.0
4 125995 2884 3377 1 10 0 1.0
4 150403 2886 3064 1 1 1 1.0
4 156231 2889 4291 1 1 1 1.0
4 175199 2891 4283 1 1 0 1.0
4 160667 2895 3636 1 1 1 1.0
4 104416 2896 3097 1 1 0 1.0
4 147270 2903 3071 1 1 0 1.0
4 77768 2905 1590 1 50 1 1.0
4 132196 2905 3329 1 1 0 1.0
4 165506 2905 3531 1 10 0 1.0
4 166187 2908 3643 1 1 1 1.0
4 159916 2909 3278 1 10 0 1.0
4 177106 2910 4248 1 10 1 1.0
4 88754 2911 2022 1 10 1 1.0
4 139815 2911 3860 1 10 0 1.0
4 70124 2912 1495 1 10 1 1.0
4 127180 2914 3812 1 1 0 1.0
4 72112 2916 1539 1 10 1 1.0
4 127382 2916 2595 1 1 0 1.0
4 129804 2918 3843 1 10 1 1.0
4 115511 2919 2632 1 50 0 1.0
4 169862 2921 4663 1 1 0 1.0
4 111285 2927 2905 1 50 0 1.0
4 172169 2933 3860 1 10 0 1.0
4 86580 2935 2076 1 10 0 1.0
4 66270 2938 1765 1 1 0 1.0
4 68553 2940 1879 1 10 1 1.0
4 145743 2940 3016 1 1 1 1.0
4 61278 2942 1681 1 10 1 1.0
4 151028 2947 3487 1 1 0 1.0
4 92578 2953 1867 1 10 0 1.0
4 134724 2956 2900 1 10 0 1.0
4 148422 2957 3840 1 1 1 1.0
4 100733 2959 2111 1 1 1 1.0
4 117741 2960 3418 1 1 1 1.0
4 87237 2961 2251 1 1 1 1.0
4 71724 2963 1823 1 10 1 1.0
4 118203 2964 3409 1 10 0 1.0
4 74934 2966 1824 1 50 0 1.0
4 158190 2970 4433 1 1 1 1.0
4 104713 2970 2437 1 1 1 1.0
4 71502 2971 1627 1 1 0 1.0
4 148551 2971 3842 1 10 0 1.0
4 157537 2973 3625 1 1 1 1.0
4 88091 2975 1963 1 50 1 1.0
4 165551 2977 3905 1 10 1 1.0
4 150303 2980 3276 1 1 0 1.0
4 122990 2982 2514 1 1 0 1.0
4 81240 2982 2250 1 1 1 1.0
4 66856 2983 1421 1 1 0 1.0
4 91882 2986 2387 1 1 0 1.0
4 94437 2993 2574 1 1 0 1.0
4 71172 3000 2134 1 1 1 1.0
4 122212 3002 2821 1 10 0 1.0
4 85689 3005 2562 1 1 0 1.0
4 168792 3007 3389 1 10 1 1.0
4 147748 3010 3819 1 50 0 1.0
4 89600 3012 2104 1 10 0 1.0
4 90107 3016 2658 1 10 0 1.0
4 70788 3018 1690 1 50 0 1.0
4 95472 3022 1945 1 1 1 1.0
4 118609 3024 2774 1 1 0 1.0
4 168157 3024 3798 1 10 1 1.0
4 131602 3026 3532 1 10 1 1.0
4 82852 3033 1757 1 1 1 1.0
4 109139 3035 2352 1 1 0 1.0
4 116391 3039 3083 1 50 0 1.0
4 164514 3040 3569 1 10 1 1.0
4 140668 3042 3236 1 1 1 1.0
4 84496 3047 2061 1 1 1 1.0
4 66233 3047 1966 1 10 0 1.0
4 110273 3051 2632 1 1 0 1.0
4 127529 3059 3589 1 10 0 1.0
4 90665 3059 2030 1 1 1 1.0
4 100207 3062 2372 1 1 1 1.0
4 134963 3064 3959 1 1 0 1.0
4 75811 3064 2026 1 10 1 1.0
4 83258 3068 2125 1 1 1 1.0
4 67749 3070 1756 1 10 0 1.0
4 95043 3070 2342 1 1 0 1.0
4 117879 3074 2951 1 10 0 1.0
4 127303 3076 3392 1 1 0 1.0
4 77969 3078 2105 1 50 1 1.0
4 115181 3081 3028 1 1 0 1.0
4 84065 3082 2156 1 1 1 1.0
4 82626 3084 1697 1 1 1 1.0
4 124952 3084 3317 1 10 0 1.0
4 136184 3088 3611 1 1 1 1.0
4 165525 3090 3562 1 1 0 1.0
4 106753 3092 2389 1 1 0 1.0
4 167346 3094 5013 1 10 0 1.0
4 98251 3096 2246 1 1 0 1.0
4 150123 3102 3596 1 1 0 1.0
4 116830 3102 2710 1 1 1 1.0
4 68597 3103 1810 1 1 1 1.0
4 92543 3103 2190 1 1 1 1.0
4 132927 3104 3357 1 1 0 1.0
4 178992 3106 4600 1 1 0 1.0
4 136927 3108 3810 1 50 0 1.0
4 159628 3110 3819 1 1 0 1.0
4 137403 3111 3995 1 1 1 1.0
4 138085 3111 3062 1 1 0 1.0
4 69255 3113 1968 1 50 1 1.0
4 135864 3114 2875 1 1 0 1.0
4 141474 3115 3333 1 1 1 1.0
4 95007 3115 2690 1 10 1 1.0
4 165428 3116 3354 1 1 1 1.0
4 143462 3118 3961 1 1 1 1.0
4 113941 3120 2436 1 10 0 1.0
4 158698 3120 3965 1 1 1 1.0
4 132993 3122 2901 1 50 1 1.0
4 113014 3124 2670 1 1 0 1.0
4 114392 3124 2768 1 1 1 1.0
4 92309 3129 2263 1 1 1 1.0
4 62716 3129 1686 1 1 1 1.0
4 174724 3131 5072 1 1 1 1.0
4 168816 3134 4400 1 1 1 1.0
4 166891 3134 3560 1 1 0 1.0
4 80143 3135 2385 1 10 0 1.0
4 105500 3136 2423 1 1 1 1.0
4 155798 3137 4442 1 1 0 1.0
4 137522 3138 2865 1 1 1 1.0
4 88635 3139 2399 1 1 0 1.0
4 165927 3139 4717 1 10 1 1.0
4 118390 3139 3095 1 10 0 1.0
4 116882 3147 3433 1 1 0 1.0
4 120219 3149 3501 1 1 1 1.0
4 133982 3149 3558 1 1 1 1.0
4 83326 3153 1679 1 1 1 1.0
4 116361 3154 2597 1 1 1 1.0
4 160971 3154 4740 1 10 0 1.0
4 109498 3158 3149 1 10 0 1.0
4 174040 3164 4024 1 10 1 1.0
4 60399 3167 1481 1 10 0 1.0
4 129379 3169 2964 1 1 1 1.0
4 62814 3173 1472 1 1 1 1.0
4 88969 3177 2161 1 1 0 1.0
4 76043 3186 2246 1 10 1 1.0
4 117417 3188 3327 1 1 1 1.0
4 68549 3189 1997 1 1 0 1.0
4 76175 3195 1984 1 1 0 1.0
4 118832 3199 3125 1 1 0 1.0
4 146880 3199 3708 1 1 1 1.0
4 122912 3201 2470 1 1 1 1.0
4 126149 3206 3424 1 1 0 1.0
4 172211 3206 3904 1 10 0 1.0
4 101704 3210 2904 1 1 1 1.0
4 149594 3210 4183 1 10 1 1.0
4 95383 3212 2010 1 1 1 1.0
4 64043 3222 1627 1 1 0 1.0
4 132993 3227 2828 1 10 1 1.0
4 120406 3228 3397 1 1 0 1.0
4 97754 3229 2472 1 1 1 1.0
4 102593 3236 2665 1 1 1 1.0
4 106567 3237 2219 1 10 0 1.0
4 151904 3241 3264 1 1 1 1.0
4 133356 3252 3765 1 1 0 1.0
4 123628 3252 3045 1 10 0 1.0
4 154795 3256 3659 1 1 1 1.0
4 171628 3257 3473 1 10 1 1.0
4 167817 3259 3428 1 10 1 1.0
4 146466 3262 3805 1 1 0 1.0
4 83187 3264 1877 1 1 0 1.0
4 150720 3267 3126 1 1 1 1.0
4 90730 3269 2006 1 50 1 1.0
4 135183 3270 3528 1 50 1 1.0
4 176008 3272 5267 1 1 1 1.0
4 66785 3275 1918 1 1 1 1.0
4 154358 3276 3977 1 1 0 1.0
4 109206 3278 2961 1 1 0 1.0
4 60085 3278 1464 1 1 0 1.0
4 90362 3281 2275 1 10 1 1.0
4 116386 3284 2798 1 1 0 1.0
4 116303 3288 2617 1 1 0 1.0
4 179528 3288 4946 1 10 1 1.0
4 128409 3291 2851 1 1 0 1.0
4 84894 3294 2256 1 10 1 1.0
4 64638 3296 1496 1 1 1 1.0
4 104133 3302 2711 1 1 0 1.0
4 79899 3310 2009 1 10 0 1.0
4 98607 3311 2871 1 10 1 1.0
4 71417 3316 2037 1 10 0 1.0
4 91480 3318 2388 1 10 0 1.0
4 73185 3319 1891 1 10 0 1.0
4 130093 3319 3700 1 10 0 1.0
4 61676 3320 1746 1 10 1 1.0
4 78258 3321 2110 1 10 1 1.0
4 142264 3323 3118 1 1 0 1.0
4 141716 3324 3837 1 1 1 1.0
4 129673 3326 3211 1 1 0 1.0
4 153372 3328 3878 1 1 0 1.0
4 107917 3330 2763 1 1 0 1.0
4 131111 3337 2890 1 1 1 1.0
4 166525 3339 4909 1 10 1 1.0
4 76736 3339 2252 1 10 1 1.0
4 90298 3340 2268 1 1 0 1.0
4 158284 3342 3898 1 1 0 1.0
4 90397 3346 2025 1 10 1 1.0
4 129885 3347 3493 1 10 1 1.0
4 97150 3348 1968 1 1 0 1.0
4 102385 3349 2090 1 10 0 1.0
4 140444 3350 3012 1 1 1 1.0
4 155727 3350 3464 1 50 1 1.0
4 179859 3355 4118 1 10 0 1.0
4 119250 3357 3370 1 1 0 1.0
4 173113 3358 3854 1 1 0 1.0
4 133618 3359 2714 1 50 0 1.0
4 123170 3359 3103 1 10 1 1.0
4 139607 3360 3418 1 10 1 1.0
4 60873 3364 1329 1 1 0 1.0
4 104005 3374 2117 1 1 1 1.0
4 144599 3375 2937 1 50 1 1.0
4 143239 3378 3405 1 1 1 1.0
4 155622 3381 3886 1 10 0 1.0
4 133011 3387 3696 1 1 0 1.0
4 114685 3393 2371 1 1 0 1.0
4 123301 3393 3084 1 10 1 1.0
4 145790 3394 4261 1 10 0 1.0
4 66018 3394 1362 1 1 0 1.0
4 60954 3395 1470 1 1 0 1.0
4 82430 3397 1859 1 10 1 1.0
4 156815 3404 3843 1 50 0 1.0
4 92350 3406 2348 1 1 1 1.0
4 169071 3408 3591 1 1 0 1.0
4 91343 3411 2430 1 1 1 1.0
4 64849 3415 1452 1 1 0 1.0
4 179029 3418 4635 1 50 0 1.0
4 148488 3419 3678 1 10 1 1.0
4 152635 3420 4475 1 10 1 1.0
4 103878 3426 3011 1 1 0 1.0
4 147083 3426 3873 1 1 1 1.0
4 174090 3428 4043 1 50 1 1.0
4 161857 3428 4107 1 1 0 1.0
4 125708 3431 2826 1 50 0 1.0
4 138906 3433 3670 1 1 0 1.0
4 102265 3435 2798 1 10 0 1.0
4 109435 3435 3130 1 1 0 1.0
4 152764 3441 3537 1 10 0 1.0
4 119854 3441 3051 1 10 0 1.0
4 138071 3441 3136 1 10 1 1.0
4 151743 3444 4213 1 1 0 1.0
4 72520 3446 1623 1 1 1 1.0
4 171372 3451 3557 1 1 0 1.0
4 150790 3460 3021 1 1 1 1.0
4 93242 3461 2455 1 50 1 1.0
4 145420 3466 3499 1 1 0 1.0
4 125833 3471 3601 1 1 0 1.0
4 178236 3478 4466 1 1 1 1.0
4 139828 3479 2814 1 10 0 1.0
4 140329 3482 4199 1 1 0 1.0
4 176566 3485 4360 1 1 1 1.0
4 97059 3487 2019 1 1 0 1.0
4 128014 3489 2761 1 1 0 1.0
4 121381 3499 3074 1 10 0 1.0
4 156893 3500 3433 1 50 0 1.0
4 87641 3504 2271 1 50 0 1.0
4 60768 3504 1287 1 1 1 1.0
4 144384 3507 3768 1 10 0 1.0
4 112402 3508 2787 1 10 1 1.0
4 134746 3510 3197 1 50 1 1.0
4 179371 3510 3791 1 1 1 1.0
4 72052 3511 1916 1 1 1 1.0
4 123424 3512 3189 1 1 0 1.0
4 168204 3513 4349 1 10 0 1.0
4 97305 3515 2674 1 1 1 1.0
4 114724 3518 2871 1 10 0 1.0
4 127405 3520 3411 1 50 1 1.0
4 120230 3520 3361 1 1 1 1.0
4 84456 3522 2506 1 1 1 1.0
4 165739 3523 4123 1 1 0 1.0
4 79810 3525 2001 1 1 1 1.0
4 77402 3527 2280 1 1 0 1.0
4 96814 3527 2186 1 1 1 1.0
4 66375 3529 1779 1 1 1 1.0
4 127299 3531 2716 1 50 0 1.0
4 173755 3531 4731 1 50 1 1.0
4 73870 3533 1745 1 10 0 1.0
4 162708 3534 4779 1 10 1 1.0
4 142799 3534 3523 1 10 0 1.0
4 171307 3536 3972 1 10 0 1.0
4 147152 3540 3404 1 1 1 1.0
4 146697 3540 4310 1 1 1 1.0
4 164636 3542 3563 1 50 1 1.0
4 129611 3546 2703 1 10 1 1.0
4 136628 3548 2878 1 1 0 1.0
4 136837 3551 2911 1 10 1 1.0
4 83516 3551 2286 1 1 0 1.0
4 64158 3552 1296 1 1 1 1.0
4 84420 3552 2145 1 1 1 1.0
4 167486 3553 3528 1 10 0 1.0
4 110820 3555 2722 1 1 0 1.0
4 173226 3561 3739 1 1 1 1.0
4 179449 3564 4428 1 10 1 1.0
4 142422 3565 4202 1 10 1 1.0
4 66722 3570 1837 1 1 0 1.0
4 153897 3571 3317 1 1 0 1.0
4 68535 3571 1950 1 1 1 1.0
4 92167 3571 1949 1 1 0 1.0
4 100285 3576 2985 1 10 1 1.0
4 158018 3577 4284 1 10 1 1.0
4 137436 3581 2896 1 10 1 1.0
4 107197 3583 2489 1 1 1 1.0
4 92774 3586 2390 1 10 1 1.0
4 104863 3591 3103 1 1 1 1.0
4 167660 3592 4655 1 1 1 1.0
4 62486 3597 1252 1 10 1 1.0
4 174416 3598 4325 1 1 0 1.0
4 166736 3598 3619 1 50 1 1.0
4 106561 3599 2965 1 10 1 1.0
