1500
5 137619 1 3507 1 1 0 1.0
5 142526 10 3873 1 1 1 1.0
5 150243 14 4347 1 1 1 1.0
5 80349 17 2016 1 10 0 1.0
5 156273 18 3264 1 1 1 1.0
5 135516 19 2792 1 1 0 1.0
5 146100 21 4193 1 1 0 1.0
5 68450 28 1767 1 1 0 1.0
5 104490 32 2801 1 50 0 1.0
5 84347 38 2475 1 1 1 1.0
5 150538 43 3154 1 1 0 1.0
5 160861 46 3721 1 1 1 1.0
5 175740 47 3669 1 1 1 1.0
5 67557 49 1409 1 50 1 1.0
5 84406 53 1997 1 1 0 1.0
5 146317 54 4026 1 1 0 1.0
5 113192 57 3169 1 1 0 1.0
5 97686 58 2811 1 1 0 1.0
5 139892 61 3531 1 10 1 1.0
5 101071 62 2639 1 1 1 1.0
5 97586 62 2342 1 1 1 1.0
5 106905 63 3009 1 1 0 1.0
5 125328 65 3372 1 1 1 1.0
5 162299 66 3635 1 1 0 1.0
5 173863 67 3775 1 1 1 1.0
5 86211 80 1987 1 1 0 1.0
5 133081 80 3119 1 10 0 1.0
5 115091 85 3090 1 1 1 1.0
5 157918 85 3378 1 1 1 1.0
5 104897 90 3008 1 1 0 1.0
5 71014 91 1482 1 1 0 1.0
5 61758 94 1572 1 1 1 1.0
5 103209 101 2806 1 10 1 1.0
5 107769 103 2183 1 10 0 1.0
5 168917 106 4284 1 1 1 1.0
5 102918 108 2775 1 10 0 1.0
5 86096 109 1751 1 1 1 1.0
5 108477 115 2424 1 1 0 1.0
5 101419 117 2659 1 1 0 1.0
5 174567 119 4363 1 10 0 1.0
5 142892 120 3876 1 10 0 1.0
5 125884 126 3183 1 1 0 1.0
5 110176 129 2405 1 1 0 1.0
5 162039 130 4057 1 1 1 1.0
5 174138 136 4174 1 1 1 1.0
5 176929 137 4211 1 1 0 1.0
5 66433 139 1821 1 10 1 1.0
5 168556 140 4723 1 1 1 1.0
5 119244 144 3280 1 1 1 1.0
5 170179 146 4818 1 1 0 1.0
5 69106 146 1579 1 1 0 1.0
5 124061 149 2689 1 1 1 1.0
5 171328 150 4143 1 50 1 1.0
5 105548 153 2946 1 10 1 1.0
5 159561 155 3746 1 1 1 1.0
5 152672 156 3734 1 50 0 1.0
5 92286 158 2391 1 1 0 1.0
5 63447 158 1326 1 1 0 1.0
5 141154 160 3565 1 1 1 1.0
5 159804 162 4420 1 1 1 1.0
5 156632 163 3802 1 1 0 1.0
5 82474 163 1685 1 10 1 1.0
5 81372 165 1722 1 10 0 1.0
5 63100 167 1431 1 1 1 1.0
5 129280 168 3251 1 10 0 1.0
5 67956 170 1912 1 50 0 1.0
5 167663 170 3390 1 10 0 1.0
5 179750 171 3696 1 1 0 1.0
5 89626 173 2109 1 1 0 1.0
5 142593 175 2869 1 1 0 1.0
5 67367 178 1355 1 10 1 1.0
5 88982 178 1935 1 10 0 1.0
5 95990 182 2357 1 1 1 1.0
5 144678 185 3597 1 1 1 1.0
5 148061 186 4192 1 10 0 1.0
5 60874 194 1556 1 1 0 1.0
5 66734 196 1696 1 1 1 1.0
5 111916 197 3244 1 1 0 1.0
5 96185 200 2772 1 10 0 1.0
5 109051 205 2684 1 10 1 1.0
5 68060 209 1839 1 1 1 1.0
5 105551 211 2879 1 10 0 1.0
5 93774 221 2522 1 1 1 1.0
5 160033 222 3234 1 1 1 1.0
5 168650 224 4952 1 1 1 1.0
5 111783 226 2718 1 1 0 1.0
5 65801 226 1764 1 1 1 1.0
5 96763 228 2613 1 10 1 1.0
5 85436 228 2240 1 1 1 1.0
5 120021 230 3165 1 1 0 1.0
5 113450 230 2916 1 50 1 1.0
5 162617 232 4845 1 1 0 1.0
5 116665 236 2781 1 1 0 1.0
5 127528 238 3725 1 10 0 1.0
5 85113 239 2321 1 50 0 1.0
5 161854 241 4192 1 1 0 1.0
5 168623 246 4196 1 1 1 1.0
5 145774 254 3553 1 1 0 1.0
5 128958 259 3775 1 10 1 1.0
5 175135 262 4092 1 1 1 1.0
5 85589 263 1928 1 10 0 1.0
5 151033 264 3334 1 1 1 1.0
5 153832 264 4454 1 1 1 1.0
5 113196 264 3064 1 10 1 1.0
5 105295 266 2654 1 1 0 1.0
5 102120 266 2969 1 1 1 1.0
5 104005 270 2558 1 10 0 1.0
5 105807 270 2241 1 1 1 1.0
5 103523 272 2081 1 10 1 1.0
5 119185 273 2978 1 10 1 1.0
5 115917 276 2590 1 10 1 1.0
5 96738 280 1936 1 10 1 1.0
5 108909 286 2680 1 10 0 1.0
5 75156 288 1507 1 10 1 1.0
5 106924 289 2980 1 50 1 1.0
5 96834 290 2445 1 10 1 1.0
5 73079 290 1903 1 1 1 1.0
5 96057 293 2468 1 1 1 1.0
5 93248 297 1899 1 50 1 1.0
5 81444 300 1881 1 10 1 1.0
5 105117 300 2558 1 1 1 1.0
5 63170 301 1776 1 1 1 1.0
5 90555 302 2039 1 1 1 1.0
5 117348 305 3435 1 1 1 1.0
5 138937 306 2936 1 1 1 1.0
5 114598 309 2567 1 50 0 1.0
5 152388 311 3623 1 1 0 1.0
5 156938 312 3322 1 10 1 1.0
5 154239 315 4101 1 1 0 1.0
5 149415 318 3550 1 10 0 1.0
5 61727 327 1294 1 1 1 1.0
5 72189 329 2156 1 1 1 1.0
5 147045 336 3935 1 1 1 1.0
5 103538 336 2145 1 10 0 1.0
5 168875 343 4371 1 50 1 1.0
5 149218 350 3871 1 50 0 1.0
5 74162 357 1678 1 10 1 1.0
5 105925 360 2147 1 50 1 1.0
5 88682 368 2261 1 10 0 1.0
5 75351 374 2096 1 1 0 1.0
5 128322 380 3240 1 1 1 1.0
5 145656 384 3046 1 10 0 1.0
5 148946 385 4367 1 10 1 1.0
5 127171 388 3771 1 1 1 1.0
5 133287 394 3853 1 1 1 1.0
5 106013 395 2924 1 50 1 1.0
5 76700 397 2297 1 1 1 1.0
5 106240 398 3135 1 1 0 1.0
5 129299 398 3695 1 1 0 1.0
5 136272 400 3593 1 1 0 1.0
5 99231 402 2588 1 10 1 1.0
5 175083 404 3803 1 1 0 1.0
5 146955 408 4056 1 50 0 1.0
5 133451 408 3114 1 10 1 1.0
5 78380 409 1594 1 1 1 1.0
5 117510 411 2458 1 1 1 1.0
5 161824 412 4395 1 1 1 1.0
5 77280 413 2008 1 1 1 1.0
5 97935 413 2160 1 10 0 1.0
5 134579 413 2694 1 50 1 1.0
5 98236 421 2331 1 1 0 1.0
5 116153 422 2907 1 1 1 1.0
5 152877 423 3605 1 1 0 1.0
5 169016 427 4350 1 1 0 1.0
5 179440 428 5350 1 1 0 1.0
5 106842 430 3189 1 1 1 1.0
5 96833 432 2455 1 1 1 1.0
5 158768 432 4135 1 50 0 1.0
5 64047 433 1663 1 1 0 1.0
5 113279 435 3145 1 1 0 1.0
5 125462 436 2769 1 1 1 1.0
5 128831 437 3845 1 1 1 1.0
5 154403 438 4136 1 10 1 1.0
5 165725 439 3626 1 10 0 1.0
5 174741 441 3834 1 50 1 1.0
5 178781 442 4884 1 1 1 1.0
5 67263 444 1923 1 50 0 1.0
5 171835 446 4485 1 1 0 1.0
5 152510 453 4534 1 1 1 1.0
5 115479 453 2989 1 10 0 1.0
5 126744 454 3474 1 50 0 1.0
5 67820 455 1859 1 50 0 1.0
5 102849 456 2280 1 10 0 1.0
5 172511 458 4808 1 50 1 1.0
5 167321 459 4318 1 1 0 1.0
5 96307 460 2458 1 1 1 1.0
5 72171 462 1523 1 50 1 1.0
5 120989 464 2936 1 1 0 1.0
5 88099 466 2216 1 1 1 1.0
5 94365 467 2317 1 1 0 1.0
5 65913 467 1532 1 1 0 1.0
5 152326 471 4131 1 1 0 1.0
5 97152 476 2891 1 1 1 1.0
5 152482 477 3554 1 10 0 1.0
5 135687 480 2720 1 1 1 1.0
5 84093 481 1755 1 1 1 1.0
5 73164 482 1502 1 10 0 1.0
5 124821 483 2930 1 10 0 1.0
5 143320 485 3286 1 10 0 1.0
5 76852 485 2237 1 1 1 1.0
5 149805 487 4427 1 10 0 1.0
5 178366 488 4809 1 1 0 1.0
5 94850 489 2594 1 1 0 1.0
5 143849 489 4015 1 1 0 1.0
5 164554 492 4626 1 50 1 1.0
5 83286 492 1960 1 10 0 1.0
5 81058 493 1891 1 10 0 1.0
5 160900 496 3577 1 10 0 1.0
5 168928 498 4121 1 1 0 1.0
5 82815 499 1717 1 50 0 1.0
5 119610 500 2695 1 1 0 1.0
5 77531 503 2002 1 10 1 1.0
5 119779 503 2702 1 10 0 1.0
5 83367 505 1994 1 1 1 1.0
5 177703 510 5169 1 1 0 1.0
5 92824 513 2682 1 50 0 1.0
5 116745 523 3233 1 1 0 1.0
5 85149 525 2137 1 1 0 1.0
5 100719 526 2581 1 1 1 1.0
5 95988 526 2009 1 50 0 1.0
5 160399 527 3805 1 1 1 1.0
5 170813 528 3658 1 50 0 1.0
5 144856 531 2969 1 10 1 1.0
5 137304 537 4043 1 1 1 1.0
5 70600 537 1891 1 1 0 1.0
5 168600 544 4129 1 10 0 1.0
5 121862 548 3544 1 1 0 1.0
5 113252 549 2962 1 1 0 1.0
5 64921 552 1352 1 1 0 1.0
5 128553 552 3522 1 10 0 1.0
5 73185 553 1573 1 1 0 1.0
5 159499 554 3854 1 1 0 1.0
5 64934 554 1873 1 1 0 1.0
5 111653 558 3174 1 10 1 1.0
5 80625 558 1715 1 10 0 1.0
5 140392 558 3805 1 1 1 1.0
5 173058 562 5162 1 50 0 1.0
5 139226 570 3513 1 1 1 1.0
5 166693 575 3493 1 10 1 1.0
5 119387 575 2863 1 1 0 1.0
5 99696 582 2077 1 1 1 1.0
5 144920 586 3112 1 1 0 1.0
5 69254 587 1553 1 1 0 1.0
5 167138 591 4096 1 50 1 1.0
5 168644 593 4505 1 1 0 1.0
5 87279 593 1923 1 10 0 1.0
5 129662 596 3776 1 1 0 1.0
5 132532 598 3389 1 1 1 1.0
5 72780 599 1704 1 1 0 1.0
5 179581 602 4304 1 1 1 1.0
5 99349 605 2911 1 1 0 1.0
5 93754 606 2266 1 10 0 1.0
5 169971 616 4758 1 1 1 1.0
5 92227 625 1971 1 1 0 1.0
5 109989 627 2994 1 10 0 1.0
5 80485 628 2194 1 10 1 1.0
5 80334 632 1891 1 1 0 1.0
5 62889 636 1446 1 10 1 1.0
5 60678 638 1401 1 1 1 1.0
5 91062 639 2675 1 1 0 1.0
5 131367 640 2820 1 10 0 1.0
5 93549 642 2649 1 1 0 1.0
5 164587 645 3561 1 1 0 1.0
5 104884 646 2790 1 1 1 1.0
5 79997 653 2268 1 10 0 1.0
5 94726 658 2664 1 10 1 1.0
5 90205 660 2579 1 1 1 1.0
5 159800 660 3200 1 1 0 1.0
5 110975 662 3071 1 1 1 1.0
5 63605 662 1739 1 1 0 1.0
5 160196 667 4132 1 10 0 1.0
5 154358 674 3440 1 10 0 1.0
5 106289 674 2526 1 1 0 1.0
5 166774 676 4930 1 10 1 1.0
5 80465 680 1763 1 1 0 1.0
5 90867 681 2387 1 1 1 1.0
5 67981 681 1394 1 10 1 1.0
5 132860 685 3422 1 50 1 1.0
5 133708 686 3470 1 50 0 1.0
5 170275 689 4476 1 1 1 1.0
5 145079 698 3966 1 1 0 1.0
5 116854 698 2757 1 1 0 1.0
5 141841 698 3190 1 10 0 1.0
5 80119 701 2279 1 50 1 1.0
5 70543 704 1647 1 1 0 1.0
5 88091 709 2459 1 1 0 1.0
5 145617 710 3328 1 1 0 1.0
5 155590 717 3312 1 1 1 1.0
5 140553 719 4000 1 50 1 1.0
5 138013 725 3265 1 1 1 1.0
5 136318 727 3193 1 1 1 1.0
5 171925 733 4797 1 10 0 1.0
5 134348 733 3260 1 50 1 1.0
5 140599 735 3506 1 1 0 1.0
5 165683 737 4432 1 10 0 1.0
5 132435 738 3209 1 1 1 1.0
5 159396 741 4580 1 1 1 1.0
5 119446 742 2509 1 1 1 1.0
5 69256 743 1435 1 10 1 1.0
5 144738 759 3744 1 1 0 1.0
5 80274 759 2210 1 10 0 1.0
5 113940 760 2666 1 10 1 1.0
5 100986 763 2697 1 10 0 1.0
5 116253 766 2883 1 1 0 1.0
5 127033 768 3221 1 1 0 1.0
5 80258 769 2304 1 1 1 1.0
5 154809 770 4326 1 1 1 1.0
5 91967 770 2614 1 1 0 1.0
5 151393 773 3466 1 1 1 1.0
5 175264 775 3636 1 1 1 1.0
5 118539 782 2694 1 1 0 1.0
5 173562 785 4693 1 1 0 1.0
5 129391 786 3837 1 1 1 1.0
5 109571 786 2946 1 10 0 1.0
5 67495 786 1825 1 1 0 1.0
5 73728 789 1658 1 1 1 1.0
5 113379 790 3134 1 1 1 1.0
5 85191 794 1880 1 50 0 1.0
5 121158 797 3200 1 10 1 1.0
5 168359 798 3538 1 50 1 1.0
5 100478 802 2511 1 1 1 1.0
5 146195 805 4036 1 1 0 1.0
5 93736 809 2792 1 1 0 1.0
5 168746 814 4694 1 1 1 1.0
5 164681 816 4601 1 10 1 1.0
5 82634 821 1932 1 10 1 1.0
5 69694 821 1561 1 1 0 1.0
5 84174 824 1925 1 1 1 1.0
5 116815 824 2378 1 1 0 1.0
5 176478 824 5004 1 50 1 1.0
5 60630 825 1751 1 1 0 1.0
5 124027 826 2686 1 50 0 1.0
5 149704 828 4288 1 10 1 1.0
5 102588 832 2908 1 1 0 1.0
5 104318 835 2300 1 1 1 1.0
5 68706 836 1776 1 10 0 1.0
5 179173 837 4444 1 10 1 1.0
5 140431 839 3209 1 1 1 1.0
5 94707 844 2765 1 10 1 1.0
5 62140 848 1289 1 1 1 1.0
5 89461 855 2676 1 1 0 1.0
5 168539 860 5020 1 1 0 1.0
5 76426 860 1828 1 1 0 1.0
5 108792 862 2465 1 10 1 1.0
5 108214 871 2164 1 1 0 1.0
5 67961 874 1657 1 1 0 1.0
5 112674 874 2826 1 1 1 1.0
5 132978 879 3447 1 10 0 1.0
5 107158 879 2409 1 1 0 1.0
5 114214 883 2527 1 1 0 1.0
5 113893 884 2437 1 1 1 1.0
5 143360 888 3048 1 10 0 1.0
5 80278 888 1971 1 1 0 1.0
5 143461 890 4236 1 10 0 1.0
5 71910 894 1493 1 50 0 1.0
5 165338 897 3599 1 1 1 1.0
5 117912 897 2525 1 1 1 1.0
5 91448 899 2394 1 10 1 1.0
5 173926 901 4459 1 50 1 1.0
5 166267 904 4447 1 1 1 1.0
5 163915 908 3409 1 1 0 1.0
5 98758 908 2800 1 10 0 1.0
5 145749 913 3312 1 1 0 1.0
5 179448 916 3989 1 1 0 1.0
5 134992 918 3361 1 1 0 1.0
5 136643 921 3384 1 1 0 1.0
5 112728 921 2337 1 50 0 1.0
5 76544 922 1542 1 1 1 1.0
5 94609 922 2223 1 10 0 1.0
5 117874 925 2991 1 10 1 1.0
5 156622 926 3270 1 10 0 1.0
5 72634 931 1600 1 1 0 1.0
5 148418 932 4336 1 10 0 1.0
5 175609 932 4224 1 10 1 1.0
5 118751 933 2559 1 10 1 1.0
5 83905 938 1751 1 10 0 1.0
5 62690 950 1596 1 10 1 1.0
5 126264 955 3559 1 1 0 1.0
5 90081 959 2503 1 1 0 1.0
5 146514 961 4075 1 10 0 1.0
5 175607 962 3655 1 10 1 1.0
5 168377 964 3682 1 1 0 1.0
5 179057 966 4920 1 1 1 1.0
5 160606 966 4051 1 1 0 1.0
5 74704 972 1930 1 10 0 1.0
5 142984 973 3704 1 1 1 1.0
5 115993 975 3160 1 1 1 1.0
5 151846 980 3360 1 1 1 1.0
5 140733 982 2878 1 1 0 1.0
5 128915 984 3548 1 1 0 1.0
5 144396 986 3813 1 1 0 1.0
5 79059 986 2102 1 10 1 1.0
5 116085 987 3132 1 1 0 1.0
5 138257 987 3606 1 1 0 1.0
5 71549 989 2083 1 1 0 1.0
5 83614 991 2351 1 1 0 1.0
5 128586 991 3070 1 1 0 1.0
5 128803 994 2956 1 1 0 1.0
5 126039 999 3000 1 50 1 1.0
5 107571 1000 2831 1 10 1 1.0
5 76217 1000 1958 1 1 1 1.0
5 165063 1004 3415 1 1 1 1.0
5 105377 1006 2881 1 1 1 1.0
5 69651 1007 1645 1 1 0 1.0
5 135403 1008 3873 1 1 0 1.0
5 140610 1015 3573 1 10 1 1.0
5 80812 1016 1777 1 1 1 1.0
5 100974 1018 2646 1 50 1 1.0
5 97180 1021 2414 1 10 1 1.0
5 130894 1022 3244 1 1 1 1.0
5 100819 1024 2189 1 1 1 1.0
5 99697 1028 2910 1 10 0 1.0
5 169394 1031 3817 1 1 1 1.0
5 165143 1034 4341 1 50 1 1.0
5 88460 1035 1903 1 1 0 1.0
5 109452 1036 2413 1 50 0 1.0
5 99439 1039 2094 1 10 0 1.0
5 126307 1042 3117 1 1 0 1.0
5 100292 1042 2149 1 1 1 1.0
5 78552 1046 1604 1 1 1 1.0
5 94249 1053 1956 1 50 0 1.0
5 62956 1053 1426 1 1 0 1.0
5 92211 1057 2579 1 10 0 1.0
5 60936 1059 1781 1 1 0 1.0
5 157471 1062 3388 1 50 1 1.0
5 127075 1069 3800 1 1 0 1.0
5 85537 1077 2120 1 1 0 1.0
5 130332 1080 3693 1 50 1 1.0
5 157923 1081 4293 1 1 1 1.0
5 69249 1082 1912 1 10 1 1.0
5 62669 1082 1431 1 1 0 1.0
5 129760 1083 3606 1 50 0 1.0
5 83778 1084 1880 1 1 0 1.0
5 89375 1086 2494 1 1 0 1.0
5 127490 1088 2904 1 1 1 1.0
5 84727 1091 1898 1 1 0 1.0
5 114770 1098 2786 1 1 1 1.0
5 66787 1099 1939 1 1 0 1.0
5 138646 1100 2915 1 1 0 1.0
5 178171 1101 5201 1 1 1 1.0
5 137288 1108 3945 1 10 1 1.0
5 93395 1109 2125 1 1 0 1.0
5 125033 1110 2590 1 1 0 1.0
5 74589 1116 1607 1 1 1 1.0
5 61272 1116 1391 1 1 1 1.0
5 151641 1119 4235 1 1 1 1.0
5 85306 1120 2315 1 10 0 1.0
5 64871 1123 1766 1 1 0 1.0
5 137034 1128 3900 1 1 0 1.0
5 138598 1130 3520 1 1 1 1.0
5 177222 1132 4610 1 1 1 1.0
5 151920 1133 3238 1 1 1 1.0
5 178463 1134 3905 1 10 1 1.0
5 147835 1135 3868 1 1 1 1.0
5 163333 1142 4485 1 10 0 1.0
5 165324 1144 4927 1 50 0 1.0
5 81236 1145 2047 1 1 0 1.0
5 166017 1148 4634 1 1 1 1.0
5 134991 1157 3665 1 50 1 1.0
5 126472 1170 2697 1 1 0 1.0
5 75862 1171 2135 1 1 0 1.0
5 118672 1173 2432 1 1 0 1.0
5 116732 1173 2950 1 10 0 1.0
5 136203 1176 3205 1 10 0 1.0
5 172033 1181 3722 1 10 1 1.0
5 119774 1181 2781 1 10 1 1.0
5 93378 1182 2456 1 10 0 1.0
5 126637 1183 3344 1 50 1 1.0
5 109941 1187 2944 1 50 1 1.0
5 60619 1189 1699 1 1 0 1.0
5 134403 1192 3861 1 1 0 1.0
5 159506 1194 4708 1 10 0 1.0
5 95006 1194 2271 1 10 0 1.0
5 89842 1196 2497 1 50 0 1.0
5 159465 1197 3855 1 10 0 1.0
5 63420 1201 1490 1 1 0 1.0
5 91569 1202 2355 1 1 0 1.0
5 134269 1204 3779 1 1 0 1.0
5 158185 1205 3729 1 10 1 1.0
5 110318 1206 2246 1 1 1 1.0
5 88022 1209 1766 1 10 0 1.0
5 72418 1210 1995 1 50 1 1.0
5 151592 1215 3549 1 1 0 1.0
5 126094 1218 3152 1 1 0 1.0
5 179235 1218 4223 1 10 0 1.0
5 80112 1219 1779 1 1 0 1.0
5 90802 1219 2223 1 1 1 1.0
5 69477 1221 2057 1 10 1 1.0
5 63957 1223 1515 1 1 1 1.0
5 128030 1223 3315 1 1 1 1.0
5 117625 1224 3243 1 10 1 1.0
5 174681 1231 4939 1 10 0 1.0
5 76994 1232 2048 1 1 1 1.0
5 175318 1236 4117 1 50 1 1.0
5 139849 1236 4003 1 10 0 1.0
5 101184 1240 2818 1 10 0 1.0
5 65124 1242 1569 1 1 1 1.0
5 148072 1243 4187 1 10 0 1.0
5 93090 1248 2546 1 10 1 1.0
5 121271 1251 2471 1 1 0 1.0
5 91381 1252 2650 1 1 0 1.0
5 132499 1252 3150 1 1 1 1.0
5 138229 1254 4127 1 50 1 1.0
5 107569 1254 2494 1 50 1 1.0
5 151183 1258 3354 1 1 0 1.0
5 97533 1259 2637 1 10 1 1.0
5 96825 1266 2262 1 10 0 1.0
5 101991 1267 2526 1 1 1 1.0
5 161581 1272 4792 1 50 0 1.0
5 165565 1276 4708 1 1 1 1.0
5 136935 1277 2778 1 50 0 1.0
5 90550 1278 2331 1 10 1 1.0
5 157668 1278 4322 1 1 0 1.0
5 98789 1282 2931 1 10 1 1.0
5 130165 1282 3709 1 10 1 1.0
5 135890 1283 3572 1 1 0 1.0
5 141754 1284 4057 1 50 1 1.0
5 90986 1290 2710 1 1 0 1.0
5 102048 1297 2650 1 10 1 1.0
5 118703 1299 3459 1 1 0 1.0
5 176604 1302 4454 1 1 0 1.0
5 77495 1305 1836 1 10 0 1.0
5 69213 1306 1406 1 10 0 1.0
5 172349 1316 4926 1 10 0 1.0
5 173437 1316 4382 1 10 0 1.0
5 158724 1323 4538 1 10 1 1.0
5 104720 1328 2400 1 1 1 1.0
5 89786 1330 1853 1 10 0 1.0
5 108984 1331 3049 1 1 0 1.0
5 77924 1331 1705 1 10 1 1.0
5 78284 1332 2094 1 10 1 1.0
5 154563 1334 3118 1 50 1 1.0
5 143301 1335 3739 1 10 1 1.0
5 65853 1338 1659 1 1 0 1.0
5 158814 1344 3563 1 10 1 1.0
5 107824 1344 3087 1 1 1 1.0
5 128458 1351 3640 1 1 0 1.0
5 139392 1352 3350 1 1 1 1.0
5 119942 1353 3172 1 10 1 1.0
5 69605 1359 1551 1 1 0 1.0
5 62387 1364 1291 1 50 0 1.0
5 119235 1372 2838 1 10 0 1.0
5 77549 1374 1969 1 1 1 1.0
5 158227 1374 4691 1 1 0 1.0
5 157436 1375 3247 1 1 1 1.0
5 95716 1376 2659 1 1 0 1.0
5 101609 1382 3001 1 1 0 1.0
5 132551 1385 3274 1 10 0 1.0
5 103875 1386 2193 1 1 0 1.0
5 178413 1387 5267 1 10 0 1.0
5 72189 1393 2015 1 1 1 1.0
5 84063 1393 2144 1 1 0 1.0
5 147174 1394 3599 1 1 0 1.0
5 130069 1398 2753 1 10 0 1.0
5 144547 1398 3561 1 1 0 1.0
5 134749 1400 3612 1 1 0 1.0
5 128070 1403 3826 1 50 1 1.0
5 149843 1404 4446 1 1 1 1.0
5 148780 1408 4182 1 50 0 1.0
5 178748 1408 4192 1 1 0 1.0
5 159661 1408 3763 1 1 1 1.0
5 93218 1409 2277 1 1 0 1.0
5 168039 1410 4648 1 1 1 1.0
5 130715 1411 3529 1 10 0 1.0
5 126492 1412 2867 1 1 1 1.0
5 76435 1417 2255 1 1 0 1.0
5 66432 1419 1937 1 1 1 1.0
5 96367 1421 2303 1 1 1 1.0
5 167488 1422 4627 1 1 0 1.0
5 169392 1423 3455 1 1 1 1.0
5 103774 1424 2192 1 10 0 1.0
5 170218 1425 4568 1 1 0 1.0
5 91194 1430 2350 1 50 0 1.0
5 125470 1431 2642 1 10 1 1.0
5 125002 1437 2718 1 1 0 1.0
5 116219 1438 2557 1 1 1 1.0
5 76640 1439 1898 1 1 0 1.0
5 126797 1439 3777 1 1 0 1.0
5 85498 1444 1836 1 10 0 1.0
5 168735 1448 4274 1 10 0 1.0
5 176730 1448 3694 1 1 0 1.0
5 147881 1448 4418 1 10 0 1.0
5 171597 1450 4260 1 1 0 1.0
5 93936 1451 2722 1 1 1 1.0
5 77372 1454 2088 1 1 0 1.0
5 100963 1455 2870 1 1 1 1.0
5 93237 1456 2271 1 1 0 1.0
5 110030 1458 3265 1 1 1 1.0
5 167312 1459 3890 1 10 1 1.0
5 68333 1459 1467 1 1 0 1.0
5 102550 1461 2124 1 1 1 1.0
5 104778 1462 2134 1 10 1 1.0
5 72270 1468 1756 1 1 1 1.0
5 104688 1470 2990 1 1 0 1.0
5 64301 1472 1363 1 10 1 1.0
5 111492 1473 2828 1 10 1 1.0
5 74053 1474 1895 1 1 1 1.0
5 72953 1474 2042 1 1 1 1.0
5 63594 1479 1480 1 10 1 1.0
5 116882 1480 2876 1 50 1 1.0
5 76282 1482 1978 1 10 0 1.0
5 134492 1482 3607 1 10 0 1.0
5 126595 1484 2614 1 1 0 1.0
5 132848 1488 2685 1 10 1 1.0
5 121017 1489 3168 1 1 0 1.0
5 172182 1490 4933 1 10 1 1.0
5 119083 1493 3077 1 1 1 1.0
5 172023 1494 3920 1 1 1 1.0
5 126456 1494 3201 1 1 1 1.0
5 172240 1496 3872 1 1 1 1.0
5 159920 1496 4407 1 10 0 1.0
5 90009 1498 2520 1 1 1 1.0
5 93078 1502 2024 1 1 0 1.0
5 145612 1502 3510 1 1 0 1.0
5 115805 1506 2357 1 1 1 1.0
5 124592 1508 3344 1 50 0 1.0
5 148412 1508 3140 1 1 1 1.0
5 152560 1508 4442 1 1 1 1.0
5 66741 1511 1845 1 1 0 1.0
5 132568 1515 3578 1 10 0 1.0
5 113062 1516 3143 1 10 1 1.0
5 156934 1516 3350 1 1 1 1.0
5 123903 1519 3315 1 10 1 1.0
5 85617 1520 2501 1 1 1 1.0
5 102574 1520 2589 1 50 0 1.0
5 93158 1521 2005 1 1 0 1.0
5 123800 1523 3021 1 1 1 1.0
5 84920 1524 1733 1 50 0 1.0
5 114181 1526 2302 1 1 1 1.0
5 104541 1527 2223 1 1 1 1.0
5 64133 1527 1467 1 10 0 1.0
5 117184 1530 2731 1 50 0 1.0
5 114815 1531 3140 1 1 1 1.0
5 71150 1534 1980 1 10 1 1.0
5 104444 1536 2576 1 10 0 1.0
5 154911 1542 3490 1 1 1 1.0
5 74826 1544 1647 1 1 0 1.0
5 136772 1545 3340 1 10 0 1.0
5 93971 1547 2203 1 1 0 1.0
5 130275 1553 2657 1 1 0 1.0
5 110156 1553 3132 1 1 0 1.0
5 175233 1554 3803 1 50 1 1.0
5 117844 1555 3319 1 1 1 1.0
5 172555 1556 4745 1 10 1 1.0
5 95719 1557 2234 1 1 0 1.0
5 170616 1561 4698 1 1 0 1.0
5 167977 1563 4793 1 10 0 1.0
5 143517 1566 3753 1 50 0 1.0
5 113777 1570 3240 1 10 1 1.0
5 124483 1573 2991 1 10 0 1.0
5 90418 1573 2047 1 10 1 1.0
5 150047 1579 3586 1 10 1 1.0
5 76480 1584 2282 1 1 1 1.0
5 90369 1584 2208 1 1 0 1.0
5 93761 1586 2737 1 10 1 1.0
5 99710 1586 2294 1 50 0 1.0
5 154818 1588 3780 1 1 1 1.0
5 168940 1591 4363 1 1 0 1.0
5 78986 1597 1901 1 50 1 1.0
5 177560 1598 4836 1 10 1 1.0
5 68464 1600 1958 1 1 0 1.0
5 127327 1602 2926 1 50 0 1.0
5 133009 1604 3504 1 10 1 1.0
5 145954 1610 3622 1 10 1 1.0
5 93474 1610 2399 1 10 0 1.0
5 162687 1610 4537 1 1 1 1.0
5 152760 1613 3252 1 1 0 1.0
5 166752 1613 4834 1 1 0 1.0
5 150438 1614 3799 1 10 0 1.0
5 113069 1615 2917 1 10 1 1.0
5 79808 1622 1916 1 1 1 1.0
5 84607 1624 2536 1 1 0 1.0
5 172607 1625 4277 1 1 0 1.0
5 158229 1631 4039 1 1 1 1.0
5 160348 1640 3967 1 10 1 1.0
5 66809 1640 1626 1 1 0 1.0
5 156790 1642 4057 1 1 1 1.0
5 177816 1647 3902 1 50 1 1.0
5 91950 1650 2728 1 10 0 1.0
5 144164 1651 3873 1 10 0 1.0
5 163414 1651 3548 1 50 1 1.0
5 169647 1654 4744 1 1 0 1.0
5 133558 1654 3916 1 1 1 1.0
5 107069 1654 2178 1 1 1 1.0
5 126181 1654 2697 1 1 1 1.0
5 175550 1657 4238 1 1 0 1.0
5 111664 1662 2939 1 10 1 1.0
5 102416 1662 2429 1 10 1 1.0
5 110373 1665 2878 1 10 0 1.0
5 179662 1666 5115 1 1 0 1.0
5 161530 1667 3453 1 1 1 1.0
5 70003 1668 2008 1 10 0 1.0
5 170390 1671 4192 1 1 0 1.0
5 136191 1671 2733 1 10 1 1.0
5 172780 1672 3912 1 10 0 1.0
5 137496 1677 3435 1 1 0 1.0
5 177610 1678 4007 1 1 0 1.0
5 76022 1679 2209 1 1 1 1.0
5 164005 1680 4464 1 1 0 1.0
5 125943 1680 3184 1 1 1 1.0
5 127163 1684 3584 1 1 1 1.0
5 103822 1684 2245 1 1 1 1.0
5 125018 1686 3001 1 50 1 1.0
5 92729 1687 2406 1 1 0 1.0
5 153496 1688 4152 1 1 0 1.0
5 167298 1689 3480 1 10 1 1.0
5 71416 1689 1697 1 1 0 1.0
5 76023 1698 2033 1 10 0 1.0
5 174329 1699 4993 1 1 1 1.0
5 120534 1699 3023 1 1 1 1.0
5 112487 1699 3316 1 1 1 1.0
5 146943 1699 3372 1 1 0 1.0
5 88196 1704 2543 1 10 1 1.0
5 136577 1704 2921 1 1 1 1.0
5 97477 1707 2569 1 1 1 1.0
5 150204 1710 3803 1 1 0 1.0
5 95236 1710 2300 1 1 1 1.0
5 85363 1715 2197 1 1 1 1.0
5 121170 1717 3467 1 1 1 1.0
5 78187 1723 1638 1 10 0 1.0
5 130972 1723 3663 1 10 1 1.0
5 137703 1724 3431 1 1 1 1.0
5 147654 1731 3873 1 1 0 1.0
5 160346 1733 4543 1 1 1 1.0
5 130637 1737 3298 1 10 1 1.0
5 162271 1738 3607 1 1 0 1.0
5 139629 1738 3255 1 10 0 1.0
5 118250 1739 2714 1 10 1 1.0
5 161657 1740 4066 1 1 0 1.0
5 146309 1740 3357 1 50 0 1.0
5 66684 1741 1838 1 1 1 1.0
5 160214 1742 3733 1 10 0 1.0
5 174779 1743 4443 1 10 1 1.0
5 127641 1744 2680 1 10 0 1.0
5 69648 1749 1654 1 1 0 1.0
5 160644 1751 4141 1 50 1 1.0
5 92320 1751 2189 1 1 1 1.0
5 110308 1759 3203 1 1 0 1.0
5 166453 1762 4516 1 1 0 1.0
5 119722 1765 2879 1 1 0 1.0
5 177789 1768 4136 1 10 1 1.0
5 170846 1773 3606 1 10 0 1.0
5 99028 1775 2786 1 50 1 1.0
5 115290 1779 3097 1 10 1 1.0
5 96845 1779 2810 1 1 0 1.0
5 153022 1780 3955 1 1 1 1.0
5 143696 1781 3101 1 1 0 1.0
5 121694 1782 3065 1 1 1 1.0
5 128066 1785 3067 1 50 0 1.0
5 64529 1787 1905 1 1 0 1.0
5 149474 1787 3796 1 1 0 1.0
5 80174 1790 1798 1 10 0 1.0
5 149271 1790 3698 1 1 1 1.0
5 165552 1795 4446 1 10 0 1.0
5 159316 1805 3717 1 10 1 1.0
5 171257 1808 5076 1 1 1 1.0
5 127341 1815 2775 1 1 0 1.0
5 150072 1817 3598 1 1 1 1.0
5 86881 1818 1871 1 1 1 1.0
5 60949 1820 1511 1 1 1 1.0
5 107535 1822 3065 1 1 1 1.0
5 138977 1828 3088 1 1 1 1.0
5 148511 1832 3088 1 1 0 1.0
5 77287 1833 1847 1 1 0 1.0
5 174741 1836 4262 1 1 1 1.0
5 111648 1837 2339 1 1 1 1.0
5 107439 1842 3194 1 1 1 1.0
5 145015 1842 3174 1 1 0 1.0
5 82754 1850 1985 1 1 1 1.0
5 79649 1851 2096 1 1 1 1.0
5 74536 1861 1804 1 1 0 1.0
5 138048 1863 3368 1 10 0 1.0
5 84648 1865 1825 1 1 0 1.0
5 79265 1868 1899 1 10 1 1.0
5 146942 1878 3145 1 10 1 1.0
5 93286 1878 2334 1 1 1 1.0
5 119895 1879 2879 1 10 1 1.0
5 164994 1880 3442 1 10 0 1.0
5 95243 1881 2226 1 10 0 1.0
5 85793 1884 1910 1 1 0 1.0
5 148833 1884 3541 1 10 1 1.0
5 159237 1888 4279 1 1 0 1.0
5 135700 1890 3509 1 10 0 1.0
5 117440 1892 3237 1 1 1 1.0
5 145256 1892 3045 1 10 0 1.0
5 85709 1892 1954 1 10 1 1.0
5 99015 1899 2314 1 1 0 1.0
5 179802 1899 3948 1 50 1 1.0
5 176005 1899 5121 1 10 0 1.0
5 95329 1899 1992 1 1 0 1.0
5 82140 1900 1767 1 1 1 1.0
5 153717 1904 3930 1 50 0 1.0
5 69647 1907 1525 1 1 0 1.0
5 88485 1909 2141 1 1 1 1.0
5 125759 1910 3053 1 1 1 1.0
5 100595 1912 2194 1 10 1 1.0
5 166703 1912 4674 1 1 0 1.0
5 139277 1914 3772 1 1 0 1.0
5 157113 1916 4047 1 1 0 1.0
5 80845 1916 2224 1 1 1 1.0
5 65316 1924 1667 1 10 1 1.0
5 163934 1927 3537 1 1 1 1.0
5 105236 1931 2626 1 1 1 1.0
5 86985 1934 1921 1 1 1 1.0
5 109743 1935 2227 1 10 0 1.0
5 170608 1935 4199 1 1 0 1.0
5 108591 1938 2812 1 1 1 1.0
5 111474 1939 3011 1 10 0 1.0
5 167211 1940 4121 1 1 1 1.0
5 143059 1948 3584 1 1 0 1.0
5 161945 1950 4010 1 1 1 1.0
5 156614 1952 3290 1 1 0 1.0
5 173439 1952 4227 1 1 1 1.0
5 173715 1952 4378 1 1 1 1.0
5 68966 1956 1808 1 10 1 1.0
5 75084 1956 1530 1 50 1 1.0
5 116431 1960 3184 1 1 1 1.0
5 91912 1960 2568 1 10 0 1.0
5 135538 1967 3327 1 1 1 1.0
5 93186 1972 2046 1 10 0 1.0
5 71680 1974 1513 1 1 0 1.0
5 105018 1974 2501 1 1 1 1.0
5 75246 1976 2255 1 10 0 1.0
5 99071 1977 2716 1 50 0 1.0
5 113665 1977 3393 1 1 0 1.0
5 126047 1981 2603 1 10 1 1.0
5 123674 1982 3240 1 1 1 1.0
5 109616 1985 2275 1 50 1 1.0
5 64924 1985 1312 1 1 1 1.0
5 176141 1986 4356 1 10 0 1.0
5 80498 1986 1915 1 10 0 1.0
5 126523 1989 3362 1 10 1 1.0
5 176669 1989 3851 1 10 1 1.0
5 99580 1990 2366 1 10 1 1.0
5 168929 1991 4944 1 10 1 1.0
5 62154 1992 1348 1 50 0 1.0
5 100806 1992 2598 1 10 0 1.0
5 128623 1992 3071 1 1 1 1.0
5 68331 1996 1757 1 50 1 1.0
5 126163 1997 3418 1 1 1 1.0
5 92389 2001 2637 1 10 1 1.0
5 75450 2012 1933 1 1 0 1.0
5 162599 2013 4344 1 1 0 1.0
5 153170 2028 3274 1 10 0 1.0
5 126004 2031 2982 1 1 0 1.0
5 83357 2035 2069 1 1 0 1.0
5 128850 2038 3663 1 1 1 1.0
5 170433 2038 3563 1 10 1 1.0
5 167805 2040 4756 1 1 1 1.0
5 113642 2044 2478 1 1 0 1.0
5 179803 2044 5303 1 10 1 1.0
5 162712 2045 4575 1 1 0 1.0
5 74125 2046 1820 1 10 1 1.0
5 91304 2049 2696 1 1 0 1.0
5 165340 2049 3941 1 50 0 1.0
5 152483 2050 3901 1 1 0 1.0
5 130726 2053 3167 1 10 0 1.0
5 174449 2055 3857 1 50 1 1.0
5 94814 2059 2504 1 10 0 1.0
5 177386 2061 5275 1 1 0 1.0
5 178368 2062 3766 1 50 0 1.0
5 136230 2063 2855 1 1 1 1.0
5 93116 2067 2164 1 1 1 1.0
5 113863 2073 2451 1 1 1 1.0
5 95476 2074 2461 1 1 1 1.0
5 170302 2076 4342 1 10 0 1.0
5 178147 2082 3665 1 1 0 1.0
5 61389 2084 1650 1 1 1 1.0
5 123324 2084 2752 1 1 0 1.0
5 88679 2084 1866 1 1 0 1.0
5 140560 2085 3404 1 10 1 1.0
5 137187 2087 3483 1 1 0 1.0
5 156752 2088 3549 1 1 0 1.0
5 165032 2089 3674 1 1 1 1.0
5 113818 2090 2790 1 1 1 1.0
5 141120 2090 3112 1 1 1 1.0
5 102057 2091 2195 1 1 0 1.0
5 134366 2096 2737 1 10 0 1.0
5 85653 2101 2011 1 50 1 1.0
5 107021 2103 2496 1 1 0 1.0
5 96337 2105 2517 1 1 0 1.0
5 141859 2107 3258 1 50 1 1.0
5 111007 2109 2477 1 1 1 1.0
5 104335 2110 2130 1 10 1 1.0
5 121482 2110 3174 1 10 1 1.0
5 140487 2112 3297 1 10 0 1.0
5 114171 2118 2591 1 1 1 1.0
5 102719 2118 3079 1 1 0 1.0
5 135057 2127 3467 1 10 0 1.0
5 132857 2129 2691 1 10 1 1.0
5 170284 2135 4276 1 1 1 1.0
5 164353 2142 3551 1 1 0 1.0
5 178414 2145 4868 1 1 1 1.0
5 150211 2146 3931 1 10 1 1.0
5 75971 2149 1670 1 1 1 1.0
5 74878 2150 1883 1 10 1 1.0
5 165314 2150 3941 1 10 0 1.0
5 98008 2154 2270 1 10 0 1.0
5 73843 2155 2098 1 1 1 1.0
5 174675 2159 4277 1 50 1 1.0
5 172123 2159 4813 1 1 1 1.0
5 162589 2162 3392 1 1 0 1.0
5 140180 2164 3735 1 10 1 1.0
5 71544 2165 1982 1 1 1 1.0
5 100702 2168 2476 1 10 1 1.0
5 168461 2170 4624 1 1 0 1.0
5 131317 2172 3755 1 10 0 1.0
5 137820 2175 3823 1 1 1 1.0
5 84425 2177 1717 1 1 0 1.0
5 136177 2178 2875 1 1 0 1.0
5 149284 2178 3460 1 1 1 1.0
5 63689 2183 1283 1 1 1 1.0
5 143621 2184 4186 1 1 0 1.0
5 92909 2185 2522 1 1 0 1.0
5 165065 2189 4761 1 10 0 1.0
5 164171 2193 3902 1 10 1 1.0
5 103499 2193 3076 1 1 1 1.0
5 81249 2195 1671 1 10 0 1.0
5 168388 2206 4107 1 1 0 1.0
5 153668 2207 3450 1 1 1 1.0
5 168435 2209 4015 1 1 1 1.0
5 98682 2213 2128 1 1 1 1.0
5 74095 2214 1568 1 10 1 1.0
5 108521 2216 2316 1 1 1 1.0
5 142978 2217 3280 1 1 1 1.0
5 89584 2218 2193 1 1 1 1.0
5 158792 2227 4287 1 1 0 1.0
5 60354 2228 1353 1 1 0 1.0
5 132603 2231 3781 1 1 1 1.0
5 118761 2235 3133 1 1 1 1.0
5 73371 2240 2057 1 10 1 1.0
5 162374 2242 4729 1 1 0 1.0
5 126423 2244 3390 1 1 1 1.0
5 168441 2244 4703 1 50 0 1.0
5 143284 2246 3857 1 1 0 1.0
5 71141 2246 1638 1 10 0 1.0
5 140705 2252 4190 1 1 1 1.0
5 112872 2253 2706 1 1 0 1.0
5 179284 2258 4521 1 1 0 1.0
5 99212 2263 2189 1 1 0 1.0
5 168878 2266 3529 1 10 0 1.0
5 67940 2267 1393 1 10 1 1.0
5 77610 2273 2002 1 1 1 1.0
5 62759 2275 1462 1 10 1 1.0
5 173549 2277 3887 1 50 0 1.0
5 70019 2282 1998 1 10 1 1.0
5 143883 2282 3007 1 1 1 1.0
5 79281 2286 2142 1 1 1 1.0
5 167224 2288 4320 1 1 1 1.0
5 74396 2288 2069 1 1 0 1.0
5 134156 2290 2787 1 10 0 1.0
5 68105 2291 1542 1 10 1 1.0
5 97604 2293 2700 1 1 0 1.0
5 144480 2297 3982 1 10 0 1.0
5 107274 2308 3157 1 10 1 1.0
5 175646 2310 3514 1 50 1 1.0
5 136620 2310 3431 1 1 0 1.0
5 121716 2312 3582 1 1 0 1.0
5 149137 2316 4413 1 1 0 1.0
5 160064 2316 4600 1 10 0 1.0
5 165243 2319 4075 1 1 0 1.0
5 71155 2323 1580 1 10 0 1.0
5 156950 2324 4468 1 10 0 1.0
5 128159 2327 3682 1 1 0 1.0
5 157874 2330 4606 1 1 0 1.0
5 159932 2330 3460 1 10 0 1.0
5 96840 2332 2351 1 50 1 1.0
5 110637 2332 2467 1 1 1 1.0
5 112693 2333 2758 1 1 0 1.0
5 92713 2335 2233 1 1 0 1.0
5 72693 2336 1714 1 1 0 1.0
5 131291 2338 2953 1 1 1 1.0
5 97786 2340 2777 1 1 1 1.0
5 144300 2341 4173 1 10 0 1.0
5 143331 2342 3560 1 10 0 1.0
5 74250 2347 1943 1 1 0 1.0
5 110444 2350 2566 1 1 0 1.0
5 172655 2351 4098 1 1 1 1.0
5 79384 2351 2043 1 1 1 1.0
5 77098 2360 1935 1 10 0 1.0
5 142314 2362 3725 1 50 1 1.0
5 174881 2364 3684 1 1 1 1.0
5 126138 2364 2983 1 50 0 1.0
5 62451 2366 1375 1 1 1 1.0
5 122129 2372 2871 1 50 1 1.0
5 123080 2376 3414 1 1 1 1.0
5 75626 2379 2037 1 10 1 1.0
5 114495 2382 2510 1 1 0 1.0
5 128844 2384 3857 1 1 1 1.0
5 110041 2385 2847 1 1 0 1.0
5 151821 2386 4431 1 10 0 1.0
5 110870 2387 2236 1 1 1 1.0
5 80428 2387 1741 1 1 0 1.0
5 132151 2388 3067 1 1 0 1.0
5 108139 2395 2858 1 1 0 1.0
5 66611 2397 1800 1 50 1 1.0
5 174685 2398 4737 1 10 1 1.0
5 112995 2401 3320 1 1 1 1.0
5 126212 2401 2884 1 1 0 1.0
5 178899 2408 4726 1 1 0 1.0
5 162394 2408 4278 1 1 0 1.0
5 115891 2408 3230 1 1 0 1.0
5 175611 2412 3576 1 1 0 1.0
5 179180 2416 5197 1 1 0 1.0
5 75705 2424 1627 1 1 1 1.0
5 94656 2432 2528 1 1 0 1.0
5 135250 2432 3782 1 1 0 1.0
5 80147 2432 1875 1 1 1 1.0
5 165604 2435 3423 1 1 1 1.0
5 133759 2436 3971 1 10 1 1.0
5 116193 2436 2664 1 10 1 1.0
5 101003 2437 2489 1 10 0 1.0
5 97946 2437 2439 1 1 0 1.0
5 157551 2438 3453 1 1 1 1.0
5 132893 2443 3546 1 1 0 1.0
5 77993 2445 2035 1 10 1 1.0
5 128671 2445 3048 1 50 0 1.0
5 79257 2447 1669 1 1 0 1.0
5 107302 2453 2996 1 1 0 1.0
5 178965 2454 3720 1 1 0 1.0
5 90481 2456 1811 1 1 1 1.0
5 72444 2460 1573 1 1 0 1.0
5 90069 2466 1903 1 1 0 1.0
5 92998 2466 2081 1 1 0 1.0
5 108553 2469 2611 1 10 0 1.0
5 163085 2476 4174 1 1 1 1.0
5 148214 2476 3251 1 1 1 1.0
5 94100 2478 2644 1 1 1 1.0
5 60791 2478 1307 1 1 0 1.0
5 91399 2478 1926 1 10 0 1.0
5 69916 2480 1943 1 1 1 1.0
5 82930 2487 1850 1 10 0 1.0
5 116713 2487 2539 1 10 1 1.0
5 132521 2491 3757 1 1 1 1.0
5 103087 2492 2816 1 1 0 1.0
5 140388 2492 2919 1 1 0 1.0
5 176361 2498 3742 1 1 0 1.0
5 78234 2501 1845 1 1 0 1.0
5 176963 2501 4190 1 1 1 1.0
5 117135 2507 2431 1 10 0 1.0
5 164125 2510 4456 1 1 0 1.0
5 125606 2511 2901 1 1 1 1.0
5 144143 2517 3525 1 1 0 1.0
5 78323 2517 2036 1 50 0 1.0
5 83778 2520 2424 1 1 0 1.0
5 126944 2520 3737 1 1 1 1.0
5 160741 2522 3724 1 1 0 1.0
5 91614 2526 2426 1 1 1 1.0
5 88087 2531 2588 1 1 0 1.0
5 80139 2532 1957 1 1 1 1.0
5 94831 2532 2391 1 1 0 1.0
5 156998 2536 4267 1 1 0 1.0
5 66273 2537 1956 1 10 0 1.0
5 173118 2537 4099 1 1 0 1.0
5 148159 2542 3610 1 1 0 1.0
5 119025 2543 2922 1 50 0 1.0
5 162454 2546 3421 1 1 1 1.0
5 85466 2549 1976 1 1 0 1.0
5 62830 2552 1462 1 1 1 1.0
5 82853 2552 2322 1 1 1 1.0
5 96265 2552 2465 1 1 0 1.0
5 136461 2552 3055 1 10 1 1.0
5 160024 2554 4795 1 10 0 1.0
5 166617 2558 4095 1 10 0 1.0
5 162765 2558 4700 1 1 0 1.0
5 154602 2569 3328 1 1 1 1.0
5 60832 2569 1606 1 10 1 1.0
5 160120 2573 4543 1 10 0 1.0
5 123888 2578 3705 1 1 1 1.0
5 134900 2583 2859 1 1 1 1.0
5 128230 2583 2721 1 10 0 1.0
5 109559 2583 2994 1 10 1 1.0
5 143474 2592 2889 1 1 0 1.0
5 88174 2597 1927 1 10 0 1.0
5 110992 2608 2527 1 1 0 1.0
5 114059 2610 2862 1 1 0 1.0
5 178234 2613 4441 1 10 1 1.0
5 75141 2617 1520 1 1 0 1.0
5 130583 2618 3714 1 10 1 1.0
5 172126 2618 4074 1 1 1 1.0
5 98580 2619 2770 1 10 0 1.0
5 169549 2620 4440 1 10 1 1.0
5 152044 2621 3400 1 1 0 1.0
5 91821 2623 2079 1 10 1 1.0
5 99642 2623 2741 1 1 0 1.0
5 154846 2624 4019 1 1 0 1.0
5 119272 2629 3317 1 50 0 1.0
5 105214 2632 2864 1 1 0 1.0
5 105549 2635 2329 1 1 0 1.0
5 94191 2636 2698 1 1 0 1.0
5 152097 2637 3468 1 1 0 1.0
5 115577 2642 2893 1 10 0 1.0
5 146233 2643 3140 1 1 1 1.0
5 142050 2645 2851 1 1 0 1.0
5 176226 2645 3678 1 1 0 1.0
5 76867 2647 1618 1 10 1 1.0
5 65158 2652 1882 1 1 1 1.0
5 175917 2653 4771 1 1 0 1.0
5 130172 2653 3194 1 1 1 1.0
5 71441 2656 1905 1 1 0 1.0
5 103759 2658 2104 1 10 1 1.0
5 177670 2658 4553 1 10 1 1.0
5 168674 2660 4406 1 50 1 1.0
5 81837 2662 2161 1 1 0 1.0
5 153116 2662 3321 1 10 1 1.0
5 149564 2664 3782 1 50 0 1.0
5 84156 2664 1882 1 1 1 1.0
5 95272 2665 1961 1 1 1 1.0
5 102215 2667 2401 1 1 0 1.0
5 72932 2669 1698 1 1 1 1.0
5 97919 2674 2826 1 1 1 1.0
5 136374 2675 3196 1 1 0 1.0
5 137569 2678 3476 1 1 0 1.0
5 61358 2682 1549 1 1 1 1.0
5 151168 2686 3690 1 50 1 1.0
5 111465 2693 2537 1 1 1 1.0
5 137593 2694 4033 1 1 0 1.0
5 82423 2697 1939 1 10 1 1.0
5 157320 2698 3905 1 1 0 1.0
5 175111 2699 4042 1 1 0 1.0
5 165861 2701 4537 1 1 0 1.0
5 107754 2701 2450 1 10 0 1.0
5 123735 2701 2962 1 50 1 1.0
5 73729 2703 1802 1 10 1 1.0
5 119809 2704 3193 1 1 1 1.0
5 135150 2708 3921 1 1 1 1.0
5 161103 2712 4632 1 1 1 1.0
5 99338 2713 2329 1 10 0 1.0
5 101729 2713 2290 1 10 1 1.0
5 103062 2717 2786 1 10 1 1.0
5 175701 2718 3623 1 10 0 1.0
5 129816 2721 3386 1 1 0 1.0
5 148469 2722 4210 1 10 1 1.0
5 124048 2726 3213 1 1 1 1.0
5 65250 2736 1726 1 1 1 1.0
5 107185 2736 2657 1 1 0 1.0
5 130469 2737 3656 1 1 1 1.0
5 108822 2738 2638 1 1 0 1.0
5 179495 2742 4791 1 10 1 1.0
5 100449 2743 2997 1 1 1 1.0
5 141283 2745 2988 1 1 0 1.0
5 139549 2746 3828 1 10 0 1.0
5 147238 2746 3733 1 1 0 1.0
5 60387 2749 1753 1 1 1 1.0
5 61208 2758 1398 1 10 0 1.0
5 65087 2759 1462 1 10 1 1.0
5 88760 2760 2078 1 10 1 1.0
5 108642 2764 3176 1 1 0 1.0
5 157860 2765 3908 1 1 1 1.0
5 64108 2765 1337 1 1 0 1.0
5 110871 2769 2654 1 10 1 1.0
5 150039 2769 3383 1 1 0 1.0
5 153508 2770 3828 1 10 1 1.0
5 118718 2770 3506 1 1 1 1.0
5 89016 2772 2359 1 10 1 1.0
5 101004 2774 2616 1 1 1 1.0
5 151921 2774 4543 1 1 0 1.0
5 137170 2775 3994 1 50 0 1.0
5 118673 2775 3228 1 10 1 1.0
5 99585 2777 2936 1 1 0 1.0
5 166892 2782 3392 1 10 0 1.0
5 122677 2785 2741 1 1 0 1.0
5 97195 2794 2798 1 10 1 1.0
5 178854 2799 5296 1 10 1 1.0
5 97419 2802 2225 1 10 0 1.0
5 111809 2804 2561 1 1 1 1.0
5 85772 2805 1924 1 50 0 1.0
5 127657 2805 3728 1 10 1 1.0
5 66080 2807 1700 1 10 0 1.0
5 113486 2809 3369 1 10 0 1.0
5 82011 2810 2035 1 50 0 1.0
5 134992 2810 2933 1 50 0 1.0
5 115312 2815 3300 1 10 0 1.0
5 67921 2817 1486 1 10 1 1.0
5 111084 2818 2646 1 1 1 1.0
5 116896 2827 2375 1 1 0 1.0
5 102098 2830 2893 1 1 1 1.0
5 140538 2832 3982 1 10 1 1.0
5 74844 2833 2244 1 1 1 1.0
5 102912 2834 2497 1 10 0 1.0
5 112024 2834 2397 1 1 0 1.0
5 93034 2835 1923 1 10 0 1.0
5 86141 2835 2530 1 1 1 1.0
5 130398 2841 3637 1 1 1 1.0
5 99217 2845 2859 1 10 1 1.0
5 136603 2846 3216 1 1 1 1.0
5 70083 2846 1905 1 10 0 1.0
5 174066 2846 5142 1 50 1 1.0
5 118098 2852 3176 1 1 1 1.0
5 125555 2855 3733 1 10 1 1.0
5 109306 2865 2995 1 1 0 1.0
5 170405 2866 4363 1 1 1 1.0
5 112496 2866 2575 1 50 0 1.0
5 127669 2868 3108 1 10 1 1.0
5 125063 2869 2818 1 1 1 1.0
5 156357 2872 3899 1 1 0 1.0
5 162991 2873 3619 1 10 1 1.0
5 142437 2879 2867 1 1 1 1.0
5 118650 2879 2449 1 1 1 1.0
5 70369 2880 1472 1 10 1 1.0
5 111753 2881 2353 1 1 0 1.0
5 135642 2882 3960 1 1 1 1.0
5 64823 2884 1354 1 10 1 1.0
5 123465 2887 2645 1 1 1 1.0
5 74007 2887 2146 1 1 1 1.0
5 140862 2887 2913 1 1 1 1.0
5 140880 2893 2903 1 1 1 1.0
5 124521 2893 2779 1 1 1 1.0
5 110425 2896 2783 1 10 1 1.0
5 75987 2896 1864 1 10 0 1.0
5 176406 2897 4291 1 50 1 1.0
5 177697 2899 3872 1 10 0 1.0
5 147085 2900 3591 1 1 0 1.0
5 77938 2903 2019 1 10 0 1.0
5 98710 2906 2233 1 50 0 1.0
5 154974 2910 3174 1 10 0 1.0
5 80067 2913 2340 1 1 1 1.0
5 162066 2916 3263 1 50 1 1.0
5 160300 2918 3981 1 1 0 1.0
5 162626 2920 4510 1 1 0 1.0
5 124872 2921 3689 1 1 0 1.0
5 103718 2921 2406 1 1 1 1.0
5 60469 2922 1506 1 10 1 1.0
5 147478 2923 3678 1 1 0 1.0
5 148051 2925 3148 1 1 1 1.0
5 147202 2926 4245 1 10 1 1.0
5 69954 2926 1831 1 10 1 1.0
5 94777 2927 2577 1 1 0 1.0
5 100292 2935 2031 1 1 0 1.0
5 109328 2938 2255 1 1 1 1.0
5 111332 2939 2632 1 1 1 1.0
5 141242 2942 4178 1 1 0 1.0
5 74182 2946 2156 1 10 1 1.0
5 87769 2946 1973 1 10 0 1.0
5 139822 2947 3680 1 1 1 1.0
5 169575 2947 4113 1 1 1 1.0
5 87545 2948 1939 1 1 1 1.0
5 125298 2948 2740 1 1 0 1.0
5 135582 2953 3982 1 1 1 1.0
5 105164 2955 2993 1 10 0 1.0
5 166609 2961 3837 1 10 0 1.0
5 86334 2963 2141 1 1 0 1.0
5 128667 2966 3855 1 10 0 1.0
5 94589 2967 1955 1 10 1 1.0
5 157810 2970 3524 1 50 1 1.0
5 170336 2970 3414 1 1 1 1.0
5 105837 2971 2493 1 1 0 1.0
5 104343 2971 2465 1 10 1 1.0
5 120605 2974 3316 1 10 0 1.0
5 140706 2976 4163 1 1 1 1.0
5 126279 2977 3006 1 50 0 1.0
5 134556 2985 3688 1 1 1 1.0
5 101432 2985 2868 1 1 0 1.0
5 114613 2986 2751 1 1 0 1.0
5 82711 2989 2302 1 10 0 1.0
5 161196 2994 3239 1 10 0 1.0
5 127215 2995 3350 1 1 1 1.0
5 134368 2995 2733 1 1 1 1.0
5 176794 3001 4685 1 50 1 1.0
5 152995 3001 3254 1 10 1 1.0
5 63843 3001 1755 1 10 1 1.0
5 125806 3007 2525 1 10 0 1.0
5 101784 3015 2586 1 10 0 1.0
5 62057 3016 1617 1 1 1 1.0
5 64708 3017 1747 1 10 0 1.0
5 93798 3017 2348 1 1 1 1.0
5 94229 3025 2475 1 1 0 1.0
5 75662 3026 1801 1 10 1 1.0
5 80503 3027 2087 1 10 0 1.0
5 144248 3027 4124 1 50 1 1.0
5 60092 3027 1364 1 50 0 1.0
5 99645 3028 2768 1 1 1 1.0
5 89605 3028 2537 1 1 1 1.0
5 160868 3030 4081 1 1 1 1.0
5 119115 3032 3169 1 50 1 1.0
5 89207 3034 2081 1 50 1 1.0
5 163424 3034 4727 1 1 1 1.0
5 105992 3035 2814 1 10 0 1.0
5 173761 3036 5136 1 10 1 1.0
5 79047 3038 1957 1 1 0 1.0
5 133200 3039 3469 1 1 1 1.0
5 177241 3040 5254 1 1 0 1.0
5 162168 3041 3699 1 10 1 1.0
5 98305 3044 2314 1 1 1 1.0
5 79954 3047 1608 1 1 1 1.0
5 139030 3047 2982 1 10 0 1.0
5 154143 3050 3371 1 10 1 1.0
5 133505 3052 3240 1 50 1 1.0
5 174247 3055 4766 1 1 0 1.0
5 150298 3055 3868 1 1 1 1.0
5 82161 3056 2000 1 1 0 1.0
5 163033 3061 4014 1 1 0 1.0
5 147851 3070 3683 1 50 0 1.0
5 122553 3071 3099 1 50 1 1.0
5 113663 3071 2633 1 10 1 1.0
5 175345 3075 4512 1 1 0 1.0
5 129478 3078 3532 1 10 1 1.0
5 99681 3081 2682 1 1 1 1.0
5 177766 3081 4776 1 50 0 1.0
5 143070 3082 2989 1 1 1 1.0
5 82046 3086 2031 1 1 0 1.0
5 70072 3090 1591 1 50 0 1.0
5 114559 3091 3085 1 1 0 1.0
5 89395 3094 2651 1 1 1 1.0
5 170067 3102 3425 1 1 1 1.0
5 71409 3104 2103 1 1 1 1.0
5 92134 3107 2702 1 1 0 1.0
5 65825 3120 1717 1 10 1 1.0
5 145357 3128 3497 1 1 1 1.0
5 134961 3131 3115 1 1 1 1.0
5 76979 3132 1919 1 1 1 1.0
5 152017 3134 3532 1 1 0 1.0
5 97279 3135 2894 1 1 1 1.0
5 161890 3140 4359 1 10 1 1.0
5 177008 3140 3909 1 1 1 1.0
5 152292 3148 3374 1 1 1 1.0
5 161162 3149 3492 1 1 0 1.0
5 156089 3150 4428 1 1 1 1.0
5 154999 3152 3198 1 10 1 1.0
5 140478 3154 4175 1 10 0 1.0
5 158955 3154 3342 1 10 1 1.0
5 71155 3156 1661 1 50 0 1.0
5 120436 3156 2647 1 1 0 1.0
5 120562 3158 2761 1 1 1 1.0
5 127472 3165 2750 1 1 0 1.0
5 72491 3168 1700 1 10 0 1.0
5 83174 3169 1697 1 10 1 1.0
5 91141 3169 2189 1 1 1 1.0
5 82474 3171 2431 1 10 1 1.0
5 162586 3171 3699 1 50 1 1.0
5 62596 3176 1772 1 1 1 1.0
5 116984 3177 2440 1 1 1 1.0
5 101574 3177 2511 1 1 0 1.0
5 123673 3180 3668 1 1 1 1.0
5 158140 3180 4036 1 1 0 1.0
5 149817 3182 4287 1 1 1 1.0
5 149969 3184 4378 1 1 1 1.0
5 93357 3185 2116 1 1 0 1.0
5 137943 3190 3955 1 10 0 1.0
5 83745 3193 2217 1 1 1 1.0
5 146828 3194 2987 1 1 1 1.0
5 122194 3194 3177 1 1 1 1.0
5 111168 3197 2598 1 10 0 1.0
5 101751 3198 2819 1 10 1 1.0
5 109782 3199 2623 1 1 1 1.0
5 134735 3200 3298 1 50 0 1.0
5 68998 3200 1454 1 1 1 1.0
5 63182 3203 1485 1 10 0 1.0
5 119289 3206 2455 1 1 0 1.0
5 139952 3206 2897 1 1 0 1.0
5 138627 3207 4062 1 1 1 1.0
5 162977 3210 3637 1 1 1 1.0
5 125326 3211 3080 1 1 1 1.0
5 167021 3211 3687 1 10 0 1.0
5 95765 3211 2296 1 1 0 1.0
5 121501 3217 3070 1 1 0 1.0
5 120216 3221 3341 1 10 0 1.0
5 88273 3230 2244 1 1 1 1.0
5 157953 3230 4285 1 10 0 1.0
5 95679 3233 2294 1 10 1 1.0
5 79944 3234 2220 1 1 1 1.0
5 157350 3239 4097 1 1 1 1.0
5 172746 3239 4599 1 1 0 1.0
5 124362 3240 3389 1 50 1 1.0
5 171565 3242 5084 1 1 1 1.0
5 177656 3243 4534 1 1 1 1.0
5 110787 3244 3150 1 1 1 1.0
5 133682 3245 3827 1 50 0 1.0
5 131753 3246 2730 1 1 0 1.0
5 61643 3253 1697 1 1 1 1.0
5 127552 3255 3077 1 1 1 1.0
5 70023 3259 1798 1 1 0 1.0
5 64568 3259 1842 1 1 1 1.0
5 178675 3261 4234 1 10 0 1.0
5 63107 3261 1765 1 10 0 1.0
5 179303 3262 5103 1 1 1 1.0
5 96023 3263 2713 1 50 0 1.0
5 109115 3266 3126 1 10 0 1.0
5 142990 3266 3352 1 1 0 1.0
5 176295 3268 3600 1 1 1 1.0
5 103951 3269 2266 1 50 1 1.0
5 109461 3273 2563 1 1 0 1.0
5 120811 3273 2955 1 1 1 1.0
5 135092 3275 2808 1 50 0 1.0
5 121925 3276 2982 1 1 1 1.0
5 74163 3277 1606 1 1 0 1.0
5 140988 3284 3290 1 1 1 1.0
5 130932 3286 3588 1 1 0 1.0
5 168919 3286 4682 1 10 0 1.0
5 72781 3286 1827 1 1 1 1.0
5 109114 3287 2977 1 1 1 1.0
5 166700 3290 3549 1 10 0 1.0
5 158427 3293 3600 1 1 1 1.0
5 63176 3301 1583 1 1 1 1.0
5 159678 3301 4283 1 1 1 1.0
5 175570 3302 3654 1 1 0 1.0
5 150397 3302 4081 1 10 1 1.0
5 73260 3305 1635 1 1 1 1.0
5 146632 3305 3829 1 10 0 1.0
5 140542 3306 4069 1 10 0 1.0
5 169088 3308 3558 1 10 0 1.0
5 154550 3312 4181 1 1 0 1.0
5 61947 3313 1731 1 10 0 1.0
5 172265 3316 3594 1 50 0 1.0
5 100876 3318 2771 1 10 1 1.0
5 112824 3318 2799 1 50 0 1.0
5 171770 3325 4688 1 1 1 1.0
5 65604 3325 1361 1 1 1 1.0
5 153115 3331 3260 1 10 0 1.0
5 174240 3333 4340 1 10 1 1.0
5 65525 3337 1787 1 1 0 1.0
5 109550 3341 3183 1 10 1 1.0
5 144996 3342 3338 1 1 1 1.0
5 125603 3342 3658 1 1 0 1.0
5 61614 3346 1771 1 10 1 1.0
5 100043 3348 2794 1 1 1 1.0
5 113474 3353 3369 1 10 1 1.0
5 63059 3354 1760 1 1 0 1.0
5 94581 3362 2006 1 1 1 1.0
5 105048 3367 3036 1 1 1 1.0
5 118435 3368 2713 1 10 1 1.0
5 170415 3369 4531 1 10 0 1.0
5 123982 3369 3436 1 10 0 1.0
5 158633 3374 4624 1 50 0 1.0
5 114042 3375 2581 1 10 1 1.0
5 81552 3377 2258 1 1 1 1.0
5 71256 3379 1455 1 10 1 1.0
5 130664 3379 3671 1 1 0 1.0
5 164280 3384 4384 1 1 0 1.0
5 80914 3384 1880 1 1 0 1.0
5 169741 3398 3810 1 1 0 1.0
5 66658 3399 1951 1 50 0 1.0
5 168726 3401 4878 1 1 0 1.0
5 73055 3402 2062 1 1 0 1.0
5 177156 3402 5172 1 1 1 1.0
5 135324 3407 2965 1 1 1 1.0
5 103020 3409 2146 1 10 0 1.0
5 171447 3415 4135 1 1 1 1.0
5 98759 3423 2223 1 1 0 1.0
5 139156 3425 2861 1 1 0 1.0
5 105399 3425 2255 1 1 1 1.0
5 174476 3426 4383 1 1 0 1.0
5 172580 3427 4550 1 1 1 1.0
5 139655 3430 3453 1 1 0 1.0
5 120892 3431 2859 1 1 1 1.0
5 140461 3433 3470 1 1 0 1.0
5 62172 3433 1839 1 1 0 1.0
5 89261 3434 1830 1 1 1 1.0
5 145190 3436 3123 1 1 0 1.0
5 171359 3438 4768 1 10 0 1.0
5 172101 3444 4645 1 10 1 1.0
5 121623 3447 3541 1 1 1 1.0
5 137675 3451 3818 1 10 0 1.0
5 94999 3455 2075 1 10 1 1.0
5 165133 3460 3451 1 1 1 1.0
5 85746 3461 2162 1 10 1 1.0
5 163107 3461 3762 1 1 0 1.0
5 92445 3464 2333 1 10 1 1.0
5 117154 3465 2517 1 1 0 1.0
5 94146 3466 2218 1 1 1 1.0
5 100146 3467 2949 1 1 1 1.0
5 90050 3468 2679 1 10 0 1.0
5 157831 3469 3474 1 10 0 1.0
5 84588 3470 2371 1 10 0 1.0
5 166060 3471 4783 1 1 1 1.0
5 133250 3474 3434 1 1 1 1.0
5 175956 3478 4224 1 1 1 1.0
5 158693 3482 4684 1 1 1 1.0
5 127914 3488 3085 1 1 0 1.0
5 179200 3493 4195 1 1 1 1.0
5 114652 3497 2437 1 50 1 1.0
5 146424 3503 4183 1 1 1 1.0
5 83949 3511 2393 1 1 0 1.0
5 92464 3512 1964 1 10 1 1.0
5 89396 3519 2094 1 1 0 1.0
5 170794 3520 4276 1 10 0 1.0
5 110627 3525 2473 1 1 0 1.0
5 93496 3525 1990 1 10 0 1.0
5 113068 3531 3247 1 10 1 1.0
5 77442 3532 2012 1 10 1 1.0
5 109263 3533 2672 1 1 1 1.0
5 68549 3536 1789 1 1 0 1.0
5 115181 3541 3270 1 1 0 1.0
5 78563 3543 1731 1 1 1 1.0
5 129635 3555 2853 1 50 1 1.0
5 165938 3565 4965 1 1 1 1.0
5 132559 3566 3267 1 1 0 1.0
5 159240 3573 3867 1 1 0 1.0
5 113510 3581 3341 1 10 0 1.0
5 157379 3582 3591 1 1 0 1.0
5 139487 3582 4116 1 1 0 1.0
5 166957 3587 4162 1 10 1 1.0
5 171587 3589 4627 1 50 0 1.0
5 95407 3590 2476 1 10 0 1.0
5 69395 3590 1969 1 50 1 1.0
5 163208 3593 4781 1 10 0 1.0
5 149955 3597 3102 1 10 1 1.0
5 101292 3598 2430 1 1 1 1.0
5 73531 3598 1916 1 50 0 1.0
5 117877 3599 2551 1 1 1 1.0
