1500
6 73669 1 1924 1 1 0 1.0
6 82383 3 2162 1 10 0 1.0
6 115496 5 3158 1 1 0 1.0
6 80470 5 1931 1 1 1 1.0
6 86515 8 2378 1 1 1 1.0
6 64881 9 1881 1 10 0 1.0
6 62265 11 1384 1 1 0 1.0
6 129696 13 2602 1 10 0 1.0
6 66629 15 1846 1 1 0 1.0
6 165105 23 4035 1 10 0 1.0
6 72654 24 2141 1 1 0 1.0
6 71588 28 1753 1 1 0 1.0
6 125240 28 3108 1 1 1 1.0
6 160944 35 3348 1 10 0 1.0
6 60780 37 1486 1 1 0 1.0
6 124603 40 2526 1 10 0 1.0
6 140935 44 3820 1 1 0 1.0
6 85179 44 2167 1 1 1 1.0
6 154543 44 4532 1 10 0 1.0
6 133393 45 2981 1 10 1 1.0
6 174366 45 4681 1 1 1 1.0
6 145239 49 3546 1 50 1 1.0
6 151620 50 4510 1 1 1 1.0
6 80330 51 1768 1 10 0 1.0
6 141469 52 3056 1 10 1 1.0
6 159139 52 3310 1 1 0 1.0
6 99465 55 2169 1 50 0 1.0
6 115158 56 2841 1 50 1 1.0
6 81928 56 1790 1 1 0 1.0
6 167283 58 4401 1 1 1 1.0
6 63477 63 1802 1 10 1 1.0
6 175842 64 4176 1 1 1 1.0
6 107741 66 2917 1 1 1 1.0
6 164655 67 3682 1 1 0 1.0
6 170308 67 3605 1 10 1 1.0
6 80943 73 1839 1 1 0 1.0
6 120414 75 3035 1 10 0 1.0
6 150653 93 3529 1 10 0 1.0
6 85965 99 2491 1 10 0 1.0
6 87594 101 2297 1 1 1 1.0
6 161875 103 4853 1 1 1 1.0
6 167561 103 4903 1 10 0 1.0
6 126528 106 3029 1 1 0 1.0
6 170400 108 3905 1 1 1 1.0
6 139243 112 3786 1 1 1 1.0
6 85325 113 1769 1 1 0 1.0
6 67003 114 1643 1 1 1 1.0
6 106724 115 3071 1 1 0 1.0
6 132875 116 3364 1 10 1 1.0
6 146963 117 4309 1 1 0 1.0
6 109398 118 2613 1 1 0 1.0
6 161029 119 3782 1 10 0 1.0
6 105897 120 3099 1 1 1 1.0
6 145307 121 3277 1 1 1 1.0
6 176732 121 3874 1 10 1 1.0
6 66083 122 1500 1 1 0 1.0
6 72468 124 2122 1 50 1 1.0
6 62190 124 1621 1 50 1 1.0
6 142012 128 2869 1 50 0 1.0
6 79113 129 1630 1 1 1 1.0
6 107877 130 2402 1 1 1 1.0
6 165341 130 3570 1 1 0 1.0
6 172651 133 4987 1 1 1 1.0
6 161257 135 4817 1 1 0 1.0
6 150371 138 3270 1 1 0 1.0
6 133834 138 3606 1 1 0 1.0
6 132458 141 3701 1 10 1 1.0
6 89809 148 2261 1 1 0 1.0
6 163626 151 3813 1 10 0 1.0
6 125093 151 3658 1 1 1 1.0
6 115438 151 3456 1 50 0 1.0
6 146359 155 3036 1 10 0 1.0
6 158151 158 4009 1 1 1 1.0
6 157681 158 4542 1 1 0 1.0
6 62321 159 1402 1 10 1 1.0
6 128779 160 3521 1 50 0 1.0
6 117855 161 3514 1 50 0 1.0
6 120098 168 3158 1 10 0 1.0
6 115298 171 2589 1 1 0 1.0
6 127982 173 3292 1 50 1 1.0
6 97060 174 2587 1 10 1 1.0
6 133988 175 3801 1 10 0 1.0
6 170968 177 3698 1 1 1 1.0
6 178566 181 4769 1 1 1 1.0
6 155678 189 3667 1 1 1 1.0
6 165615 192 4638 1 1 1 1.0
6 91737 194 2019 1 1 1 1.0
6 173078 197 4486 1 1 1 1.0
6 156047 197 4078 1 10 0 1.0
6 136679 198 4014 1 1 1 1.0
6 136388 198 3054 1 1 0 1.0
6 118868 198 3556 1 50 1 1.0
6 163221 202 3928 1 1 1 1.0
6 158308 203 3259 1 10 0 1.0
6 176590 204 4277 1 10 0 1.0
6 118108 206 2470 1 1 0 1.0
6 138332 208 3824 1 10 0 1.0
6 98736 211 2036 1 10 1 1.0
6 84469 217 2454 1 1 0 1.0
6 107242 218 3154 1 1 0 1.0
6 62313 219 1617 1 1 0 1.0
6 92720 220 2094 1 50 0 1.0
6 70950 220 1780 1 50 1 1.0
6 75666 220 1622 1 1 1 1.0
6 136648 222 3973 1 50 0 1.0
6 87496 223 2286 1 1 1 1.0
6 75059 225 1819 1 10 0 1.0
6 150338 227 3800 1 1 0 1.0
6 173473 229 3765 1 1 0 1.0
6 90421 233 2594 1 1 0 1.0
6 101735 234 2223 1 10 1 1.0
6 100764 236 2961 1 1 1 1.0
6 61687 236 1483 1 1 1 1.0
6 60019 240 1393 1 1 1 1.0
6 85126 240 1906 1 1 0 1.0
6 155000 240 3458 1 10 1 1.0
6 175398 243 4694 1 50 1 1.0
6 90381 245 2155 1 10 0 1.0
6 78432 248 2345 1 10 1 1.0
6 85905 250 2276 1 1 0 1.0
6 149335 250 2998 1 1 1 1.0
6 86402 252 2356 1 10 1 1.0
6 128816 255 3616 1 10 1 1.0
6 80291 256 2072 1 1 1 1.0
6 96530 260 2732 1 1 1 1.0
6 111000 262 2234 1 10 1 1.0
6 144772 262 2971 1 1 1 1.0
6 121088 271 3485 1 10 0 1.0
6 95718 273 2319 1 1 1 1.0
6 73874 277 2201 1 10 1 1.0
6 136742 278 3427 1 1 0 1.0
6 107502 279 2740 1 1 0 1.0
6 116324 284 3434 1 1 0 1.0
6 123940 287 3247 1 1 0 1.0
6 67420 288 1394 1 1 0 1.0
6 94412 290 2367 1 1 1 1.0
6 97989 291 2414 1 10 1 1.0
6 130900 293 3517 1 10 0 1.0
6 173769 296 3715 1 1 1 1.0
6 143153 299 3376 1 10 0 1.0
6 135415 301 2728 1 1 0 1.0
6 75845 301 1615 1 1 1 1.0
6 91579 302 2675 1 50 0 1.0
6 105702 303 3084 1 10 0 1.0
6 102877 304 2222 1 1 1 1.0
6 130733 307 2688 1 10 1 1.0
6 152173 308 3709 1 1 0 1.0
6 88725 313 1855 1 1 1 1.0
6 166586 313 4390 1 50 1 1.0
6 75297 315 2074 1 10 1 1.0
6 107337 318 2628 1 1 1 1.0
6 128827 320 2862 1 10 0 1.0
6 67653 321 1384 1 1 0 1.0
6 138375 322 4064 1 50 1 1.0
6 97267 322 2783 1 1 0 1.0
6 61952 325 1521 1 1 0 1.0
6 162987 325 4469 1 1 1 1.0
6 95529 329 1974 1 1 0 1.0
6 61996 332 1726 1 10 1 1.0
6 88858 334 2589 1 1 0 1.0
6 104425 334 2695 1 10 0 1.0
6 176996 335 3749 1 1 1 1.0
6 160982 336 4424 1 10 1 1.0
6 105113 344 2817 1 10 0 1.0
6 131577 345 2881 1 10 0 1.0
6 152728 348 4299 1 1 1 1.0
6 94376 352 2061 1 1 1 1.0
6 97343 357 2145 1 1 0 1.0
6 71264 358 2118 1 1 0 1.0
6 131128 358 3102 1 1 1 1.0
6 93539 359 1997 1 50 1 1.0
6 104076 359 2811 1 1 0 1.0
6 147545 361 3436 1 10 1 1.0
6 159507 362 4755 1 10 0 1.0
6 80555 365 2140 1 10 0 1.0
6 146486 365 3128 1 50 1 1.0
6 138790 366 3554 1 10 1 1.0
6 175639 366 4698 1 10 1 1.0
6 144218 368 3641 1 50 0 1.0
6 161656 376 3539 1 1 1 1.0
6 175417 378 4803 1 1 1 1.0
6 81427 379 2212 1 50 1 1.0
6 128844 381 3402 1 1 1 1.0
6 112932 384 2577 1 10 0 1.0
6 167124 387 3753 1 1 1 1.0
6 92774 389 1959 1 1 0 1.0
6 122800 391 3366 1 10 1 1.0
6 168735 392 3665 1 1 1 1.0
6 163756 394 3910 1 10 0 1.0
6 156322 394 4513 1 1 0 1.0
6 176771 396 4669 1 1 1 1.0
6 96095 401 2152 1 50 1 1.0
6 122729 401 2889 1 1 1 1.0
6 161965 402 3693 1 10 1 1.0
6 172923 402 4397 1 10 0 1.0
6 119723 405 3570 1 10 1 1.0
6 128330 405 3472 1 10 1 1.0
6 105996 409 2588 1 1 1 1.0
6 116835 410 2507 1 1 1 1.0
6 108687 412 3123 1 1 1 1.0
6 63942 413 1835 1 10 1 1.0
6 101114 417 2422 1 1 1 1.0
6 63434 425 1673 1 1 0 1.0
6 169872 425 3665 1 1 0 1.0
6 119704 425 3096 1 50 0 1.0
6 140135 430 3268 1 1 1 1.0
6 152775 435 4555 1 10 1 1.0
6 118287 435 3214 1 1 0 1.0
6 76877 436 2095 1 1 1 1.0
6 119491 436 2907 1 1 1 1.0
6 140920 439 2917 1 1 0 1.0
6 155950 449 4274 1 10 1 1.0
6 148032 451 3056 1 1 0 1.0
6 80777 456 1793 1 1 0 1.0
6 78387 459 2213 1 1 0 1.0
6 148025 463 3388 1 10 0 1.0
6 68993 466 1728 1 1 0 1.0
6 160974 469 3795 1 10 1 1.0
6 107656 475 2759 1 1 1 1.0
6 91828 481 2511 1 10 1 1.0
6 117117 482 2643 1 50 0 1.0
6 135524 487 2907 1 1 0 1.0
6 65357 487 1586 1 1 0 1.0
6 133799 488 2696 1 10 0 1.0
6 129236 492 2920 1 50 1 1.0
6 125321 492 3031 1 50 0 1.0
6 92801 495 2479 1 1 1 1.0
6 116644 495 2855 1 1 0 1.0
6 176759 497 3644 1 10 0 1.0
6 125963 500 2862 1 1 0 1.0
6 158883 500 3534 1 10 1 1.0
6 170245 500 3717 1 1 0 1.0
6 169618 505 4899 1 1 0 1.0
6 152885 505 3395 1 10 0 1.0
6 60842 508 1555 1 50 0 1.0
6 115088 508 2626 1 1 0 1.0
6 141558 509 3897 1 50 1 1.0
6 82985 516 1705 1 1 0 1.0
6 121446 516 2556 1 1 1 1.0
6 173265 517 5028 1 1 0 1.0
6 122352 518 3305 1 10 1 1.0
6 71426 520 1559 1 1 1 1.0
6 121009 523 3277 1 1 0 1.0
6 138083 526 3945 1 50 0 1.0
6 125123 529 3311 1 50 0 1.0
6 124521 529 3187 1 1 1 1.0
6 83844 535 1815 1 1 1 1.0
6 69494 536 1855 1 10 0 1.0
6 145029 538 3823 1 1 1 1.0
6 61922 541 1789 1 1 0 1.0
6 93882 550 2265 1 1 1 1.0
6 89612 552 2150 1 1 1 1.0
6 139960 566 3805 1 1 0 1.0
6 126698 568 2936 1 1 0 1.0
6 160322 573 3500 1 1 1 1.0
6 63248 591 1683 1 1 0 1.0
6 85822 592 2164 1 1 1 1.0
6 82794 594 2249 1 10 1 1.0
6 126966 599 2719 1 1 0 1.0
6 113544 599 3055 1 50 0 1.0
6 87214 599 1832 1 10 1 1.0
6 137960 600 3743 1 50 0 1.0
6 62563 601 1575 1 1 0 1.0
6 140756 604 3608 1 50 1 1.0
6 132685 607 2804 1 10 0 1.0
6 155405 610 3443 1 10 1 1.0
6 142899 616 4061 1 1 0 1.0
6 76601 619 2237 1 50 1 1.0
6 120541 624 3194 1 1 0 1.0
6 86002 625 2373 1 1 0 1.0
6 156626 630 3530 1 1 1 1.0
6 82512 631 2206 1 10 1 1.0
6 106902 635 2789 1 10 0 1.0
6 130759 636 3536 1 10 1 1.0
6 158453 643 4257 1 1 0 1.0
6 128671 652 3851 1 1 1 1.0
6 158690 658 3464 1 1 0 1.0
6 164066 659 4533 1 10 1 1.0
6 117742 659 2951 1 1 0 1.0
6 93310 661 2130 1 1 1 1.0
6 153531 664 3684 1 50 0 1.0
6 77388 666 1950 1 1 0 1.0
6 76854 669 2047 1 10 0 1.0
6 60639 675 1249 1 10 1 1.0
6 173163 677 3966 1 10 1 1.0
6 153119 681 4313 1 10 1 1.0
6 90313 682 2295 1 1 1 1.0
6 161581 682 4358 1 10 1 1.0
6 72875 683 2074 1 1 1 1.0
6 94921 684 2822 1 1 0 1.0
6 72612 684 1550 1 10 1 1.0
6 110879 686 2596 1 10 0 1.0
6 157157 686 3224 1 1 1 1.0
6 76363 687 1882 1 10 1 1.0
6 142093 687 4213 1 1 0 1.0
6 71359 689 1605 1 50 1 1.0
6 155577 698 4414 1 50 0 1.0
6 110165 698 2516 1 1 1 1.0
6 112758 699 2869 1 10 1 1.0
6 170374 701 4084 1 10 1 1.0
6 138526 703 3089 1 10 1 1.0
6 177989 709 4925 1 50 0 1.0
6 61288 710 1656 1 1 1 1.0
6 150369 711 4425 1 50 1 1.0
6 124129 714 3154 1 10 1 1.0
6 102976 720 2161 1 1 0 1.0
6 115199 727 2466 1 1 1 1.0
6 112753 728 2737 1 1 0 1.0
6 82827 729 1726 1 1 1 1.0
6 114199 730 2970 1 10 0 1.0
6 178766 730 5304 1 10 0 1.0
6 115944 737 3369 1 1 1 1.0
6 174204 738 4683 1 1 0 1.0
6 74058 740 2102 1 1 1 1.0
6 176436 741 3640 1 1 1 1.0
6 92702 744 2673 1 1 1 1.0
6 135587 745 2878 1 10 0 1.0
6 135378 748 3004 1 10 0 1.0
6 69747 755 1555 1 1 1 1.0
6 169947 756 4786 1 1 0 1.0
6 109438 756 2525 1 10 1 1.0
6 79602 757 2232 1 10 1 1.0
6 75093 765 1796 1 1 1 1.0
6 152930 766 3852 1 1 0 1.0
6 156567 770 3674 1 1 0 1.0
6 88283 771 2144 1 1 1 1.0
6 93758 772 1893 1 1 1 1.0
6 95730 774 2583 1 1 0 1.0
6 158378 777 4550 1 1 1 1.0
6 77653 777 1768 1 1 0 1.0
6 70828 786 1905 1 1 0 1.0
6 117339 787 3263 1 1 1 1.0
6 99663 788 2386 1 1 1 1.0
6 139411 795 2963 1 10 1 1.0
6 128782 795 2997 1 1 1 1.0
6 165204 795 3464 1 1 0 1.0
6 129304 796 3741 1 1 0 1.0
6 171123 798 4303 1 1 1 1.0
6 169622 799 4209 1 1 1 1.0
6 123187 802 2649 1 10 1 1.0
6 143911 804 3792 1 1 0 1.0
6 159721 805 3263 1 1 0 1.0
6 156235 808 3526 1 10 1 1.0
6 83436 815 1721 1 1 0 1.0
6 113435 816 2343 1 10 1 1.0
6 129205 817 2692 1 10 0 1.0
6 178970 820 3689 1 1 1 1.0
6 131802 820 3900 1 10 0 1.0
6 141719 822 3044 1 10 1 1.0
6 82069 827 2186 1 1 0 1.0
6 98004 833 2662 1 1 0 1.0
6 164137 836 4302 1 10 1 1.0
6 67551 838 1467 1 1 0 1.0
6 162003 844 3443 1 10 1 1.0
6 161568 847 3951 1 1 1 1.0
6 128652 847 2917 1 1 0 1.0
6 67079 849 1348 1 1 0 1.0
6 102503 851 2768 1 1 1 1.0
6 176305 856 5226 1 1 0 1.0
6 72636 858 1965 1 50 1 1.0
6 74575 862 2200 1 1 1 1.0
6 149207 867 4274 1 10 1 1.0
6 170933 872 4687 1 1 1 1.0
6 174988 879 5031 1 1 0 1.0
6 124558 879 2869 1 1 1 1.0
6 123287 880 3151 1 10 0 1.0
6 112641 880 3022 1 1 0 1.0
6 106241 883 2767 1 1 1 1.0
6 156979 886 3168 1 1 0 1.0
6 73604 888 1636 1 1 1 1.0
6 96932 895 2386 1 50 1 1.0
6 90355 897 2389 1 10 1 1.0
6 178347 900 4768 1 1 0 1.0
6 128167 900 3033 1 10 0 1.0
6 131030 902 2796 1 1 1 1.0
6 138848 905 2845 1 1 1 1.0
6 140416 906 2998 1 1 0 1.0
6 133519 906 3161 1 10 1 1.0
6 173178 910 4146 1 1 1 1.0
6 104523 911 2136 1 10 0 1.0
6 146545 913 4038 1 1 0 1.0
6 109958 915 3212 1 1 0 1.0
6 178231 916 4437 1 10 0 1.0
6 174465 918 3944 1 1 1 1.0
6 173830 920 5178 1 1 1 1.0
6 70593 921 1968 1 1 1 1.0
6 85744 925 1928 1 10 1 1.0
6 148197 926 3399 1 50 1 1.0
6 68486 926 1675 1 1 0 1.0
6 100614 926 2047 1 10 0 1.0
6 62658 927 1834 1 1 0 1.0
6 111638 929 2517 1 1 0 1.0
6 171183 929 4534 1 10 1 1.0
6 87709 931 1914 1 10 0 1.0
6 93019 934 2648 1 10 0 1.0
6 104105 935 2737 1 1 1 1.0
6 130800 939 3344 1 1 0 1.0
6 128213 944 3011 1 1 1 1.0
6 73803 944 1551 1 50 0 1.0
6 114031 949 2812 1 10 1 1.0
6 135450 950 3053 1 10 0 1.0
6 123281 950 2526 1 1 1 1.0
6 153049 950 3929 1 1 0 1.0
6 64871 950 1461 1 1 1 1.0
6 62299 951 1398 1 10 0 1.0
6 105247 952 2275 1 1 1 1.0
6 147278 959 3442 1 1 0 1.0
6 90745 959 2540 1 10 0 1.0
6 111201 959 3311 1 10 0 1.0
6 148530 960 3849 1 10 0 1.0
6 145381 960 3211 1 50 0 1.0
6 134725 961 3289 1 50 0 1.0
6 121673 962 2904 1 10 0 1.0
6 150439 962 4004 1 1 0 1.0
6 129674 965 3756 1 1 1 1.0
6 141741 966 3442 1 10 1 1.0
6 84831 969 2041 1 1 1 1.0
6 116166 970 2563 1 1 1 1.0
6 97271 972 2450 1 1 0 1.0
6 161648 972 4509 1 1 0 1.0
6 144059 972 3349 1 10 1 1.0
6 142617 974 3523 1 1 1 1.0
6 144119 977 4012 1 1 1 1.0
6 82312 977 2365 1 1 1 1.0
6 161310 979 4620 1 10 0 1.0
6 85737 982 2084 1 1 0 1.0
6 75218 982 1928 1 1 0 1.0
6 146340 984 3497 1 10 0 1.0
6 167608 987 3533 1 1 1 1.0
6 145271 993 3343 1 1 1 1.0
6 61637 994 1521 1 10 0 1.0
6 80360 995 1731 1 10 1 1.0
6 140756 996 3155 1 1 0 1.0
6 135532 999 3102 1 50 0 1.0
6 175429 1004 4361 1 10 0 1.0
6 111855 1008 2791 1 50 1 1.0
6 139321 1009 3949 1 1 1 1.0
6 156187 1010 4253 1 1 1 1.0
6 149044 1012 3296 1 10 1 1.0
6 107408 1016 3107 1 10 0 1.0
6 179749 1018 4022 1 1 0 1.0
6 102953 1023 2526 1 50 0 1.0
6 74760 1025 1636 1 10 1 1.0
6 160470 1038 4051 1 50 0 1.0
6 160913 1040 4398 1 1 0 1.0
6 115951 1041 2736 1 50 0 1.0
6 83557 1041 2009 1 1 0 1.0
6 71278 1043 1962 1 10 0 1.0
6 105589 1044 3114 1 10 0 1.0
6 103919 1046 2346 1 1 1 1.0
6 124964 1047 2887 1 10 1 1.0
6 164308 1048 3636 1 10 0 1.0
6 126168 1048 2721 1 1 1 1.0
6 74821 1049 1973 1 1 0 1.0
6 129292 1050 2676 1 50 0 1.0
6 97010 1052 2522 1 1 0 1.0
6 104886 1052 2985 1 1 0 1.0
6 74723 1052 2133 1 1 1 1.0
6 62791 1055 1745 1 10 1 1.0
6 121219 1057 2671 1 1 1 1.0
6 126346 1057 3020 1 1 0 1.0
6 141864 1058 3225 1 1 0 1.0
6 97297 1059 2831 1 1 1 1.0
6 141617 1061 2880 1 10 1 1.0
6 90405 1061 2476 1 1 1 1.0
6 179087 1062 4056 1 1 0 1.0
6 125676 1063 3309 1 10 0 1.0
6 73781 1065 2024 1 1 1 1.0
6 151532 1067 3160 1 10 1 1.0
6 110996 1067 2251 1 1 0 1.0
6 61468 1076 1774 1 1 1 1.0
6 153212 1079 3396 1 50 0 1.0
6 153299 1081 4033 1 10 1 1.0
6 144335 1082 3706 1 1 0 1.0
6 178311 1082 4770 1 1 1 1.0
6 117888 1093 2632 1 50 0 1.0
6 110716 1100 2677 1 50 0 1.0
6 81285 1100 2414 1 50 0 1.0
6 174221 1105 4502 1 10 1 1.0
6 94554 1112 2129 1 1 0 1.0
6 140196 1112 4085 1 10 0 1.0
6 148128 1114 3542 1 10 1 1.0
6 157007 1116 4469 1 10 0 1.0
6 79651 1117 2118 1 1 1 1.0
6 132358 1117 3138 1 1 1 1.0
6 108362 1117 2332 1 10 1 1.0
6 68501 1118 1871 1 10 0 1.0
6 103240 1120 2987 1 1 0 1.0
6 167872 1124 4114 1 10 1 1.0
6 90033 1124 1949 1 10 0 1.0
6 86293 1126 2425 1 1 0 1.0
6 129796 1126 3420 1 10 0 1.0
6 143797 1126 3732 1 10 0 1.0
6 117346 1127 2433 1 10 1 1.0
6 133583 1128 3491 1 1 0 1.0
6 143361 1130 3781 1 50 0 1.0
6 100818 1131 2971 1 50 1 1.0
6 132806 1133 3333 1 10 1 1.0
6 154525 1134 4504 1 1 0 1.0
6 107826 1136 3040 1 1 0 1.0
6 95955 1139 2269 1 1 1 1.0
6 172728 1141 4340 1 1 1 1.0
6 127251 1143 3182 1 1 0 1.0
6 76573 1153 1952 1 10 1 1.0
6 100603 1157 2091 1 10 1 1.0
6 69074 1161 1939 1 1 0 1.0
6 149761 1162 3404 1 10 0 1.0
6 148839 1164 3662 1 10 0 1.0
6 95245 1166 1957 1 1 0 1.0
6 172466 1176 4675 1 1 0 1.0
6 150420 1179 4281 1 1 0 1.0
6 75148 1181 2057 1 10 0 1.0
6 156881 1182 4540 1 10 0 1.0
6 109006 1184 2187 1 50 0 1.0
6 88625 1186 1796 1 1 1 1.0
6 176430 1188 4176 1 10 0 1.0
6 75409 1188 2137 1 10 1 1.0
6 178725 1191 5353 1 10 1 1.0
6 126414 1192 3235 1 1 1 1.0
6 80815 1192 1751 1 10 1 1.0
6 79909 1193 1975 1 1 1 1.0
6 60266 1194 1674 1 1 1 1.0
6 91978 1196 2213 1 1 0 1.0
6 79028 1199 1851 1 1 0 1.0
6 110082 1201 2782 1 1 1 1.0
6 110138 1203 3227 1 1 1 1.0
6 175858 1206 4049 1 50 1 1.0
6 120645 1214 2943 1 1 0 1.0
6 173294 1215 3957 1 1 0 1.0
6 177939 1216 4095 1 10 0 1.0
6 175742 1216 5053 1 1 1 1.0
6 139110 1216 2798 1 10 1 1.0
6 115448 1219 2969 1 50 1 1.0
6 81247 1225 2034 1 50 0 1.0
6 98934 1226 2765 1 1 0 1.0
6 149878 1230 3245 1 1 1 1.0
6 81423 1231 2394 1 10 0 1.0
6 89249 1232 2019 1 1 1 1.0
6 149044 1234 3051 1 1 1 1.0
6 85165 1238 2456 1 50 0 1.0
6 132844 1239 3293 1 1 1 1.0
6 149765 1245 3345 1 1 1 1.0
6 146796 1247 4061 1 1 0 1.0
6 92679 1250 1890 1 1 1 1.0
6 117999 1251 2734 1 10 1 1.0
6 124576 1255 3299 1 1 1 1.0
6 113320 1255 2610 1 50 1 1.0
6 116164 1257 3459 1 10 0 1.0
6 69888 1260 1610 1 10 0 1.0
6 129615 1261 3690 1 1 1 1.0
6 141662 1264 3310 1 1 0 1.0
6 61540 1268 1270 1 10 0 1.0
6 116381 1268 2701 1 1 0 1.0
6 110198 1269 2857 1 1 1 1.0
6 147544 1274 3428 1 1 0 1.0
6 101630 1277 2203 1 50 1 1.0
6 129621 1282 3607 1 1 1 1.0
6 92125 1284 2626 1 1 1 1.0
6 139990 1287 3498 1 1 0 1.0
6 174486 1299 5212 1 10 0 1.0
6 79778 1300 1766 1 10 0 1.0
6 60774 1303 1519 1 1 1 1.0
6 98429 1303 2197 1 1 1 1.0
6 99268 1306 2543 1 10 0 1.0
6 66022 1309 1643 1 1 0 1.0
6 124564 1314 3653 1 50 1 1.0
6 76645 1317 2117 1 10 1 1.0
6 94710 1320 2421 1 1 1 1.0
6 159915 1321 4642 1 1 1 1.0
6 61229 1329 1526 1 10 1 1.0
6 81241 1331 2378 1 1 1 1.0
6 155533 1332 3342 1 10 1 1.0
6 134445 1332 3915 1 1 1 1.0
6 124470 1333 3656 1 10 1 1.0
6 172513 1337 4264 1 50 0 1.0
6 161286 1339 3542 1 1 0 1.0
6 170948 1348 3798 1 1 0 1.0
6 141407 1350 3746 1 1 0 1.0
6 130276 1352 2920 1 10 0 1.0
6 151347 1352 4026 1 10 1 1.0
6 98241 1353 2330 1 1 1 1.0
6 62036 1355 1511 1 1 1 1.0
6 74296 1359 1852 1 1 0 1.0
6 155617 1361 3429 1 1 0 1.0
6 108492 1361 2615 1 1 1 1.0
6 166927 1364 3810 1 1 0 1.0
6 62123 1366 1470 1 10 1 1.0
6 70593 1368 2010 1 10 1 1.0
6 113034 1374 2427 1 1 1 1.0
6 102765 1375 2448 1 50 1 1.0
6 152467 1376 4257 1 1 1 1.0
6 134085 1376 3867 1 10 1 1.0
6 100037 1377 2086 1 10 0 1.0
6 81625 1379 2258 1 50 1 1.0
6 110513 1382 3092 1 1 1 1.0
6 74489 1383 1744 1 1 1 1.0
6 144586 1385 3521 1 50 0 1.0
6 157942 1391 4481 1 1 0 1.0
6 151276 1392 3422 1 1 1 1.0
6 102360 1394 2761 1 1 1 1.0
6 123837 1401 2920 1 10 1 1.0
6 77412 1403 1873 1 10 0 1.0
6 72401 1404 1908 1 10 1 1.0
6 170881 1405 4892 1 1 0 1.0
6 140387 1408 3693 1 1 1 1.0
6 166989 1410 4966 1 1 1 1.0
6 99686 1415 2436 1 1 0 1.0
6 92578 1418 1999 1 1 0 1.0
6 110529 1419 2392 1 50 1 1.0
6 60873 1420 1234 1 1 0 1.0
6 85093 1424 2381 1 10 1 1.0
6 79217 1424 1797 1 50 1 1.0
6 171107 1424 4777 1 10 0 1.0
6 99799 1434 2130 1 10 1 1.0
6 141664 1438 3440 1 1 1 1.0
6 133366 1440 2857 1 1 0 1.0
6 121560 1444 3594 1 1 1 1.0
6 106248 1451 3137 1 10 1 1.0
6 174474 1451 3621 1 50 1 1.0
6 82021 1452 2070 1 50 0 1.0
6 115945 1454 3393 1 10 0 1.0
6 175778 1461 4458 1 1 0 1.0
6 66320 1461 1760 1 1 1 1.0
6 97826 1463 2874 1 1 0 1.0
6 112021 1465 2720 1 50 1 1.0
6 68016 1468 1755 1 1 1 1.0
6 164520 1468 4682 1 1 1 1.0
6 76834 1470 1773 1 1 1 1.0
6 120656 1474 2533 1 10 1 1.0
6 88689 1475 1952 1 10 1 1.0
6 77626 1478 1876 1 1 0 1.0
6 107829 1482 2868 1 1 1 1.0
6 92863 1487 2304 1 10 0 1.0
6 100953 1491 2778 1 1 1 1.0
6 133215 1495 2989 1 10 0 1.0
6 124762 1500 2540 1 10 1 1.0
6 101928 1501 2313 1 1 1 1.0
6 121445 1503 2829 1 1 1 1.0
6 101687 1506 2564 1 50 0 1.0
6 73456 1507 1753 1 10 1 1.0
6 133258 1510 3405 1 1 0 1.0
6 95821 1511 2516 1 1 1 1.0
6 168245 1511 3467 1 1 1 1.0
6 70917 1514 1528 1 1 0 1.0
6 133932 1514 3772 1 1 0 1.0
6 67215 1519 1408 1 1 1 1.0
6 144326 1526 3144 1 1 1 1.0
6 113071 1528 2547 1 10 1 1.0
6 139028 1532 3162 1 10 0 1.0
6 179566 1533 5233 1 1 0 1.0
6 115457 1533 3072 1 1 0 1.0
6 159449 1538 3761 1 1 1 1.0
6 105245 1544 2289 1 1 1 1.0
6 74878 1545 2195 1 1 0 1.0
6 67400 1545 1520 1 1 1 1.0
6 85842 1552 2022 1 1 0 1.0
6 103519 1552 2930 1 1 0 1.0
6 67255 1554 1794 1 1 0 1.0
6 66121 1562 1756 1 1 0 1.0
6 93833 1563 2312 1 50 0 1.0
6 128842 1565 3185 1 1 0 1.0
6 65605 1566 1357 1 10 0 1.0
6 88994 1567 2365 1 10 0 1.0
6 165225 1569 4901 1 50 0 1.0
6 96250 1569 2448 1 1 0 1.0
6 136123 1573 3073 1 1 1 1.0
6 127629 1576 3498 1 1 0 1.0
6 137868 1576 3542 1 10 1 1.0
6 115028 1577 2708 1 10 1 1.0
6 178386 1578 5098 1 10 0 1.0
6 153842 1579 4149 1 1 1 1.0
6 82335 1583 2436 1 1 1 1.0
6 87332 1584 2329 1 1 0 1.0
6 63137 1587 1608 1 1 1 1.0
6 172293 1588 3775 1 1 1 1.0
6 145939 1589 3347 1 10 1 1.0
6 135683 1590 3425 1 50 0 1.0
6 64030 1595 1511 1 10 0 1.0
6 90629 1595 2325 1 1 0 1.0
6 65594 1596 1952 1 1 1 1.0
6 145448 1601 3328 1 10 1 1.0
6 135535 1601 3000 1 50 1 1.0
6 75017 1602 1719 1 10 0 1.0
6 114694 1604 2328 1 1 1 1.0
6 68057 1605 1804 1 1 0 1.0
6 176208 1606 4570 1 1 1 1.0
6 130338 1610 3184 1 1 0 1.0
6 155262 1617 3592 1 50 1 1.0
6 99999 1618 2446 1 1 0 1.0
6 126561 1623 2534 1 1 1 1.0
6 133960 1625 3214 1 10 1 1.0
6 64754 1626 1688 1 1 0 1.0
6 138125 1627 2773 1 1 1 1.0
6 123068 1628 2787 1 1 1 1.0
6 128984 1628 2841 1 1 1 1.0
6 171598 1632 4127 1 10 1 1.0
6 151938 1633 4123 1 1 1 1.0
6 102158 1634 2423 1 1 0 1.0
6 142508 1635 3634 1 10 1 1.0
6 109471 1638 3111 1 10 0 1.0
6 156517 1639 3444 1 1 0 1.0
6 178101 1641 4493 1 10 1 1.0
6 137463 1644 3629 1 1 0 1.0
6 72295 1644 1486 1 1 1 1.0
6 86307 1645 2099 1 1 0 1.0
6 159198 1648 4189 1 1 1 1.0
6 67644 1651 1525 1 1 1 1.0
6 123044 1657 3342 1 1 1 1.0
6 131000 1657 3171 1 10 0 1.0
6 170702 1661 3814 1 10 0 1.0
6 157893 1670 4666 1 1 1 1.0
6 66018 1673 1431 1 1 1 1.0
6 108857 1674 2314 1 10 0 1.0
6 159371 1674 3798 1 1 1 1.0
6 139536 1677 3672 1 1 0 1.0
6 92148 1677 2336 1 1 1 1.0
6 74223 1677 2061 1 1 1 1.0
6 112053 1679 3284 1 1 0 1.0
6 138543 1680 2804 1 1 0 1.0
6 114310 1683 3382 1 1 0 1.0
6 130497 1683 2768 1 1 1 1.0
6 114268 1687 2671 1 1 0 1.0
6 77644 1689 2166 1 1 0 1.0
6 136196 1689 3853 1 50 0 1.0
6 61304 1696 1322 1 1 0 1.0
6 136025 1696 3453 1 50 0 1.0
6 113347 1696 2820 1 10 1 1.0
6 114836 1699 2926 1 1 1 1.0
6 134525 1699 3231 1 1 0 1.0
6 101575 1701 2961 1 10 0 1.0
6 83233 1701 2241 1 1 0 1.0
6 172249 1705 3479 1 1 0 1.0
6 76908 1709 1721 1 1 1 1.0
6 81358 1710 1682 1 1 0 1.0
6 136239 1710 3099 1 1 1 1.0
6 129108 1712 3259 1 10 1 1.0
6 75973 1713 2216 1 1 1 1.0
6 121656 1715 3036 1 1 1 1.0
6 129975 1717 2903 1 1 1 1.0
6 151506 1717 4505 1 1 1 1.0
6 83937 1721 1908 1 1 1 1.0
6 150163 1725 3318 1 10 1 1.0
6 96113 1732 2188 1 1 0 1.0
6 82010 1733 2382 1 1 1 1.0
6 62920 1735 1610 1 10 0 1.0
6 143503 1736 3396 1 10 1 1.0
6 75672 1738 1550 1 1 0 1.0
6 72547 1739 1995 1 1 0 1.0
6 163388 1740 3484 1 1 1 1.0
6 132278 1741 3134 1 1 0 1.0
6 62184 1743 1408 1 1 0 1.0
6 90422 1745 2115 1 10 0 1.0
6 91592 1747 2419 1 1 0 1.0
6 153012 1749 4506 1 10 1 1.0
6 157238 1750 3358 1 1 0 1.0
6 73197 1750 2096 1 50 0 1.0
6 80553 1755 2111 1 1 0 1.0
6 102148 1756 2806 1 10 1 1.0
6 175579 1758 5106 1 1 0 1.0
6 146809 1758 3216 1 10 1 1.0
6 62465 1759 1411 1 1 1 1.0
6 137708 1761 3073 1 1 1 1.0
6 80801 1762 2016 1 1 0 1.0
6 147711 1766 3828 1 1 0 1.0
6 112846 1768 2539 1 10 0 1.0
6 105665 1768 3017 1 10 1 1.0
6 118710 1769 3315 1 1 0 1.0
6 132464 1772 3951 1 1 1 1.0
6 107325 1775 2830 1 10 0 1.0
6 178501 1779 5183 1 1 1 1.0
6 83250 1781 2105 1 1 0 1.0
6 133002 1791 3509 1 10 1 1.0
6 84131 1791 1890 1 1 0 1.0
6 107576 1794 2184 1 1 1 1.0
6 138027 1799 3201 1 1 0 1.0
6 79994 1799 2274 1 1 1 1.0
6 90157 1805 2515 1 1 0 1.0
6 94309 1814 2300 1 10 1 1.0
6 160841 1818 4244 1 1 1 1.0
6 176809 1818 4079 1 1 0 1.0
6 157028 1820 4588 1 1 0 1.0
6 94432 1823 2584 1 1 0 1.0
6 120017 1823 3080 1 10 0 1.0
6 115299 1824 2627 1 1 1 1.0
6 126694 1834 3756 1 10 0 1.0
6 105492 1844 2684 1 1 1 1.0
6 85320 1845 1950 1 1 0 1.0
6 97516 1848 2198 1 1 0 1.0
6 124430 1852 3610 1 1 0 1.0
6 132146 1854 3232 1 10 1 1.0
6 161312 1858 3465 1 1 0 1.0
6 109260 1860 2266 1 50 0 1.0
6 130602 1863 3140 1 1 1 1.0
6 107667 1868 2597 1 1 0 1.0
6 72398 1871 1870 1 1 0 1.0
6 82845 1876 1846 1 10 0 1.0
6 147368 1878 4031 1 10 0 1.0
6 134604 1878 3423 1 1 1 1.0
6 62792 1878 1640 1 1 0 1.0
6 179922 1879 5000 1 1 1 1.0
6 141059 1882 3149 1 1 0 1.0
6 62519 1883 1777 1 50 1 1.0
6 147928 1883 3297 1 10 0 1.0
6 67659 1894 2009 1 1 1 1.0
6 88415 1895 2378 1 1 0 1.0
6 60598 1906 1309 1 1 0 1.0
6 111173 1909 2733 1 1 0 1.0
6 60557 1912 1636 1 10 0 1.0
6 63291 1917 1697 1 1 0 1.0
6 137555 1919 3127 1 1 0 1.0
6 76233 1919 1974 1 1 1 1.0
6 101291 1927 2863 1 1 0 1.0
6 104472 1931 3027 1 1 1 1.0
6 127437 1933 3168 1 10 0 1.0
6 82531 1934 1874 1 1 1 1.0
6 70041 1939 1489 1 1 0 1.0
6 102429 1939 2729 1 1 0 1.0
6 138734 1939 2952 1 50 0 1.0
6 82531 1940 2264 1 10 0 1.0
6 97996 1940 2873 1 10 0 1.0
6 145203 1942 4113 1 10 1 1.0
6 162156 1942 4686 1 10 0 1.0
6 64605 1944 1400 1 10 1 1.0
6 110251 1945 2468 1 50 0 1.0
6 125311 1947 3172 1 10 1 1.0
6 109619 1950 2561 1 10 1 1.0
6 162446 1951 3348 1 10 1 1.0
6 115134 1951 3448 1 1 1 1.0
6 109260 1952 3226 1 1 0 1.0
6 111442 1957 2816 1 1 1 1.0
6 170500 1957 3638 1 10 0 1.0
6 122506 1961 3060 1 1 0 1.0
6 126137 1962 3279 1 1 1 1.0
6 157670 1969 3287 1 1 0 1.0
6 62191 1972 1397 1 10 0 1.0
6 136686 1973 3589 1 1 1 1.0
6 143587 1975 3250 1 10 0 1.0
6 99239 1976 2627 1 1 0 1.0
6 116893 1976 2956 1 1 1 1.0
6 69606 1990 1851 1 1 0 1.0
6 63167 1993 1547 1 10 0 1.0
6 145954 1998 3438 1 10 1 1.0
6 66088 1999 1851 1 1 0 1.0
6 155444 2000 4524 1 1 0 1.0
6 132137 2001 3380 1 1 0 1.0
6 63612 2006 1553 1 1 1 1.0
6 173106 2007 3869 1 50 1 1.0
6 115701 2010 2492 1 10 0 1.0
6 92095 2012 2581 1 1 1 1.0
6 69493 2013 1545 1 1 0 1.0
6 159375 2017 4467 1 1 0 1.0
6 94137 2018 2387 1 1 0 1.0
6 104660 2019 2093 1 10 1 1.0
6 112142 2021 3171 1 10 1 1.0
6 153709 2021 4232 1 50 1 1.0
6 96089 2022 2511 1 1 0 1.0
6 147208 2028 4341 1 1 1 1.0
6 111170 2028 2915 1 1 0 1.0
6 122844 2029 3389 1 1 1 1.0
6 172818 2031 4301 1 1 0 1.0
6 90469 2032 2027 1 1 1 1.0
6 80768 2032 1645 1 50 1 1.0
6 136191 2033 2773 1 50 1 1.0
6 67101 2034 1948 1 50 0 1.0
6 171054 2037 4083 1 1 1 1.0
6 98017 2038 2713 1 1 1 1.0
6 138735 2039 3825 1 1 0 1.0
6 60835 2040 1248 1 10 1 1.0
6 165825 2041 4167 1 1 0 1.0
6 81359 2043 1724 1 10 0 1.0
6 79877 2048 2216 1 10 1 1.0
6 74718 2050 1592 1 1 1 1.0
6 121153 2051 3360 1 10 1 1.0
6 157207 2053 4201 1 1 0 1.0
6 83604 2053 2492 1 10 1 1.0
6 118181 2054 2583 1 1 0 1.0
6 171452 2058 4527 1 1 1 1.0
6 116849 2059 3489 1 1 1 1.0
6 71450 2060 2015 1 1 0 1.0
6 146878 2061 3791 1 10 0 1.0
6 167612 2061 4656 1 1 0 1.0
6 62625 2068 1841 1 10 0 1.0
6 124523 2072 3410 1 1 1 1.0
6 166295 2072 4514 1 1 1 1.0
6 104471 2072 2502 1 1 0 1.0
6 68680 2073 2045 1 10 0 1.0
6 136894 2074 3495 1 50 0 1.0
6 139544 2076 3109 1 1 0 1.0
6 69483 2077 1977 1 1 0 1.0
6 130312 2077 3659 1 1 1 1.0
6 62765 2078 1622 1 1 1 1.0
6 86595 2082 1882 1 10 1 1.0
6 82591 2091 2322 1 10 1 1.0
6 99386 2093 2352 1 1 0 1.0
6 88643 2093 2092 1 1 0 1.0
6 168981 2098 4781 1 50 1 1.0
6 146598 2103 3855 1 1 1 1.0
6 175617 2104 3538 1 1 0 1.0
6 125475 2109 3190 1 1 0 1.0
6 158651 2110 4079 1 1 1 1.0
6 84078 2110 1837 1 1 0 1.0
6 118552 2111 2566 1 1 1 1.0
6 178056 2111 4914 1 1 0 1.0
6 86901 2114 2186 1 10 1 1.0
6 72373 2115 1947 1 10 1 1.0
6 143350 2115 2878 1 1 1 1.0
6 74455 2118 2022 1 1 1 1.0
6 76043 2119 2093 1 10 1 1.0
6 88133 2120 2508 1 1 0 1.0
6 91606 2120 2664 1 1 1 1.0
6 136759 2121 3880 1 1 1 1.0
6 122296 2122 3026 1 10 0 1.0
6 99764 2122 2528 1 1 0 1.0
6 90275 2125 2158 1 10 1 1.0
6 119273 2126 3151 1 1 0 1.0
6 116130 2131 3273 1 50 1 1.0
6 170279 2138 3539 1 1 1 1.0
6 90758 2138 2085 1 1 0 1.0
6 90216 2139 2164 1 1 1 1.0
6 178350 2140 4107 1 10 0 1.0
6 60981 2140 1584 1 50 1 1.0
6 172021 2141 4801 1 50 1 1.0
6 126859 2144 3298 1 10 1 1.0
6 165646 2149 4442 1 10 1 1.0
6 69204 2154 1430 1 1 1 1.0
6 85921 2158 1721 1 1 0 1.0
6 99261 2163 2940 1 1 0 1.0
6 144471 2167 3321 1 10 1 1.0
6 98650 2168 2233 1 10 1 1.0
6 62572 2173 1468 1 1 0 1.0
6 97219 2182 2453 1 1 1 1.0
6 134466 2189 3704 1 1 1 1.0
6 104200 2194 2527 1 1 0 1.0
6 162754 2196 3717 1 10 0 1.0
6 149185 2197 4224 1 10 0 1.0
6 152954 2202 4258 1 1 1 1.0
6 87013 2204 2097 1 10 1 1.0
6 126364 2204 2790 1 1 0 1.0
6 169494 2212 4636 1 10 1 1.0
6 67240 2213 1986 1 10 1 1.0
6 143455 2219 2900 1 1 1 1.0
6 108008 2221 2206 1 1 0 1.0
6 138787 2225 4158 1 1 0 1.0
6 79759 2226 2016 1 50 0 1.0
6 153365 2227 3166 1 10 0 1.0
6 138264 2227 3114 1 50 1 1.0
6 63546 2232 1683 1 1 0 1.0
6 155803 2236 4225 1 1 0 1.0
6 141001 2238 3450 1 1 0 1.0
6 174843 2238 3572 1 10 0 1.0
6 126831 2244 3292 1 10 1 1.0
6 164893 2244 3516 1 10 1 1.0
6 144967 2247 3422 1 1 1 1.0
6 107129 2250 2343 1 1 0 1.0
6 153001 2251 3078 1 1 0 1.0
6 123356 2253 2474 1 10 1 1.0
6 78607 2253 1950 1 50 1 1.0
6 117632 2253 3335 1 1 0 1.0
6 62942 2256 1776 1 1 0 1.0
6 104708 2256 2790 1 1 0 1.0
6 81134 2256 1927 1 10 0 1.0
6 159408 2259 4029 1 50 0 1.0
6 80620 2261 2203 1 10 0 1.0
6 75548 2262 1832 1 10 0 1.0
6 121053 2263 3338 1 10 0 1.0
6 113822 2264 2991 1 10 0 1.0
6 176108 2271 4665 1 10 0 1.0
6 72330 2274 1965 1 1 0 1.0
6 101482 2274 2126 1 1 0 1.0
6 137407 2277 3262 1 1 1 1.0
6 77745 2279 1562 1 1 1 1.0
6 78259 2280 1811 1 10 0 1.0
6 149214 2282 3912 1 1 1 1.0
6 125032 2285 2771 1 1 1 1.0
6 110562 2287 2404 1 10 1 1.0
6 85698 2289 2412 1 1 1 1.0
6 142205 2290 3874 1 1 0 1.0
6 110562 2291 2861 1 10 0 1.0
6 104077 2294 3031 1 50 1 1.0
6 72675 2296 1765 1 10 1 1.0
6 113205 2296 2287 1 10 1 1.0
6 126202 2296 3497 1 1 0 1.0
6 96184 2299 2345 1 50 0 1.0
6 106005 2300 2941 1 1 1 1.0
6 133440 2308 3258 1 10 1 1.0
6 125856 2313 2614 1 1 0 1.0
6 163766 2314 3703 1 10 0 1.0
6 167909 2317 4243 1 10 0 1.0
6 170861 2321 5009 1 1 1 1.0
6 174470 2322 4824 1 10 1 1.0
6 122840 2324 2624 1 1 1 1.0
6 126768 2329 3137 1 1 0 1.0
6 154436 2332 3404 1 1 1 1.0
6 72755 2332 2161 1 1 1 1.0
6 120955 2332 2968 1 1 1 1.0
6 143438 2333 3369 1 1 0 1.0
6 76625 2333 1789 1 1 0 1.0
6 81198 2336 2064 1 1 1 1.0
6 146921 2337 4273 1 1 0 1.0
6 129074 2340 3415 1 1 0 1.0
6 159872 2341 4192 1 1 1 1.0
6 104161 2345 2496 1 10 1 1.0
6 162365 2353 4532 1 10 0 1.0
6 111183 2363 2940 1 1 1 1.0
6 89242 2367 2105 1 1 1 1.0
6 64512 2368 1635 1 1 0 1.0
6 123442 2369 2960 1 1 1 1.0
6 104016 2370 2246 1 1 0 1.0
6 172768 2370 3870 1 10 0 1.0
6 72490 2371 1643 1 1 1 1.0
6 81518 2373 1946 1 1 1 1.0
6 122004 2379 3562 1 1 0 1.0
6 106507 2379 2192 1 50 0 1.0
6 120787 2380 2525 1 50 1 1.0
6 155442 2381 4083 1 1 0 1.0
6 149241 2384 3295 1 50 1 1.0
6 62681 2384 1268 1 1 1 1.0
6 83510 2387 1843 1 50 1 1.0
6 106766 2387 2518 1 1 0 1.0
6 110628 2389 3170 1 1 1 1.0
6 134603 2391 2854 1 10 1 1.0
6 175457 2396 3937 1 1 0 1.0
6 107448 2401 2620 1 10 0 1.0
6 97263 2404 2819 1 10 0 1.0
6 117552 2404 3388 1 10 1 1.0
6 169519 2407 3798 1 50 0 1.0
6 134111 2415 3975 1 10 1 1.0
6 125951 2416 3737 1 1 0 1.0
6 127649 2418 3388 1 1 0 1.0
6 140098 2420 3894 1 10 1 1.0
6 136900 2424 3765 1 50 1 1.0
6 122932 2427 2908 1 1 1 1.0
6 98480 2427 2249 1 10 1 1.0
6 153075 2430 3081 1 10 0 1.0
6 118631 2440 3465 1 1 0 1.0
6 142032 2440 3442 1 1 1 1.0
6 81073 2442 1872 1 1 1 1.0
6 124599 2443 3514 1 50 1 1.0
6 70202 2445 1755 1 1 0 1.0
6 66940 2446 1799 1 50 1 1.0
6 145322 2446 3696 1 1 0 1.0
6 157017 2450 4038 1 50 1 1.0
6 106957 2450 3174 1 1 0 1.0
6 132698 2451 3115 1 1 0 1.0
6 130586 2452 3275 1 1 0 1.0
6 79028 2453 1953 1 10 1 1.0
6 115235 2455 3408 1 1 0 1.0
6 143036 2456 3495 1 1 0 1.0
6 141128 2457 2928 1 1 1 1.0
6 101923 2460 3031 1 1 0 1.0
6 154256 2462 3947 1 1 0 1.0
6 85499 2463 2505 1 10 1 1.0
6 97411 2465 2186 1 50 1 1.0
6 98690 2468 2915 1 1 0 1.0
6 150481 2472 4020 1 1 1 1.0
6 92954 2473 2000 1 10 0 1.0
6 61069 2476 1453 1 10 1 1.0
6 113386 2477 3255 1 10 1 1.0
6 79767 2483 1917 1 1 0 1.0
6 99610 2487 1995 1 1 1 1.0
6 119002 2494 2766 1 1 1 1.0
6 86159 2495 1828 1 10 1 1.0
6 177643 2498 4089 1 1 0 1.0
6 104420 2498 3096 1 10 1 1.0
6 71475 2501 1872 1 10 0 1.0
6 114809 2505 2336 1 10 0 1.0
6 169287 2508 4374 1 50 0 1.0
6 162838 2509 4144 1 1 1 1.0
6 73524 2510 1476 1 1 1 1.0
6 126806 2513 3483 1 1 1 1.0
6 107375 2516 3064 1 1 1 1.0
6 113196 2516 2303 1 10 0 1.0
6 114587 2522 2456 1 1 1 1.0
6 76250 2526 1745 1 10 1 1.0
6 88250 2530 2391 1 50 1 1.0
6 105013 2531 2669 1 1 1 1.0
6 81429 2531 2334 1 1 0 1.0
6 82916 2536 2283 1 1 0 1.0
6 101415 2543 2827 1 10 0 1.0
6 107056 2554 2982 1 1 0 1.0
6 92356 2558 2359 1 50 0 1.0
6 119435 2562 3059 1 10 1 1.0
6 93209 2563 2121 1 1 0 1.0
6 126326 2566 3134 1 10 0 1.0
6 95476 2572 2477 1 1 0 1.0
6 165054 2572 4397 1 10 1 1.0
6 67291 2574 1569 1 1 0 1.0
6 151934 2576 4379 1 1 0 1.0
6 93675 2588 2295 1 1 1 1.0
6 93739 2588 2386 1 50 0 1.0
6 106835 2590 2937 1 50 0 1.0
6 174816 2590 3904 1 1 1 1.0
6 97214 2591 2839 1 10 0 1.0
6 78940 2592 1957 1 10 1 1.0
6 118824 2600 2797 1 1 0 1.0
6 147242 2600 3320 1 1 1 1.0
6 164368 2601 4554 1 10 1 1.0
6 147770 2607 4415 1 1 0 1.0
6 85386 2608 2256 1 1 0 1.0
6 166990 2613 4182 1 1 1 1.0
6 85835 2616 1877 1 10 0 1.0
6 159181 2619 3716 1 10 1 1.0
6 163669 2620 4082 1 1 0 1.0
6 176496 2625 4393 1 1 1 1.0
6 97576 2633 2228 1 10 1 1.0
6 66128 2633 1956 1 1 0 1.0
6 89504 2635 2472 1 10 1 1.0
6 89415 2637 1859 1 10 1 1.0
6 123353 2640 2848 1 1 0 1.0
6 146147 2641 4313 1 1 1 1.0
6 129608 2641 3099 1 1 0 1.0
6 112526 2643 2294 1 1 0 1.0
6 140152 2643 2995 1 1 1 1.0
6 69439 2646 1711 1 1 0 1.0
6 79372 2648 1929 1 1 1 1.0
6 83495 2648 1780 1 10 0 1.0
6 152551 2649 3277 1 1 1 1.0
6 60504 2649 1585 1 1 1 1.0
6 173630 2649 5155 1 10 0 1.0
6 119663 2656 3219 1 1 0 1.0
6 159307 2659 4660 1 1 1 1.0
6 63715 2659 1564 1 1 0 1.0
6 138337 2660 4123 1 1 1 1.0
6 155032 2661 3981 1 1 1 1.0
6 129051 2662 3293 1 10 0 1.0
6 70396 2664 2006 1 1 0 1.0
6 62999 2673 1876 1 10 1 1.0
6 117729 2673 3447 1 1 1 1.0
6 106090 2674 2414 1 10 1 1.0
6 159523 2683 3989 1 1 1 1.0
6 108531 2684 2961 1 1 1 1.0
6 156235 2685 3244 1 50 1 1.0
6 139128 2692 3375 1 1 0 1.0
6 143194 2694 3212 1 10 1 1.0
6 161219 2695 3371 1 1 1 1.0
6 74602 2697 2126 1 50 1 1.0
6 99807 2704 2888 1 1 1 1.0
6 169396 2709 3968 1 1 1 1.0
6 118745 2710 3389 1 50 1 1.0
6 146206 2712 3143 1 10 1 1.0
6 118458 2713 2517 1 1 1 1.0
6 156373 2714 4032 1 1 0 1.0
6 172525 2716 3911 1 10 0 1.0
6 137332 2717 2774 1 10 0 1.0
6 84039 2722 1878 1 1 1 1.0
6 109396 2722 2975 1 1 1 1.0
6 172935 2724 3783 1 1 0 1.0
6 108160 2725 3199 1 1 1 1.0
6 94849 2725 1952 1 1 0 1.0
6 179903 2725 4106 1 1 1 1.0
6 86107 2727 1867 1 1 1 1.0
6 177324 2735 4498 1 50 0 1.0
6 152749 2738 3904 1 10 0 1.0
6 100839 2746 2202 1 50 1 1.0
6 159843 2751 4716 1 1 1 1.0
6 142541 2751 3694 1 10 0 1.0
6 170164 2751 4469 1 1 0 1.0
6 96256 2754 2424 1 10 1 1.0
6 126066 2754 3106 1 10 0 1.0
6 103129 2755 2829 1 10 1 1.0
6 157681 2757 4679 1 1 1 1.0
6 102989 2757 2072 1 10 1 1.0
6 66779 2758 1855 1 1 1 1.0
6 78400 2759 2210 1 1 1 1.0
6 131095 2759 3164 1 10 0 1.0
6 89361 2761 2379 1 10 0 1.0
6 100222 2762 2335 1 10 0 1.0
6 157309 2764 4616 1 1 0 1.0
6 124873 2765 2559 1 1 1 1.0
6 116613 2767 2365 1 1 1 1.0
6 81984 2779 2344 1 1 0 1.0
6 80141 2780 2224 1 10 0 1.0
6 133195 2781 3086 1 10 0 1.0
6 78419 2781 2034 1 1 1 1.0
6 154700 2786 4252 1 10 0 1.0
6 77327 2791 2035 1 1 1 1.0
6 87711 2792 2404 1 1 0 1.0
6 145454 2792 3975 1 1 1 1.0
6 121589 2794 2731 1 1 0 1.0
6 115719 2797 3469 1 1 1 1.0
6 62496 2798 1757 1 10 1 1.0
6 65754 2810 1363 1 10 0 1.0
6 82701 2811 2288 1 1 1 1.0
6 179802 2811 4988 1 1 0 1.0
6 78604 2812 1841 1 1 0 1.0
6 109440 2818 2718 1 1 1 1.0
6 98267 2818 2142 1 10 0 1.0
6 174789 2822 4624 1 1 0 1.0
6 160479 2822 3454 1 50 0 1.0
6 166473 2825 4545 1 10 0 1.0
6 66030 2827 1821 1 10 1 1.0
6 68284 2830 1919 1 1 1 1.0
6 115399 2830 2866 1 1 1 1.0
6 108627 2832 2960 1 1 0 1.0
6 166526 2838 3371 1 50 0 1.0
6 88456 2838 2277 1 10 1 1.0
6 87339 2840 2007 1 1 1 1.0
6 112815 2841 3099 1 1 1 1.0
6 98410 2842 2592 1 10 0 1.0
6 61555 2842 1568 1 10 1 1.0
6 109525 2842 2584 1 10 0 1.0
6 106839 2846 3063 1 1 0 1.0
6 159019 2848 4461 1 1 0 1.0
6 167661 2854 4669 1 10 1 1.0
6 94166 2868 2632 1 10 0 1.0
6 130633 2868 3766 1 1 0 1.0
6 155999 2870 4281 1 50 1 1.0
6 123684 2870 3696 1 10 1 1.0
6 123119 2873 3650 1 1 0 1.0
6 136459 2873 3411 1 1 0 1.0
6 171280 2880 3728 1 1 1 1.0
6 107980 2883 3183 1 10 0 1.0
6 125554 2887 3233 1 1 1 1.0
6 76991 2888 2089 1 1 0 1.0
6 162472 2890 3756 1 10 0 1.0
6 113912 2894 2896 1 10 0 1.0
6 78288 2895 1777 1 10 1 1.0
6 95087 2897 2296 1 50 1 1.0
6 87363 2900 1930 1 10 1 1.0
6 175410 2900 3980 1 1 1 1.0
6 136775 2901 3078 1 50 1 1.0
6 132337 2902 3875 1 10 1 1.0
6 172929 2903 3672 1 10 0 1.0
6 97355 2904 2772 1 1 0 1.0
6 175838 2904 4701 1 10 1 1.0
6 158213 2907 3781 1 10 1 1.0
6 117381 2907 2643 1 1 1 1.0
6 144771 2909 3400 1 10 1 1.0
6 106538 2910 2157 1 1 1 1.0
6 67519 2911 1554 1 1 0 1.0
6 131078 2911 2640 1 10 1 1.0
6 122938 2913 3556 1 1 1 1.0
6 95343 2926 2579 1 1 0 1.0
6 130181 2927 3772 1 50 0 1.0
6 75640 2935 2000 1 10 0 1.0
6 122370 2938 3311 1 10 1 1.0
6 81426 2945 2184 1 10 1 1.0
6 93266 2948 2380 1 1 0 1.0
6 101686 2950 2206 1 1 1 1.0
6 166594 2950 4307 1 1 1 1.0
6 129670 2955 3255 1 10 1 1.0
6 177713 2955 3722 1 1 0 1.0
6 66271 2957 1361 1 10 1 1.0
6 126247 2958 2692 1 1 1 1.0
6 64132 2962 1351 1 50 0 1.0
6 148383 2968 3960 1 1 0 1.0
6 69729 2969 1630 1 10 1 1.0
6 88769 2972 2063 1 1 0 1.0
6 85579 2979 1951 1 10 1 1.0
6 120222 2980 2933 1 10 1 1.0
6 106076 2983 2765 1 1 0 1.0
6 143513 2983 3130 1 1 0 1.0
6 116289 2991 2423 1 1 1 1.0
6 178754 2993 4881 1 1 0 1.0
6 169055 2995 4208 1 50 1 1.0
6 68133 2998 1856 1 1 0 1.0
6 178738 3000 3976 1 50 1 1.0
6 168287 3000 4829 1 10 0 1.0
6 99236 3001 2563 1 10 1 1.0
6 152827 3002 3748 1 1 0 1.0
6 142176 3003 3803 1 1 1 1.0
6 159356 3005 3468 1 1 1 1.0
6 81123 3007 1921 1 1 1 1.0
6 174710 3008 4965 1 1 0 1.0
6 104707 3010 2151 1 1 0 1.0
6 86904 3014 2052 1 1 1 1.0
6 70688 3015 1548 1 1 1 1.0
6 62764 3015 1335 1 1 1 1.0
6 118220 3017 3438 1 10 1 1.0
6 119787 3019 2674 1 1 1 1.0
6 147406 3021 4095 1 1 0 1.0
6 111584 3030 2233 1 10 0 1.0
6 120532 3030 2953 1 1 0 1.0
6 111247 3033 2923 1 1 1 1.0
6 78137 3036 1737 1 1 1 1.0
6 176666 3038 4554 1 1 1 1.0
6 132232 3042 3150 1 1 1 1.0
6 81522 3046 1826 1 1 1 1.0
6 74111 3056 2013 1 10 1 1.0
6 165458 3061 4591 1 1 0 1.0
6 97238 3061 2283 1 10 1 1.0
6 86979 3061 1775 1 10 1 1.0
6 67107 3061 1485 1 10 1 1.0
6 156844 3069 3873 1 10 1 1.0
6 109110 3069 3097 1 1 0 1.0
6 90873 3070 2636 1 10 0 1.0
6 108496 3070 2372 1 10 0 1.0
6 121508 3072 3543 1 1 0 1.0
6 111232 3078 2988 1 1 1 1.0
6 115360 3081 2911 1 1 0 1.0
6 97664 3081 2681 1 1 0 1.0
6 110797 3083 2877 1 10 1 1.0
6 157216 3083 4513 1 1 0 1.0
6 143608 3085 3422 1 50 1 1.0
6 157338 3091 4096 1 1 0 1.0
6 145999 3093 3788 1 1 0 1.0
6 87059 3093 2164 1 50 0 1.0
6 81211 3095 1744 1 1 1 1.0
6 105296 3096 2236 1 1 1 1.0
6 106755 3097 2961 1 1 1 1.0
6 174109 3099 3639 1 10 1 1.0
6 137435 3104 3874 1 10 0 1.0
6 77611 3106 2012 1 10 0 1.0
6 171777 3114 4813 1 1 1 1.0
6 149034 3119 3283 1 10 0 1.0
6 134997 3122 2777 1 1 1 1.0
6 90206 3124 1950 1 10 0 1.0
6 158303 3125 4155 1 10 0 1.0
6 98776 3126 2306 1 10 1 1.0
6 156371 3127 3573 1 10 1 1.0
6 61773 3130 1648 1 1 1 1.0
6 81749 3140 1692 1 1 1 1.0
6 101240 3145 2100 1 10 0 1.0
6 64785 3145 1737 1 1 0 1.0
6 159512 3146 3540 1 10 1 1.0
6 133885 3151 3723 1 1 0 1.0
6 120397 3152 2675 1 1 0 1.0
6 119307 3155 2900 1 10 1 1.0
6 173135 3155 4056 1 10 1 1.0
6 114235 3156 2606 1 10 0 1.0
6 120173 3162 2583 1 10 1 1.0
6 178796 3167 4735 1 1 1 1.0
6 136319 3169 3986 1 50 1 1.0
6 131405 3169 3727 1 1 1 1.0
6 79724 3179 2282 1 1 0 1.0
6 177272 3179 4213 1 1 1 1.0
6 173861 3181 4055 1 1 1 1.0
6 119551 3187 3522 1 10 0 1.0
6 85435 3188 1985 1 1 0 1.0
6 86035 3191 2333 1 1 0 1.0
6 93297 3194 1903 1 10 0 1.0
6 124406 3195 3061 1 1 0 1.0
6 133443 3195 2748 1 1 1 1.0
6 113553 3195 3145 1 10 1 1.0
6 77512 3196 2171 1 1 1 1.0
6 104373 3197 3031 1 1 1 1.0
6 158366 3200 4544 1 50 1 1.0
6 90310 3202 2121 1 10 0 1.0
6 134722 3204 3183 1 1 0 1.0
6 85973 3204 2209 1 50 0 1.0
6 121810 3204 2654 1 1 0 1.0
6 73015 3205 2123 1 1 0 1.0
6 160300 3205 4749 1 1 0 1.0
6 79565 3207 1739 1 10 0 1.0
6 103472 3214 2481 1 50 1 1.0
6 91528 3215 2437 1 1 1 1.0
6 60582 3218 1672 1 1 0 1.0
6 160720 3226 4766 1 10 1 1.0
6 93580 3226 2687 1 1 0 1.0
6 176332 3234 4362 1 10 0 1.0
6 161598 3238 4621 1 1 1 1.0
6 120990 3239 2709 1 10 1 1.0
6 113520 3240 3160 1 1 1 1.0
6 117043 3240 2782 1 10 1 1.0
6 154871 3240 3970 1 1 0 1.0
6 123067 3241 3426 1 10 1 1.0
6 65548 3246 1844 1 10 0 1.0
6 146334 3249 3957 1 1 1 1.0
6 133909 3252 2985 1 1 0 1.0
6 89781 3253 1916 1 1 0 1.0
6 126870 3258 2599 1 1 1 1.0
6 100451 3267 2604 1 1 1 1.0
6 66693 3268 1347 1 10 0 1.0
6 87321 3269 1953 1 1 1 1.0
6 149064 3269 4382 1 1 1 1.0
6 129007 3273 3817 1 1 1 1.0
6 62127 3273 1625 1 1 0 1.0
6 156106 3274 4667 1 10 0 1.0
6 171304 3275 3524 1 1 0 1.0
6 75810 3278 1567 1 10 1 1.0
6 98849 3280 2814 1 1 1 1.0
6 114780 3280 2345 1 1 1 1.0
6 64335 3283 1731 1 10 1 1.0
6 177654 3283 3696 1 1 0 1.0
6 116920 3289 2678 1 10 0 1.0
6 127487 3297 3063 1 1 0 1.0
6 70764 3304 1881 1 1 1 1.0
6 79136 3308 2161 1 10 1 1.0
6 147422 3313 3506 1 1 0 1.0
6 116158 3314 3009 1 1 1 1.0
6 177643 3315 4230 1 50 1 1.0
6 178878 3316 3999 1 1 0 1.0
6 172608 3317 3580 1 1 0 1.0
6 123784 3321 3501 1 10 1 1.0
6 89830 3323 1925 1 50 0 1.0
6 94902 3324 2526 1 1 0 1.0
6 93402 3328 2260 1 1 0 1.0
6 125751 3330 2583 1 10 1 1.0
6 76699 3332 1632 1 1 1 1.0
6 126085 3335 3701 1 1 0 1.0
6 129165 3336 3533 1 50 1 1.0
6 95677 3337 2080 1 1 0 1.0
6 156890 3341 3890 1 10 0 1.0
6 109323 3342 2803 1 10 1 1.0
6 80938 3343 1817 1 10 0 1.0
6 101361 3344 2572 1 1 0 1.0
6 131824 3347 2767 1 1 0 1.0
6 94850 3351 1939 1 50 0 1.0
6 114233 3353 2532 1 1 0 1.0
6 79450 3356 2069 1 1 1 1.0
6 137992 3359 3983 1 1 1 1.0
6 134164 3359 3694 1 10 0 1.0
6 158453 3365 3664 1 1 1 1.0
6 87430 3369 2246 1 1 1 1.0
6 168401 3371 3392 1 10 0 1.0
6 67613 3373 1854 1 1 1 1.0
6 164872 3373 4848 1 1 0 1.0
6 102519 3376 2114 1 10 0 1.0
6 128154 3376 2834 1 1 0 1.0
6 125110 3382 3349 1 1 0 1.0
6 166054 3382 3966 1 50 0 1.0
6 93214 3383 2507 1 1 1 1.0
6 171778 3388 3634 1 1 1 1.0
6 115911 3390 3244 1 1 1 1.0
6 161924 3398 3486 1 1 1 1.0
6 95892 3401 1969 1 1 0 1.0
6 179702 3401 5012 1 10 1 1.0
6 73368 3401 1879 1 1 1 1.0
6 90857 3405 2053 1 1 0 1.0
6 75799 3406 1706 1 1 0 1.0
6 109965 3408 3169 1 50 0 1.0
6 71823 3409 1851 1 1 1 1.0
6 87389 3423 2154 1 1 0 1.0
6 156604 3423 4111 1 10 0 1.0
6 103065 3425 2483 1 1 0 1.0
6 158048 3434 3530 1 1 0 1.0
6 135210 3434 2968 1 10 0 1.0
6 91440 3440 2133 1 50 0 1.0
6 68912 3443 1762 1 1 1 1.0
6 150767 3447 3584 1 1 1 1.0
6 97070 3447 2803 1 1 0 1.0
6 77422 3448 2030 1 10 0 1.0
6 92761 3450 1959 1 1 1 1.0
6 167862 3455 3683 1 10 0 1.0
6 139836 3459 4074 1 1 1 1.0
6 176051 3459 4944 1 10 0 1.0
6 81608 3459 1738 1 1 1 1.0
6 153243 3462 4197 1 10 1 1.0
6 127745 3466 3707 1 1 1 1.0
6 116999 3469 2411 1 1 1 1.0
6 71888 3471 1887 1 1 1 1.0
6 84011 3471 2414 1 10 0 1.0
6 173292 3471 4135 1 50 0 1.0
6 61615 3474 1355 1 1 0 1.0
6 65871 3481 1841 1 1 1 1.0
6 161656 3481 4484 1 10 1 1.0
6 120957 3484 2994 1 50 1 1.0
6 167026 3485 4274 1 1 0 1.0
6 64022 3486 1676 1 10 1 1.0
6 123118 3486 3309 1 1 1 1.0
6 120947 3486 2507 1 1 0 1.0
6 118134 3487 2615 1 1 0 1.0
6 108162 3493 2715 1 1 1 1.0
6 78182 3494 1937 1 1 1 1.0
6 142649 3494 3325 1 1 1 1.0
6 125965 3495 3127 1 1 1 1.0
6 61050 3499 1656 1 10 0 1.0
6 171517 3499 4820 1 1 1 1.0
6 178656 3501 4106 1 1 1 1.0
6 87357 3504 1944 1 10 1 1.0
6 123026 3504 2728 1 50 1 1.0
6 125610 3505 2931 1 1 1 1.0
6 127730 3507 3714 1 10 0 1.0
6 60939 3507 1425 1 1 0 1.0
6 136656 3509 3290 1 1 1 1.0
6 78471 3514 2234 1 10 1 1.0
6 99728 3520 2760 1 10 0 1.0
6 120109 3525 2572 1 50 1 1.0
6 144252 3525 4013 1 1 1 1.0
6 173653 3530 4135 1 1 1 1.0
6 95692 3537 2504 1 1 1 1.0
6 144087 3539 3600 1 10 1 1.0
6 134545 3540 2727 1 50 0 1.0
6 84314 3542 2179 1 50 1 1.0
6 179049 3543 3748 1 10 0 1.0
6 131095 3544 3486 1 1 0 1.0
6 167029 3547 4903 1 1 0 1.0
6 167422 3549 3396 1 10 1 1.0
6 133580 3552 2739 1 1 1 1.0
6 119206 3557 3365 1 10 0 1.0
6 153556 3562 4057 1 1 0 1.0
6 135988 3564 3390 1 1 1 1.0
6 149980 3571 3293 1 1 0 1.0
6 83763 3574 2446 1 10 0 1.0
6 144630 3577 3219 1 1 0 1.0
6 108763 3579 3081 1 10 0 1.0
6 147856 3579 3580 1 1 1 1.0
6 76374 3579 1631 1 50 1 1.0
6 175321 3580 4770 1 1 1 1.0
6 74684 3581 1944 1 1 0 1.0
6 76682 3581 1965 1 50 1 1.0
6 156947 3581 3445 1 1 0 1.0
6 166966 3584 4334 1 1 1 1.0
6 131430 3587 2765 1 10 1 1.0
6 164392 3590 4387 1 1 1 1.0
6 68338 3593 1969 1 1 1 1.0
6 127224 3595 3779 1 1 1 1.0
6 134437 3595 3154 1 1 1 1.0
6 146555 3596 3990 1 50 0 1.0
6 61414 3597 1571 1 1 1 1.0
