1500
7 85690 1 2432 1 50 1 1.0
7 137484 1 3467 1 1 0 1.0
7 160775 4 4352 1 1 1 1.0
7 76379 7 2104 1 10 0 1.0
7 124625 9 3425 1 10 1 1.0
7 171869 9 4097 1 1 0 1.0
7 123338 11 3539 1 1 0 1.0
7 62934 14 1518 1 10 0 1.0
7 174993 21 3814 1 10 1 1.0
7 158849 21 4235 1 1 0 1.0
7 91411 27 2525 1 1 0 1.0
7 169219 27 5072 1 1 0 1.0
7 77923 33 1689 1 1 0 1.0
7 124175 34 2933 1 1 1 1.0
7 101356 35 2658 1 1 0 1.0
7 160647 37 3463 1 50 0 1.0
7 137492 39 3102 1 10 0 1.0
7 94768 41 2468 1 10 0 1.0
7 139118 42 2814 1 1 0 1.0
7 128672 46 3003 1 1 1 1.0
7 72738 56 1634 1 10 0 1.0
7 65007 57 1692 1 1 0 1.0
7 121954 63 3360 1 10 0 1.0
7 136435 65 3379 1 1 1 1.0
7 64356 67 1570 1 1 0 1.0
7 156727 67 3623 1 1 0 1.0
7 140091 70 3349 1 10 1 1.0
7 117354 79 3236 1 10 1 1.0
7 141261 83 2838 1 10 1 1.0
7 146205 86 3628 1 10 1 1.0
7 103384 87 2445 1 1 0 1.0
7 101121 90 2322 1 1 0 1.0
7 177122 90 4997 1 1 1 1.0
7 177774 108 4095 1 1 1 1.0
7 94747 112 2447 1 10 1 1.0
7 70800 121 1512 1 10 0 1.0
7 176715 124 3826 1 1 0 1.0
7 107478 126 2481 1 50 0 1.0
7 102405 127 2833 1 1 1 1.0
7 95879 129 2409 1 10 0 1.0
7 84141 129 2350 1 10 1 1.0
7 91070 130 2504 1 1 1 1.0
7 171829 130 3978 1 1 1 1.0
7 94990 133 2807 1 10 0 1.0
7 152253 134 4140 1 1 1 1.0
7 85145 134 1879 1 10 1 1.0
7 84210 135 2154 1 10 1 1.0
7 125597 138 3739 1 10 0 1.0
7 100318 139 2974 1 50 1 1.0
7 128875 140 3347 1 1 1 1.0
7 154508 140 3727 1 50 1 1.0
7 71984 159 1789 1 1 1 1.0
7 72422 159 1900 1 10 0 1.0
7 118625 160 2477 1 1 1 1.0
7 154984 162 4322 1 10 0 1.0
7 130236 163 3752 1 1 1 1.0
7 65052 164 1561 1 10 0 1.0
7 63576 165 1847 1 1 1 1.0
7 115861 166 2610 1 1 1 1.0
7 115781 169 3126 1 50 0 1.0
7 131302 170 3709 1 1 1 1.0
7 107113 171 2391 1 50 0 1.0
7 148290 173 3906 1 10 0 1.0
7 158363 174 4332 1 10 0 1.0
7 68111 175 1799 1 50 1 1.0
7 153195 178 3668 1 10 0 1.0
7 126833 181 2876 1 1 1 1.0
7 88454 182 2469 1 50 0 1.0
7 143144 191 3696 1 1 1 1.0
7 157851 194 4602 1 1 1 1.0
7 91869 198 2366 1 1 1 1.0
7 106375 198 2322 1 1 1 1.0
7 165217 200 4839 1 1 0 1.0
7 143902 207 3891 1 50 0 1.0
7 102359 208 2478 1 10 0 1.0
7 67714 208 1644 1 1 1 1.0
7 170826 210 3902 1 1 0 1.0
7 174093 211 4478 1 1 1 1.0
7 159598 211 4537 1 1 0 1.0
7 156263 211 3340 1 1 0 1.0
7 146149 211 3527 1 50 1 1.0
7 98862 212 2795 1 10 1 1.0
7 97437 214 2605 1 10 1 1.0
7 141518 218 3883 1 1 0 1.0
7 154336 222 3663 1 10 1 1.0
7 79111 223 2139 1 10 1 1.0
7 132075 224 3548 1 10 0 1.0
7 62661 225 1574 1 1 1 1.0
7 178396 227 5195 1 1 1 1.0
7 83384 228 1939 1 10 1 1.0
7 70496 235 1720 1 1 0 1.0
7 76865 242 2015 1 10 0 1.0
7 153371 244 4021 1 1 1 1.0
7 72660 246 1485 1 10 1 1.0
7 116740 253 3066 1 10 1 1.0
7 160237 258 4216 1 1 0 1.0
7 64268 259 1349 1 10 0 1.0
7 87308 260 2470 1 10 0 1.0
7 106893 260 2139 1 10 1 1.0
7 117878 263 3104 1 10 0 1.0
7 86010 267 1798 1 50 0 1.0
7 142358 270 3559 1 10 0 1.0
7 121942 272 3472 1 10 0 1.0
7 107862 273 2320 1 1 0 1.0
7 162436 275 4789 1 1 1 1.0
7 100008 276 2786 1 1 1 1.0
7 85764 277 2072 1 10 1 1.0
7 64421 279 1719 1 10 0 1.0
7 86533 283 1973 1 1 1 1.0
7 102580 284 2864 1 1 0 1.0
7 112462 285 3117 1 10 1 1.0
7 92560 287 2148 1 10 0 1.0
7 177521 288 3941 1 1 1 1.0
7 71456 289 1777 1 1 0 1.0
7 131157 292 3733 1 1 0 1.0
7 161347 292 3657 1 1 0 1.0
7 134545 295 2817 1 1 0 1.0
7 134757 296 3574 1 1 1 1.0
7 172675 296 4460 1 50 0 1.0
7 156755 296 3591 1 50 0 1.0
7 107729 298 2870 1 10 1 1.0
7 144154 306 3343 1 1 0 1.0
7 116408 307 3057 1 10 0 1.0
7 69099 310 1835 1 1 1 1.0
7 172433 314 4938 1 10 1 1.0
7 91265 316 2569 1 1 1 1.0
7 167391 317 4820 1 1 0 1.0
7 119057 323 3368 1 1 0 1.0
7 92693 324 2047 1 1 0 1.0
7 146473 336 3539 1 50 1 1.0
7 130369 339 2752 1 1 0 1.0
7 84484 340 2356 1 50 1 1.0
7 177522 344 4513 1 1 1 1.0
7 153406 346 4507 1 50 0 1.0
7 145401 350 3418 1 1 0 1.0
7 105761 351 2227 1 1 0 1.0
7 123167 354 3025 1 10 1 1.0
7 79753 354 1627 1 10 1 1.0
7 147145 356 3098 1 1 1 1.0
7 104514 357 2518 1 1 1 1.0
7 78767 358 2097 1 50 1 1.0
7 155040 359 3203 1 50 0 1.0
7 153817 359 3453 1 10 1 1.0
7 171042 360 3668 1 1 0 1.0
7 101301 361 2292 1 10 0 1.0
7 114068 362 3110 1 1 1 1.0
7 91206 368 2519 1 1 0 1.0
7 173232 370 4832 1 1 0 1.0
7 71974 373 1638 1 1 0 1.0
7 161764 375 3868 1 1 1 1.0
7 79076 375 1807 1 1 0 1.0
7 179268 377 3895 1 1 1 1.0
7 94644 378 1927 1 50 0 1.0
7 71593 382 1764 1 1 1 1.0
7 87728 382 2580 1 50 0 1.0
7 151579 384 3789 1 10 1 1.0
7 157793 385 4445 1 1 1 1.0
7 109238 386 2983 1 50 0 1.0
7 108445 386 2566 1 1 0 1.0
7 76861 386 2164 1 1 1 1.0
7 137594 386 3361 1 1 0 1.0
7 159695 393 3728 1 10 0 1.0
7 172966 393 4707 1 1 1 1.0
7 61833 393 1731 1 1 0 1.0
7 140244 402 4110 1 1 1 1.0
7 137534 402 3547 1 10 0 1.0
7 131258 406 3111 1 50 0 1.0
7 179406 408 4517 1 50 1 1.0
7 130038 408 2762 1 1 1 1.0
7 103364 408 2907 1 1 1 1.0
7 161394 410 4077 1 1 0 1.0
7 130246 414 3619 1 1 0 1.0
7 167725 416 3775 1 1 1 1.0
7 115890 418 2465 1 10 0 1.0
7 112409 419 3165 1 1 0 1.0
7 158065 421 4267 1 1 0 1.0
7 97913 423 2188 1 1 0 1.0
7 69015 424 1585 1 1 1 1.0
7 150779 425 4019 1 10 0 1.0
7 137682 429 2875 1 10 0 1.0
7 167322 432 4301 1 1 1 1.0
7 112809 439 2865 1 1 1 1.0
7 162156 443 3484 1 1 0 1.0
7 68404 443 1808 1 1 1 1.0
7 117528 443 2922 1 1 1 1.0
7 179316 443 4624 1 1 0 1.0
7 111872 467 2839 1 1 1 1.0
7 65339 467 1337 1 1 0 1.0
7 171367 468 4122 1 10 0 1.0
7 150555 476 3037 1 1 0 1.0
7 134586 478 2749 1 1 0 1.0
7 97268 482 2858 1 1 1 1.0
7 75263 484 2249 1 1 0 1.0
7 79380 487 2204 1 10 0 1.0
7 84473 489 2494 1 10 1 1.0
7 99177 500 2144 1 10 0 1.0
7 119433 502 2889 1 10 0 1.0
7 179988 503 4656 1 50 1 1.0
7 62633 503 1808 1 10 1 1.0
7 146108 505 3712 1 1 1 1.0
7 92133 506 2728 1 10 1 1.0
7 158303 506 3621 1 10 0 1.0
7 88971 509 1877 1 10 1 1.0
7 125713 510 2552 1 1 1 1.0
7 159712 512 3212 1 10 0 1.0
7 178335 512 5221 1 1 1 1.0
7 142000 513 4183 1 1 0 1.0
7 78808 517 1952 1 10 0 1.0
7 62123 518 1683 1 1 1 1.0
7 147214 518 4202 1 1 1 1.0
7 150532 521 4027 1 1 1 1.0
7 84452 522 1960 1 1 0 1.0
7 162124 529 4444 1 1 1 1.0
7 112272 533 3202 1 50 1 1.0
7 90721 534 2306 1 1 0 1.0
7 138086 543 3051 1 10 1 1.0
7 106931 546 2970 1 1 0 1.0
7 178527 548 5285 1 1 0 1.0
7 130477 549 3411 1 1 1 1.0
7 144995 552 4101 1 50 0 1.0
7 151318 552 4158 1 1 1 1.0
7 109131 554 2321 1 10 0 1.0
7 104315 554 2889 1 1 1 1.0
7 162469 561 3804 1 50 1 1.0
7 154313 563 3126 1 10 1 1.0
7 67033 570 1997 1 1 0 1.0
7 94378 570 2231 1 10 0 1.0
7 175342 572 4677 1 1 1 1.0
7 109491 575 3154 1 1 1 1.0
7 73923 577 2062 1 1 1 1.0
7 161591 579 3850 1 1 1 1.0
7 86845 580 2428 1 1 0 1.0
7 66777 586 1803 1 1 1 1.0
7 124914 587 2647 1 50 1 1.0
7 167265 590 4362 1 1 1 1.0
7 89723 590 2202 1 50 0 1.0
7 73114 593 1594 1 1 0 1.0
7 159912 595 4384 1 1 0 1.0
7 111629 595 2888 1 10 0 1.0
7 167170 596 4766 1 50 1 1.0
7 138087 600 3181 1 10 1 1.0
7 110923 603 2794 1 1 1 1.0
7 166676 610 3559 1 1 0 1.0
7 129139 610 3035 1 1 0 1.0
7 71414 615 1751 1 1 0 1.0
7 167333 616 4191 1 10 1 1.0
7 151621 617 3040 1 1 0 1.0
7 98235 618 2478 1 1 0 1.0
7 130913 620 2909 1 1 1 1.0
7 159240 620 4369 1 1 0 1.0
7 152926 621 3530 1 1 0 1.0
7 64331 621 1589 1 1 0 1.0
7 64039 623 1336 1 10 0 1.0
7 65885 624 1829 1 1 1 1.0
7 134735 628 3894 1 10 1 1.0
7 87896 629 2171 1 50 1 1.0
7 148651 629 4216 1 1 0 1.0
7 121161 631 3135 1 1 0 1.0
7 71735 633 1481 1 50 1 1.0
7 170935 633 4811 1 1 1 1.0
7 60326 633 1742 1 1 1 1.0
7 80426 633 1777 1 10 0 1.0
7 162697 635 3381 1 1 1 1.0
7 78488 636 2009 1 1 1 1.0
7 84278 637 1947 1 1 0 1.0
7 153320 639 3074 1 1 0 1.0
7 116569 639 3088 1 1 1 1.0
7 155998 644 3931 1 1 0 1.0
7 111904 647 3124 1 1 1 1.0
7 88010 656 1780 1 1 1 1.0
7 129033 656 2986 1 10 1 1.0
7 78880 657 2011 1 1 1 1.0
7 146407 662 2947 1 1 0 1.0
7 164263 662 4767 1 1 1 1.0
7 87512 663 2602 1 10 1 1.0
7 112658 663 3087 1 10 0 1.0
7 126553 668 2878 1 10 0 1.0
7 179784 671 3907 1 1 0 1.0
7 94065 672 1951 1 1 0 1.0
7 166348 680 4355 1 10 1 1.0
7 154476 684 3437 1 1 1 1.0
7 124951 686 2905 1 10 1 1.0
7 170915 691 4072 1 1 0 1.0
7 124564 692 3514 1 50 1 1.0
7 148854 709 3454 1 10 0 1.0
7 80351 710 2368 1 1 0 1.0
7 79238 710 1851 1 1 0 1.0
7 159523 711 4350 1 10 1 1.0
7 60522 713 1666 1 1 1 1.0
7 128433 713 2631 1 50 1 1.0
7 124264 715 3255 1 50 1 1.0
7 105037 722 2870 1 10 1 1.0
7 70301 723 1409 1 1 1 1.0
7 94314 730 2385 1 10 0 1.0
7 148858 734 3994 1 10 0 1.0
7 147057 735 3855 1 10 1 1.0
7 125532 737 2741 1 10 0 1.0
7 164259 737 4849 1 1 0 1.0
7 135239 738 3258 1 10 1 1.0
7 91176 739 2420 1 1 1 1.0
7 169052 740 3598 1 1 1 1.0
7 88853 744 2341 1 10 0 1.0
7 90127 744 1845 1 50 0 1.0
7 150915 746 4323 1 1 0 1.0
7 83440 746 2369 1 10 0 1.0
7 108098 752 2599 1 1 1 1.0
7 151917 753 4244 1 1 0 1.0
7 76197 756 2109 1 1 0 1.0
7 100786 757 2592 1 50 0 1.0
7 133831 758 2897 1 10 0 1.0
7 99889 758 2165 1 10 0 1.0
7 85309 761 1846 1 10 0 1.0
7 140016 765 2825 1 10 0 1.0
7 121231 768 2619 1 10 0 1.0
7 123885 768 3101 1 1 1 1.0
7 165946 772 4958 1 1 1 1.0
7 75262 777 2172 1 1 0 1.0
7 113980 779 2582 1 1 1 1.0
7 141599 780 3006 1 10 1 1.0
7 117599 780 2604 1 10 0 1.0
7 106563 781 2496 1 10 0 1.0
7 101637 781 2925 1 10 0 1.0
7 123019 782 3028 1 1 0 1.0
7 177703 790 4022 1 1 0 1.0
7 145321 794 3587 1 50 1 1.0
7 75068 800 1531 1 1 0 1.0
7 156980 803 4178 1 10 0 1.0
7 175268 806 5233 1 1 1 1.0
7 83300 808 1860 1 1 1 1.0
7 157994 810 3647 1 1 0 1.0
7 63478 812 1783 1 1 0 1.0
7 86286 815 1807 1 10 0 1.0
7 62537 817 1718 1 10 0 1.0
7 132889 820 3355 1 1 0 1.0
7 149170 826 3484 1 50 0 1.0
7 159712 829 4551 1 10 0 1.0
7 109022 830 2644 1 10 1 1.0
7 175953 837 4250 1 1 0 1.0
7 71111 839 1889 1 1 1 1.0
7 170126 842 3728 1 10 1 1.0
7 138986 850 3316 1 10 0 1.0
7 71559 851 1600 1 1 0 1.0
7 82192 852 2189 1 10 1 1.0
7 108048 854 3190 1 10 0 1.0
7 88370 854 1801 1 10 1 1.0
7 66801 857 1707 1 1 1 1.0
7 74494 857 1585 1 1 0 1.0
7 92703 858 2758 1 1 0 1.0
7 135807 860 3873 1 50 0 1.0
7 109524 861 2387 1 10 0 1.0
7 88658 866 1977 1 50 0 1.0
7 169557 866 4834 1 50 0 1.0
7 150744 868 4118 1 10 0 1.0
7 102844 869 2753 1 1 1 1.0
7 86906 869 2553 1 50 0 1.0
7 80463 871 2194 1 1 0 1.0
7 98979 872 2066 1 1 0 1.0
7 82081 873 2045 1 1 1 1.0
7 96315 876 2390 1 1 0 1.0
7 93896 878 2098 1 1 1 1.0
7 121583 879 2561 1 1 1 1.0
7 77422 881 2245 1 1 0 1.0
7 140578 881 2843 1 10 0 1.0
7 136124 883 2859 1 1 1 1.0
7 69634 884 1418 1 1 1 1.0
7 139003 888 3557 1 1 0 1.0
7 123868 889 3182 1 1 1 1.0
7 161998 890 3691 1 10 0 1.0
7 60019 893 1682 1 1 0 1.0
7 175259 894 5206 1 10 0 1.0
7 88198 895 2292 1 50 1 1.0
7 97879 896 2871 1 1 1 1.0
7 125200 897 3382 1 10 1 1.0
7 122277 899 3141 1 10 1 1.0
7 141797 900 3330 1 1 1 1.0
7 88224 903 2064 1 10 1 1.0
7 69028 903 1721 1 1 0 1.0
7 81266 905 2253 1 10 1 1.0
7 61527 907 1664 1 10 0 1.0
7 135793 910 3227 1 10 1 1.0
7 148652 911 3274 1 10 1 1.0
7 100942 911 2049 1 1 0 1.0
7 105051 913 2976 1 10 0 1.0
7 87887 914 1918 1 1 1 1.0
7 88451 918 2169 1 1 0 1.0
7 100560 919 2440 1 50 0 1.0
7 140519 919 3473 1 1 1 1.0
7 110745 928 2688 1 1 0 1.0
7 103981 928 2672 1 1 1 1.0
7 77583 929 1587 1 1 1 1.0
7 117379 934 2694 1 10 1 1.0
7 151540 935 3673 1 1 0 1.0
7 80084 936 2117 1 1 0 1.0
7 113134 936 2834 1 10 0 1.0
7 147916 942 3583 1 10 1 1.0
7 146196 944 3827 1 1 1 1.0
7 145280 944 3115 1 10 0 1.0
7 64936 945 1492 1 1 1 1.0
7 159259 945 3820 1 1 1 1.0
7 125281 947 3076 1 1 1 1.0
7 85511 950 2515 1 1 1 1.0
7 169840 955 4373 1 1 1 1.0
7 90660 955 2404 1 10 0 1.0
7 107076 957 2531 1 1 0 1.0
7 104654 958 2394 1 10 1 1.0
7 146214 961 3522 1 1 1 1.0
7 109583 962 2249 1 1 1 1.0
7 68749 966 1804 1 1 1 1.0
7 152479 967 4458 1 10 0 1.0
7 82553 968 1992 1 1 0 1.0
7 135336 969 3018 1 1 0 1.0
7 99783 977 2669 1 1 1 1.0
7 144352 977 4221 1 1 1 1.0
7 81383 990 1816 1 1 0 1.0
7 112382 991 3124 1 1 0 1.0
7 63484 993 1337 1 10 1 1.0
7 84536 994 2321 1 1 1 1.0
7 74431 995 2145 1 50 0 1.0
7 105792 998 2645 1 1 1 1.0
7 176426 1001 4352 1 1 0 1.0
7 124375 1002 3191 1 1 1 1.0
7 137852 1002 3814 1 1 0 1.0
7 61449 1004 1388 1 1 1 1.0
7 157598 1007 3381 1 10 0 1.0
7 158749 1007 3848 1 1 1 1.0
7 128522 1007 3628 1 1 1 1.0
7 145386 1009 2924 1 1 0 1.0
7 150703 1010 3271 1 1 1 1.0
7 153921 1014 4314 1 10 0 1.0
7 67215 1014 1371 1 1 1 1.0
7 103207 1017 2316 1 50 0 1.0
7 175254 1021 4542 1 1 0 1.0
7 89176 1023 1906 1 1 0 1.0
7 68872 1024 1594 1 10 0 1.0
7 86233 1026 2012 1 1 0 1.0
7 154434 1026 4086 1 1 1 1.0
7 172284 1027 3779 1 1 0 1.0
7 95753 1027 1946 1 1 0 1.0
7 137852 1027 3756 1 1 1 1.0
7 61561 1031 1349 1 1 0 1.0
7 92401 1034 2055 1 1 0 1.0
7 92690 1035 2035 1 1 1 1.0
7 156299 1039 3314 1 10 0 1.0
7 119285 1042 3337 1 10 0 1.0
7 123267 1048 2476 1 1 1 1.0
7 145693 1053 3254 1 1 1 1.0
7 165591 1054 3328 1 1 1 1.0
7 100314 1059 2528 1 1 1 1.0
7 135031 1062 2880 1 1 0 1.0
7 104281 1065 3031 1 1 1 1.0
7 69167 1067 1531 1 1 1 1.0
7 126849 1069 3666 1 1 0 1.0
7 176402 1070 5097 1 10 0 1.0
7 118182 1070 3157 1 1 0 1.0
7 74716 1073 2109 1 50 0 1.0
7 98558 1074 2789 1 1 1 1.0
7 63201 1076 1276 1 10 0 1.0
7 68606 1079 1396 1 50 0 1.0
7 65297 1084 1620 1 1 1 1.0
7 136155 1091 3208 1 10 0 1.0
7 158113 1095 3982 1 1 0 1.0
7 153454 1096 3288 1 50 1 1.0
7 64481 1099 1653 1 10 0 1.0
7 145092 1099 3867 1 1 1 1.0
7 131720 1101 3862 1 1 0 1.0
7 168967 1105 3463 1 1 1 1.0
7 154219 1107 3690 1 50 1 1.0
7 119425 1111 3037 1 1 1 1.0
7 65590 1113 1499 1 10 0 1.0
7 92235 1113 2651 1 1 0 1.0
7 144672 1116 3038 1 10 0 1.0
7 114474 1118 3276 1 1 1 1.0
7 143050 1118 3533 1 1 0 1.0
7 138678 1119 4043 1 1 1 1.0
7 134575 1127 3932 1 10 0 1.0
7 152411 1129 3481 1 1 0 1.0
7 168028 1130 3390 1 1 0 1.0
7 82132 1130 2037 1 10 1 1.0
7 60718 1137 1675 1 1 1 1.0
7 110514 1137 2924 1 1 1 1.0
7 130563 1137 3822 1 10 1 1.0
7 91563 1139 2085 1 1 1 1.0
7 64952 1141 1388 1 1 0 1.0
7 121361 1142 3416 1 10 1 1.0
7 121999 1144 3266 1 10 1 1.0
7 77162 1146 2169 1 1 1 1.0
7 92570 1148 1916 1 10 0 1.0
7 110070 1149 2607 1 1 0 1.0
7 76796 1154 2153 1 10 0 1.0
7 154825 1156 3435 1 50 0 1.0
7 82800 1157 1954 1 1 0 1.0
7 169156 1163 3431 1 1 0 1.0
7 79562 1166 1832 1 1 1 1.0
7 68426 1166 2027 1 1 0 1.0
7 129132 1179 3746 1 1 1 1.0
7 93493 1182 2513 1 10 1 1.0
7 132562 1183 2696 1 1 1 1.0
7 62821 1185 1312 1 50 1 1.0
7 92484 1188 2652 1 1 1 1.0
7 73282 1189 2047 1 1 0 1.0
7 117374 1190 2481 1 1 0 1.0
7 150424 1191 3463 1 1 1 1.0
7 93488 1194 2615 1 1 1 1.0
7 113697 1194 2840 1 1 1 1.0
7 112032 1196 2778 1 10 1 1.0
7 133823 1198 2789 1 50 1 1.0
7 96628 1203 2733 1 1 0 1.0
7 135832 1207 3245 1 1 1 1.0
7 163592 1212 3866 1 1 1 1.0
7 142995 1216 3330 1 1 0 1.0
7 124750 1217 3352 1 10 0 1.0
7 101912 1220 2741 1 1 1 1.0
7 65089 1220 1882 1 1 0 1.0
7 150270 1221 4137 1 50 1 1.0
7 126589 1224 2532 1 10 1 1.0
7 171395 1231 3862 1 10 0 1.0
7 152148 1232 3555 1 50 0 1.0
7 112141 1236 2409 1 1 0 1.0
7 136196 1236 4051 1 10 0 1.0
7 123950 1237 2857 1 1 1 1.0
7 168054 1238 4282 1 1 1 1.0
7 76674 1239 2060 1 1 0 1.0
7 64511 1239 1641 1 1 1 1.0
7 107096 1239 2302 1 10 1 1.0
7 97188 1240 2583 1 10 1 1.0
7 175210 1241 5166 1 50 1 1.0
7 89716 1242 1967 1 10 1 1.0
7 138855 1243 3564 1 50 1 1.0
7 131918 1245 2758 1 1 1 1.0
7 114807 1247 3416 1 1 0 1.0
7 78114 1248 1864 1 10 0 1.0
7 153485 1248 3128 1 10 0 1.0
7 77696 1252 2317 1 1 0 1.0
7 177392 1253 4473 1 10 1 1.0
7 111324 1253 2658 1 1 0 1.0
7 153327 1257 3963 1 50 1 1.0
7 158363 1257 3489 1 10 1 1.0
7 72380 1258 1483 1 1 1 1.0
7 179865 1260 3714 1 50 0 1.0
7 79646 1262 1754 1 10 0 1.0
7 122242 1266 2657 1 10 1 1.0
7 158572 1266 4007 1 1 0 1.0
7 165929 1276 4007 1 50 0 1.0
7 79529 1277 1852 1 1 0 1.0
7 175535 1278 4328 1 10 0 1.0
7 112633 1281 2948 1 10 0 1.0
7 157830 1287 4608 1 1 1 1.0
7 107943 1287 2596 1 1 0 1.0
7 83416 1287 1953 1 1 1 1.0
7 170409 1291 5067 1 1 0 1.0
7 85197 1292 1897 1 1 1 1.0
7 71958 1296 1444 1 1 1 1.0
7 104786 1297 2501 1 10 1 1.0
7 135135 1299 3685 1 10 0 1.0
7 133361 1300 3616 1 1 1 1.0
7 70949 1301 2013 1 1 0 1.0
7 144441 1302 3406 1 50 1 1.0
7 153497 1302 3905 1 1 1 1.0
7 171825 1302 3752 1 1 0 1.0
7 60104 1305 1349 1 1 0 1.0
7 105955 1306 3007 1 10 0 1.0
7 81172 1310 1734 1 1 0 1.0
7 98061 1332 2017 1 1 0 1.0
7 108041 1333 2683 1 50 1 1.0
7 97262 1338 2127 1 1 0 1.0
7 136671 1342 3096 1 1 0 1.0
7 63741 1347 1666 1 1 1 1.0
7 162364 1349 4802 1 1 1 1.0
7 125890 1349 2745 1 1 1 1.0
7 162901 1349 4824 1 50 1 1.0
7 90215 1350 2344 1 1 1 1.0
7 132045 1352 3222 1 1 1 1.0
7 138780 1356 2946 1 10 0 1.0
7 141000 1357 3521 1 10 0 1.0
7 154424 1358 4295 1 10 0 1.0
7 125332 1360 3030 1 1 1 1.0
7 156669 1363 3238 1 1 0 1.0
7 130437 1366 2636 1 1 0 1.0
7 125172 1366 3082 1 1 0 1.0
7 147912 1370 3679 1 50 0 1.0
7 79756 1371 1938 1 1 0 1.0
7 130922 1371 3419 1 1 0 1.0
7 95962 1372 2123 1 1 0 1.0
7 121485 1383 2551 1 10 0 1.0
7 72908 1387 1713 1 10 0 1.0
7 133279 1387 3468 1 50 1 1.0
7 64560 1388 1318 1 10 1 1.0
7 166419 1394 4873 1 1 0 1.0
7 113504 1395 2530 1 10 1 1.0
7 75044 1400 1711 1 10 1 1.0
7 64587 1400 1792 1 1 0 1.0
7 158790 1402 4456 1 10 0 1.0
7 119742 1405 3357 1 1 1 1.0
7 77197 1407 1945 1 10 0 1.0
7 81246 1407 2183 1 1 1 1.0
7 118986 1408 2943 1 1 1 1.0
7 110904 1409 2382 1 10 1 1.0
7 166713 1413 3400 1 1 1 1.0
7 117256 1415 3017 1 10 1 1.0
7 157388 1426 3720 1 50 1 1.0
7 103165 1428 2305 1 10 1 1.0
7 154242 1435 3507 1 1 1 1.0
7 105981 1435 2180 1 1 1 1.0
7 106276 1435 2977 1 1 1 1.0
7 112650 1435 2835 1 1 0 1.0
7 68917 1436 1591 1 10 0 1.0
7 93394 1436 2621 1 50 0 1.0
7 107448 1445 3181 1 1 0 1.0
7 145961 1451 3885 1 1 1 1.0
7 60351 1454 1500 1 1 1 1.0
7 79067 1454 2305 1 1 0 1.0
7 169901 1467 4835 1 1 0 1.0
7 163393 1469 4697 1 10 0 1.0
7 169315 1470 3586 1 1 1 1.0
7 154086 1474 4364 1 1 0 1.0
7 89040 1480 2369 1 10 1 1.0
7 113317 1483 2940 1 1 0 1.0
7 79542 1484 2270 1 1 0 1.0
7 140734 1484 3168 1 1 0 1.0
7 91969 1486 2340 1 50 0 1.0
7 141696 1491 3944 1 1 0 1.0
7 146198 1492 3746 1 50 1 1.0
7 98881 1493 2447 1 1 1 1.0
7 178942 1496 4055 1 1 0 1.0
7 177283 1497 4001 1 10 1 1.0
7 161342 1500 4826 1 10 1 1.0
7 109860 1502 2688 1 10 1 1.0
7 101544 1505 2734 1 1 0 1.0
7 109012 1506 3008 1 50 1 1.0
7 76748 1506 1743 1 1 1 1.0
7 121062 1507 2639 1 1 1 1.0
7 175288 1509 3556 1 10 1 1.0
7 132416 1513 3886 1 1 0 1.0
7 104008 1519 2353 1 1 1 1.0
7 165143 1520 3811 1 10 1 1.0
7 103578 1521 2897 1 1 1 1.0
7 100777 1521 2260 1 1 1 1.0
7 89394 1522 2349 1 1 0 1.0
7 60747 1525 1740 1 1 0 1.0
7 112380 1526 2895 1 1 0 1.0
7 147522 1527 4186 1 1 0 1.0
7 154876 1528 3623 1 1 1 1.0
7 123309 1528 2951 1 10 1 1.0
7 65895 1531 1524 1 1 0 1.0
7 170742 1535 3497 1 1 0 1.0
7 177649 1537 5141 1 1 1 1.0
7 158722 1539 4683 1 1 0 1.0
7 77629 1540 1780 1 1 0 1.0
7 158462 1543 3376 1 1 0 1.0
7 171890 1547 4156 1 1 1 1.0
7 139040 1550 2997 1 1 0 1.0
7 111684 1552 2514 1 1 0 1.0
7 133862 1553 3009 1 1 1 1.0
7 63309 1557 1645 1 1 1 1.0
7 142484 1558 3444 1 10 0 1.0
7 173416 1559 4992 1 10 0 1.0
7 98124 1567 2096 1 1 1 1.0
7 168356 1569 4584 1 10 1 1.0
7 99659 1569 2592 1 50 1 1.0
7 110553 1571 3072 1 50 1 1.0
7 123231 1574 3041 1 1 0 1.0
7 98213 1574 2309 1 1 0 1.0
7 174999 1585 4790 1 50 1 1.0
7 157226 1588 3241 1 1 1 1.0
7 162908 1591 4553 1 10 0 1.0
7 121118 1595 3150 1 10 0 1.0
7 91148 1597 2282 1 1 1 1.0
7 71238 1602 1698 1 1 0 1.0
7 77791 1603 1850 1 10 0 1.0
7 109025 1603 2904 1 1 1 1.0
7 137600 1604 3015 1 1 1 1.0
7 102134 1605 2377 1 10 1 1.0
7 159824 1606 3845 1 10 0 1.0
7 154586 1607 4122 1 1 1 1.0
7 75816 1607 2035 1 10 1 1.0
7 163692 1610 3712 1 10 1 1.0
7 169125 1611 4969 1 10 0 1.0
7 101244 1615 2105 1 1 0 1.0
7 145476 1616 4041 1 1 0 1.0
7 69396 1616 1960 1 1 0 1.0
7 139467 1618 3483 1 1 1 1.0
7 126218 1623 3270 1 10 1 1.0
7 150683 1626 3903 1 1 0 1.0
7 96220 1627 2416 1 1 0 1.0
7 150850 1634 3681 1 1 0 1.0
7 127667 1635 3179 1 1 0 1.0
7 118240 1641 2768 1 10 0 1.0
7 167870 1643 4787 1 1 1 1.0
7 167765 1644 3891 1 50 1 1.0
7 133841 1645 3405 1 10 0 1.0
7 133040 1647 2735 1 1 0 1.0
7 173174 1649 5043 1 10 1 1.0
7 165695 1651 4382 1 1 0 1.0
7 95094 1652 2787 1 1 0 1.0
7 142037 1653 3210 1 1 0 1.0
7 69462 1653 1763 1 1 0 1.0
7 97226 1659 2391 1 1 0 1.0
7 172215 1669 3977 1 1 1 1.0
7 80604 1674 1857 1 1 0 1.0
7 120284 1674 2998 1 1 1 1.0
7 137256 1677 3486 1 10 1 1.0
7 136684 1682 3454 1 1 0 1.0
7 142886 1682 3613 1 1 1 1.0
7 154236 1682 3780 1 1 1 1.0
7 83399 1683 2211 1 10 0 1.0
7 164215 1684 4416 1 1 0 1.0
7 99588 1684 2813 1 10 0 1.0
7 84652 1688 1902 1 1 1 1.0
7 70784 1690 1554 1 10 0 1.0
7 106570 1690 3006 1 1 1 1.0
7 61660 1691 1789 1 1 1 1.0
7 76820 1697 1876 1 1 0 1.0
7 134667 1699 3067 1 1 0 1.0
7 173323 1703 4394 1 10 1 1.0
7 90766 1704 2464 1 1 0 1.0
7 89215 1704 2082 1 10 1 1.0
7 108341 1709 2466 1 1 1 1.0
7 99363 1711 2814 1 10 0 1.0
7 154842 1712 3949 1 1 0 1.0
7 112518 1714 2409 1 1 0 1.0
7 87225 1714 1950 1 1 1 1.0
7 157435 1714 3321 1 1 1 1.0
7 145389 1715 3648 1 10 0 1.0
7 161781 1717 3255 1 1 0 1.0
7 112443 1719 3267 1 1 1 1.0
7 144644 1722 4323 1 10 1 1.0
7 107468 1724 2493 1 10 1 1.0
7 163940 1725 4816 1 50 1 1.0
7 137985 1726 3715 1 10 1 1.0
7 78064 1726 1840 1 1 0 1.0
7 151661 1728 3318 1 1 1 1.0
7 125006 1730 2655 1 1 1 1.0
7 148794 1737 3818 1 10 0 1.0
7 112380 1739 2395 1 10 0 1.0
7 153860 1740 3361 1 10 0 1.0
7 148659 1742 3677 1 1 1 1.0
7 98862 1742 2374 1 10 1 1.0
7 114916 1753 2431 1 50 1 1.0
7 72567 1760 1920 1 1 1 1.0
7 129020 1771 3364 1 1 0 1.0
7 72522 1771 1652 1 10 1 1.0
7 177737 1773 4264 1 1 0 1.0
7 68825 1776 2031 1 1 0 1.0
7 108432 1777 2784 1 1 0 1.0
7 110040 1777 2652 1 10 0 1.0
7 89447 1779 1884 1 10 1 1.0
7 62420 1780 1329 1 1 1 1.0
7 125896 1780 3310 1 1 0 1.0
7 112152 1785 3090 1 50 1 1.0
7 112594 1787 2421 1 1 1 1.0
7 107049 1793 3165 1 1 1 1.0
7 123200 1794 2942 1 10 1 1.0
7 88113 1795 2483 1 1 1 1.0
7 84145 1796 1903 1 1 1 1.0
7 125508 1803 3184 1 1 0 1.0
7 162241 1804 3620 1 10 1 1.0
7 147612 1808 3285 1 1 0 1.0
7 66473 1809 1482 1 10 1 1.0
7 143782 1809 4087 1 1 1 1.0
7 178721 1810 4527 1 1 1 1.0
7 109697 1810 2225 1 10 1 1.0
7 89042 1812 2449 1 50 0 1.0
7 70633 1815 1594 1 50 1 1.0
7 80134 1815 1735 1 10 0 1.0
7 91320 1817 2683 1 1 1 1.0
7 60112 1818 1499 1 10 1 1.0
7 178373 1821 3626 1 1 0 1.0
7 79766 1822 1729 1 1 1 1.0
7 170501 1824 4689 1 1 0 1.0
7 170415 1825 4168 1 1 0 1.0
7 77026 1831 1640 1 10 1 1.0
7 138886 1839 3858 1 1 1 1.0
7 116437 1839 3134 1 1 1 1.0
7 128010 1841 3100 1 1 0 1.0
7 71099 1842 1933 1 1 1 1.0
7 118400 1844 2395 1 1 0 1.0
7 144793 1845 3822 1 1 1 1.0
7 113818 1845 3023 1 1 1 1.0
7 174891 1850 4242 1 1 0 1.0
7 87403 1851 2178 1 1 0 1.0
7 177970 1851 5149 1 1 1 1.0
7 62560 1863 1788 1 10 0 1.0
7 127873 1868 3150 1 10 1 1.0
7 85146 1869 2191 1 10 0 1.0
7 66326 1869 1777 1 10 0 1.0
7 72064 1870 1446 1 1 0 1.0
7 148455 1872 3198 1 10 1 1.0
7 80093 1873 1843 1 10 1 1.0
7 149770 1882 4126 1 1 1 1.0
7 94191 1889 2777 1 10 1 1.0
7 175303 1894 3543 1 50 1 1.0
7 115490 1898 2538 1 50 0 1.0
7 62153 1904 1594 1 1 1 1.0
7 99657 1904 2092 1 1 1 1.0
7 86187 1906 1912 1 1 1 1.0
7 137367 1908 3590 1 1 1 1.0
7 171918 1920 3579 1 1 1 1.0
7 143335 1921 3089 1 10 0 1.0
7 118579 1921 2873 1 1 0 1.0
7 170105 1922 4859 1 50 1 1.0
7 95591 1922 2636 1 10 0 1.0
7 159739 1923 4530 1 1 1 1.0
7 72365 1924 1770 1 1 1 1.0
7 140066 1926 3900 1 1 0 1.0
7 129203 1927 2733 1 10 0 1.0
7 123326 1927 2572 1 10 0 1.0
7 131991 1928 3723 1 10 1 1.0
7 83693 1932 2500 1 1 1 1.0
7 127780 1932 3373 1 50 1 1.0
7 152321 1934 4029 1 1 1 1.0
7 135175 1934 2982 1 1 0 1.0
7 156730 1935 3684 1 1 0 1.0
7 168940 1938 3869 1 1 0 1.0
7 166214 1940 4487 1 1 1 1.0
7 88015 1943 2066 1 10 1 1.0
7 163893 1944 4913 1 1 1 1.0
7 102406 1944 2788 1 1 1 1.0
7 172917 1946 3627 1 1 1 1.0
7 120747 1949 2783 1 1 0 1.0
7 65642 1953 1314 1 1 1 1.0
7 65487 1954 1444 1 1 0 1.0
7 60952 1955 1258 1 1 1 1.0
7 94135 1956 2728 1 1 1 1.0
7 149998 1961 4302 1 10 1 1.0
7 132322 1961 3163 1 1 0 1.0
7 80766 1963 1761 1 10 1 1.0
7 121796 1965 2765 1 1 0 1.0
7 175284 1966 3859 1 1 1 1.0
7 107570 1968 2625 1 1 0 1.0
7 179367 1968 4034 1 10 1 1.0
7 145745 1970 3827 1 1 1 1.0
7 156392 1975 4156 1 1 1 1.0
7 84774 1978 2399 1 10 0 1.0
7 137643 1978 3037 1 50 1 1.0
7 122576 1982 3184 1 1 1 1.0
7 179164 1985 4750 1 1 1 1.0
7 65096 1990 1902 1 1 1 1.0
7 141909 1993 3854 1 10 1 1.0
7 154915 1993 3853 1 1 0 1.0
7 63931 1997 1668 1 1 1 1.0
7 177441 1998 5187 1 10 0 1.0
7 79049 1999 2263 1 10 1 1.0
7 102746 2001 2230 1 10 1 1.0
7 86258 2002 2345 1 1 1 1.0
7 151361 2003 3532 1 1 0 1.0
7 161339 2004 3792 1 10 1 1.0
7 120272 2004 3112 1 1 0 1.0
7 120055 2007 2525 1 1 1 1.0
7 169595 2007 3873 1 1 1 1.0
7 60398 2009 1352 1 1 1 1.0
7 118520 2010 2519 1 1 0 1.0
7 94004 2010 2769 1 50 0 1.0
7 131977 2011 3227 1 1 0 1.0
7 111600 2012 2677 1 10 0 1.0
7 107908 2019 2830 1 1 0 1.0
7 121148 2021 3282 1 10 1 1.0
7 158176 2021 3629 1 50 1 1.0
7 81165 2026 2239 1 1 0 1.0
7 87853 2030 2223 1 10 0 1.0
7 123868 2032 2930 1 1 0 1.0
7 177518 2036 3706 1 10 1 1.0
7 145269 2039 4307 1 1 0 1.0
7 72250 2041 1495 1 10 0 1.0
7 101888 2043 2253 1 1 0 1.0
7 87729 2044 2437 1 10 1 1.0
7 122103 2045 2970 1 10 1 1.0
7 137963 2045 3904 1 1 0 1.0
7 160878 2052 4282 1 10 1 1.0
7 93687 2052 2322 1 1 1 1.0
7 179702 2054 4391 1 1 1 1.0
7 77755 2059 2326 1 1 0 1.0
7 60312 2059 1283 1 1 0 1.0
7 145142 2061 3091 1 1 0 1.0
7 141636 2063 4244 1 10 0 1.0
7 135366 2063 3766 1 1 0 1.0
7 66409 2063 1343 1 1 1 1.0
7 154691 2064 3102 1 50 0 1.0
7 142180 2066 3167 1 1 0 1.0
7 161770 2068 3247 1 1 0 1.0
7 82254 2069 2311 1 10 0 1.0
7 155591 2070 3575 1 10 1 1.0
7 160286 2071 3681 1 1 0 1.0
7 172099 2077 4756 1 50 1 1.0
7 150949 2084 3648 1 1 1 1.0
7 68346 2090 1940 1 1 1 1.0
7 133405 2090 3500 1 50 0 1.0
7 152390 2092 4509 1 10 1 1.0
7 125203 2093 3435 1 1 0 1.0
7 77924 2097 2083 1 10 1 1.0
7 170471 2103 4997 1 1 0 1.0
7 92623 2107 2204 1 1 0 1.0
7 75105 2117 1708 1 1 0 1.0
7 166673 2122 4389 1 1 0 1.0
7 80525 2128 2232 1 1 1 1.0
7 98823 2128 2397 1 10 0 1.0
7 177558 2129 5161 1 1 1 1.0
7 125814 2132 3705 1 1 1 1.0
7 88939 2134 2302 1 1 0 1.0
7 79812 2136 2205 1 1 1 1.0
7 124915 2140 3553 1 50 0 1.0
7 168114 2142 4929 1 10 1 1.0
7 148073 2142 3676 1 1 1 1.0
7 89655 2142 2650 1 1 1 1.0
7 153525 2144 3347 1 50 0 1.0
7 148322 2145 3710 1 10 1 1.0
7 168757 2146 4664 1 10 1 1.0
7 168713 2147 4224 1 1 1 1.0
7 112427 2148 2673 1 50 1 1.0
7 109834 2149 3251 1 10 1 1.0
7 104148 2149 2518 1 1 1 1.0
7 151803 2152 3212 1 50 1 1.0
7 163392 2158 3331 1 10 0 1.0
7 173754 2159 4173 1 10 1 1.0
7 153065 2163 3135 1 1 0 1.0
7 70098 2166 1803 1 1 1 1.0
7 115064 2166 2761 1 1 1 1.0
7 112059 2173 3115 1 10 1 1.0
7 83622 2173 2051 1 1 0 1.0
7 130926 2175 3000 1 10 1 1.0
7 71256 2182 1513 1 1 1 1.0
7 134765 2183 2857 1 50 1 1.0
7 151711 2185 4509 1 10 0 1.0
7 117264 2185 3512 1 10 0 1.0
7 125871 2186 2650 1 10 1 1.0
7 152957 2188 3643 1 10 1 1.0
7 61073 2192 1222 1 1 0 1.0
7 150354 2192 4219 1 1 0 1.0
7 129501 2192 3481 1 1 0 1.0
7 111765 2194 2776 1 10 0 1.0
7 101285 2196 2663 1 1 0 1.0
7 118406 2198 3206 1 10 0 1.0
7 73505 2201 2038 1 50 0 1.0
7 164960 2201 3618 1 10 1 1.0
7 120807 2223 3125 1 10 0 1.0
7 77337 2224 1831 1 10 1 1.0
7 81159 2234 2238 1 1 1 1.0
7 175889 2235 4498 1 10 1 1.0
7 151388 2239 4422 1 1 1 1.0
7 120817 2241 2687 1 10 0 1.0
7 175973 2241 4362 1 1 0 1.0
7 77614 2244 1887 1 1 1 1.0
7 132714 2244 3607 1 10 0 1.0
7 109769 2246 2315 1 10 0 1.0
7 102511 2249 2729 1 1 0 1.0
7 166870 2249 4041 1 10 0 1.0
7 82996 2253 1793 1 1 1 1.0
7 142501 2254 3671 1 1 0 1.0
7 162702 2259 4289 1 10 1 1.0
7 152318 2259 4137 1 10 0 1.0
7 120317 2262 2496 1 10 1 1.0
7 64785 2264 1616 1 1 1 1.0
7 64905 2265 1309 1 1 0 1.0
7 72821 2266 2068 1 10 1 1.0
7 175446 2273 5073 1 1 1 1.0
7 134037 2274 3368 1 1 1 1.0
7 73286 2276 1628 1 1 0 1.0
7 148754 2280 3659 1 1 1 1.0
7 140004 2281 3362 1 1 1 1.0
7 63384 2284 1275 1 10 1 1.0
7 62072 2284 1791 1 10 0 1.0
7 98887 2287 2687 1 1 0 1.0
7 153981 2291 4368 1 1 0 1.0
7 169663 2297 4526 1 1 1 1.0
7 148634 2298 4110 1 1 1 1.0
7 167298 2298 4570 1 1 1 1.0
7 156104 2305 3918 1 10 1 1.0
7 176822 2305 3574 1 10 1 1.0
7 169490 2306 4760 1 1 1 1.0
7 70435 2306 1695 1 10 1 1.0
7 107047 2312 2394 1 1 1 1.0
7 153753 2314 4187 1 1 1 1.0
7 159649 2314 3735 1 10 0 1.0
7 160363 2317 3794 1 50 0 1.0
7 70626 2319 1456 1 1 1 1.0
7 154242 2322 3814 1 10 0 1.0
7 96493 2324 2046 1 10 1 1.0
7 137197 2338 2937 1 1 0 1.0
7 109646 2340 2628 1 50 1 1.0
7 122260 2343 3422 1 1 1 1.0
7 106125 2343 3037 1 1 1 1.0
7 170982 2344 3534 1 1 0 1.0
7 173886 2345 3544 1 10 1 1.0
7 80674 2352 2135 1 10 0 1.0
7 118076 2352 2715 1 1 0 1.0
7 154985 2360 3451 1 10 1 1.0
7 162113 2363 3916 1 50 0 1.0
7 97649 2365 2796 1 1 1 1.0
7 77970 2367 1643 1 10 0 1.0
7 110019 2372 2651 1 1 1 1.0
7 118893 2377 3439 1 1 0 1.0
7 68533 2381 1751 1 1 1 1.0
7 100251 2386 2218 1 1 1 1.0
7 115202 2393 2572 1 50 1 1.0
7 173078 2398 4750 1 1 1 1.0
7 65974 2400 1828 1 50 0 1.0
7 149901 2405 3709 1 1 1 1.0
7 160530 2407 4093 1 10 0 1.0
7 146101 2409 3530 1 1 0 1.0
7 167699 2410 4478 1 50 0 1.0
7 162841 2417 3577 1 1 1 1.0
7 96706 2419 2459 1 10 0 1.0
7 91971 2424 2719 1 10 1 1.0
7 77457 2427 1696 1 1 1 1.0
7 131583 2427 3690 1 1 0 1.0
7 90710 2435 2459 1 10 0 1.0
7 110937 2439 2812 1 1 0 1.0
7 103435 2439 2275 1 1 1 1.0
7 143622 2441 3883 1 1 0 1.0
7 128484 2441 2571 1 1 0 1.0
7 80108 2444 1815 1 1 1 1.0
7 81709 2444 2067 1 10 1 1.0
7 106728 2446 2344 1 1 0 1.0
7 142690 2446 3779 1 1 1 1.0
7 101887 2453 2711 1 1 1 1.0
7 168593 2454 3380 1 10 0 1.0
7 118399 2455 3362 1 1 0 1.0
7 114032 2458 2310 1 1 1 1.0
7 111900 2466 2474 1 50 1 1.0
7 116687 2471 3275 1 1 0 1.0
7 155889 2472 4236 1 1 1 1.0
7 68642 2475 1729 1 1 1 1.0
7 172076 2475 4986 1 1 1 1.0
7 145549 2483 4136 1 1 0 1.0
7 147839 2485 4353 1 1 1 1.0
7 166958 2485 3694 1 1 1 1.0
7 158211 2486 4408 1 1 1 1.0
7 153515 2489 3491 1 10 0 1.0
7 175548 2491 4220 1 1 0 1.0
7 152833 2493 3731 1 10 1 1.0
7 97047 2493 2553 1 10 1 1.0
7 60961 2496 1282 1 10 0 1.0
7 110671 2497 2589 1 1 0 1.0
7 174755 2497 4645 1 1 0 1.0
7 178910 2497 4414 1 1 1 1.0
7 64954 2498 1611 1 50 0 1.0
7 132198 2499 3666 1 10 1 1.0
7 111780 2500 3288 1 1 1 1.0
7 137465 2500 3214 1 1 1 1.0
7 100426 2500 2548 1 10 0 1.0
7 73432 2501 2005 1 1 1 1.0
7 168187 2501 4036 1 1 0 1.0
7 110651 2501 2254 1 50 0 1.0
7 93337 2502 2346 1 10 1 1.0
7 118744 2502 2397 1 10 0 1.0
7 66110 2505 1360 1 1 1 1.0
7 148236 2506 3263 1 10 0 1.0
7 141491 2507 3896 1 10 0 1.0
7 149049 2512 3838 1 1 0 1.0
7 163366 2514 4513 1 1 0 1.0
7 102875 2523 2814 1 1 0 1.0
7 104489 2527 2297 1 50 0 1.0
7 155467 2527 4212 1 10 1 1.0
7 148526 2528 2981 1 1 0 1.0
7 101426 2529 2728 1 1 1 1.0
7 139610 2529 3516 1 1 1 1.0
7 80909 2529 1996 1 1 1 1.0
7 156871 2531 4618 1 1 1 1.0
7 154223 2532 4473 1 10 1 1.0
7 66910 2534 1408 1 1 0 1.0
7 131710 2535 3215 1 10 0 1.0
7 110449 2537 2333 1 1 1 1.0
7 154177 2537 3795 1 1 1 1.0
7 96541 2538 2378 1 1 0 1.0
7 140975 2538 3365 1 10 1 1.0
7 121377 2543 2987 1 10 1 1.0
7 118024 2546 3066 1 10 1 1.0
7 114188 2546 2517 1 1 0 1.0
7 164104 2548 4320 1 1 1 1.0
7 164705 2550 4848 1 1 0 1.0
7 159791 2553 3878 1 10 0 1.0
7 69595 2554 1707 1 1 1 1.0
7 146401 2559 3803 1 10 1 1.0
7 166341 2560 4470 1 1 0 1.0
7 131630 2561 3335 1 10 0 1.0
7 107162 2562 2321 1 1 1 1.0
7 89176 2562 2272 1 50 0 1.0
7 96378 2566 2491 1 10 0 1.0
7 174538 2568 3884 1 1 1 1.0
7 160479 2572 3854 1 1 0 1.0
7 167504 2573 3692 1 1 1 1.0
7 75312 2574 1842 1 1 1 1.0
7 164979 2574 3524 1 1 0 1.0
7 121634 2577 2798 1 50 0 1.0
7 141849 2578 3320 1 10 0 1.0
7 152069 2582 3211 1 1 0 1.0
7 87573 2583 2200 1 1 1 1.0
7 170696 2584 4988 1 50 0 1.0
7 98992 2586 2478 1 50 0 1.0
7 166663 2587 3343 1 10 0 1.0
7 107610 2588 2597 1 1 1 1.0
7 103068 2592 2489 1 1 0 1.0
7 109927 2594 2462 1 1 0 1.0
7 155299 2600 4126 1 1 1 1.0
7 98519 2603 2809 1 10 0 1.0
7 120655 2603 2504 1 1 0 1.0
7 148585 2606 4033 1 10 0 1.0
7 89274 2608 2538 1 50 1 1.0
7 76213 2609 1796 1 1 0 1.0
7 97607 2609 2786 1 10 0 1.0
7 130533 2611 3868 1 1 1 1.0
7 95777 2613 2863 1 10 1 1.0
7 74580 2615 1744 1 1 1 1.0
7 116259 2622 2348 1 1 1 1.0
7 149476 2624 3522 1 1 0 1.0
7 86685 2626 2236 1 1 0 1.0
7 173844 2626 3740 1 1 1 1.0
7 168420 2626 4609 1 10 0 1.0
7 152211 2627 3838 1 1 1 1.0
7 109106 2627 2257 1 1 0 1.0
7 99645 2629 2180 1 50 0 1.0
7 62959 2629 1754 1 1 1 1.0
7 125885 2630 3675 1 10 1 1.0
7 118793 2632 3263 1 10 0 1.0
7 135447 2634 4001 1 50 1 1.0
7 100734 2638 2876 1 1 1 1.0
7 71797 2639 2071 1 1 1 1.0
7 138973 2639 3991 1 1 1 1.0
7 113491 2640 2365 1 1 0 1.0
7 135432 2640 3646 1 1 0 1.0
7 86703 2643 2315 1 1 1 1.0
7 84548 2648 1757 1 1 0 1.0
7 87156 2650 2245 1 10 0 1.0
7 167461 2651 3903 1 1 0 1.0
7 170293 2652 3990 1 10 0 1.0
7 92350 2653 2353 1 1 0 1.0
7 70626 2654 1906 1 50 1 1.0
7 154608 2657 4246 1 10 0 1.0
7 106829 2657 2696 1 1 0 1.0
7 179891 2658 3706 1 50 0 1.0
7 144799 2659 2933 1 10 1 1.0
7 173952 2662 4293 1 1 1 1.0
7 120775 2664 3130 1 1 0 1.0
7 91422 2664 2061 1 1 0 1.0
7 168730 2664 3683 1 1 0 1.0
7 156013 2669 3880 1 50 1 1.0
7 67333 2672 1554 1 1 1 1.0
7 116437 2672 2662 1 1 0 1.0
7 67500 2677 1563 1 10 1 1.0
7 147232 2679 3494 1 1 1 1.0
7 86417 2680 2418 1 1 1 1.0
7 62698 2680 1639 1 50 1 1.0
7 134737 2680 2841 1 10 0 1.0
7 102631 2681 2517 1 1 0 1.0
7 76075 2683 2177 1 1 1 1.0
7 81144 2692 1983 1 50 0 1.0
7 140333 2697 3128 1 50 1 1.0
7 136689 2699 3026 1 1 0 1.0
7 63789 2702 1576 1 10 0 1.0
7 179604 2705 4875 1 1 1 1.0
7 112193 2710 2961 1 1 1 1.0
7 131057 2712 3455 1 10 1 1.0
7 144583 2714 2927 1 1 0 1.0
7 155353 2715 4088 1 1 1 1.0
7 143907 2716 4016 1 10 1 1.0
7 126197 2716 2593 1 10 0 1.0
7 162385 2718 3663 1 10 0 1.0
7 116229 2719 3315 1 1 0 1.0
7 162712 2720 3316 1 1 0 1.0
7 147428 2720 3469 1 10 1 1.0
7 75048 2721 1995 1 10 1 1.0
7 102949 2722 2992 1 1 0 1.0
7 146439 2726 3462 1 50 1 1.0
7 94005 2726 2202 1 1 1 1.0
7 83233 2728 2004 1 10 1 1.0
7 146954 2728 4358 1 10 0 1.0
7 82876 2729 2394 1 1 1 1.0
7 117005 2730 2985 1 10 1 1.0
7 148438 2731 3926 1 10 1 1.0
7 156003 2731 3572 1 1 0 1.0
7 85620 2738 2485 1 1 1 1.0
7 137643 2738 4031 1 50 0 1.0
7 72327 2742 1575 1 10 1 1.0
7 111754 2744 3027 1 1 0 1.0
7 157147 2744 3314 1 1 1 1.0
7 162954 2746 3302 1 1 0 1.0
7 60917 2749 1748 1 1 0 1.0
7 114637 2749 2862 1 10 0 1.0
7 124970 2751 3675 1 10 0 1.0
7 166595 2751 4205 1 1 0 1.0
7 112241 2754 3276 1 1 1 1.0
7 135131 2755 3770 1 1 1 1.0
7 101818 2755 2175 1 10 1 1.0
7 86516 2757 2391 1 10 1 1.0
7 94710 2758 2237 1 10 0 1.0
7 89815 2762 2114 1 1 0 1.0
7 115192 2767 2823 1 10 0 1.0
7 121272 2769 3172 1 1 1 1.0
7 85418 2770 2261 1 50 1 1.0
7 68658 2771 1527 1 10 0 1.0
7 114027 2773 3398 1 1 1 1.0
7 132441 2774 3616 1 10 1 1.0
7 142636 2776 3435 1 1 1 1.0
7 100958 2782 2557 1 10 1 1.0
7 147950 2783 3836 1 1 1 1.0
7 154886 2784 3876 1 1 0 1.0
7 118150 2786 2834 1 1 0 1.0
7 61077 2787 1312 1 1 1 1.0
7 92467 2791 2492 1 1 1 1.0
7 177918 2791 4516 1 1 1 1.0
7 100854 2794 2168 1 10 1 1.0
7 94497 2795 1905 1 50 0 1.0
7 92802 2796 1902 1 1 1 1.0
7 64846 2796 1870 1 1 0 1.0
7 136969 2796 3859 1 1 1 1.0
7 113514 2798 2447 1 10 1 1.0
7 160689 2813 3643 1 1 1 1.0
7 116510 2819 3015 1 1 1 1.0
7 89214 2821 2207 1 1 0 1.0
7 106593 2825 2949 1 1 1 1.0
7 153640 2827 3286 1 50 0 1.0
7 145438 2828 3744 1 10 0 1.0
7 168216 2830 3963 1 1 1 1.0
7 90865 2831 2706 1 1 0 1.0
7 68819 2833 1456 1 1 1 1.0
7 95743 2837 1941 1 1 1 1.0
7 122733 2837 3202 1 1 1 1.0
7 109344 2838 2297 1 1 0 1.0
7 132529 2842 2743 1 10 1 1.0
7 121788 2845 3124 1 1 1 1.0
7 135783 2849 3481 1 1 1 1.0
7 156367 2852 3258 1 1 1 1.0
7 108241 2852 2438 1 1 0 1.0
7 135026 2854 3070 1 10 1 1.0
7 137698 2857 3723 1 1 1 1.0
7 96328 2857 2484 1 1 1 1.0
7 82950 2858 1960 1 50 0 1.0
7 117900 2860 2755 1 50 0 1.0
7 110037 2869 2242 1 1 0 1.0
7 119284 2871 2635 1 10 0 1.0
7 144253 2878 4048 1 10 0 1.0
7 87732 2883 2242 1 1 0 1.0
7 90176 2884 1972 1 10 1 1.0
7 173485 2884 3714 1 1 1 1.0
7 96086 2887 2805 1 10 0 1.0
7 175920 2888 3867 1 1 0 1.0
7 159914 2888 3841 1 1 1 1.0
7 154456 2889 4317 1 10 1 1.0
7 123241 2891 2707 1 10 1 1.0
7 130991 2892 3518 1 10 1 1.0
7 105828 2893 2971 1 1 0 1.0
7 124168 2894 3435 1 1 0 1.0
7 65722 2894 1633 1 1 0 1.0
7 80806 2899 1718 1 1 0 1.0
7 169940 2901 4060 1 10 1 1.0
7 83111 2906 2331 1 1 1 1.0
7 146600 2911 3894 1 1 0 1.0
7 156171 2913 4256 1 10 0 1.0
7 72516 2914 1520 1 1 1 1.0
7 151633 2916 3948 1 1 1 1.0
7 165549 2925 3874 1 1 0 1.0
7 87863 2936 2249 1 1 0 1.0
7 137769 2936 3642 1 1 0 1.0
7 88667 2937 2337 1 1 0 1.0
7 91114 2938 2564 1 1 1 1.0
7 73634 2939 1802 1 50 1 1.0
7 100772 2941 2363 1 1 0 1.0
7 164285 2943 4900 1 1 0 1.0
7 120282 2953 3520 1 1 0 1.0
7 104492 2958 2718 1 1 1 1.0
7 68668 2959 1555 1 1 0 1.0
7 172101 2960 3976 1 1 1 1.0
7 140683 2961 3105 1 1 0 1.0
7 74282 2963 1779 1 1 0 1.0
7 170826 2964 3674 1 10 0 1.0
7 60501 2965 1326 1 50 0 1.0
7 63558 2967 1674 1 10 0 1.0
7 100574 2968 2492 1 10 1 1.0
7 73721 2973 2031 1 10 0 1.0
7 67278 2973 1615 1 1 1 1.0
7 82994 2975 1951 1 1 0 1.0
7 158908 2975 3412 1 1 1 1.0
7 178418 2982 4506 1 50 1 1.0
7 143557 2982 2953 1 1 1 1.0
7 156929 2983 4017 1 1 1 1.0
7 122133 2987 3262 1 10 1 1.0
7 171237 2988 4365 1 10 0 1.0
7 122738 2988 3129 1 10 0 1.0
7 149608 2992 3351 1 10 0 1.0
7 85113 2995 2409 1 10 1 1.0
7 173081 2997 3721 1 1 0 1.0
7 81868 3001 2402 1 1 0 1.0
7 146236 3003 3481 1 10 1 1.0
7 117131 3006 3479 1 1 1 1.0
7 108222 3007 2656 1 1 1 1.0
7 96057 3008 2140 1 1 1 1.0
7 90426 3017 1961 1 1 1 1.0
7 150185 3020 3975 1 1 0 1.0
7 122492 3022 3135 1 10 1 1.0
7 100057 3023 2668 1 1 1 1.0
7 158338 3028 3397 1 10 0 1.0
7 174750 3034 4262 1 1 1 1.0
7 72821 3038 1913 1 10 1 1.0
7 150898 3041 3659 1 1 0 1.0
7 96621 3042 2522 1 10 0 1.0
7 171067 3043 3617 1 10 0 1.0
7 119535 3044 3011 1 10 1 1.0
7 116118 3045 2817 1 10 1 1.0
7 105852 3045 2765 1 50 1 1.0
7 74835 3047 2189 1 1 0 1.0
7 123027 3048 3525 1 10 0 1.0
7 132506 3050 2824 1 1 1 1.0
7 158151 3050 4407 1 1 0 1.0
7 93194 3052 2434 1 1 0 1.0
7 162139 3053 4239 1 10 1 1.0
7 129110 3055 3627 1 1 0 1.0
7 74868 3056 2026 1 1 1 1.0
7 102124 3058 3013 1 1 1 1.0
7 121349 3060 3555 1 1 1 1.0
7 171760 3061 3753 1 1 1 1.0
7 150261 3065 3628 1 1 0 1.0
7 171547 3067 4970 1 10 1 1.0
7 148992 3069 4181 1 1 1 1.0
7 138519 3069 2984 1 50 1 1.0
7 137601 3073 3322 1 1 0 1.0
7 62458 3075 1770 1 10 0 1.0
7 151490 3075 3775 1 1 1 1.0
7 169194 3078 3857 1 1 0 1.0
7 135826 3082 3858 1 1 1 1.0
7 172473 3086 3484 1 10 0 1.0
7 171399 3087 3997 1 1 1 1.0
7 130562 3087 3251 1 10 0 1.0
7 123478 3091 2642 1 1 0 1.0
7 64660 3091 1784 1 1 0 1.0
7 138646 3092 4108 1 1 0 1.0
7 168993 3098 3685 1 10 0 1.0
7 93712 3103 2428 1 10 0 1.0
7 151599 3106 3611 1 1 1 1.0
7 111643 3113 2583 1 1 0 1.0
7 164661 3117 4070 1 1 1 1.0
7 170365 3121 5006 1 1 1 1.0
7 128953 3123 2761 1 1 0 1.0
7 144076 3127 3916 1 10 1 1.0
7 80169 3127 2403 1 10 1 1.0
7 96652 3128 2854 1 1 0 1.0
7 95673 3129 2370 1 1 1 1.0
7 100791 3129 2548 1 1 0 1.0
7 121918 3131 3375 1 10 1 1.0
7 176312 3134 4529 1 1 0 1.0
7 150201 3135 3437 1 1 1 1.0
7 103152 3136 2277 1 10 0 1.0
7 108011 3138 2614 1 1 0 1.0
7 67591 3141 1561 1 1 1 1.0
7 105572 3145 2432 1 10 0 1.0
7 95392 3152 2057 1 1 0 1.0
7 66708 3153 1431 1 1 1 1.0
7 105071 3154 3110 1 1 0 1.0
7 174827 3160 3888 1 1 0 1.0
7 161274 3166 3774 1 1 0 1.0
7 61652 3169 1470 1 1 1 1.0
7 147435 3170 3760 1 1 0 1.0
7 90219 3175 2040 1 1 1 1.0
7 155875 3177 3183 1 1 0 1.0
7 102848 3183 2986 1 1 1 1.0
7 148297 3188 3847 1 1 1 1.0
7 163433 3203 4670 1 1 1 1.0
7 135042 3203 3411 1 1 0 1.0
7 161504 3211 3518 1 1 1 1.0
7 94436 3211 2553 1 1 0 1.0
7 149771 3219 4167 1 1 1 1.0
7 70264 3219 1851 1 10 1 1.0
7 172874 3219 4196 1 1 1 1.0
7 156431 3231 4571 1 1 0 1.0
7 132360 3237 2987 1 1 0 1.0
7 63554 3238 1576 1 50 1 1.0
7 68266 3240 1670 1 10 0 1.0
7 133252 3242 2733 1 1 1 1.0
7 142709 3248 3310 1 10 0 1.0
7 179347 3250 5251 1 1 0 1.0
7 73357 3253 2134 1 1 0 1.0
7 156073 3254 3535 1 10 0 1.0
7 112843 3255 2313 1 1 0 1.0
7 69520 3257 1552 1 10 0 1.0
7 173704 3258 4902 1 1 0 1.0
7 121134 3261 2774 1 10 0 1.0
7 79273 3262 1710 1 1 1 1.0
7 121453 3263 2963 1 1 1 1.0
7 168244 3266 4183 1 1 0 1.0
7 157176 3267 3361 1 1 0 1.0
7 126929 3268 3094 1 10 0 1.0
7 107408 3272 3057 1 1 1 1.0
7 171533 3272 5011 1 1 1 1.0
7 146299 3275 4226 1 10 0 1.0
7 123830 3278 2766 1 1 1 1.0
7 78021 3282 2272 1 1 1 1.0
7 160969 3282 3650 1 10 1 1.0
7 154145 3284 4087 1 1 1 1.0
7 95869 3285 2585 1 10 0 1.0
7 88442 3285 2298 1 10 0 1.0
7 176380 3286 3923 1 1 1 1.0
7 65722 3290 1515 1 1 0 1.0
7 147724 3293 3982 1 1 1 1.0
7 99768 3295 2117 1 1 1 1.0
7 115183 3300 3443 1 1 0 1.0
7 117722 3301 3352 1 10 0 1.0
7 76029 3309 1977 1 1 0 1.0
7 90307 3312 2469 1 10 0 1.0
7 89338 3318 2040 1 50 0 1.0
7 178711 3323 4322 1 1 0 1.0
7 125666 3324 3044 1 1 0 1.0
7 126726 3328 3644 1 1 1 1.0
7 125549 3328 3715 1 1 1 1.0
7 144361 3331 2913 1 1 1 1.0
7 66408 3337 1528 1 50 1 1.0
7 67998 3344 1503 1 10 1 1.0
7 157586 3351 4266 1 10 0 1.0
7 110179 3351 3252 1 10 0 1.0
7 129684 3353 3479 1 1 1 1.0
7 62192 3353 1316 1 1 1 1.0
7 76150 3353 1836 1 1 0 1.0
7 110082 3355 2829 1 1 1 1.0
7 121215 3356 2947 1 1 0 1.0
7 106763 3359 3024 1 1 0 1.0
7 87974 3366 2167 1 1 1 1.0
7 154661 3371 3756 1 10 1 1.0
7 177736 3374 3637 1 1 0 1.0
7 175364 3375 4526 1 1 1 1.0
7 134312 3378 3299 1 1 0 1.0
7 64739 3383 1657 1 50 0 1.0
7 104601 3383 2953 1 10 0 1.0
7 111777 3386 2700 1 1 1 1.0
7 156858 3388 3945 1 10 0 1.0
7 116204 3390 3448 1 10 1 1.0
7 71008 3399 1753 1 1 1 1.0
7 99798 3402 2187 1 1 0 1.0
7 75975 3406 1662 1 10 1 1.0
7 109936 3407 2525 1 1 1 1.0
7 143237 3416 3731 1 1 1 1.0
7 78941 3417 1972 1 1 0 1.0
7 95911 3421 2300 1 1 1 1.0
7 110023 3425 2749 1 1 1 1.0
7 99254 3428 2260 1 1 0 1.0
7 86895 3429 2604 1 50 0 1.0
7 179123 3429 4721 1 50 1 1.0
7 108502 3429 2404 1 1 0 1.0
7 65742 3430 1519 1 50 1 1.0
7 145487 3437 3350 1 1 1 1.0
7 162511 3437 4458 1 1 1 1.0
7 99428 3438 2434 1 50 1 1.0
7 160640 3439 3878 1 1 1 1.0
7 177243 3440 4742 1 1 1 1.0
7 122690 3440 2487 1 50 0 1.0
7 131510 3442 2645 1 1 1 1.0
7 158453 3443 3448 1 10 0 1.0
7 73524 3445 2081 1 10 1 1.0
7 160038 3450 4425 1 1 1 1.0
7 90701 3452 2371 1 1 0 1.0
7 139190 3456 3727 1 10 0 1.0
7 88107 3457 2533 1 10 1 1.0
7 130018 3460 3351 1 1 1 1.0
7 103548 3460 2651 1 50 1 1.0
7 103043 3461 2204 1 1 0 1.0
7 88963 3463 2220 1 10 0 1.0
7 132890 3463 3913 1 1 1 1.0
7 154467 3471 3226 1 1 0 1.0
7 93184 3472 2493 1 1 0 1.0
7 161064 3473 3375 1 10 1 1.0
7 103828 3477 2105 1 1 1 1.0
7 153357 3477 3784 1 10 1 1.0
7 97933 3478 2507 1 1 1 1.0
7 88972 3480 1811 1 50 1 1.0
7 115744 3489 3281 1 1 1 1.0
7 82393 3490 1840 1 50 1 1.0
7 82473 3497 1893 1 50 1 1.0
7 75148 3498 1941 1 1 1 1.0
7 107127 3498 2868 1 1 0 1.0
7 133453 3498 3133 1 50 0 1.0
7 86808 3499 1768 1 1 1 1.0
7 133339 3500 3793 1 10 0 1.0
7 94815 3500 2769 1 10 0 1.0
7 72726 3504 2157 1 1 0 1.0
7 89403 3510 2396 1 10 0 1.0
7 71841 3511 2033 1 1 1 1.0
7 84121 3513 2092 1 1 0 1.0
7 89339 3516 1896 1 1 1 1.0
7 139396 3519 3410 1 10 0 1.0
7 113994 3524 2383 1 1 0 1.0
7 103730 3525 2904 1 10 1 1.0
7 91941 3526 2259 1 1 0 1.0
7 101811 3527 2201 1 10 1 1.0
7 176922 3536 5040 1 10 1 1.0
7 90957 3544 2159 1 10 1 1.0
7 93890 3545 2052 1 1 1 1.0
7 155432 3546 3306 1 1 1 1.0
7 128716 3548 3107 1 1 1 1.0
7 77581 3553 1884 1 10 0 1.0
7 142058 3553 3490 1 1 1 1.0
7 108697 3554 2498 1 10 1 1.0
7 159669 3557 4188 1 1 0 1.0
7 66738 3557 1456 1 1 1 1.0
7 176980 3563 4272 1 1 1 1.0
7 138227 3567 2953 1 1 1 1.0
7 130043 3567 3225 1 1 1 1.0
7 126437 3567 3161 1 1 0 1.0
7 89681 3572 2042 1 1 1 1.0
7 175601 3572 4531 1 10 0 1.0
7 151076 3573 3927 1 1 0 1.0
7 167501 3575 4430 1 1 0 1.0
7 175903 3596 4604 1 1 0 1.0
7 116001 3596 3284 1 10 0 1.0
7 105035 3599 2610 1 1 0 1.0
