1500
8 65475 4 1519 1 10 1 1.0
8 115429 4 2422 1 10 1 1.0
8 65768 9 1644 1 10 1 1.0
8 166504 13 3491 1 10 0 1.0
8 121527 15 2463 1 1 1 1.0
8 72711 22 1482 1 1 0 1.0
8 91630 24 2226 1 1 1 1.0
8 152317 26 3058 1 1 1 1.0
8 161670 27 4119 1 1 0 1.0
8 175962 33 4192 1 1 0 1.0
8 179033 38 4723 1 10 1 1.0
8 161520 38 4453 1 1 1 1.0
8 106457 45 2339 1 1 0 1.0
8 150705 50 4100 1 10 0 1.0
8 101804 52 2692 1 10 0 1.0
8 144319 53 4251 1 1 0 1.0
8 72777 60 2164 1 1 1 1.0
8 176013 62 3691 1 10 0 1.0
8 125138 62 3191 1 1 0 1.0
8 176799 68 3545 1 1 1 1.0
8 72688 73 1518 1 1 1 1.0
8 105669 86 3081 1 1 1 1.0
8 101033 87 2713 1 1 0 1.0
8 93388 95 2217 1 1 1 1.0
8 119188 103 2823 1 1 0 1.0
8 123252 107 3644 1 1 0 1.0
8 74177 109 1753 1 1 0 1.0
8 97669 116 2912 1 1 0 1.0
8 109916 118 3149 1 1 1 1.0
8 178826 118 5363 1 1 0 1.0
8 116333 119 3219 1 10 1 1.0
8 141042 122 3244 1 1 0 1.0
8 86132 124 2316 1 10 0 1.0
8 108048 124 3122 1 10 1 1.0
8 83385 125 1680 1 1 1 1.0
8 145114 126 3570 1 1 1 1.0
8 108016 126 2844 1 1 0 1.0
8 84357 127 2335 1 1 1 1.0
8 70939 130 1449 1 1 0 1.0
8 66781 132 1468 1 1 0 1.0
8 111532 134 3167 1 1 0 1.0
8 128653 137 3468 1 10 1 1.0
8 91616 139 2316 1 1 1 1.0
8 126876 139 2955 1 1 0 1.0
8 86359 145 2587 1 10 0 1.0
8 166266 146 4773 1 1 1 1.0
8 146155 153 4007 1 1 1 1.0
8 73056 153 1831 1 1 0 1.0
8 110270 161 2614 1 50 1 1.0
8 74279 165 1520 1 10 1 1.0
8 92595 167 2207 1 50 0 1.0
8 62852 168 1716 1 10 1 1.0
8 137071 169 3360 1 1 0 1.0
8 98503 169 2168 1 1 1 1.0
8 150203 171 4206 1 50 0 1.0
8 163508 172 4737 1 50 1 1.0
8 87000 174 1744 1 1 1 1.0
8 119906 179 2607 1 1 1 1.0
8 128851 185 3617 1 10 1 1.0
8 138529 188 2798 1 1 1 1.0
8 146488 190 3669 1 1 1 1.0
8 123951 195 2989 1 10 1 1.0
8 133576 197 3394 1 10 1 1.0
8 106330 200 2688 1 10 0 1.0
8 103246 203 2914 1 1 1 1.0
8 109371 204 3258 1 10 0 1.0
8 107134 207 2776 1 1 0 1.0
8 147573 207 3359 1 50 1 1.0
8 148436 208 3436 1 1 0 1.0
8 79122 216 1748 1 1 0 1.0
8 148353 217 3569 1 1 1 1.0
8 103326 218 2591 1 1 0 1.0
8 168797 226 4801 1 1 0 1.0
8 93408 230 2211 1 50 0 1.0
8 111065 231 3247 1 1 1 1.0
8 147195 232 3422 1 10 0 1.0
8 122670 246 3441 1 1 0 1.0
8 70867 250 1910 1 10 1 1.0
8 105267 251 2965 1 1 1 1.0
8 107307 254 2270 1 50 1 1.0
8 70407 255 2103 1 1 1 1.0
8 158453 262 3344 1 1 1 1.0
8 143021 269 3879 1 1 1 1.0
8 60979 271 1500 1 50 0 1.0
8 86960 272 2501 1 50 0 1.0
8 128446 282 3828 1 10 0 1.0
8 95805 283 2686 1 1 0 1.0
8 176153 283 3952 1 10 0 1.0
8 65926 291 1344 1 10 1 1.0
8 82552 292 2343 1 1 0 1.0
8 88135 297 2476 1 1 1 1.0
8 154613 304 3557 1 1 1 1.0
8 120357 307 3130 1 1 0 1.0
8 134097 308 3932 1 50 0 1.0
8 114778 308 3427 1 10 0 1.0
8 103009 309 2890 1 1 1 1.0
8 156587 311 3739 1 50 0 1.0
8 170563 316 4385 1 10 1 1.0
8 80210 316 1826 1 10 0 1.0
8 130381 325 2762 1 10 1 1.0
8 138696 327 3655 1 1 0 1.0
8 108267 330 2681 1 10 0 1.0
8 179485 331 4277 1 10 0 1.0
8 179807 331 3628 1 1 1 1.0
8 109419 333 3022 1 10 1 1.0
8 123843 345 3652 1 50 1 1.0
8 172753 346 5094 1 1 0 1.0
8 126998 347 3068 1 1 1 1.0
8 166651 353 3808 1 1 0 1.0
8 160425 354 3817 1 10 0 1.0
8 145695 356 3927 1 1 1 1.0
8 79476 360 2033 1 1 1 1.0
8 152205 361 4266 1 50 1 1.0
8 122942 362 2953 1 1 0 1.0
8 90975 365 2422 1 10 0 1.0
8 116258 367 2696 1 1 1 1.0
8 177183 368 4588 1 10 0 1.0
8 153434 368 3360 1 1 0 1.0
8 73907 368 2085 1 1 0 1.0
8 154973 370 3661 1 1 0 1.0
8 82012 372 2333 1 1 1 1.0
8 114114 379 2812 1 1 0 1.0
8 133206 379 2771 1 10 0 1.0
8 122134 382 2829 1 1 0 1.0
8 60694 383 1307 1 50 1 1.0
8 114495 387 3415 1 10 0 1.0
8 96841 388 2706 1 10 1 1.0
8 113326 391 2433 1 10 1 1.0
8 138699 392 3054 1 10 0 1.0
8 139685 392 3014 1 1 0 1.0
8 61739 395 1407 1 1 1 1.0
8 92249 398 2195 1 10 0 1.0
8 65205 403 1689 1 1 0 1.0
8 125994 404 3055 1 50 1 1.0
8 75118 409 2170 1 10 0 1.0
8 103263 411 2986 1 1 0 1.0
8 99290 413 2975 1 1 1 1.0
8 127190 414 2641 1 1 0 1.0
8 163145 414 4592 1 1 1 1.0
8 94220 417 2352 1 10 0 1.0
8 154351 419 4526 1 1 1 1.0
8 99751 422 2178 1 10 1 1.0
8 153986 439 4081 1 50 0 1.0
8 111962 442 2654 1 1 0 1.0
8 80562 442 2139 1 50 1 1.0
8 135148 442 3360 1 1 0 1.0
8 137756 443 2917 1 1 0 1.0
8 111256 443 3286 1 1 0 1.0
8 106435 445 3091 1 1 0 1.0
8 92950 448 2700 1 50 1 1.0
8 66061 449 1565 1 1 1 1.0
8 164357 453 3766 1 10 0 1.0
8 60502 455 1444 1 1 0 1.0
8 153824 458 4242 1 1 0 1.0
8 170651 460 4948 1 10 1 1.0
8 84621 461 1889 1 10 1 1.0
8 121291 463 2719 1 10 0 1.0
8 177617 464 4063 1 1 0 1.0
8 148104 464 4040 1 1 1 1.0
8 65545 466 1447 1 1 0 1.0
8 139746 469 3992 1 50 1 1.0
8 112674 469 2479 1 10 1 1.0
8 118780 471 2627 1 1 1 1.0
8 89065 472 2432 1 10 1 1.0
8 108433 475 2179 1 1 0 1.0
8 162362 480 3471 1 1 1 1.0
8 121932 480 3470 1 1 1 1.0
8 123799 482 3638 1 10 0 1.0
8 98019 485 2082 1 1 1 1.0
8 86319 490 1954 1 10 1 1.0
8 153059 492 3479 1 1 0 1.0
8 70829 501 2038 1 1 1 1.0
8 81748 501 2084 1 10 0 1.0
8 123245 503 3528 1 10 0 1.0
8 145715 503 3033 1 1 1 1.0
8 141322 511 4209 1 1 0 1.0
8 140290 512 3004 1 50 1 1.0
8 67961 517 1655 1 1 0 1.0
8 124282 517 3148 1 1 0 1.0
8 166430 522 3683 1 1 1 1.0
8 79555 522 1698 1 1 1 1.0
8 65420 523 1870 1 1 1 1.0
8 100712 529 2344 1 1 0 1.0
8 98052 539 2699 1 1 0 1.0
8 167671 541 4530 1 1 0 1.0
8 83982 546 2247 1 1 0 1.0
8 99622 554 2835 1 10 1 1.0
8 104845 555 2534 1 10 1 1.0
8 125706 560 3182 1 50 1 1.0
8 108803 567 3014 1 1 0 1.0
8 158068 577 3504 1 1 0 1.0
8 133571 578 2998 1 1 1 1.0
8 171860 579 3919 1 1 1 1.0
8 178757 579 4194 1 10 1 1.0
8 105008 590 2719 1 1 1 1.0
8 121493 594 2573 1 1 1 1.0
8 75005 597 1609 1 1 1 1.0
8 167231 598 4599 1 50 1 1.0
8 69091 600 2063 1 1 0 1.0
8 103084 600 3081 1 10 0 1.0
8 158074 604 3685 1 1 0 1.0
8 134033 605 3311 1 1 0 1.0
8 66786 606 1769 1 1 1 1.0
8 61089 608 1254 1 1 0 1.0
8 143880 610 2936 1 10 0 1.0
8 149858 611 3183 1 1 0 1.0
8 111609 612 2827 1 1 1 1.0
8 133903 613 3010 1 1 1 1.0
8 124430 614 2863 1 1 1 1.0
8 108944 616 2281 1 50 1 1.0
8 75953 617 2222 1 1 1 1.0
8 173935 617 3906 1 1 0 1.0
8 82890 617 1996 1 10 0 1.0
8 156469 620 3961 1 1 0 1.0
8 175159 623 5112 1 1 1 1.0
8 89548 623 1799 1 10 0 1.0
8 106888 628 2946 1 1 0 1.0
8 162532 628 3388 1 10 1 1.0
8 161534 629 3794 1 1 0 1.0
8 124460 633 2959 1 1 0 1.0
8 124313 636 3344 1 1 0 1.0
8 63810 644 1827 1 10 1 1.0
8 158690 646 3675 1 10 1 1.0
8 84313 647 2245 1 1 0 1.0
8 62229 648 1316 1 1 1 1.0
8 87037 652 2305 1 1 0 1.0
8 112043 653 2376 1 1 0 1.0
8 157449 655 3538 1 1 0 1.0
8 117948 658 2623 1 50 1 1.0
8 179186 659 4583 1 1 0 1.0
8 179748 659 3825 1 50 0 1.0
8 175950 660 5187 1 10 1 1.0
8 151621 663 3579 1 10 1 1.0
8 106081 663 2890 1 50 0 1.0
8 108243 665 2768 1 1 0 1.0
8 130484 667 2787 1 1 1 1.0
8 86941 668 2326 1 10 1 1.0
8 74508 671 2226 1 1 1 1.0
8 86287 673 1920 1 10 0 1.0
8 175130 673 3752 1 50 1 1.0
8 103415 674 2269 1 10 1 1.0
8 138814 674 2991 1 10 0 1.0
8 153048 675 3666 1 1 0 1.0
8 106035 677 2824 1 10 0 1.0
8 98481 678 2669 1 50 0 1.0
8 149922 682 3325 1 10 0 1.0
8 159757 683 4791 1 10 1 1.0
8 124745 684 3461 1 10 1 1.0
8 126176 685 2992 1 1 0 1.0
8 89807 685 2307 1 10 0 1.0
8 135221 692 3824 1 1 0 1.0
8 123174 697 3597 1 10 0 1.0
8 83671 697 1772 1 10 1 1.0
8 171435 700 3524 1 50 0 1.0
8 156773 710 3731 1 1 0 1.0
8 78106 710 2131 1 1 1 1.0
8 179620 710 4584 1 1 0 1.0
8 102864 715 2931 1 1 1 1.0
8 135329 718 3202 1 1 0 1.0
8 115598 722 2448 1 10 1 1.0
8 178415 722 3652 1 10 1 1.0
8 108474 723 2333 1 10 1 1.0
8 64720 724 1431 1 1 0 1.0
8 138764 727 2851 1 10 0 1.0
8 102104 731 2363 1 1 0 1.0
8 159414 731 3431 1 1 0 1.0
8 131661 732 2925 1 1 0 1.0
8 88198 733 2077 1 1 0 1.0
8 129407 733 3367 1 1 1 1.0
8 77931 734 1795 1 10 0 1.0
8 84615 736 2097 1 50 0 1.0
8 153034 738 4202 1 1 0 1.0
8 103598 739 3012 1 10 1 1.0
8 129351 739 3739 1 10 0 1.0
8 93400 741 2141 1 50 1 1.0
8 108796 744 2187 1 50 1 1.0
8 109638 749 2473 1 1 0 1.0
8 118948 751 2475 1 10 1 1.0
8 136576 756 3526 1 10 0 1.0
8 151734 757 3773 1 1 1 1.0
8 98011 758 2428 1 1 1 1.0
8 90374 766 2289 1 1 1 1.0
8 133428 767 3658 1 1 0 1.0
8 93815 772 2472 1 10 1 1.0
8 157898 772 3394 1 1 1 1.0
8 176096 773 4406 1 50 1 1.0
8 81265 774 1630 1 1 0 1.0
8 75770 775 1516 1 1 1 1.0
8 65216 775 1651 1 10 0 1.0
8 72464 780 1485 1 10 0 1.0
8 160875 782 3713 1 1 1 1.0
8 70258 783 1986 1 1 1 1.0
8 94800 785 2718 1 50 0 1.0
8 103699 786 2485 1 10 1 1.0
8 128848 787 2659 1 1 0 1.0
8 115098 790 2952 1 1 0 1.0
8 109478 791 2553 1 1 1 1.0
8 100934 792 2147 1 1 1 1.0
8 93404 796 2526 1 10 1 1.0
8 170899 796 3459 1 1 1 1.0
8 152023 796 3602 1 1 1 1.0
8 89500 797 2385 1 10 0 1.0
8 65563 799 1658 1 1 1 1.0
8 178854 801 3618 1 1 0 1.0
8 76785 805 2186 1 1 1 1.0
8 109998 807 2577 1 10 1 1.0
8 100037 815 2011 1 1 1 1.0
8 69472 817 1454 1 1 1 1.0
8 83339 820 2396 1 1 0 1.0
8 149053 823 3052 1 1 1 1.0
8 84332 823 1890 1 1 0 1.0
8 159201 825 3337 1 1 1 1.0
8 142183 825 3221 1 10 1 1.0
8 150168 828 3655 1 1 0 1.0
8 124319 829 2648 1 10 1 1.0
8 123054 830 2511 1 10 1 1.0
8 94965 831 1899 1 1 0 1.0
8 102638 831 2512 1 50 1 1.0
8 85426 832 2102 1 1 0 1.0
8 131684 834 2762 1 10 0 1.0
8 92858 835 1905 1 1 0 1.0
8 63198 838 1581 1 1 1 1.0
8 89399 839 2566 1 1 0 1.0
8 64534 841 1444 1 10 1 1.0
8 119256 845 2668 1 1 0 1.0
8 99654 848 2356 1 10 1 1.0
8 133431 848 3522 1 1 1 1.0
8 89484 854 2236 1 10 0 1.0
8 88818 859 2059 1 50 1 1.0
8 168167 859 4832 1 10 0 1.0
8 100043 861 2213 1 10 0 1.0
8 166559 862 4624 1 50 1 1.0
8 83958 862 2223 1 50 1 1.0
8 62102 865 1695 1 1 0 1.0
8 125595 868 3597 1 1 1 1.0
8 107808 869 2718 1 10 0 1.0
8 153614 870 4018 1 10 1 1.0
8 66736 870 1542 1 1 0 1.0
8 161017 873 3553 1 1 0 1.0
8 121515 874 3184 1 1 0 1.0
8 136638 877 2883 1 1 0 1.0
8 83103 880 1723 1 50 0 1.0
8 130476 880 2661 1 1 0 1.0
8 179517 882 3992 1 1 1 1.0
8 113201 884 2608 1 10 1 1.0
8 77242 887 2261 1 10 0 1.0
8 125905 887 2982 1 1 0 1.0
8 121106 895 3489 1 1 0 1.0
8 159225 900 4517 1 10 0 1.0
8 93052 902 2544 1 10 1 1.0
8 105878 904 2758 1 1 1 1.0
8 74165 907 2197 1 1 0 1.0
8 86356 910 1893 1 1 1 1.0
8 124662 913 3182 1 1 1 1.0
8 70498 914 1576 1 1 1 1.0
8 136353 922 3754 1 1 0 1.0
8 100650 923 2997 1 10 1 1.0
8 76132 923 1971 1 1 0 1.0
8 147405 930 3960 1 1 0 1.0
8 90621 932 2064 1 50 1 1.0
8 158011 944 4602 1 1 1 1.0
8 104308 945 2956 1 50 0 1.0
8 105627 948 2792 1 50 1 1.0
8 135937 949 2743 1 1 0 1.0
8 106520 950 2733 1 1 1 1.0
8 91852 952 2698 1 10 1 1.0
8 169877 955 4168 1 50 1 1.0
8 101377 957 2478 1 10 1 1.0
8 96605 958 2325 1 1 0 1.0
8 115271 958 3392 1 1 1 1.0
8 85500 959 1806 1 50 0 1.0
8 142741 960 3389 1 1 1 1.0
8 65335 961 1575 1 1 0 1.0
8 87263 970 2206 1 10 1 1.0
8 68227 970 1615 1 1 0 1.0
8 141678 970 3638 1 1 0 1.0
8 134945 972 3576 1 10 0 1.0
8 113065 976 2362 1 1 0 1.0
8 131664 986 3231 1 1 0 1.0
8 128596 994 2902 1 10 1 1.0
8 155394 997 4593 1 10 0 1.0
8 131417 999 3521 1 1 1 1.0
8 120791 999 3086 1 1 1 1.0
8 132538 1004 2923 1 10 0 1.0
8 156080 1007 4529 1 50 1 1.0
8 176048 1008 3805 1 10 1 1.0
8 75282 1010 1576 1 1 0 1.0
8 103535 1014 2798 1 10 1 1.0
8 170819 1016 4515 1 1 1 1.0
8 175664 1017 5257 1 10 0 1.0
8 150331 1026 4340 1 1 0 1.0
8 170236 1034 4342 1 50 1 1.0
8 173651 1037 5092 1 10 0 1.0
8 90937 1037 1903 1 10 1 1.0
8 157330 1040 3846 1 1 0 1.0
8 159392 1041 4181 1 1 1 1.0
8 158346 1042 3739 1 1 1 1.0
8 163822 1042 4191 1 1 0 1.0
8 160821 1045 3650 1 1 0 1.0
8 176117 1052 4579 1 10 1 1.0
8 167683 1052 4003 1 1 0 1.0
8 116950 1053 3346 1 1 0 1.0
8 86808 1054 2395 1 10 1 1.0
8 164371 1057 3370 1 50 1 1.0
8 145132 1057 3295 1 10 0 1.0
8 152329 1058 3679 1 1 0 1.0
8 107584 1060 2210 1 1 1 1.0
8 92774 1062 2723 1 10 1 1.0
8 175633 1065 4820 1 10 1 1.0
8 159673 1079 3291 1 1 1 1.0
8 169220 1080 4659 1 1 1 1.0
8 103252 1083 2944 1 10 1 1.0
8 72809 1085 1710 1 10 0 1.0
8 163422 1086 4535 1 1 0 1.0
8 115104 1087 3226 1 1 0 1.0
8 64799 1090 1516 1 50 1 1.0
8 81012 1091 1709 1 10 1 1.0
8 64291 1094 1682 1 10 1 1.0
8 81418 1094 1797 1 50 1 1.0
8 89372 1096 1943 1 1 0 1.0
8 145688 1097 4350 1 1 0 1.0
8 129270 1099 3591 1 1 0 1.0
8 83976 1104 2120 1 10 0 1.0
8 116640 1106 2872 1 1 1 1.0
8 173762 1106 4324 1 1 1 1.0
8 69375 1106 1976 1 1 0 1.0
8 109229 1107 3198 1 1 1 1.0
8 179444 1109 3908 1 1 0 1.0
8 124136 1109 2832 1 1 1 1.0
8 151308 1111 4000 1 1 1 1.0
8 143098 1114 3424 1 50 1 1.0
8 163794 1114 4484 1 1 1 1.0
8 128994 1117 2654 1 10 0 1.0
8 151488 1123 3201 1 1 1 1.0
8 152187 1124 3678 1 50 0 1.0
8 164983 1124 4593 1 1 0 1.0
8 177209 1127 5009 1 10 0 1.0
8 89024 1128 2008 1 1 0 1.0
8 154705 1130 3922 1 1 1 1.0
8 110838 1131 2275 1 50 1 1.0
8 91688 1137 2035 1 1 1 1.0
8 82795 1137 1678 1 10 1 1.0
8 68854 1138 1634 1 1 0 1.0
8 88365 1145 2277 1 10 1 1.0
8 170991 1152 3714 1 1 0 1.0
8 100681 1152 2486 1 1 0 1.0
8 64806 1158 1479 1 50 0 1.0
8 83890 1158 2376 1 1 1 1.0
8 87642 1160 1788 1 10 1 1.0
8 138083 1164 3213 1 10 1 1.0
8 99380 1170 2089 1 1 0 1.0
8 81914 1170 2334 1 1 1 1.0
8 115713 1172 3377 1 1 1 1.0
8 101184 1173 2262 1 1 1 1.0
8 172300 1174 3597 1 1 0 1.0
8 160079 1175 3699 1 1 1 1.0
8 60858 1178 1615 1 10 0 1.0
8 142393 1178 3798 1 1 0 1.0
8 134476 1183 2974 1 1 1 1.0
8 144667 1184 3601 1 1 0 1.0
8 65903 1192 1697 1 1 0 1.0
8 172515 1193 3851 1 10 0 1.0
8 92262 1196 2614 1 10 0 1.0
8 152021 1197 4154 1 10 0 1.0
8 86533 1197 2065 1 1 0 1.0
8 135835 1200 3874 1 1 1 1.0
8 149882 1208 3316 1 1 0 1.0
8 90495 1213 2686 1 10 1 1.0
8 90602 1217 1911 1 1 0 1.0
8 179290 1219 4662 1 1 1 1.0
8 174299 1220 3841 1 1 0 1.0
8 138838 1220 3696 1 1 0 1.0
8 172933 1225 5158 1 10 1 1.0
8 69079 1228 1796 1 10 1 1.0
8 131081 1228 3039 1 1 1 1.0
8 99905 1229 2305 1 50 0 1.0
8 64226 1232 1411 1 1 1 1.0
8 101248 1241 2473 1 1 1 1.0
8 178857 1244 5045 1 50 1 1.0
8 167764 1244 3937 1 1 0 1.0
8 114082 1246 2932 1 10 1 1.0
8 169117 1246 3428 1 1 0 1.0
8 105465 1248 2827 1 10 0 1.0
8 134764 1248 3196 1 10 0 1.0
8 133747 1251 3381 1 10 1 1.0
8 70116 1252 1614 1 10 1 1.0
8 87464 1260 2506 1 10 1 1.0
8 63119 1263 1415 1 50 0 1.0
8 64349 1266 1749 1 1 0 1.0
8 145761 1267 3315 1 1 0 1.0
8 156225 1268 4099 1 1 0 1.0
8 60728 1272 1779 1 10 0 1.0
8 161112 1273 4245 1 50 0 1.0
8 131388 1273 3123 1 1 1 1.0
8 99435 1277 2887 1 1 1 1.0
8 102665 1279 2797 1 1 0 1.0
8 63478 1284 1770 1 1 0 1.0
8 125510 1285 3356 1 1 1 1.0
8 63505 1285 1397 1 10 0 1.0
8 174085 1289 4122 1 10 0 1.0
8 160591 1291 3599 1 1 0 1.0
8 130449 1294 3831 1 50 0 1.0
8 83285 1297 2315 1 1 0 1.0
8 89464 1297 2554 1 1 0 1.0
8 155048 1297 3645 1 10 0 1.0
8 150092 1298 3064 1 10 1 1.0
8 132446 1299 3929 1 10 1 1.0
8 137512 1301 3143 1 10 0 1.0
8 141144 1304 2861 1 10 0 1.0
8 163988 1305 3337 1 10 0 1.0
8 103869 1310 2083 1 1 1 1.0
8 112218 1313 3286 1 50 1 1.0
8 124040 1316 3680 1 10 0 1.0
8 112883 1318 3247 1 1 0 1.0
8 170131 1319 3764 1 10 0 1.0
8 114515 1321 3183 1 50 0 1.0
8 113167 1324 3204 1 1 1 1.0
8 163749 1324 4867 1 10 0 1.0
8 107925 1324 3158 1 1 0 1.0
8 98648 1328 2786 1 50 1 1.0
8 75388 1329 1535 1 1 0 1.0
8 124551 1331 2728 1 1 1 1.0
8 133320 1331 3946 1 10 1 1.0
8 148731 1334 4163 1 10 0 1.0
8 141025 1337 3111 1 1 1 1.0
8 135616 1338 3537 1 1 1 1.0
8 78141 1338 2066 1 10 1 1.0
8 83181 1339 2452 1 1 0 1.0
8 159383 1341 4651 1 10 0 1.0
8 152906 1344 3094 1 50 0 1.0
8 135580 1345 3520 1 50 1 1.0
8 178111 1348 4555 1 10 1 1.0
8 142068 1352 3950 1 1 1 1.0
8 101001 1353 2648 1 1 0 1.0
8 61608 1354 1543 1 1 0 1.0
8 116760 1360 3195 1 1 1 1.0
8 82842 1367 2049 1 1 1 1.0
8 135723 1367 3335 1 1 0 1.0
8 113515 1367 2323 1 1 1 1.0
8 84930 1373 2094 1 1 0 1.0
8 101329 1378 2344 1 1 0 1.0
8 119096 1378 2538 1 50 1 1.0
8 121146 1379 3073 1 1 1 1.0
8 132265 1383 3739 1 10 0 1.0
8 122262 1396 3563 1 1 0 1.0
8 118293 1398 2696 1 1 1 1.0
8 87493 1399 1799 1 10 0 1.0
8 115584 1406 3138 1 1 1 1.0
8 108728 1408 2259 1 1 1 1.0
8 72243 1409 1789 1 50 0 1.0
8 108752 1411 2747 1 10 0 1.0
8 142592 1413 3589 1 10 1 1.0
8 119510 1415 3383 1 10 0 1.0
8 157112 1417 3753 1 50 0 1.0
8 173970 1418 3977 1 1 1 1.0
8 65956 1420 1798 1 10 1 1.0
8 140577 1421 2884 1 1 1 1.0
8 109946 1423 2384 1 50 1 1.0
8 106716 1426 2587 1 1 1 1.0
8 179943 1427 5096 1 10 1 1.0
8 143379 1428 3013 1 1 0 1.0
8 138593 1429 3859 1 1 0 1.0
8 140934 1434 4010 1 10 0 1.0
8 158076 1435 3609 1 10 0 1.0
8 159898 1438 3275 1 1 1 1.0
8 61141 1439 1563 1 1 1 1.0
8 95864 1449 2739 1 1 0 1.0
8 99694 1450 2183 1 1 0 1.0
8 127255 1450 2816 1 10 0 1.0
8 179181 1451 3626 1 1 0 1.0
8 172753 1457 3900 1 1 1 1.0
8 161791 1458 4738 1 1 1 1.0
8 66938 1458 1424 1 1 0 1.0
8 88591 1460 2008 1 1 0 1.0
8 176810 1462 3736 1 1 1 1.0
8 179452 1464 3794 1 1 0 1.0
8 167459 1464 4751 1 10 0 1.0
8 126877 1465 3187 1 1 0 1.0
8 73141 1471 1560 1 1 1 1.0
8 141692 1472 3414 1 1 1 1.0
8 115980 1473 2583 1 10 0 1.0
8 148755 1476 3071 1 1 0 1.0
8 146185 1477 4209 1 10 1 1.0
8 170359 1478 4700 1 10 1 1.0
8 64076 1480 1661 1 1 1 1.0
8 168451 1482 3507 1 10 1 1.0
8 106562 1489 3109 1 1 0 1.0
8 112483 1492 2672 1 10 1 1.0
8 61012 1493 1232 1 10 1 1.0
8 100829 1494 3007 1 1 1 1.0
8 131789 1494 3245 1 1 1 1.0
8 135267 1494 3433 1 1 1 1.0
8 117915 1496 2630 1 10 1 1.0
8 151234 1496 4400 1 1 1 1.0
8 85208 1498 1858 1 1 1 1.0
8 62513 1499 1849 1 10 1 1.0
8 145476 1507 3675 1 1 0 1.0
8 156334 1508 3228 1 1 1 1.0
8 147978 1511 3231 1 10 1 1.0
8 61957 1514 1741 1 1 0 1.0
8 79335 1514 2177 1 10 0 1.0
8 166961 1515 4045 1 10 1 1.0
8 70361 1519 2084 1 10 1 1.0
8 64035 1519 1596 1 10 0 1.0
8 77859 1521 1755 1 1 1 1.0
8 170400 1522 5011 1 10 0 1.0
8 97978 1522 2284 1 1 0 1.0
8 139285 1522 3541 1 1 1 1.0
8 75040 1524 2081 1 1 0 1.0
8 65822 1525 1482 1 1 0 1.0
8 134730 1527 2757 1 1 1 1.0
8 69554 1529 1468 1 50 0 1.0
8 129338 1529 3114 1 50 0 1.0
8 155302 1531 4132 1 10 1 1.0
8 170795 1533 4439 1 1 1 1.0
8 119078 1538 2744 1 1 1 1.0
8 88076 1541 2203 1 10 1 1.0
8 88873 1546 2134 1 1 0 1.0
8 168900 1552 4680 1 10 1 1.0
8 144376 1555 2902 1 10 0 1.0
8 151498 1557 4301 1 1 1 1.0
8 152395 1558 3429 1 50 1 1.0
8 127463 1558 3212 1 10 0 1.0
8 162795 1561 4161 1 1 1 1.0
8 147723 1568 3934 1 1 1 1.0
8 84464 1573 2150 1 1 0 1.0
8 144239 1576 3245 1 1 1 1.0
8 83054 1579 2344 1 10 1 1.0
8 74850 1581 2059 1 1 0 1.0
8 110790 1581 2871 1 1 1 1.0
8 108106 1582 2909 1 1 1 1.0
8 142798 1585 3206 1 1 1 1.0
8 143680 1586 3588 1 10 1 1.0
8 150896 1588 3209 1 10 1 1.0
8 104957 1591 2103 1 1 0 1.0
8 159414 1596 4227 1 10 0 1.0
8 134863 1598 3409 1 10 1 1.0
8 108092 1598 2901 1 1 0 1.0
8 148410 1601 3759 1 1 1 1.0
8 93226 1603 2452 1 1 1 1.0
8 122948 1605 2495 1 1 0 1.0
8 84705 1610 1898 1 1 0 1.0
8 78136 1612 1692 1 1 0 1.0
8 166745 1620 4312 1 10 0 1.0
8 179321 1621 4588 1 1 0 1.0
8 179533 1623 3779 1 1 1 1.0
8 64561 1625 1860 1 1 0 1.0
8 153003 1626 4115 1 1 1 1.0
8 127684 1629 3372 1 10 1 1.0
8 121239 1631 3166 1 1 1 1.0
8 139984 1633 3292 1 1 1 1.0
8 173833 1633 4759 1 1 0 1.0
8 68551 1635 1561 1 1 1 1.0
8 66193 1636 1337 1 1 0 1.0
8 60860 1637 1663 1 1 1 1.0
8 81752 1637 1709 1 1 0 1.0
8 176907 1637 5187 1 1 0 1.0
8 144663 1638 3143 1 1 1 1.0
8 162834 1640 4375 1 10 1 1.0
8 144043 1644 4067 1 10 0 1.0
8 154075 1646 4433 1 10 1 1.0
8 79767 1647 1920 1 1 0 1.0
8 131847 1649 3032 1 1 0 1.0
8 92190 1650 2469 1 1 1 1.0
8 177871 1655 4878 1 1 1 1.0
8 104366 1656 2858 1 1 1 1.0
8 142346 1657 4094 1 1 0 1.0
8 111415 1658 3011 1 50 0 1.0
8 169349 1667 4252 1 1 1 1.0
8 118576 1668 3340 1 1 0 1.0
8 119452 1670 2868 1 1 0 1.0
8 123482 1671 2757 1 1 0 1.0
8 178193 1672 4155 1 50 0 1.0
8 90243 1674 1888 1 1 1 1.0
8 177627 1675 4122 1 1 0 1.0
8 154559 1677 4289 1 1 0 1.0
8 118129 1677 2927 1 10 1 1.0
8 70468 1677 1662 1 10 0 1.0
8 153405 1679 4561 1 1 1 1.0
8 117910 1680 2895 1 1 0 1.0
8 147666 1685 3271 1 50 0 1.0
8 96518 1685 2647 1 10 0 1.0
8 167155 1685 3780 1 50 1 1.0
8 124048 1687 3087 1 1 0 1.0
8 122111 1689 3146 1 1 0 1.0
8 83320 1692 2144 1 10 1 1.0
8 150351 1693 4357 1 1 0 1.0
8 153742 1693 4325 1 1 1 1.0
8 149517 1694 3028 1 1 0 1.0
8 94560 1699 2543 1 10 0 1.0
8 146286 1705 3018 1 1 1 1.0
8 152159 1709 4064 1 1 0 1.0
8 165688 1710 3819 1 1 0 1.0
8 173064 1712 4101 1 10 0 1.0
8 92059 1713 2188 1 10 1 1.0
8 87145 1715 2316 1 50 1 1.0
8 161119 1715 3733 1 1 1 1.0
8 144162 1719 3802 1 10 1 1.0
8 104842 1724 2212 1 10 0 1.0
8 87838 1728 2098 1 1 1 1.0
8 136044 1730 3235 1 1 0 1.0
8 117318 1733 2479 1 1 0 1.0
8 81054 1737 1698 1 1 0 1.0
8 73648 1737 2059 1 1 0 1.0
8 146212 1738 4382 1 1 1 1.0
8 131048 1743 3655 1 1 0 1.0
8 60913 1743 1678 1 1 1 1.0
8 127009 1745 2684 1 1 1 1.0
8 70034 1747 1714 1 1 1 1.0
8 103440 1747 2385 1 1 0 1.0
8 77542 1749 2292 1 10 1 1.0
8 178915 1750 3899 1 1 0 1.0
8 167809 1750 4993 1 1 0 1.0
8 140430 1754 3020 1 1 0 1.0
8 84719 1755 2219 1 1 0 1.0
8 63908 1756 1719 1 1 1 1.0
8 173778 1760 4218 1 10 0 1.0
8 63789 1762 1707 1 1 0 1.0
8 149886 1763 4298 1 1 1 1.0
8 99543 1764 2452 1 10 1 1.0
8 96218 1766 2610 1 1 1 1.0
8 73293 1773 1562 1 50 1 1.0
8 160991 1774 3335 1 10 1 1.0
8 91549 1777 1975 1 10 1 1.0
8 143117 1781 2990 1 10 0 1.0
8 95076 1785 2443 1 10 1 1.0
8 151577 1787 3242 1 50 0 1.0
8 75213 1789 2005 1 1 0 1.0
8 112503 1790 2630 1 1 1 1.0
8 94114 1792 2056 1 10 0 1.0
8 88684 1793 1877 1 1 1 1.0
8 148765 1794 3414 1 10 1 1.0
8 159168 1796 3391 1 10 0 1.0
8 157506 1796 3352 1 1 1 1.0
8 128767 1796 3556 1 10 0 1.0
8 175046 1802 4051 1 1 1 1.0
8 129884 1805 3607 1 10 0 1.0
8 164836 1808 4529 1 1 1 1.0
8 155285 1809 3938 1 50 1 1.0
8 87122 1810 2560 1 1 0 1.0
8 126046 1812 3566 1 10 0 1.0
8 143013 1813 3658 1 10 1 1.0
8 173555 1819 4026 1 1 0 1.0
8 123751 1820 3700 1 1 0 1.0
8 115293 1821 3285 1 1 1 1.0
8 76131 1823 1970 1 10 0 1.0
8 82700 1825 2141 1 1 1 1.0
8 138934 1828 3789 1 50 1 1.0
8 72643 1831 1903 1 1 0 1.0
8 101845 1834 3052 1 1 0 1.0
8 101560 1835 2861 1 50 0 1.0
8 126841 1836 3017 1 10 0 1.0
8 61236 1836 1529 1 1 0 1.0
8 170874 1839 4978 1 1 1 1.0
8 87520 1839 1944 1 1 0 1.0
8 125212 1842 3716 1 1 0 1.0
8 66509 1843 1992 1 1 1 1.0
8 179683 1846 5314 1 1 1 1.0
8 112642 1847 2925 1 10 1 1.0
8 118130 1849 2461 1 1 0 1.0
8 92288 1851 2260 1 10 0 1.0
8 133089 1852 2746 1 1 0 1.0
8 172774 1858 3752 1 1 1 1.0
8 177909 1862 4013 1 10 0 1.0
8 72595 1866 1523 1 1 0 1.0
8 139715 1871 3907 1 10 1 1.0
8 159247 1874 3976 1 1 0 1.0
8 168484 1875 4770 1 1 1 1.0
8 114254 1876 3103 1 1 1 1.0
8 68899 1878 2030 1 10 1 1.0
8 149784 1880 3674 1 1 0 1.0
8 75480 1880 1961 1 1 0 1.0
8 97003 1880 1976 1 1 1 1.0
8 81704 1882 2372 1 50 1 1.0
8 102242 1884 2478 1 1 0 1.0
8 63062 1889 1418 1 10 0 1.0
8 104246 1891 2127 1 10 0 1.0
8 121514 1904 2548 1 1 1 1.0
8 179924 1907 5123 1 50 0 1.0
8 145516 1907 4159 1 1 0 1.0
8 155593 1911 3999 1 10 0 1.0
8 111984 1912 2531 1 1 1 1.0
8 112020 1917 3231 1 1 0 1.0
8 149181 1917 3540 1 50 1 1.0
8 106523 1918 2536 1 1 0 1.0
8 118966 1919 3158 1 1 0 1.0
8 115610 1920 2541 1 10 0 1.0
8 146558 1921 3557 1 10 1 1.0
8 65819 1928 1666 1 1 0 1.0
8 111251 1930 2319 1 1 1 1.0
8 69079 1936 1609 1 50 1 1.0
8 137374 1937 3788 1 10 0 1.0
8 148298 1937 3099 1 1 0 1.0
8 74618 1940 1521 1 10 0 1.0
8 128457 1944 2710 1 10 1 1.0
8 144849 1946 4246 1 10 1 1.0
8 94998 1946 2019 1 10 1 1.0
8 92320 1950 2512 1 50 1 1.0
8 146979 1950 2963 1 1 0 1.0
8 93766 1951 1983 1 1 1 1.0
8 129758 1954 3451 1 1 0 1.0
8 97857 1955 2575 1 1 0 1.0
8 70819 1956 1862 1 10 1 1.0
8 176732 1958 3766 1 1 1 1.0
8 173716 1959 4434 1 1 1 1.0
8 68202 1962 1377 1 10 1 1.0
8 124982 1962 3017 1 1 0 1.0
8 141214 1964 3936 1 1 1 1.0
8 63216 1964 1848 1 1 1 1.0
8 89314 1966 2499 1 1 0 1.0
8 165588 1966 4000 1 1 0 1.0
8 94347 1973 2255 1 1 1 1.0
8 178365 1973 4924 1 1 1 1.0
8 140918 1980 3774 1 10 0 1.0
8 95658 1983 1942 1 10 1 1.0
8 177109 1984 4504 1 1 1 1.0
8 69050 1987 1410 1 10 1 1.0
8 123008 1988 3055 1 1 0 1.0
8 131704 1991 3087 1 50 1 1.0
8 133116 1992 3653 1 1 1 1.0
8 84381 1993 2388 1 10 1 1.0
8 96205 1994 2362 1 10 0 1.0
8 109274 1995 2642 1 1 1 1.0
8 128432 2000 2933 1 1 1 1.0
8 68845 2002 1921 1 10 1 1.0
8 106829 2002 2155 1 1 1 1.0
8 130407 2006 3103 1 50 1 1.0
8 116672 2011 2573 1 1 1 1.0
8 79399 2015 1847 1 1 0 1.0
8 157852 2015 4674 1 1 0 1.0
8 175514 2017 4605 1 50 0 1.0
8 61970 2022 1776 1 1 1 1.0
8 149414 2024 2990 1 50 1 1.0
8 75690 2025 2118 1 1 0 1.0
8 122585 2026 3430 1 1 0 1.0
8 86212 2029 2390 1 1 1 1.0
8 152325 2029 4070 1 1 0 1.0
8 107985 2032 2333 1 1 1 1.0
8 62512 2034 1349 1 10 1 1.0
8 100750 2040 2403 1 1 1 1.0
8 60423 2043 1603 1 50 0 1.0
8 72921 2044 2048 1 1 0 1.0
8 118532 2044 3015 1 1 1 1.0
8 173875 2046 4652 1 1 0 1.0
8 159659 2046 4587 1 1 0 1.0
8 95080 2049 2078 1 50 1 1.0
8 132269 2050 3478 1 10 0 1.0
8 62492 2051 1371 1 1 1 1.0
8 85842 2051 2041 1 1 0 1.0
8 169764 2053 4753 1 1 1 1.0
8 78402 2054 1568 1 1 1 1.0
8 92162 2055 2097 1 10 0 1.0
8 78214 2061 1819 1 10 0 1.0
8 69299 2064 1978 1 50 0 1.0
8 127145 2064 3572 1 50 0 1.0
8 124659 2066 2530 1 10 1 1.0
8 64616 2068 1854 1 10 1 1.0
8 103632 2070 2539 1 10 1 1.0
8 126381 2074 3496 1 1 1 1.0
8 150247 2077 3392 1 1 0 1.0
8 126565 2079 3212 1 1 0 1.0
8 88868 2079 2357 1 50 1 1.0
8 123092 2083 3218 1 1 0 1.0
8 66247 2084 1831 1 50 0 1.0
8 82312 2084 1906 1 1 0 1.0
8 110578 2084 2331 1 10 0 1.0
8 70069 2084 1995 1 50 1 1.0
8 159967 2085 3882 1 1 1 1.0
8 140193 2086 3953 1 1 1 1.0
8 67956 2088 1609 1 1 1 1.0
8 78471 2094 1810 1 1 0 1.0
8 97916 2096 2340 1 1 0 1.0
8 134037 2097 3860 1 1 0 1.0
8 173567 2106 4187 1 1 0 1.0
8 123201 2107 2762 1 10 1 1.0
8 91994 2107 2637 1 10 0 1.0
8 116508 2108 3429 1 1 0 1.0
8 72798 2109 1624 1 10 1 1.0
8 136461 2110 3145 1 1 1 1.0
8 69764 2111 1771 1 1 0 1.0
8 166464 2112 4323 1 10 1 1.0
8 121275 2121 3115 1 1 1 1.0
8 85989 2121 2410 1 10 0 1.0
8 97001 2121 2430 1 10 1 1.0
8 97114 2123 2773 1 10 1 1.0
8 167473 2130 4015 1 10 1 1.0
8 85084 2134 1992 1 1 0 1.0
8 89205 2135 2514 1 1 0 1.0
8 165663 2137 3959 1 1 0 1.0
8 116597 2142 3224 1 10 1 1.0
8 89291 2143 2468 1 1 1 1.0
8 158331 2150 4549 1 1 0 1.0
8 98184 2151 2941 1 1 1 1.0
8 88658 2153 2043 1 1 0 1.0
8 176468 2160 3707 1 10 0 1.0
8 69048 2164 1687 1 1 0 1.0
8 157197 2170 3618 1 1 0 1.0
8 121163 2171 3448 1 1 0 1.0
8 78026 2173 2197 1 50 0 1.0
8 148114 2173 3914 1 1 0 1.0
8 121987 2180 2885 1 50 0 1.0
8 134225 2183 3574 1 10 1 1.0
8 179126 2189 4397 1 10 1 1.0
8 107796 2189 2822 1 10 0 1.0
8 73562 2191 1862 1 1 0 1.0
8 179540 2192 4861 1 10 0 1.0
8 165432 2193 3764 1 10 0 1.0
8 80385 2195 2362 1 50 0 1.0
8 103850 2197 2222 1 10 1 1.0
8 143572 2199 3238 1 1 0 1.0
8 148704 2199 4319 1 1 1 1.0
8 142558 2210 3492 1 1 0 1.0
8 93022 2210 2057 1 1 0 1.0
8 121917 2212 3511 1 10 1 1.0
8 62555 2213 1591 1 50 0 1.0
8 151948 2215 3098 1 1 1 1.0
8 126393 2215 2685 1 1 0 1.0
8 113638 2216 2810 1 1 1 1.0
8 98609 2217 2166 1 10 0 1.0
8 82945 2225 2051 1 10 0 1.0
8 166264 2227 4553 1 1 0 1.0
8 91811 2231 2203 1 1 1 1.0
8 159694 2232 3252 1 1 0 1.0
8 102788 2235 2423 1 1 0 1.0
8 106526 2236 2282 1 1 0 1.0
8 114514 2238 2772 1 1 0 1.0
8 66344 2243 1668 1 1 1 1.0
8 130083 2245 2727 1 10 0 1.0
8 140125 2247 3729 1 1 0 1.0
8 122257 2248 3567 1 50 0 1.0
8 114649 2249 2672 1 1 1 1.0
8 110993 2255 2889 1 1 0 1.0
8 85349 2259 2455 1 1 0 1.0
8 147913 2259 4198 1 10 0 1.0
8 162326 2260 3383 1 1 1 1.0
8 140520 2267 3337 1 10 1 1.0
8 153886 2273 3273 1 10 1 1.0
8 133079 2273 3890 1 10 1 1.0
8 168606 2276 3808 1 10 1 1.0
8 117137 2276 2630 1 1 1 1.0
8 134003 2280 3033 1 1 0 1.0
8 65262 2280 1418 1 1 1 1.0
8 88890 2280 2555 1 10 1 1.0
8 109519 2281 2296 1 1 0 1.0
8 126232 2282 2986 1 10 0 1.0
8 104103 2283 2743 1 1 0 1.0
8 120839 2284 3260 1 10 0 1.0
8 98865 2287 2332 1 1 0 1.0
8 137363 2288 3910 1 1 0 1.0
8 108568 2288 3045 1 1 0 1.0
8 108369 2289 2676 1 1 1 1.0
8 150669 2290 4288 1 10 0 1.0
8 100787 2292 2220 1 1 0 1.0
8 178991 2295 4005 1 10 0 1.0
8 60493 2298 1767 1 50 1 1.0
8 165661 2302 4588 1 10 0 1.0
8 130803 2303 2762 1 10 1 1.0
8 169537 2304 3903 1 10 1 1.0
8 167934 2306 4059 1 50 1 1.0
8 169654 2308 3834 1 1 1 1.0
8 67250 2308 1696 1 1 0 1.0
8 138898 2310 3780 1 50 1 1.0
8 61722 2311 1752 1 1 1 1.0
8 153380 2312 4096 1 10 0 1.0
8 85944 2317 2484 1 1 1 1.0
8 149134 2320 3730 1 1 1 1.0
8 167856 2323 3391 1 10 1 1.0
8 163895 2323 3689 1 1 1 1.0
8 69238 2324 1997 1 1 1 1.0
8 156156 2325 3326 1 10 1 1.0
8 82595 2326 2100 1 1 1 1.0
8 147836 2327 4342 1 1 0 1.0
8 106084 2329 2375 1 1 1 1.0
8 172562 2345 4759 1 10 1 1.0
8 71689 2345 1908 1 1 1 1.0
8 115961 2354 2774 1 1 0 1.0
8 138479 2354 3106 1 1 0 1.0
8 140974 2369 3186 1 1 1 1.0
8 92339 2371 2544 1 50 1 1.0
8 157490 2373 3608 1 1 0 1.0
8 162401 2374 3851 1 1 0 1.0
8 120579 2377 3169 1 10 0 1.0
8 118919 2383 2666 1 1 0 1.0
8 154618 2384 3728 1 1 1 1.0
8 126579 2386 3078 1 1 0 1.0
8 77916 2387 2206 1 10 1 1.0
8 73450 2388 1745 1 1 1 1.0
8 104012 2393 2317 1 10 1 1.0
8 102011 2394 2331 1 1 0 1.0
8 68201 2395 1921 1 10 0 1.0
8 136579 2400 4042 1 1 0 1.0
8 153603 2403 3359 1 10 1 1.0
8 61454 2404 1374 1 10 0 1.0
8 69638 2405 1507 1 10 1 1.0
8 158050 2406 3238 1 1 0 1.0
8 125933 2406 3384 1 1 0 1.0
8 152375 2409 3956 1 10 1 1.0
8 119354 2409 2992 1 1 0 1.0
8 81217 2409 1844 1 10 0 1.0
8 135939 2421 3787 1 10 0 1.0
8 164648 2422 4240 1 1 0 1.0
8 137610 2426 3675 1 1 0 1.0
8 143189 2429 3443 1 10 1 1.0
8 75999 2430 2004 1 1 1 1.0
8 113606 2430 2412 1 10 0 1.0
8 174851 2432 3661 1 10 0 1.0
8 82734 2432 2261 1 1 0 1.0
8 68735 2442 1904 1 10 1 1.0
8 156297 2443 4035 1 50 1 1.0
8 154047 2450 3240 1 10 0 1.0
8 159469 2453 3549 1 50 0 1.0
8 117882 2454 2768 1 10 1 1.0
8 67437 2458 1570 1 1 0 1.0
8 146926 2460 3855 1 10 0 1.0
8 117332 2461 2693 1 1 0 1.0
8 108829 2462 2716 1 1 1 1.0
8 75352 2462 2015 1 1 1 1.0
8 176888 2464 4253 1 1 1 1.0
8 158889 2464 4023 1 10 0 1.0
8 103110 2465 2253 1 50 0 1.0
8 65483 2467 1314 1 1 1 1.0
8 158640 2469 4589 1 50 0 1.0
8 104376 2470 2731 1 1 0 1.0
8 83151 2471 1872 1 1 0 1.0
8 129222 2471 2858 1 10 0 1.0
8 77814 2473 1590 1 1 0 1.0
8 101139 2475 2825 1 1 0 1.0
8 147176 2477 3058 1 1 1 1.0
8 157338 2481 4105 1 1 1 1.0
8 178800 2484 3772 1 1 0 1.0
8 78221 2486 2063 1 1 1 1.0
8 106655 2487 2681 1 10 1 1.0
8 164949 2488 4020 1 10 1 1.0
8 167572 2488 3764 1 1 0 1.0
8 108684 2491 3030 1 10 0 1.0
8 117530 2500 2547 1 50 0 1.0
8 166243 2502 3759 1 1 1 1.0
8 127277 2502 3264 1 1 0 1.0
8 172080 2505 4967 1 1 0 1.0
8 107592 2507 2467 1 1 0 1.0
8 78587 2507 1629 1 10 1 1.0
8 86472 2510 1895 1 1 1 1.0
8 169435 2513 4382 1 10 1 1.0
8 159594 2515 3361 1 10 1 1.0
8 169808 2516 3901 1 1 0 1.0
8 133764 2521 3419 1 1 1 1.0
8 96197 2526 2652 1 1 0 1.0
8 68574 2526 1726 1 1 1 1.0
8 88620 2527 2245 1 1 0 1.0
8 70963 2533 1586 1 50 0 1.0
8 73522 2535 1948 1 10 1 1.0
8 99412 2538 2108 1 1 0 1.0
8 146447 2540 3851 1 10 0 1.0
8 76872 2541 2077 1 1 0 1.0
8 75389 2541 2219 1 10 0 1.0
8 150907 2542 3192 1 1 1 1.0
8 174156 2544 3965 1 1 1 1.0
8 117543 2546 3251 1 10 1 1.0
8 62072 2547 1359 1 1 1 1.0
8 179498 2549 3689 1 1 1 1.0
8 93318 2552 2430 1 10 0 1.0
8 139279 2554 3214 1 1 0 1.0
8 109942 2556 2701 1 1 1 1.0
8 112799 2559 2299 1 1 1 1.0
8 90081 2560 2701 1 1 0 1.0
8 97038 2562 2053 1 1 1 1.0
8 179970 2563 3839 1 1 0 1.0
8 92631 2566 2426 1 10 1 1.0
8 133422 2567 3743 1 1 1 1.0
8 89914 2570 2033 1 1 0 1.0
8 128628 2572 3844 1 1 0 1.0
8 150118 2572 4405 1 1 1 1.0
8 91873 2575 2731 1 1 0 1.0
8 75338 2576 1930 1 10 1 1.0
8 68031 2583 1938 1 1 1 1.0
8 101534 2586 2618 1 10 0 1.0
8 79606 2588 1752 1 10 1 1.0
8 120626 2589 3417 1 1 0 1.0
8 80243 2590 2071 1 10 0 1.0
8 86813 2591 2544 1 1 0 1.0
8 68140 2591 1551 1 1 1 1.0
8 162596 2592 4777 1 10 1 1.0
8 175283 2599 4343 1 1 0 1.0
8 144879 2600 2941 1 1 0 1.0
8 149995 2605 3999 1 10 1 1.0
8 109997 2607 2439 1 10 1 1.0
8 176354 2609 4255 1 50 1 1.0
8 84649 2618 1869 1 1 1 1.0
8 124225 2618 3526 1 10 0 1.0
8 111325 2622 3192 1 1 0 1.0
8 89781 2628 1937 1 1 1 1.0
8 141027 2632 3768 1 10 1 1.0
8 153205 2633 3626 1 1 1 1.0
8 135861 2636 3147 1 10 0 1.0
8 130635 2641 2969 1 50 0 1.0
8 140639 2643 4195 1 50 0 1.0
8 171093 2647 4023 1 10 1 1.0
8 167559 2648 3467 1 1 0 1.0
8 81759 2650 1861 1 10 0 1.0
8 153536 2653 3968 1 1 0 1.0
8 158466 2655 3521 1 1 0 1.0
8 152877 2656 4138 1 10 0 1.0
8 88743 2657 1856 1 10 0 1.0
8 149919 2660 4392 1 1 0 1.0
8 107800 2660 2426 1 1 1 1.0
8 153678 2661 3144 1 10 0 1.0
8 147789 2661 3064 1 1 1 1.0
8 162444 2662 4777 1 50 1 1.0
8 69402 2662 2015 1 1 0 1.0
8 167433 2664 4156 1 10 1 1.0
8 103126 2665 2284 1 1 0 1.0
8 155529 2671 4347 1 1 1 1.0
8 162644 2676 3622 1 10 0 1.0
8 87195 2677 2452 1 1 1 1.0
8 128508 2680 3252 1 1 1 1.0
8 125351 2680 3732 1 1 0 1.0
8 157434 2681 3687 1 1 0 1.0
8 123050 2681 3559 1 1 0 1.0
8 139311 2682 2990 1 1 1 1.0
8 177158 2684 4621 1 1 0 1.0
8 138778 2685 2901 1 50 1 1.0
8 138324 2687 3102 1 1 0 1.0
8 110267 2692 2706 1 1 1 1.0
8 120487 2692 2980 1 1 0 1.0
8 86824 2694 2505 1 1 1 1.0
8 153355 2697 3743 1 1 1 1.0
8 146613 2697 3939 1 1 0 1.0
8 126245 2699 2538 1 50 1 1.0
8 98940 2704 2319 1 10 1 1.0
8 133279 2704 2789 1 1 1 1.0
8 164400 2705 3538 1 1 0 1.0
8 171865 2707 4830 1 1 1 1.0
8 76456 2711 1539 1 50 0 1.0
8 141760 2712 3585 1 10 0 1.0
8 63734 2714 1887 1 10 0 1.0
8 138207 2716 3242 1 1 0 1.0
8 124850 2718 3680 1 1 0 1.0
8 138623 2719 3942 1 1 1 1.0
8 149066 2721 4434 1 1 1 1.0
8 113638 2721 2935 1 50 0 1.0
8 77346 2729 1549 1 10 0 1.0
8 100475 2739 2798 1 50 1 1.0
8 66602 2739 1647 1 1 0 1.0
8 159649 2744 4295 1 10 0 1.0
8 132113 2747 2734 1 10 1 1.0
8 179098 2751 3908 1 1 1 1.0
8 125715 2754 3359 1 10 0 1.0
8 88118 2757 2604 1 1 1 1.0
8 161112 2757 3906 1 1 1 1.0
8 114403 2761 2613 1 10 1 1.0
8 81828 2762 1771 1 50 1 1.0
8 169387 2763 4238 1 10 1 1.0
8 166016 2764 4261 1 1 0 1.0
8 80039 2771 1948 1 1 1 1.0
8 114387 2775 2862 1 1 1 1.0
8 119879 2777 3134 1 50 1 1.0
8 123902 2777 3611 1 1 1 1.0
8 128786 2779 2954 1 1 0 1.0
8 143204 2779 2869 1 1 0 1.0
8 138197 2783 3584 1 10 1 1.0
8 127728 2791 3694 1 10 0 1.0
8 83900 2792 2049 1 1 1 1.0
8 138526 2793 3256 1 1 1 1.0
8 91277 2794 2605 1 10 1 1.0
8 136357 2797 2791 1 1 0 1.0
8 75626 2803 1740 1 1 0 1.0
8 64882 2803 1873 1 1 1 1.0
8 81136 2808 1831 1 10 0 1.0
8 158015 2812 3349 1 1 1 1.0
8 154235 2813 4102 1 50 0 1.0
8 108657 2815 2579 1 10 1 1.0
8 71164 2820 1604 1 10 1 1.0
8 99554 2821 2958 1 1 1 1.0
8 160005 2822 4726 1 1 1 1.0
8 73697 2822 2195 1 1 1 1.0
8 92435 2828 2743 1 1 1 1.0
8 150004 2831 3395 1 10 1 1.0
8 79965 2832 1737 1 10 1 1.0
8 155344 2835 3193 1 1 1 1.0
8 179891 2836 3608 1 50 1 1.0
8 162076 2836 3692 1 1 0 1.0
8 178112 2847 4332 1 50 1 1.0
8 71709 2851 2008 1 1 1 1.0
8 96172 2851 2366 1 10 0 1.0
8 118513 2853 2781 1 1 0 1.0
8 120087 2856 2953 1 10 0 1.0
8 97482 2856 2188 1 1 0 1.0
8 126082 2858 3446 1 1 0 1.0
8 109497 2860 3004 1 10 1 1.0
8 123310 2862 3263 1 1 1 1.0
8 153397 2866 4033 1 1 0 1.0
8 162376 2867 3745 1 1 1 1.0
8 136986 2867 3361 1 1 1 1.0
8 86571 2867 2417 1 10 0 1.0
8 113196 2868 2513 1 1 0 1.0
8 85806 2871 2104 1 1 0 1.0
8 83665 2874 2506 1 10 1 1.0
8 140700 2880 3617 1 10 0 1.0
8 164219 2884 3937 1 10 1 1.0
8 150362 2887 3333 1 1 0 1.0
8 172996 2888 5082 1 1 1 1.0
8 84425 2889 2249 1 1 0 1.0
8 150970 2890 3761 1 1 0 1.0
8 88916 2894 2392 1 1 0 1.0
8 137419 2899 2894 1 10 0 1.0
8 99949 2907 2707 1 10 1 1.0
8 123709 2908 3592 1 1 0 1.0
8 100762 2909 2161 1 1 1 1.0
8 80153 2915 1908 1 1 1 1.0
8 77468 2919 2300 1 1 1 1.0
8 167227 2919 4681 1 1 1 1.0
8 130490 2919 3266 1 1 1 1.0
8 63661 2926 1711 1 10 1 1.0
8 166093 2927 4200 1 1 0 1.0
8 73221 2934 2126 1 10 0 1.0
8 99923 2937 2455 1 1 0 1.0
8 79907 2938 2279 1 50 1 1.0
8 112993 2941 2948 1 1 0 1.0
8 129295 2941 3393 1 10 1 1.0
8 68329 2944 1736 1 1 0 1.0
8 160965 2945 4827 1 10 1 1.0
8 76701 2951 1947 1 1 0 1.0
8 117103 2953 3298 1 1 0 1.0
8 161279 2955 4808 1 1 0 1.0
8 97570 2956 1958 1 1 1 1.0
8 95344 2959 2140 1 10 1 1.0
8 166188 2966 3461 1 10 1 1.0
8 80828 2966 1663 1 10 1 1.0
8 121701 2968 3592 1 1 0 1.0
8 152649 2972 3775 1 10 0 1.0
8 82965 2972 1923 1 1 1 1.0
8 81571 2973 1640 1 10 1 1.0
8 170614 2974 4903 1 10 1 1.0
8 177745 2976 3942 1 1 1 1.0
8 70940 2977 1760 1 1 0 1.0
8 178572 2979 5248 1 50 1 1.0
8 134866 2987 2938 1 1 0 1.0
8 167789 2991 3385 1 1 0 1.0
8 134330 2993 2887 1 1 0 1.0
8 169217 2997 3813 1 1 0 1.0
8 145313 2998 3510 1 1 1 1.0
8 142394 2999 3829 1 10 0 1.0
8 61632 3001 1310 1 10 1 1.0
8 155202 3002 4521 1 10 1 1.0
8 139142 3006 3472 1 1 0 1.0
8 85014 3007 1922 1 10 1 1.0
8 166998 3007 4926 1 1 1 1.0
8 110200 3012 2286 1 1 0 1.0
8 67291 3013 1735 1 10 1 1.0
8 87578 3015 2130 1 10 0 1.0
8 60565 3016 1790 1 10 0 1.0
8 148702 3021 3587 1 10 1 1.0
8 150564 3025 3296 1 10 1 1.0
8 129259 3025 3488 1 1 1 1.0
8 87784 3027 1904 1 50 0 1.0
8 111353 3033 3173 1 1 0 1.0
8 109451 3035 2884 1 1 1 1.0
8 179089 3038 4724 1 1 0 1.0
8 179898 3038 3966 1 10 1 1.0
8 116906 3041 3283 1 10 1 1.0
8 148107 3042 3612 1 1 1 1.0
8 123597 3045 3158 1 50 1 1.0
8 69086 3046 1782 1 1 0 1.0
8 110411 3048 2412 1 50 0 1.0
8 131755 3051 2963 1 1 0 1.0
8 171423 3053 4389 1 50 0 1.0
8 88771 3055 1823 1 1 1 1.0
8 161406 3055 4277 1 1 1 1.0
8 101112 3057 2543 1 1 0 1.0
8 160366 3057 4085 1 10 0 1.0
8 130130 3059 3801 1 10 0 1.0
8 160402 3061 4091 1 10 1 1.0
8 114335 3064 2574 1 10 1 1.0
8 139058 3068 3479 1 10 0 1.0
8 114197 3070 3355 1 1 0 1.0
8 104780 3074 2690 1 1 1 1.0
8 69752 3074 1657 1 1 1 1.0
8 119626 3076 3137 1 50 1 1.0
8 68731 3092 1830 1 1 0 1.0
8 136354 3093 2846 1 1 0 1.0
8 157694 3097 3197 1 1 1 1.0
8 86112 3098 1917 1 1 0 1.0
8 104702 3099 2407 1 1 0 1.0
8 162480 3100 3370 1 50 1 1.0
8 170752 3100 4895 1 1 0 1.0
8 147364 3100 3006 1 50 1 1.0
8 165208 3102 4246 1 10 0 1.0
8 148735 3102 3134 1 10 1 1.0
8 178083 3104 4452 1 10 0 1.0
8 61394 3105 1306 1 10 1 1.0
8 114679 3109 2571 1 1 0 1.0
8 109297 3110 2786 1 10 0 1.0
8 65992 3118 1633 1 1 1 1.0
8 120405 3122 2801 1 1 0 1.0
8 150337 3126 4010 1 1 1 1.0
8 76406 3127 2133 1 10 0 1.0
8 89494 3129 2634 1 1 1 1.0
8 174919 3129 4271 1 1 0 1.0
8 129418 3130 2957 1 10 1 1.0
8 91935 3133 1839 1 10 1 1.0
8 124882 3143 3421 1 10 1 1.0
8 124512 3143 2587 1 1 0 1.0
8 178256 3144 3851 1 1 0 1.0
8 70406 3146 1995 1 1 0 1.0
8 95074 3149 2569 1 1 0 1.0
8 104460 3156 2219 1 1 0 1.0
8 141789 3156 3944 1 1 1 1.0
8 139618 3161 2945 1 10 0 1.0
8 85522 3164 1884 1 10 0 1.0
8 137881 3164 3704 1 1 0 1.0
8 169548 3165 4445 1 1 0 1.0
8 162206 3166 4827 1 1 1 1.0
8 167854 3169 4938 1 1 0 1.0
8 113264 3169 2674 1 50 1 1.0
8 135228 3170 3766 1 1 0 1.0
8 126268 3171 3479 1 1 0 1.0
8 143278 3175 3691 1 50 0 1.0
8 139915 3178 2805 1 10 0 1.0
8 106826 3190 3020 1 10 0 1.0
8 82090 3191 2070 1 1 0 1.0
8 81932 3192 2402 1 1 1 1.0
8 122206 3196 2812 1 10 0 1.0
8 97416 3203 2528 1 10 0 1.0
8 162304 3208 4062 1 10 0 1.0
8 148508 3208 3244 1 10 1 1.0
8 98541 3212 2442 1 1 0 1.0
8 171635 3215 4454 1 1 1 1.0
8 71555 3226 1799 1 1 1 1.0
8 97131 3227 2060 1 1 0 1.0
8 110767 3228 2396 1 50 0 1.0
8 124200 3229 2698 1 1 0 1.0
8 160674 3232 4179 1 1 0 1.0
8 154644 3237 4218 1 1 1 1.0
8 70587 3238 1779 1 10 1 1.0
8 162970 3238 4442 1 1 0 1.0
8 175725 3240 4240 1 1 1 1.0
8 153390 3244 4081 1 10 1 1.0
8 79663 3248 2181 1 1 0 1.0
8 67500 3249 1432 1 10 0 1.0
8 109091 3255 3062 1 1 1 1.0
8 113883 3259 2693 1 1 1 1.0
8 79124 3260 2079 1 1 0 1.0
8 88896 3261 2360 1 1 0 1.0
8 109662 3264 2673 1 1 0 1.0
8 72573 3265 2101 1 10 0 1.0
8 62523 3270 1666 1 50 0 1.0
8 96992 3271 2147 1 1 0 1.0
8 169533 3273 4913 1 1 0 1.0
8 135771 3273 3163 1 1 0 1.0
8 144226 3278 3106 1 10 1 1.0
8 175064 3285 3649 1 50 0 1.0
8 63083 3287 1499 1 1 0 1.0
8 137301 3292 3372 1 10 1 1.0
8 115830 3294 2751 1 1 0 1.0
8 103358 3295 2600 1 10 0 1.0
8 116393 3298 3256 1 1 0 1.0
8 66715 3301 1511 1 10 1 1.0
8 146855 3302 3231 1 10 0 1.0
8 179222 3304 4553 1 10 1 1.0
8 142794 3305 3505 1 1 0 1.0
8 65348 3307 1809 1 1 1 1.0
8 101920 3307 2818 1 10 1 1.0
8 64558 3307 1884 1 1 1 1.0
8 100581 3309 2618 1 10 1 1.0
8 141172 3314 4040 1 50 0 1.0
8 172923 3314 4382 1 10 0 1.0
8 150345 3315 4291 1 1 0 1.0
8 85166 3318 2322 1 50 0 1.0
8 171319 3319 3703 1 1 1 1.0
8 87444 3320 2602 1 10 0 1.0
8 136151 3324 3017 1 1 1 1.0
8 156406 3330 4381 1 1 0 1.0
8 76355 3330 1557 1 1 1 1.0
8 85244 3331 1853 1 1 1 1.0
8 70727 3331 1671 1 1 0 1.0
8 164347 3333 3726 1 1 1 1.0
8 75139 3336 1868 1 1 0 1.0
8 142137 3337 3244 1 10 0 1.0
8 128956 3337 2927 1 1 1 1.0
8 142768 3337 3260 1 1 0 1.0
8 130604 3338 2811 1 1 0 1.0
8 149610 3338 3487 1 1 1 1.0
8 151826 3339 3302 1 1 1 1.0
8 117953 3339 2771 1 50 1 1.0
8 68682 3347 1673 1 1 0 1.0
8 114476 3348 2931 1 1 0 1.0
8 166795 3349 4323 1 1 1 1.0
8 76101 3349 1915 1 10 0 1.0
8 77443 3350 1744 1 1 0 1.0
8 65058 3351 1466 1 10 1 1.0
8 140149 3353 3553 1 10 1 1.0
8 135968 3355 3146 1 1 0 1.0
8 138264 3357 2791 1 1 0 1.0
8 149285 3366 3195 1 1 0 1.0
8 151474 3371 3773 1 1 1 1.0
8 129807 3380 3779 1 1 1 1.0
8 91372 3381 1893 1 10 0 1.0
8 176153 3382 4880 1 1 1 1.0
8 127691 3382 3323 1 10 1 1.0
8 123478 3387 2851 1 1 0 1.0
8 131686 3390 2683 1 1 1 1.0
8 133063 3391 3314 1 1 1 1.0
8 114821 3393 3351 1 1 0 1.0
8 173798 3397 4598 1 1 0 1.0
8 167863 3398 4636 1 1 0 1.0
8 135125 3398 3925 1 1 1 1.0
8 163976 3401 3972 1 10 1 1.0
8 143012 3404 3649 1 1 0 1.0
8 154987 3406 3806 1 1 0 1.0
8 117556 3407 3252 1 1 1 1.0
8 80893 3409 1754 1 50 0 1.0
8 92967 3410 2009 1 1 1 1.0
8 123989 3413 3092 1 10 1 1.0
8 112765 3419 3028 1 1 1 1.0
8 155572 3424 4239 1 50 0 1.0
8 87459 3424 2353 1 1 0 1.0
8 133425 3426 3157 1 10 1 1.0
8 161587 3429 4475 1 1 1 1.0
8 69502 3429 1638 1 10 1 1.0
8 138367 3434 3568 1 1 1 1.0
8 103887 3439 2628 1 1 1 1.0
8 117271 3441 3419 1 10 0 1.0
8 67937 3442 1651 1 1 1 1.0
8 63142 3442 1262 1 50 0 1.0
8 95893 3443 2828 1 10 1 1.0
8 170398 3444 3417 1 1 1 1.0
8 121224 3447 3187 1 10 1 1.0
8 73702 3453 1539 1 1 1 1.0
8 102428 3453 2758 1 1 0 1.0
8 95819 3454 2493 1 1 1 1.0
8 81570 3455 2072 1 1 1 1.0
8 100498 3459 2079 1 1 1 1.0
8 98854 3462 2526 1 1 0 1.0
8 171573 3465 4223 1 1 1 1.0
8 112069 3466 2752 1 1 0 1.0
8 102729 3467 2614 1 10 0 1.0
8 150311 3469 4399 1 1 0 1.0
8 68284 3472 1396 1 1 0 1.0
8 78946 3472 1837 1 1 0 1.0
8 129004 3473 2818 1 50 1 1.0
8 123857 3479 3409 1 10 1 1.0
8 122719 3479 3119 1 1 1 1.0
8 170458 3479 4639 1 1 1 1.0
8 173063 3480 3900 1 10 1 1.0
8 160689 3483 3578 1 1 0 1.0
8 132367 3485 3164 1 50 1 1.0
8 162214 3489 3372 1 10 0 1.0
8 176004 3490 5212 1 1 1 1.0
8 125444 3496 3074 1 1 0 1.0
8 140454 3502 3592 1 1 0 1.0
8 116758 3502 2418 1 1 1 1.0
8 151807 3508 4205 1 50 1 1.0
8 82900 3510 1994 1 1 0 1.0
8 150411 3510 3144 1 1 1 1.0
8 118818 3513 2998 1 1 0 1.0
8 63280 3519 1351 1 10 0 1.0
8 134509 3519 3035 1 1 0 1.0
8 135413 3523 2737 1 1 1 1.0
8 127157 3524 2546 1 1 1 1.0
8 172105 3525 4407 1 1 1 1.0
8 93155 3526 2631 1 1 1 1.0
8 130348 3527 3748 1 10 1 1.0
8 101081 3528 2910 1 1 0 1.0
8 108019 3535 2371 1 10 1 1.0
8 125356 3537 2564 1 1 0 1.0
8 165346 3537 4814 1 1 0 1.0
8 96294 3539 2786 1 1 1 1.0
8 96415 3540 2136 1 1 1 1.0
8 173936 3543 4722 1 10 1 1.0
8 142048 3543 3253 1 10 0 1.0
8 144766 3544 3638 1 1 1 1.0
8 68357 3545 1380 1 1 0 1.0
8 97336 3548 2795 1 50 0 1.0
8 168575 3548 5019 1 1 0 1.0
8 146972 3548 4365 1 10 1 1.0
8 144321 3553 3554 1 50 1 1.0
8 123548 3553 3556 1 50 1 1.0
8 122640 3555 3120 1 1 1 1.0
8 154096 3556 3260 1 1 0 1.0
8 173902 3559 3976 1 10 1 1.0
8 101584 3559 2579 1 1 0 1.0
8 73727 3560 1556 1 1 0 1.0
8 77931 3564 2301 1 10 1 1.0
8 172268 3564 5133 1 10 1 1.0
8 94563 3566 2595 1 10 0 1.0
8 150498 3566 4446 1 1 1 1.0
8 110452 3567 2976 1 1 0 1.0
8 159680 3572 4775 1 1 0 1.0
8 129321 3573 2674 1 1 0 1.0
8 120573 3574 3598 1 1 0 1.0
8 149805 3575 3775 1 10 1 1.0
8 116667 3577 2498 1 1 0 1.0
8 159591 3578 4349 1 10 1 1.0
8 100845 3579 2748 1 1 1 1.0
8 73255 3580 1992 1 1 0 1.0
8 169172 3582 4072 1 1 0 1.0
8 73846 3591 1506 1 1 0 1.0
8 90603 3595 2044 1 10 1 1.0
8 122361 3598 2599 1 1 0 1.0
8 145958 3598 3728 1 1 1 1.0
