0.0 0.0 0.0 0.0 0.0 0.0 0.0
1.0 0.0 0.0 0.0 0.0 0.0 0.0
2.0 0.0 0.0 0.0 0.0 0.0 0.0
3.0 0.0 0.0 0.0 0.0 0.0 0.0
4.0 0.0 0.0 0.0 0.0 0.0 0.0
5.0 0.0 0.0 0.0 0.0 0.0 0.0
6.0 0.0 0.0 0.0 0.0 0.0 0.0
7.0 0.0 0.0 0.0 0.0 0.0 0.0
8.0 0.0 0.0 0.0 0.0 0.0 0.0
9.0 0.0 0.0 0.0 0.0 0.0 0.0
10.0 0.0 0.0 0.0 0.0 0.0 0.0
11.0 0.0 0.0 0.0 0.0 0.0 0.0
12.0 0.0 0.0 0.0 0.0 0.0 0.0
13.0 176.0 16.0 2272.0 2288.0 0.46 89.0
14.0 176.0 192.0 2272.0 2464.0 0.46 89.0
15.0 182.0 373.0 2357.0 2730.0 0.45 93.0
16.0 182.0 555.0 2357.0 2912.0 0.45 93.0
17.0 182.0 737.0 2357.0 3094.0 0.45 93.0
18.0 182.0 919.0 2357.0 3276.0 0.45 93.0
19.0 182.0 1101.0 2357.0 3458.0 0.45 93.0
20.0 182.0 1283.0 2357.0 3640.0 0.45 93.0
21.0 182.0 1465.0 2357.0 3822.0 0.45 93.0
22.0 182.0 1647.0 2357.0 4004.0 0.45 93.0
23.0 182.0 1829.0 2357.0 4186.0 0.45 93.0
24.0 182.0 2011.0 2357.0 4368.0 0.45 93.0
25.0 182.0 2193.0 2357.0 4550.0 0.45 93.0
26.0 182.0 2375.0 2357.0 4732.0 0.45 93.0
27.0 182.0 2557.0 2357.0 4914.0 0.45 93.0
28.0 182.0 2739.0 2357.0 5096.0 0.45 93.0
29.0 188.0 2925.0 2527.0 5452.0 0.44 99.0
30.0 188.0 3113.0 2527.0 5640.0 0.44 99.0
31.0 188.0 3301.0 2527.0 5828.0 0.44 99.0
32.0 188.0 3489.0 2527.0 6016.0 0.44 99.0
33.0 188.0 3677.0 2527.0 6204.0 0.44 99.0
34.0 188.0 3865.0 2527.0 6392.0 0.44 99.0
35.0 188.0 4053.0 2527.0 6580.0 0.44 99.0
36.0 188.0 4241.0 2527.0 6768.0 0.44 99.0
37.0 188.0 4429.0 2527.0 6956.0 0.44 99.0
38.0 188.0 4617.0 2527.0 7144.0 0.44 99.0
39.0 188.0 4805.0 2527.0 7332.0 0.44 99.0
40.0 188.0 4993.0 2527.0 7520.0 0.44 99.0
41.0 188.0 5181.0 2527.0 7708.0 0.44 99.0
42.0 188.0 5369.0 2527.0 7896.0 0.44 99.0
43.0 188.0 5557.0 2527.0 8084.0 0.44 99.0
44.0 188.0 5745.0 2527.0 8272.0 0.44 99.0
45.0 188.0 5933.0 2527.0 8460.0 0.44 99.0
46.0 188.0 6121.0 2527.0 8648.0 0.44 99.0
47.0 188.0 6309.0 2527.0 8836.0 0.44 99.0
48.0 188.0 6497.0 2527.0 9024.0 0.44 99.0
49.0 188.0 6685.0 2527.0 9212.0 0.44 99.0
50.0 188.0 6873.0 2527.0 9400.0 0.44 99.0
51.0 188.0 7061.0 2527.0 9588.0 0.44 99.0
52.0 188.0 7249.0 2527.0 9776.0 0.44 99.0
53.0 188.0 7437.0 2527.0 9964.0 0.44 99.0
54.0 188.0 7625.0 2527.0 10152.0 0.44 99.0
55.0 188.0 7813.0 2527.0 10340.0 0.44 99.0
56.0 188.0 8001.0 2527.0 10528.0 0.44 99.0
57.0 188.0 8189.0 2527.0 10716.0 0.44 99.0
58.0 188.0 8377.0 2527.0 10904.0 0.44 99.0
59.0 188.0 8565.0 2527.0 11092.0 0.44 99.0
60.0 188.0 8753.0 2527.0 11280.0 0.44 99.0
61.0 196.0 8942.0 3014.0 11956.0 0.43 126.0
62.0 196.0 9138.0 3014.0 12152.0 0.43 126.0
63.0 196.0 9334.0 3014.0 12348.0 0.43 126.0
64.0 196.0 9530.0 3014.0 12544.0 0.43 126.0
65.0 196.0 9726.0 3014.0 12740.0 0.43 126.0
66.0 328.0 9977.0 11671.0 21648.0 0.34 464.0
67.0 328.0 10305.0 11671.0 21976.0 0.34 464.0
68.0 328.0 10633.0 11671.0 22304.0 0.34 464.0
69.0 328.0 10961.0 11671.0 22632.0 0.34 464.0
70.0 328.0 11289.0 11671.0 22960.0 0.34 464.0
71.0 328.0 11617.0 11671.0 23288.0 0.34 464.0
72.0 526.0 12010.0 25862.0 37872.0 0.17 1023.0
73.0 526.0 12536.0 25862.0 38398.0 0.17 1023.0
74.0 526.0 13062.0 25862.0 38924.0 0.17 1023.0
75.0 526.0 13588.0 25862.0 39450.0 0.17 1023.0
76.0 526.0 14114.0 25862.0 39976.0 0.17 1023.0
77.0 526.0 14640.0 25862.0 40502.0 0.17 1023.0
78.0 526.0 15166.0 25862.0 41028.0 0.17 1023.0
79.0 526.0 15692.0 25862.0 41554.0 0.17 1023.0
80.0 526.0 16218.0 25862.0 42080.0 0.17 1023.0
81.0 526.0 16744.0 25862.0 42606.0 0.17 1023.0
82.0 526.0 17270.0 25862.0 43132.0 0.17 1023.0
83.0 526.0 17796.0 25862.0 43658.0 0.17 1023.0
84.0 526.0 18322.0 25862.0 44184.0 0.17 1023.0
85.0 526.0 18848.0 25862.0 44710.0 0.17 1023.0
86.0 526.0 19374.0 25862.0 45236.0 0.17 1023.0
87.0 526.0 19900.0 25862.0 45762.0 0.17 1023.0
88.0 526.0 20426.0 25862.0 46288.0 0.17 1023.0
89.0 526.0 20952.0 25862.0 46814.0 0.17 1023.0
90.0 526.0 21478.0 25862.0 47340.0 0.17 1023.0
91.0 659.0 22077.0 37892.0 59969.0 0.01 1484.0
92.0 659.0 22736.0 37892.0 60628.0 0.01 1484.0
93.0 659.0 23395.0 37892.0 61287.0 0.01 1484.0
94.0 659.0 24054.0 37892.0 61946.0 0.01 1484.0
95.0 659.0 24713.0 37892.0 62605.0 0.01 1484.0
96.0 659.0 25372.0 37892.0 63264.0 0.01 1484.0
97.0 659.0 26031.0 37892.0 63923.0 0.01 1484.0
98.0 659.0 26690.0 37892.0 64582.0 0.01 1484.0
99.0 659.0 27349.0 37892.0 65241.0 0.01 1484.0

