1500
0 101989 1 2391 1 10 1 1.0
0 88821 6 2036 1 1 0 1.0
0 161627 7 3541 1 1 1 1.0
0 177449 7 4136 1 1 0 1.0
0 133803 7 3417 1 1 1 1.0
0 88086 9 2125 1 10 0 1.0
0 124707 14 3404 1 1 1 1.0
0 132633 15 3647 1 1 0 1.0
0 153203 17 3759 1 1 0 1.0
0 75094 18 2013 1 1 0 1.0
0 87362 26 1813 1 10 0 1.0
0 137828 30 3646 1 50 0 1.0
0 166661 35 4830 1 10 0 1.0
0 118956 36 3208 1 10 0 1.0
0 107415 37 2949 1 1 0 1.0
0 129506 40 2777 1 50 0 1.0
0 156242 40 3348 1 10 1 1.0
0 105226 44 2169 1 10 0 1.0
0 104143 49 2849 1 1 0 1.0
0 76451 54 2263 1 10 0 1.0
0 124433 54 2899 1 10 1 1.0
0 107825 58 2174 1 1 0 1.0
0 83133 58 1713 1 1 0 1.0
0 83174 66 1951 1 1 0 1.0
0 159266 68 3982 1 1 0 1.0
0 86425 68 2159 1 1 0 1.0
0 126318 69 3197 1 1 0 1.0
0 114290 70 3052 1 50 0 1.0
0 168619 74 3555 1 50 1 1.0
0 69992 77 1528 1 1 0 1.0
0 146972 79 3391 1 1 0 1.0
0 163008 79 3628 1 1 1 1.0
0 167977 82 4349 1 1 1 1.0
0 153935 84 3464 1 1 0 1.0
0 175936 84 5156 1 1 1 1.0
0 169693 85 5018 1 1 0 1.0
0 74671 87 1764 1 10 1 1.0
0 168527 90 5002 1 1 1 1.0
0 124148 100 3082 1 1 0 1.0
0 158817 103 3965 1 1 1 1.0
0 176442 103 4948 1 1 0 1.0
0 115514 105 2989 1 50 1 1.0
0 118733 106 2448 1 10 0 1.0
0 170655 109 3773 1 1 1 1.0
0 106280 125 2428 1 1 0 1.0
0 144494 129 4292 1 10 0 1.0
0 128060 130 2751 1 10 0 1.0
0 138026 134 2826 1 1 0 1.0
0 81902 138 2392 1 1 0 1.0
0 84170 146 2471 1 10 1 1.0
0 100061 148 2044 1 1 1 1.0
0 140161 148 2973 1 10 0 1.0
0 75837 150 2039 1 10 0 1.0
0 100300 150 2134 1 10 1 1.0
0 132484 150 2726 1 50 1 1.0
0 80607 151 2134 1 1 0 1.0
0 132279 151 3919 1 1 1 1.0
0 144111 152 2997 1 10 1 1.0
0 133732 152 3508 1 1 0 1.0
0 163872 157 3401 1 10 1 1.0
0 104687 157 2662 1 1 1 1.0
0 60127 166 1531 1 1 1 1.0
0 61481 167 1686 1 1 0 1.0
0 172318 174 4922 1 1 1 1.0
0 88997 180 2644 1 1 1 1.0
0 73081 183 1889 1 10 0 1.0
0 138897 184 3642 1 1 0 1.0
0 120004 186 2642 1 1 1 1.0
0 126647 187 2787 1 10 0 1.0
0 160144 188 4220 1 1 0 1.0
0 123197 189 3622 1 1 1 1.0
0 141748 191 4002 1 1 1 1.0
0 72496 192 1729 1 10 1 1.0
0 103605 193 2396 1 10 1 1.0
0 146155 197 4069 1 10 0 1.0
0 109576 198 2845 1 1 1 1.0
0 135871 198 3377 1 1 1 1.0
0 77174 201 1606 1 10 0 1.0
0 169661 203 4753 1 10 1 1.0
0 162056 215 3994 1 1 0 1.0
0 167458 222 4044 1 1 1 1.0
0 78351 223 2169 1 10 0 1.0
0 103405 227 3003 1 10 1 1.0
0 66810 234 1562 1 1 0 1.0
0 112269 235 2414 1 10 0 1.0
0 82923 240 1958 1 10 0 1.0
0 92542 243 2603 1 10 0 1.0
0 174813 245 3935 1 50 0 1.0
0 168653 246 4712 1 1 1 1.0
0 146448 246 3808 1 1 0 1.0
0 94541 246 2326 1 1 0 1.0
0 157962 246 3767 1 10 0 1.0
0 122192 248 3344 1 1 0 1.0
0 129427 249 3080 1 10 0 1.0
0 158801 251 4135 1 10 1 1.0
0 156428 253 3544 1 1 1 1.0
0 75351 255 1992 1 50 0 1.0
0 85888 257 1783 1 1 0 1.0
0 84578 261 1778 1 1 1 1.0
0 82746 261 2280 1 1 1 1.0
0 146218 265 3281 1 50 0 1.0
0 74461 265 2009 1 50 0 1.0
0 82498 265 1755 1 10 0 1.0
0 112539 267 2378 1 1 1 1.0
0 107934 268 2523 1 10 1 1.0
0 144839 269 3341 1 1 1 1.0
0 158456 270 3459 1 1 0 1.0
0 178342 270 4098 1 1 0 1.0
0 94269 271 1891 1 1 0 1.0
0 179545 273 4766 1 1 1 1.0
0 157515 273 3928 1 1 0 1.0
0 121132 276 3460 1 1 0 1.0
0 174179 276 4522 1 1 1 1.0
0 77614 281 2146 1 1 1 1.0
0 94109 281 2621 1 10 1 1.0
0 77007 281 2223 1 1 1 1.0
0 90675 290 2145 1 1 0 1.0
0 83861 294 2320 1 1 1 1.0
0 130420 297 3551 1 1 0 1.0
0 148308 303 3872 1 1 1 1.0
0 92639 305 2237 1 10 1 1.0
0 127562 312 3671 1 1 0 1.0
0 167328 312 3442 1 10 1 1.0
0 144816 317 3741 1 10 1 1.0
0 123874 319 2729 1 10 1 1.0
0 161862 327 3387 1 10 0 1.0
0 89453 329 1862 1 10 1 1.0
0 116161 329 2615 1 1 0 1.0
0 178311 330 3814 1 10 1 1.0
0 123121 341 3263 1 1 1 1.0
0 70594 341 1773 1 1 0 1.0
0 89420 343 1938 1 10 1 1.0
0 99688 347 2957 1 1 0 1.0
0 153078 352 4563 1 1 1 1.0
0 142297 353 3564 1 10 0 1.0
0 108076 353 2711 1 1 1 1.0
0 68449 362 1470 1 1 0 1.0
0 110287 370 2459 1 1 1 1.0
0 170230 378 4158 1 10 1 1.0
0 135460 382 3086 1 10 1 1.0
0 125595 382 2812 1 1 0 1.0
0 62059 383 1630 1 1 1 1.0
0 175808 384 4290 1 1 1 1.0
0 90027 388 2203 1 1 1 1.0
0 85816 388 2314 1 1 0 1.0
0 158936 390 4263 1 1 1 1.0
0 86712 393 2409 1 10 0 1.0
0 165863 394 3415 1 50 1 1.0
0 130287 397 3597 1 1 1 1.0
0 93326 397 2070 1 10 0 1.0
0 173363 400 4279 1 1 0 1.0
0 61724 405 1692 1 1 0 1.0
0 157451 407 4278 1 1 1 1.0
0 170296 407 4110 1 50 1 1.0
0 115903 410 3473 1 1 1 1.0
0 130040 411 3324 1 10 1 1.0
0 111676 419 3272 1 10 1 1.0
0 142739 419 3977 1 1 1 1.0
0 78313 421 1716 1 10 0 1.0
0 85143 421 2247 1 10 1 1.0
0 73440 427 2183 1 10 0 1.0
0 172337 430 4487 1 1 1 1.0
0 151766 435 3908 1 1 0 1.0
0 147427 437 2960 1 1 0 1.0
0 103249 440 2810 1 1 0 1.0
0 112851 442 2629 1 1 0 1.0
0 143275 445 3403 1 1 0 1.0
0 99927 446 2986 1 1 1 1.0
0 98679 452 2186 1 1 0 1.0
0 69630 453 1881 1 1 0 1.0
0 84152 453 1833 1 10 0 1.0
0 136902 460 3753 1 1 0 1.0
0 172158 460 3798 1 1 0 1.0
0 157136 461 4554 1 1 1 1.0
0 166456 464 4323 1 1 0 1.0
0 68123 466 1423 1 1 0 1.0
0 111152 468 2450 1 1 1 1.0
0 158938 469 4420 1 10 1 1.0
0 122215 469 3588 1 1 0 1.0
0 112261 471 2245 1 1 0 1.0
0 145045 475 3320 1 50 0 1.0
0 125471 475 3180 1 1 0 1.0
0 83960 475 2226 1 10 0 1.0
0 167163 481 4570 1 1 0 1.0
0 84324 484 1942 1 1 0 1.0
0 120899 485 3226 1 1 0 1.0
0 111873 488 2759 1 1 0 1.0
0 175474 489 3863 1 1 1 1.0
0 145877 489 3412 1 1 0 1.0
0 179602 489 5327 1 1 0 1.0
0 118545 493 2516 1 10 1 1.0
0 62344 497 1387 1 1 1 1.0
0 155767 497 4331 1 10 0 1.0
0 155930 500 3773 1 10 0 1.0
0 154670 503 4386 1 50 1 1.0
0 91946 506 2442 1 10 0 1.0
0 141099 512 3463 1 10 1 1.0
0 89046 512 2431 1 10 1 1.0
0 162185 513 3674 1 10 0 1.0
0 144300 514 3329 1 10 1 1.0
0 67381 521 1906 1 1 0 1.0
0 119591 526 2857 1 1 0 1.0
0 80553 527 2288 1 1 0 1.0
0 109898 529 3036 1 1 1 1.0
0 168180 531 4812 1 1 1 1.0
0 86173 535 2039 1 1 0 1.0
0 78026 538 2232 1 1 1 1.0
0 160290 548 3535 1 50 1 1.0
0 62883 552 1689 1 1 1 1.0
0 162618 554 4174 1 10 1 1.0
0 75278 557 2177 1 1 1 1.0
0 141017 560 3850 1 1 0 1.0
0 63360 561 1502 1 50 1 1.0
0 170449 564 3875 1 1 0 1.0
0 147719 565 3516 1 1 1 1.0
0 80945 572 2127 1 1 0 1.0
0 86122 572 2248 1 1 1 1.0
0 88172 575 1962 1 1 1 1.0
0 73609 580 1497 1 10 0 1.0
0 112861 585 3097 1 10 0 1.0
0 156288 585 4665 1 1 0 1.0
0 127202 586 2573 1 1 0 1.0
0 78349 587 2263 1 10 1 1.0
0 72651 589 2103 1 1 1 1.0
0 119312 590 3031 1 1 0 1.0
0 93501 590 2662 1 10 1 1.0
0 62727 592 1529 1 1 1 1.0
0 142235 595 3466 1 1 0 1.0
0 131312 599 3030 1 1 1 1.0
0 113260 603 2680 1 50 0 1.0
0 60098 609 1264 1 10 1 1.0
0 168204 612 3387 1 10 0 1.0
0 174698 616 3904 1 1 0 1.0
0 124751 616 2588 1 10 0 1.0
0 141141 619 3829 1 10 0 1.0
0 124301 624 2994 1 10 0 1.0
0 65891 627 1839 1 1 1 1.0
0 128642 629 2849 1 1 0 1.0
0 84422 630 1891 1 1 1 1.0
0 115500 637 3150 1 1 1 1.0
0 88078 638 2447 1 1 1 1.0
0 81151 640 1881 1 1 1 1.0
0 88928 641 2108 1 1 0 1.0
0 131019 642 3170 1 1 0 1.0
0 119812 645 2401 1 1 0 1.0
0 163857 649 4098 1 10 0 1.0
0 178646 650 4109 1 10 1 1.0
0 84372 654 2485 1 10 0 1.0
0 71421 655 1629 1 1 0 1.0
0 112573 656 3193 1 1 0 1.0
0 146868 657 4217 1 1 0 1.0
0 177352 658 4861 1 10 0 1.0
0 90668 659 2549 1 10 1 1.0
0 86946 659 1911 1 1 1 1.0
0 169499 660 4714 1 1 0 1.0
0 173470 663 4262 1 10 0 1.0
0 66851 663 1734 1 1 1 1.0
0 65165 670 1670 1 1 0 1.0
0 147061 674 3327 1 1 1 1.0
0 65157 674 1701 1 1 1 1.0
0 168846 676 5061 1 10 0 1.0
0 112498 677 3048 1 50 1 1.0
0 65798 679 1398 1 1 1 1.0
0 131321 680 3499 1 50 0 1.0
0 179324 684 4984 1 1 0 1.0
0 167225 686 4787 1 1 0 1.0
0 122431 686 3655 1 50 0 1.0
0 95238 688 2000 1 1 1 1.0
0 73111 689 2191 1 1 0 1.0
0 120189 690 2785 1 10 0 1.0
0 165819 692 4338 1 50 1 1.0
0 95236 692 2714 1 50 0 1.0
0 72682 694 2164 1 10 1 1.0
0 83257 697 2181 1 1 1 1.0
0 147527 697 3801 1 1 1 1.0
0 64132 702 1762 1 1 0 1.0
0 112913 703 2738 1 1 0 1.0
0 165853 710 4712 1 1 1 1.0
0 79577 711 1827 1 10 1 1.0
0 117987 711 3304 1 50 0 1.0
0 151960 712 3953 1 1 1 1.0
0 120682 713 2959 1 10 0 1.0
0 65169 718 1922 1 1 0 1.0
0 159502 719 3846 1 10 1 1.0
0 125411 719 3132 1 1 1 1.0
0 122229 723 2722 1 10 0 1.0
0 102283 728 2434 1 1 0 1.0
0 140301 731 3727 1 10 0 1.0
0 124885 734 3317 1 1 0 1.0
0 176143 736 5144 1 10 0 1.0
0 151223 736 3241 1 1 1 1.0
0 132575 744 2799 1 1 0 1.0
0 159364 744 4352 1 10 1 1.0
0 130588 744 3590 1 10 0 1.0
0 80155 745 2068 1 10 1 1.0
0 105014 746 2116 1 1 0 1.0
0 165141 747 3386 1 1 1 1.0
0 159756 748 4623 1 10 1 1.0
0 72747 750 1946 1 1 1 1.0
0 142179 765 3968 1 10 0 1.0
0 90332 769 2103 1 10 0 1.0
0 158420 772 3999 1 1 0 1.0
0 79879 773 2260 1 1 0 1.0
0 166424 776 4178 1 1 0 1.0
0 171986 777 5094 1 10 1 1.0
0 102290 779 2108 1 1 1 1.0
0 134001 782 3260 1 1 0 1.0
0 99123 784 2957 1 10 1 1.0
0 68852 785 1870 1 1 0 1.0
0 146520 785 3135 1 50 0 1.0
0 61173 788 1624 1 1 0 1.0
0 158837 789 3600 1 10 0 1.0
0 177402 789 4893 1 1 0 1.0
0 139149 789 3693 1 1 1 1.0
0 145487 792 3329 1 1 1 1.0
0 133353 795 3041 1 10 0 1.0
0 159064 795 4502 1 10 0 1.0
0 104112 801 2507 1 50 1 1.0
0 171355 803 4355 1 1 0 1.0
0 174982 805 3718 1 10 1 1.0
0 138585 805 3415 1 1 1 1.0
0 137949 806 3228 1 1 0 1.0
0 61229 808 1498 1 1 0 1.0
0 74959 810 2243 1 1 0 1.0
0 162836 811 4039 1 1 0 1.0
0 74311 812 1822 1 1 1 1.0
0 67318 815 1651 1 1 0 1.0
0 104041 816 3063 1 1 1 1.0
0 88720 817 2425 1 50 0 1.0
0 128831 817 3378 1 1 1 1.0
0 131403 818 3268 1 1 1 1.0
0 149672 819 4062 1 1 1 1.0
0 137617 822 3464 1 10 1 1.0
0 145828 823 3800 1 10 1 1.0
0 90752 824 2410 1 1 1 1.0
0 132881 829 3615 1 1 1 1.0
0 119851 829 2501 1 1 1 1.0
0 124919 831 3442 1 1 0 1.0
0 100450 833 2490 1 1 1 1.0
0 167174 834 3642 1 1 1 1.0
0 168243 834 4115 1 1 0 1.0
0 92727 848 2574 1 10 0 1.0
0 159216 855 3640 1 1 1 1.0
0 119049 856 2968 1 10 0 1.0
0 70414 857 1558 1 1 0 1.0
0 169432 857 4148 1 1 0 1.0
0 118590 860 2714 1 1 0 1.0
0 155506 864 3387 1 10 0 1.0
0 62103 865 1434 1 1 1 1.0
0 157302 866 4106 1 10 0 1.0
0 155377 873 3921 1 10 1 1.0
0 179546 876 4405 1 1 1 1.0
0 152835 878 4262 1 1 1 1.0
0 110731 878 3089 1 1 1 1.0
0 112568 883 2422 1 1 1 1.0
0 148339 884 3032 1 10 0 1.0
0 66296 891 1376 1 10 1 1.0
0 148221 897 4144 1 1 1 1.0
0 78064 899 2161 1 1 0 1.0
0 77310 905 1947 1 50 1 1.0
0 62826 906 1510 1 10 1 1.0
0 143963 912 3777 1 10 0 1.0
0 157112 914 4436 1 10 1 1.0
0 79123 914 1640 1 1 0 1.0
0 137518 916 3943 1 1 1 1.0
0 118613 917 3190 1 1 1 1.0
0 61198 917 1655 1 10 1 1.0
0 104010 918 2682 1 1 0 1.0
0 170977 922 4426 1 10 0 1.0
0 113719 924 2805 1 1 0 1.0
0 125707 925 2606 1 50 0 1.0
0 124318 926 2570 1 1 0 1.0
0 111442 928 2414 1 1 1 1.0
0 143186 929 3899 1 1 1 1.0
0 147984 932 3950 1 10 0 1.0
0 104773 933 2515 1 1 0 1.0
0 79185 933 2114 1 50 1 1.0
0 155508 935 3603 1 10 1 1.0
0 86993 935 1995 1 1 0 1.0
0 72985 936 2107 1 50 1 1.0
0 113358 936 3339 1 1 0 1.0
0 93563 939 2541 1 1 1 1.0
0 144066 942 4231 1 1 1 1.0
0 90379 942 2266 1 10 1 1.0
0 84024 944 2484 1 1 0 1.0
0 140312 946 3220 1 1 0 1.0
0 160025 948 4167 1 10 0 1.0
0 169336 949 3746 1 1 1 1.0
0 96708 957 2477 1 1 0 1.0
0 127533 961 2754 1 1 1 1.0
0 152574 967 3447 1 50 1 1.0
0 175654 967 4170 1 1 0 1.0
0 101505 967 2700 1 1 1 1.0
0 79573 971 2014 1 1 0 1.0
0 67132 975 1629 1 1 1 1.0
0 79871 979 1710 1 1 0 1.0
0 86098 983 2258 1 1 0 1.0
0 119972 986 3419 1 10 1 1.0
0 76347 991 1573 1 1 1 1.0
0 157738 996 3916 1 10 1 1.0
0 84482 997 2259 1 1 1 1.0
0 61245 999 1797 1 1 0 1.0
0 78670 1004 1927 1 1 0 1.0
0 148897 1005 3078 1 50 0 1.0
0 80121 1007 2075 1 10 1 1.0
0 173345 1007 4023 1 50 0 1.0
0 96180 1007 2292 1 10 1 1.0
0 70183 1016 1704 1 1 0 1.0
0 179589 1016 4562 1 10 1 1.0
0 61023 1019 1252 1 1 0 1.0
0 90744 1021 2244 1 10 1 1.0
0 166205 1022 4235 1 1 1 1.0
0 77704 1023 1953 1 1 0 1.0
0 86601 1028 1858 1 10 0 1.0
0 132735 1042 2698 1 1 1 1.0
0 86104 1054 2223 1 10 1 1.0
0 61047 1057 1342 1 1 0 1.0
0 135216 1058 3101 1 1 1 1.0
0 97927 1072 2013 1 10 0 1.0
0 91314 1079 2137 1 50 0 1.0
0 85756 1084 2232 1 50 0 1.0
0 101602 1084 2659 1 1 0 1.0
0 178648 1084 4430 1 50 0 1.0
0 66445 1088 1446 1 50 0 1.0
0 153713 1092 3999 1 1 0 1.0
0 99610 1093 2619 1 1 0 1.0
0 61696 1095 1299 1 10 0 1.0
0 159476 1101 3715 1 1 0 1.0
0 91767 1102 2350 1 10 0 1.0
0 72648 1103 1499 1 1 0 1.0
0 148601 1103 4248 1 10 0 1.0
0 61916 1103 1833 1 1 1 1.0
0 66535 1103 1453 1 1 1 1.0
0 162010 1109 4212 1 1 0 1.0
0 167973 1110 4634 1 10 1 1.0
0 72122 1112 1878 1 10 0 1.0
0 102898 1114 2397 1 50 0 1.0
0 97389 1115 2858 1 50 1 1.0
0 85093 1118 2400 1 1 0 1.0
0 161771 1119 3329 1 10 0 1.0
0 174475 1122 4549 1 1 0 1.0
0 170259 1123 3853 1 50 1 1.0
0 125788 1123 3216 1 10 0 1.0
0 159985 1127 4319 1 50 1 1.0
0 70479 1128 1926 1 1 1 1.0
0 125734 1136 3139 1 1 0 1.0
0 67106 1136 1588 1 1 1 1.0
0 131879 1136 3288 1 1 0 1.0
0 145814 1139 4062 1 50 1 1.0
0 70928 1140 1806 1 1 0 1.0
0 80712 1141 1828 1 10 0 1.0
0 117259 1144 3484 1 10 1 1.0
0 174530 1145 4396 1 50 0 1.0
0 119639 1147 3511 1 10 1 1.0
0 175594 1151 3647 1 1 0 1.0
0 103658 1155 2563 1 50 0 1.0
0 90248 1156 1982 1 1 1 1.0
0 168083 1157 5025 1 1 1 1.0
0 100372 1160 2106 1 10 0 1.0
0 72799 1160 1815 1 1 0 1.0
0 90238 1172 1835 1 10 0 1.0
0 123663 1172 3599 1 1 0 1.0
0 116081 1175 2537 1 10 0 1.0
0 150964 1175 3228 1 50 0 1.0
0 155543 1178 4381 1 1 0 1.0
0 149637 1179 4141 1 1 0 1.0
0 151672 1187 4388 1 1 0 1.0
0 141377 1187 2916 1 10 1 1.0
0 81036 1187 1620 1 1 1 1.0
0 168919 1188 3575 1 1 1 1.0
0 128502 1189 3532 1 1 0 1.0
0 176990 1191 5262 1 1 1 1.0
0 64708 1193 1816 1 1 0 1.0
0 160943 1196 4133 1 10 1 1.0
0 147284 1196 3744 1 1 0 1.0
0 70609 1196 1501 1 1 1 1.0
0 97253 1198 2271 1 50 0 1.0
0 151699 1202 3655 1 10 1 1.0
0 159590 1202 4020 1 1 0 1.0
0 163917 1209 4652 1 10 1 1.0
0 91898 1210 1868 1 1 0 1.0
0 98934 1212 2831 1 1 0 1.0
0 151565 1213 3626 1 1 1 1.0
0 104263 1216 2740 1 1 1 1.0
0 141271 1217 3352 1 10 0 1.0
0 174573 1217 3839 1 10 1 1.0
0 65026 1219 1405 1 1 1 1.0
0 62459 1222 1331 1 1 0 1.0
0 121792 1222 2691 1 1 1 1.0
0 126101 1224 3497 1 50 0 1.0
0 158001 1225 4650 1 1 0 1.0
0 91659 1225 1873 1 1 1 1.0
0 84560 1229 2447 1 1 1 1.0
0 108786 1229 2690 1 1 0 1.0
0 148583 1229 3545 1 10 1 1.0
0 114897 1232 3057 1 1 0 1.0
0 90268 1235 2003 1 10 1 1.0
0 105752 1235 2578 1 10 0 1.0
0 103903 1237 2120 1 10 0 1.0
0 133640 1238 2762 1 50 1 1.0
0 104686 1240 2825 1 10 1 1.0
0 62939 1251 1722 1 1 0 1.0
0 154901 1251 3383 1 1 0 1.0
0 148570 1263 4061 1 1 0 1.0
0 164945 1265 3444 1 1 1 1.0
0 74838 1266 1887 1 1 0 1.0
0 144698 1268 2997 1 10 1 1.0
0 131592 1268 3445 1 1 1 1.0
0 125209 1269 2976 1 50 0 1.0
0 91413 1270 1871 1 10 1 1.0
0 95597 1270 2756 1 10 1 1.0
0 80078 1271 2087 1 1 0 1.0
0 142742 1272 3927 1 50 0 1.0
0 131763 1272 2716 1 1 0 1.0
0 107949 1273 3057 1 10 0 1.0
0 94385 1275 2033 1 1 0 1.0
0 169087 1275 3390 1 10 1 1.0
0 121666 1275 2443 1 1 1 1.0
0 123202 1276 3521 1 1 1 1.0
0 131016 1277 3494 1 1 1 1.0
0 179266 1279 5318 1 1 1 1.0
0 139484 1280 3362 1 10 0 1.0
0 61807 1281 1567 1 50 0 1.0
0 149692 1282 3116 1 1 0 1.0
0 151170 1285 4112 1 1 1 1.0
0 166885 1288 3368 1 10 1 1.0
0 140706 1288 3156 1 1 1 1.0
0 68921 1289 1604 1 1 0 1.0
0 149605 1292 3402 1 50 0 1.0
0 81803 1293 2350 1 1 0 1.0
0 131764 1293 3946 1 50 0 1.0
0 116345 1298 2484 1 1 1 1.0
0 138129 1303 4129 1 1 0 1.0
0 60586 1306 1805 1 1 1 1.0
0 167964 1306 4736 1 1 0 1.0
0 101733 1306 2762 1 1 1 1.0
0 169318 1308 4818 1 10 1 1.0
0 148875 1308 3080 1 1 0 1.0
0 113539 1310 3055 1 1 1 1.0
0 76071 1310 1644 1 1 0 1.0
0 155519 1313 3643 1 1 0 1.0
0 139049 1314 3129 1 1 0 1.0
0 69234 1314 1555 1 1 1 1.0
0 145297 1315 4298 1 1 0 1.0
0 64243 1316 1703 1 1 0 1.0
0 133752 1318 2712 1 50 0 1.0
0 83773 1320 2030 1 1 0 1.0
0 136276 1321 3593 1 1 1 1.0
0 135099 1322 3878 1 1 0 1.0
0 161101 1322 3612 1 1 0 1.0
0 120950 1329 2864 1 10 1 1.0
0 110777 1331 2957 1 1 0 1.0
0 101768 1334 2404 1 1 1 1.0
0 148713 1336 4002 1 1 0 1.0
0 122084 1336 3617 1 1 1 1.0
0 83493 1337 2461 1 10 0 1.0
0 115994 1342 3188 1 50 0 1.0
0 155822 1346 4233 1 10 0 1.0
0 167383 1348 4565 1 10 0 1.0
0 99456 1348 2911 1 50 0 1.0
0 140248 1349 3275 1 10 0 1.0
0 176934 1354 4900 1 1 1 1.0
0 169150 1355 4115 1 1 1 1.0
0 177542 1356 4092 1 50 1 1.0
0 109606 1359 2498 1 1 0 1.0
0 168796 1363 4697 1 10 1 1.0
0 169249 1364 4047 1 1 1 1.0
0 102290 1365 2658 1 1 0 1.0
0 176890 1370 4960 1 1 1 1.0
0 176120 1370 4314 1 1 1 1.0
0 60882 1370 1730 1 10 0 1.0
0 137456 1370 3148 1 1 0 1.0
0 96876 1371 2142 1 1 0 1.0
0 151365 1371 3880 1 10 1 1.0
0 147215 1374 3503 1 10 1 1.0
0 90277 1377 2658 1 1 1 1.0
0 116336 1379 3420 1 10 1 1.0
0 117055 1379 2428 1 1 0 1.0
0 159066 1380 4637 1 1 1 1.0
0 158151 1381 4088 1 50 1 1.0
0 149779 1386 3360 1 10 0 1.0
0 98139 1389 2047 1 1 0 1.0
0 112823 1393 3039 1 1 0 1.0
0 121367 1396 3453 1 1 1 1.0
0 69146 1398 2054 1 10 0 1.0
0 140494 1398 3757 1 10 0 1.0
0 100323 1400 2394 1 10 1 1.0
0 155306 1401 4164 1 1 0 1.0
0 132502 1407 3465 1 50 0 1.0
0 69574 1408 1917 1 1 0 1.0
0 86598 1411 1998 1 1 1 1.0
0 80825 1411 1826 1 1 1 1.0
0 79056 1412 2279 1 1 0 1.0
0 117832 1415 2782 1 1 0 1.0
0 105692 1415 2335 1 1 0 1.0
0 82582 1417 1686 1 1 0 1.0
0 149293 1418 3449 1 1 0 1.0
0 149047 1419 3769 1 10 1 1.0
0 98726 1425 2131 1 10 0 1.0
0 179195 1428 5224 1 10 1 1.0
0 171084 1429 4285 1 10 0 1.0
0 100135 1430 2271 1 10 0 1.0
0 122533 1434 2846 1 10 1 1.0
0 143267 1440 3300 1 50 0 1.0
0 120314 1440 2923 1 10 0 1.0
0 81319 1444 2252 1 10 1 1.0
0 159067 1445 4288 1 10 1 1.0
0 105664 1445 3027 1 1 1 1.0
0 126439 1446 3362 1 50 1 1.0
0 81252 1446 1875 1 1 1 1.0
0 73480 1449 2039 1 10 1 1.0
0 60312 1451 1607 1 10 0 1.0
0 96835 1452 2774 1 1 0 1.0
0 138748 1456 3699 1 10 1 1.0
0 175469 1462 3943 1 1 1 1.0
0 124203 1466 2643 1 10 0 1.0
0 175316 1472 3933 1 1 1 1.0
0 77357 1475 1798 1 10 1 1.0
0 174580 1475 3994 1 1 1 1.0
0 152831 1476 4050 1 1 0 1.0
0 112077 1477 2728 1 1 0 1.0
0 158193 1480 3936 1 1 1 1.0
0 157737 1480 3199 1 1 0 1.0
0 76205 1481 2263 1 1 0 1.0
0 107695 1481 2629 1 1 1 1.0
0 155052 1484 4488 1 10 1 1.0
0 105982 1485 2493 1 1 0 1.0
0 65077 1490 1876 1 1 0 1.0
0 107456 1492 2316 1 10 1 1.0
0 135830 1493 2985 1 10 0 1.0
0 148712 1495 3632 1 10 0 1.0
0 159821 1496 3794 1 1 0 1.0
0 96622 1498 2143 1 1 1 1.0
0 80196 1498 2282 1 1 1 1.0
0 69755 1499 1748 1 1 0 1.0
0 104573 1506 2802 1 1 0 1.0
0 152156 1509 3617 1 1 1 1.0
0 86139 1509 2498 1 1 0 1.0
0 106101 1513 2460 1 1 0 1.0
0 126665 1515 3191 1 1 0 1.0
0 146178 1515 4112 1 1 0 1.0
0 72035 1518 1813 1 10 1 1.0
0 170353 1519 3860 1 10 0 1.0
0 143399 1523 3371 1 1 0 1.0
0 103980 1525 2450 1 1 1 1.0
0 84458 1530 2234 1 1 1 1.0
0 162707 1531 4090 1 1 1 1.0
0 130656 1532 2824 1 1 0 1.0
0 73158 1535 1603 1 1 0 1.0
0 105583 1535 2410 1 10 1 1.0
0 102710 1536 2768 1 50 0 1.0
0 74580 1538 2139 1 1 0 1.0
0 172792 1539 4827 1 1 1 1.0
0 136447 1541 2749 1 50 0 1.0
0 96285 1541 2157 1 1 0 1.0
0 124995 1542 2513 1 50 0 1.0
0 131257 1542 2718 1 10 0 1.0
0 98130 1543 2541 1 1 0 1.0
0 70045 1547 2034 1 1 0 1.0
0 114210 1547 3143 1 1 1 1.0
0 127199 1547 3602 1 1 1 1.0
0 178925 1548 4943 1 1 1 1.0
0 175935 1554 5186 1 1 0 1.0
0 139111 1554 3680 1 1 1 1.0
0 103301 1557 2998 1 10 0 1.0
0 121023 1559 3165 1 10 1 1.0
0 76691 1564 1828 1 1 1 1.0
0 60073 1568 1506 1 10 0 1.0
0 162883 1568 4066 1 1 0 1.0
0 149997 1569 3280 1 10 1 1.0
0 169075 1569 4376 1 10 1 1.0
0 120563 1571 2649 1 1 1 1.0
0 167561 1571 4847 1 50 0 1.0
0 60274 1571 1678 1 10 0 1.0
0 73047 1578 1909 1 1 1 1.0
0 102266 1580 2484 1 10 1 1.0
0 65304 1586 1423 1 1 0 1.0
0 125749 1588 3546 1 10 0 1.0
0 154229 1588 4057 1 1 0 1.0
0 86596 1590 1856 1 1 0 1.0
0 130808 1595 3147 1 1 1 1.0
0 92324 1598 2743 1 1 0 1.0
0 164981 1600 3356 1 10 0 1.0
0 178083 1601 4025 1 10 0 1.0
0 171840 1603 4293 1 50 0 1.0
0 166649 1606 4804 1 1 1 1.0
0 96593 1607 2027 1 1 0 1.0
0 139765 1609 3374 1 10 0 1.0
0 149984 1611 3923 1 10 1 1.0
0 89616 1611 2459 1 1 0 1.0
0 63959 1613 1736 1 1 1 1.0
0 170770 1618 4224 1 50 1 1.0
0 109503 1623 2788 1 1 1 1.0
0 106557 1624 2421 1 50 1 1.0
0 157828 1628 3186 1 1 1 1.0
0 109104 1628 2612 1 1 0 1.0
0 109178 1628 2262 1 10 0 1.0
0 83153 1628 2230 1 1 1 1.0
0 146635 1637 3610 1 1 0 1.0
0 64202 1639 1495 1 1 1 1.0
0 130278 1641 3336 1 10 0 1.0
0 139456 1657 3083 1 1 1 1.0
0 82926 1662 1992 1 1 0 1.0
0 124622 1666 3551 1 1 1 1.0
0 178095 1667 3998 1 10 1 1.0
0 138398 1667 2982 1 50 0 1.0
0 72990 1669 1667 1 10 0 1.0
0 101564 1672 2774 1 1 1 1.0
0 95564 1674 2116 1 50 0 1.0
0 67819 1674 2003 1 1 1 1.0
0 171713 1675 3896 1 10 0 1.0
0 133996 1675 3686 1 1 1 1.0
0 161236 1676 4239 1 1 1 1.0
0 77124 1676 2223 1 10 0 1.0
0 116170 1676 3057 1 10 1 1.0
0 105709 1681 2937 1 10 0 1.0
0 132658 1686 2694 1 10 1 1.0
0 134455 1690 3735 1 1 0 1.0
0 134298 1692 2913 1 50 1 1.0
0 90878 1693 2340 1 1 1 1.0
0 131099 1696 2799 1 1 1 1.0
0 96451 1699 2609 1 1 1 1.0
0 163789 1704 3988 1 1 1 1.0
0 174743 1705 3605 1 1 1 1.0
0 157176 1707 3479 1 10 0 1.0
0 131288 1708 2989 1 1 0 1.0
0 101422 1711 3008 1 10 0 1.0
0 110236 1714 2888 1 50 1 1.0
0 86393 1717 2400 1 1 1 1.0
0 132242 1718 3704 1 1 0 1.0
0 165976 1721 3643 1 1 1 1.0
0 91304 1721 2141 1 10 1 1.0
0 173622 1727 4821 1 1 1 1.0
0 89854 1728 1983 1 1 1 1.0
0 112174 1731 3002 1 10 0 1.0
0 171170 1732 4259 1 1 0 1.0
0 89582 1732 2344 1 1 1 1.0
0 73547 1733 1888 1 1 1 1.0
0 158517 1735 3251 1 50 0 1.0
0 149514 1739 4164 1 1 1 1.0
0 104050 1740 2820 1 1 1 1.0
0 176933 1744 4302 1 10 1 1.0
0 62608 1747 1690 1 10 1 1.0
0 149413 1754 4161 1 1 1 1.0
0 147145 1755 3352 1 1 1 1.0
0 129806 1756 2916 1 1 0 1.0
0 164350 1758 3983 1 1 1 1.0
0 174851 1762 3754 1 1 1 1.0
0 131959 1765 3394 1 1 0 1.0
0 171869 1771 5039 1 1 0 1.0
0 89186 1774 1835 1 50 1 1.0
0 175321 1775 4452 1 1 0 1.0
0 157151 1776 4124 1 1 1 1.0
0 120009 1778 2675 1 1 1 1.0
0 152373 1781 3374 1 1 1 1.0
0 62889 1782 1424 1 1 0 1.0
0 102394 1782 2691 1 1 0 1.0
0 64989 1783 1937 1 1 1 1.0
0 92772 1791 2670 1 1 0 1.0
0 97387 1792 2899 1 1 1 1.0
0 152715 1792 4570 1 1 0 1.0
0 151970 1792 4057 1 10 0 1.0
0 90501 1795 1878 1 1 0 1.0
0 164952 1795 4161 1 10 0 1.0
0 118395 1796 3463 1 1 0 1.0
0 154065 1800 3409 1 10 0 1.0
0 69401 1802 1904 1 1 0 1.0
0 96755 1802 2713 1 1 1 1.0
0 60042 1804 1456 1 10 0 1.0
0 114711 1812 2555 1 10 1 1.0
0 90267 1812 2010 1 10 0 1.0
0 169547 1814 5070 1 50 0 1.0
0 66320 1815 1756 1 1 1 1.0
0 172636 1816 4675 1 1 0 1.0
0 142362 1818 3252 1 50 1 1.0
0 97381 1821 1976 1 1 1 1.0
0 89075 1821 2302 1 10 1 1.0
0 76246 1822 1567 1 10 1 1.0
0 98472 1825 2786 1 50 0 1.0
0 155906 1826 3896 1 10 0 1.0
0 123345 1827 3077 1 1 1 1.0
0 99133 1830 2489 1 10 1 1.0
0 86333 1833 2587 1 1 0 1.0
0 90366 1836 1810 1 1 1 1.0
0 75162 1837 1866 1 1 0 1.0
0 67050 1839 2004 1 50 1 1.0
0 175401 1840 4912 1 10 1 1.0
0 172529 1840 4479 1 1 0 1.0
0 88560 1840 1795 1 1 0 1.0
0 115639 1844 3106 1 10 0 1.0
0 89721 1846 2236 1 1 0 1.0
0 172726 1851 4736 1 50 0 1.0
0 136696 1858 3541 1 1 0 1.0
0 166523 1861 4419 1 1 1 1.0
0 153465 1862 4195 1 1 1 1.0
0 73927 1863 1684 1 1 1 1.0
0 100280 1866 2759 1 10 0 1.0
0 77875 1875 1667 1 1 0 1.0
0 156129 1875 4147 1 50 0 1.0
0 177197 1878 4191 1 1 1 1.0
0 117735 1889 3241 1 1 1 1.0
0 79376 1890 1611 1 10 1 1.0
0 160820 1892 3325 1 1 1 1.0
0 86256 1897 2128 1 1 1 1.0
0 115034 1898 2561 1 1 0 1.0
0 98191 1905 2470 1 1 0 1.0
0 179788 1911 4919 1 10 0 1.0
0 93811 1917 2362 1 1 1 1.0
0 142322 1918 3385 1 1 1 1.0
0 105677 1919 2149 1 50 1 1.0
0 161248 1919 4473 1 1 0 1.0
0 94370 1920 1985 1 1 0 1.0
0 172945 1924 3927 1 10 0 1.0
0 108076 1924 2542 1 10 1 1.0
0 164678 1924 4857 1 10 0 1.0
0 138881 1925 3356 1 1 0 1.0
0 126342 1926 3299 1 10 1 1.0
0 178422 1928 4445 1 1 1 1.0
0 173063 1928 4249 1 1 1 1.0
0 117428 1930 2684 1 1 0 1.0
0 151826 1932 4094 1 50 1 1.0
0 105227 1935 2931 1 10 1 1.0
0 105746 1935 2524 1 1 1 1.0
0 172959 1937 4666 1 10 1 1.0
0 175348 1939 4361 1 50 0 1.0
0 110117 1943 2562 1 1 1 1.0
0 139534 1944 3421 1 1 1 1.0
0 177705 1948 5274 1 50 1 1.0
0 125133 1948 3576 1 1 0 1.0
0 110952 1949 3297 1 10 0 1.0
0 151117 1953 4034 1 1 1 1.0
0 95435 1955 2411 1 50 0 1.0
0 148759 1956 3133 1 1 1 1.0
0 102139 1956 2105 1 1 0 1.0
0 157184 1959 4491 1 10 1 1.0
0 158135 1963 3796 1 10 1 1.0
0 106558 1964 3118 1 1 1 1.0
0 71552 1970 2020 1 1 1 1.0
0 158093 1971 4159 1 1 1 1.0
0 166973 1971 3951 1 50 1 1.0
0 62424 1972 1803 1 1 1 1.0
0 159206 1974 4229 1 1 1 1.0
0 115214 1983 2537 1 10 1 1.0
0 109152 1983 2249 1 50 0 1.0
0 109314 1985 2703 1 1 0 1.0
0 75923 1985 1698 1 50 0 1.0
0 84754 1989 2217 1 1 1 1.0
0 177145 1990 4350 1 1 0 1.0
0 165284 1991 3875 1 1 1 1.0
0 62631 1991 1692 1 1 0 1.0
0 177262 1991 4067 1 10 1 1.0
0 65630 1995 1627 1 10 1 1.0
0 120916 1995 2878 1 10 0 1.0
0 125319 1998 3668 1 1 1 1.0
0 86487 1999 1952 1 50 1 1.0
0 145370 2003 3396 1 10 0 1.0
0 96513 2008 2710 1 1 0 1.0
0 125780 2009 3430 1 50 1 1.0
0 178901 2012 3629 1 1 0 1.0
0 143767 2014 3100 1 10 1 1.0
0 117529 2016 3366 1 1 1 1.0
0 148408 2023 4142 1 1 0 1.0
0 64159 2023 1682 1 1 0 1.0
0 111078 2024 2698 1 1 1 1.0
0 142024 2024 3623 1 10 0 1.0
0 144946 2024 3081 1 10 0 1.0
0 146742 2032 3898 1 1 1 1.0
0 122155 2039 2774 1 1 0 1.0
0 91828 2044 2725 1 1 0 1.0
0 70105 2047 1489 1 1 1 1.0
0 174670 2049 4995 1 1 1 1.0
0 70980 2054 1942 1 1 0 1.0
0 114166 2054 2542 1 10 1 1.0
0 73628 2056 1935 1 10 1 1.0
0 150620 2060 4490 1 1 1 1.0
0 143032 2062 3114 1 1 1 1.0
0 62001 2062 1392 1 1 1 1.0
0 117044 2063 2744 1 1 0 1.0
0 111283 2064 3024 1 10 0 1.0
0 83341 2074 2266 1 1 1 1.0
0 123486 2074 3417 1 1 1 1.0
0 164952 2074 4437 1 1 1 1.0
0 111290 2079 3182 1 10 1 1.0
0 115653 2082 3155 1 50 1 1.0
0 171151 2083 4051 1 10 1 1.0
0 118745 2087 3396 1 1 1 1.0
0 61944 2088 1486 1 10 1 1.0
0 103508 2093 2606 1 10 0 1.0
0 109095 2100 2973 1 1 0 1.0
0 158937 2100 3760 1 1 1 1.0
0 125775 2101 2969 1 1 0 1.0
0 81842 2102 2258 1 50 1 1.0
0 141711 2103 3477 1 1 0 1.0
0 76659 2105 2131 1 1 1 1.0
0 78336 2105 2324 1 50 0 1.0
0 84234 2105 1916 1 1 0 1.0
0 118058 2112 3288 1 1 1 1.0
0 121274 2113 2735 1 1 1 1.0
0 145443 2114 3474 1 1 0 1.0
0 83406 2118 2022 1 1 1 1.0
0 87421 2119 1815 1 50 0 1.0
0 135983 2119 3164 1 10 1 1.0
0 78319 2121 1804 1 1 1 1.0
0 110061 2124 2863 1 1 1 1.0
0 70864 2124 1462 1 1 0 1.0
0 123077 2128 3620 1 10 0 1.0
0 127002 2133 3418 1 10 1 1.0
0 134661 2134 2876 1 1 1 1.0
0 95969 2140 2139 1 1 0 1.0
0 120940 2144 3491 1 50 0 1.0
0 126462 2144 3685 1 50 1 1.0
0 96118 2145 2830 1 10 0 1.0
0 82593 2149 1786 1 50 1 1.0
0 94882 2153 2811 1 1 0 1.0
0 97012 2156 2224 1 1 1 1.0
0 158752 2162 4344 1 10 0 1.0
0 138096 2171 4024 1 10 1 1.0
0 151061 2172 3400 1 1 1 1.0
0 152480 2173 3920 1 10 1 1.0
0 125703 2175 3116 1 10 1 1.0
0 62378 2177 1812 1 10 1 1.0
0 96839 2181 2323 1 10 0 1.0
0 78093 2185 2091 1 50 1 1.0
0 146789 2188 3618 1 1 1 1.0
0 161882 2193 4586 1 1 1 1.0
0 163882 2194 3702 1 1 0 1.0
0 179202 2197 4873 1 50 0 1.0
0 64017 2199 1434 1 10 0 1.0
0 175080 2201 4669 1 10 0 1.0
0 67224 2207 1577 1 10 0 1.0
0 66678 2213 1514 1 1 1 1.0
0 104899 2216 2726 1 1 0 1.0
0 101449 2220 2205 1 10 0 1.0
0 87751 2222 1886 1 1 1 1.0
0 96869 2223 2678 1 10 0 1.0
0 128254 2227 3072 1 1 1 1.0
0 145028 2228 3024 1 1 0 1.0
0 93534 2228 2674 1 1 1 1.0
0 96801 2231 2067 1 50 0 1.0
0 107236 2231 2521 1 10 1 1.0
0 139577 2231 3139 1 1 1 1.0
0 127260 2234 3116 1 10 1 1.0
0 150875 2239 3243 1 1 1 1.0
0 64118 2241 1485 1 10 1 1.0
0 159132 2246 3454 1 1 0 1.0
0 146120 2252 3304 1 10 1 1.0
0 106594 2253 2864 1 1 0 1.0
0 115729 2254 2421 1 1 1 1.0
0 97403 2263 2072 1 1 0 1.0
0 159468 2265 3960 1 1 1 1.0
0 155405 2265 3258 1 10 1 1.0
0 155025 2266 4062 1 10 1 1.0
0 175191 2275 4791 1 1 0 1.0
0 66410 2277 1349 1 10 0 1.0
0 88604 2282 2272 1 10 1 1.0
0 105842 2287 2172 1 1 0 1.0
0 64382 2289 1724 1 10 0 1.0
0 69921 2289 2052 1 10 1 1.0
0 100619 2290 2806 1 1 1 1.0
0 73699 2293 1592 1 10 0 1.0
0 136488 2293 2912 1 10 1 1.0
0 110851 2294 2383 1 10 1 1.0
0 74831 2298 2070 1 50 0 1.0
0 159033 2299 3515 1 1 1 1.0
0 150620 2300 4253 1 10 0 1.0
0 161217 2303 4451 1 10 0 1.0
0 120431 2306 2674 1 1 1 1.0
0 125912 2307 2820 1 1 1 1.0
0 79833 2309 2286 1 1 1 1.0
0 73575 2310 1633 1 50 1 1.0
0 158206 2310 3216 1 1 0 1.0
0 149451 2310 3028 1 1 0 1.0
0 122738 2311 3066 1 10 1 1.0
0 124756 2312 3046 1 1 1 1.0
0 72394 2312 1506 1 1 0 1.0
0 159292 2314 3828 1 1 1 1.0
0 90051 2319 2418 1 1 1 1.0
0 170892 2325 4120 1 1 1 1.0
0 81335 2326 2045 1 10 0 1.0
0 124057 2328 2558 1 1 1 1.0
0 89989 2330 2211 1 1 0 1.0
0 160745 2338 3993 1 1 0 1.0
0 106721 2341 2308 1 1 0 1.0
0 134847 2347 3827 1 1 1 1.0
0 124632 2349 3094 1 10 1 1.0
0 109669 2350 2844 1 1 0 1.0
0 139076 2357 4156 1 50 0 1.0
0 111770 2358 3160 1 10 0 1.0
0 111497 2361 3181 1 1 0 1.0
0 126692 2366 2943 1 1 0 1.0
0 113712 2368 3099 1 1 1 1.0
0 104387 2369 2695 1 1 1 1.0
0 156108 2370 3755 1 10 0 1.0
0 129299 2371 3430 1 10 0 1.0
0 101671 2371 2776 1 1 0 1.0
0 86389 2376 2512 1 1 0 1.0
0 159215 2379 4548 1 10 0 1.0
0 129228 2380 3142 1 10 0 1.0
0 127091 2384 2592 1 1 0 1.0
0 76164 2385 2075 1 1 0 1.0
0 112372 2389 2923 1 50 0 1.0
0 167628 2394 4479 1 50 0 1.0
0 154466 2396 3709 1 1 1 1.0
0 109347 2402 3079 1 1 0 1.0
0 102172 2406 2748 1 1 0 1.0
0 99059 2409 2306 1 1 0 1.0
0 168005 2409 4134 1 50 1 1.0
0 164353 2412 4681 1 1 0 1.0
0 150297 2412 3338 1 10 0 1.0
0 68024 2412 1650 1 10 1 1.0
0 160425 2413 4426 1 1 0 1.0
0 99196 2415 2902 1 10 1 1.0
0 168213 2416 3387 1 1 0 1.0
0 74551 2419 1718 1 1 0 1.0
0 63166 2425 1599 1 1 1 1.0
0 77814 2428 1624 1 1 0 1.0
0 123118 2433 2477 1 10 1 1.0
0 80858 2435 1823 1 50 1 1.0
0 152189 2437 4096 1 1 1 1.0
0 166392 2441 4961 1 1 1 1.0
0 129958 2441 3775 1 10 0 1.0
0 108003 2443 2745 1 1 0 1.0
0 176416 2449 4946 1 1 1 1.0
0 165836 2452 4543 1 10 0 1.0
0 166565 2452 4061 1 50 0 1.0
0 156897 2453 3182 1 10 0 1.0
0 169682 2456 4302 1 1 1 1.0
0 113236 2459 2458 1 10 0 1.0
0 65812 2460 1903 1 1 0 1.0
0 134774 2461 3525 1 1 1 1.0
0 136732 2462 3234 1 1 0 1.0
0 128441 2467 2713 1 1 1 1.0
0 173357 2471 4807 1 10 1 1.0
0 94395 2472 2759 1 1 0 1.0
0 157599 2472 4596 1 1 1 1.0
0 104200 2473 2280 1 1 0 1.0
0 146522 2482 3184 1 1 1 1.0
0 79406 2483 2134 1 10 0 1.0
0 158923 2483 3355 1 1 1 1.0
0 146539 2490 3619 1 10 1 1.0
0 82354 2491 2213 1 1 1 1.0
0 100985 2492 2180 1 10 1 1.0
0 122438 2492 2565 1 50 0 1.0
0 92439 2498 2434 1 1 0 1.0
0 102625 2498 2446 1 10 1 1.0
0 85849 2500 2204 1 1 0 1.0
0 136272 2502 2826 1 1 0 1.0
0 87373 2504 1989 1 10 0 1.0
0 105531 2506 2952 1 50 0 1.0
0 178145 2514 4435 1 10 0 1.0
0 149507 2515 3403 1 10 0 1.0
0 128897 2518 3682 1 10 0 1.0
0 108644 2518 2913 1 10 1 1.0
0 151275 2528 3855 1 1 0 1.0
0 132651 2530 3754 1 1 1 1.0
0 102266 2534 2581 1 1 0 1.0
0 158009 2535 3791 1 1 1 1.0
0 87569 2537 2288 1 1 1 1.0
0 173578 2537 4521 1 1 1 1.0
0 68808 2538 1423 1 1 1 1.0
0 111912 2539 2245 1 10 1 1.0
0 138737 2542 3220 1 1 0 1.0
0 109694 2546 2534 1 50 1 1.0
0 124132 2547 2950 1 1 1 1.0
0 122407 2547 3397 1 10 0 1.0
0 139376 2555 3600 1 1 0 1.0
0 164521 2555 3891 1 1 0 1.0
0 167034 2560 4858 1 1 0 1.0
0 75053 2563 2163 1 1 1 1.0
0 135733 2564 3089 1 1 0 1.0
0 107749 2564 3175 1 1 1 1.0
0 73135 2567 1615 1 1 1 1.0
0 78346 2570 1964 1 10 0 1.0
0 68672 2573 1493 1 10 1 1.0
0 113204 2573 2470 1 1 0 1.0
0 78591 2573 2023 1 1 1 1.0
0 79033 2575 1677 1 1 0 1.0
0 144991 2579 3473 1 1 0 1.0
0 76018 2581 1878 1 10 1 1.0
0 123283 2582 2548 1 1 1 1.0
0 123546 2595 2864 1 10 1 1.0
0 113097 2597 2699 1 50 1 1.0
0 94257 2598 2270 1 1 1 1.0
0 88315 2602 2604 1 50 0 1.0
0 98654 2602 2295 1 10 0 1.0
0 114506 2605 2773 1 10 1 1.0
0 148943 2607 3498 1 1 0 1.0
0 75919 2610 1754 1 1 1 1.0
0 66577 2619 1820 1 10 0 1.0
0 149291 2620 3276 1 1 0 1.0
0 177852 2622 4114 1 1 1 1.0
0 154069 2622 3724 1 10 0 1.0
0 139996 2622 3462 1 1 1 1.0
0 84789 2623 2444 1 10 1 1.0
0 114432 2635 2818 1 10 0 1.0
0 129089 2635 3870 1 1 0 1.0
0 96247 2636 2545 1 1 0 1.0
0 112123 2637 2243 1 10 1 1.0
0 148070 2639 3653 1 1 0 1.0
0 174133 2640 5031 1 1 1 1.0
0 98794 2640 2227 1 50 1 1.0
0 179453 2641 4063 1 1 0 1.0
0 179433 2642 5365 1 10 1 1.0
0 172449 2645 4973 1 50 0 1.0
0 118086 2647 3018 1 1 1 1.0
0 96979 2649 2801 1 1 1 1.0
0 150518 2650 4057 1 10 0 1.0
0 115950 2653 2998 1 50 0 1.0
0 61687 2659 1717 1 1 0 1.0
0 73917 2661 1710 1 50 0 1.0
0 167578 2665 3572 1 10 1 1.0
0 97273 2673 2774 1 10 1 1.0
0 74823 2674 1697 1 1 1 1.0
0 117879 2675 3255 1 1 0 1.0
0 149791 2683 4127 1 1 1 1.0
0 60489 2683 1489 1 10 1 1.0
0 143310 2685 4281 1 1 0 1.0
0 72744 2687 2134 1 1 0 1.0
0 145355 2692 3261 1 10 0 1.0
0 132208 2694 3142 1 1 1 1.0
0 172042 2700 4603 1 1 0 1.0
0 71989 2705 1544 1 1 0 1.0
0 136789 2707 3038 1 1 1 1.0
0 138917 2708 3968 1 1 0 1.0
0 148816 2708 4166 1 10 0 1.0
0 65218 2711 1521 1 1 0 1.0
0 139213 2711 3113 1 10 1 1.0
0 160513 2714 3749 1 50 1 1.0
0 136006 2716 3485 1 10 1 1.0
0 120158 2717 2456 1 1 1 1.0
0 177285 2720 4615 1 1 1 1.0
0 164917 2723 4552 1 10 0 1.0
0 129672 2723 2739 1 10 0 1.0
0 104579 2723 2221 1 10 0 1.0
0 73869 2724 1914 1 10 0 1.0
0 111374 2731 2377 1 10 1 1.0
0 90726 2732 2367 1 1 1 1.0
0 78540 2734 2287 1 1 0 1.0
0 129141 2736 3783 1 1 0 1.0
0 167375 2738 4237 1 10 1 1.0
0 164898 2739 4782 1 1 0 1.0
0 162477 2746 4525 1 1 0 1.0
0 111975 2747 3322 1 10 0 1.0
0 95452 2753 2136 1 1 0 1.0
0 91810 2756 1893 1 1 0 1.0
0 76553 2756 1941 1 1 1 1.0
0 76108 2756 2193 1 1 0 1.0
0 131121 2757 2675 1 10 0 1.0
0 90591 2763 2160 1 10 1 1.0
0 108639 2764 2378 1 1 1 1.0
0 88881 2766 1851 1 1 1 1.0
0 170954 2766 4008 1 1 1 1.0
0 92901 2770 2320 1 10 0 1.0
0 69052 2773 1527 1 10 0 1.0
0 125981 2774 3312 1 10 1 1.0
0 85047 2778 2041 1 1 0 1.0
0 99149 2778 2276 1 1 1 1.0
0 106898 2778 2928 1 10 1 1.0
0 179848 2778 3880 1 50 0 1.0
0 97943 2781 2210 1 1 1 1.0
0 113248 2785 3271 1 1 0 1.0
0 79328 2787 1758 1 1 1 1.0
0 143080 2789 3128 1 50 0 1.0
0 113316 2790 3341 1 10 0 1.0
0 178253 2790 4246 1 10 1 1.0
0 131895 2792 2689 1 1 1 1.0
0 75580 2794 2237 1 1 0 1.0
0 90321 2794 2200 1 1 1 1.0
0 111874 2795 2721 1 1 0 1.0
0 80059 2797 2310 1 10 1 1.0
0 67339 2800 1592 1 1 1 1.0
0 148064 2804 3879 1 50 1 1.0
0 118538 2807 2769 1 1 1 1.0
0 128022 2813 3631 1 1 0 1.0
0 81099 2814 2350 1 1 1 1.0
0 168760 2820 3517 1 1 0 1.0
0 68796 2821 1616 1 1 0 1.0
0 150077 2823 3688 1 1 1 1.0
0 127979 2828 3461 1 10 0 1.0
0 60312 2829 1277 1 10 0 1.0
0 153741 2832 3337 1 10 1 1.0
0 110112 2832 2925 1 50 1 1.0
0 145263 2834 4252 1 10 0 1.0
0 67195 2835 1398 1 50 1 1.0
0 133228 2840 3146 1 1 0 1.0
0 172390 2840 4661 1 10 0 1.0
0 147764 2844 3936 1 1 1 1.0
0 139949 2846 4091 1 1 0 1.0
0 119336 2848 3128 1 1 1 1.0
0 138547 2848 3890 1 1 0 1.0
0 122125 2849 2446 1 10 0 1.0
0 179337 2850 4969 1 10 1 1.0
0 132474 2851 3787 1 1 1 1.0
0 93687 2851 2656 1 1 0 1.0
0 82282 2852 1943 1 10 0 1.0
0 87153 2852 1778 1 50 1 1.0
0 153118 2853 3977 1 1 1 1.0
0 85048 2859 2545 1 1 0 1.0
0 153989 2867 3250 1 50 0 1.0
0 96394 2873 2325 1 1 0 1.0
0 157824 2875 4641 1 10 0 1.0
0 143397 2877 2943 1 10 0 1.0
0 89347 2878 2008 1 10 0 1.0
0 128873 2879 3027 1 1 0 1.0
0 172368 2880 3684 1 1 1 1.0
0 124952 2882 3323 1 10 0 1.0
0 154169 2883 3492 1 1 1 1.0
0 97979 2885 2160 1 1 0 1.0
0 133944 2886 3189 1 1 1 1.0
0 140325 2888 3651 1 10 0 1.0
0 97639 2889 2264 1 1 0 1.0
0 121530 2901 3270 1 1 1 1.0
0 125684 2906 2664 1 10 0 1.0
0 75373 2915 1919 1 1 0 1.0
0 114948 2919 2907 1 1 0 1.0
0 163454 2919 4050 1 1 0 1.0
0 147272 2920 4107 1 1 1 1.0
0 129483 2922 3163 1 1 0 1.0
0 106368 2925 2308 1 1 0 1.0
0 72512 2926 1694 1 1 1 1.0
0 76840 2931 2225 1 1 1 1.0
0 169502 2932 3676 1 1 0 1.0
0 139455 2933 3145 1 50 0 1.0
0 162956 2933 4123 1 1 1 1.0
0 108183 2938 2926 1 1 1 1.0
0 133708 2939 3869 1 10 0 1.0
0 167003 2940 3758 1 10 0 1.0
0 117925 2947 2475 1 1 1 1.0
0 60795 2948 1455 1 1 1 1.0
0 133743 2948 3467 1 1 0 1.0
0 73880 2949 1928 1 1 0 1.0
0 147880 2953 3420 1 1 1 1.0
0 160184 2957 3705 1 1 0 1.0
0 148612 2957 3550 1 10 1 1.0
0 115099 2965 3073 1 10 0 1.0
0 155299 2968 4480 1 1 0 1.0
0 67728 2970 1371 1 50 1 1.0
0 105439 2972 3085 1 1 1 1.0
0 106412 2981 2979 1 1 0 1.0
0 81396 2982 1643 1 1 0 1.0
0 165541 2986 4891 1 1 0 1.0
0 127678 2986 2589 1 1 0 1.0
0 112961 2988 2294 1 10 0 1.0
0 87079 2989 2562 1 10 0 1.0
0 118437 2990 2680 1 50 1 1.0
0 66718 2993 1567 1 1 1 1.0
0 135992 2993 4021 1 1 0 1.0
0 153383 2994 3724 1 1 1 1.0
0 72150 2994 2084 1 1 1 1.0
0 92966 3000 2198 1 1 0 1.0
0 126113 3002 2974 1 50 1 1.0
0 96469 3016 2198 1 1 1 1.0
0 153503 3016 4104 1 1 1 1.0
0 133136 3019 3704 1 1 0 1.0
0 140045 3019 3699 1 1 1 1.0
0 95006 3023 2845 1 1 0 1.0
0 99714 3028 2192 1 10 0 1.0
0 145453 3028 3822 1 50 1 1.0
0 96797 3029 2697 1 1 0 1.0
0 176313 3032 4907 1 10 0 1.0
0 63917 3032 1852 1 50 1 1.0
0 155194 3034 3857 1 10 0 1.0
0 115523 3035 3139 1 1 1 1.0
0 98033 3041 2271 1 50 1 1.0
0 175060 3043 4275 1 50 0 1.0
0 166584 3044 3783 1 10 1 1.0
0 148572 3045 3112 1 10 0 1.0
0 140173 3045 2865 1 1 0 1.0
0 61433 3046 1582 1 50 1 1.0
0 89109 3049 1903 1 1 0 1.0
0 146327 3050 3116 1 1 1 1.0
0 146868 3050 3241 1 10 0 1.0
0 102249 3051 2614 1 1 1 1.0
0 71824 3052 1499 1 1 0 1.0
0 77830 3052 1856 1 1 1 1.0
0 144231 3056 4307 1 1 1 1.0
0 160351 3057 3650 1 10 0 1.0
0 130018 3058 3536 1 50 0 1.0
0 104759 3062 2720 1 10 0 1.0
0 120039 3064 2577 1 50 0 1.0
0 67501 3065 1526 1 50 1 1.0
0 90745 3071 2067 1 1 1 1.0
0 107502 3075 3076 1 1 0 1.0
0 158193 3076 4199 1 10 0 1.0
0 117529 3077 2361 1 1 1 1.0
0 93406 3079 2719 1 1 0 1.0
0 72906 3090 1518 1 1 0 1.0
0 132840 3091 2781 1 1 0 1.0
0 74404 3091 1706 1 10 0 1.0
0 60794 3093 1558 1 1 1 1.0
0 95927 3096 1998 1 1 0 1.0
0 99524 3097 2563 1 50 1 1.0
0 77064 3099 1918 1 1 1 1.0
0 149397 3100 3853 1 1 1 1.0
0 144086 3101 3766 1 1 0 1.0
0 106737 3102 2714 1 10 0 1.0
0 123252 3103 3400 1 1 1 1.0
0 164024 3103 3939 1 1 1 1.0
0 178261 3104 4182 1 10 1 1.0
0 155118 3107 3310 1 1 0 1.0
0 60109 3109 1427 1 1 0 1.0
0 72442 3112 2017 1 1 0 1.0
0 159135 3121 3204 1 1 0 1.0
0 77707 3126 1927 1 1 1 1.0
0 123709 3126 3477 1 10 0 1.0
0 81045 3131 2152 1 1 1 1.0
0 161975 3134 3407 1 1 1 1.0
0 84879 3136 1896 1 10 1 1.0
0 126057 3147 2604 1 50 0 1.0
0 147443 3149 3765 1 10 0 1.0
0 127483 3154 3778 1 1 0 1.0
0 173318 3157 4458 1 50 0 1.0
0 172523 3158 3806 1 1 1 1.0
0 142452 3159 3705 1 10 1 1.0
0 142849 3162 4017 1 10 1 1.0
0 130491 3163 3393 1 50 1 1.0
0 63183 3169 1355 1 1 1 1.0
0 145316 3170 3326 1 1 0 1.0
0 113530 3177 2330 1 50 1 1.0
0 155727 3184 4262 1 1 0 1.0
0 166821 3190 3353 1 1 1 1.0
0 164740 3190 3851 1 1 1 1.0
0 146422 3192 3847 1 1 1 1.0
0 136139 3194 2763 1 50 1 1.0
0 65538 3197 1879 1 1 0 1.0
0 73296 3201 1877 1 50 0 1.0
0 161252 3203 3344 1 10 1 1.0
0 139567 3204 2886 1 50 1 1.0
0 115651 3206 2392 1 10 0 1.0
0 98699 3206 2555 1 50 0 1.0
0 70735 3206 1571 1 1 0 1.0
0 152149 3206 3564 1 50 1 1.0
0 105178 3208 2762 1 1 0 1.0
0 165075 3208 4906 1 1 1 1.0
0 79087 3210 2117 1 1 0 1.0
0 149785 3211 3265 1 1 1 1.0
0 165032 3211 4684 1 1 0 1.0
0 123401 3215 2657 1 10 1 1.0
0 122127 3219 2827 1 10 1 1.0
0 147103 3225 3231 1 10 1 1.0
0 103247 3231 2612 1 1 0 1.0
0 76854 3232 2183 1 1 1 1.0
0 74405 3238 2002 1 1 0 1.0
0 158668 3241 4344 1 1 0 1.0
0 119642 3248 2425 1 10 0 1.0
0 76682 3249 2154 1 1 0 1.0
0 109202 3252 2415 1 1 0 1.0
0 128622 3252 2870 1 1 0 1.0
0 116935 3253 2508 1 1 1 1.0
0 99756 3260 2146 1 1 0 1.0
0 162121 3261 3774 1 1 1 1.0
0 160463 3268 4255 1 1 1 1.0
0 131163 3269 3117 1 50 1 1.0
0 68969 3273 2058 1 1 1 1.0
0 62288 3274 1475 1 1 1 1.0
0 120737 3274 2830 1 50 1 1.0
0 121911 3274 2885 1 1 0 1.0
0 146200 3276 3162 1 1 1 1.0
0 131355 3277 3150 1 10 0 1.0
0 108094 3283 2718 1 1 0 1.0
0 119459 3288 2987 1 1 0 1.0
0 106665 3296 3144 1 50 0 1.0
0 83340 3296 1892 1 1 1 1.0
0 120152 3298 3485 1 10 1 1.0
0 88170 3299 1907 1 10 1 1.0
0 72774 3300 2028 1 1 1 1.0
0 174602 3312 4358 1 1 1 1.0
0 85982 3313 2294 1 1 0 1.0
0 145006 3314 4242 1 10 0 1.0
0 135045 3315 2991 1 1 1 1.0
0 138162 3319 4127 1 1 0 1.0
0 69222 3320 1650 1 1 0 1.0
0 100964 3322 2632 1 1 1 1.0
0 104914 3323 2217 1 10 0 1.0
0 107110 3323 3083 1 1 1 1.0
0 83222 3326 2222 1 50 0 1.0
0 174301 3328 4794 1 1 1 1.0
0 171373 3329 4930 1 1 1 1.0
0 60583 3331 1733 1 1 0 1.0
0 70743 3331 2112 1 1 1 1.0
0 163213 3331 3298 1 1 0 1.0
0 69362 3333 1974 1 1 1 1.0
0 79393 3335 2319 1 1 1 1.0
0 76050 3339 2104 1 1 0 1.0
0 148976 3340 4196 1 1 1 1.0
0 96002 3346 2656 1 1 0 1.0
0 119169 3348 2744 1 10 0 1.0
0 141456 3354 3587 1 10 0 1.0
0 149143 3355 4350 1 1 1 1.0
0 99851 3363 2338 1 1 0 1.0
0 97561 3368 2496 1 1 1 1.0
0 170476 3369 4124 1 10 0 1.0
0 69859 3369 1562 1 1 1 1.0
0 96794 3373 2496 1 50 1 1.0
0 169317 3373 4791 1 1 0 1.0
0 74133 3376 1566 1 10 0 1.0
0 168834 3376 4290 1 1 0 1.0
0 138048 3376 4132 1 1 1 1.0
0 112240 3376 2595 1 1 0 1.0
0 175211 3381 4484 1 10 1 1.0
0 148617 3384 3842 1 1 1 1.0
0 161050 3386 4154 1 1 1 1.0
0 158963 3387 4597 1 10 1 1.0
0 92358 3387 2290 1 1 1 1.0
0 82826 3390 1947 1 1 0 1.0
0 61763 3393 1762 1 1 0 1.0
0 169294 3396 3742 1 1 1 1.0
0 64663 3397 1535 1 10 1 1.0
0 154294 3398 3960 1 50 0 1.0
0 131534 3402 2679 1 1 1 1.0
0 137169 3403 3194 1 1 0 1.0
0 115986 3404 2671 1 1 1 1.0
0 141162 3405 4187 1 1 0 1.0
0 126773 3405 2695 1 1 0 1.0
0 66060 3408 1474 1 1 0 1.0
0 123840 3411 3624 1 50 0 1.0
0 76349 3412 2274 1 10 0 1.0
0 74398 3412 1684 1 1 1 1.0
0 170492 3413 4602 1 1 0 1.0
0 66269 3414 1786 1 1 1 1.0
0 69234 3416 1643 1 10 1 1.0
0 152266 3417 3927 1 1 1 1.0
0 88153 3419 2292 1 1 1 1.0
0 102484 3419 2268 1 1 0 1.0
0 145032 3420 3778 1 1 1 1.0
0 177898 3423 4945 1 50 0 1.0
0 83243 3428 1927 1 1 1 1.0
0 149286 3431 4035 1 10 1 1.0
0 150195 3434 3100 1 10 1 1.0
0 128628 3436 2845 1 10 0 1.0
0 109180 3436 2323 1 1 1 1.0
0 61102 3439 1451 1 50 0 1.0
0 153519 3440 4442 1 1 1 1.0
0 167961 3442 4014 1 50 0 1.0
0 149131 3446 3141 1 1 0 1.0
0 100677 3446 2190 1 1 0 1.0
0 174743 3448 3905 1 1 0 1.0
0 97705 3450 2608 1 1 0 1.0
0 118973 3451 2574 1 50 1 1.0
0 63723 3454 1582 1 50 0 1.0
0 153416 3454 3318 1 50 0 1.0
0 99087 3455 2244 1 1 0 1.0
0 113549 3455 3383 1 1 1 1.0
0 130201 3458 3397 1 1 0 1.0
0 72065 3459 1579 1 1 0 1.0
0 67379 3460 1441 1 10 0 1.0
0 137521 3461 3199 1 10 1 1.0
0 114136 3468 2903 1 1 0 1.0
0 61616 3476 1298 1 1 0 1.0
0 160026 3476 3588 1 1 0 1.0
0 129493 3479 3065 1 10 1 1.0
0 78957 3485 1861 1 1 0 1.0
0 133744 3490 2731 1 10 1 1.0
0 105889 3491 2667 1 10 1 1.0
0 164044 3494 4264 1 1 1 1.0
0 154201 3497 3543 1 50 0 1.0
0 152305 3499 4239 1 1 0 1.0
0 110795 3500 2397 1 1 0 1.0
0 104781 3504 2869 1 10 0 1.0
0 106456 3506 2259 1 1 1 1.0
0 120653 3509 3580 1 10 0 1.0
0 151013 3509 4447 1 50 1 1.0
0 166667 3516 3607 1 50 1 1.0
0 114178 3520 2881 1 10 1 1.0
0 76418 3529 1954 1 1 0 1.0
0 179004 3531 3597 1 10 1 1.0
0 91992 3531 2420 1 10 0 1.0
0 178276 3533 5186 1 10 0 1.0
0 172741 3533 3652 1 1 1 1.0
0 99213 3534 2905 1 10 0 1.0
0 154400 3536 3180 1 1 1 1.0
0 144999 3536 3538 1 10 1 1.0
0 170121 3537 4109 1 50 1 1.0
0 143525 3537 3896 1 1 0 1.0
0 75849 3541 1580 1 10 1 1.0
0 148855 3542 3678 1 10 1 1.0
0 70093 3542 1938 1 1 0 1.0
0 89083 3544 2068 1 10 0 1.0
0 167867 3545 4136 1 10 0 1.0
0 100089 3547 2503 1 1 1 1.0
0 110453 3547 2663 1 1 1 1.0
0 149992 3552 4003 1 1 1 1.0
0 178403 3553 4471 1 1 0 1.0
0 102526 3554 2249 1 50 1 1.0
0 127352 3557 2582 1 1 1 1.0
0 86229 3558 1980 1 10 0 1.0
0 163972 3568 4808 1 1 1 1.0
0 125003 3573 2599 1 1 1 1.0
0 93009 3574 2188 1 1 1 1.0
0 98602 3577 2691 1 10 0 1.0
0 147712 3577 3260 1 10 1 1.0
0 172571 3581 5060 1 10 1 1.0
0 146098 3582 3281 1 1 0 1.0
0 143606 3585 2997 1 1 0 1.0
0 109986 3589 2272 1 1 0 1.0
0 112290 3590 2848 1 1 0 1.0
0 115214 3591 2681 1 10 0 1.0
0 73700 3593 1784 1 10 1 1.0
0 122699 3597 2846 1 1 1 1.0
0 61602 3599 1700 1 10 0 1.0
