1500
0 101496 0 2617 1 10 0 1.0
0 102360 1 2936 1 10 1 1.0
0 102167 2 2582 1 1 1 1.0
0 108039 5 3132 1 1 1 1.0
0 146924 7 3552 1 1 0 1.0
0 165194 8 3882 1 10 1 1.0
0 148781 8 2980 1 1 0 1.0
0 105521 16 2475 1 10 1 1.0
0 95289 18 2851 1 10 1 1.0
0 163872 18 3500 1 50 1 1.0
0 64058 20 1902 1 10 1 1.0
0 131836 22 2885 1 10 1 1.0
0 119677 22 3118 1 1 0 1.0
0 84007 26 1909 1 10 0 1.0
0 86569 27 2220 1 1 1 1.0
0 60407 32 1789 1 1 0 1.0
0 121782 35 3044 1 1 1 1.0
0 135285 36 3803 1 1 1 1.0
0 80172 36 1952 1 1 1 1.0
0 67819 40 2024 1 10 0 1.0
0 129819 40 3170 1 10 1 1.0
0 70888 42 1685 1 1 1 1.0
0 116915 46 2371 1 1 1 1.0
0 179069 48 4813 1 10 0 1.0
0 86884 52 1796 1 10 1 1.0
0 136125 53 3529 1 10 1 1.0
0 123452 56 2517 1 1 1 1.0
0 159694 60 3957 1 1 1 1.0
0 103857 61 2199 1 1 1 1.0
0 179744 66 4317 1 1 1 1.0
0 134927 68 2980 1 1 1 1.0
0 130363 69 3190 1 50 1 1.0
0 115561 70 3175 1 1 1 1.0
0 94348 72 2266 1 1 0 1.0
0 134167 74 2923 1 50 0 1.0
0 117584 88 2879 1 1 0 1.0
0 65427 91 1572 1 10 1 1.0
0 89107 94 2450 1 1 0 1.0
0 156254 97 3708 1 1 1 1.0
0 84254 105 2000 1 10 1 1.0
0 173778 110 5023 1 10 0 1.0
0 125630 113 2763 1 1 1 1.0
0 136807 114 3412 1 1 1 1.0
0 75313 118 2247 1 10 1 1.0
0 74515 121 1601 1 10 0 1.0
0 78708 121 1710 1 1 0 1.0
0 104735 121 2144 1 50 1 1.0
0 134264 123 3226 1 1 0 1.0
0 123147 124 3000 1 1 1 1.0
0 135757 125 3222 1 1 0 1.0
0 102406 126 2258 1 10 0 1.0
0 129024 129 3518 1 10 0 1.0
0 72913 130 1496 1 1 0 1.0
0 127186 130 3687 1 10 0 1.0
0 130570 135 3750 1 1 1 1.0
0 178463 135 4003 1 10 1 1.0
0 108007 135 3094 1 10 0 1.0
0 173205 136 3654 1 1 1 1.0
0 178163 139 5009 1 1 0 1.0
0 157482 141 4364 1 1 0 1.0
0 176680 142 4174 1 1 1 1.0
0 73735 143 1880 1 10 0 1.0
0 69797 146 1578 1 1 0 1.0
0 115781 148 2530 1 1 1 1.0
0 98060 149 2347 1 10 1 1.0
0 69458 153 1532 1 10 1 1.0
0 142602 155 3396 1 10 0 1.0
0 131666 155 3442 1 1 1 1.0
0 121456 156 2561 1 1 0 1.0
0 164840 162 4513 1 10 1 1.0
0 135804 167 3386 1 10 1 1.0
0 86580 181 2571 1 10 1 1.0
0 137593 184 3934 1 50 1 1.0
0 65492 186 1876 1 1 1 1.0
0 121331 187 3325 1 50 0 1.0
0 168011 188 3635 1 10 0 1.0
0 65588 188 1814 1 10 0 1.0
0 143117 189 4085 1 1 1 1.0
0 86697 190 2547 1 1 0 1.0
0 178250 191 3902 1 1 0 1.0
0 85143 193 2231 1 10 1 1.0
0 102982 197 2083 1 1 1 1.0
0 100979 197 2101 1 1 0 1.0
0 77934 198 2139 1 50 0 1.0
0 122279 202 3105 1 1 0 1.0
0 159602 202 3843 1 50 0 1.0
0 92145 202 2039 1 50 1 1.0
0 101907 209 2805 1 1 0 1.0
0 88761 212 2498 1 50 0 1.0
0 77957 212 1979 1 1 1 1.0
0 140671 214 3034 1 10 1 1.0
0 63175 215 1735 1 1 1 1.0
0 163383 215 3573 1 1 1 1.0
0 87816 215 2337 1 1 1 1.0
0 130503 216 3270 1 50 1 1.0
0 136854 216 3591 1 10 0 1.0
0 121943 222 3273 1 1 0 1.0
0 65934 223 1658 1 1 1 1.0
0 133224 223 2704 1 1 1 1.0
0 103471 224 2368 1 10 1 1.0
0 172141 225 3764 1 1 0 1.0
0 89282 227 2636 1 1 1 1.0
0 153472 231 3620 1 50 1 1.0
0 132909 233 3956 1 10 0 1.0
0 152006 233 4303 1 1 1 1.0
0 146841 236 3559 1 10 0 1.0
0 96082 238 2562 1 10 1 1.0
0 143145 243 3603 1 1 0 1.0
0 66943 243 1915 1 1 1 1.0
0 150163 248 4171 1 1 0 1.0
0 158478 251 3840 1 1 1 1.0
0 119375 255 2674 1 1 0 1.0
0 142158 256 3297 1 10 0 1.0
0 106272 258 2182 1 10 1 1.0
0 174327 260 4846 1 10 1 1.0
0 108650 263 2772 1 10 0 1.0
0 81378 264 1880 1 1 1 1.0
0 170073 268 4946 1 1 1 1.0
0 174838 268 3531 1 1 0 1.0
0 177952 268 5256 1 10 0 1.0
0 70923 273 1993 1 10 0 1.0
0 74439 276 2058 1 1 0 1.0
0 117637 279 3074 1 10 0 1.0
0 100398 281 2798 1 10 0 1.0
0 127321 281 2825 1 1 1 1.0
0 62006 282 1749 1 1 1 1.0
0 87121 287 2293 1 50 1 1.0
0 167915 287 4544 1 1 0 1.0
0 102920 291 2162 1 10 0 1.0
0 177060 292 5022 1 1 1 1.0
0 103740 294 2883 1 1 1 1.0
0 75935 299 2244 1 1 1 1.0
0 106937 299 2298 1 1 1 1.0
0 160179 303 4544 1 10 0 1.0
0 86842 308 1884 1 10 1 1.0
0 119359 311 3147 1 1 0 1.0
0 134357 317 4009 1 1 0 1.0
0 140526 319 2939 1 1 0 1.0
0 63988 321 1791 1 10 0 1.0
0 149115 323 3409 1 10 1 1.0
0 116552 328 3251 1 1 0 1.0
0 67791 328 1521 1 50 1 1.0
0 66883 328 1652 1 1 1 1.0
0 173902 337 3581 1 1 1 1.0
0 97616 338 2311 1 10 1 1.0
0 89847 347 2506 1 1 1 1.0
0 171866 349 4140 1 10 1 1.0
0 163675 350 4130 1 1 0 1.0
0 62157 351 1561 1 50 0 1.0
0 96473 357 2394 1 1 1 1.0
0 78391 358 2301 1 10 0 1.0
0 92920 365 2504 1 1 1 1.0
0 160494 366 4440 1 1 0 1.0
0 140306 371 3102 1 50 1 1.0
0 142233 372 3277 1 1 0 1.0
0 119258 373 3166 1 10 0 1.0
0 63673 376 1619 1 1 1 1.0
0 81948 377 2126 1 1 0 1.0
0 90885 380 2428 1 1 1 1.0
0 165108 385 3781 1 50 1 1.0
0 175763 387 4477 1 10 1 1.0
0 128903 388 2845 1 10 1 1.0
0 107473 388 3210 1 1 1 1.0
0 134046 390 3959 1 50 0 1.0
0 121829 390 3425 1 1 1 1.0
0 124191 397 2772 1 10 1 1.0
0 106860 399 3041 1 10 0 1.0
0 145398 403 3885 1 1 1 1.0
0 78613 403 2184 1 1 0 1.0
0 99033 408 2629 1 1 1 1.0
0 140562 409 2895 1 10 0 1.0
0 121859 412 2924 1 10 0 1.0
0 141622 413 3637 1 10 0 1.0
0 169669 413 4116 1 1 0 1.0
0 122396 414 3598 1 1 1 1.0
0 91367 418 2332 1 1 1 1.0
0 98873 422 2467 1 1 1 1.0
0 164855 424 4212 1 10 1 1.0
0 134461 425 3153 1 10 1 1.0
0 111267 433 2477 1 1 1 1.0
0 137980 434 3378 1 10 0 1.0
0 68681 438 1716 1 1 1 1.0
0 175658 439 3641 1 10 1 1.0
0 103142 440 2418 1 10 1 1.0
0 178052 443 3762 1 1 0 1.0
0 162106 443 4597 1 1 0 1.0
0 161749 449 3616 1 1 1 1.0
0 162293 456 3777 1 10 1 1.0
0 116714 460 2518 1 1 1 1.0
0 129823 460 2691 1 1 0 1.0
0 83000 462 1893 1 50 0 1.0
0 112575 462 2411 1 10 1 1.0
0 112542 464 2770 1 1 1 1.0
0 96945 466 2003 1 1 1 1.0
0 159641 468 3920 1 10 0 1.0
0 167078 471 4355 1 1 1 1.0
0 107057 472 2864 1 1 0 1.0
0 103880 472 2079 1 1 0 1.0
0 160071 473 4047 1 1 1 1.0
0 154367 476 3991 1 10 0 1.0
0 157605 476 3838 1 1 1 1.0
0 63822 477 1643 1 1 0 1.0
0 116987 483 2705 1 1 0 1.0
0 174252 483 4663 1 1 1 1.0
0 61221 484 1703 1 50 1 1.0
0 127625 486 3536 1 1 0 1.0
0 76103 488 1732 1 1 0 1.0
0 125625 490 3099 1 10 1 1.0
0 128697 490 3466 1 1 0 1.0
0 144144 494 3884 1 1 0 1.0
0 60760 495 1804 1 1 1 1.0
0 101162 496 2958 1 1 1 1.0
0 70291 497 2054 1 1 0 1.0
0 84262 500 1894 1 1 0 1.0
0 81009 512 1779 1 1 1 1.0
0 139045 512 3457 1 1 1 1.0
0 105965 514 2645 1 10 0 1.0
0 173294 521 3856 1 10 1 1.0
0 119922 522 3054 1 1 1 1.0
0 108924 523 2345 1 1 0 1.0
0 108266 525 3235 1 50 1 1.0
0 66324 528 1582 1 1 1 1.0
0 82070 528 2048 1 1 0 1.0
0 167383 529 3834 1 1 0 1.0
0 162521 529 4858 1 10 1 1.0
0 136903 530 4046 1 1 1 1.0
0 144712 531 3349 1 1 0 1.0
0 71811 535 2049 1 1 1 1.0
0 156284 538 4534 1 1 1 1.0
0 117122 538 2464 1 10 1 1.0
0 154707 543 3975 1 1 0 1.0
0 101586 545 2852 1 10 1 1.0
0 154533 545 3387 1 50 0 1.0
0 168747 547 4720 1 1 1 1.0
0 79988 547 1633 1 1 1 1.0
0 173493 548 4660 1 10 1 1.0
0 125394 548 3730 1 10 1 1.0
0 93715 550 2509 1 1 1 1.0
0 99434 561 2836 1 1 0 1.0
0 115684 562 2580 1 1 1 1.0
0 105200 562 3097 1 1 0 1.0
0 107278 563 2323 1 10 0 1.0
0 71505 565 1665 1 10 0 1.0
0 83237 566 1846 1 1 1 1.0
0 81616 567 1642 1 1 1 1.0
0 85950 570 1731 1 50 1 1.0
0 89085 570 1998 1 10 0 1.0
0 150774 575 3282 1 1 1 1.0
0 65086 575 1927 1 1 0 1.0
0 82022 589 2068 1 10 1 1.0
0 63419 589 1578 1 1 1 1.0
0 79072 590 1674 1 1 0 1.0
0 126842 591 3009 1 50 1 1.0
0 166915 601 4596 1 50 0 1.0
0 125500 609 3509 1 1 0 1.0
0 123975 612 3514 1 10 1 1.0
0 85343 613 2405 1 1 1 1.0
0 108379 614 2954 1 1 1 1.0
0 114892 615 3096 1 10 0 1.0
0 143951 615 4213 1 10 0 1.0
0 157377 621 4587 1 50 1 1.0
0 162269 622 4640 1 1 0 1.0
0 125188 624 2836 1 10 0 1.0
0 178446 627 4198 1 10 0 1.0
0 161664 627 3824 1 10 1 1.0
0 70034 629 1863 1 1 0 1.0
0 149368 630 3801 1 50 0 1.0
0 151024 634 3150 1 1 0 1.0
0 60934 634 1264 1 50 0 1.0
0 80020 639 1707 1 10 0 1.0
0 83914 647 2250 1 10 1 1.0
0 69282 649 1477 1 50 0 1.0
0 168401 649 3718 1 50 0 1.0
0 114331 651 3001 1 1 1 1.0
0 108466 654 2791 1 10 0 1.0
0 99739 654 2273 1 1 0 1.0
0 76442 655 2068 1 1 0 1.0
0 148845 660 3810 1 1 0 1.0
0 82493 661 2177 1 1 0 1.0
0 101677 664 2948 1 10 0 1.0
0 178070 665 3750 1 1 1 1.0
0 94160 668 2306 1 10 0 1.0
0 104309 674 2714 1 1 1 1.0
0 72884 675 1824 1 10 0 1.0
0 175108 676 4731 1 1 0 1.0
0 130903 676 3210 1 1 1 1.0
0 177426 679 3831 1 1 0 1.0
0 117110 680 2534 1 10 1 1.0
0 100377 682 2579 1 1 1 1.0
0 119803 686 3278 1 1 1 1.0
0 72733 687 1723 1 50 0 1.0
0 129638 688 3135 1 1 0 1.0
0 165725 690 4306 1 1 0 1.0
0 86679 693 2216 1 10 0 1.0
0 166717 696 4476 1 1 1 1.0
0 99778 696 2150 1 1 1 1.0
0 153114 697 4168 1 1 0 1.0
0 94856 706 2383 1 10 1 1.0
0 177601 712 4706 1 1 0 1.0
0 99639 718 2427 1 50 1 1.0
0 135187 720 3228 1 10 1 1.0
0 163859 721 4705 1 10 1 1.0
0 93689 723 2097 1 1 0 1.0
0 98493 723 2923 1 1 1 1.0
0 101960 724 2426 1 1 0 1.0
0 163478 725 3404 1 1 0 1.0
0 171850 734 4686 1 10 0 1.0
0 74378 737 1878 1 1 1 1.0
0 176937 738 4188 1 1 0 1.0
0 176286 740 4613 1 1 1 1.0
0 169889 743 4446 1 10 0 1.0
0 106450 745 2676 1 1 0 1.0
0 112385 745 2645 1 10 1 1.0
0 165170 745 3988 1 10 0 1.0
0 177453 746 5287 1 1 1 1.0
0 162795 752 4433 1 1 0 1.0
0 97187 755 2612 1 10 1 1.0
0 93332 757 2477 1 1 0 1.0
0 173456 758 4070 1 1 0 1.0
0 91404 763 2437 1 1 1 1.0
0 92302 764 2071 1 10 0 1.0
0 133341 764 2959 1 1 1 1.0
0 155605 767 3826 1 1 0 1.0
0 137931 769 2976 1 1 1 1.0
0 164122 777 4624 1 1 1 1.0
0 149936 783 3387 1 50 1 1.0
0 117842 790 2783 1 1 0 1.0
0 97136 792 2562 1 10 1 1.0
0 79014 794 1682 1 1 0 1.0
0 122728 795 3021 1 50 0 1.0
0 173473 796 3692 1 1 1 1.0
0 66824 800 1995 1 1 1 1.0
0 162934 801 3435 1 1 1 1.0
0 120262 801 3276 1 1 0 1.0
0 62102 808 1330 1 1 0 1.0
0 113697 810 2538 1 50 1 1.0
0 92744 811 2696 1 1 1 1.0
0 124824 812 3296 1 1 1 1.0
0 114764 818 2944 1 1 0 1.0
0 74631 820 1852 1 1 1 1.0
0 112343 820 2587 1 1 1 1.0
0 106807 821 2604 1 10 1 1.0
0 178123 830 3744 1 10 0 1.0
0 75918 840 1701 1 1 0 1.0
0 80791 840 1641 1 1 1 1.0
0 169611 842 4216 1 50 1 1.0
0 136399 843 3084 1 10 0 1.0
0 62475 844 1856 1 1 1 1.0
0 85293 844 2306 1 10 1 1.0
0 72247 845 1881 1 10 0 1.0
0 120445 847 2449 1 10 0 1.0
0 167975 855 3814 1 10 0 1.0
0 103215 855 2749 1 10 0 1.0
0 146890 859 4170 1 50 1 1.0
0 79243 860 2108 1 1 0 1.0
0 81469 861 1931 1 50 1 1.0
0 61885 867 1419 1 1 0 1.0
0 178979 867 5358 1 1 0 1.0
0 119052 868 3439 1 10 1 1.0
0 158538 869 4034 1 10 0 1.0
0 84774 873 2283 1 1 0 1.0
0 138245 875 4106 1 1 0 1.0
0 154076 877 3343 1 10 0 1.0
0 126034 883 2667 1 1 1 1.0
0 143156 885 3512 1 10 1 1.0
0 66429 885 1716 1 50 1 1.0
0 154636 890 3227 1 1 1 1.0
0 150690 891 3560 1 10 1 1.0
0 104078 895 3025 1 1 1 1.0
0 73696 898 1865 1 10 0 1.0
0 72996 898 1666 1 1 0 1.0
0 84781 900 2098 1 1 0 1.0
0 68258 900 1721 1 10 0 1.0
0 76220 900 1884 1 1 1 1.0
0 87297 901 2145 1 10 1 1.0
0 82933 903 2137 1 1 1 1.0
0 168117 903 4613 1 1 0 1.0
0 60498 905 1515 1 10 0 1.0
0 127694 905 3125 1 1 0 1.0
0 129232 908 2766 1 1 0 1.0
0 97711 909 2273 1 1 1 1.0
0 103181 911 3084 1 1 1 1.0
0 95609 915 2758 1 1 0 1.0
0 99771 917 2930 1 1 0 1.0
0 128252 920 3817 1 10 0 1.0
0 61089 922 1816 1 10 0 1.0
0 124134 925 2554 1 1 1 1.0
0 141201 926 4007 1 10 1 1.0
0 106318 929 3152 1 1 0 1.0
0 66661 931 1551 1 1 0 1.0
0 87428 931 1816 1 1 0 1.0
0 71991 933 1825 1 1 1 1.0
0 167806 939 3954 1 50 1 1.0
0 168940 940 4017 1 10 0 1.0
0 117567 941 3459 1 10 1 1.0
0 119802 942 2510 1 1 0 1.0
0 166608 943 4758 1 1 1 1.0
0 66813 943 1790 1 10 0 1.0
0 121028 944 3014 1 10 1 1.0
0 67406 949 1452 1 50 0 1.0
0 144621 949 3057 1 1 1 1.0
0 137313 950 3691 1 10 0 1.0
0 65282 955 1325 1 1 1 1.0
0 65417 955 1466 1 10 0 1.0
0 112638 957 3333 1 10 1 1.0
0 136486 959 3601 1 1 0 1.0
0 125746 960 3490 1 1 1 1.0
0 163878 964 3793 1 10 0 1.0
0 85060 965 2396 1 1 1 1.0
0 78950 968 2212 1 50 1 1.0
0 116812 972 3255 1 1 1 1.0
0 150502 974 3325 1 1 1 1.0
0 139253 976 2831 1 1 0 1.0
0 132200 980 3225 1 10 1 1.0
0 80999 980 1964 1 1 0 1.0
0 126481 981 3188 1 10 0 1.0
0 149270 985 4187 1 1 1 1.0
0 94347 985 2812 1 1 1 1.0
0 61589 988 1426 1 10 1 1.0
0 138337 995 3362 1 1 1 1.0
0 92156 996 2733 1 10 1 1.0
0 176463 996 3568 1 50 0 1.0
0 145834 997 3910 1 10 0 1.0
0 117836 1002 2513 1 1 0 1.0
0 124813 1006 3426 1 1 0 1.0
0 85683 1007 1867 1 10 1 1.0
0 68868 1012 1953 1 50 1 1.0
0 83485 1013 2258 1 1 1 1.0
0 158677 1017 4266 1 1 0 1.0
0 61347 1018 1471 1 10 1 1.0
0 108030 1019 3063 1 1 1 1.0
0 130750 1020 2835 1 10 1 1.0
0 177447 1027 4000 1 10 1 1.0
0 73389 1031 1941 1 1 0 1.0
0 89122 1032 2403 1 1 0 1.0
0 164875 1032 4594 1 10 1 1.0
0 96741 1036 2446 1 1 1 1.0
0 105832 1040 3102 1 1 0 1.0
0 85454 1041 2371 1 1 1 1.0
0 119852 1042 2588 1 1 1 1.0
0 105921 1050 3086 1 1 1 1.0
0 62712 1050 1497 1 1 0 1.0
0 75117 1051 1504 1 50 0 1.0
0 135891 1052 3721 1 10 1 1.0
0 117683 1053 2888 1 1 1 1.0
0 102178 1054 2862 1 10 1 1.0
0 168241 1054 3723 1 10 0 1.0
0 155239 1055 4048 1 1 1 1.0
0 88793 1055 1956 1 1 1 1.0
0 173130 1055 4435 1 1 0 1.0
0 125020 1057 2853 1 1 1 1.0
0 121244 1059 3512 1 1 1 1.0
0 86857 1061 1935 1 10 0 1.0
0 162296 1062 3309 1 1 0 1.0
0 118558 1064 2734 1 10 1 1.0
0 87041 1068 1977 1 1 1 1.0
0 178878 1071 4213 1 1 1 1.0
0 119165 1071 3562 1 10 0 1.0
0 173688 1072 4104 1 1 1 1.0
0 137554 1072 4024 1 1 0 1.0
0 99558 1073 2548 1 1 0 1.0
0 88305 1073 2519 1 1 1 1.0
0 116991 1074 2913 1 10 0 1.0
0 124718 1076 2729 1 1 1 1.0
0 179584 1077 5151 1 10 0 1.0
0 65958 1083 1821 1 1 0 1.0
0 103044 1084 2978 1 50 1 1.0
0 176868 1088 4935 1 1 1 1.0
0 62174 1088 1707 1 1 0 1.0
0 78441 1095 1623 1 50 0 1.0
0 142889 1096 3801 1 10 0 1.0
0 139423 1096 3170 1 10 0 1.0
0 106348 1097 2448 1 10 0 1.0
0 106450 1101 2909 1 1 0 1.0
0 163724 1102 4274 1 50 1 1.0
0 112287 1102 3257 1 50 1 1.0
0 126440 1103 2580 1 50 0 1.0
0 96455 1107 2137 1 1 0 1.0
0 102762 1115 2171 1 1 1 1.0
0 143399 1118 3564 1 1 1 1.0
0 157324 1120 3279 1 10 0 1.0
0 120869 1120 3182 1 1 1 1.0
0 117287 1120 3370 1 10 0 1.0
0 122338 1122 2855 1 10 1 1.0
0 150570 1129 4306 1 1 1 1.0
0 131322 1129 3401 1 1 0 1.0
0 110805 1133 2321 1 1 0 1.0
0 158075 1133 4406 1 1 0 1.0
0 96871 1133 2534 1 10 1 1.0
0 117395 1136 3001 1 1 1 1.0
0 115178 1141 2659 1 1 0 1.0
0 131260 1144 3507 1 1 0 1.0
0 94937 1145 2015 1 1 1 1.0
0 60059 1148 1575 1 1 0 1.0
0 178147 1152 3647 1 10 0 1.0
0 66361 1155 1469 1 1 0 1.0
0 79748 1156 2190 1 10 0 1.0
0 73065 1157 1757 1 10 0 1.0
0 141468 1159 3841 1 1 0 1.0
0 78567 1159 1580 1 1 1 1.0
0 172378 1164 4209 1 1 1 1.0
0 73301 1169 1683 1 50 1 1.0
0 64174 1171 1687 1 10 1 1.0
0 176359 1172 5266 1 1 1 1.0
0 62924 1172 1637 1 1 1 1.0
0 104284 1173 2447 1 1 1 1.0
0 164218 1173 4908 1 10 1 1.0
0 67866 1173 1848 1 1 0 1.0
0 143914 1175 3673 1 1 1 1.0
0 175314 1179 4291 1 10 1 1.0
0 82527 1181 2234 1 50 0 1.0
0 146041 1182 4132 1 1 0 1.0
0 159190 1185 4507 1 1 0 1.0
0 125233 1186 3180 1 10 1 1.0
0 129162 1186 3452 1 1 1 1.0
0 134104 1196 3761 1 1 0 1.0
0 157480 1198 3967 1 1 0 1.0
0 130822 1199 2809 1 1 1 1.0
0 62369 1201 1759 1 10 0 1.0
0 113841 1203 2441 1 10 0 1.0
0 68092 1204 1389 1 50 0 1.0
0 140317 1205 4103 1 10 0 1.0
0 126669 1206 3206 1 1 1 1.0
0 122128 1207 2540 1 10 0 1.0
0 134547 1212 3585 1 1 1 1.0
0 76203 1216 1973 1 50 0 1.0
0 159030 1221 3557 1 1 1 1.0
0 93632 1226 2653 1 1 1 1.0
0 60247 1226 1330 1 1 1 1.0
0 68829 1227 1992 1 1 0 1.0
0 67553 1229 1439 1 1 1 1.0
0 132192 1231 3815 1 50 1 1.0
0 132758 1232 2888 1 10 0 1.0
0 179334 1235 4445 1 1 0 1.0
0 137071 1236 3800 1 10 0 1.0
0 162936 1237 4617 1 10 0 1.0
0 98918 1238 2255 1 1 1 1.0
0 89342 1241 2170 1 10 1 1.0
0 119549 1244 3461 1 1 1 1.0
0 110062 1245 2638 1 1 1 1.0
0 77236 1245 1756 1 1 1 1.0
0 168907 1246 4627 1 1 1 1.0
0 164091 1247 3667 1 1 0 1.0
0 136431 1256 2796 1 1 0 1.0
0 106322 1256 2571 1 1 0 1.0
0 82872 1256 1720 1 1 0 1.0
0 150932 1258 3777 1 10 0 1.0
0 87008 1258 2092 1 1 1 1.0
0 169580 1261 3548 1 1 0 1.0
0 92936 1262 2691 1 10 0 1.0
0 119372 1264 2748 1 1 0 1.0
0 132848 1265 3304 1 1 0 1.0
0 65979 1275 1509 1 1 1 1.0
0 66476 1277 1856 1 1 1 1.0
0 65401 1277 1722 1 1 0 1.0
0 176381 1279 4662 1 1 1 1.0
0 138351 1280 4033 1 1 0 1.0
0 176419 1283 4960 1 10 1 1.0
0 160902 1284 3623 1 1 1 1.0
0 101132 1285 2269 1 10 1 1.0
0 170152 1287 3412 1 50 0 1.0
0 111105 1288 2732 1 50 1 1.0
0 149882 1288 3057 1 1 1 1.0
0 136338 1289 2778 1 1 0 1.0
0 99210 1289 2928 1 1 1 1.0
0 107438 1290 2847 1 10 0 1.0
0 174844 1293 3759 1 10 1 1.0
0 127040 1294 2879 1 10 1 1.0
0 172761 1296 4827 1 10 1 1.0
0 107980 1296 2846 1 1 1 1.0
0 148496 1297 3193 1 1 0 1.0
0 127478 1298 3339 1 1 0 1.0
0 110357 1298 2403 1 10 0 1.0
0 139550 1299 3813 1 10 0 1.0
0 121638 1300 3077 1 1 1 1.0
0 121710 1303 2558 1 1 0 1.0
0 101621 1306 2372 1 10 1 1.0
0 89518 1307 1963 1 1 1 1.0
0 125282 1307 2784 1 50 1 1.0
0 76120 1317 1964 1 1 0 1.0
0 161288 1318 3718 1 50 1 1.0
0 100710 1318 2319 1 1 0 1.0
0 158196 1318 3584 1 10 0 1.0
0 120040 1320 3483 1 1 1 1.0
0 133740 1321 2892 1 10 1 1.0
0 176908 1321 5032 1 50 0 1.0
0 122974 1321 2508 1 10 0 1.0
0 67824 1323 1697 1 1 1 1.0
0 111428 1324 2633 1 10 1 1.0
0 101296 1325 3024 1 1 0 1.0
0 73259 1325 1776 1 1 1 1.0
0 151031 1326 4288 1 10 1 1.0
0 119575 1336 3416 1 1 0 1.0
0 173503 1336 3762 1 1 0 1.0
0 122694 1339 2518 1 10 0 1.0
0 93552 1339 2029 1 10 1 1.0
0 66043 1340 1860 1 1 1 1.0
0 77302 1341 1815 1 1 1 1.0
0 140484 1343 3179 1 1 0 1.0
0 113912 1348 2744 1 1 1 1.0
0 114572 1350 3424 1 10 1 1.0
0 109895 1351 2786 1 10 1 1.0
0 179811 1356 5340 1 1 0 1.0
0 153050 1361 3885 1 1 0 1.0
0 67163 1363 1343 1 1 0 1.0
0 123248 1369 3305 1 1 0 1.0
0 127096 1370 3238 1 1 1 1.0
0 82052 1370 2053 1 10 0 1.0
0 84363 1370 1910 1 1 1 1.0
0 78837 1379 2225 1 10 0 1.0
0 97502 1381 1964 1 1 1 1.0
0 86263 1383 2219 1 1 1 1.0
0 136957 1385 3417 1 50 0 1.0
0 136016 1385 2831 1 10 0 1.0
0 120301 1386 3021 1 1 1 1.0
0 146084 1387 3639 1 1 0 1.0
0 162649 1387 3890 1 10 1 1.0
0 172695 1389 4120 1 50 1 1.0
0 103412 1392 2997 1 1 1 1.0
0 135689 1392 3486 1 50 0 1.0
0 126720 1394 3276 1 1 0 1.0
0 78870 1395 2127 1 1 1 1.0
0 105910 1397 2831 1 1 0 1.0
0 149294 1398 4395 1 1 0 1.0
0 129307 1398 2790 1 50 1 1.0
0 153975 1407 4218 1 50 0 1.0
0 160295 1408 3937 1 50 1 1.0
0 154066 1409 3888 1 1 1 1.0
0 72671 1412 1675 1 50 1 1.0
0 144947 1417 3786 1 1 0 1.0
0 143206 1420 3900 1 1 1 1.0
0 62456 1422 1450 1 1 0 1.0
0 162183 1424 3764 1 1 0 1.0
0 90804 1426 2450 1 1 0 1.0
0 171910 1432 4560 1 1 1 1.0
0 135102 1434 3963 1 10 0 1.0
0 97176 1436 2360 1 1 1 1.0
0 121348 1441 3286 1 1 0 1.0
0 71478 1443 1622 1 10 1 1.0
0 85967 1447 1721 1 1 0 1.0
0 168738 1447 4954 1 1 0 1.0
0 126461 1451 2867 1 1 1 1.0
0 81140 1451 2400 1 1 0 1.0
0 86776 1456 2121 1 50 0 1.0
0 96799 1464 2124 1 1 0 1.0
0 154743 1469 4468 1 10 1 1.0
0 149435 1470 4211 1 1 0 1.0
0 164023 1470 4257 1 10 0 1.0
0 92974 1476 2508 1 50 0 1.0
0 88780 1482 2548 1 50 0 1.0
0 153247 1483 4359 1 1 1 1.0
0 161101 1484 4557 1 1 0 1.0
0 152011 1485 4496 1 1 0 1.0
0 95074 1490 1929 1 10 1 1.0
0 109477 1492 2738 1 1 1 1.0
0 176407 1494 4597 1 1 0 1.0
0 158496 1498 4217 1 1 0 1.0
0 140171 1504 3524 1 50 0 1.0
0 146390 1504 3548 1 10 1 1.0
0 75027 1505 2102 1 1 1 1.0
0 149530 1505 3679 1 1 1 1.0
0 159896 1507 3621 1 1 1 1.0
0 60893 1512 1296 1 10 0 1.0
0 74608 1519 2025 1 10 0 1.0
0 100908 1523 2062 1 1 1 1.0
0 151862 1527 3338 1 1 1 1.0
0 149877 1529 3012 1 10 1 1.0
0 89700 1530 2157 1 1 1 1.0
0 163982 1531 4119 1 10 1 1.0
0 124053 1533 3543 1 1 1 1.0
0 132765 1536 2982 1 1 0 1.0
0 144127 1541 3056 1 1 0 1.0
0 138434 1544 4114 1 1 0 1.0
0 175759 1545 5143 1 1 0 1.0
0 158275 1547 3304 1 50 0 1.0
0 125509 1550 3434 1 1 1 1.0
0 151668 1552 3754 1 1 1 1.0
0 144515 1552 3389 1 1 1 1.0
0 97491 1553 2837 1 50 1 1.0
0 90131 1558 2152 1 1 1 1.0
0 161064 1560 3689 1 1 1 1.0
0 67128 1561 1529 1 1 0 1.0
0 114147 1561 3215 1 10 1 1.0
0 76105 1563 2188 1 10 0 1.0
0 66253 1563 1768 1 10 1 1.0
0 165655 1565 4663 1 10 1 1.0
0 79295 1565 2149 1 1 0 1.0
0 150818 1567 4264 1 10 1 1.0
0 111987 1567 2909 1 1 1 1.0
0 82385 1571 2086 1 1 0 1.0
0 178777 1577 4432 1 1 1 1.0
0 114202 1578 3014 1 1 1 1.0
0 163298 1582 4066 1 1 1 1.0
0 69963 1582 1450 1 1 0 1.0
0 70839 1583 1606 1 1 0 1.0
0 154382 1585 4287 1 1 1 1.0
0 132011 1586 3740 1 10 0 1.0
0 72379 1589 2124 1 10 0 1.0
0 169920 1590 5063 1 10 0 1.0
0 63682 1592 1873 1 10 0 1.0
0 167165 1594 4454 1 10 1 1.0
0 113956 1595 2339 1 10 1 1.0
0 165770 1595 4746 1 10 1 1.0
0 177719 1596 4285 1 1 1 1.0
0 114152 1597 2945 1 1 0 1.0
0 74332 1597 1974 1 1 1 1.0
0 125869 1600 3562 1 1 0 1.0
0 107807 1602 2694 1 1 1 1.0
0 140586 1612 4044 1 1 0 1.0
0 80060 1613 2005 1 1 0 1.0
0 127783 1616 2945 1 10 0 1.0
0 67881 1619 1506 1 1 1 1.0
0 168884 1621 4087 1 1 1 1.0
0 110557 1621 2492 1 10 1 1.0
0 153341 1622 4081 1 1 1 1.0
0 95500 1623 2467 1 10 1 1.0
0 131167 1625 2986 1 1 1 1.0
0 60864 1625 1506 1 10 0 1.0
0 98972 1626 2306 1 10 0 1.0
0 99084 1626 2044 1 10 1 1.0
0 134461 1633 3074 1 10 1 1.0
0 139165 1638 3565 1 1 0 1.0
0 74066 1640 2086 1 1 0 1.0
0 119714 1641 3291 1 10 1 1.0
0 95923 1645 1919 1 10 0 1.0
0 127498 1646 3669 1 1 0 1.0
0 174097 1648 3649 1 50 0 1.0
0 163775 1652 3413 1 10 1 1.0
0 113016 1653 3370 1 1 1 1.0
0 124817 1656 2502 1 1 1 1.0
0 120859 1658 3461 1 10 0 1.0
0 98742 1664 2355 1 1 1 1.0
0 77118 1666 1856 1 10 0 1.0
0 106464 1668 3182 1 1 1 1.0
0 172209 1669 4291 1 1 0 1.0
0 100820 1669 2633 1 1 1 1.0
0 145284 1669 4085 1 10 1 1.0
0 61988 1676 1477 1 1 1 1.0
0 88379 1682 1915 1 1 1 1.0
0 177948 1685 4300 1 1 1 1.0
0 111464 1690 2625 1 10 0 1.0
0 179578 1690 5223 1 1 1 1.0
0 99854 1692 2828 1 10 1 1.0
0 167941 1693 4016 1 10 1 1.0
0 68974 1694 1569 1 10 0 1.0
0 111668 1696 3047 1 1 0 1.0
0 153112 1696 4220 1 10 1 1.0
0 160397 1698 4168 1 1 1 1.0
0 132490 1699 3664 1 10 1 1.0
0 148067 1699 4089 1 1 1 1.0
0 179227 1700 4003 1 1 1 1.0
0 172854 1701 4923 1 1 0 1.0
0 84471 1701 2475 1 1 0 1.0
0 175141 1702 5199 1 1 1 1.0
0 71254 1713 1746 1 1 1 1.0
0 142231 1713 3137 1 10 1 1.0
0 176596 1715 3767 1 10 1 1.0
0 158445 1720 3625 1 1 0 1.0
0 83396 1723 1830 1 1 1 1.0
0 71954 1725 1819 1 50 1 1.0
0 100979 1727 2104 1 1 0 1.0
0 110197 1733 2531 1 10 0 1.0
0 176315 1733 4149 1 10 0 1.0
0 101124 1737 3020 1 1 1 1.0
0 96030 1737 2113 1 1 1 1.0
0 154582 1738 3701 1 10 1 1.0
0 130336 1738 3771 1 1 1 1.0
0 73884 1739 1976 1 10 1 1.0
0 154091 1739 3275 1 10 0 1.0
0 79208 1741 1848 1 1 1 1.0
0 122665 1743 2763 1 10 0 1.0
0 114966 1744 3364 1 1 0 1.0
0 146629 1745 2979 1 10 0 1.0
0 120458 1745 2769 1 1 0 1.0
0 121943 1747 2760 1 1 1 1.0
0 150299 1750 3970 1 1 0 1.0
0 126143 1750 3539 1 50 1 1.0
0 115825 1751 2979 1 1 1 1.0
0 91419 1752 1887 1 10 0 1.0
0 145289 1753 3396 1 1 1 1.0
0 141994 1753 3548 1 1 1 1.0
0 62070 1757 1279 1 10 1 1.0
0 80249 1765 2315 1 1 1 1.0
0 65451 1769 1841 1 1 1 1.0
0 62624 1770 1744 1 50 1 1.0
0 62784 1770 1680 1 1 0 1.0
0 111939 1772 2438 1 1 0 1.0
0 163070 1773 4647 1 10 1 1.0
0 169652 1779 4415 1 10 1 1.0
0 65420 1780 1661 1 1 1 1.0
0 136470 1780 2989 1 10 1 1.0
0 74807 1782 1668 1 1 1 1.0
0 112665 1783 3292 1 10 1 1.0
0 108830 1784 3060 1 10 1 1.0
0 116198 1785 2707 1 1 0 1.0
0 171266 1787 3808 1 1 1 1.0
0 128872 1788 2877 1 1 0 1.0
0 138198 1793 2938 1 10 1 1.0
0 89418 1794 1894 1 1 0 1.0
0 76538 1794 1709 1 1 1 1.0
0 61728 1794 1434 1 1 0 1.0
0 146010 1797 3714 1 10 1 1.0
0 163213 1797 3943 1 1 0 1.0
0 134511 1797 3025 1 10 0 1.0
0 138588 1801 3175 1 50 1 1.0
0 136433 1806 2751 1 10 0 1.0
0 80794 1807 2023 1 1 0 1.0
0 119876 1809 2716 1 10 0 1.0
0 72059 1812 1799 1 1 1 1.0
0 108931 1814 3173 1 1 0 1.0
0 168459 1817 3613 1 1 0 1.0
0 138094 1817 3078 1 1 1 1.0
0 111444 1820 3182 1 1 0 1.0
0 109014 1820 2370 1 10 0 1.0
0 83260 1821 2212 1 10 1 1.0
0 96154 1822 2587 1 1 1 1.0
0 144401 1831 3395 1 10 0 1.0
0 167365 1835 4815 1 10 1 1.0
0 154844 1835 3145 1 10 0 1.0
0 64230 1835 1379 1 1 1 1.0
0 121017 1836 2474 1 1 1 1.0
0 67343 1836 1977 1 10 1 1.0
0 159904 1836 3501 1 1 1 1.0
0 97559 1840 2363 1 1 0 1.0
0 134561 1840 3309 1 1 1 1.0
0 126811 1846 2846 1 1 0 1.0
0 137709 1850 3887 1 10 1 1.0
0 167915 1852 4354 1 10 1 1.0
0 150502 1853 3563 1 50 0 1.0
0 96091 1858 2844 1 10 0 1.0
0 143998 1858 2957 1 50 0 1.0
0 60893 1861 1287 1 1 0 1.0
0 89760 1864 2443 1 10 1 1.0
0 71194 1865 1766 1 10 0 1.0
0 98425 1868 2273 1 1 0 1.0
0 92639 1870 2276 1 10 0 1.0
0 74355 1873 2084 1 50 1 1.0
0 156499 1875 4313 1 1 0 1.0
0 134336 1876 3686 1 10 1 1.0
0 61790 1879 1253 1 1 0 1.0
0 156608 1882 3566 1 1 0 1.0
0 157491 1882 4134 1 1 0 1.0
0 167842 1891 4274 1 1 0 1.0
0 88485 1893 1813 1 1 1 1.0
0 97580 1894 2661 1 1 0 1.0
0 95472 1903 2378 1 1 0 1.0
0 90157 1904 2061 1 10 1 1.0
0 168702 1906 4441 1 1 0 1.0
0 178659 1907 3685 1 1 1 1.0
0 147289 1909 3663 1 10 1 1.0
0 145165 1910 3182 1 10 0 1.0
0 84628 1910 1847 1 10 1 1.0
0 140215 1914 3980 1 1 0 1.0
0 74660 1920 2199 1 1 1 1.0
0 120402 1921 3521 1 50 1 1.0
0 117046 1925 3282 1 1 0 1.0
0 77457 1934 1662 1 1 0 1.0
0 61961 1935 1711 1 1 0 1.0
0 101293 1939 2224 1 1 1 1.0
0 159429 1941 4776 1 1 0 1.0
0 178952 1944 5335 1 10 0 1.0
0 159364 1948 4761 1 1 1 1.0
0 148880 1952 3829 1 1 1 1.0
0 156850 1953 3457 1 1 1 1.0
0 73082 1954 2129 1 1 0 1.0
0 170130 1958 4405 1 1 1 1.0
0 131538 1960 3168 1 1 0 1.0
0 127244 1961 2871 1 1 1 1.0
0 71287 1961 1889 1 1 0 1.0
0 62315 1961 1341 1 1 1 1.0
0 107594 1965 3086 1 1 1 1.0
0 74234 1966 1729 1 1 0 1.0
0 150483 1967 3233 1 10 0 1.0
0 179830 1971 3769 1 1 0 1.0
0 149242 1972 3788 1 1 1 1.0
0 63663 1973 1526 1 10 1 1.0
0 61317 1975 1257 1 50 0 1.0
0 162919 1980 3636 1 1 1 1.0
0 118098 1982 3323 1 1 0 1.0
0 75449 1982 2049 1 1 0 1.0
0 173376 1983 5182 1 50 0 1.0
0 156085 1985 3333 1 1 1 1.0
0 138975 2002 2844 1 10 1 1.0
0 63920 2004 1383 1 1 1 1.0
0 109115 2008 2904 1 10 0 1.0
0 123407 2012 3169 1 50 0 1.0
0 136577 2016 3121 1 1 1 1.0
0 164590 2025 3562 1 50 1 1.0
0 107470 2026 2180 1 1 1 1.0
0 159677 2027 4131 1 1 0 1.0
0 69336 2028 1656 1 1 1 1.0
0 140729 2031 3818 1 1 0 1.0
0 61648 2031 1331 1 1 1 1.0
0 120180 2034 3504 1 1 0 1.0
0 174179 2035 4191 1 10 1 1.0
0 83598 2036 1716 1 1 0 1.0
0 72269 2036 1818 1 10 1 1.0
0 133261 2036 3283 1 1 0 1.0
0 81911 2041 2431 1 1 0 1.0
0 126808 2042 3178 1 1 1 1.0
0 71498 2043 1533 1 50 0 1.0
0 148571 2044 3724 1 1 1 1.0
0 131465 2047 3053 1 1 0 1.0
0 78806 2048 1792 1 10 1 1.0
0 72057 2056 1446 1 1 1 1.0
0 148286 2059 3806 1 50 0 1.0
0 86283 2060 2136 1 1 0 1.0
0 114823 2061 2317 1 1 1 1.0
0 132111 2065 3849 1 1 0 1.0
0 75645 2065 1598 1 10 0 1.0
0 86480 2065 2496 1 1 0 1.0
0 152885 2070 3171 1 10 1 1.0
0 90296 2072 2585 1 10 1 1.0
0 159215 2072 4337 1 1 1 1.0
0 99173 2076 2441 1 1 1 1.0
0 117511 2076 2701 1 1 0 1.0
0 131540 2078 3139 1 10 1 1.0
0 158229 2079 4526 1 1 1 1.0
0 75662 2088 2238 1 10 0 1.0
0 170664 2088 3841 1 50 0 1.0
0 126682 2098 2537 1 50 1 1.0
0 65093 2105 1758 1 10 0 1.0
0 97404 2106 2751 1 10 1 1.0
0 97803 2107 2142 1 1 0 1.0
0 145636 2109 4075 1 1 1 1.0
0 69432 2110 1734 1 1 0 1.0
0 112027 2112 2816 1 10 1 1.0
0 123379 2116 2692 1 1 1 1.0
0 170370 2117 3445 1 1 0 1.0
0 178369 2117 4905 1 1 0 1.0
0 173314 2120 3636 1 1 0 1.0
0 72857 2122 1806 1 1 1 1.0
0 115122 2132 2534 1 1 1 1.0
0 134324 2141 3843 1 10 1 1.0
0 78272 2142 1624 1 1 1 1.0
0 120271 2148 2587 1 1 1 1.0
0 158149 2151 4656 1 1 1 1.0
0 164967 2154 4777 1 10 1 1.0
0 63983 2157 1915 1 1 0 1.0
0 156964 2159 3660 1 10 1 1.0
0 177732 2161 5098 1 10 0 1.0
0 87887 2162 1913 1 1 0 1.0
0 115682 2162 3050 1 1 1 1.0
0 83547 2165 2244 1 10 1 1.0
0 159981 2166 3240 1 10 0 1.0
0 78250 2168 1855 1 10 1 1.0
0 171127 2170 5063 1 10 0 1.0
0 154817 2173 4257 1 1 1 1.0
0 112290 2179 2789 1 1 0 1.0
0 83127 2180 1888 1 1 0 1.0
0 70010 2189 1947 1 1 1 1.0
0 92022 2191 2240 1 1 1 1.0
0 155021 2192 4015 1 10 1 1.0
0 87277 2193 2178 1 1 1 1.0
0 67216 2197 1924 1 10 1 1.0
0 129725 2200 3334 1 1 0 1.0
0 69427 2201 1615 1 10 1 1.0
0 152255 2202 4415 1 50 1 1.0
0 163345 2207 4650 1 1 1 1.0
0 91146 2210 2695 1 10 0 1.0
0 82744 2213 2267 1 1 1 1.0
0 112293 2217 3062 1 1 1 1.0
0 107041 2220 2616 1 10 1 1.0
0 175345 2225 4898 1 50 1 1.0
0 139577 2225 3788 1 1 1 1.0
0 172427 2231 3533 1 10 0 1.0
0 72855 2231 2158 1 10 1 1.0
0 101480 2237 2513 1 10 0 1.0
0 64517 2237 1833 1 1 0 1.0
0 87894 2237 1897 1 50 0 1.0
0 79695 2240 2387 1 1 0 1.0
0 87115 2247 1768 1 1 0 1.0
0 96359 2248 2403 1 1 0 1.0
0 108603 2250 3123 1 10 1 1.0
0 64828 2250 1378 1 1 0 1.0
0 146067 2253 3482 1 1 0 1.0
0 90589 2256 2635 1 10 0 1.0
0 130409 2260 3893 1 10 1 1.0
0 74511 2264 1943 1 1 0 1.0
0 178569 2267 3721 1 1 1 1.0
0 103401 2269 2922 1 10 0 1.0
0 159336 2274 3569 1 50 1 1.0
0 66200 2274 1744 1 1 0 1.0
0 141533 2276 3075 1 10 0 1.0
0 165304 2280 4726 1 1 1 1.0
0 168921 2292 4736 1 1 0 1.0
0 141087 2293 3733 1 1 1 1.0
0 68825 2294 1970 1 1 1 1.0
0 88719 2295 2594 1 1 0 1.0
0 87810 2300 1762 1 10 1 1.0
0 157945 2300 3228 1 1 0 1.0
0 138082 2300 3882 1 10 1 1.0
0 104461 2300 2705 1 1 0 1.0
0 134225 2305 3111 1 10 0 1.0
0 152630 2305 3162 1 10 1 1.0
0 83044 2309 2026 1 1 1 1.0
0 112728 2312 3365 1 1 1 1.0
0 87855 2328 2399 1 1 0 1.0
0 107098 2329 2850 1 1 0 1.0
0 103469 2330 3043 1 1 1 1.0
0 137867 2330 3621 1 1 0 1.0
0 158778 2333 3580 1 1 0 1.0
0 122019 2343 2942 1 1 0 1.0
0 94258 2343 2181 1 10 0 1.0
0 120191 2346 2903 1 10 1 1.0
0 70102 2347 1570 1 1 0 1.0
0 175028 2350 4722 1 1 0 1.0
0 151988 2357 3696 1 1 1 1.0
0 114336 2360 2926 1 1 0 1.0
0 101082 2362 2722 1 1 0 1.0
0 133244 2363 3171 1 1 1 1.0
0 168692 2363 5007 1 1 1 1.0
0 89447 2368 2071 1 10 1 1.0
0 62301 2373 1325 1 1 1 1.0
0 96736 2377 2413 1 1 1 1.0
0 150740 2378 3860 1 1 1 1.0
0 111836 2378 2561 1 50 0 1.0
0 133703 2380 2799 1 1 1 1.0
0 173548 2380 4810 1 1 0 1.0
0 154731 2381 3974 1 1 1 1.0
0 131205 2386 3805 1 10 1 1.0
0 176858 2389 4696 1 10 1 1.0
0 156840 2389 3976 1 1 0 1.0
0 81950 2396 1836 1 1 1 1.0
0 105861 2398 2536 1 10 0 1.0
0 66678 2406 1748 1 10 0 1.0
0 171252 2407 4343 1 10 1 1.0
0 88350 2409 2227 1 50 1 1.0
0 130451 2409 3272 1 1 0 1.0
0 96517 2410 2773 1 1 1 1.0
0 150246 2411 4255 1 10 0 1.0
0 108716 2416 2352 1 10 0 1.0
0 153376 2420 3495 1 1 0 1.0
0 101378 2421 2779 1 1 0 1.0
0 103226 2422 2204 1 1 1 1.0
0 152026 2425 3485 1 1 0 1.0
0 99842 2426 2829 1 1 0 1.0
0 134997 2428 3361 1 1 1 1.0
0 71719 2429 2064 1 1 1 1.0
0 105557 2431 2383 1 10 1 1.0
0 135545 2432 3292 1 10 1 1.0
0 168683 2432 4034 1 1 1 1.0
0 140535 2434 3869 1 1 1 1.0
0 113246 2442 2978 1 10 0 1.0
0 137331 2449 2952 1 50 1 1.0
0 62538 2459 1708 1 1 1 1.0
0 116400 2459 3067 1 10 0 1.0
0 78988 2464 1922 1 50 0 1.0
0 68544 2464 1908 1 10 1 1.0
0 96844 2472 1973 1 1 0 1.0
0 177986 2478 5149 1 1 0 1.0
0 61228 2480 1471 1 1 1 1.0
0 85030 2480 2072 1 1 1 1.0
0 71395 2480 1906 1 1 0 1.0
0 133548 2482 3684 1 1 0 1.0
0 102010 2493 2929 1 1 0 1.0
0 150749 2496 3278 1 10 1 1.0
0 176402 2496 4930 1 10 1 1.0
0 173592 2502 4067 1 1 0 1.0
0 168558 2504 4126 1 10 0 1.0
0 140008 2505 3421 1 10 0 1.0
0 69646 2509 1718 1 10 1 1.0
0 126755 2509 3413 1 50 0 1.0
0 140996 2510 4042 1 50 1 1.0
0 154917 2514 3304 1 10 1 1.0
0 81928 2517 2132 1 10 1 1.0
0 133952 2517 3160 1 10 1 1.0
0 67277 2521 1422 1 1 0 1.0
0 98611 2525 2108 1 1 1 1.0
0 130996 2525 2912 1 1 1 1.0
0 144535 2526 4069 1 1 1 1.0
0 132728 2528 3858 1 1 1 1.0
0 121177 2528 2923 1 1 1 1.0
0 75128 2531 2033 1 1 1 1.0
0 170636 2531 4512 1 1 0 1.0
0 79921 2537 1671 1 10 1 1.0
0 123944 2540 2559 1 1 1 1.0
0 173136 2541 4326 1 10 0 1.0
0 167536 2541 3407 1 1 1 1.0
0 158200 2550 3773 1 10 1 1.0
0 70139 2552 1427 1 50 0 1.0
0 148384 2552 3849 1 1 1 1.0
0 143567 2553 3818 1 1 0 1.0
0 88451 2555 1903 1 50 1 1.0
0 126479 2560 2726 1 1 0 1.0
0 135645 2561 3891 1 1 0 1.0
0 170943 2563 3997 1 10 1 1.0
0 99538 2567 2202 1 1 0 1.0
0 173314 2573 3633 1 1 0 1.0
0 72565 2574 1731 1 1 1 1.0
0 110530 2576 2643 1 1 1 1.0
0 143099 2578 3579 1 10 1 1.0
0 138888 2582 3760 1 10 0 1.0
0 65559 2587 1351 1 10 1 1.0
0 115583 2589 2361 1 10 0 1.0
0 78687 2591 1644 1 1 0 1.0
0 70019 2592 1521 1 1 1 1.0
0 87841 2593 1892 1 1 0 1.0
0 150715 2597 4513 1 1 1 1.0
0 137418 2597 3384 1 10 0 1.0
0 123786 2600 2926 1 10 0 1.0
0 160360 2602 4078 1 1 1 1.0
0 150251 2603 3883 1 1 1 1.0
0 128805 2603 3157 1 1 1 1.0
0 111351 2605 2889 1 1 0 1.0
0 133444 2607 2763 1 10 1 1.0
0 166207 2608 4288 1 10 0 1.0
0 155978 2610 4469 1 1 0 1.0
0 84987 2615 2305 1 10 0 1.0
0 174014 2617 4972 1 1 1 1.0
0 119171 2617 3004 1 1 1 1.0
0 114292 2619 2750 1 1 0 1.0
0 114474 2619 3109 1 1 1 1.0
0 165333 2620 3329 1 10 1 1.0
0 81955 2624 2247 1 1 1 1.0
0 87713 2626 2037 1 1 0 1.0
0 138716 2627 2858 1 1 1 1.0
0 166393 2629 3993 1 1 1 1.0
0 73282 2632 1505 1 1 0 1.0
0 120420 2633 3311 1 10 1 1.0
0 69298 2635 1990 1 50 0 1.0
0 176074 2639 3642 1 10 1 1.0
0 120861 2641 3559 1 10 1 1.0
0 113237 2647 2705 1 50 0 1.0
0 174801 2647 4333 1 10 0 1.0
0 157973 2651 3328 1 50 1 1.0
0 70973 2658 1834 1 10 0 1.0
0 141731 2660 3187 1 10 0 1.0
0 132021 2660 3603 1 1 0 1.0
0 149778 2661 3332 1 1 0 1.0
0 177011 2663 4338 1 1 1 1.0
0 125922 2667 2686 1 1 0 1.0
0 74864 2672 1915 1 1 1 1.0
0 104095 2674 3106 1 1 0 1.0
0 122659 2674 3312 1 10 0 1.0
0 168740 2675 4412 1 10 1 1.0
0 157534 2682 3971 1 1 0 1.0
0 82951 2683 1769 1 1 0 1.0
0 105402 2684 2828 1 50 0 1.0
0 172932 2685 4286 1 10 0 1.0
0 177349 2686 4150 1 1 1 1.0
0 80204 2687 2027 1 10 1 1.0
0 141941 2697 3746 1 1 0 1.0
0 99152 2701 2053 1 1 0 1.0
0 122196 2705 2901 1 10 1 1.0
0 78751 2707 2000 1 1 1 1.0
0 126906 2708 2950 1 1 1 1.0
0 129946 2709 2740 1 1 0 1.0
0 142283 2712 3277 1 1 0 1.0
0 66025 2712 1763 1 10 0 1.0
0 86404 2720 1968 1 10 1 1.0
0 165057 2727 4047 1 10 1 1.0
0 167111 2728 3406 1 50 1 1.0
0 127974 2730 2814 1 1 1 1.0
0 150450 2732 4110 1 1 0 1.0
0 166679 2732 3609 1 1 0 1.0
0 148642 2734 3024 1 1 1 1.0
0 137626 2735 3761 1 10 1 1.0
0 124705 2735 3209 1 50 0 1.0
0 77292 2737 1829 1 1 0 1.0
0 96772 2738 2479 1 1 1 1.0
0 157067 2740 3224 1 50 0 1.0
0 163689 2740 3821 1 10 0 1.0
0 99368 2743 2113 1 10 1 1.0
0 115273 2744 3059 1 10 1 1.0
0 178995 2748 4947 1 50 0 1.0
0 63591 2748 1381 1 1 0 1.0
0 142538 2748 3692 1 1 0 1.0
0 135002 2759 3022 1 1 0 1.0
0 78014 2762 1645 1 10 0 1.0
0 129395 2763 2925 1 10 0 1.0
0 122191 2763 2930 1 1 0 1.0
0 119717 2770 2503 1 1 1 1.0
0 145292 2771 3336 1 10 0 1.0
0 100090 2775 2622 1 10 1 1.0
0 101400 2780 2129 1 10 0 1.0
0 126528 2787 2616 1 1 0 1.0
0 161163 2788 3790 1 10 0 1.0
0 158721 2791 4217 1 1 0 1.0
0 97581 2797 2234 1 1 1 1.0
0 176462 2803 3828 1 10 1 1.0
0 123051 2805 2665 1 1 0 1.0
0 108797 2814 2972 1 1 0 1.0
0 176303 2819 4018 1 10 1 1.0
0 72060 2821 1649 1 1 0 1.0
0 137910 2822 3893 1 1 0 1.0
0 151533 2826 4442 1 10 0 1.0
0 151373 2826 3904 1 1 0 1.0
0 131695 2826 3259 1 1 0 1.0
0 91587 2828 2333 1 1 0 1.0
0 69217 2831 1520 1 1 1 1.0
0 96655 2836 2639 1 1 0 1.0
0 145350 2836 3397 1 50 1 1.0
0 129144 2837 2626 1 50 1 1.0
0 67631 2840 1937 1 1 0 1.0
0 139577 2844 3139 1 1 1 1.0
0 94022 2844 1973 1 1 1 1.0
0 140730 2845 4000 1 1 0 1.0
0 69746 2849 1891 1 1 0 1.0
0 140204 2849 3596 1 1 1 1.0
0 94688 2857 2074 1 1 0 1.0
0 170351 2861 3951 1 1 1 1.0
0 75092 2863 1918 1 1 1 1.0
0 105671 2869 2597 1 1 0 1.0
0 126867 2869 3400 1 1 0 1.0
0 131276 2875 3861 1 1 1 1.0
0 93170 2878 1976 1 10 0 1.0
0 103819 2880 2942 1 1 1 1.0
0 144606 2884 3932 1 10 1 1.0
0 176143 2885 5272 1 1 1 1.0
0 61067 2889 1444 1 1 0 1.0
0 140583 2891 4119 1 1 1 1.0
0 173444 2899 4551 1 1 1 1.0
0 117959 2901 3127 1 50 0 1.0
0 63904 2903 1334 1 1 0 1.0
0 144074 2905 4061 1 1 0 1.0
0 172958 2906 3991 1 1 1 1.0
0 172892 2907 4251 1 10 0 1.0
0 173319 2907 3523 1 1 0 1.0
0 174224 2911 4576 1 1 1 1.0
0 94790 2914 2717 1 1 1 1.0
0 164326 2917 3819 1 10 1 1.0
0 129925 2921 3230 1 10 0 1.0
0 121666 2922 3186 1 50 0 1.0
0 98205 2924 2808 1 10 0 1.0
0 80066 2926 1794 1 1 0 1.0
0 81512 2928 1888 1 1 1 1.0
0 120998 2929 3611 1 1 1 1.0
0 89694 2935 2419 1 10 0 1.0
0 118258 2935 2561 1 1 1 1.0
0 84630 2939 1699 1 1 1 1.0
0 63918 2941 1313 1 50 0 1.0
0 150342 2942 4401 1 1 1 1.0
0 150449 2945 3578 1 1 0 1.0
0 137437 2945 3303 1 1 0 1.0
0 138501 2945 3234 1 1 1 1.0
0 75331 2948 1921 1 1 0 1.0
0 86055 2951 1900 1 10 0 1.0
0 140604 2954 3139 1 10 0 1.0
0 121816 2961 3553 1 10 0 1.0
0 125334 2964 3654 1 50 0 1.0
0 93892 2965 2343 1 1 1 1.0
0 80904 2972 2099 1 10 0 1.0
0 125277 2975 2561 1 1 1 1.0
0 153391 2976 3412 1 10 0 1.0
0 127500 2979 2759 1 10 1 1.0
0 110645 2981 3049 1 1 1 1.0
0 63028 2983 1699 1 1 0 1.0
0 85475 2988 2111 1 10 0 1.0
0 61236 2990 1368 1 1 0 1.0
0 63350 2992 1429 1 10 1 1.0
0 150803 2994 3581 1 1 1 1.0
0 142071 3005 3693 1 1 1 1.0
0 123014 3006 3487 1 1 0 1.0
0 149762 3007 3754 1 1 0 1.0
0 95322 3009 2618 1 1 0 1.0
0 112623 3015 2367 1 1 1 1.0
0 127979 3016 3621 1 10 1 1.0
0 111760 3022 2895 1 10 0 1.0
0 77257 3024 1626 1 1 0 1.0
0 125305 3046 3089 1 1 0 1.0
0 114739 3047 3333 1 10 1 1.0
0 153068 3048 4186 1 1 0 1.0
0 104511 3053 2563 1 10 0 1.0
0 105797 3053 2558 1 1 0 1.0
0 89425 3059 2072 1 10 1 1.0
0 142881 3060 4186 1 10 1 1.0
0 163663 3061 4106 1 10 0 1.0
0 92116 3063 2650 1 10 0 1.0
0 97484 3066 2440 1 10 0 1.0
0 123445 3069 3204 1 10 1 1.0
0 160301 3069 4348 1 1 0 1.0
0 177196 3071 4043 1 1 0 1.0
0 161474 3077 3530 1 1 0 1.0
0 176707 3081 3690 1 1 1 1.0
0 144606 3090 3058 1 1 1 1.0
0 177207 3090 4341 1 1 1 1.0
0 77306 3093 2238 1 50 0 1.0
0 151228 3095 3640 1 50 0 1.0
0 146540 3097 3862 1 1 1 1.0
0 107664 3100 2686 1 1 0 1.0
0 60351 3100 1431 1 1 1 1.0
0 102962 3100 2985 1 1 1 1.0
0 79238 3102 2327 1 10 1 1.0
0 167905 3109 4608 1 1 1 1.0
0 70875 3109 1757 1 1 0 1.0
0 108147 3110 2680 1 1 0 1.0
0 174095 3112 5192 1 1 1 1.0
0 91935 3113 2479 1 50 0 1.0
0 93926 3116 2589 1 1 0 1.0
0 149948 3116 3580 1 1 1 1.0
0 60774 3123 1794 1 1 0 1.0
0 174364 3124 4429 1 10 1 1.0
0 105740 3125 2432 1 1 0 1.0
0 99258 3127 2719 1 1 1 1.0
0 120050 3131 2525 1 10 1 1.0
0 127661 3136 3769 1 10 0 1.0
0 75890 3139 2141 1 10 0 1.0
0 80470 3143 1797 1 10 0 1.0
0 161892 3148 4512 1 1 1 1.0
0 78997 3152 1794 1 50 1 1.0
0 83160 3153 2218 1 1 0 1.0
0 142287 3158 3087 1 1 1 1.0
0 143621 3158 3125 1 1 0 1.0
0 125949 3159 2662 1 10 1 1.0
0 161551 3159 3417 1 10 1 1.0
0 81713 3159 2390 1 1 1 1.0
0 129100 3162 3476 1 50 1 1.0
0 171779 3164 4036 1 1 0 1.0
0 99253 3166 2632 1 1 0 1.0
0 83294 3166 1784 1 1 1 1.0
0 61902 3170 1582 1 10 1 1.0
0 160294 3177 3399 1 10 0 1.0
0 90040 3178 1886 1 1 0 1.0
0 141295 3179 3343 1 1 0 1.0
0 114157 3180 2517 1 10 1 1.0
0 67159 3180 1448 1 1 1 1.0
0 101511 3181 2730 1 1 1 1.0
0 95742 3185 2342 1 1 1 1.0
0 82204 3186 2060 1 1 1 1.0
0 156363 3187 3272 1 10 0 1.0
0 166726 3189 3750 1 50 0 1.0
0 158838 3191 3886 1 1 0 1.0
0 60391 3192 1269 1 10 1 1.0
0 92289 3198 2506 1 10 0 1.0
0 171628 3204 4321 1 1 1 1.0
0 162669 3205 4375 1 10 1 1.0
0 147728 3208 4415 1 1 0 1.0
0 132924 3209 3765 1 10 0 1.0
0 122943 3219 3593 1 1 1 1.0
0 169549 3219 4242 1 10 0 1.0
0 114877 3221 3192 1 10 0 1.0
0 68404 3221 1850 1 1 1 1.0
0 160227 3221 3327 1 10 1 1.0
0 112935 3224 3107 1 1 1 1.0
0 70145 3226 1465 1 1 1 1.0
0 117640 3226 3145 1 1 0 1.0
0 72868 3227 2174 1 50 0 1.0
0 87738 3227 2252 1 1 1 1.0
0 78909 3231 2310 1 1 0 1.0
0 125736 3236 3462 1 1 0 1.0
0 82148 3238 1698 1 1 1 1.0
0 76496 3238 2027 1 1 1 1.0
0 116834 3239 2423 1 1 1 1.0
0 152605 3243 3057 1 1 1 1.0
0 126780 3244 3381 1 1 0 1.0
0 173213 3247 3468 1 1 1 1.0
0 167151 3248 4886 1 10 0 1.0
0 113346 3251 2619 1 1 1 1.0
0 161480 3253 3340 1 10 0 1.0
0 127687 3255 2654 1 1 0 1.0
0 125942 3255 2689 1 1 1 1.0
0 162211 3258 3474 1 1 0 1.0
0 142877 3259 3630 1 1 0 1.0
0 67572 3259 1815 1 50 1 1.0
0 131111 3268 2800 1 1 0 1.0
0 77489 3270 2133 1 1 0 1.0
0 99849 3273 2697 1 10 1 1.0
0 69858 3282 1675 1 1 1 1.0
0 89952 3282 2254 1 50 1 1.0
0 139809 3286 2806 1 1 0 1.0
0 107460 3290 2179 1 10 0 1.0
0 114633 3291 3361 1 1 1 1.0
0 77952 3293 2219 1 1 0 1.0
0 68019 3293 2014 1 50 0 1.0
0 178481 3293 4193 1 1 1 1.0
0 97335 3302 2162 1 50 1 1.0
0 113678 3305 3051 1 1 1 1.0
0 129601 3306 3296 1 10 0 1.0
0 83559 3308 2005 1 10 1 1.0
0 169243 3315 4398 1 10 1 1.0
0 152462 3318 3487 1 10 0 1.0
0 108709 3319 2379 1 1 0 1.0
0 150057 3321 3046 1 10 0 1.0
0 125951 3324 2682 1 10 1 1.0
0 166269 3333 4507 1 1 1 1.0
0 125324 3335 2955 1 10 0 1.0
0 124390 3337 3626 1 1 1 1.0
0 141511 3341 3518 1 1 0 1.0
0 150624 3342 4030 1 50 0 1.0
0 77409 3344 1849 1 1 0 1.0
0 82631 3349 2278 1 1 1 1.0
0 117966 3351 2733 1 10 1 1.0
0 78812 3358 2012 1 10 0 1.0
0 90045 3363 2244 1 1 1 1.0
0 144625 3363 4182 1 1 0 1.0
0 97190 3363 2896 1 1 1 1.0
0 93397 3366 2233 1 1 1 1.0
0 167634 3369 3428 1 1 1 1.0
0 146303 3372 3742 1 1 1 1.0
0 170749 3373 4475 1 1 0 1.0
0 112337 3373 3295 1 50 0 1.0
0 66538 3373 1525 1 1 1 1.0
0 125609 3373 3209 1 1 1 1.0
0 120112 3375 2809 1 1 1 1.0
0 135638 3376 3211 1 1 1 1.0
0 171927 3378 3782 1 50 1 1.0
0 119294 3381 2654 1 1 1 1.0
0 127842 3381 2869 1 1 1 1.0
0 171394 3385 3807 1 1 0 1.0
0 96429 3387 2841 1 1 0 1.0
0 61166 3390 1638 1 10 0 1.0
0 140820 3391 4114 1 50 1 1.0
0 110149 3391 2438 1 10 1 1.0
0 77499 3395 1624 1 10 0 1.0
0 69815 3399 1971 1 10 1 1.0
0 101996 3399 2163 1 1 1 1.0
0 134333 3400 4024 1 10 0 1.0
0 157664 3401 3927 1 1 0 1.0
0 167321 3403 4940 1 1 0 1.0
0 170747 3403 4419 1 10 0 1.0
0 72185 3404 1980 1 1 1 1.0
0 149055 3404 3298 1 1 1 1.0
0 87968 3406 1886 1 1 1 1.0
0 121301 3409 2467 1 1 1 1.0
0 102959 3415 2641 1 50 1 1.0
0 149418 3416 3956 1 1 0 1.0
0 165082 3425 3918 1 10 1 1.0
0 89869 3425 1844 1 10 0 1.0
0 140562 3426 2849 1 1 1 1.0
0 106427 3427 3174 1 1 1 1.0
0 125563 3430 2748 1 1 1 1.0
0 126450 3431 2531 1 10 0 1.0
0 175975 3432 4958 1 10 0 1.0
0 95019 3436 2703 1 1 1 1.0
0 171046 3440 4362 1 1 1 1.0
0 150229 3447 3615 1 10 0 1.0
0 68157 3448 1832 1 1 1 1.0
0 106857 3455 2179 1 50 1 1.0
0 83975 3456 1974 1 10 0 1.0
0 119356 3457 3257 1 1 0 1.0
0 177318 3458 5155 1 10 0 1.0
0 175007 3458 3596 1 1 1 1.0
0 133431 3459 2825 1 10 1 1.0
0 91572 3459 1985 1 1 0 1.0
0 68195 3462 1738 1 1 0 1.0
0 105343 3464 2663 1 1 0 1.0
0 142682 3466 3048 1 1 0 1.0
0 63304 3469 1668 1 1 0 1.0
0 71841 3470 1629 1 1 1 1.0
0 112118 3475 2724 1 1 0 1.0
0 77425 3475 2146 1 1 1 1.0
0 132757 3476 3784 1 10 0 1.0
0 178053 3476 5150 1 1 0 1.0
0 150979 3476 4499 1 1 1 1.0
0 129834 3480 3551 1 10 1 1.0
0 149063 3481 3987 1 1 0 1.0
0 134342 3484 3646 1 1 0 1.0
0 149873 3487 3156 1 1 1 1.0
0 165712 3491 4179 1 10 0 1.0
0 143574 3492 3771 1 50 0 1.0
0 160092 3492 3250 1 1 0 1.0
0 75283 3494 2144 1 1 1 1.0
0 98396 3494 2091 1 1 1 1.0
0 113814 3495 2780 1 1 1 1.0
0 83531 3496 2475 1 10 0 1.0
0 106390 3498 2985 1 10 0 1.0
0 166955 3501 4476 1 1 1 1.0
0 174863 3505 5019 1 10 0 1.0
0 104789 3509 2475 1 1 1 1.0
0 165285 3515 4684 1 1 1 1.0
0 102113 3518 2099 1 10 0 1.0
0 138222 3519 3770 1 1 0 1.0
0 131866 3519 3116 1 1 0 1.0
0 156950 3520 4002 1 50 1 1.0
0 134171 3522 3892 1 1 1 1.0
0 135585 3522 3205 1 1 0 1.0
0 124765 3523 2808 1 1 0 1.0
0 97884 3523 2926 1 1 0 1.0
0 66160 3526 1376 1 1 0 1.0
0 65761 3528 1856 1 1 1 1.0
0 102215 3529 2390 1 1 0 1.0
0 63446 3530 1291 1 10 0 1.0
0 130858 3531 3424 1 1 0 1.0
0 128239 3531 3315 1 1 1 1.0
0 127875 3533 3576 1 10 1 1.0
0 115564 3535 2545 1 1 0 1.0
0 75004 3536 2113 1 10 0 1.0
0 84305 3536 2292 1 1 0 1.0
0 177550 3537 4765 1 1 1 1.0
0 76003 3543 1753 1 1 0 1.0
0 160939 3551 4337 1 1 1 1.0
0 132813 3558 3542 1 10 0 1.0
0 161308 3559 4666 1 10 1 1.0
0 93437 3559 2797 1 1 0 1.0
0 74340 3561 2177 1 1 1 1.0
0 124186 3561 3218 1 1 0 1.0
0 156789 3561 4132 1 1 0 1.0
0 90747 3567 1934 1 10 0 1.0
0 155049 3567 3591 1 10 0 1.0
0 100524 3568 2803 1 10 1 1.0
0 63404 3571 1279 1 50 0 1.0
0 63230 3579 1482 1 1 1 1.0
0 122792 3580 3605 1 1 0 1.0
0 174609 3581 4249 1 1 1 1.0
0 140299 3584 3527 1 1 1 1.0
0 160050 3593 4160 1 1 1 1.0
0 103757 3594 2568 1 50 1 1.0
0 88579 3596 2092 1 1 0 1.0
0 130956 3599 3052 1 1 0 1.0
