1500
1 176218 1 3650 1 1 0 0.8
1 179920 3 4524 1 1 0 0.8
1 63919 4 1478 1 10 1 0.8
1 137002 12 3983 1 1 1 0.8
1 158227 21 4455 1 1 0 0.8
1 160508 21 3831 1 10 0 0.8
1 145588 22 3253 1 1 1 0.8
1 119091 23 2938 1 10 0 0.8
1 168531 23 3530 1 1 1 0.8
1 96045 24 2149 1 1 0 0.8
1 87223 25 2409 1 50 0 0.8
1 167537 27 4259 1 1 1 0.8
1 71051 27 1623 1 1 1 0.8
1 104883 31 2917 1 50 0 0.8
1 83710 33 2105 1 50 0 0.8
1 64619 37 1649 1 1 0 0.8
1 117249 38 2376 1 1 0 0.8
1 128815 41 3383 1 1 0 0.8
1 102563 46 2798 1 1 0 0.8
1 126764 49 3514 1 1 0 0.8
1 88958 54 2422 1 1 0 0.8
1 61097 56 1322 1 50 0 0.8
1 158569 58 3430 1 1 0 0.8
1 142532 62 3451 1 1 1 0.8
1 111883 64 2325 1 10 1 0.8
1 92372 64 1977 1 1 0 0.8
1 160432 65 3336 1 1 0 0.8
1 122998 65 2858 1 1 0 0.8
1 68131 66 1790 1 1 1 0.8
1 114714 67 2387 1 10 1 0.8
1 124458 69 3545 1 10 0 0.8
1 93551 69 1913 1 1 0 0.8
1 153013 70 4395 1 1 0 0.8
1 155190 71 4305 1 10 0 0.8
1 102293 71 2590 1 50 0 0.8
1 148237 73 4182 1 50 0 0.8
1 178662 74 4173 1 1 0 0.8
1 151455 75 3399 1 1 0 0.8
1 84133 75 1823 1 10 0 0.8
1 71751 75 1903 1 10 0 0.8
1 149165 77 3327 1 1 1 0.8
1 90265 78 2650 1 1 0 0.8
1 167176 80 3699 1 1 1 0.8
1 69484 82 2055 1 50 1 0.8
1 95763 83 2008 1 1 0 0.8
1 135564 86 3577 1 1 1 0.8
1 76449 91 1853 1 1 0 0.8
1 114997 92 3348 1 1 0 0.8
1 101540 92 2970 1 10 0 0.8
1 141931 93 3364 1 1 0 0.8
1 74978 94 1940 1 1 1 0.8
1 156889 96 4660 1 10 0 0.8
1 101133 98 2622 1 1 0 0.8
1 143280 98 3984 1 1 0 0.8
1 144482 106 2927 1 1 1 0.8
1 72490 110 2167 1 10 1 0.8
1 121338 112 3421 1 1 0 0.8
1 84394 112 2131 1 10 0 0.8
1 84284 119 2387 1 1 0 0.8
1 72264 121 2118 1 10 0 0.8
1 168825 123 4983 1 1 0 0.8
1 108065 124 2227 1 50 1 0.8
1 92096 126 2155 1 1 1 0.8
1 132613 129 3778 1 1 1 0.8
1 150193 130 3238 1 1 1 0.8
1 163593 133 4044 1 10 0 0.8
1 71624 135 1839 1 1 1 0.8
1 128881 135 2607 1 50 0 0.8
1 157858 138 3423 1 1 0 0.8
1 70174 139 1458 1 1 0 0.8
1 116376 140 2717 1 1 1 0.8
1 64723 141 1315 1 1 0 0.8
1 110395 141 2879 1 10 0 0.8
1 90071 145 2221 1 1 0 0.8
1 94081 148 2206 1 1 0 0.8
1 68312 148 1940 1 1 1 0.8
1 174616 148 4565 1 1 0 0.8
1 161580 149 4348 1 1 1 0.8
1 178391 157 4641 1 1 0 0.8
1 113131 167 3008 1 50 0 0.8
1 71049 170 1436 1 1 0 0.8
1 178616 173 5263 1 10 1 0.8
1 159279 175 3338 1 10 1 0.8
1 81277 177 2189 1 1 0 0.8
1 132361 178 3138 1 1 1 0.8
1 137040 180 3379 1 1 0 0.8
1 77403 181 1584 1 1 0 0.8
1 138209 186 4014 1 10 0 0.8
1 95010 187 2495 1 50 1 0.8
1 96271 193 2510 1 1 0 0.8
1 108175 195 2288 1 1 0 0.8
1 83836 198 2467 1 1 1 0.8
1 128525 210 2931 1 10 1 0.8
1 173889 212 5154 1 1 0 0.8
1 70195 216 1942 1 1 1 0.8
1 93400 217 2784 1 1 1 0.8
1 140888 218 3682 1 1 0 0.8
1 154368 219 3966 1 10 1 0.8
1 108140 221 3105 1 1 0 0.8
1 141556 222 2860 1 1 0 0.8
1 116313 224 2480 1 1 0 0.8
1 157613 229 4529 1 10 1 0.8
1 157061 232 3276 1 1 1 0.8
1 77105 237 2280 1 1 0 0.8
1 127672 238 3108 1 1 0 0.8
1 102797 241 2538 1 1 0 0.8
1 158890 241 3935 1 1 0 0.8
1 72737 245 1471 1 50 1 0.8
1 65893 246 1676 1 50 0 0.8
1 166527 249 3830 1 10 1 0.8
1 102207 250 2608 1 1 0 0.8
1 168615 252 4978 1 10 0 0.8
1 163130 255 4671 1 1 0 0.8
1 162919 255 4609 1 10 1 0.8
1 127357 256 3503 1 10 0 0.8
1 132538 257 3234 1 1 0 0.8
1 146067 258 3898 1 50 0 0.8
1 128104 259 3314 1 10 1 0.8
1 162700 265 3592 1 1 0 0.8
1 61906 267 1432 1 10 0 0.8
1 150381 268 3379 1 1 1 0.8
1 175138 271 3652 1 10 0 0.8
1 73160 271 2007 1 10 0 0.8
1 102663 272 2406 1 1 0 0.8
1 107837 272 2815 1 1 0 0.8
1 128111 273 3101 1 1 0 0.8
1 166155 278 4601 1 1 0 0.8
1 126415 279 2657 1 10 0 0.8
1 139255 290 4056 1 1 0 0.8
1 177163 291 4639 1 1 0 0.8
1 102709 298 3041 1 1 0 0.8
1 161049 298 4181 1 10 1 0.8
1 170426 298 4430 1 1 0 0.8
1 122694 301 2771 1 1 1 0.8
1 163961 302 3415 1 10 1 0.8
1 169476 303 4486 1 1 1 0.8
1 160262 306 3821 1 10 1 0.8
1 158199 306 4559 1 10 1 0.8
1 60046 307 1380 1 1 1 0.8
1 82706 316 2039 1 1 0 0.8
1 126202 319 3501 1 10 1 0.8
1 153571 322 3539 1 1 1 0.8
1 92575 323 2131 1 10 0 0.8
1 82304 323 1763 1 10 0 0.8
1 73534 325 1533 1 1 0 0.8
1 66613 331 1748 1 1 0 0.8
1 121623 340 2441 1 1 1 0.8
1 172316 351 4047 1 1 0 0.8
1 91162 357 1840 1 1 1 0.8
1 157144 358 3625 1 50 0 0.8
1 62434 360 1737 1 1 0 0.8
1 168212 363 5034 1 50 1 0.8
1 88416 364 2594 1 10 1 0.8
1 108814 364 2335 1 1 1 0.8
1 130784 365 3576 1 10 0 0.8
1 178562 369 4842 1 1 0 0.8
1 162326 369 4452 1 1 0 0.8
1 171115 370 4259 1 10 0 0.8
1 106532 371 3194 1 1 0 0.8
1 174609 372 3867 1 1 1 0.8
1 174390 372 4632 1 1 1 0.8
1 90586 381 2246 1 1 0 0.8
1 62859 382 1499 1 10 1 0.8
1 123523 382 3680 1 10 0 0.8
1 152689 386 4540 1 1 1 0.8
1 134129 390 3880 1 1 0 0.8
1 178685 390 5008 1 10 0 0.8
1 105327 399 3005 1 1 0 0.8
1 170925 405 5050 1 1 1 0.8
1 107788 409 2277 1 1 0 0.8
1 168403 412 3736 1 1 0 0.8
1 94259 413 1971 1 1 1 0.8
1 60385 415 1805 1 1 1 0.8
1 86931 415 1922 1 10 1 0.8
1 86425 420 2528 1 1 1 0.8
1 121240 421 3378 1 10 1 0.8
1 134559 423 3539 1 1 1 0.8
1 115761 423 2959 1 1 1 0.8
1 75315 424 2198 1 1 0 0.8
1 119992 433 2465 1 1 1 0.8
1 120931 435 3312 1 10 0 0.8
1 72033 436 1924 1 1 0 0.8
1 97458 438 2859 1 1 1 0.8
1 128904 442 2870 1 10 1 0.8
1 98731 451 2778 1 1 1 0.8
1 128194 451 2760 1 1 0 0.8
1 106300 452 3030 1 1 1 0.8
1 110256 454 2999 1 1 1 0.8
1 123054 454 2509 1 10 0 0.8
1 162360 456 4766 1 1 1 0.8
1 139056 457 3084 1 1 1 0.8
1 87290 468 1963 1 1 0 0.8
1 60379 469 1586 1 1 0 0.8
1 169573 471 4678 1 1 0 0.8
1 163515 473 4753 1 1 1 0.8
1 103092 475 2063 1 10 1 0.8
1 100615 477 2336 1 10 1 0.8
1 159499 479 3727 1 1 0 0.8
1 125995 480 3198 1 1 1 0.8
1 83128 483 2387 1 1 1 0.8
1 80180 483 1761 1 1 1 0.8
1 151298 484 3861 1 50 1 0.8
1 151949 490 3529 1 1 0 0.8
1 162612 492 4209 1 1 1 0.8
1 155263 494 3975 1 1 1 0.8
1 85218 496 1724 1 1 0 0.8
1 135560 497 2727 1 1 0 0.8
1 151078 501 3521 1 10 0 0.8
1 138468 502 3949 1 10 0 0.8
1 117591 503 3388 1 1 0 0.8
1 94676 513 2685 1 1 0 0.8
1 158752 520 4594 1 1 1 0.8
1 114089 521 3358 1 1 1 0.8
1 123648 521 2867 1 10 0 0.8
1 94939 524 1922 1 1 0 0.8
1 91475 531 2613 1 1 1 0.8
1 168135 532 3885 1 10 0 0.8
1 96506 532 2008 1 1 1 0.8
1 86848 532 2288 1 1 1 0.8
1 130836 534 2789 1 1 1 0.8
1 114366 534 3119 1 1 1 0.8
1 124407 537 2547 1 1 0 0.8
1 116662 537 2749 1 1 0 0.8
1 149851 539 4081 1 50 0 0.8
1 132671 542 3501 1 1 0 0.8
1 93013 542 2159 1 1 0 0.8
1 110720 545 2856 1 1 0 0.8
1 80444 547 1678 1 10 0 0.8
1 68158 548 1791 1 1 0 0.8
1 153045 550 3794 1 50 0 0.8
1 178916 553 5140 1 1 0 0.8
1 104738 555 3135 1 1 0 0.8
1 66859 557 1581 1 1 0 0.8
1 75158 557 2048 1 10 1 0.8
1 108655 569 2985 1 1 0 0.8
1 79098 570 1886 1 50 1 0.8
1 166669 573 3994 1 1 1 0.8
1 108612 575 2857 1 1 0 0.8
1 130140 576 2791 1 1 0 0.8
1 114052 585 2369 1 50 0 0.8
1 70893 586 1815 1 50 0 0.8
1 165529 588 4020 1 1 1 0.8
1 78099 589 2145 1 1 0 0.8
1 143243 599 3921 1 50 0 0.8
1 137058 600 3512 1 50 0 0.8
1 150941 601 3461 1 1 1 0.8
1 60739 602 1306 1 10 0 0.8
1 117417 607 2563 1 1 1 0.8
1 93727 609 1985 1 1 0 0.8
1 100033 611 2279 1 50 1 0.8
1 101716 615 2508 1 1 1 0.8
1 149069 616 3208 1 1 1 0.8
1 106364 616 2878 1 1 0 0.8
1 131323 617 3865 1 1 0 0.8
1 148689 619 3342 1 1 1 0.8
1 123508 623 3456 1 1 0 0.8
1 85551 626 2121 1 1 1 0.8
1 119813 632 2461 1 1 0 0.8
1 97413 635 1962 1 50 1 0.8
1 141218 644 3643 1 1 1 0.8
1 60871 644 1604 1 1 0 0.8
1 104307 646 2212 1 10 1 0.8
1 104935 650 2475 1 1 0 0.8
1 85372 654 1776 1 1 1 0.8
1 72363 661 2061 1 1 0 0.8
1 144739 661 3813 1 10 1 0.8
1 91751 668 2023 1 1 0 0.8
1 81176 668 1703 1 10 1 0.8
1 113592 670 2836 1 1 1 0.8
1 73464 675 1732 1 10 1 0.8
1 91928 678 2047 1 10 1 0.8
1 114191 682 2448 1 10 1 0.8
1 86669 682 2007 1 1 1 0.8
1 130228 683 2735 1 10 1 0.8
1 120024 685 2963 1 1 0 0.8
1 94076 686 1940 1 10 1 0.8
1 102602 690 3065 1 10 0 0.8
1 154464 690 4145 1 1 0 0.8
1 102031 692 2936 1 1 0 0.8
1 108272 692 2557 1 1 1 0.8
1 96257 700 2063 1 1 1 0.8
1 73903 700 1868 1 1 1 0.8
1 94888 701 2304 1 1 0 0.8
1 77460 701 1750 1 1 1 0.8
1 77231 702 2009 1 1 0 0.8
1 83489 703 2407 1 1 1 0.8
1 136616 704 3757 1 1 0 0.8
1 107705 705 3061 1 50 1 0.8
1 159777 705 3883 1 10 1 0.8
1 129596 706 2736 1 1 0 0.8
1 168793 706 3819 1 1 0 0.8
1 164938 709 3656 1 1 1 0.8
1 91108 715 2561 1 1 1 0.8
1 119499 720 3017 1 1 1 0.8
1 139278 721 3037 1 1 0 0.8
1 69239 723 1776 1 1 0 0.8
1 132818 730 3414 1 50 0 0.8
1 63700 732 1682 1 1 1 0.8
1 108111 734 2522 1 1 1 0.8
1 73472 735 1597 1 1 0 0.8
1 89184 737 2051 1 10 0 0.8
1 77303 739 2190 1 1 0 0.8
1 133954 739 3171 1 1 1 0.8
1 66078 740 1613 1 1 1 0.8
1 106729 740 2177 1 1 1 0.8
1 130794 742 3261 1 50 0 0.8
1 84086 745 2062 1 1 0 0.8
1 93546 748 2000 1 1 0 0.8
1 93822 752 1933 1 1 0 0.8
1 155121 752 4030 1 1 1 0.8
1 108004 753 2545 1 10 0 0.8
1 127141 756 2911 1 1 1 0.8
1 70470 757 2022 1 10 1 0.8
1 87904 759 2442 1 50 0 0.8
1 79090 762 1896 1 10 1 0.8
1 166588 764 3535 1 1 1 0.8
1 157362 769 4235 1 10 0 0.8
1 102264 771 2265 1 1 1 0.8
1 68901 778 1523 1 10 0 0.8
1 99331 779 2754 1 1 0 0.8
1 155842 780 4459 1 10 0 0.8
1 166628 782 4818 1 10 0 0.8
1 111234 787 3030 1 1 0 0.8
1 110587 788 2759 1 50 1 0.8
1 127968 788 3727 1 1 1 0.8
1 157871 788 4035 1 1 1 0.8
1 121646 789 3458 1 1 1 0.8
1 123417 792 2598 1 1 1 0.8
1 177699 794 4043 1 1 1 0.8
1 121142 796 3029 1 10 0 0.8
1 81421 796 1885 1 50 1 0.8
1 106986 798 2457 1 10 1 0.8
1 97159 799 2643 1 50 1 0.8
1 124306 800 3266 1 10 0 0.8
1 84056 804 2329 1 10 1 0.8
1 148353 804 3818 1 1 0 0.8
1 175433 809 3658 1 10 1 0.8
1 131533 810 3814 1 10 0 0.8
1 113860 818 2329 1 10 1 0.8
1 138576 822 2812 1 10 0 0.8
1 109163 823 2904 1 10 1 0.8
1 82440 823 1671 1 1 1 0.8
1 123838 825 3214 1 1 0 0.8
1 151038 827 3436 1 50 1 0.8
1 140689 828 3568 1 10 1 0.8
1 159085 832 3666 1 1 1 0.8
1 81948 834 2182 1 50 0 0.8
1 101121 834 2709 1 1 1 0.8
1 110912 842 3159 1 1 0 0.8
1 160022 843 3776 1 1 1 0.8
1 154883 846 3392 1 10 1 0.8
1 126517 847 3741 1 1 0 0.8
1 75352 852 1520 1 1 0 0.8
1 95762 852 2858 1 1 1 0.8
1 119237 853 3361 1 1 0 0.8
1 106460 854 2328 1 10 0 0.8
1 61282 859 1523 1 50 0 0.8
1 132302 863 2849 1 10 0 0.8
1 71717 867 1559 1 1 0 0.8
1 90062 876 1913 1 50 1 0.8
1 86824 882 1971 1 1 1 0.8
1 78336 886 1614 1 1 1 0.8
1 156576 888 4416 1 10 1 0.8
1 129589 888 3251 1 1 0 0.8
1 83141 890 2365 1 1 1 0.8
1 172944 892 3459 1 10 0 0.8
1 99622 893 2975 1 1 1 0.8
1 156644 894 4302 1 1 0 0.8
1 156837 896 4259 1 1 0 0.8
1 82173 897 2302 1 10 0 0.8
1 100944 903 2102 1 10 0 0.8
1 104711 907 2748 1 1 0 0.8
1 162472 908 4547 1 1 1 0.8
1 174788 910 4351 1 1 1 0.8
1 121102 912 2552 1 10 1 0.8
1 100958 912 2557 1 10 1 0.8
1 88167 915 2402 1 1 1 0.8
1 70752 918 2073 1 1 0 0.8
1 153469 919 4451 1 50 0 0.8
1 124764 922 3087 1 1 0 0.8
1 174992 923 5075 1 1 1 0.8
1 152965 927 3360 1 1 0 0.8
1 143019 928 4138 1 10 0 0.8
1 144271 929 2979 1 10 0 0.8
1 160686 931 4589 1 10 1 0.8
1 69100 934 1474 1 10 1 0.8
1 95585 936 2015 1 1 1 0.8
1 65106 938 1394 1 1 1 0.8
1 101335 943 2283 1 10 0 0.8
1 80352 943 2208 1 1 1 0.8
1 154370 945 4622 1 50 1 0.8
1 60858 947 1503 1 1 1 0.8
1 162914 952 4509 1 1 1 0.8
1 85333 954 2382 1 1 0 0.8
1 106231 955 2331 1 1 1 0.8
1 108993 955 3212 1 1 0 0.8
1 178815 958 4001 1 10 1 0.8
1 104464 961 2379 1 1 0 0.8
1 114303 961 3112 1 50 0 0.8
1 132865 965 3033 1 1 0 0.8
1 163195 967 4888 1 50 1 0.8
1 127977 969 2821 1 1 0 0.8
1 120645 972 2822 1 50 1 0.8
1 60060 981 1606 1 1 0 0.8
1 78218 981 2104 1 10 1 0.8
1 105569 984 2310 1 10 1 0.8
1 148279 987 4312 1 10 1 0.8
1 114572 990 2644 1 1 1 0.8
1 69468 992 1704 1 1 1 0.8
1 81482 993 1676 1 10 0 0.8
1 82236 997 2326 1 1 0 0.8
1 70490 997 1960 1 10 1 0.8
1 165937 998 4573 1 10 0 0.8
1 79119 1000 1601 1 1 1 0.8
1 158037 1000 4276 1 10 0 0.8
1 65552 1001 1404 1 1 0 0.8
1 150558 1004 3304 1 10 1 0.8
1 100793 1005 2309 1 1 1 0.8
1 109099 1007 2237 1 1 1 0.8
1 175097 1013 3909 1 1 1 0.8
1 143070 1015 4196 1 1 1 0.8
1 70594 1021 1950 1 1 1 0.8
1 138839 1024 2978 1 1 1 0.8
1 125500 1027 3732 1 50 0 0.8
1 85450 1027 2405 1 10 0 0.8
1 173219 1028 3826 1 1 1 0.8
1 87063 1030 2134 1 1 1 0.8
1 89229 1033 2125 1 1 0 0.8
1 63886 1034 1757 1 1 0 0.8
1 150102 1038 3243 1 1 1 0.8
1 146612 1038 3719 1 10 0 0.8
1 157323 1040 3817 1 10 1 0.8
1 141504 1043 3346 1 1 1 0.8
1 171490 1050 3789 1 1 0 0.8
1 135433 1051 2804 1 1 0 0.8
1 166869 1052 3955 1 50 0 0.8
1 79008 1052 1684 1 10 0 0.8
1 168949 1053 3853 1 10 1 0.8
1 146284 1055 4378 1 1 0 0.8
1 141577 1057 4174 1 1 1 0.8
1 88660 1059 2624 1 1 1 0.8
1 83474 1064 2380 1 1 1 0.8
1 106995 1065 2294 1 1 1 0.8
1 120250 1066 3368 1 1 0 0.8
1 132400 1067 3769 1 10 0 0.8
1 67790 1072 1640 1 10 1 0.8
1 94906 1073 2395 1 1 0 0.8
1 153144 1079 3217 1 1 1 0.8
1 151961 1084 3409 1 1 1 0.8
1 85681 1085 2044 1 50 0 0.8
1 127790 1086 3259 1 1 1 0.8
1 175154 1087 4001 1 1 0 0.8
1 130385 1089 2694 1 1 1 0.8
1 177093 1090 3681 1 50 1 0.8
1 69443 1090 1434 1 10 0 0.8
1 169676 1093 4461 1 10 1 0.8
1 106282 1097 2955 1 10 1 0.8
1 154611 1099 3706 1 1 1 0.8
1 149388 1101 4200 1 1 0 0.8
1 127528 1105 3318 1 10 1 0.8
1 166339 1108 4029 1 1 1 0.8
1 76311 1109 2286 1 10 0 0.8
1 146737 1111 3184 1 10 0 0.8
1 113604 1119 3287 1 1 0 0.8
1 104851 1129 2870 1 10 0 0.8
1 95054 1130 2049 1 1 1 0.8
1 68761 1133 1889 1 1 0 0.8
1 125452 1144 3375 1 10 1 0.8
1 150823 1146 4088 1 10 1 0.8
1 137253 1149 3300 1 10 0 0.8
1 163402 1150 4347 1 10 0 0.8
1 80065 1150 2299 1 1 1 0.8
1 91955 1151 2737 1 1 0 0.8
1 86897 1156 2136 1 10 1 0.8
1 127534 1157 3019 1 1 1 0.8
1 172119 1158 4637 1 1 1 0.8
1 133009 1159 3341 1 1 0 0.8
1 168684 1161 4119 1 50 1 0.8
1 79079 1163 1753 1 50 0 0.8
1 111811 1163 3040 1 1 1 0.8
1 63643 1165 1287 1 50 0 0.8
1 101754 1170 2316 1 50 1 0.8
1 66255 1172 1598 1 10 0 0.8
1 136431 1175 3451 1 1 1 0.8
1 78117 1189 1937 1 1 1 0.8
1 104980 1191 2976 1 1 1 0.8
1 145739 1191 4299 1 1 1 0.8
1 69034 1192 1598 1 1 0 0.8
1 99371 1194 2165 1 10 1 0.8
1 67425 1196 1464 1 1 0 0.8
1 146694 1199 4012 1 1 1 0.8
1 145482 1201 3774 1 10 1 0.8
1 96145 1201 2208 1 1 1 0.8
1 170405 1202 3752 1 1 1 0.8
1 112740 1203 2904 1 1 0 0.8
1 113740 1203 2652 1 10 0 0.8
1 169742 1203 3856 1 1 1 0.8
1 162368 1204 3498 1 1 1 0.8
1 149368 1205 4347 1 1 0 0.8
1 172591 1209 4417 1 1 1 0.8
1 147662 1211 3676 1 1 1 0.8
1 120095 1211 3385 1 10 1 0.8
1 146471 1211 3363 1 1 1 0.8
1 91003 1214 1842 1 1 0 0.8
1 83813 1215 2089 1 50 1 0.8
1 73466 1215 2061 1 10 0 0.8
1 83185 1221 2461 1 1 0 0.8
1 99889 1224 2779 1 1 0 0.8
1 123033 1226 2480 1 10 0 0.8
1 162398 1227 4544 1 10 1 0.8
1 150251 1227 3496 1 10 1 0.8
1 85511 1227 2479 1 1 0 0.8
1 111571 1232 2800 1 10 0 0.8
1 109707 1236 2242 1 10 0 0.8
1 162392 1237 4173 1 1 0 0.8
1 139334 1239 3657 1 1 1 0.8
1 85114 1243 1720 1 10 1 0.8
1 97452 1243 2566 1 1 1 0.8
1 158618 1244 4388 1 1 0 0.8
1 147975 1250 3044 1 10 1 0.8
1 84397 1251 1925 1 1 1 0.8
1 96438 1251 2762 1 1 0 0.8
1 107992 1253 2306 1 10 1 0.8
1 151661 1256 3594 1 1 0 0.8
1 93234 1261 1954 1 1 1 0.8
1 157348 1261 3370 1 1 0 0.8
1 96420 1265 2858 1 10 1 0.8
1 149521 1271 3753 1 10 1 0.8
1 159688 1272 3872 1 1 0 0.8
1 84847 1272 2246 1 1 1 0.8
1 149778 1273 4209 1 1 1 0.8
1 69662 1276 1609 1 1 0 0.8
1 148542 1282 4072 1 10 1 0.8
1 86156 1287 2155 1 10 1 0.8
1 139088 1288 3017 1 10 1 0.8
1 133783 1289 3067 1 1 1 0.8
1 175252 1290 4941 1 1 0 0.8
1 110654 1303 2310 1 1 1 0.8
1 171350 1305 4770 1 10 0 0.8
1 85531 1309 1833 1 1 1 0.8
1 127522 1319 2945 1 1 0 0.8
1 115357 1319 2617 1 50 1 0.8
1 118715 1323 3230 1 1 0 0.8
1 64705 1324 1350 1 10 1 0.8
1 76342 1324 2047 1 1 1 0.8
1 173706 1325 4573 1 1 0 0.8
1 130188 1325 3500 1 1 0 0.8
1 99456 1325 1989 1 1 0 0.8
1 72697 1331 1801 1 10 1 0.8
1 145462 1337 3600 1 10 1 0.8
1 71433 1338 1683 1 10 1 0.8
1 165526 1339 4237 1 1 1 0.8
1 171753 1345 3785 1 1 1 0.8
1 126893 1346 3689 1 1 0 0.8
1 63305 1347 1884 1 50 0 0.8
1 168586 1347 3857 1 10 0 0.8
1 93115 1347 1887 1 1 0 0.8
1 70759 1347 2061 1 10 0 0.8
1 101772 1347 2799 1 50 1 0.8
1 175593 1351 4655 1 1 0 0.8
1 92750 1351 2267 1 1 1 0.8
1 136154 1358 3746 1 1 1 0.8
1 75811 1361 1877 1 1 1 0.8
1 66192 1364 1516 1 50 0 0.8
1 72997 1366 2176 1 1 1 0.8
1 170823 1371 4984 1 10 1 0.8
1 68512 1371 1619 1 10 1 0.8
1 114712 1372 2789 1 1 0 0.8
1 159103 1379 4435 1 1 1 0.8
1 169646 1379 5041 1 1 1 0.8
1 76210 1381 2120 1 10 0 0.8
1 121209 1382 3004 1 10 1 0.8
1 90458 1383 2060 1 10 0 0.8
1 98706 1383 2697 1 1 0 0.8
1 179244 1383 3978 1 50 1 0.8
1 86916 1383 2049 1 10 1 0.8
1 110892 1384 2719 1 1 0 0.8
1 168002 1385 4543 1 10 1 0.8
1 171473 1389 4880 1 1 0 0.8
1 63573 1390 1367 1 10 1 0.8
1 173255 1390 4299 1 10 0 0.8
1 129602 1392 3364 1 1 1 0.8
1 149292 1395 3671 1 10 0 0.8
1 133051 1395 3893 1 1 0 0.8
1 88672 1400 2034 1 1 1 0.8
1 68623 1401 1450 1 1 0 0.8
1 77184 1404 1897 1 1 1 0.8
1 108108 1404 2627 1 1 0 0.8
1 145327 1408 3472 1 1 0 0.8
1 163236 1410 3388 1 10 1 0.8
1 140235 1416 3048 1 50 1 0.8
1 110775 1419 2967 1 1 0 0.8
1 78717 1423 2311 1 1 0 0.8
1 164121 1426 3364 1 10 0 0.8
1 80858 1430 1787 1 1 1 0.8
1 81823 1433 2441 1 1 0 0.8
1 126061 1434 2858 1 1 1 0.8
1 158710 1441 3747 1 1 0 0.8
1 132043 1445 3889 1 1 1 0.8
1 96317 1445 2331 1 50 0 0.8
1 141106 1449 3929 1 10 0 0.8
1 174883 1451 3981 1 1 1 0.8
1 164152 1452 3556 1 1 1 0.8
1 114574 1452 2805 1 1 0 0.8
1 64102 1453 1306 1 1 1 0.8
1 83748 1458 1944 1 1 0 0.8
1 122521 1463 2747 1 10 0 0.8
1 163395 1467 4678 1 1 0 0.8
1 178416 1471 4154 1 1 1 0.8
1 131460 1472 3407 1 50 1 0.8
1 122978 1474 3574 1 10 1 0.8
1 143126 1475 3600 1 1 0 0.8
1 149659 1475 3481 1 1 1 0.8
1 65219 1475 1784 1 1 0 0.8
1 103010 1476 2765 1 1 0 0.8
1 131320 1481 3087 1 50 0 0.8
1 138618 1481 3399 1 1 0 0.8
1 85345 1482 1738 1 1 1 0.8
1 108256 1485 2216 1 1 1 0.8
1 97332 1489 2172 1 1 0 0.8
1 85508 1500 2260 1 10 1 0.8
1 105556 1502 2293 1 1 1 0.8
1 95614 1505 2121 1 10 0 0.8
1 140231 1507 3182 1 10 1 0.8
1 107928 1508 3117 1 10 0 0.8
1 117674 1511 3324 1 10 1 0.8
1 67214 1519 1618 1 10 0 0.8
1 102032 1519 2437 1 1 0 0.8
1 79470 1520 2109 1 1 0 0.8
1 159438 1524 4559 1 1 1 0.8
1 149880 1529 4151 1 1 1 0.8
1 101168 1533 2176 1 1 1 0.8
1 133944 1537 3665 1 10 0 0.8
1 167824 1537 3873 1 10 0 0.8
1 101811 1538 2206 1 10 0 0.8
1 102625 1538 2604 1 10 0 0.8
1 162659 1539 4455 1 1 1 0.8
1 104809 1546 2103 1 10 0 0.8
1 143975 1548 3108 1 1 0 0.8
1 79115 1549 1973 1 1 0 0.8
1 143784 1553 2978 1 10 0 0.8
1 153582 1556 4506 1 1 0 0.8
1 135457 1558 3906 1 1 0 0.8
1 138767 1559 3578 1 1 1 0.8
1 157977 1559 3977 1 1 0 0.8
1 77424 1565 2288 1 1 1 0.8
1 118021 1565 3196 1 1 1 0.8
1 65146 1566 1579 1 10 0 0.8
1 123395 1566 2855 1 50 1 0.8
1 156188 1567 3218 1 10 0 0.8
1 68762 1568 1819 1 1 0 0.8
1 62299 1571 1329 1 1 1 0.8
1 149125 1580 4284 1 10 1 0.8
1 136942 1585 2842 1 10 1 0.8
1 114837 1589 3328 1 1 1 0.8
1 76747 1591 1641 1 1 0 0.8
1 168708 1598 4910 1 1 0 0.8
1 152629 1600 3186 1 10 1 0.8
1 78329 1600 1745 1 10 1 0.8
1 168634 1603 3938 1 10 1 0.8
1 163110 1603 4836 1 10 1 0.8
1 90055 1605 2257 1 1 0 0.8
1 79075 1608 2041 1 1 1 0.8
1 95799 1612 2001 1 1 1 0.8
1 104067 1614 3003 1 1 0 0.8
1 94006 1616 2359 1 10 0 0.8
1 64777 1621 1582 1 10 0 0.8
1 67934 1623 1478 1 10 0 0.8
1 119334 1625 3577 1 1 0 0.8
1 176546 1625 5132 1 10 1 0.8
1 157110 1627 3412 1 1 0 0.8
1 77615 1629 1664 1 10 1 0.8
1 160324 1631 3825 1 1 0 0.8
1 88349 1637 1838 1 10 1 0.8
1 143100 1639 3162 1 1 1 0.8
1 168585 1648 3585 1 1 1 0.8
1 128254 1648 2748 1 1 0 0.8
1 71607 1650 1783 1 1 1 0.8
1 151579 1654 3988 1 50 1 0.8
1 116226 1656 2443 1 1 1 0.8
1 84355 1660 2309 1 50 0 0.8
1 172226 1660 3556 1 10 1 0.8
1 75216 1663 2160 1 50 1 0.8
1 89600 1664 2367 1 10 0 0.8
1 130592 1664 3023 1 10 0 0.8
1 94575 1666 2824 1 1 1 0.8
1 129875 1669 3465 1 10 1 0.8
1 151724 1670 3855 1 1 0 0.8
1 79685 1675 2232 1 1 1 0.8
1 119026 1676 3481 1 1 1 0.8
1 130742 1678 3014 1 1 1 0.8
1 169291 1679 3872 1 10 1 0.8
1 106917 1681 2758 1 1 0 0.8
1 143480 1681 3780 1 1 1 0.8
1 130886 1683 3636 1 1 0 0.8
1 138645 1684 3409 1 50 0 0.8
1 119586 1696 3426 1 1 1 0.8
1 77901 1698 2208 1 10 0 0.8
1 142870 1698 3974 1 10 1 0.8
1 149028 1699 3815 1 1 0 0.8
1 114256 1702 2489 1 1 1 0.8
1 80531 1708 1964 1 1 0 0.8
1 175389 1709 4729 1 1 0 0.8
1 125338 1714 2630 1 1 1 0.8
1 95229 1715 2453 1 1 0 0.8
1 144100 1716 3135 1 10 0 0.8
1 172527 1717 4201 1 50 0 0.8
1 130569 1718 3182 1 1 1 0.8
1 134272 1720 3160 1 1 0 0.8
1 89938 1720 1905 1 1 0 0.8
1 168011 1721 4674 1 1 1 0.8
1 65024 1722 1596 1 1 1 0.8
1 77977 1730 2088 1 1 0 0.8
1 140126 1735 3466 1 1 0 0.8
1 102627 1735 2424 1 1 1 0.8
1 122710 1737 3389 1 1 0 0.8
1 159423 1740 4053 1 1 1 0.8
1 118370 1741 2664 1 50 0 0.8
1 173660 1743 5162 1 50 1 0.8
1 116689 1746 3331 1 1 0 0.8
1 102981 1747 2677 1 10 0 0.8
1 168319 1749 4873 1 1 1 0.8
1 68150 1749 1901 1 1 0 0.8
1 117283 1750 2602 1 1 1 0.8
1 74821 1752 2152 1 10 0 0.8
1 71853 1754 1954 1 1 1 0.8
1 96255 1760 2264 1 1 0 0.8
1 146539 1763 4066 1 50 0 0.8
1 135878 1767 3789 1 10 1 0.8
1 124415 1771 3157 1 50 0 0.8
1 88246 1772 2016 1 1 1 0.8
1 86029 1777 2375 1 1 1 0.8
1 88378 1783 2546 1 10 0 0.8
1 178702 1784 4354 1 1 0 0.8
1 126645 1785 3025 1 1 1 0.8
1 90125 1789 2221 1 1 0 0.8
1 118069 1789 3102 1 10 0 0.8
1 64143 1794 1709 1 1 1 0.8
1 97022 1794 1947 1 1 0 0.8
1 171596 1796 4046 1 1 0 0.8
1 164967 1796 3549 1 1 1 0.8
1 72927 1796 1559 1 10 1 0.8
1 177660 1798 4106 1 50 1 0.8
1 62749 1799 1268 1 10 1 0.8
1 71767 1802 2079 1 10 1 0.8
1 111353 1802 2399 1 1 1 0.8
1 147104 1804 3206 1 1 0 0.8
1 163290 1807 4655 1 10 1 0.8
1 125075 1809 3071 1 10 1 0.8
1 130044 1811 3080 1 10 1 0.8
1 71752 1811 1752 1 1 1 0.8
1 66980 1813 1619 1 1 1 0.8
1 115760 1820 2328 1 10 0 0.8
1 90177 1823 2392 1 10 0 0.8
1 114680 1823 2544 1 1 0 0.8
1 62492 1825 1848 1 50 0 0.8
1 97389 1828 2850 1 1 1 0.8
1 116170 1830 3351 1 1 0 0.8
1 72834 1831 1985 1 1 0 0.8
1 72839 1832 2021 1 1 0 0.8
1 115605 1838 2329 1 10 0 0.8
1 150810 1851 3780 1 50 1 0.8
1 159573 1852 3198 1 50 0 0.8
1 74097 1853 1850 1 1 0 0.8
1 78288 1855 1963 1 10 1 0.8
1 127705 1856 3737 1 1 1 0.8
1 81038 1858 1896 1 10 0 0.8
1 128054 1861 3072 1 1 1 0.8
1 92636 1862 1912 1 10 1 0.8
1 169978 1865 4056 1 1 0 0.8
1 176895 1865 5304 1 1 0 0.8
1 86286 1870 2503 1 1 1 0.8
1 67230 1874 1748 1 1 0 0.8
1 104054 1878 2635 1 10 0 0.8
1 174649 1878 4244 1 1 1 0.8
1 160793 1878 3556 1 1 1 0.8
1 101602 1880 2864 1 1 1 0.8
1 130991 1880 2770 1 1 1 0.8
1 132714 1881 3365 1 10 1 0.8
1 128916 1883 3722 1 1 1 0.8
1 102954 1884 2959 1 10 1 0.8
1 163449 1887 3752 1 1 1 0.8
1 124402 1887 3208 1 1 1 0.8
1 103613 1891 2814 1 1 0 0.8
1 145950 1893 4271 1 1 1 0.8
1 60674 1894 1818 1 50 0 0.8
1 109497 1894 2743 1 1 1 0.8
1 126699 1896 3535 1 1 1 0.8
1 108349 1896 2291 1 10 1 0.8
1 128875 1896 3141 1 1 1 0.8
1 104878 1897 2299 1 1 0 0.8
1 134969 1900 2742 1 10 0 0.8
1 167877 1906 3574 1 50 1 0.8
1 135569 1907 3478 1 50 1 0.8
1 162044 1911 3532 1 10 1 0.8
1 101049 1912 2674 1 1 1 0.8
1 80279 1913 2338 1 1 0 0.8
1 126312 1913 3696 1 1 1 0.8
1 112670 1918 2617 1 10 0 0.8
1 86858 1921 2505 1 10 0 0.8
1 100338 1923 2897 1 10 0 0.8
1 169358 1926 3559 1 10 1 0.8
1 64509 1935 1923 1 1 1 0.8
1 141131 1937 3654 1 1 1 0.8
1 125804 1938 3456 1 10 1 0.8
1 151062 1943 3987 1 1 0 0.8
1 79174 1943 1644 1 1 1 0.8
1 142752 1946 3644 1 10 0 0.8
1 125985 1950 2936 1 10 0 0.8
1 164558 1955 4879 1 1 0 0.8
1 112423 1956 2769 1 10 1 0.8
1 168551 1956 3953 1 10 1 0.8
1 129443 1958 3487 1 10 1 0.8
1 101818 1959 2068 1 10 1 0.8
1 157759 1962 4179 1 1 1 0.8
1 123392 1966 3465 1 10 1 0.8
1 72527 1966 1896 1 1 0 0.8
1 173921 1967 4305 1 1 1 0.8
1 165679 1968 3507 1 10 1 0.8
1 167561 1975 3518 1 1 1 0.8
1 175665 1979 4592 1 50 0 0.8
1 106732 1983 2299 1 50 1 0.8
1 111274 1984 2324 1 1 1 0.8
1 162603 1985 3659 1 1 1 0.8
1 126515 1986 3422 1 10 1 0.8
1 74944 1988 2119 1 1 0 0.8
1 86352 1990 1974 1 50 0 0.8
1 64144 1990 1352 1 10 0 0.8
1 125611 1991 3124 1 1 0 0.8
1 94847 1992 2461 1 10 0 0.8
1 72707 1994 1585 1 10 1 0.8
1 162338 1994 3965 1 1 1 0.8
1 117865 1995 3099 1 10 0 0.8
1 145545 1999 3786 1 10 0 0.8
1 74003 1999 1647 1 1 0 0.8
1 161992 2006 3871 1 10 1 0.8
1 132079 2007 3868 1 1 0 0.8
1 96830 2010 2678 1 1 0 0.8
1 143715 2013 3603 1 1 0 0.8
1 171951 2017 3595 1 1 1 0.8
1 132376 2019 3862 1 1 0 0.8
1 76993 2020 1580 1 10 1 0.8
1 127684 2021 3826 1 1 0 0.8
1 64232 2021 1536 1 10 0 0.8
1 127297 2022 3026 1 10 1 0.8
1 111867 2024 2717 1 1 1 0.8
1 91002 2026 2240 1 1 1 0.8
1 172254 2029 4117 1 1 0 0.8
1 179385 2035 3703 1 1 0 0.8
1 116045 2038 2418 1 1 1 0.8
1 110017 2039 2959 1 10 1 0.8
1 112590 2040 3218 1 10 0 0.8
1 117719 2040 3149 1 10 0 0.8
1 70222 2041 2094 1 1 1 0.8
1 145033 2042 3825 1 10 1 0.8
1 153645 2044 3907 1 10 0 0.8
1 128853 2052 2847 1 1 0 0.8
1 163003 2052 4584 1 1 1 0.8
1 135805 2059 3928 1 1 1 0.8
1 148675 2060 3367 1 50 1 0.8
1 170776 2069 4698 1 10 0 0.8
1 117252 2071 2837 1 10 1 0.8
1 134316 2072 2723 1 10 1 0.8
1 101308 2073 2291 1 10 1 0.8
1 130787 2074 3194 1 10 1 0.8
1 147237 2075 4041 1 1 0 0.8
1 176313 2075 4102 1 1 1 0.8
1 97236 2077 2683 1 1 0 0.8
1 176415 2080 4607 1 1 0 0.8
1 111879 2081 3210 1 50 1 0.8
1 106392 2086 3069 1 1 1 0.8
1 109930 2092 2243 1 10 1 0.8
1 106370 2092 2227 1 10 1 0.8
1 174238 2095 4349 1 10 0 0.8
1 121772 2095 3320 1 10 1 0.8
1 138949 2097 3067 1 10 0 0.8
1 158560 2098 3817 1 10 1 0.8
1 124435 2099 3461 1 10 1 0.8
1 72446 2100 2075 1 10 0 0.8
1 81104 2100 1789 1 1 0 0.8
1 111763 2107 2384 1 1 0 0.8
1 68583 2109 1404 1 10 1 0.8
1 83605 2110 1946 1 1 0 0.8
1 131145 2115 3061 1 1 0 0.8
1 110114 2120 2995 1 1 1 0.8
1 166238 2121 4929 1 10 1 0.8
1 127076 2123 2611 1 10 1 0.8
1 171639 2126 3929 1 1 0 0.8
1 106556 2127 3053 1 1 0 0.8
1 95875 2128 2356 1 1 1 0.8
1 79934 2128 2023 1 1 0 0.8
1 146110 2132 3020 1 1 1 0.8
1 159506 2133 3601 1 1 0 0.8
1 82128 2136 2124 1 1 0 0.8
1 112691 2146 2473 1 1 0 0.8
1 161807 2150 3347 1 1 1 0.8
1 150893 2154 4002 1 1 0 0.8
1 88412 2155 1775 1 1 1 0.8
1 69799 2158 1929 1 1 1 0.8
1 134941 2163 3660 1 1 1 0.8
1 164298 2171 4535 1 1 0 0.8
1 100678 2174 2091 1 10 1 0.8
1 145257 2174 4126 1 1 1 0.8
1 61063 2175 1698 1 1 0 0.8
1 69721 2175 1504 1 1 1 0.8
1 114656 2176 2992 1 1 1 0.8
1 126312 2176 3377 1 10 1 0.8
1 65609 2178 1332 1 1 1 0.8
1 167295 2179 3559 1 1 1 0.8
1 84197 2183 2208 1 1 0 0.8
1 154978 2185 3110 1 50 0 0.8
1 104947 2192 2612 1 1 0 0.8
1 166626 2197 4634 1 1 1 0.8
1 97377 2201 2457 1 1 0 0.8
1 61397 2203 1427 1 1 0 0.8
1 105429 2204 2705 1 1 1 0.8
1 143201 2205 2969 1 1 1 0.8
1 139049 2207 2788 1 1 0 0.8
1 95316 2207 1947 1 50 0 0.8
1 130373 2209 3028 1 1 0 0.8
1 101479 2213 2468 1 50 0 0.8
1 126692 2215 3698 1 1 0 0.8
1 125158 2215 2589 1 1 1 0.8
1 114833 2217 2511 1 10 1 0.8
1 82387 2228 1730 1 1 0 0.8
1 84851 2229 2055 1 10 1 0.8
1 155834 2232 3544 1 1 1 0.8
1 132879 2232 3657 1 1 1 0.8
1 173506 2234 3746 1 1 0 0.8
1 113220 2237 2630 1 10 1 0.8
1 95252 2242 2090 1 50 1 0.8
1 133176 2252 3666 1 1 0 0.8
1 152199 2253 3527 1 1 1 0.8
1 118694 2253 3454 1 1 0 0.8
1 82367 2254 2268 1 1 0 0.8
1 82678 2261 2277 1 1 1 0.8
1 139506 2261 3659 1 1 1 0.8
1 107710 2264 3103 1 1 0 0.8
1 167171 2265 4155 1 1 1 0.8
1 107151 2268 2372 1 1 1 0.8
1 129224 2270 3514 1 1 0 0.8
1 113462 2275 2648 1 10 1 0.8
1 123879 2275 3132 1 50 0 0.8
1 73346 2276 2193 1 1 0 0.8
1 89856 2278 2448 1 10 0 0.8
1 67280 2282 1910 1 1 1 0.8
1 72744 2286 2180 1 50 0 0.8
1 179917 2290 4250 1 10 0 0.8
1 152413 2291 3716 1 50 1 0.8
1 116506 2291 3008 1 10 0 0.8
1 97675 2294 2259 1 10 1 0.8
1 131669 2302 2794 1 1 1 0.8
1 149810 2303 3657 1 1 0 0.8
1 136551 2303 3379 1 50 0 0.8
1 148590 2304 3554 1 10 1 0.8
1 161545 2305 4339 1 1 0 0.8
1 150169 2306 3079 1 1 1 0.8
1 146197 2313 3952 1 50 0 0.8
1 149332 2321 3210 1 10 0 0.8
1 174378 2323 4892 1 1 1 0.8
1 107054 2327 2627 1 1 0 0.8
1 164992 2330 4713 1 10 0 0.8
1 139055 2333 3677 1 1 0 0.8
1 122433 2335 3638 1 10 1 0.8
1 157804 2336 3271 1 10 0 0.8
1 110309 2337 2360 1 50 0 0.8
1 165760 2337 4298 1 1 1 0.8
1 145484 2345 4071 1 1 1 0.8
1 144541 2346 3306 1 1 1 0.8
1 112873 2348 2506 1 1 0 0.8
1 127972 2348 2650 1 1 1 0.8
1 101729 2354 2871 1 10 0 0.8
1 174124 2355 4247 1 1 0 0.8
1 142516 2360 3966 1 1 0 0.8
1 65825 2362 1522 1 1 1 0.8
1 76151 2362 1916 1 1 0 0.8
1 104373 2364 2550 1 1 1 0.8
1 88931 2365 1900 1 50 0 0.8
1 91669 2381 2109 1 1 0 0.8
1 123531 2381 3036 1 1 0 0.8
1 118045 2387 3184 1 1 1 0.8
1 87828 2391 2193 1 1 1 0.8
1 99470 2392 2522 1 10 0 0.8
1 92582 2392 2424 1 1 1 0.8
1 104343 2393 2577 1 10 0 0.8
1 66086 2397 1713 1 10 1 0.8
1 150277 2397 3085 1 1 1 0.8
1 150572 2401 4135 1 50 1 0.8
1 114274 2405 3149 1 1 1 0.8
1 122209 2405 3287 1 1 0 0.8
1 130089 2406 3076 1 1 0 0.8
1 82220 2410 2314 1 50 0 0.8
1 147815 2410 3050 1 10 1 0.8
1 121218 2414 2803 1 1 0 0.8
1 76171 2418 1840 1 1 0 0.8
1 74467 2419 2041 1 1 0 0.8
1 67801 2420 1613 1 10 0 0.8
1 178473 2422 3967 1 1 1 0.8
1 113169 2423 3066 1 10 0 0.8
1 97183 2426 2817 1 1 1 0.8
1 163979 2426 4743 1 1 0 0.8
1 110879 2427 2935 1 1 1 0.8
1 113016 2428 2712 1 1 0 0.8
1 160172 2430 4527 1 50 1 0.8
1 106656 2437 2263 1 10 0 0.8
1 113181 2440 3262 1 1 0 0.8
1 91453 2443 2174 1 1 1 0.8
1 71611 2446 1729 1 10 1 0.8
1 127877 2452 2816 1 1 0 0.8
1 86411 2454 2545 1 1 1 0.8
1 179925 2455 4323 1 1 1 0.8
1 112561 2456 3077 1 1 0 0.8
1 140102 2456 3783 1 10 0 0.8
1 87041 2457 2383 1 1 1 0.8
1 137793 2459 3647 1 10 0 0.8
1 132418 2462 2970 1 10 0 0.8
1 170451 2463 4355 1 10 1 0.8
1 143818 2468 3253 1 1 0 0.8
1 69646 2468 1879 1 1 0 0.8
1 141758 2475 3837 1 10 1 0.8
1 92730 2477 2345 1 10 1 0.8
1 136653 2479 2904 1 1 0 0.8
1 164556 2479 4073 1 1 0 0.8
1 117116 2480 3414 1 1 0 0.8
1 117247 2485 2845 1 1 1 0.8
1 114607 2485 3104 1 1 0 0.8
1 118641 2488 3305 1 10 1 0.8
1 122606 2488 2738 1 10 0 0.8
1 114487 2488 3341 1 1 1 0.8
1 147089 2489 3471 1 50 1 0.8
1 129103 2489 2661 1 1 1 0.8
1 92012 2490 2316 1 50 0 0.8
1 134455 2492 2866 1 1 1 0.8
1 92876 2498 2151 1 1 1 0.8
1 92347 2502 2680 1 1 1 0.8
1 171250 2504 4816 1 1 1 0.8
1 150325 2507 4066 1 1 1 0.8
1 145014 2517 3234 1 50 1 0.8
1 146466 2523 3381 1 1 1 0.8
1 135128 2524 3350 1 10 0 0.8
1 91360 2525 2472 1 1 1 0.8
1 88536 2526 2092 1 1 0 0.8
1 147894 2527 3088 1 10 0 0.8
1 121533 2529 2491 1 1 1 0.8
1 85483 2529 1757 1 1 1 0.8
1 111782 2531 2838 1 50 0 0.8
1 104237 2532 2734 1 1 1 0.8
1 131941 2533 2913 1 1 0 0.8
1 101456 2534 2405 1 1 1 0.8
1 172215 2535 3742 1 10 0 0.8
1 97177 2537 1963 1 1 0 0.8
1 154676 2537 4614 1 1 0 0.8
1 95762 2538 2856 1 1 1 0.8
1 141197 2543 3295 1 50 1 0.8
1 66269 2544 1972 1 10 1 0.8
1 162306 2544 4541 1 10 0 0.8
1 96006 2552 2371 1 1 0 0.8
1 118037 2552 2668 1 10 0 0.8
1 149389 2557 3126 1 10 1 0.8
1 85722 2560 1774 1 10 1 0.8
1 67550 2562 1926 1 10 1 0.8
1 78144 2567 2253 1 1 1 0.8
1 136737 2571 3107 1 1 1 0.8
1 132392 2571 2871 1 1 0 0.8
1 147957 2574 3298 1 1 1 0.8
1 177713 2575 5224 1 10 0 0.8
1 142177 2579 4125 1 10 1 0.8
1 95121 2580 2241 1 10 1 0.8
1 83804 2581 1778 1 1 1 0.8
1 110646 2581 2833 1 1 1 0.8
1 139877 2584 3514 1 1 0 0.8
1 75416 2585 1799 1 10 1 0.8
1 160559 2588 3743 1 10 0 0.8
1 101125 2595 3003 1 1 1 0.8
1 77532 2595 2222 1 1 0 0.8
1 157320 2599 3835 1 1 0 0.8
1 86206 2599 2541 1 1 1 0.8
1 141997 2600 4152 1 1 0 0.8
1 62177 2600 1514 1 10 0 0.8
1 166975 2602 4807 1 1 1 0.8
1 179978 2612 3709 1 10 1 0.8
1 175942 2616 4401 1 10 1 0.8
1 152639 2616 4242 1 10 1 0.8
1 151510 2617 3613 1 1 0 0.8
1 98174 2623 2145 1 1 0 0.8
1 151751 2626 3893 1 1 1 0.8
1 107578 2629 3141 1 1 1 0.8
1 110880 2630 2312 1 1 0 0.8
1 67067 2632 1682 1 1 0 0.8
1 90972 2633 1854 1 10 1 0.8
1 168605 2638 4442 1 50 1 0.8
1 128597 2644 2923 1 10 1 0.8
1 138640 2645 4040 1 1 1 0.8
1 129390 2647 2680 1 10 1 0.8
1 63403 2648 1343 1 10 0 0.8
1 111410 2651 2721 1 1 0 0.8
1 146717 2654 3008 1 1 0 0.8
1 98780 2655 2442 1 50 0 0.8
1 177744 2658 4609 1 10 0 0.8
1 85784 2659 1855 1 10 0 0.8
1 76506 2661 1835 1 1 0 0.8
1 102052 2662 2438 1 1 0 0.8
1 79942 2664 2110 1 1 0 0.8
1 104790 2664 2209 1 1 0 0.8
1 131146 2668 2914 1 1 0 0.8
1 94094 2668 1927 1 1 0 0.8
1 78422 2669 1606 1 10 1 0.8
1 144494 2676 3366 1 10 1 0.8
1 66813 2680 1554 1 1 1 0.8
1 169741 2681 3949 1 10 0 0.8
1 62287 2687 1248 1 1 0 0.8
1 67907 2690 1908 1 1 0 0.8
1 158196 2692 4068 1 1 0 0.8
1 106136 2692 2313 1 10 0 0.8
1 95715 2693 2364 1 1 1 0.8
1 170799 2696 4751 1 10 1 0.8
1 140763 2696 4182 1 10 1 0.8
1 173424 2696 4950 1 1 0 0.8
1 70034 2698 1516 1 50 0 0.8
1 177526 2706 4957 1 1 1 0.8
1 68489 2706 2043 1 10 0 0.8
1 148360 2706 4115 1 10 1 0.8
1 94043 2712 2092 1 10 1 0.8
1 138462 2712 3425 1 10 0 0.8
1 65508 2713 1488 1 1 0 0.8
1 103227 2719 2302 1 1 0 0.8
1 160974 2720 3454 1 1 0 0.8
1 68988 2723 1683 1 50 1 0.8
1 78264 2732 2145 1 1 0 0.8
1 160260 2732 3504 1 1 0 0.8
1 110760 2735 2420 1 1 0 0.8
1 70698 2736 1627 1 1 0 0.8
1 132647 2737 2964 1 1 0 0.8
1 117471 2738 2378 1 1 0 0.8
1 98511 2738 2077 1 1 1 0.8
1 100256 2739 2905 1 50 1 0.8
1 142043 2743 3128 1 1 1 0.8
1 106808 2743 2547 1 10 1 0.8
1 161087 2746 3903 1 50 1 0.8
1 153283 2746 3504 1 50 0 0.8
1 80822 2747 1957 1 10 0 0.8
1 176212 2755 3662 1 1 0 0.8
1 147777 2756 3180 1 1 0 0.8
1 78114 2757 2043 1 10 1 0.8
1 106251 2760 2709 1 10 0 0.8
1 127283 2761 3276 1 1 0 0.8
1 64517 2767 1548 1 10 1 0.8
1 157196 2770 4153 1 1 0 0.8
1 173325 2776 4374 1 1 1 0.8
1 86076 2780 2099 1 1 0 0.8
1 80392 2780 1787 1 1 1 0.8
1 163067 2780 3743 1 10 0 0.8
1 151455 2785 3673 1 10 0 0.8
1 121805 2787 2522 1 50 1 0.8
1 75693 2787 1926 1 1 1 0.8
1 108090 2788 2576 1 10 1 0.8
1 93318 2791 2208 1 1 0 0.8
1 125582 2792 2989 1 50 1 0.8
1 83327 2793 2191 1 10 1 0.8
1 118131 2794 3374 1 1 0 0.8
1 148505 2795 3951 1 10 0 0.8
1 120851 2796 2894 1 10 1 0.8
1 87561 2798 1907 1 10 1 0.8
1 146350 2799 4256 1 1 0 0.8
1 113440 2799 2695 1 1 1 0.8
1 73233 2800 1880 1 1 1 0.8
1 103293 2804 2262 1 1 0 0.8
1 61106 2808 1725 1 10 1 0.8
1 136412 2808 2967 1 1 1 0.8
1 76328 2808 1634 1 1 1 0.8
1 107064 2810 2153 1 1 0 0.8
1 143747 2811 4040 1 1 0 0.8
1 127929 2816 3364 1 10 1 0.8
1 138288 2820 2981 1 10 0 0.8
1 82568 2823 1917 1 1 0 0.8
1 90335 2827 2213 1 1 1 0.8
1 167777 2829 4127 1 1 0 0.8
1 89831 2830 2507 1 1 0 0.8
1 112649 2834 3215 1 50 0 0.8
1 63981 2835 1609 1 1 0 0.8
1 143602 2842 3324 1 1 1 0.8
1 128925 2848 3410 1 10 0 0.8
1 78875 2848 1626 1 1 1 0.8
1 107703 2853 2931 1 1 1 0.8
1 102267 2868 2458 1 10 0 0.8
1 171626 2869 3434 1 1 1 0.8
1 73495 2872 2086 1 1 0 0.8
1 168085 2873 3855 1 1 1 0.8
1 79518 2874 1857 1 10 0 0.8
1 66897 2879 1352 1 1 0 0.8
1 152273 2880 4012 1 1 0 0.8
1 156716 2882 4266 1 1 0 0.8
1 102174 2888 2236 1 1 1 0.8
1 175038 2890 4452 1 50 0 0.8
1 120818 2893 3584 1 50 0 0.8
1 176694 2894 4383 1 10 1 0.8
1 105620 2895 2684 1 1 0 0.8
1 162776 2897 3476 1 1 1 0.8
1 119097 2897 2516 1 10 1 0.8
1 62764 2899 1649 1 10 1 0.8
1 87169 2902 1847 1 1 1 0.8
1 76103 2904 2197 1 1 0 0.8
1 147837 2907 3002 1 1 1 0.8
1 83950 2907 2254 1 1 1 0.8
1 114757 2914 3406 1 10 0 0.8
1 97451 2914 2002 1 1 0 0.8
1 73115 2918 1577 1 1 1 0.8
1 95925 2918 2081 1 10 0 0.8
1 112580 2919 2363 1 10 1 0.8
1 72868 2920 1466 1 1 1 0.8
1 87990 2921 2545 1 10 1 0.8
1 163274 2924 3736 1 1 1 0.8
1 121057 2926 3595 1 50 0 0.8
1 91039 2928 2267 1 50 0 0.8
1 150525 2929 3670 1 10 1 0.8
1 120244 2933 2796 1 1 0 0.8
1 157567 2936 4322 1 10 0 0.8
1 132983 2941 3181 1 1 0 0.8
1 71786 2943 1460 1 1 0 0.8
1 179038 2945 4813 1 1 1 0.8
1 114471 2950 2929 1 1 0 0.8
1 141078 2966 3594 1 50 1 0.8
1 174363 2971 4435 1 1 0 0.8
1 120282 2972 2814 1 1 1 0.8
1 69169 2973 1856 1 1 0 0.8
1 169269 2975 3764 1 10 0 0.8
1 95703 2975 2589 1 10 0 0.8
1 73754 2976 1509 1 1 1 0.8
1 130420 2977 3874 1 1 1 0.8
1 101792 2981 2924 1 1 1 0.8
1 142647 2982 3380 1 50 1 0.8
1 166176 2982 4065 1 10 1 0.8
1 83636 2983 1864 1 1 0 0.8
1 150488 2986 3413 1 1 1 0.8
1 80850 2987 2271 1 10 1 0.8
1 142582 3001 3316 1 1 0 0.8
1 157370 3001 4475 1 1 1 0.8
1 172091 3003 3993 1 10 0 0.8
1 123173 3005 3648 1 1 1 0.8
1 79219 3006 2082 1 1 0 0.8
1 123690 3009 3233 1 1 1 0.8
1 97220 3010 2474 1 1 0 0.8
1 85225 3010 2535 1 1 0 0.8
1 142037 3016 2982 1 10 0 0.8
1 106801 3017 2833 1 1 1 0.8
1 106725 3017 3028 1 1 1 0.8
1 142778 3020 3025 1 1 0 0.8
1 108844 3020 2606 1 10 0 0.8
1 96794 3022 2247 1 1 1 0.8
1 77944 3023 2334 1 1 1 0.8
1 130056 3031 2921 1 1 0 0.8
1 123280 3037 3438 1 10 1 0.8
1 65113 3037 1792 1 1 1 0.8
1 139187 3041 3375 1 10 1 0.8
1 160194 3045 4028 1 1 1 0.8
1 146768 3045 3497 1 1 0 0.8
1 129804 3046 3233 1 1 1 0.8
1 158702 3050 3801 1 50 1 0.8
1 65797 3055 1661 1 1 0 0.8
1 91887 3057 1919 1 10 0 0.8
1 124521 3057 3264 1 10 1 0.8
1 119738 3058 2995 1 1 0 0.8
1 177502 3061 4627 1 10 1 0.8
1 159711 3065 3651 1 10 0 0.8
1 134090 3067 3205 1 1 0 0.8
1 176669 3069 4987 1 10 1 0.8
1 125105 3070 2648 1 1 1 0.8
1 106086 3070 2961 1 50 1 0.8
1 123680 3073 3329 1 1 0 0.8
1 162504 3073 4451 1 1 0 0.8
1 64604 3081 1906 1 1 0 0.8
1 64229 3081 1457 1 1 1 0.8
1 66237 3086 1618 1 10 0 0.8
1 121822 3086 3219 1 1 1 0.8
1 119246 3090 2542 1 1 0 0.8
1 67024 3097 1525 1 1 1 0.8
1 147776 3098 3968 1 1 0 0.8
1 160723 3101 4784 1 10 1 0.8
1 168240 3102 3444 1 1 0 0.8
1 144523 3109 3236 1 1 1 0.8
1 138855 3111 2867 1 1 0 0.8
1 72561 3115 1938 1 1 0 0.8
1 127587 3116 3154 1 1 0 0.8
1 138977 3118 3767 1 10 0 0.8
1 146242 3118 4068 1 10 1 0.8
1 170358 3120 4949 1 1 0 0.8
1 67328 3123 1620 1 50 1 0.8
1 179989 3130 5226 1 1 1 0.8
1 96739 3131 2559 1 10 0 0.8
1 105948 3135 2193 1 1 0 0.8
1 121688 3139 3407 1 10 1 0.8
1 176371 3142 4409 1 10 0 0.8
1 133302 3143 3713 1 1 0 0.8
1 72720 3149 1932 1 1 0 0.8
1 153442 3149 4493 1 10 1 0.8
1 158261 3151 3829 1 10 1 0.8
1 75289 3152 1922 1 1 0 0.8
1 149579 3158 4192 1 10 1 0.8
1 75924 3160 1820 1 50 1 0.8
1 163644 3160 4571 1 1 1 0.8
1 93203 3170 2183 1 1 1 0.8
1 176346 3172 3726 1 1 1 0.8
1 156764 3175 3586 1 10 1 0.8
1 159566 3179 4415 1 1 1 0.8
1 156453 3179 4109 1 1 0 0.8
1 83716 3180 2383 1 1 1 0.8
1 106856 3181 2905 1 1 1 0.8
1 144672 3181 2986 1 10 1 0.8
1 158289 3185 4100 1 10 1 0.8
1 173222 3189 4445 1 1 1 0.8
1 168466 3190 3803 1 10 1 0.8
1 162055 3190 4429 1 50 1 0.8
1 148652 3191 3119 1 1 1 0.8
1 170085 3196 3979 1 1 0 0.8
1 167282 3196 4439 1 50 0 0.8
1 168906 3197 4408 1 50 1 0.8
1 173759 3198 4613 1 1 1 0.8
1 173690 3202 4571 1 1 1 0.8
1 120360 3203 3564 1 1 1 0.8
1 102682 3203 3035 1 1 1 0.8
1 111102 3207 2329 1 1 0 0.8
1 111141 3209 2604 1 10 1 0.8
1 146827 3214 3383 1 1 0 0.8
1 160310 3214 4215 1 50 1 0.8
1 94398 3218 2592 1 1 0 0.8
1 164363 3222 3557 1 10 0 0.8
1 135255 3226 3237 1 1 0 0.8
1 106918 3232 2367 1 1 0 0.8
1 126272 3235 3031 1 50 1 0.8
1 137760 3238 3424 1 1 0 0.8
1 117065 3241 3110 1 1 1 0.8
1 90774 3242 2570 1 1 0 0.8
1 130595 3244 2679 1 10 0 0.8
1 80798 3245 1679 1 1 1 0.8
1 68119 3247 1923 1 1 1 0.8
1 124161 3250 2624 1 50 1 0.8
1 110180 3251 2579 1 1 0 0.8
1 161698 3252 4557 1 1 1 0.8
1 131794 3253 3936 1 10 1 0.8
1 112629 3256 2687 1 10 1 0.8
1 90039 3257 2164 1 10 1 0.8
1 172212 3262 4385 1 1 0 0.8
1 111040 3264 3237 1 10 0 0.8
1 64481 3272 1290 1 10 1 0.8
1 154191 3272 3954 1 10 0 0.8
1 102298 3277 2846 1 1 0 0.8
1 103378 3282 2386 1 1 0 0.8
1 70674 3287 1911 1 1 0 0.8
1 145448 3288 4158 1 50 0 0.8
1 97385 3296 2245 1 1 0 0.8
1 127367 3307 2623 1 1 0 0.8
1 176800 3307 5065 1 1 1 0.8
1 167130 3307 3850 1 50 0 0.8
1 177176 3308 4111 1 1 0 0.8
1 151154 3310 3984 1 1 1 0.8
1 167661 3310 3941 1 10 0 0.8
1 177984 3311 4535 1 1 1 0.8
1 178028 3312 4867 1 1 1 0.8
1 167542 3312 4558 1 10 0 0.8
1 154332 3315 3614 1 1 1 0.8
1 94196 3315 2258 1 1 0 0.8
1 175330 3322 4704 1 1 1 0.8
1 121820 3322 3007 1 1 0 0.8
1 149529 3322 4404 1 10 0 0.8
1 63669 3322 1478 1 10 0 0.8
1 66446 3323 1730 1 50 0 0.8
1 118729 3324 3393 1 1 1 0.8
1 170352 3330 4882 1 1 0 0.8
1 158427 3331 3390 1 50 1 0.8
1 80104 3332 1727 1 10 0 0.8
1 138373 3336 3728 1 10 1 0.8
1 106014 3336 2483 1 10 0 0.8
1 93565 3344 2256 1 1 1 0.8
1 126933 3345 3681 1 1 1 0.8
1 143982 3348 4154 1 1 1 0.8
1 100042 3348 2958 1 50 1 0.8
1 73794 3352 2028 1 1 1 0.8
1 72032 3354 1911 1 1 0 0.8
1 118514 3355 2767 1 10 1 0.8
1 64736 3360 1738 1 50 0 0.8
1 94300 3361 2232 1 1 0 0.8
1 137627 3366 3404 1 1 1 0.8
1 178461 3367 5075 1 1 1 0.8
1 74403 3372 1980 1 1 1 0.8
1 125785 3372 3488 1 10 1 0.8
1 109231 3373 2220 1 1 1 0.8
1 171134 3374 5033 1 10 0 0.8
1 145566 3381 3529 1 10 1 0.8
1 75933 3384 1885 1 1 1 0.8
1 77391 3389 1595 1 1 1 0.8
1 79875 3390 1677 1 1 1 0.8
1 154455 3392 4590 1 1 0 0.8
1 134025 3393 3302 1 50 1 0.8
1 85695 3394 2265 1 1 0 0.8
1 125709 3396 3164 1 10 0 0.8
1 143672 3401 3286 1 1 0 0.8
1 64808 3402 1829 1 1 1 0.8
1 110187 3408 3092 1 1 0 0.8
1 92752 3408 1941 1 50 0 0.8
1 145600 3408 2993 1 1 0 0.8
1 131415 3409 3450 1 10 1 0.8
1 146092 3414 3381 1 50 0 0.8
1 64153 3418 1653 1 1 1 0.8
1 72080 3420 1683 1 50 0 0.8
1 138992 3420 2872 1 1 1 0.8
1 127644 3422 3353 1 1 0 0.8
1 71264 3423 1457 1 10 0 0.8
1 77914 3426 2253 1 1 0 0.8
1 117475 3427 3309 1 1 0 0.8
1 100851 3427 2049 1 1 0 0.8
1 98134 3428 2004 1 1 0 0.8
1 78279 3431 1610 1 1 1 0.8
1 102946 3431 2445 1 1 1 0.8
1 123694 3432 3678 1 1 1 0.8
1 100997 3434 2119 1 1 0 0.8
1 165641 3436 3705 1 10 0 0.8
1 92505 3445 2323 1 1 0 0.8
1 127537 3445 3096 1 1 1 0.8
1 139055 3448 3546 1 10 0 0.8
1 66382 3450 1543 1 10 1 0.8
1 144119 3451 3696 1 1 0 0.8
1 169638 3451 3462 1 1 0 0.8
1 86485 3453 2442 1 1 0 0.8
1 142542 3453 3151 1 1 0 0.8
1 131938 3454 3932 1 1 0 0.8
1 157158 3461 4114 1 1 0 0.8
1 163459 3463 4422 1 50 0 0.8
1 143625 3464 4022 1 10 1 0.8
1 115188 3465 2304 1 1 0 0.8
1 154886 3467 3803 1 10 1 0.8
1 135559 3469 2933 1 10 1 0.8
1 90446 3471 2248 1 1 0 0.8
1 174796 3474 4875 1 50 1 0.8
1 98313 3476 2809 1 1 1 0.8
1 125590 3483 3665 1 1 0 0.8
1 62489 3488 1850 1 1 0 0.8
1 85952 3490 1858 1 1 0 0.8
1 130504 3491 2629 1 1 0 0.8
1 97336 3491 2501 1 1 0 0.8
1 179136 3491 4940 1 10 1 0.8
1 174773 3491 5150 1 10 1 0.8
1 159277 3493 4295 1 10 0 0.8
1 75209 3495 1900 1 1 0 0.8
1 95113 3496 2773 1 1 0 0.8
1 147072 3499 3260 1 1 1 0.8
1 65541 3499 1617 1 10 1 0.8
1 116933 3500 2843 1 1 1 0.8
1 77348 3501 1740 1 1 1 0.8
1 81402 3504 1900 1 10 1 0.8
1 154089 3511 3905 1 10 1 0.8
1 85060 3512 2401 1 1 0 0.8
1 99316 3513 2603 1 1 0 0.8
1 105166 3515 2958 1 1 0 0.8
1 118417 3516 2741 1 1 0 0.8
1 85578 3520 2420 1 1 1 0.8
1 146970 3523 3867 1 1 1 0.8
1 93244 3523 2242 1 10 0 0.8
1 89730 3523 2266 1 50 1 0.8
1 104113 3524 2706 1 1 0 0.8
1 75281 3532 1519 1 1 1 0.8
1 106151 3534 2125 1 1 1 0.8
1 94427 3535 2117 1 1 0 0.8
1 84179 3535 2068 1 1 1 0.8
1 150387 3537 4423 1 1 0 0.8
1 110372 3537 3098 1 1 1 0.8
1 99249 3539 2223 1 1 1 0.8
1 70875 3542 1505 1 10 1 0.8
1 115209 3544 2369 1 1 0 0.8
1 142382 3545 4166 1 1 0 0.8
1 172050 3546 3779 1 1 1 0.8
1 103062 3547 2068 1 1 0 0.8
1 109032 3548 2677 1 1 1 0.8
1 134960 3553 3507 1 10 1 0.8
1 95000 3555 2683 1 1 1 0.8
1 76505 3556 1724 1 1 0 0.8
1 153826 3561 3695 1 1 0 0.8
1 155492 3563 3433 1 1 1 0.8
1 91828 3565 2390 1 10 1 0.8
1 147275 3566 3168 1 1 1 0.8
1 170330 3569 3443 1 1 1 0.8
1 136743 3570 2932 1 1 0 0.8
1 109298 3574 2698 1 10 0 0.8
1 148566 3579 3796 1 1 1 0.8
1 126149 3580 2643 1 1 1 0.8
1 100705 3581 2706 1 10 0 0.8
1 105158 3581 2430 1 1 0 0.8
1 79093 3581 2252 1 1 1 0.8
1 79565 3583 2088 1 1 0 0.8
1 90784 3583 2652 1 1 0 0.8
1 163909 3583 4913 1 10 1 0.8
1 143771 3588 3959 1 1 1 0.8
1 110314 3588 2916 1 1 0 0.8
1 168287 3590 4859 1 50 0 0.8
1 172296 3592 4693 1 1 0 0.8
1 96629 3593 2743 1 50 0 0.8
1 126560 3593 2805 1 1 0 0.8
1 68923 3593 1935 1 1 0 0.8
1 133251 3596 3026 1 10 1 0.8
1 119884 3598 3575 1 10 0 0.8
1 142288 3599 3617 1 10 1 0.8
