1500
2 151833 0 4399 1 1 1 0.8
2 160200 1 3726 1 1 0 0.8
2 167664 2 3780 1 1 1 0.8
2 106845 8 2764 1 10 0 0.8
2 128108 21 3199 1 10 1 0.8
2 70787 27 1531 1 1 1 0.8
2 115795 36 2412 1 1 1 0.8
2 121588 37 3513 1 1 0 0.8
2 81122 38 1853 1 1 0 0.8
2 111621 39 3078 1 10 1 0.8
2 143205 41 4058 1 10 0 0.8
2 139931 42 3179 1 1 1 0.8
2 134201 43 3879 1 1 0 0.8
2 162784 46 4882 1 10 0 0.8
2 107757 52 2925 1 10 1 0.8
2 68534 54 1642 1 1 1 0.8
2 132400 57 2668 1 10 0 0.8
2 80003 61 2240 1 1 1 0.8
2 88774 67 2197 1 10 1 0.8
2 86111 68 2120 1 1 1 0.8
2 93319 69 2580 1 50 1 0.8
2 77527 70 1899 1 1 1 0.8
2 174962 70 3616 1 1 1 0.8
2 111946 74 2678 1 1 0 0.8
2 165142 75 3483 1 10 1 0.8
2 90036 76 2637 1 1 0 0.8
2 138075 80 3423 1 1 1 0.8
2 71126 89 1435 1 1 1 0.8
2 129392 91 3290 1 1 0 0.8
2 131875 93 3178 1 1 0 0.8
2 102404 94 2614 1 1 1 0.8
2 127148 96 2994 1 50 0 0.8
2 124465 99 3291 1 10 1 0.8
2 87190 101 2210 1 1 1 0.8
2 91841 107 2529 1 1 0 0.8
2 168924 110 3636 1 10 0 0.8
2 108326 111 2260 1 1 0 0.8
2 91837 113 2728 1 10 0 0.8
2 136160 113 3771 1 10 1 0.8
2 75058 116 1893 1 50 1 0.8
2 172628 120 4597 1 1 0 0.8
2 169590 125 4097 1 1 0 0.8
2 60306 127 1701 1 50 0 0.8
2 66276 130 1632 1 1 0 0.8
2 146473 139 3936 1 50 0 0.8
2 141524 140 3080 1 1 0 0.8
2 176022 143 3742 1 1 1 0.8
2 162647 143 3713 1 10 0 0.8
2 166732 146 4696 1 1 1 0.8
2 98156 155 2312 1 10 1 0.8
2 174500 155 3721 1 1 1 0.8
2 134896 161 3642 1 1 0 0.8
2 144646 161 3066 1 1 0 0.8
2 79999 162 1738 1 50 0 0.8
2 93248 162 1883 1 1 0 0.8
2 162951 163 3665 1 10 1 0.8
2 110657 170 2662 1 10 0 0.8
2 62416 170 1480 1 1 0 0.8
2 100339 172 2776 1 1 1 0.8
2 88060 177 2473 1 1 0 0.8
2 138756 180 3516 1 10 0 0.8
2 151883 181 4367 1 50 0 0.8
2 174169 182 4647 1 1 1 0.8
2 67516 182 1713 1 10 1 0.8
2 130846 185 3103 1 1 0 0.8
2 144497 186 3945 1 1 0 0.8
2 69046 188 1630 1 1 1 0.8
2 105883 190 2789 1 1 0 0.8
2 146141 193 4191 1 1 1 0.8
2 169196 199 4615 1 50 1 0.8
2 166757 207 4265 1 1 1 0.8
2 73544 208 1697 1 10 1 0.8
2 83496 210 2029 1 1 1 0.8
2 88756 210 2265 1 10 1 0.8
2 63323 214 1513 1 1 0 0.8
2 147366 214 3118 1 50 0 0.8
2 140934 215 3370 1 10 1 0.8
2 103180 215 2509 1 1 0 0.8
2 163546 224 3872 1 10 1 0.8
2 86407 234 1997 1 1 0 0.8
2 130169 237 3770 1 10 1 0.8
2 90726 244 2547 1 1 1 0.8
2 82560 246 2260 1 10 0 0.8
2 168232 252 4505 1 50 1 0.8
2 107775 253 2615 1 1 0 0.8
2 61581 258 1525 1 1 0 0.8
2 85858 259 1817 1 1 0 0.8
2 122309 274 3273 1 1 1 0.8
2 122355 275 3428 1 1 0 0.8
2 120414 275 3262 1 1 1 0.8
2 115491 277 3098 1 1 0 0.8
2 129486 280 2907 1 1 0 0.8
2 93013 282 2297 1 1 0 0.8
2 142950 293 3952 1 10 1 0.8
2 139247 301 2801 1 10 0 0.8
2 142305 303 3995 1 1 1 0.8
2 71307 304 1484 1 10 1 0.8
2 82691 306 1682 1 1 1 0.8
2 128063 307 2895 1 10 0 0.8
2 164874 310 4401 1 1 1 0.8
2 143318 312 3986 1 1 1 0.8
2 109015 312 2501 1 1 1 0.8
2 126391 320 3658 1 1 1 0.8
2 94811 321 2092 1 10 1 0.8
2 122859 321 3002 1 1 1 0.8
2 148533 323 3106 1 10 1 0.8
2 114857 326 3358 1 10 1 0.8
2 116939 327 3447 1 1 1 0.8
2 160276 332 3952 1 1 1 0.8
2 72512 334 1776 1 1 0 0.8
2 149132 335 3617 1 10 0 0.8
2 127478 336 2654 1 1 1 0.8
2 175559 340 5071 1 1 0 0.8
2 135296 340 3132 1 10 1 0.8
2 120100 348 2861 1 1 0 0.8
2 123980 352 2642 1 1 1 0.8
2 79856 353 2219 1 1 1 0.8
2 148255 353 3627 1 1 0 0.8
2 161472 356 4411 1 1 0 0.8
2 161085 357 3461 1 10 0 0.8
2 151055 364 3497 1 1 0 0.8
2 63501 366 1484 1 1 1 0.8
2 168829 368 4221 1 50 1 0.8
2 138314 371 3460 1 10 1 0.8
2 150154 372 4412 1 1 0 0.8
2 122716 373 3067 1 10 0 0.8
2 163346 376 4631 1 10 1 0.8
2 141083 377 3219 1 1 0 0.8
2 176629 378 4335 1 10 0 0.8
2 124827 384 3364 1 50 1 0.8
2 133252 384 3471 1 1 1 0.8
2 126813 386 2909 1 1 1 0.8
2 164714 386 4342 1 1 1 0.8
2 87132 388 1812 1 1 1 0.8
2 164038 388 3967 1 1 1 0.8
2 152481 396 3473 1 1 0 0.8
2 166316 398 4308 1 50 1 0.8
2 82241 400 1703 1 10 1 0.8
2 123455 400 2686 1 50 1 0.8
2 97642 401 2361 1 1 0 0.8
2 162020 401 3301 1 50 0 0.8
2 87780 401 2090 1 1 0 0.8
2 164949 403 4416 1 10 0 0.8
2 96177 403 2628 1 1 1 0.8
2 166550 405 4767 1 10 1 0.8
2 68158 407 1558 1 1 1 0.8
2 135010 408 3865 1 1 0 0.8
2 99657 413 2969 1 1 0 0.8
2 81996 415 2053 1 10 0 0.8
2 115085 415 3327 1 50 0 0.8
2 126616 420 2614 1 1 0 0.8
2 172558 421 4844 1 1 0 0.8
2 175884 422 4550 1 50 0 0.8
2 89834 422 2226 1 50 1 0.8
2 114398 425 3164 1 1 1 0.8
2 117281 428 2725 1 1 0 0.8
2 158516 429 4727 1 1 1 0.8
2 119408 434 2746 1 10 1 0.8
2 100113 434 2163 1 1 0 0.8
2 171868 434 4422 1 1 0 0.8
2 67487 436 1642 1 1 1 0.8
2 92609 439 2516 1 10 0 0.8
2 169933 439 4625 1 1 0 0.8
2 83271 442 2237 1 1 0 0.8
2 77835 446 2064 1 10 0 0.8
2 157494 448 3388 1 1 1 0.8
2 177188 449 5276 1 1 1 0.8
2 86656 451 1778 1 1 1 0.8
2 114736 452 3172 1 1 1 0.8
2 69939 452 1960 1 10 0 0.8
2 114687 453 2933 1 1 0 0.8
2 80282 453 2226 1 50 1 0.8
2 132371 455 3944 1 1 0 0.8
2 153637 455 4254 1 1 0 0.8
2 154771 459 3493 1 1 1 0.8
2 105667 465 2496 1 10 0 0.8
2 70865 466 1454 1 1 0 0.8
2 110300 466 3030 1 10 1 0.8
2 161434 470 3609 1 1 0 0.8
2 158301 470 3910 1 10 1 0.8
2 95320 472 2532 1 1 0 0.8
2 152799 473 3937 1 10 0 0.8
2 156858 473 4430 1 10 1 0.8
2 142249 473 3331 1 10 0 0.8
2 85056 474 2002 1 50 1 0.8
2 138516 479 2981 1 1 0 0.8
2 164990 481 3553 1 1 1 0.8
2 89399 483 2476 1 50 1 0.8
2 86018 483 1753 1 50 0 0.8
2 106627 484 3118 1 1 1 0.8
2 122549 485 2809 1 10 1 0.8
2 126655 486 3742 1 50 0 0.8
2 169801 487 4899 1 1 0 0.8
2 128118 489 2912 1 50 0 0.8
2 77496 489 2188 1 1 1 0.8
2 120974 494 2862 1 1 0 0.8
2 91832 494 2630 1 1 0 0.8
2 145759 495 4187 1 1 1 0.8
2 169530 495 4087 1 1 0 0.8
2 163141 507 4268 1 1 0 0.8
2 158274 507 4266 1 1 1 0.8
2 105462 507 2494 1 1 1 0.8
2 98299 509 2183 1 1 1 0.8
2 162375 509 3797 1 10 0 0.8
2 117302 510 3205 1 1 0 0.8
2 117080 510 2404 1 1 1 0.8
2 82970 512 1893 1 1 1 0.8
2 129366 512 3569 1 1 1 0.8
2 61070 513 1705 1 1 0 0.8
2 73318 514 1872 1 10 0 0.8
2 141563 515 4234 1 1 1 0.8
2 144643 520 3510 1 1 0 0.8
2 63822 521 1753 1 10 0 0.8
2 98315 522 2877 1 1 0 0.8
2 119252 522 3230 1 10 1 0.8
2 110416 522 3243 1 10 1 0.8
2 116366 524 2384 1 1 0 0.8
2 73069 527 1614 1 50 1 0.8
2 155006 527 3132 1 1 1 0.8
2 113619 528 3114 1 10 1 0.8
2 85356 529 2071 1 1 1 0.8
2 138138 534 3820 1 1 1 0.8
2 82454 537 1954 1 1 0 0.8
2 165156 539 3748 1 1 1 0.8
2 63550 546 1377 1 1 1 0.8
2 173767 552 4593 1 10 1 0.8
2 153647 557 3567 1 1 1 0.8
2 72659 560 2067 1 1 0 0.8
2 151583 571 3653 1 1 1 0.8
2 87281 571 2122 1 1 1 0.8
2 99781 576 2150 1 50 0 0.8
2 84704 580 2031 1 1 0 0.8
2 109894 581 3072 1 1 0 0.8
2 141809 581 3029 1 1 0 0.8
2 91821 582 2640 1 1 1 0.8
2 119729 582 3198 1 1 0 0.8
2 166618 583 4855 1 1 1 0.8
2 114852 588 2347 1 1 0 0.8
2 176329 598 5254 1 10 0 0.8
2 75394 598 1754 1 1 1 0.8
2 91428 599 2206 1 1 0 0.8
2 115972 599 3219 1 1 1 0.8
2 60284 600 1510 1 1 1 0.8
2 156818 608 4000 1 1 0 0.8
2 162697 609 3263 1 1 0 0.8
2 72055 612 1942 1 1 1 0.8
2 153917 614 3444 1 1 0 0.8
2 62025 615 1719 1 1 1 0.8
2 162706 633 3539 1 1 1 0.8
2 113146 633 2794 1 1 1 0.8
2 87360 634 1975 1 1 0 0.8
2 168353 642 3712 1 1 0 0.8
2 161562 643 3434 1 1 0 0.8
2 98313 644 2057 1 10 1 0.8
2 132500 644 3292 1 1 1 0.8
2 75390 648 1950 1 1 1 0.8
2 72111 651 1716 1 1 1 0.8
2 165782 653 4554 1 50 0 0.8
2 143981 656 3600 1 1 0 0.8
2 78497 657 1728 1 50 0 0.8
2 68683 663 2002 1 1 1 0.8
2 67362 663 1536 1 10 0 0.8
2 172924 671 4127 1 50 0 0.8
2 95437 672 2524 1 1 1 0.8
2 66326 673 1468 1 1 1 0.8
2 108290 673 2448 1 1 0 0.8
2 93178 680 1996 1 1 1 0.8
2 133459 681 3661 1 10 1 0.8
2 89863 681 2558 1 10 1 0.8
2 120671 685 2836 1 1 0 0.8
2 63883 686 1845 1 1 1 0.8
2 68243 686 2038 1 1 1 0.8
2 110929 693 2498 1 1 1 0.8
2 97406 693 2113 1 1 0 0.8
2 159500 700 3307 1 1 1 0.8
2 114858 703 2577 1 1 0 0.8
2 106938 714 2599 1 10 1 0.8
2 111453 716 2573 1 1 0 0.8
2 111639 722 2514 1 10 0 0.8
2 122547 726 3667 1 1 1 0.8
2 71571 727 1953 1 1 1 0.8
2 62446 728 1670 1 10 1 0.8
2 97085 732 1980 1 1 1 0.8
2 129367 738 3081 1 50 1 0.8
2 133221 739 3955 1 10 1 0.8
2 68112 739 1702 1 10 0 0.8
2 84129 743 2048 1 50 1 0.8
2 67685 743 1711 1 50 1 0.8
2 76199 744 1992 1 1 1 0.8
2 94830 746 2322 1 10 0 0.8
2 149873 749 3737 1 1 0 0.8
2 119469 751 3583 1 10 0 0.8
2 63092 761 1611 1 1 1 0.8
2 63566 761 1648 1 10 1 0.8
2 81500 761 1861 1 10 1 0.8
2 154967 764 3187 1 10 0 0.8
2 178053 765 4730 1 1 0 0.8
2 86752 765 2035 1 1 1 0.8
2 91006 769 2486 1 1 1 0.8
2 130115 771 2747 1 1 1 0.8
2 154032 775 3837 1 1 0 0.8
2 150787 779 3382 1 50 1 0.8
2 127035 781 3111 1 10 0 0.8
2 105216 783 2212 1 50 1 0.8
2 101840 784 2565 1 50 0 0.8
2 74256 784 1613 1 50 1 0.8
2 138603 785 2857 1 1 1 0.8
2 97595 785 2236 1 10 0 0.8
2 164095 785 4573 1 1 1 0.8
2 88665 786 2123 1 1 1 0.8
2 165107 786 4513 1 50 0 0.8
2 168372 787 3912 1 50 0 0.8
2 141182 790 3128 1 10 0 0.8
2 168445 794 3681 1 1 0 0.8
2 132208 802 3138 1 1 1 0.8
2 179841 806 4139 1 1 1 0.8
2 154525 808 4610 1 1 0 0.8
2 159613 809 4037 1 10 1 0.8
2 108232 811 2294 1 10 0 0.8
2 179266 818 5234 1 10 0 0.8
2 109385 819 2771 1 10 1 0.8
2 68694 821 1686 1 1 1 0.8
2 92561 827 2688 1 10 0 0.8
2 90078 831 2008 1 1 1 0.8
2 84252 836 1782 1 10 0 0.8
2 177900 838 4488 1 10 1 0.8
2 61575 839 1363 1 1 0 0.8
2 103608 839 2953 1 1 0 0.8
2 123280 840 2744 1 1 0 0.8
2 139158 842 3504 1 1 0 0.8
2 159609 844 3507 1 10 0 0.8
2 114801 847 2652 1 1 1 0.8
2 115503 847 3259 1 1 0 0.8
2 128502 851 2613 1 10 0 0.8
2 133728 855 3678 1 10 1 0.8
2 167878 855 4659 1 10 1 0.8
2 79977 857 1989 1 1 1 0.8
2 158016 861 3893 1 1 1 0.8
2 104122 861 3092 1 1 0 0.8
2 142212 862 3917 1 10 0 0.8
2 137325 865 3988 1 10 0 0.8
2 161622 867 4417 1 10 1 0.8
2 95874 869 2238 1 10 0 0.8
2 74625 872 1689 1 1 1 0.8
2 156630 873 4244 1 10 0 0.8
2 99097 874 2971 1 1 0 0.8
2 132687 877 3468 1 1 1 0.8
2 176835 878 5098 1 1 0 0.8
2 73257 883 2154 1 50 1 0.8
2 161859 884 4247 1 10 1 0.8
2 119579 886 2430 1 1 0 0.8
2 109570 888 2591 1 1 1 0.8
2 79496 889 1716 1 1 0 0.8
2 89430 891 2179 1 10 1 0.8
2 130715 895 3756 1 10 1 0.8
2 86819 900 2305 1 10 1 0.8
2 85448 900 1876 1 1 0 0.8
2 117059 903 3403 1 1 1 0.8
2 98598 907 2739 1 10 0 0.8
2 87110 907 2016 1 10 1 0.8
2 69424 909 1748 1 1 0 0.8
2 63354 909 1511 1 1 0 0.8
2 110253 913 2236 1 50 1 0.8
2 88403 918 1783 1 1 1 0.8
2 60636 919 1415 1 1 1 0.8
2 61858 921 1239 1 10 0 0.8
2 100946 922 2997 1 1 1 0.8
2 112885 922 3354 1 1 0 0.8
2 82981 924 1934 1 1 0 0.8
2 156554 926 3744 1 10 1 0.8
2 115636 927 3188 1 1 0 0.8
2 160576 930 4727 1 10 0 0.8
2 158008 930 4269 1 1 0 0.8
2 103362 935 2480 1 1 1 0.8
2 172985 938 4001 1 10 1 0.8
2 167077 945 4742 1 10 1 0.8
2 147372 946 4022 1 1 0 0.8
2 122209 948 2584 1 10 0 0.8
2 158592 948 4616 1 10 1 0.8
2 61078 948 1539 1 1 1 0.8
2 124852 949 2609 1 1 1 0.8
2 65807 952 1604 1 1 0 0.8
2 83539 956 1690 1 10 1 0.8
2 145894 956 3114 1 10 1 0.8
2 145553 957 3493 1 1 0 0.8
2 138521 958 4083 1 1 1 0.8
2 76385 959 1933 1 10 1 0.8
2 65428 967 1398 1 1 1 0.8
2 164786 968 4423 1 1 1 0.8
2 70079 968 1422 1 1 1 0.8
2 101173 969 2107 1 1 0 0.8
2 153850 969 4180 1 10 1 0.8
2 156326 972 3704 1 1 0 0.8
2 116832 974 2339 1 1 0 0.8
2 111232 976 3314 1 10 1 0.8
2 66562 978 1934 1 1 1 0.8
2 111992 978 3317 1 50 0 0.8
2 63638 982 1844 1 1 1 0.8
2 139481 982 4037 1 1 1 0.8
2 127889 983 3417 1 1 0 0.8
2 114937 989 3103 1 1 0 0.8
2 85804 990 2095 1 1 1 0.8
2 146244 992 4214 1 1 0 0.8
2 167394 994 3889 1 1 1 0.8
2 178743 1001 4833 1 1 1 0.8
2 159925 1004 4453 1 1 0 0.8
2 167230 1005 3581 1 1 0 0.8
2 79246 1008 1828 1 1 1 0.8
2 71166 1009 1934 1 1 1 0.8
2 118137 1011 3033 1 50 0 0.8
2 106302 1015 2895 1 1 1 0.8
2 130956 1018 3026 1 1 0 0.8
2 167489 1020 4326 1 10 1 0.8
2 108700 1023 2868 1 1 1 0.8
2 65219 1026 1355 1 50 1 0.8
2 77189 1031 1730 1 1 0 0.8
2 63373 1031 1318 1 10 0 0.8
2 105501 1034 2516 1 50 1 0.8
2 166158 1034 4064 1 10 1 0.8
2 139322 1036 3900 1 1 0 0.8
2 153747 1037 4162 1 1 1 0.8
2 104198 1039 2603 1 10 0 0.8
2 110322 1041 2243 1 10 1 0.8
2 67275 1041 1664 1 50 1 0.8
2 88725 1043 2595 1 10 1 0.8
2 154267 1046 3173 1 10 0 0.8
2 106692 1047 2380 1 50 1 0.8
2 158033 1047 3289 1 1 1 0.8
2 161452 1050 4500 1 10 1 0.8
2 154765 1050 4505 1 10 0 0.8
2 126002 1050 3167 1 10 0 0.8
2 132627 1051 3676 1 10 0 0.8
2 93666 1051 2467 1 1 0 0.8
2 86331 1052 2228 1 1 0 0.8
2 147877 1055 3373 1 1 0 0.8
2 98505 1058 2036 1 1 1 0.8
2 115933 1065 2493 1 1 1 0.8
2 95474 1066 2441 1 1 0 0.8
2 113124 1067 2529 1 50 1 0.8
2 111087 1068 2723 1 1 1 0.8
2 85918 1068 2085 1 1 1 0.8
2 112519 1068 3349 1 10 0 0.8
2 88039 1069 2227 1 1 1 0.8
2 62520 1069 1774 1 50 0 0.8
2 94450 1076 2036 1 1 1 0.8
2 120644 1077 2665 1 1 1 0.8
2 105843 1079 2469 1 1 1 0.8
2 150264 1080 4299 1 1 0 0.8
2 153296 1080 4570 1 10 1 0.8
2 126448 1081 3712 1 1 1 0.8
2 96274 1081 2720 1 1 0 0.8
2 155534 1082 3806 1 50 0 0.8
2 97986 1090 2138 1 50 0 0.8
2 178086 1091 5301 1 1 1 0.8
2 72323 1092 1905 1 50 1 0.8
2 140368 1095 3676 1 1 0 0.8
2 139900 1100 3941 1 10 0 0.8
2 142123 1104 3780 1 10 0 0.8
2 179288 1108 3834 1 1 1 0.8
2 139177 1111 3118 1 1 0 0.8
2 159112 1115 4349 1 10 0 0.8
2 163993 1116 4033 1 1 1 0.8
2 107522 1120 2564 1 1 0 0.8
2 66216 1120 1348 1 50 1 0.8
2 148008 1121 3656 1 1 1 0.8
2 129513 1123 2959 1 50 1 0.8
2 170040 1124 4249 1 1 0 0.8
2 130842 1124 3540 1 1 0 0.8
2 178716 1126 3575 1 1 0 0.8
2 152297 1126 3852 1 10 0 0.8
2 98724 1133 2611 1 10 1 0.8
2 103524 1134 2198 1 1 1 0.8
2 88569 1136 2593 1 1 1 0.8
2 60062 1137 1570 1 1 1 0.8
2 96057 1138 2651 1 50 0 0.8
2 169849 1138 3443 1 1 1 0.8
2 153673 1142 3942 1 1 1 0.8
2 67106 1146 1815 1 1 0 0.8
2 107780 1148 2224 1 1 1 0.8
2 172251 1150 5109 1 10 0 0.8
2 151572 1150 3846 1 1 0 0.8
2 138911 1151 4064 1 1 0 0.8
2 165124 1152 3441 1 1 0 0.8
2 157979 1153 4454 1 10 1 0.8
2 151174 1155 3935 1 1 1 0.8
2 63074 1159 1797 1 1 0 0.8
2 156448 1160 3624 1 10 0 0.8
2 166083 1162 3848 1 10 0 0.8
2 123392 1163 3133 1 10 0 0.8
2 158898 1165 4667 1 50 1 0.8
2 129890 1165 2958 1 1 0 0.8
2 147829 1166 4327 1 10 0 0.8
2 71243 1167 2118 1 10 1 0.8
2 66926 1167 1541 1 10 1 0.8
2 138325 1169 3392 1 1 1 0.8
2 162624 1172 4142 1 1 0 0.8
2 129674 1173 3400 1 1 1 0.8
2 86097 1179 2572 1 1 0 0.8
2 109526 1183 2959 1 1 1 0.8
2 107094 1183 3028 1 10 0 0.8
2 74565 1191 1806 1 10 1 0.8
2 136022 1198 3741 1 1 0 0.8
2 128694 1201 3192 1 1 1 0.8
2 80488 1205 2367 1 1 0 0.8
2 102472 1207 2150 1 1 0 0.8
2 61767 1214 1665 1 1 0 0.8
2 83598 1215 1971 1 1 0 0.8
2 104319 1221 2172 1 1 0 0.8
2 103897 1222 2829 1 1 1 0.8
2 135905 1225 3661 1 1 0 0.8
2 171923 1227 4916 1 1 0 0.8
2 78880 1233 1838 1 1 0 0.8
2 138985 1242 2931 1 1 1 0.8
2 132626 1245 3076 1 1 1 0.8
2 178389 1254 3915 1 10 1 0.8
2 145935 1258 3951 1 50 0 0.8
2 111941 1259 2847 1 1 0 0.8
2 94442 1259 2650 1 1 1 0.8
2 147046 1259 3534 1 10 0 0.8
2 116992 1259 2432 1 1 1 0.8
2 135092 1263 2767 1 1 0 0.8
2 174034 1264 4164 1 1 0 0.8
2 138759 1269 4123 1 10 1 0.8
2 127581 1277 2784 1 1 0 0.8
2 171278 1279 4207 1 1 0 0.8
2 74160 1281 1831 1 1 1 0.8
2 125018 1291 3243 1 10 0 0.8
2 110790 1292 3185 1 10 1 0.8
2 129515 1299 3874 1 1 0 0.8
2 140930 1302 3897 1 1 0 0.8
2 62915 1304 1612 1 1 0 0.8
2 88410 1306 1921 1 50 1 0.8
2 140392 1306 3192 1 1 0 0.8
2 106801 1306 2986 1 1 0 0.8
2 127557 1308 2740 1 10 1 0.8
2 125811 1308 3261 1 10 0 0.8
2 176636 1310 4062 1 10 0 0.8
2 66488 1311 1408 1 10 0 0.8
2 74801 1314 2006 1 1 1 0.8
2 80618 1316 1713 1 10 1 0.8
2 137616 1317 3822 1 10 1 0.8
2 131108 1319 3795 1 1 1 0.8
2 176207 1320 3671 1 10 0 0.8
2 136244 1322 3570 1 1 0 0.8
2 133721 1322 3479 1 1 0 0.8
2 63788 1326 1562 1 10 1 0.8
2 95407 1326 2695 1 10 1 0.8
2 133982 1327 3727 1 1 0 0.8
2 72783 1328 1869 1 10 0 0.8
2 157864 1330 3852 1 1 1 0.8
2 126076 1335 2629 1 1 0 0.8
2 150918 1337 3971 1 10 1 0.8
2 131052 1337 3814 1 1 0 0.8
2 121009 1341 2851 1 1 1 0.8
2 62329 1341 1794 1 10 0 0.8
2 62773 1345 1341 1 10 1 0.8
2 158046 1345 3796 1 1 1 0.8
2 169728 1346 3571 1 1 0 0.8
2 61270 1346 1286 1 50 1 0.8
2 159503 1346 3500 1 10 1 0.8
2 145495 1347 4248 1 1 1 0.8
2 66015 1350 1807 1 1 0 0.8
2 140926 1352 3563 1 1 0 0.8
2 143783 1352 3526 1 10 1 0.8
2 129358 1354 3324 1 1 1 0.8
2 135553 1356 4025 1 1 1 0.8
2 175234 1359 4727 1 10 0 0.8
2 150689 1362 4082 1 50 1 0.8
2 134260 1364 3316 1 10 1 0.8
2 168419 1366 4987 1 1 1 0.8
2 125370 1367 2858 1 1 1 0.8
2 68486 1371 1428 1 10 1 0.8
2 170810 1374 4707 1 1 1 0.8
2 157688 1374 3395 1 10 1 0.8
2 76004 1375 2177 1 1 0 0.8
2 69928 1382 2012 1 1 0 0.8
2 148067 1383 4266 1 1 0 0.8
2 81944 1384 2324 1 10 1 0.8
2 156189 1385 4425 1 50 0 0.8
2 84717 1386 1698 1 1 0 0.8
2 83372 1387 1919 1 10 1 0.8
2 151592 1393 3290 1 1 1 0.8
2 123546 1396 2615 1 1 1 0.8
2 146499 1397 3074 1 1 0 0.8
2 149086 1397 3114 1 1 0 0.8
2 138560 1401 3730 1 10 1 0.8
2 94678 1403 2024 1 1 0 0.8
2 102761 1405 2284 1 1 0 0.8
2 61184 1407 1693 1 1 0 0.8
2 106639 1408 2618 1 50 0 0.8
2 155580 1413 4367 1 1 1 0.8
2 98697 1413 2176 1 1 0 0.8
2 174808 1413 3783 1 1 0 0.8
2 125970 1425 2657 1 1 1 0.8
2 175949 1426 5007 1 10 0 0.8
2 89472 1429 2414 1 10 1 0.8
2 119037 1430 3373 1 1 1 0.8
2 113526 1430 2600 1 10 0 0.8
2 127902 1433 3012 1 10 1 0.8
2 119913 1436 3159 1 10 1 0.8
2 84354 1443 1878 1 1 1 0.8
2 95181 1443 2670 1 10 0 0.8
2 128937 1444 3024 1 1 1 0.8
2 73420 1446 1998 1 1 1 0.8
2 128666 1447 3442 1 10 0 0.8
2 126060 1449 3750 1 1 0 0.8
2 91799 1449 2204 1 1 0 0.8
2 172400 1450 4260 1 1 1 0.8
2 67398 1450 1462 1 1 1 0.8
2 132573 1452 2942 1 50 1 0.8
2 73556 1454 2120 1 1 1 0.8
2 157121 1454 4339 1 1 0 0.8
2 89868 1459 2191 1 10 0 0.8
2 137167 1460 3227 1 1 1 0.8
2 176186 1462 5052 1 10 1 0.8
2 123908 1468 2516 1 10 1 0.8
2 122945 1485 3277 1 10 0 0.8
2 128663 1485 3182 1 1 0 0.8
2 155710 1487 3975 1 1 1 0.8
2 92241 1487 2095 1 1 1 0.8
2 77500 1487 1746 1 10 1 0.8
2 140085 1489 3748 1 10 0 0.8
2 105965 1491 2687 1 1 1 0.8
2 153160 1494 4173 1 10 1 0.8
2 127006 1495 3717 1 1 0 0.8
2 64797 1498 1838 1 10 0 0.8
2 134423 1499 3070 1 1 0 0.8
2 114531 1499 2482 1 1 1 0.8
2 163788 1502 4698 1 10 1 0.8
2 114771 1504 2795 1 1 1 0.8
2 94538 1505 2023 1 1 1 0.8
2 95031 1510 2511 1 1 0 0.8
2 60738 1510 1750 1 10 1 0.8
2 81094 1511 2100 1 1 1 0.8
2 100893 1514 2330 1 1 0 0.8
2 105619 1515 3090 1 10 0 0.8
2 142881 1517 3846 1 1 0 0.8
2 136847 1517 3318 1 1 1 0.8
2 80296 1517 2180 1 1 1 0.8
2 150064 1521 3853 1 1 1 0.8
2 91783 1529 2374 1 1 1 0.8
2 108717 1531 2798 1 1 0 0.8
2 83605 1532 1724 1 50 0 0.8
2 72834 1533 2163 1 10 0 0.8
2 115340 1536 3403 1 1 0 0.8
2 137968 1536 3257 1 10 0 0.8
2 138358 1536 3195 1 10 1 0.8
2 136923 1538 3624 1 1 1 0.8
2 70550 1539 2066 1 1 1 0.8
2 109767 1540 2687 1 10 1 0.8
2 71908 1543 1951 1 10 0 0.8
2 113388 1544 2447 1 1 1 0.8
2 166735 1546 4736 1 10 0 0.8
2 168388 1549 3846 1 1 1 0.8
2 61275 1550 1657 1 10 1 0.8
2 136278 1551 3133 1 50 1 0.8
2 88720 1554 2374 1 10 1 0.8
2 97122 1556 2187 1 1 0 0.8
2 165069 1557 3993 1 10 1 0.8
2 130961 1558 2853 1 1 1 0.8
2 81755 1559 2332 1 1 0 0.8
2 162311 1559 3636 1 1 1 0.8
2 101164 1560 2566 1 1 1 0.8
2 77351 1560 2054 1 10 0 0.8
2 92206 1560 2143 1 10 1 0.8
2 78494 1560 1705 1 10 0 0.8
2 90089 1561 2679 1 50 1 0.8
2 169940 1562 3718 1 1 0 0.8
2 140764 1562 3058 1 1 1 0.8
2 101388 1568 2508 1 1 0 0.8
2 177567 1569 5163 1 10 0 0.8
2 60392 1572 1258 1 1 0 0.8
2 100815 1572 2116 1 1 1 0.8
2 114350 1574 3078 1 1 0 0.8
2 69972 1575 2014 1 1 0 0.8
2 165319 1575 4947 1 10 1 0.8
2 168228 1575 4719 1 1 1 0.8
2 84335 1579 2459 1 1 1 0.8
2 103787 1583 2526 1 1 0 0.8
2 169576 1584 4923 1 1 1 0.8
2 163460 1588 4234 1 1 0 0.8
2 122482 1588 3239 1 10 0 0.8
2 85188 1589 2219 1 10 1 0.8
2 80980 1590 2385 1 1 1 0.8
2 85088 1595 2128 1 10 0 0.8
2 161811 1595 4784 1 1 1 0.8
2 123973 1598 3604 1 10 0 0.8
2 94386 1599 2695 1 10 1 0.8
2 80747 1603 1945 1 1 0 0.8
2 92004 1609 2024 1 1 1 0.8
2 150371 1612 3585 1 1 1 0.8
2 140043 1613 3670 1 10 1 0.8
2 69217 1619 1647 1 1 0 0.8
2 72961 1620 1764 1 10 1 0.8
2 116982 1620 3341 1 1 1 0.8
2 65485 1622 1932 1 1 0 0.8
2 89208 1622 2146 1 10 1 0.8
2 177555 1623 4301 1 1 1 0.8
2 124034 1625 3718 1 10 1 0.8
2 139701 1626 3544 1 50 0 0.8
2 169235 1627 4483 1 1 1 0.8
2 139006 1627 3761 1 1 0 0.8
2 87815 1629 2292 1 50 1 0.8
2 80129 1632 1681 1 1 1 0.8
2 179611 1632 4969 1 10 1 0.8
2 90195 1637 2610 1 10 1 0.8
2 166672 1639 4444 1 10 0 0.8
2 64203 1643 1291 1 50 1 0.8
2 168833 1644 3728 1 10 1 0.8
2 70922 1645 1970 1 1 0 0.8
2 130627 1647 3251 1 1 1 0.8
2 77859 1649 2293 1 1 0 0.8
2 94974 1651 2059 1 10 0 0.8
2 132816 1652 2949 1 1 1 0.8
2 177759 1652 4530 1 10 1 0.8
2 147239 1654 3861 1 1 1 0.8
2 80661 1656 1634 1 1 0 0.8
2 89298 1656 2133 1 1 0 0.8
2 125603 1660 3185 1 50 0 0.8
2 161072 1660 4514 1 1 1 0.8
2 145580 1665 3538 1 1 1 0.8
2 73463 1665 1871 1 10 0 0.8
2 174626 1672 4999 1 10 1 0.8
2 89718 1673 1964 1 1 0 0.8
2 69621 1674 1664 1 10 1 0.8
2 70361 1680 2056 1 10 0 0.8
2 173887 1681 4734 1 10 1 0.8
2 67829 1681 1380 1 1 1 0.8
2 89906 1684 2271 1 1 0 0.8
2 96693 1686 2431 1 1 1 0.8
2 161437 1688 4451 1 1 1 0.8
2 67106 1688 1920 1 1 0 0.8
2 146451 1688 3702 1 10 1 0.8
2 176656 1692 4944 1 1 1 0.8
2 100437 1692 2965 1 1 0 0.8
2 80734 1692 1717 1 1 0 0.8
2 66386 1695 1446 1 1 0 0.8
2 146798 1695 3566 1 10 0 0.8
2 80223 1696 1887 1 50 1 0.8
2 64832 1699 1851 1 1 0 0.8
2 154249 1700 4144 1 50 1 0.8
2 174468 1703 4421 1 1 1 0.8
2 132576 1709 3771 1 1 1 0.8
2 62721 1709 1437 1 1 0 0.8
2 130275 1710 2911 1 1 0 0.8
2 126329 1710 2992 1 50 1 0.8
2 76409 1717 1971 1 1 0 0.8
2 125474 1720 3152 1 1 1 0.8
2 106087 1722 3073 1 1 0 0.8
2 168181 1724 4614 1 10 0 0.8
2 66762 1726 1973 1 10 0 0.8
2 122561 1731 3509 1 10 0 0.8
2 104125 1733 2636 1 1 0 0.8
2 162789 1735 3580 1 1 0 0.8
2 133830 1742 3800 1 1 0 0.8
2 119957 1745 3129 1 1 0 0.8
2 60910 1749 1799 1 10 1 0.8
2 133099 1751 3278 1 1 1 0.8
2 77866 1752 2276 1 1 0 0.8
2 155823 1753 4596 1 10 0 0.8
2 122576 1754 3614 1 1 1 0.8
2 122108 1754 2524 1 1 1 0.8
2 130669 1755 2989 1 10 0 0.8
2 124698 1758 3640 1 50 1 0.8
2 114059 1769 3012 1 50 1 0.8
2 87442 1769 1966 1 1 0 0.8
2 122022 1770 3365 1 1 0 0.8
2 120172 1773 3322 1 10 0 0.8
2 169807 1775 3797 1 1 1 0.8
2 86498 1791 2528 1 10 1 0.8
2 113580 1798 2781 1 1 0 0.8
2 176759 1802 5218 1 10 0 0.8
2 63425 1806 1808 1 10 0 0.8
2 128881 1807 2719 1 10 1 0.8
2 93214 1807 2691 1 1 0 0.8
2 135770 1812 3085 1 50 0 0.8
2 171682 1814 4951 1 10 0 0.8
2 72809 1818 1638 1 1 0 0.8
2 150581 1819 4394 1 1 0 0.8
2 169834 1823 3707 1 1 0 0.8
2 100537 1824 2882 1 1 0 0.8
2 133855 1825 3723 1 50 1 0.8
2 158211 1831 4485 1 10 1 0.8
2 137140 1835 3833 1 1 0 0.8
2 112108 1836 2980 1 10 1 0.8
2 160815 1837 3755 1 50 1 0.8
2 117342 1838 3347 1 10 1 0.8
2 144385 1838 4039 1 10 1 0.8
2 128492 1843 3175 1 1 0 0.8
2 96031 1843 2332 1 10 1 0.8
2 147282 1845 3049 1 10 1 0.8
2 64799 1847 1609 1 1 0 0.8
2 63989 1849 1480 1 1 1 0.8
2 69930 1852 1777 1 1 0 0.8
2 148219 1852 4042 1 10 0 0.8
2 70924 1855 2077 1 1 1 0.8
2 119324 1856 2928 1 1 0 0.8
2 113285 1861 2558 1 10 1 0.8
2 67838 1865 1584 1 1 1 0.8
2 136425 1866 2940 1 1 1 0.8
2 165383 1870 4751 1 10 0 0.8
2 93828 1871 2506 1 1 1 0.8
2 109861 1873 2685 1 10 0 0.8
2 166792 1880 3604 1 10 1 0.8
2 150082 1881 3093 1 1 1 0.8
2 90991 1883 2593 1 1 0 0.8
2 117370 1883 2477 1 50 0 0.8
2 153607 1883 3129 1 50 1 0.8
2 86778 1885 1779 1 50 1 0.8
2 155030 1894 4332 1 1 0 0.8
2 69891 1897 1947 1 10 1 0.8
2 130846 1897 2662 1 10 1 0.8
2 61116 1903 1420 1 10 1 0.8
2 94220 1904 1961 1 10 1 0.8
2 153563 1904 4356 1 10 0 0.8
2 68286 1906 1392 1 1 1 0.8
2 159499 1908 3319 1 1 1 0.8
2 95028 1909 2365 1 10 0 0.8
2 101897 1909 2105 1 1 1 0.8
2 117922 1911 3320 1 1 1 0.8
2 178548 1913 4091 1 50 1 0.8
2 73348 1915 1891 1 10 1 0.8
2 103696 1915 2788 1 10 1 0.8
2 130401 1916 2663 1 1 0 0.8
2 95930 1919 2331 1 10 1 0.8
2 130980 1921 3084 1 10 0 0.8
2 129892 1923 3736 1 1 0 0.8
2 113615 1924 2330 1 1 1 0.8
2 127616 1925 2655 1 10 1 0.8
2 89476 1927 1910 1 1 1 0.8
2 136940 1928 3864 1 10 0 0.8
2 67205 1937 1474 1 50 1 0.8
2 123746 1938 3680 1 1 1 0.8
2 124959 1938 3685 1 10 1 0.8
2 78974 1940 1884 1 10 1 0.8
2 99348 1943 2111 1 10 1 0.8
2 126552 1943 3560 1 1 0 0.8
2 137770 1944 3659 1 1 1 0.8
2 125934 1947 3625 1 1 1 0.8
2 61288 1949 1261 1 1 0 0.8
2 95718 1953 2723 1 10 1 0.8
2 128205 1954 2977 1 1 1 0.8
2 178251 1957 5056 1 10 0 0.8
2 89330 1960 1905 1 1 1 0.8
2 74364 1964 2067 1 1 0 0.8
2 172838 1966 4492 1 1 1 0.8
2 126721 1966 2673 1 1 0 0.8
2 160954 1967 4162 1 10 0 0.8
2 129684 1968 3581 1 1 0 0.8
2 136631 1974 3211 1 10 1 0.8
2 175921 1980 4864 1 1 0 0.8
2 122888 1981 3064 1 1 0 0.8
2 80579 1986 2280 1 50 1 0.8
2 137255 1986 3391 1 1 1 0.8
2 136548 1989 3273 1 10 0 0.8
2 106873 1992 2834 1 1 1 0.8
2 111459 1992 3082 1 10 0 0.8
2 175354 1995 4339 1 1 0 0.8
2 97127 2004 2537 1 1 1 0.8
2 150010 2010 4374 1 10 0 0.8
2 136459 2014 3762 1 1 0 0.8
2 105682 2017 2887 1 1 1 0.8
2 107973 2018 2881 1 10 1 0.8
2 141379 2020 3651 1 1 1 0.8
2 72775 2021 1620 1 1 1 0.8
2 62942 2023 1467 1 10 0 0.8
2 141739 2030 3798 1 1 0 0.8
2 150525 2031 4164 1 10 1 0.8
2 131996 2037 2667 1 10 0 0.8
2 129380 2038 3047 1 1 1 0.8
2 99984 2041 2356 1 1 1 0.8
2 106301 2042 3156 1 10 0 0.8
2 131589 2045 2717 1 10 1 0.8
2 155583 2047 4440 1 10 0 0.8
2 143712 2048 3739 1 50 1 0.8
2 174847 2048 4904 1 1 0 0.8
2 173599 2049 4007 1 50 1 0.8
2 72565 2051 1925 1 1 1 0.8
2 122383 2052 3438 1 50 1 0.8
2 76020 2061 2027 1 50 1 0.8
2 173694 2061 3734 1 1 0 0.8
2 140152 2061 4032 1 1 1 0.8
2 143748 2062 3763 1 10 0 0.8
2 128290 2065 3380 1 1 1 0.8
2 131743 2067 2867 1 1 0 0.8
2 78884 2068 2123 1 1 1 0.8
2 127747 2071 2837 1 1 1 0.8
2 160677 2074 3699 1 1 1 0.8
2 101388 2077 2691 1 1 0 0.8
2 128384 2077 3329 1 50 0 0.8
2 141160 2082 4024 1 10 1 0.8
2 171539 2083 4125 1 10 0 0.8
2 110407 2083 2317 1 10 0 0.8
2 96442 2084 2109 1 1 1 0.8
2 127749 2095 3688 1 1 0 0.8
2 111087 2096 2697 1 1 1 0.8
2 97685 2100 2412 1 1 1 0.8
2 142790 2100 3611 1 10 0 0.8
2 75267 2100 2060 1 10 1 0.8
2 99300 2101 2038 1 10 1 0.8
2 87318 2103 2572 1 1 1 0.8
2 143318 2112 2958 1 1 0 0.8
2 144608 2114 3514 1 50 0 0.8
2 178987 2114 4648 1 1 0 0.8
2 111732 2115 3306 1 1 1 0.8
2 68685 2118 1588 1 10 1 0.8
2 115186 2122 3263 1 1 0 0.8
2 84047 2126 2063 1 10 1 0.8
2 179281 2128 4597 1 10 0 0.8
2 77998 2129 2086 1 1 1 0.8
2 94632 2133 2825 1 1 1 0.8
2 159245 2135 3198 1 10 0 0.8
2 143071 2138 4098 1 1 0 0.8
2 157702 2141 3170 1 1 0 0.8
2 151129 2142 3887 1 10 0 0.8
2 121340 2145 3080 1 1 1 0.8
2 155173 2151 3440 1 50 1 0.8
2 108401 2153 3212 1 1 1 0.8
2 65064 2155 1585 1 1 0 0.8
2 101958 2158 2926 1 1 1 0.8
2 88595 2159 2595 1 10 1 0.8
2 66765 2159 1857 1 10 0 0.8
2 135687 2159 3757 1 10 0 0.8
2 78390 2159 1784 1 1 1 0.8
2 130070 2161 3253 1 10 0 0.8
2 174650 2161 3593 1 1 1 0.8
2 89580 2163 2228 1 10 1 0.8
2 75094 2165 1548 1 1 1 0.8
2 145278 2165 3552 1 1 0 0.8
2 111006 2168 3099 1 10 1 0.8
2 76918 2170 2213 1 1 0 0.8
2 91630 2177 2407 1 1 0 0.8
2 94303 2181 2416 1 10 0 0.8
2 148380 2183 3898 1 1 1 0.8
2 173972 2192 3496 1 10 1 0.8
2 175980 2193 4673 1 10 1 0.8
2 95876 2196 2400 1 10 1 0.8
2 159567 2200 3444 1 1 1 0.8
2 76214 2202 1736 1 50 1 0.8
2 61635 2203 1419 1 1 1 0.8
2 117479 2204 3270 1 1 0 0.8
2 145364 2211 3354 1 10 1 0.8
2 110299 2212 2828 1 1 0 0.8
2 67411 2213 1593 1 10 1 0.8
2 147149 2215 4380 1 10 1 0.8
2 60629 2217 1347 1 10 0 0.8
2 69147 2219 1710 1 1 1 0.8
2 66995 2225 1541 1 1 0 0.8
2 116728 2234 2768 1 10 1 0.8
2 120296 2235 2882 1 1 0 0.8
2 162602 2244 4107 1 1 0 0.8
2 80733 2244 2350 1 1 1 0.8
2 100011 2257 2916 1 50 1 0.8
2 75804 2259 1748 1 50 1 0.8
2 125429 2260 3239 1 50 0 0.8
2 112754 2261 2843 1 1 1 0.8
2 107157 2262 2448 1 1 1 0.8
2 145310 2267 3217 1 1 0 0.8
2 160077 2271 3605 1 10 1 0.8
2 148008 2272 4369 1 1 1 0.8
2 110572 2275 2362 1 1 0 0.8
2 175007 2279 3944 1 1 1 0.8
2 113583 2280 2678 1 10 0 0.8
2 141023 2286 3560 1 1 0 0.8
2 123125 2288 2838 1 1 1 0.8
2 60413 2289 1422 1 50 1 0.8
2 105305 2293 2275 1 10 0 0.8
2 123289 2296 3408 1 1 0 0.8
2 84542 2296 1849 1 10 1 0.8
2 106367 2298 2731 1 1 0 0.8
2 173582 2300 4592 1 10 1 0.8
2 90224 2300 2634 1 1 0 0.8
2 166985 2301 4681 1 10 0 0.8
2 129066 2301 3240 1 1 1 0.8
2 97054 2303 2336 1 10 1 0.8
2 89535 2306 1886 1 1 1 0.8
2 81520 2307 2356 1 10 0 0.8
2 93579 2312 2623 1 1 0 0.8
2 156419 2313 4489 1 50 0 0.8
2 93310 2316 2221 1 10 0 0.8
2 82730 2317 1753 1 10 0 0.8
2 141484 2319 3681 1 10 1 0.8
2 135027 2323 3989 1 50 0 0.8
2 81803 2330 1700 1 10 0 0.8
2 137446 2334 2754 1 1 0 0.8
2 178250 2334 4579 1 50 1 0.8
2 80068 2335 1634 1 1 1 0.8
2 168706 2336 4584 1 1 0 0.8
2 173745 2337 4109 1 50 0 0.8
2 111959 2342 2599 1 1 0 0.8
2 69380 2345 1849 1 1 1 0.8
2 119776 2345 2928 1 1 1 0.8
2 148565 2355 3664 1 10 0 0.8
2 146277 2360 4059 1 1 1 0.8
2 121477 2360 3074 1 1 1 0.8
2 81989 2361 2456 1 1 1 0.8
2 104991 2361 2366 1 1 1 0.8
2 72448 2366 2101 1 10 0 0.8
2 116416 2367 2367 1 10 0 0.8
2 79361 2375 2102 1 1 0 0.8
2 168993 2377 4199 1 1 0 0.8
2 82415 2380 2042 1 1 1 0.8
2 72469 2381 2172 1 1 0 0.8
2 64002 2387 1490 1 1 1 0.8
2 93019 2389 2716 1 1 1 0.8
2 145914 2390 3370 1 1 0 0.8
2 136812 2393 3941 1 1 1 0.8
2 109857 2394 2658 1 10 0 0.8
2 131174 2395 2636 1 1 0 0.8
2 166071 2397 4506 1 10 0 0.8
2 61788 2399 1279 1 1 0 0.8
2 149628 2400 3665 1 1 1 0.8
2 173371 2405 5009 1 1 1 0.8
2 147901 2412 3697 1 1 1 0.8
2 163028 2412 3752 1 10 1 0.8
2 166448 2412 4874 1 50 1 0.8
2 166083 2412 4415 1 1 1 0.8
2 80248 2414 2370 1 10 0 0.8
2 146581 2416 3562 1 50 0 0.8
2 102691 2416 2600 1 10 1 0.8
2 65206 2418 1689 1 1 0 0.8
2 150325 2418 3111 1 10 0 0.8
2 123763 2418 3655 1 1 1 0.8
2 94052 2420 2580 1 1 0 0.8
2 151289 2425 3446 1 1 0 0.8
2 132717 2425 2823 1 10 1 0.8
2 71083 2425 1860 1 1 0 0.8
2 160965 2427 3647 1 1 1 0.8
2 151433 2428 4475 1 1 0 0.8
2 64473 2429 1639 1 1 0 0.8
2 129931 2429 3719 1 50 1 0.8
2 89503 2429 1997 1 10 1 0.8
2 149456 2431 3149 1 10 1 0.8
2 104189 2440 3059 1 10 0 0.8
2 125587 2443 2598 1 1 1 0.8
2 135677 2445 3783 1 1 0 0.8
2 156301 2447 3500 1 1 0 0.8
2 113989 2450 2347 1 1 1 0.8
2 92364 2450 2317 1 10 1 0.8
2 86030 2451 1746 1 10 0 0.8
2 169478 2451 5044 1 50 0 0.8
2 83149 2454 2221 1 1 1 0.8
2 143985 2456 4238 1 50 1 0.8
2 93565 2457 2670 1 1 1 0.8
2 112102 2458 3322 1 1 0 0.8
2 151703 2464 3940 1 1 1 0.8
2 99914 2468 2431 1 50 1 0.8
2 152905 2470 3656 1 1 1 0.8
2 151888 2471 3764 1 10 0 0.8
2 97626 2473 2710 1 1 0 0.8
2 97058 2473 2341 1 10 0 0.8
2 144107 2477 3807 1 1 1 0.8
2 108377 2479 2170 1 50 0 0.8
2 106721 2481 3162 1 1 0 0.8
2 141075 2481 2971 1 50 1 0.8
2 128747 2484 3662 1 1 0 0.8
2 179436 2484 5266 1 10 0 0.8
2 173194 2485 4910 1 1 0 0.8
2 145283 2490 3396 1 1 0 0.8
2 98712 2491 2080 1 1 1 0.8
2 72604 2498 2069 1 1 0 0.8
2 164599 2504 4215 1 1 0 0.8
2 82379 2505 1754 1 1 1 0.8
2 136090 2506 3558 1 10 0 0.8
2 137160 2509 3163 1 1 1 0.8
2 125334 2510 3757 1 1 0 0.8
2 176659 2515 4724 1 10 0 0.8
2 83352 2515 2132 1 1 1 0.8
2 110277 2515 2595 1 1 0 0.8
2 164702 2520 3696 1 10 1 0.8
2 125103 2520 2976 1 1 1 0.8
2 73263 2521 1992 1 10 0 0.8
2 137853 2522 3828 1 1 1 0.8
2 119540 2527 2448 1 10 1 0.8
2 64179 2529 1466 1 1 0 0.8
2 82243 2530 2284 1 1 1 0.8
2 158336 2530 4340 1 1 0 0.8
2 118232 2532 2664 1 1 0 0.8
2 178250 2535 5048 1 50 0 0.8
2 166837 2537 3339 1 1 0 0.8
2 160767 2539 3633 1 10 0 0.8
2 73604 2539 1623 1 1 0 0.8
2 143586 2542 3917 1 1 0 0.8
2 163823 2545 4651 1 1 0 0.8
2 76232 2547 1774 1 1 1 0.8
2 64503 2550 1426 1 1 1 0.8
2 85679 2554 2053 1 1 1 0.8
2 80940 2554 2052 1 50 0 0.8
2 165607 2555 3689 1 1 0 0.8
2 110197 2558 2482 1 10 0 0.8
2 64023 2558 1526 1 10 0 0.8
2 132749 2559 3672 1 10 1 0.8
2 91000 2560 2434 1 10 1 0.8
2 94148 2564 2503 1 1 1 0.8
2 82249 2566 1945 1 1 0 0.8
2 60476 2574 1570 1 1 1 0.8
2 67719 2575 1959 1 10 1 0.8
2 164855 2578 4464 1 1 1 0.8
2 110209 2579 2435 1 10 1 0.8
2 169847 2586 4965 1 1 1 0.8
2 72446 2603 1909 1 50 0 0.8
2 93902 2610 1901 1 1 1 0.8
2 167095 2613 4746 1 50 0 0.8
2 112712 2616 3063 1 1 1 0.8
2 115972 2617 2537 1 1 1 0.8
2 66616 2617 1822 1 10 1 0.8
2 120758 2622 3186 1 50 0 0.8
2 85085 2628 1808 1 1 0 0.8
2 77372 2631 1885 1 10 0 0.8
2 176452 2631 3800 1 1 0 0.8
2 115101 2633 3228 1 10 1 0.8
2 125792 2637 3003 1 10 0 0.8
2 102893 2646 2462 1 1 0 0.8
2 116826 2647 2495 1 10 1 0.8
2 81119 2648 2063 1 1 0 0.8
2 150197 2649 3408 1 50 0 0.8
2 109872 2652 3059 1 1 1 0.8
2 125710 2665 3319 1 1 1 0.8
2 60041 2665 1391 1 10 1 0.8
2 156657 2666 4394 1 50 1 0.8
2 166603 2666 4830 1 1 0 0.8
2 147772 2671 3319 1 1 0 0.8
2 76122 2672 2249 1 1 0 0.8
2 134184 2673 3436 1 10 1 0.8
2 151783 2673 4256 1 50 1 0.8
2 73593 2674 1513 1 10 1 0.8
2 73820 2688 2133 1 1 0 0.8
2 70181 2691 1739 1 1 1 0.8
2 111234 2691 2850 1 10 1 0.8
2 162698 2692 4772 1 1 0 0.8
2 165061 2693 4024 1 50 1 0.8
2 165475 2698 3543 1 1 0 0.8
2 166722 2699 4687 1 10 0 0.8
2 127819 2707 3184 1 1 0 0.8
2 124599 2708 2553 1 1 1 0.8
2 91396 2709 2101 1 1 1 0.8
2 69541 2710 1814 1 50 1 0.8
2 126175 2711 3490 1 1 1 0.8
2 89217 2713 2302 1 10 1 0.8
2 166281 2714 3784 1 10 0 0.8
2 84618 2722 2496 1 50 1 0.8
2 66625 2726 1401 1 10 0 0.8
2 154511 2729 4403 1 1 0 0.8
2 137954 2739 2951 1 1 0 0.8
2 137674 2746 2804 1 1 0 0.8
2 161186 2748 3674 1 1 1 0.8
2 65057 2749 1756 1 10 0 0.8
2 72244 2749 1909 1 10 0 0.8
2 123472 2750 3215 1 1 0 0.8
2 166950 2754 4546 1 1 0 0.8
2 111829 2756 2455 1 1 1 0.8
2 97008 2759 2579 1 1 0 0.8
2 123333 2760 2943 1 1 0 0.8
2 174330 2761 4363 1 50 1 0.8
2 153793 2763 4236 1 1 1 0.8
2 175029 2763 5142 1 1 0 0.8
2 155416 2764 4643 1 50 1 0.8
2 169895 2765 4718 1 1 0 0.8
2 142702 2767 3735 1 10 1 0.8
2 112192 2771 2446 1 1 0 0.8
2 68565 2773 1736 1 1 0 0.8
2 93012 2778 2370 1 1 0 0.8
2 177419 2778 4549 1 10 0 0.8
2 147352 2784 4143 1 1 0 0.8
2 163833 2786 3570 1 1 1 0.8
2 65008 2787 1464 1 10 1 0.8
2 90467 2787 2281 1 1 0 0.8
2 154993 2790 4075 1 10 0 0.8
2 166506 2792 3875 1 1 0 0.8
2 61861 2793 1527 1 1 1 0.8
2 77837 2797 2206 1 1 0 0.8
2 169916 2802 4237 1 10 1 0.8
2 84340 2807 2377 1 10 0 0.8
2 117417 2808 3254 1 50 0 0.8
2 94497 2808 2153 1 10 0 0.8
2 60258 2808 1241 1 1 1 0.8
2 98596 2808 2787 1 1 1 0.8
2 74761 2813 2065 1 1 1 0.8
2 118066 2818 3219 1 1 0 0.8
2 176380 2819 4850 1 1 0 0.8
2 81635 2819 1829 1 10 0 0.8
2 64051 2822 1508 1 1 0 0.8
2 171231 2823 4122 1 1 0 0.8
2 174818 2823 3741 1 10 1 0.8
2 73726 2825 1686 1 1 1 0.8
2 141485 2826 3548 1 1 1 0.8
2 84267 2828 1879 1 1 0 0.8
2 172590 2832 5006 1 1 0 0.8
2 154278 2834 3695 1 50 1 0.8
2 133790 2839 3477 1 1 0 0.8
2 143932 2845 3014 1 1 0 0.8
2 118680 2846 2884 1 50 1 0.8
2 150931 2846 3629 1 10 0 0.8
2 145696 2848 4201 1 1 0 0.8
2 68386 2849 1694 1 1 1 0.8
2 156700 2855 4595 1 1 1 0.8
2 126636 2855 3657 1 50 0 0.8
2 111340 2855 2849 1 50 0 0.8
2 79224 2858 2252 1 50 0 0.8
2 123354 2861 2517 1 50 0 0.8
2 163963 2862 4150 1 1 1 0.8
2 177566 2867 5239 1 10 1 0.8
2 80636 2867 1968 1 50 1 0.8
2 102603 2868 2522 1 50 1 0.8
2 63528 2868 1869 1 1 0 0.8
2 108059 2871 3186 1 1 1 0.8
2 77517 2875 1807 1 1 1 0.8
2 62564 2875 1304 1 10 0 0.8
2 178615 2876 3995 1 1 0 0.8
2 103876 2876 2418 1 1 1 0.8
2 68227 2884 1878 1 10 0 0.8
2 61789 2888 1600 1 10 1 0.8
2 126623 2891 2812 1 50 0 0.8
2 70333 2898 1824 1 10 0 0.8
2 127788 2905 3632 1 1 0 0.8
2 75243 2906 1753 1 1 0 0.8
2 169704 2907 3440 1 10 0 0.8
2 179751 2908 4665 1 10 0 0.8
2 116045 2909 2530 1 10 0 0.8
2 69034 2910 1425 1 1 1 0.8
2 81855 2910 2088 1 1 0 0.8
2 62886 2911 1517 1 1 1 0.8
2 147124 2920 2994 1 10 1 0.8
2 67855 2921 2002 1 50 0 0.8
2 98170 2925 2258 1 1 0 0.8
2 110598 2925 2710 1 1 0 0.8
2 179124 2926 4274 1 50 0 0.8
2 152492 2929 4096 1 10 1 0.8
2 145408 2932 4098 1 1 1 0.8
2 177247 2932 4617 1 1 1 0.8
2 119075 2936 2990 1 1 0 0.8
2 100306 2936 2750 1 1 1 0.8
2 165191 2937 4490 1 10 0 0.8
2 115266 2941 2736 1 1 1 0.8
2 80357 2944 2261 1 1 0 0.8
2 102374 2945 2890 1 1 0 0.8
2 122115 2945 3152 1 10 0 0.8
2 162310 2946 3746 1 10 1 0.8
2 105937 2956 2339 1 10 1 0.8
2 77731 2960 2142 1 1 0 0.8
2 78191 2966 2004 1 1 0 0.8
2 120963 2968 3474 1 10 1 0.8
2 153446 2968 4039 1 1 0 0.8
2 72963 2969 2093 1 10 1 0.8
2 168625 2977 3485 1 1 0 0.8
2 74028 2978 1567 1 1 1 0.8
2 169324 2980 4909 1 1 1 0.8
2 81995 2981 1718 1 1 0 0.8
2 140456 2995 3213 1 1 0 0.8
2 171295 2997 3942 1 10 0 0.8
2 74194 2998 1538 1 50 1 0.8
2 139353 3000 2867 1 1 1 0.8
2 93255 3000 2793 1 1 1 0.8
2 61510 3003 1749 1 1 1 0.8
2 85275 3005 1845 1 50 0 0.8
2 93801 3008 2025 1 10 0 0.8
2 149839 3010 4165 1 1 1 0.8
2 112397 3011 3060 1 10 0 0.8
2 64883 3013 1667 1 1 0 0.8
2 105723 3014 2848 1 10 0 0.8
2 64275 3016 1457 1 1 1 0.8
2 104249 3017 2456 1 50 1 0.8
2 153362 3018 4483 1 1 1 0.8
2 165703 3020 4064 1 50 1 0.8
2 94715 3021 1943 1 1 0 0.8
2 102540 3023 2795 1 1 0 0.8
2 176056 3025 5055 1 1 1 0.8
2 163940 3026 3797 1 1 0 0.8
2 117800 3028 3295 1 1 0 0.8
2 152220 3032 4442 1 1 1 0.8
2 155360 3032 3236 1 1 1 0.8
2 163448 3032 4526 1 10 0 0.8
2 171931 3036 3800 1 1 0 0.8
2 130388 3037 3334 1 10 1 0.8
2 72543 3037 1727 1 10 1 0.8
2 106927 3038 2261 1 10 0 0.8
2 104770 3038 2476 1 10 0 0.8
2 166318 3042 3400 1 1 1 0.8
2 78103 3042 1687 1 10 0 0.8
2 159321 3043 3633 1 50 0 0.8
2 120693 3043 2534 1 10 0 0.8
2 129027 3046 2653 1 1 1 0.8
2 134501 3046 2709 1 1 0 0.8
2 102194 3047 2124 1 1 0 0.8
2 166056 3047 4011 1 1 0 0.8
2 116896 3050 2555 1 1 0 0.8
2 63680 3050 1561 1 1 1 0.8
2 100461 3055 2167 1 1 1 0.8
2 90158 3057 2385 1 10 1 0.8
2 142760 3060 3722 1 1 1 0.8
2 148013 3060 3936 1 1 0 0.8
2 92406 3060 2440 1 1 1 0.8
2 164838 3070 3715 1 1 1 0.8
2 126343 3074 3412 1 1 1 0.8
2 169726 3074 3767 1 1 0 0.8
2 176185 3075 4262 1 50 1 0.8
2 141381 3077 3829 1 10 0 0.8
2 69960 3083 1841 1 1 0 0.8
2 66174 3089 1746 1 1 1 0.8
2 88215 3093 2458 1 1 0 0.8
2 105457 3099 3099 1 1 0 0.8
2 112905 3099 2907 1 1 0 0.8
2 154457 3102 3461 1 10 1 0.8
2 98966 3103 2828 1 1 0 0.8
2 158343 3106 3978 1 1 1 0.8
2 75075 3108 2146 1 1 1 0.8
2 104696 3112 3090 1 10 0 0.8
2 153372 3115 4447 1 1 1 0.8
2 148189 3120 4058 1 1 1 0.8
2 157340 3126 4017 1 1 1 0.8
2 121075 3127 3207 1 10 1 0.8
2 179418 3129 5299 1 1 0 0.8
2 151373 3133 4001 1 1 1 0.8
2 63502 3134 1591 1 10 1 0.8
2 141842 3137 4180 1 10 0 0.8
2 142083 3142 3709 1 1 1 0.8
2 154021 3144 3357 1 1 0 0.8
2 70843 3148 2093 1 1 1 0.8
2 178855 3150 4863 1 1 1 0.8
2 170024 3153 4789 1 1 0 0.8
2 151680 3154 4001 1 1 1 0.8
2 66829 3157 1631 1 10 0 0.8
2 114834 3157 2778 1 10 0 0.8
2 78817 3167 1973 1 1 1 0.8
2 69995 3168 2008 1 50 1 0.8
2 101032 3168 2676 1 10 0 0.8
2 93690 3169 2757 1 1 0 0.8
2 125195 3170 2788 1 1 0 0.8
2 169880 3170 3690 1 10 1 0.8
2 140176 3172 3101 1 10 0 0.8
2 153077 3174 4466 1 10 0 0.8
2 162331 3175 3538 1 10 1 0.8
2 138328 3180 3538 1 1 1 0.8
2 72384 3188 1956 1 10 1 0.8
2 108112 3191 2594 1 10 0 0.8
2 73924 3192 1657 1 10 0 0.8
2 164077 3194 3405 1 1 1 0.8
2 178443 3198 5318 1 1 1 0.8
2 119029 3200 3127 1 1 0 0.8
2 164551 3200 3361 1 1 1 0.8
2 111043 3202 2824 1 10 1 0.8
2 149450 3203 3658 1 50 0 0.8
2 64276 3205 1655 1 1 0 0.8
2 168132 3206 3598 1 1 1 0.8
2 77104 3208 2118 1 50 1 0.8
2 107464 3214 2972 1 10 1 0.8
2 121291 3216 2756 1 50 0 0.8
2 168374 3222 4466 1 1 1 0.8
2 141662 3224 4221 1 10 1 0.8
2 132794 3224 3593 1 1 0 0.8
2 108581 3232 2983 1 1 1 0.8
2 95910 3237 2463 1 1 0 0.8
2 67531 3240 1457 1 10 1 0.8
2 159239 3240 3271 1 1 0 0.8
2 68749 3242 1682 1 1 0 0.8
2 64912 3244 1797 1 1 0 0.8
2 117316 3248 2926 1 1 1 0.8
2 79245 3257 2199 1 1 1 0.8
2 82152 3259 2144 1 10 1 0.8
2 95026 3259 1988 1 1 1 0.8
2 161035 3260 3729 1 10 0 0.8
2 166821 3262 4664 1 50 1 0.8
2 169808 3263 3406 1 1 1 0.8
2 128425 3273 2613 1 10 1 0.8
2 148811 3273 3073 1 1 1 0.8
2 161959 3274 3711 1 50 1 0.8
2 101895 3276 2231 1 1 1 0.8
2 124540 3284 3230 1 50 1 0.8
2 158429 3287 4217 1 1 0 0.8
2 140813 3288 3276 1 1 1 0.8
2 79393 3293 1946 1 10 0 0.8
2 112474 3294 2434 1 10 1 0.8
2 147490 3297 3042 1 10 0 0.8
2 145575 3298 3151 1 1 0 0.8
2 74556 3302 2179 1 10 1 0.8
2 96088 3302 2104 1 1 0 0.8
2 80980 3306 1816 1 1 0 0.8
2 111900 3306 2735 1 10 1 0.8
2 122464 3312 3385 1 10 1 0.8
2 119311 3319 2391 1 10 1 0.8
2 112956 3321 2822 1 1 1 0.8
2 82724 3322 1814 1 1 1 0.8
2 135129 3322 3669 1 10 1 0.8
2 148287 3323 4420 1 10 1 0.8
2 71309 3324 2064 1 1 1 0.8
2 93998 3326 2056 1 1 0 0.8
2 141508 3328 3671 1 1 1 0.8
2 163913 3329 4268 1 10 1 0.8
2 111498 3336 3180 1 1 1 0.8
2 117716 3336 2733 1 1 1 0.8
2 66755 3338 1656 1 10 1 0.8
2 121924 3339 3588 1 1 1 0.8
2 141990 3343 2936 1 50 1 0.8
2 75434 3343 1789 1 10 1 0.8
2 67129 3343 1741 1 1 0 0.8
2 153671 3344 3306 1 10 0 0.8
2 159760 3346 4576 1 50 0 0.8
2 116987 3347 2618 1 10 1 0.8
2 150958 3348 3915 1 10 0 0.8
2 177005 3353 4601 1 50 1 0.8
2 123357 3356 2606 1 1 0 0.8
2 140140 3357 3817 1 10 0 0.8
2 169563 3361 4993 1 1 1 0.8
2 136157 3366 3850 1 10 1 0.8
2 143267 3371 2999 1 50 1 0.8
2 92205 3375 2456 1 1 0 0.8
2 131153 3379 3013 1 1 0 0.8
2 124462 3379 2862 1 1 1 0.8
2 134665 3381 3130 1 10 1 0.8
2 161218 3381 4062 1 1 1 0.8
2 136745 3383 3459 1 1 1 0.8
2 93525 3388 2719 1 10 0 0.8
2 155524 3392 4079 1 1 1 0.8
2 75247 3393 1787 1 10 0 0.8
2 96253 3393 2201 1 10 0 0.8
2 145749 3397 3319 1 10 1 0.8
2 86217 3398 2252 1 1 1 0.8
2 109623 3398 2219 1 10 0 0.8
2 173897 3399 4518 1 10 0 0.8
2 82757 3400 1993 1 10 0 0.8
2 129210 3403 3232 1 1 0 0.8
2 103627 3406 2379 1 1 0 0.8
2 106006 3407 2684 1 10 0 0.8
2 134390 3411 3558 1 1 1 0.8
2 133776 3416 3603 1 1 1 0.8
2 130031 3416 3076 1 1 0 0.8
2 156185 3417 4637 1 10 0 0.8
2 69399 3419 1659 1 10 0 0.8
2 62249 3423 1253 1 10 0 0.8
2 168153 3428 4562 1 1 1 0.8
2 107333 3428 2330 1 1 1 0.8
2 74063 3436 1728 1 1 0 0.8
2 135182 3441 3866 1 10 1 0.8
2 169462 3441 3962 1 1 0 0.8
2 122672 3446 2479 1 1 0 0.8
2 160989 3450 3507 1 1 1 0.8
2 177075 3453 4351 1 1 1 0.8
2 114657 3455 2367 1 1 1 0.8
2 95970 3456 2589 1 10 1 0.8
2 77907 3461 1573 1 1 1 0.8
2 67222 3464 1524 1 10 0 0.8
2 78543 3465 2242 1 1 1 0.8
2 109647 3467 2571 1 1 0 0.8
2 157670 3471 4275 1 50 1 0.8
2 88557 3472 2235 1 1 1 0.8
2 172317 3474 4043 1 10 0 0.8
2 146692 3476 3396 1 50 0 0.8
2 174792 3483 4761 1 1 1 0.8
2 110532 3485 2949 1 1 1 0.8
2 129463 3488 3871 1 10 0 0.8
2 163646 3490 4716 1 10 0 0.8
2 64155 3491 1836 1 1 1 0.8
2 135816 3494 3653 1 1 0 0.8
2 64765 3496 1508 1 10 0 0.8
2 103423 3496 2681 1 50 0 0.8
2 86020 3501 2059 1 1 1 0.8
2 103162 3503 2824 1 1 0 0.8
2 151644 3515 3379 1 1 1 0.8
2 65152 3516 1598 1 10 0 0.8
2 67838 3518 1835 1 1 0 0.8
2 170394 3522 4054 1 1 1 0.8
2 111942 3524 2955 1 1 1 0.8
2 156878 3526 4324 1 10 0 0.8
2 136054 3526 2724 1 10 1 0.8
2 120827 3527 3273 1 1 0 0.8
2 141796 3534 4240 1 1 0 0.8
2 68363 3536 1560 1 10 0 0.8
2 109889 3542 2269 1 10 0 0.8
2 104813 3544 2409 1 1 1 0.8
2 71889 3546 2075 1 1 0 0.8
2 175342 3547 5093 1 1 1 0.8
2 112411 3550 3332 1 1 1 0.8
2 135281 3550 3904 1 10 1 0.8
2 148391 3551 4293 1 10 1 0.8
2 168775 3551 5014 1 1 0 0.8
2 84477 3556 2242 1 10 0 0.8
2 63264 3557 1764 1 1 0 0.8
2 149165 3562 3163 1 1 1 0.8
2 130595 3563 3240 1 1 1 0.8
2 171882 3566 4088 1 50 1 0.8
2 132910 3567 3947 1 10 1 0.8
2 78365 3567 1944 1 10 1 0.8
2 95318 3568 2853 1 50 1 0.8
2 63048 3569 1763 1 1 1 0.8
2 67556 3571 1841 1 1 1 0.8
2 179616 3573 4209 1 10 1 0.8
2 150808 3574 4251 1 1 0 0.8
2 174958 3574 3723 1 10 0 0.8
2 126416 3575 3674 1 10 1 0.8
2 85717 3576 2087 1 10 0 0.8
2 69482 3581 1462 1 1 0 0.8
2 158820 3583 4731 1 1 0 0.8
2 167090 3583 4602 1 1 0 0.8
2 98891 3583 2739 1 10 1 0.8
2 123480 3584 3541 1 1 0 0.8
2 137806 3589 2861 1 10 0 0.8
2 164582 3590 4804 1 50 0 0.8
2 112672 3591 2482 1 1 1 0.8
2 60498 3595 1297 1 1 1 0.8
2 178818 3599 4575 1 1 1 0.8
