1500
3 98528 1 2834 1 1 1 0.4
3 138395 6 3309 1 1 1 0.4
3 71481 7 1905 1 50 1 0.4
3 129778 9 2630 1 50 0 0.4
3 121543 9 3096 1 1 0 0.4
3 149885 10 4483 1 1 1 0.4
3 146974 10 3512 1 50 1 0.4
3 79402 15 2004 1 1 1 0.4
3 154753 15 3256 1 1 0 0.4
3 130405 17 3454 1 1 1 0.4
3 177672 17 4993 1 1 1 0.4
3 102707 20 2255 1 1 0 0.4
3 110818 26 2586 1 10 1 0.4
3 63249 27 1367 1 1 0 0.4
3 174434 28 4943 1 10 1 0.4
3 175984 33 4947 1 1 1 0.4
3 68362 33 1708 1 1 0 0.4
3 144540 33 3803 1 1 1 0.4
3 163272 35 4029 1 10 0 0.4
3 132098 36 3327 1 1 0 0.4
3 76384 37 2168 1 50 1 0.4
3 82807 42 1724 1 1 1 0.4
3 88115 43 2505 1 1 1 0.4
3 67566 43 1634 1 1 0 0.4
3 136955 44 2875 1 1 0 0.4
3 174476 50 4624 1 10 0 0.4
3 98049 55 2193 1 1 1 0.4
3 179968 55 5182 1 1 0 0.4
3 95290 55 2141 1 1 0 0.4
3 136214 56 3255 1 1 0 0.4
3 126628 56 3653 1 1 0 0.4
3 74133 57 2090 1 10 0 0.4
3 131699 57 2722 1 1 1 0.4
3 72151 61 1752 1 1 1 0.4
3 159455 62 4098 1 10 0 0.4
3 111230 67 2360 1 1 0 0.4
3 103504 67 3003 1 10 0 0.4
3 98886 67 2680 1 1 1 0.4
3 126622 70 2611 1 1 0 0.4
3 162749 74 4087 1 10 1 0.4
3 94609 83 2340 1 1 0 0.4
3 148518 84 3735 1 50 1 0.4
3 77228 87 2229 1 1 1 0.4
3 149118 89 3495 1 1 0 0.4
3 99244 91 2368 1 1 1 0.4
3 131021 92 3355 1 10 0 0.4
3 157613 94 4222 1 1 0 0.4
3 144181 94 3259 1 10 1 0.4
3 85753 95 2208 1 1 1 0.4
3 129180 95 3874 1 10 1 0.4
3 87803 95 1855 1 1 0 0.4
3 122682 97 2498 1 50 0 0.4
3 80625 106 1688 1 10 1 0.4
3 64927 107 1306 1 1 1 0.4
3 75682 108 1937 1 10 1 0.4
3 90472 108 1858 1 10 0 0.4
3 88714 110 2407 1 50 0 0.4
3 154105 121 4149 1 10 0 0.4
3 79500 122 2201 1 1 0 0.4
3 139351 123 3259 1 10 1 0.4
3 110922 123 3001 1 1 1 0.4
3 106367 128 3088 1 1 0 0.4
3 76656 130 1553 1 1 1 0.4
3 80853 134 2243 1 10 0 0.4
3 98545 137 2038 1 1 0 0.4
3 147935 143 3499 1 1 1 0.4
3 67500 143 1603 1 10 0 0.4
3 159441 144 3582 1 1 0 0.4
3 178018 145 3850 1 1 0 0.4
3 159997 148 4295 1 1 0 0.4
3 121684 149 2745 1 1 0 0.4
3 107782 150 3206 1 1 1 0.4
3 89585 150 2029 1 1 0 0.4
3 163319 154 4192 1 10 1 0.4
3 119791 167 2764 1 10 0 0.4
3 86578 167 2545 1 1 0 0.4
3 165228 169 4443 1 1 0 0.4
3 165412 169 4361 1 1 0 0.4
3 163622 170 3790 1 1 1 0.4
3 131386 170 3737 1 50 1 0.4
3 162656 172 4170 1 1 0 0.4
3 176605 174 4329 1 1 1 0.4
3 62830 176 1647 1 1 0 0.4
3 175280 181 3592 1 10 1 0.4
3 78527 181 1710 1 1 0 0.4
3 150688 181 3726 1 1 1 0.4
3 127520 185 3117 1 10 1 0.4
3 124865 188 2543 1 1 0 0.4
3 130011 194 3203 1 1 1 0.4
3 71102 198 2102 1 1 0 0.4
3 145050 198 3306 1 50 0 0.4
3 90601 201 2369 1 1 1 0.4
3 93677 203 1945 1 1 1 0.4
3 134284 204 3138 1 1 0 0.4
3 163772 204 3919 1 10 1 0.4
3 170411 208 3918 1 1 0 0.4
3 79455 208 2310 1 10 0 0.4
3 66942 217 1617 1 1 0 0.4
3 179469 217 4374 1 10 1 0.4
3 83849 217 1858 1 50 0 0.4
3 91679 218 2404 1 1 1 0.4
3 92526 225 2660 1 1 0 0.4
3 168137 226 3397 1 10 0 0.4
3 161696 230 3233 1 10 1 0.4
3 131196 231 2986 1 1 1 0.4
3 174995 233 4552 1 1 1 0.4
3 133026 238 3392 1 1 0 0.4
3 106283 240 2482 1 1 1 0.4
3 71707 240 1644 1 1 1 0.4
3 116927 243 2895 1 50 1 0.4
3 143600 244 4089 1 1 1 0.4
3 75990 245 1867 1 1 1 0.4
3 178458 249 4376 1 1 1 0.4
3 106559 264 2502 1 1 1 0.4
3 146377 269 3633 1 1 0 0.4
3 142585 269 3638 1 1 1 0.4
3 88542 273 2421 1 10 1 0.4
3 139110 273 3893 1 50 0 0.4
3 139204 282 3906 1 1 1 0.4
3 121632 283 2963 1 1 0 0.4
3 164531 283 3305 1 1 0 0.4
3 174695 291 3650 1 1 0 0.4
3 104603 295 2387 1 10 1 0.4
3 125662 295 3011 1 10 1 0.4
3 126539 296 3556 1 1 1 0.4
3 158074 296 4091 1 1 1 0.4
3 72483 296 1569 1 1 1 0.4
3 72281 297 1894 1 1 1 0.4
3 87984 304 1943 1 1 1 0.4
3 126008 305 3437 1 1 0 0.4
3 70828 309 1478 1 1 0 0.4
3 77368 310 2029 1 10 0 0.4
3 145284 314 3806 1 1 1 0.4
3 60336 314 1244 1 1 0 0.4
3 137928 317 3119 1 1 1 0.4
3 72781 317 1503 1 1 1 0.4
3 150043 318 4293 1 1 1 0.4
3 144857 319 4344 1 50 0 0.4
3 167768 319 4874 1 1 1 0.4
3 112970 319 2992 1 10 1 0.4
3 98735 332 2837 1 1 1 0.4
3 144932 333 4249 1 1 0 0.4
3 119137 334 3146 1 10 1 0.4
3 157150 336 3738 1 1 0 0.4
3 74932 338 2221 1 10 1 0.4
3 117305 339 3365 1 1 0 0.4
3 85886 346 2302 1 10 0 0.4
3 98138 347 2352 1 10 0 0.4
3 171586 353 4158 1 10 0 0.4
3 176051 354 3884 1 10 1 0.4
3 129322 356 2838 1 10 1 0.4
3 121456 363 2972 1 1 0 0.4
3 74461 365 1700 1 1 0 0.4
3 119856 368 2946 1 1 0 0.4
3 134111 368 3089 1 1 0 0.4
3 131176 370 2674 1 1 0 0.4
3 72524 370 1636 1 1 0 0.4
3 173579 371 4089 1 10 0 0.4
3 76696 372 1729 1 1 0 0.4
3 80116 376 1762 1 10 1 0.4
3 160725 379 4628 1 10 1 0.4
3 84088 386 2396 1 1 1 0.4
3 117250 387 3123 1 10 0 0.4
3 178722 387 5028 1 1 1 0.4
3 82000 390 1910 1 1 0 0.4
3 106349 392 2661 1 10 0 0.4
3 64524 392 1472 1 1 1 0.4
3 169614 395 3913 1 10 0 0.4
3 153998 395 3427 1 10 0 0.4
3 136109 397 3533 1 1 0 0.4
3 82892 398 2369 1 1 1 0.4
3 166499 399 3415 1 1 1 0.4
3 94128 402 2406 1 1 0 0.4
3 146496 409 3566 1 1 1 0.4
3 161815 410 4131 1 10 1 0.4
3 145229 411 3924 1 1 0 0.4
3 138927 415 3958 1 1 1 0.4
3 94170 417 1946 1 1 1 0.4
3 168343 418 4239 1 1 0 0.4
3 119027 418 2495 1 1 1 0.4
3 73517 425 1617 1 1 1 0.4
3 147451 427 4357 1 10 1 0.4
3 127643 433 3155 1 1 1 0.4
3 107117 434 3137 1 10 1 0.4
3 81651 434 1768 1 1 0 0.4
3 71283 434 2049 1 50 0 0.4
3 63578 434 1440 1 10 0 0.4
3 68992 434 2004 1 1 1 0.4
3 98239 439 2654 1 1 1 0.4
3 174148 440 5198 1 10 0 0.4
3 138780 445 3075 1 1 1 0.4
3 104565 448 2481 1 1 1 0.4
3 156243 452 4229 1 1 1 0.4
3 144439 455 3832 1 50 0 0.4
3 119091 457 3411 1 1 0 0.4
3 85178 458 2231 1 10 1 0.4
3 147448 459 4387 1 1 1 0.4
3 142025 460 3803 1 1 0 0.4
3 118122 460 2366 1 10 0 0.4
3 162795 463 3806 1 1 1 0.4
3 118726 463 2878 1 1 0 0.4
3 125445 466 3222 1 1 1 0.4
3 143226 466 2927 1 1 1 0.4
3 109333 474 2408 1 10 0 0.4
3 68758 475 1955 1 1 1 0.4
3 69839 477 2014 1 10 0 0.4
3 142788 479 3296 1 1 0 0.4
3 162008 479 4489 1 1 1 0.4
3 167887 481 4868 1 1 1 0.4
3 64055 481 1634 1 50 1 0.4
3 126510 490 2993 1 1 0 0.4
3 73379 491 2010 1 1 0 0.4
3 141137 493 2904 1 10 1 0.4
3 129769 494 2976 1 1 0 0.4
3 103139 495 2174 1 1 1 0.4
3 74027 499 1583 1 1 0 0.4
3 145434 501 3311 1 1 1 0.4
3 143706 504 3368 1 50 0 0.4
3 77852 505 1646 1 10 0 0.4
3 144108 506 3300 1 10 0 0.4
3 88056 506 1984 1 10 0 0.4
3 147585 510 3088 1 10 1 0.4
3 173962 511 4138 1 10 1 0.4
3 105381 514 3067 1 1 1 0.4
3 112336 517 3047 1 1 0 0.4
3 124311 518 2686 1 1 1 0.4
3 86632 522 1943 1 10 1 0.4
3 84833 526 2230 1 1 0 0.4
3 126458 527 2940 1 10 0 0.4
3 133903 530 2895 1 1 1 0.4
3 130859 530 3623 1 1 0 0.4
3 81146 533 1806 1 1 1 0.4
3 156494 540 3710 1 1 0 0.4
3 155210 543 4521 1 1 1 0.4
3 168691 544 4526 1 50 1 0.4
3 125692 547 2739 1 1 1 0.4
3 113515 547 2888 1 1 0 0.4
3 172577 549 5103 1 50 0 0.4
3 70722 549 2007 1 10 1 0.4
3 123750 549 2848 1 50 0 0.4
3 137533 552 3329 1 1 0 0.4
3 126637 553 3077 1 1 0 0.4
3 88908 557 2453 1 1 0 0.4
3 128403 560 3379 1 1 0 0.4
3 173794 562 3485 1 1 1 0.4
3 89725 564 1812 1 1 0 0.4
3 121986 567 2713 1 10 0 0.4
3 138465 567 3680 1 1 0 0.4
3 91920 568 2188 1 1 0 0.4
3 117588 568 2684 1 10 0 0.4
3 168162 568 4085 1 1 0 0.4
3 118410 568 3002 1 1 1 0.4
3 127305 575 3264 1 50 1 0.4
3 136479 576 3666 1 10 1 0.4
3 138637 579 3034 1 1 1 0.4
3 141969 579 4045 1 1 0 0.4
3 89894 584 2572 1 1 0 0.4
3 62612 596 1434 1 10 0 0.4
3 105533 599 2187 1 10 1 0.4
3 149240 602 4334 1 1 1 0.4
3 163388 606 4266 1 10 0 0.4
3 106794 609 3080 1 1 0 0.4
3 112678 611 2254 1 1 1 0.4
3 154849 612 3720 1 1 1 0.4
3 62778 613 1255 1 1 1 0.4
3 178864 614 3998 1 10 1 0.4
3 115559 615 3101 1 10 1 0.4
3 114634 623 2602 1 1 1 0.4
3 150053 623 4004 1 1 0 0.4
3 111450 624 3045 1 1 0 0.4
3 168126 637 3521 1 1 1 0.4
3 78242 638 1915 1 1 1 0.4
3 134627 640 3079 1 1 0 0.4
3 148030 643 3212 1 10 0 0.4
3 170548 651 4989 1 10 0 0.4
3 144360 652 3868 1 1 0 0.4
3 178494 654 3940 1 1 1 0.4
3 89052 655 2626 1 1 0 0.4
3 130427 656 3361 1 1 0 0.4
3 156944 661 4113 1 1 1 0.4
3 123259 664 3517 1 1 1 0.4
3 97721 666 2700 1 10 1 0.4
3 115995 667 2384 1 1 1 0.4
3 168588 669 3731 1 1 1 0.4
3 147765 672 3179 1 50 1 0.4
3 75610 672 1608 1 10 1 0.4
3 139340 675 3206 1 1 1 0.4
3 107406 683 2430 1 1 0 0.4
3 155646 683 4361 1 1 1 0.4
3 162085 686 3536 1 1 1 0.4
3 101799 686 2138 1 1 0 0.4
3 147196 688 3924 1 1 1 0.4
3 168079 688 3864 1 1 1 0.4
3 138913 692 3907 1 1 1 0.4
3 103043 698 2425 1 10 1 0.4
3 124912 702 3196 1 1 1 0.4
3 172460 710 3512 1 1 1 0.4
3 173106 713 5132 1 10 0 0.4
3 144906 714 3086 1 1 0 0.4
3 84643 715 2396 1 10 0 0.4
3 60113 715 1441 1 1 1 0.4
3 135791 716 3624 1 10 0 0.4
3 140466 720 3974 1 10 1 0.4
3 157465 722 3235 1 1 0 0.4
3 158220 727 4058 1 1 0 0.4
3 62577 729 1493 1 10 1 0.4
3 128352 733 3823 1 1 0 0.4
3 160740 738 4075 1 10 1 0.4
3 66029 750 1946 1 10 0 0.4
3 117040 752 2574 1 1 1 0.4
3 94294 753 2360 1 50 0 0.4
3 95969 754 2765 1 1 1 0.4
3 101119 760 2358 1 10 1 0.4
3 156227 762 4075 1 1 0 0.4
3 73598 762 1740 1 1 0 0.4
3 88107 763 2312 1 10 0 0.4
3 138731 766 3775 1 10 1 0.4
3 163936 769 3911 1 10 1 0.4
3 137657 775 3140 1 1 1 0.4
3 142669 776 3767 1 1 0 0.4
3 94301 777 2190 1 1 1 0.4
3 126150 783 3127 1 10 1 0.4
3 179254 783 4694 1 1 1 0.4
3 85829 791 1751 1 1 1 0.4
3 137023 794 3742 1 1 0 0.4
3 163643 795 3962 1 10 1 0.4
3 96354 797 2838 1 1 0 0.4
3 148684 798 3419 1 10 1 0.4
3 162346 801 4564 1 1 0 0.4
3 168850 803 3826 1 10 1 0.4
3 73400 806 1526 1 1 0 0.4
3 179209 809 4975 1 1 0 0.4
3 108281 811 3234 1 1 1 0.4
3 122704 812 2977 1 10 1 0.4
3 146253 814 3831 1 1 0 0.4
3 154349 816 3614 1 10 0 0.4
3 121923 816 2878 1 1 1 0.4
3 93985 817 2252 1 10 1 0.4
3 156257 819 3147 1 10 1 0.4
3 91706 821 1909 1 1 0 0.4
3 175712 822 3911 1 10 0 0.4
3 92326 824 2273 1 50 1 0.4
3 111206 824 3175 1 10 0 0.4
3 120317 826 2547 1 10 0 0.4
3 104357 829 2942 1 1 1 0.4
3 132842 829 3704 1 1 0 0.4
3 150669 831 3415 1 1 1 0.4
3 179159 833 5258 1 1 1 0.4
3 63891 839 1784 1 1 0 0.4
3 99264 842 2010 1 1 0 0.4
3 161790 845 3392 1 50 0 0.4
3 172519 845 5095 1 10 0 0.4
3 157318 848 3381 1 10 0 0.4
3 172819 851 4423 1 10 0 0.4
3 162581 852 4536 1 1 1 0.4
3 151305 853 3683 1 1 0 0.4
3 115250 854 2445 1 1 0 0.4
3 124661 856 3202 1 10 1 0.4
3 161922 860 4554 1 1 1 0.4
3 80058 861 1799 1 1 0 0.4
3 73517 862 1562 1 10 1 0.4
3 107322 865 2753 1 10 1 0.4
3 145430 866 3355 1 1 1 0.4
3 63410 870 1550 1 1 1 0.4
3 87836 871 2627 1 1 0 0.4
3 121157 873 2816 1 1 0 0.4
3 164200 873 3905 1 1 0 0.4
3 142445 873 2879 1 50 0 0.4
3 174284 878 4843 1 50 1 0.4
3 168279 880 3534 1 1 1 0.4
3 126330 884 2806 1 1 1 0.4
3 130749 886 2778 1 1 0 0.4
3 96215 890 2252 1 1 0 0.4
3 176543 890 4878 1 1 1 0.4
3 172385 891 4936 1 10 1 0.4
3 85021 896 2277 1 50 0 0.4
3 94305 898 1930 1 50 1 0.4
3 76763 899 2243 1 10 0 0.4
3 155619 902 3871 1 1 1 0.4
3 163040 902 4839 1 10 0 0.4
3 165020 902 3918 1 1 0 0.4
3 167996 906 4304 1 50 0 0.4
3 70451 909 1585 1 1 1 0.4
3 111413 913 2523 1 50 0 0.4
3 155801 916 4182 1 1 1 0.4
3 179032 918 4577 1 1 1 0.4
3 111730 919 2497 1 1 0 0.4
3 95460 921 2153 1 1 1 0.4
3 104911 922 2350 1 50 1 0.4
3 138476 923 3205 1 50 0 0.4
3 120568 924 3351 1 1 0 0.4
3 170857 925 3595 1 50 0 0.4
3 161133 929 3360 1 10 0 0.4
3 68480 930 1766 1 1 0 0.4
3 134704 933 2890 1 1 1 0.4
3 71311 933 2030 1 1 0 0.4
3 104324 935 2634 1 1 1 0.4
3 177749 935 5045 1 1 1 0.4
3 61434 939 1466 1 50 0 0.4
3 72939 946 1996 1 50 1 0.4
3 152480 948 4212 1 10 0 0.4
3 105797 953 2521 1 10 0 0.4
3 109057 953 2611 1 1 1 0.4
3 66834 955 1570 1 1 0 0.4
3 150834 960 3143 1 1 0 0.4
3 118260 964 3007 1 10 1 0.4
3 116674 965 2337 1 1 0 0.4
3 64642 966 1507 1 1 0 0.4
3 161120 970 4720 1 50 1 0.4
3 118878 972 2762 1 1 0 0.4
3 97128 972 2654 1 1 0 0.4
3 99522 979 2864 1 10 0 0.4
3 134804 980 3616 1 1 0 0.4
3 68307 985 1965 1 1 1 0.4
3 80741 987 1942 1 1 0 0.4
3 71482 989 1949 1 50 1 0.4
3 102329 991 2879 1 10 1 0.4
3 179741 993 3703 1 1 1 0.4
3 68632 1002 1897 1 1 0 0.4
3 103321 1004 2450 1 1 1 0.4
3 114726 1005 2576 1 1 0 0.4
3 114567 1007 3375 1 1 0 0.4
3 169834 1013 4759 1 10 1 0.4
3 143143 1015 3766 1 10 0 0.4
3 130779 1015 2952 1 10 0 0.4
3 104466 1016 2786 1 1 1 0.4
3 61967 1017 1607 1 1 0 0.4
3 84063 1023 2173 1 10 0 0.4
3 128110 1024 3185 1 1 0 0.4
3 122422 1025 3122 1 50 1 0.4
3 126699 1038 3065 1 10 0 0.4
3 87535 1041 2236 1 1 0 0.4
3 122924 1041 3605 1 1 1 0.4
3 152182 1048 4291 1 10 1 0.4
3 94180 1056 2374 1 50 1 0.4
3 141375 1060 4210 1 1 1 0.4
3 149017 1060 3276 1 1 0 0.4
3 89719 1067 2367 1 1 0 0.4
3 65681 1068 1728 1 10 0 0.4
3 148791 1068 3330 1 1 1 0.4
3 103941 1073 2990 1 1 1 0.4
3 114910 1073 2962 1 1 1 0.4
3 157078 1073 3574 1 10 0 0.4
3 140846 1073 3882 1 50 0 0.4
3 92221 1078 2688 1 1 0 0.4
3 179600 1079 4369 1 1 1 0.4
3 60951 1086 1510 1 10 1 0.4
3 122131 1087 3304 1 1 1 0.4
3 131291 1093 3484 1 10 1 0.4
3 128641 1095 3524 1 50 1 0.4
3 136435 1099 3860 1 10 0 0.4
3 70535 1101 1962 1 1 1 0.4
3 134542 1101 3579 1 1 0 0.4
3 159370 1103 3671 1 50 1 0.4
3 129867 1103 3742 1 10 0 0.4
3 95934 1104 2708 1 1 0 0.4
3 89518 1107 2446 1 1 1 0.4
3 177072 1110 5141 1 1 0 0.4
3 95968 1110 2750 1 1 0 0.4
3 150008 1111 3175 1 50 1 0.4
3 76794 1111 1784 1 1 0 0.4
3 132289 1122 2868 1 1 0 0.4
3 92160 1123 2610 1 10 0 0.4
3 155832 1134 3222 1 1 1 0.4
3 100686 1137 2325 1 50 0 0.4
3 73412 1137 1482 1 10 0 0.4
3 160460 1138 4453 1 1 1 0.4
3 136334 1138 3673 1 10 0 0.4
3 173174 1142 4433 1 1 0 0.4
3 103833 1142 2152 1 10 0 0.4
3 166207 1143 3858 1 1 1 0.4
3 90537 1144 2320 1 1 0 0.4
3 136400 1145 3584 1 50 0 0.4
3 72461 1145 2090 1 10 0 0.4
3 148572 1148 3778 1 10 1 0.4
3 162081 1149 4590 1 1 0 0.4
3 106279 1152 3128 1 1 1 0.4
3 141109 1154 3233 1 10 1 0.4
3 142787 1154 3622 1 1 0 0.4
3 167306 1158 4178 1 1 1 0.4
3 172128 1158 4205 1 1 1 0.4
3 175999 1159 3913 1 10 1 0.4
3 74220 1164 1992 1 10 1 0.4
3 123854 1165 3618 1 1 1 0.4
3 108073 1165 2756 1 10 1 0.4
3 170139 1166 4362 1 10 0 0.4
3 102539 1168 2751 1 1 0 0.4
3 93399 1170 2446 1 1 0 0.4
3 175587 1172 4059 1 1 0 0.4
3 72885 1176 1535 1 1 0 0.4
3 111728 1177 2963 1 1 1 0.4
3 179356 1181 5357 1 10 1 0.4
3 131817 1184 2716 1 1 1 0.4
3 122489 1188 3230 1 1 1 0.4
3 165417 1192 4357 1 1 1 0.4
3 129114 1193 2747 1 1 1 0.4
3 108855 1199 2635 1 10 1 0.4
3 130588 1201 3772 1 1 0 0.4
3 93197 1206 2311 1 1 1 0.4
3 61335 1209 1234 1 1 1 0.4
3 79528 1214 2057 1 1 0 0.4
3 106466 1216 3042 1 1 1 0.4
3 87850 1220 2483 1 1 0 0.4
3 109578 1222 3158 1 1 1 0.4
3 158815 1222 4376 1 1 1 0.4
3 94994 1231 2317 1 10 1 0.4
3 141963 1236 3943 1 1 0 0.4
3 67220 1237 1356 1 10 1 0.4
3 103142 1242 2494 1 1 1 0.4
3 109786 1243 2769 1 10 0 0.4
3 69803 1246 1705 1 10 0 0.4
3 69293 1247 1536 1 1 0 0.4
3 153280 1248 4544 1 1 0 0.4
3 141931 1248 2939 1 1 0 0.4
3 127884 1251 2584 1 1 0 0.4
3 139806 1255 3784 1 50 1 0.4
3 85866 1260 1751 1 1 1 0.4
3 99434 1260 2243 1 1 0 0.4
3 143279 1261 3526 1 10 1 0.4
3 150160 1263 3081 1 1 0 0.4
3 74830 1268 1802 1 1 1 0.4
3 118280 1269 3530 1 1 0 0.4
3 132620 1269 3277 1 1 1 0.4
3 60685 1276 1224 1 10 1 0.4
3 177587 1277 4858 1 50 0 0.4
3 125764 1279 3440 1 1 1 0.4
3 162130 1281 4264 1 1 1 0.4
3 77349 1289 2238 1 1 0 0.4
3 158154 1291 3817 1 10 1 0.4
3 125587 1293 3756 1 1 0 0.4
3 173598 1293 3919 1 10 1 0.4
3 136719 1294 3882 1 10 1 0.4
3 107218 1301 2330 1 1 0 0.4
3 86177 1309 2536 1 10 1 0.4
3 86615 1309 2150 1 1 1 0.4
3 64852 1312 1465 1 1 0 0.4
3 102900 1315 2514 1 50 0 0.4
3 80367 1316 1708 1 10 0 0.4
3 105844 1320 2688 1 50 1 0.4
3 107419 1331 3202 1 1 1 0.4
3 159977 1331 4136 1 1 0 0.4
3 166794 1337 4349 1 1 0 0.4
3 103612 1338 2608 1 10 1 0.4
3 60044 1338 1630 1 1 0 0.4
3 156187 1340 4142 1 1 1 0.4
3 159137 1340 3772 1 1 1 0.4
3 107228 1344 2951 1 1 1 0.4
3 167263 1345 4981 1 50 0 0.4
3 171583 1346 4770 1 1 0 0.4
3 125692 1346 3691 1 10 0 0.4
3 165184 1347 4329 1 1 0 0.4
3 157503 1350 4069 1 1 0 0.4
3 101365 1353 2934 1 10 0 0.4
3 84246 1353 2456 1 1 0 0.4
3 80712 1353 1998 1 1 0 0.4
3 62835 1356 1280 1 1 1 0.4
3 111241 1356 2538 1 1 1 0.4
3 114462 1357 2666 1 1 1 0.4
3 174703 1357 3750 1 1 0 0.4
3 170881 1358 3515 1 1 0 0.4
3 99796 1360 2505 1 1 1 0.4
3 158533 1360 3953 1 50 0 0.4
3 104479 1363 2126 1 1 0 0.4
3 107920 1369 2221 1 1 0 0.4
3 76572 1370 2244 1 1 1 0.4
3 159346 1375 3420 1 1 1 0.4
3 161385 1376 4743 1 1 0 0.4
3 130898 1379 2658 1 1 0 0.4
3 83464 1380 1815 1 1 0 0.4
3 70695 1382 1650 1 1 0 0.4
3 92772 1389 2362 1 10 1 0.4
3 94079 1391 2552 1 1 1 0.4
3 130908 1391 3798 1 10 0 0.4
3 70511 1391 1539 1 1 0 0.4
3 113415 1394 2907 1 10 0 0.4
3 164321 1394 4102 1 10 0 0.4
3 159149 1396 3209 1 10 0 0.4
3 75302 1396 1610 1 1 1 0.4
3 95208 1401 2528 1 50 0 0.4
3 111120 1403 3018 1 1 1 0.4
3 132711 1405 2923 1 1 1 0.4
3 174316 1409 3803 1 1 0 0.4
3 102039 1413 2958 1 10 0 0.4
3 115115 1414 3294 1 1 0 0.4
3 74030 1415 1599 1 1 0 0.4
3 124003 1417 2702 1 10 1 0.4
3 179277 1421 4890 1 1 1 0.4
3 85954 1426 2093 1 1 0 0.4
3 87268 1431 2567 1 1 0 0.4
3 109272 1440 2446 1 10 1 0.4
3 73668 1443 1961 1 1 1 0.4
3 179825 1446 4977 1 10 1 0.4
3 88839 1448 1878 1 1 0 0.4
3 123289 1448 3219 1 1 1 0.4
3 105582 1449 2321 1 1 1 0.4
3 79041 1451 1765 1 1 0 0.4
3 78412 1452 1665 1 1 1 0.4
3 77414 1460 1912 1 1 0 0.4
3 163131 1463 4756 1 1 0 0.4
3 108304 1463 2750 1 1 0 0.4
3 169102 1464 3729 1 10 1 0.4
3 130125 1465 2873 1 1 1 0.4
3 162361 1469 4702 1 1 1 0.4
3 60515 1472 1592 1 1 1 0.4
3 70510 1473 1500 1 10 1 0.4
3 154724 1473 4550 1 1 0 0.4
3 176238 1474 4176 1 10 0 0.4
3 149174 1479 4165 1 1 0 0.4
3 86982 1480 2316 1 10 0 0.4
3 150486 1481 3816 1 1 1 0.4
3 109155 1483 2274 1 1 0 0.4
3 156601 1489 3601 1 50 0 0.4
3 92326 1491 1857 1 1 0 0.4
3 79366 1492 2211 1 1 0 0.4
3 61089 1493 1714 1 10 1 0.4
3 69025 1493 1991 1 1 0 0.4
3 65679 1493 1953 1 1 1 0.4
3 121492 1493 2836 1 1 1 0.4
3 73910 1495 1517 1 10 0 0.4
3 96161 1496 2803 1 1 1 0.4
3 117043 1498 3112 1 1 0 0.4
3 156405 1502 3426 1 1 0 0.4
3 111319 1503 2848 1 10 0 0.4
3 82000 1503 2361 1 1 0 0.4
3 118116 1509 3114 1 1 1 0.4
3 84653 1509 2280 1 1 0 0.4
3 107518 1510 2566 1 1 0 0.4
3 95124 1513 2474 1 1 1 0.4
3 84670 1514 2207 1 1 0 0.4
3 79176 1519 2158 1 1 1 0.4
3 66902 1526 1694 1 50 0 0.4
3 152862 1526 3234 1 50 1 0.4
3 167489 1527 3581 1 1 0 0.4
3 128767 1528 3660 1 10 0 0.4
3 118468 1528 3549 1 1 0 0.4
3 113907 1529 2954 1 1 0 0.4
3 113499 1530 2853 1 10 0 0.4
3 118530 1532 2653 1 1 0 0.4
3 123718 1536 3270 1 1 0 0.4
3 122293 1536 3244 1 1 0 0.4
3 113750 1536 2563 1 1 1 0.4
3 133417 1542 3108 1 50 0 0.4
3 174486 1543 4685 1 10 1 0.4
3 71171 1548 2053 1 1 0 0.4
3 150312 1549 4160 1 50 0 0.4
3 104443 1550 2138 1 50 1 0.4
3 80461 1554 2277 1 1 1 0.4
3 64726 1557 1565 1 50 1 0.4
3 140989 1560 4195 1 1 0 0.4
3 169162 1560 3455 1 10 1 0.4
3 176780 1562 4326 1 50 0 0.4
3 173007 1563 4060 1 10 0 0.4
3 111822 1564 2312 1 10 0 0.4
3 138111 1569 3157 1 10 0 0.4
3 147982 1577 3693 1 1 1 0.4
3 154053 1577 4278 1 10 0 0.4
3 139702 1578 3499 1 1 0 0.4
3 142087 1579 3634 1 1 1 0.4
3 94168 1581 2757 1 10 1 0.4
3 64691 1584 1637 1 1 1 0.4
3 160054 1585 4753 1 1 1 0.4
3 155046 1588 4434 1 1 0 0.4
3 106128 1590 2467 1 10 1 0.4
3 73979 1591 2053 1 10 0 0.4
3 92257 1601 2645 1 10 0 0.4
3 160181 1601 3747 1 50 1 0.4
3 153716 1602 3552 1 1 0 0.4
3 168391 1603 3430 1 1 1 0.4
3 89981 1604 1892 1 50 1 0.4
3 114322 1604 2476 1 1 0 0.4
3 117634 1609 3167 1 1 0 0.4
3 168482 1612 3748 1 1 0 0.4
3 129734 1613 3797 1 1 1 0.4
3 151828 1613 3559 1 1 0 0.4
3 91981 1613 2251 1 1 0 0.4
3 65367 1614 1914 1 1 1 0.4
3 79065 1617 2345 1 1 1 0.4
3 101704 1618 3041 1 1 1 0.4
3 130957 1618 3039 1 1 1 0.4
3 153897 1620 3754 1 10 1 0.4
3 69310 1626 1763 1 1 0 0.4
3 102957 1628 2842 1 1 1 0.4
3 153651 1629 3897 1 10 1 0.4
3 179190 1631 4437 1 50 1 0.4
3 175369 1633 4904 1 1 1 0.4
3 124759 1637 3687 1 1 0 0.4
3 65754 1640 1894 1 1 0 0.4
3 110164 1640 2888 1 1 0 0.4
3 100006 1641 2967 1 1 0 0.4
3 169342 1644 4033 1 10 0 0.4
3 65189 1646 1787 1 1 0 0.4
3 149392 1657 3301 1 1 0 0.4
3 149361 1657 3748 1 50 0 0.4
3 139427 1658 3671 1 10 0 0.4
3 135684 1665 3445 1 10 1 0.4
3 178110 1666 5229 1 50 1 0.4
3 166219 1672 4112 1 1 1 0.4
3 115938 1672 2766 1 1 1 0.4
3 89461 1673 2655 1 1 1 0.4
3 179556 1678 4883 1 1 1 0.4
3 89589 1680 2152 1 1 0 0.4
3 149544 1681 3862 1 1 1 0.4
3 64257 1682 1815 1 1 1 0.4
3 125577 1682 3210 1 10 0 0.4
3 106385 1687 2957 1 10 0 0.4
3 154209 1688 4353 1 1 1 0.4
3 116629 1688 2592 1 10 0 0.4
3 83265 1689 1689 1 50 0 0.4
3 168952 1693 4554 1 50 1 0.4
3 106282 1699 2627 1 50 1 0.4
3 114327 1699 2410 1 1 1 0.4
3 137218 1705 4000 1 10 0 0.4
3 136923 1707 3154 1 1 0 0.4
3 82083 1710 2415 1 1 0 0.4
3 173259 1712 5090 1 50 1 0.4
3 149356 1713 3444 1 10 0 0.4
3 127473 1714 3029 1 1 0 0.4
3 98095 1714 2308 1 1 1 0.4
3 89794 1714 2617 1 1 1 0.4
3 61554 1716 1755 1 50 0 0.4
3 122697 1720 3519 1 10 1 0.4
3 90365 1724 2452 1 1 1 0.4
3 79133 1727 2109 1 1 1 0.4
3 161791 1728 4271 1 1 0 0.4
3 73283 1731 1955 1 1 0 0.4
3 117714 1734 2550 1 1 1 0.4
3 69144 1735 1961 1 1 1 0.4
3 178428 1739 4903 1 10 1 0.4
3 61301 1746 1363 1 1 0 0.4
3 96160 1754 2371 1 1 0 0.4
3 113534 1757 3040 1 10 1 0.4
3 87429 1760 2585 1 1 0 0.4
3 102877 1763 2291 1 1 0 0.4
3 155979 1764 3911 1 10 0 0.4
3 178061 1766 4269 1 1 1 0.4
3 118548 1767 2916 1 10 1 0.4
3 81415 1771 2188 1 1 1 0.4
3 136889 1772 3182 1 1 1 0.4
3 61139 1772 1593 1 50 1 0.4
3 114818 1776 2653 1 10 1 0.4
3 118982 1778 3085 1 1 1 0.4
3 139596 1780 3812 1 10 0 0.4
3 143629 1785 4273 1 10 1 0.4
3 108277 1789 3198 1 1 1 0.4
3 109606 1790 2611 1 1 1 0.4
3 156631 1790 4188 1 1 0 0.4
3 76590 1792 1662 1 10 1 0.4
3 79339 1797 1953 1 10 0 0.4
3 69993 1808 1741 1 1 1 0.4
3 67336 1809 2016 1 1 1 0.4
3 96412 1810 2589 1 10 1 0.4
3 153734 1811 3195 1 1 0 0.4
3 121998 1813 3152 1 1 1 0.4
3 67127 1814 1380 1 1 1 0.4
3 153167 1816 3300 1 10 0 0.4
3 128832 1819 3528 1 10 0 0.4
3 68743 1821 2046 1 1 1 0.4
3 134229 1824 3226 1 1 1 0.4
3 109875 1831 3064 1 1 0 0.4
3 67186 1831 1660 1 1 0 0.4
3 157463 1832 4361 1 10 0 0.4
3 140099 1833 3451 1 1 0 0.4
3 97170 1837 2367 1 50 0 0.4
3 132161 1838 3274 1 10 1 0.4
3 125678 1840 2519 1 1 0 0.4
3 147469 1841 4229 1 10 1 0.4
3 134424 1844 2939 1 50 0 0.4
3 140557 1844 3156 1 1 1 0.4
3 157904 1846 4617 1 1 1 0.4
3 62482 1851 1770 1 10 0 0.4
3 149650 1854 3265 1 1 1 0.4
3 150530 1855 3852 1 1 0 0.4
3 63901 1856 1830 1 1 1 0.4
3 143411 1857 4086 1 1 1 0.4
3 151089 1862 4271 1 1 0 0.4
3 154014 1865 4512 1 1 0 0.4
3 145990 1869 3355 1 1 0 0.4
3 93569 1871 2159 1 1 1 0.4
3 165362 1878 4959 1 10 1 0.4
3 73636 1880 1617 1 1 0 0.4
3 93665 1881 2609 1 1 1 0.4
3 129513 1883 3861 1 50 1 0.4
3 86980 1888 2269 1 1 0 0.4
3 159796 1889 4688 1 1 1 0.4
3 135088 1890 3317 1 1 0 0.4
3 144136 1891 3258 1 50 1 0.4
3 77858 1894 2216 1 1 0 0.4
3 102825 1895 2125 1 1 1 0.4
3 62306 1896 1507 1 1 0 0.4
3 89469 1897 1810 1 10 1 0.4
3 81421 1899 1767 1 10 1 0.4
3 178119 1906 5228 1 1 1 0.4
3 78638 1907 1629 1 1 1 0.4
3 95805 1909 2290 1 1 1 0.4
3 87272 1913 2234 1 10 1 0.4
3 139513 1915 3490 1 1 1 0.4
3 81520 1916 1877 1 1 1 0.4
3 121260 1917 2990 1 1 0 0.4
3 148669 1917 3728 1 1 0 0.4
3 131117 1922 3723 1 1 0 0.4
3 65174 1927 1918 1 10 0 0.4
3 149185 1928 4265 1 1 1 0.4
3 62556 1932 1710 1 10 1 0.4
3 70199 1932 1738 1 10 1 0.4
3 130595 1932 3445 1 1 1 0.4
3 74088 1934 2192 1 50 1 0.4
3 64338 1938 1838 1 10 0 0.4
3 172630 1938 4143 1 10 1 0.4
3 136564 1938 3107 1 1 0 0.4
3 90295 1939 2373 1 50 1 0.4
3 140572 1943 3553 1 1 0 0.4
3 117906 1945 3253 1 50 0 0.4
3 61727 1953 1633 1 10 0 0.4
3 167029 1955 4875 1 10 0 0.4
3 134273 1955 3773 1 10 1 0.4
3 147490 1956 3159 1 10 1 0.4
3 134173 1957 3976 1 1 1 0.4
3 124933 1962 3619 1 10 1 0.4
3 173712 1963 3812 1 10 0 0.4
3 125652 1966 3109 1 10 1 0.4
3 64687 1967 1811 1 1 1 0.4
3 120137 1967 2804 1 1 1 0.4
3 170927 1969 3617 1 10 0 0.4
3 160625 1970 3885 1 1 1 0.4
3 82252 1972 2433 1 1 0 0.4
3 157195 1973 4155 1 1 1 0.4
3 75635 1974 2062 1 1 0 0.4
3 154211 1974 4392 1 10 0 0.4
3 93403 1978 1995 1 10 1 0.4
3 97660 1980 2511 1 10 0 0.4
3 139042 1987 2922 1 1 1 0.4
3 162607 1987 4802 1 1 1 0.4
3 77589 1987 1580 1 1 1 0.4
3 136384 1987 3414 1 50 0 0.4
3 93606 1990 2504 1 1 1 0.4
3 83413 1993 1871 1 50 1 0.4
3 132233 1994 3129 1 50 1 0.4
3 153894 1999 4001 1 10 0 0.4
3 95149 2003 2516 1 1 1 0.4
3 155673 2004 4586 1 10 1 0.4
3 83125 2005 2412 1 50 0 0.4
3 146918 2006 4364 1 1 1 0.4
3 87126 2009 2132 1 1 1 0.4
3 135121 2013 3001 1 1 0 0.4
3 151106 2018 3229 1 50 0 0.4
3 67396 2022 1531 1 1 0 0.4
3 108681 2025 2221 1 1 1 0.4
3 174047 2027 3486 1 1 0 0.4
3 96435 2029 1999 1 1 1 0.4
3 152304 2030 3296 1 1 0 0.4
3 72036 2031 1832 1 10 1 0.4
3 99302 2031 2765 1 1 1 0.4
3 113847 2033 2334 1 1 1 0.4
3 110540 2036 2414 1 1 1 0.4
3 86733 2043 1796 1 1 1 0.4
3 103032 2044 2125 1 1 1 0.4
3 92560 2049 2349 1 1 0 0.4
3 162114 2050 4514 1 50 0 0.4
3 71115 2055 1746 1 1 0 0.4
3 74956 2057 1791 1 1 0 0.4
3 89990 2059 2542 1 50 1 0.4
3 102406 2060 2689 1 1 0 0.4
3 106902 2060 2504 1 1 0 0.4
3 103936 2063 2398 1 10 0 0.4
3 155776 2063 4593 1 1 1 0.4
3 108509 2064 2174 1 1 0 0.4
3 68011 2065 2030 1 1 0 0.4
3 90316 2068 2692 1 50 0 0.4
3 179215 2070 4156 1 10 0 0.4
3 124710 2072 2934 1 1 1 0.4
3 111534 2072 2392 1 1 0 0.4
3 175298 2076 5255 1 1 1 0.4
3 103829 2077 2338 1 50 1 0.4
3 146133 2080 3726 1 1 0 0.4
3 108247 2081 2195 1 1 1 0.4
3 70143 2084 1742 1 1 1 0.4
3 139657 2086 3442 1 1 0 0.4
3 103167 2087 3076 1 10 1 0.4
3 99427 2088 2858 1 1 1 0.4
3 70452 2089 1776 1 1 0 0.4
3 164717 2089 4668 1 10 0 0.4
3 82804 2090 2358 1 1 0 0.4
3 105135 2090 2452 1 1 0 0.4
3 151676 2091 3418 1 1 0 0.4
3 152064 2091 3590 1 10 1 0.4
3 159924 2094 4620 1 10 0 0.4
3 111279 2095 3073 1 10 1 0.4
3 140349 2100 4084 1 10 1 0.4
3 88781 2102 2541 1 10 0 0.4
3 173343 2105 4025 1 1 1 0.4
3 163066 2105 3941 1 1 1 0.4
3 97400 2106 1956 1 1 1 0.4
3 93600 2112 1939 1 1 1 0.4
3 117964 2117 2883 1 10 0 0.4
3 82943 2119 2055 1 10 1 0.4
3 90241 2120 2623 1 10 0 0.4
3 108918 2124 2372 1 50 0 0.4
3 160067 2125 3630 1 10 1 0.4
3 170774 2125 4673 1 1 0 0.4
3 161848 2126 3920 1 10 0 0.4
3 88186 2128 2110 1 50 1 0.4
3 134709 2128 3422 1 1 1 0.4
3 124170 2128 3405 1 50 1 0.4
3 155538 2130 3963 1 1 0 0.4
3 142339 2136 3318 1 50 0 0.4
3 105802 2138 2327 1 50 1 0.4
3 98674 2140 2123 1 1 1 0.4
3 112219 2140 2562 1 1 0 0.4
3 92080 2143 1859 1 1 0 0.4
3 161512 2143 3965 1 50 1 0.4
3 119136 2144 3124 1 1 1 0.4
3 102535 2145 2445 1 1 1 0.4
3 111904 2147 3079 1 1 1 0.4
3 116231 2148 3466 1 1 1 0.4
3 145201 2148 3169 1 1 0 0.4
3 98877 2149 2722 1 1 1 0.4
3 150565 2151 3719 1 1 1 0.4
3 118940 2152 2831 1 10 1 0.4
3 96399 2153 2695 1 1 1 0.4
3 139619 2155 3830 1 1 0 0.4
3 118754 2159 3028 1 1 1 0.4
3 161560 2160 4530 1 1 0 0.4
3 132134 2165 3945 1 10 0 0.4
3 112620 2168 2941 1 10 1 0.4
3 131073 2168 2992 1 1 1 0.4
3 176810 2168 3564 1 10 0 0.4
3 158040 2181 3592 1 1 0 0.4
3 63792 2182 1580 1 10 1 0.4
3 65379 2184 1716 1 1 1 0.4
3 102722 2186 2387 1 1 1 0.4
3 169209 2187 4108 1 50 1 0.4
3 138314 2198 2882 1 10 1 0.4
3 77680 2199 2161 1 10 1 0.4
3 86587 2202 1924 1 1 1 0.4
3 135872 2202 3870 1 1 0 0.4
3 129309 2208 3456 1 1 0 0.4
3 156641 2209 4175 1 10 1 0.4
3 136789 2211 3346 1 1 1 0.4
3 175236 2214 4825 1 1 0 0.4
3 164348 2215 4401 1 10 1 0.4
3 67110 2215 1949 1 10 0 0.4
3 159633 2217 4134 1 1 0 0.4
3 117674 2219 3528 1 50 0 0.4
3 110172 2221 2509 1 10 1 0.4
3 98109 2231 2833 1 1 1 0.4
3 81259 2233 2303 1 10 1 0.4
3 141933 2235 3423 1 10 1 0.4
3 175406 2242 4834 1 1 1 0.4
3 155911 2245 3435 1 1 0 0.4
3 71287 2248 1540 1 50 1 0.4
3 111740 2256 2278 1 10 1 0.4
3 75893 2257 1559 1 10 1 0.4
3 108889 2258 2927 1 10 0 0.4
3 172969 2268 5040 1 10 1 0.4
3 174098 2270 5182 1 10 0 0.4
3 112684 2274 2717 1 1 1 0.4
3 63003 2277 1798 1 10 0 0.4
3 117992 2277 2813 1 1 0 0.4
3 125032 2282 3419 1 10 0 0.4
3 177805 2283 3881 1 1 1 0.4
3 95920 2283 1985 1 1 0 0.4
3 156597 2284 3656 1 1 0 0.4
3 147801 2286 4002 1 1 0 0.4
3 154371 2286 3986 1 1 0 0.4
3 75632 2290 2080 1 1 1 0.4
3 88016 2291 2111 1 1 0 0.4
3 107398 2293 2788 1 10 1 0.4
3 168741 2293 3572 1 50 1 0.4
3 150115 2294 3435 1 1 1 0.4
3 62607 2298 1558 1 1 1 0.4
3 178082 2306 5312 1 1 0 0.4
3 134314 2306 3182 1 1 0 0.4
3 121424 2309 3397 1 10 0 0.4
3 135240 2309 3158 1 1 0 0.4
3 145171 2313 4190 1 1 1 0.4
3 64727 2314 1598 1 1 1 0.4
3 171972 2314 3650 1 1 1 0.4
3 68691 2316 1697 1 50 1 0.4
3 84061 2317 2440 1 1 1 0.4
3 138358 2319 3110 1 10 1 0.4
3 79944 2319 2025 1 1 0 0.4
3 125983 2322 3152 1 1 1 0.4
3 149970 2324 3670 1 1 0 0.4
3 161735 2325 3983 1 1 1 0.4
3 172849 2325 4982 1 10 1 0.4
3 123118 2325 3130 1 1 0 0.4
3 74499 2326 1784 1 1 1 0.4
3 176372 2327 4675 1 1 1 0.4
3 137638 2330 3686 1 1 1 0.4
3 101154 2330 2837 1 1 0 0.4
3 116023 2331 3358 1 50 1 0.4
3 143467 2335 3593 1 1 0 0.4
3 108265 2336 2709 1 10 0 0.4
3 68140 2338 1523 1 1 0 0.4
3 136461 2339 3345 1 1 0 0.4
3 60742 2340 1652 1 10 1 0.4
3 169471 2340 4378 1 1 1 0.4
3 114763 2344 2396 1 50 0 0.4
3 164179 2346 4156 1 10 0 0.4
3 92987 2352 2242 1 1 1 0.4
3 130263 2364 3225 1 1 0 0.4
3 97215 2364 2868 1 10 1 0.4
3 77609 2369 2016 1 1 1 0.4
3 169110 2370 3879 1 10 0 0.4
3 138961 2375 3761 1 1 0 0.4
3 92268 2391 2390 1 1 1 0.4
3 143587 2392 3539 1 1 0 0.4
3 68757 2393 1561 1 10 0 0.4
3 141167 2398 4060 1 50 1 0.4
3 139428 2400 4049 1 1 1 0.4
3 129347 2400 2713 1 1 1 0.4
3 98424 2402 2562 1 1 0 0.4
3 89348 2403 2001 1 1 1 0.4
3 63910 2404 1738 1 1 0 0.4
3 73905 2410 1677 1 10 1 0.4
3 164823 2412 4141 1 1 1 0.4
3 98288 2412 2573 1 1 1 0.4
3 118051 2415 3389 1 1 0 0.4
3 110471 2416 3267 1 1 0 0.4
3 121640 2419 3384 1 1 1 0.4
3 153744 2421 3372 1 1 1 0.4
3 80478 2422 1986 1 1 1 0.4
3 179057 2422 3986 1 1 1 0.4
3 142371 2424 2877 1 1 1 0.4
3 122745 2426 2921 1 10 1 0.4
3 71568 2429 1654 1 1 0 0.4
3 110550 2430 2475 1 1 0 0.4
3 103226 2431 2709 1 1 1 0.4
3 151298 2434 3631 1 10 0 0.4
3 66348 2439 1728 1 1 1 0.4
3 101670 2441 2792 1 10 0 0.4
3 136897 2441 3442 1 10 1 0.4
3 74688 2442 1564 1 1 0 0.4
3 151757 2448 3768 1 10 1 0.4
3 169679 2449 4333 1 50 0 0.4
3 95673 2451 2242 1 1 0 0.4
3 122568 2452 2734 1 10 1 0.4
3 172680 2454 4679 1 50 1 0.4
3 162736 2460 4653 1 1 1 0.4
3 110176 2462 3150 1 1 1 0.4
3 130772 2462 3593 1 10 0 0.4
3 66804 2463 1649 1 1 1 0.4
3 75695 2468 2214 1 10 1 0.4
3 106998 2471 2723 1 50 0 0.4
3 102363 2471 2154 1 10 1 0.4
3 90273 2478 2338 1 1 0 0.4
3 155401 2479 4532 1 1 0 0.4
3 136264 2479 3353 1 10 0 0.4
3 114794 2481 2990 1 1 1 0.4
3 138223 2484 3555 1 50 0 0.4
3 100711 2484 2280 1 10 0 0.4
3 137418 2485 3929 1 1 1 0.4
3 125188 2485 3665 1 50 1 0.4
3 120144 2486 3164 1 1 1 0.4
3 63529 2487 1566 1 10 1 0.4
3 85008 2491 2079 1 10 0 0.4
3 67833 2493 1676 1 10 1 0.4
3 172526 2504 4667 1 1 0 0.4
3 132630 2506 2967 1 1 0 0.4
3 99191 2508 2418 1 1 1 0.4
3 144221 2511 4137 1 10 1 0.4
3 141631 2514 4009 1 10 0 0.4
3 155465 2514 4218 1 1 0 0.4
3 145718 2518 3494 1 50 1 0.4
3 84369 2519 2258 1 1 0 0.4
3 80725 2519 2344 1 10 1 0.4
3 69823 2520 1653 1 1 1 0.4
3 167654 2520 4902 1 10 0 0.4
3 126326 2521 3430 1 1 1 0.4
3 85460 2524 1966 1 10 0 0.4
3 70536 2526 2024 1 1 0 0.4
3 174648 2527 3620 1 1 1 0.4
3 94656 2529 1991 1 1 1 0.4
3 164610 2530 3868 1 1 1 0.4
3 76581 2530 1993 1 1 1 0.4
3 67094 2530 1595 1 10 0 0.4
3 96088 2537 2828 1 1 1 0.4
3 161620 2542 3664 1 1 1 0.4
3 152304 2543 3379 1 10 0 0.4
3 118361 2547 3062 1 10 0 0.4
3 108607 2549 2963 1 1 1 0.4
3 158795 2561 3947 1 1 0 0.4
3 62203 2563 1650 1 1 1 0.4
3 90658 2563 2664 1 10 0 0.4
3 159928 2564 4339 1 10 0 0.4
3 113186 2564 2300 1 50 0 0.4
3 163462 2565 4760 1 10 0 0.4
3 64152 2567 1728 1 10 1 0.4
3 82605 2568 1836 1 1 0 0.4
3 149312 2568 3878 1 10 0 0.4
3 98104 2569 2313 1 1 0 0.4
3 167787 2573 4142 1 1 0 0.4
3 110913 2576 2633 1 1 0 0.4
3 67015 2580 1557 1 1 1 0.4
3 60698 2582 1730 1 1 0 0.4
3 170326 2582 3993 1 10 0 0.4
3 103075 2587 2465 1 1 0 0.4
3 147139 2591 3476 1 50 1 0.4
3 96035 2598 2505 1 10 0 0.4
3 110950 2602 2651 1 1 1 0.4
3 62899 2602 1688 1 1 0 0.4
3 178174 2603 3868 1 10 1 0.4
3 95201 2604 2029 1 1 1 0.4
3 113992 2606 3231 1 1 1 0.4
3 80590 2610 2144 1 10 1 0.4
3 86778 2610 2228 1 10 1 0.4
3 67945 2610 1953 1 1 0 0.4
3 120640 2620 2856 1 1 0 0.4
3 72394 2621 1954 1 1 0 0.4
3 88370 2621 1879 1 10 1 0.4
3 76208 2621 1993 1 1 0 0.4
3 125769 2622 3563 1 50 1 0.4
3 138081 2622 3621 1 10 1 0.4
3 74519 2622 1654 1 1 1 0.4
3 97003 2623 2428 1 1 0 0.4
3 118563 2624 3084 1 1 1 0.4
3 145642 2630 3169 1 50 1 0.4
3 156410 2631 4627 1 10 0 0.4
3 165977 2631 3592 1 1 1 0.4
3 121201 2633 2909 1 1 1 0.4
3 77714 2634 1650 1 1 0 0.4
3 81085 2634 2094 1 1 0 0.4
3 104224 2640 2296 1 1 1 0.4
3 144767 2640 4017 1 10 1 0.4
3 68893 2640 2060 1 10 0 0.4
3 166667 2641 3424 1 10 1 0.4
3 143701 2644 3181 1 1 0 0.4
3 91894 2644 1893 1 1 0 0.4
3 154926 2646 3646 1 10 0 0.4
3 101175 2646 2277 1 1 0 0.4
3 95964 2649 2383 1 1 0 0.4
3 104443 2649 2125 1 1 0 0.4
3 85257 2650 1982 1 10 0 0.4
3 88096 2655 2423 1 50 0 0.4
3 176095 2658 3671 1 50 0 0.4
3 91373 2659 2030 1 50 1 0.4
3 137763 2660 3316 1 1 0 0.4
3 119745 2661 2824 1 10 0 0.4
3 98370 2662 2469 1 10 0 0.4
3 60403 2663 1447 1 1 0 0.4
3 122082 2663 2839 1 10 0 0.4
3 177672 2667 4899 1 10 1 0.4
3 134741 2669 3006 1 1 1 0.4
3 115110 2672 2582 1 1 0 0.4
3 101734 2678 2195 1 1 1 0.4
3 153455 2682 4050 1 10 1 0.4
3 110789 2683 2410 1 50 1 0.4
3 91910 2683 2268 1 1 0 0.4
3 175825 2684 4882 1 1 1 0.4
3 152272 2688 4467 1 1 1 0.4
3 169906 2688 4609 1 1 1 0.4
3 60906 2689 1269 1 1 0 0.4
3 113181 2691 2606 1 1 0 0.4
3 94208 2691 2073 1 1 1 0.4
3 118949 2692 2801 1 1 0 0.4
3 148615 2695 4034 1 1 0 0.4
3 178231 2695 4135 1 1 0 0.4
3 175026 2695 3915 1 1 0 0.4
3 112496 2695 2599 1 1 1 0.4
3 70622 2696 1907 1 10 1 0.4
3 163970 2697 4323 1 1 1 0.4
3 72262 2697 1672 1 1 0 0.4
3 119053 2699 2551 1 50 0 0.4
3 67119 2700 1867 1 1 1 0.4
3 142978 2700 4238 1 10 1 0.4
3 113955 2702 2665 1 1 1 0.4
3 103458 2704 2641 1 1 1 0.4
3 78230 2705 1962 1 1 1 0.4
3 176176 2709 3884 1 1 0 0.4
3 104982 2712 2877 1 1 1 0.4
3 94183 2720 2208 1 1 1 0.4
3 161968 2726 4777 1 1 0 0.4
3 141483 2727 2872 1 1 0 0.4
3 110162 2728 2792 1 10 0 0.4
3 126768 2729 3200 1 1 0 0.4
3 109035 2735 2533 1 1 1 0.4
3 115365 2741 2775 1 50 0 0.4
3 154441 2741 3504 1 10 1 0.4
3 123591 2745 2816 1 1 1 0.4
3 127724 2757 3171 1 1 1 0.4
3 162762 2759 4155 1 1 0 0.4
3 162537 2763 4153 1 1 0 0.4
3 172054 2771 3983 1 10 1 0.4
3 66196 2776 1529 1 10 1 0.4
3 173361 2779 5042 1 1 1 0.4
3 146075 2783 4368 1 1 0 0.4
3 122075 2784 3254 1 1 0 0.4
3 101345 2785 2923 1 1 0 0.4
3 173465 2785 4426 1 1 0 0.4
3 163346 2787 3953 1 1 0 0.4
3 146784 2787 3626 1 1 0 0.4
3 122287 2788 2940 1 1 0 0.4
3 169800 2789 3941 1 1 0 0.4
3 139489 2790 3561 1 10 0 0.4
3 142906 2794 3358 1 1 1 0.4
3 166486 2795 4753 1 1 0 0.4
3 103977 2799 2369 1 1 1 0.4
3 165392 2807 4008 1 1 0 0.4
3 141207 2820 4212 1 1 1 0.4
3 171743 2821 4852 1 1 1 0.4
3 163311 2822 4736 1 1 1 0.4
3 157303 2823 4247 1 50 1 0.4
3 143135 2825 2944 1 10 1 0.4
3 168549 2826 3923 1 1 1 0.4
3 147956 2830 4426 1 50 1 0.4
3 152133 2834 3274 1 1 0 0.4
3 69182 2838 1440 1 1 0 0.4
3 143613 2842 4301 1 1 1 0.4
3 144241 2843 4078 1 1 0 0.4
3 71215 2846 1475 1 1 1 0.4
3 125141 2846 3272 1 1 0 0.4
3 126436 2846 3392 1 1 1 0.4
3 124644 2849 3379 1 1 1 0.4
3 105044 2859 2926 1 1 1 0.4
3 154814 2860 4505 1 50 0 0.4
3 128623 2865 3427 1 1 0 0.4
3 122886 2868 2778 1 10 0 0.4
3 101410 2869 2996 1 1 1 0.4
3 168205 2870 4529 1 1 1 0.4
3 134849 2873 3838 1 10 1 0.4
3 151219 2875 3814 1 1 1 0.4
3 143620 2880 3362 1 1 1 0.4
3 176414 2881 4491 1 1 1 0.4
3 174058 2882 5058 1 1 0 0.4
3 104928 2887 2610 1 50 0 0.4
3 90189 2888 2300 1 1 0 0.4
3 177340 2893 4648 1 1 1 0.4
3 76617 2895 1606 1 50 1 0.4
3 60759 2897 1493 1 10 0 0.4
3 60843 2899 1738 1 1 1 0.4
3 155695 2901 3274 1 10 0 0.4
3 148935 2908 3335 1 10 0 0.4
3 100396 2911 2462 1 1 1 0.4
3 112209 2911 3302 1 10 1 0.4
3 69854 2918 1994 1 1 0 0.4
3 179094 2919 3821 1 50 1 0.4
3 149898 2922 4128 1 1 0 0.4
3 178382 2922 3719 1 1 0 0.4
3 98734 2923 2053 1 1 0 0.4
3 109197 2924 2543 1 10 0 0.4
3 110551 2924 2227 1 1 1 0.4
3 140909 2929 3725 1 1 1 0.4
3 123083 2929 3046 1 10 1 0.4
3 167195 2932 4854 1 1 0 0.4
3 89094 2935 2336 1 1 0 0.4
3 117424 2938 3492 1 1 0 0.4
3 174714 2938 4946 1 50 1 0.4
3 170395 2942 3672 1 10 1 0.4
3 67051 2952 1967 1 1 0 0.4
3 65868 2955 1947 1 1 1 0.4
3 63162 2957 1741 1 1 0 0.4
3 75336 2959 1839 1 1 1 0.4
3 166317 2960 4769 1 10 1 0.4
3 100718 2963 2687 1 1 1 0.4
3 174314 2964 5001 1 10 0 0.4
3 140070 2965 2811 1 10 1 0.4
3 146064 2967 3934 1 50 1 0.4
3 101511 2971 2070 1 1 0 0.4
3 170993 2973 3525 1 10 0 0.4
3 124639 2974 2527 1 10 0 0.4
3 150952 2975 4315 1 50 1 0.4
3 76354 2976 2245 1 10 0 0.4
3 115354 2979 2728 1 1 0 0.4
3 169625 2981 4027 1 50 1 0.4
3 166852 2984 4227 1 10 0 0.4
3 79900 2986 1849 1 1 0 0.4
3 106071 2989 3091 1 1 1 0.4
3 78493 2991 2306 1 10 1 0.4
3 136257 2992 3284 1 1 0 0.4
3 131619 2996 3026 1 1 1 0.4
3 61393 2997 1503 1 50 0 0.4
3 99719 2998 2850 1 1 0 0.4
3 88721 2999 2549 1 10 0 0.4
3 140748 3001 2834 1 10 0 0.4
3 170124 3003 4456 1 50 1 0.4
3 91351 3004 1991 1 50 0 0.4
3 171383 3004 3976 1 1 0 0.4
3 87857 3008 2049 1 1 0 0.4
3 154297 3012 4434 1 10 1 0.4
3 141873 3012 3625 1 1 0 0.4
3 71380 3018 1455 1 1 0 0.4
3 163329 3023 4113 1 10 1 0.4
3 155830 3023 3441 1 1 0 0.4
3 129902 3033 2685 1 1 1 0.4
3 71506 3034 1437 1 10 1 0.4
3 107289 3039 2594 1 1 1 0.4
3 132240 3040 3040 1 1 0 0.4
3 90913 3043 2700 1 1 0 0.4
3 165543 3044 4817 1 10 1 0.4
3 136349 3048 3075 1 10 0 0.4
3 176388 3048 4464 1 1 1 0.4
3 160355 3048 3624 1 1 0 0.4
3 124898 3048 3629 1 50 1 0.4
3 73668 3052 2029 1 1 0 0.4
3 146167 3061 3462 1 10 1 0.4
3 88258 3063 2476 1 1 1 0.4
3 93100 3064 2753 1 1 0 0.4
3 72549 3064 2051 1 1 1 0.4
3 112909 3065 3015 1 1 1 0.4
3 96635 3067 2845 1 50 1 0.4
3 148639 3069 3883 1 1 0 0.4
3 92120 3070 2013 1 1 0 0.4
3 179939 3071 4438 1 10 0 0.4
3 62333 3071 1376 1 1 0 0.4
3 158071 3073 3641 1 1 1 0.4
3 133244 3079 2733 1 1 1 0.4
3 110222 3080 2593 1 1 1 0.4
3 96018 3081 2579 1 1 1 0.4
3 89126 3081 1905 1 1 0 0.4
3 109933 3083 2247 1 1 1 0.4
3 110078 3085 3203 1 1 0 0.4
3 77150 3086 2086 1 10 0 0.4
3 78164 3086 1809 1 1 0 0.4
3 179747 3087 3893 1 10 1 0.4
3 63805 3091 1774 1 1 1 0.4
3 97258 3094 2447 1 10 0 0.4
3 99179 3106 2154 1 1 0 0.4
3 107171 3109 2520 1 10 1 0.4
3 154840 3116 4575 1 10 1 0.4
3 96329 3122 2786 1 1 0 0.4
3 91805 3131 2258 1 1 0 0.4
3 88067 3134 1978 1 1 1 0.4
3 90457 3139 1843 1 1 0 0.4
3 99246 3141 2166 1 1 0 0.4
3 179575 3143 4886 1 1 0 0.4
3 160177 3144 3947 1 1 0 0.4
3 162330 3148 4181 1 10 0 0.4
3 108587 3150 2338 1 1 0 0.4
3 151692 3154 4213 1 10 0 0.4
3 127330 3154 3584 1 10 0 0.4
3 111138 3155 2329 1 1 0 0.4
3 135838 3156 3371 1 1 0 0.4
3 162498 3157 4289 1 1 0 0.4
3 99889 3160 2094 1 1 1 0.4
3 150596 3160 4106 1 50 1 0.4
3 152645 3169 3963 1 10 0 0.4
3 128746 3170 3848 1 10 1 0.4
3 149907 3172 3710 1 10 0 0.4
3 170490 3173 4218 1 1 1 0.4
3 121789 3176 3533 1 1 0 0.4
3 152109 3176 4461 1 10 1 0.4
3 149729 3177 3862 1 1 1 0.4
3 124943 3184 3068 1 1 0 0.4
3 154855 3188 3703 1 1 1 0.4
3 155786 3193 4050 1 1 0 0.4
3 112517 3198 2963 1 1 1 0.4
3 89786 3201 2486 1 1 0 0.4
3 147739 3206 3553 1 1 0 0.4
3 75495 3207 1771 1 1 1 0.4
3 68377 3208 1989 1 1 0 0.4
3 164840 3211 3949 1 1 1 0.4
3 129542 3216 3783 1 50 0 0.4
3 63036 3216 1281 1 10 1 0.4
3 67862 3217 1785 1 1 1 0.4
3 78096 3218 2060 1 50 1 0.4
3 138019 3221 3737 1 10 0 0.4
3 173189 3224 4937 1 50 1 0.4
3 137727 3224 3466 1 10 0 0.4
3 175759 3230 4668 1 10 1 0.4
3 131964 3234 3413 1 1 0 0.4
3 166268 3236 4925 1 1 0 0.4
3 125234 3236 3104 1 10 1 0.4
3 94870 3237 2055 1 1 0 0.4
3 104323 3238 2568 1 1 1 0.4
3 114654 3241 2855 1 50 1 0.4
3 130507 3241 3245 1 1 1 0.4
3 144997 3247 4183 1 1 1 0.4
3 178489 3247 4008 1 50 0 0.4
3 138445 3250 3443 1 10 0 0.4
3 169455 3253 4551 1 1 0 0.4
3 86769 3255 2289 1 10 1 0.4
3 82787 3255 2401 1 10 1 0.4
3 65285 3258 1718 1 10 0 0.4
3 81369 3261 2317 1 1 0 0.4
3 113853 3266 3271 1 1 1 0.4
3 146188 3267 4333 1 1 1 0.4
3 133783 3274 2863 1 50 0 0.4
3 135888 3278 3070 1 1 0 0.4
3 126836 3279 3226 1 50 1 0.4
3 82326 3283 1855 1 10 0 0.4
3 137976 3285 3571 1 1 1 0.4
3 109955 3288 3243 1 1 1 0.4
3 112281 3289 2661 1 1 1 0.4
3 142798 3295 3136 1 1 0 0.4
3 81044 3295 1675 1 10 0 0.4
3 80483 3298 2120 1 1 0 0.4
3 70518 3300 1651 1 10 0 0.4
3 147789 3301 3914 1 10 0 0.4
3 91850 3302 2113 1 10 0 0.4
3 109698 3304 3246 1 1 1 0.4
3 70800 3306 1434 1 10 0 0.4
3 85080 3314 2405 1 1 0 0.4
3 141615 3314 3008 1 1 1 0.4
3 115374 3314 2903 1 1 1 0.4
3 105165 3315 2143 1 1 0 0.4
3 73839 3318 1731 1 1 1 0.4
3 170070 3325 3404 1 1 0 0.4
3 89067 3327 2242 1 1 0 0.4
3 61513 3327 1609 1 1 0 0.4
3 157870 3342 4227 1 1 0 0.4
3 165313 3344 4386 1 1 1 0.4
3 108156 3344 2657 1 10 0 0.4
3 70864 3346 1741 1 1 0 0.4
3 131882 3348 3278 1 50 0 0.4
3 101184 3349 2562 1 10 1 0.4
3 116227 3354 2993 1 10 1 0.4
3 142256 3355 3888 1 10 0 0.4
3 144301 3358 4236 1 1 1 0.4
3 173474 3359 5094 1 1 0 0.4
3 152324 3361 3632 1 1 0 0.4
3 74231 3362 1765 1 1 1 0.4
3 130945 3370 3762 1 1 0 0.4
3 126083 3373 3492 1 50 1 0.4
3 138661 3374 3434 1 50 0 0.4
3 120110 3376 3551 1 1 0 0.4
3 127406 3380 3485 1 1 1 0.4
3 179269 3381 5119 1 50 1 0.4
3 143415 3382 4227 1 1 0 0.4
3 92249 3382 2090 1 10 1 0.4
3 89443 3382 2349 1 1 1 0.4
3 98013 3383 2629 1 1 1 0.4
3 98435 3383 2027 1 10 0 0.4
3 87953 3388 2066 1 1 1 0.4
3 165748 3390 3439 1 1 1 0.4
3 130134 3391 3724 1 10 1 0.4
3 150238 3394 4031 1 1 1 0.4
3 159008 3401 4061 1 10 0 0.4
3 80461 3410 1634 1 10 0 0.4
3 69660 3411 1996 1 50 0 0.4
3 91911 3411 2746 1 10 1 0.4
3 164267 3413 4032 1 1 1 0.4
3 144193 3415 3922 1 1 0 0.4
3 60618 3415 1597 1 50 1 0.4
3 161238 3418 4059 1 50 0 0.4
3 86093 3420 2578 1 1 1 0.4
3 164449 3421 4629 1 1 0 0.4
3 118191 3422 2650 1 10 1 0.4
3 74146 3426 1878 1 10 1 0.4
3 67958 3430 1942 1 1 0 0.4
3 133659 3433 2808 1 10 0 0.4
3 77219 3437 1635 1 10 0 0.4
3 102440 3438 2261 1 1 1 0.4
3 81054 3439 2130 1 1 0 0.4
3 109004 3440 2559 1 10 1 0.4
3 179556 3445 4668 1 10 1 0.4
3 106449 3466 2418 1 10 1 0.4
3 144374 3467 4167 1 10 1 0.4
3 110139 3468 3214 1 10 1 0.4
3 156805 3473 4021 1 10 0 0.4
3 77565 3475 1868 1 10 0 0.4
3 152797 3483 3898 1 1 1 0.4
3 64624 3483 1781 1 1 0 0.4
3 123347 3485 2925 1 1 1 0.4
3 144733 3487 3755 1 1 1 0.4
3 109752 3487 2640 1 1 0 0.4
3 77254 3487 1797 1 1 1 0.4
3 133360 3497 3503 1 10 1 0.4
3 123273 3498 3531 1 10 0 0.4
3 64543 3498 1461 1 50 1 0.4
3 146927 3501 3718 1 1 0 0.4
3 88884 3501 1786 1 1 0 0.4
3 92695 3506 2490 1 1 0 0.4
3 108882 3508 2529 1 1 0 0.4
3 91264 3509 2500 1 10 1 0.4
3 100330 3509 2104 1 10 0 0.4
3 140689 3513 3736 1 50 0 0.4
3 168436 3517 4258 1 1 0 0.4
3 165782 3522 3810 1 1 0 0.4
3 77351 3531 1559 1 10 0 0.4
3 134169 3533 3115 1 10 0 0.4
3 176463 3538 5035 1 50 1 0.4
3 175494 3539 4688 1 1 0 0.4
3 171001 3540 3991 1 1 0 0.4
3 173594 3540 3633 1 10 0 0.4
3 177461 3547 4585 1 1 1 0.4
3 144882 3551 3787 1 10 1 0.4
3 80549 3557 2169 1 1 1 0.4
3 65655 3558 1967 1 10 0 0.4
3 165384 3562 4145 1 1 0 0.4
3 108764 3563 2818 1 50 1 0.4
3 159140 3563 3615 1 1 1 0.4
3 71842 3565 1836 1 10 1 0.4
3 142443 3566 3606 1 1 1 0.4
3 119076 3568 3556 1 1 1 0.4
3 161629 3568 4784 1 1 1 0.4
3 101946 3571 2170 1 1 1 0.4
3 89351 3577 1865 1 10 0 0.4
3 70641 3577 1989 1 1 1 0.4
3 139686 3581 3578 1 1 1 0.4
3 107521 3583 2170 1 10 1 0.4
3 130147 3584 2940 1 1 1 0.4
3 129326 3584 2926 1 10 0 0.4
3 69635 3587 2062 1 50 1 0.4
3 154727 3588 3800 1 1 1 0.4
3 154776 3590 4018 1 10 0 0.4
3 132096 3591 2681 1 1 0 0.4
3 93970 3593 2559 1 1 0 0.4
3 74558 3597 1578 1 1 1 0.4
3 151744 3598 3324 1 1 0 0.4
3 93780 3599 2167 1 10 0 0.4
