1500
4 141332 4 3010 1 50 0 0.4
4 152663 9 3224 1 10 1 0.4
4 136359 10 3089 1 10 1 0.4
4 124974 12 3733 1 10 1 0.4
4 163343 14 4576 1 1 0 0.4
4 70314 14 1663 1 1 0 0.4
4 60282 14 1673 1 10 0 0.4
4 120577 16 2476 1 1 0 0.4
4 95354 16 2834 1 10 0 0.4
4 63482 18 1292 1 50 0 0.4
4 171403 18 4688 1 10 1 0.4
4 81498 19 2124 1 1 1 0.4
4 154610 21 4186 1 1 0 0.4
4 60850 22 1432 1 1 1 0.4
4 139317 26 3868 1 1 0 0.4
4 160844 28 4457 1 1 1 0.4
4 82861 31 2015 1 10 0 0.4
4 168579 32 4192 1 1 1 0.4
4 136344 37 2838 1 1 0 0.4
4 113547 45 2912 1 10 1 0.4
4 145705 47 3105 1 1 1 0.4
4 177783 49 4123 1 1 1 0.4
4 134346 50 3996 1 10 0 0.4
4 138688 52 4040 1 10 0 0.4
4 97492 52 2667 1 1 1 0.4
4 113363 53 2745 1 1 1 0.4
4 106612 65 2928 1 1 1 0.4
4 165251 68 3652 1 1 0 0.4
4 152350 71 4103 1 10 0 0.4
4 126104 71 3239 1 50 0 0.4
4 128022 72 3383 1 50 0 0.4
4 176256 77 3852 1 50 1 0.4
4 175361 78 4422 1 1 1 0.4
4 165575 78 3613 1 1 0 0.4
4 124659 82 2978 1 50 1 0.4
4 179325 82 5251 1 10 0 0.4
4 149696 86 3308 1 50 0 0.4
4 179796 87 4352 1 10 1 0.4
4 73061 87 1818 1 10 1 0.4
4 128789 88 2813 1 50 0 0.4
4 171052 89 3855 1 10 0 0.4
4 146343 92 3982 1 50 1 0.4
4 80385 95 1948 1 10 0 0.4
4 71505 95 2141 1 1 1 0.4
4 109475 96 2526 1 1 1 0.4
4 80993 97 1997 1 10 0 0.4
4 77182 113 1607 1 10 1 0.4
4 128314 113 3581 1 1 1 0.4
4 94101 114 2799 1 1 1 0.4
4 157640 114 3312 1 1 1 0.4
4 68970 114 1890 1 1 0 0.4
4 67632 121 2022 1 1 0 0.4
4 86706 122 1840 1 1 0 0.4
4 70841 123 1713 1 1 0 0.4
4 98006 124 1972 1 1 1 0.4
4 85176 125 1798 1 1 0 0.4
4 88544 130 2375 1 1 1 0.4
4 176541 131 4769 1 1 0 0.4
4 165271 131 3841 1 1 0 0.4
4 172676 132 3924 1 1 0 0.4
4 85080 136 2262 1 1 0 0.4
4 126068 144 3219 1 50 0 0.4
4 129315 145 3713 1 1 1 0.4
4 150059 147 4381 1 50 0 0.4
4 78246 156 2291 1 1 1 0.4
4 60242 158 1250 1 1 0 0.4
4 68090 162 1969 1 1 1 0.4
4 102710 163 2293 1 10 0 0.4
4 78949 165 1850 1 50 1 0.4
4 163466 165 4635 1 50 1 0.4
4 96171 169 2881 1 1 1 0.4
4 125540 170 2625 1 1 0 0.4
4 132452 174 3929 1 10 1 0.4
4 155354 178 3695 1 1 0 0.4
4 168640 183 3677 1 1 0 0.4
4 157505 188 4260 1 1 0 0.4
4 96073 191 2387 1 1 0 0.4
4 133560 192 3927 1 10 1 0.4
4 97023 194 2384 1 1 0 0.4
4 62547 197 1667 1 1 0 0.4
4 113746 199 3045 1 10 0 0.4
4 94217 200 2776 1 10 1 0.4
4 97233 202 2652 1 1 1 0.4
4 80683 202 2370 1 1 0 0.4
4 92089 205 1890 1 1 1 0.4
4 157278 205 4672 1 10 1 0.4
4 88702 210 2526 1 10 0 0.4
4 60487 214 1533 1 1 0 0.4
4 86896 226 1879 1 1 0 0.4
4 82039 234 2178 1 10 1 0.4
4 91390 236 2487 1 10 1 0.4
4 108884 237 3197 1 1 0 0.4
4 142719 241 3227 1 1 0 0.4
4 80777 245 2219 1 10 0 0.4
4 66981 248 1820 1 10 0 0.4
4 111017 253 3276 1 1 1 0.4
4 174587 254 4572 1 1 1 0.4
4 173789 255 3734 1 1 1 0.4
4 92806 255 2647 1 50 0 0.4
4 92493 256 1967 1 1 0 0.4
4 178943 258 4832 1 1 0 0.4
4 128340 264 2675 1 1 0 0.4
4 86361 264 2029 1 1 0 0.4
4 144955 265 3121 1 1 0 0.4
4 169045 267 4876 1 1 1 0.4
4 141620 272 3394 1 1 0 0.4
4 116856 277 3438 1 1 1 0.4
4 64878 280 1607 1 1 1 0.4
4 75205 282 1967 1 10 1 0.4
4 80275 284 1886 1 1 1 0.4
4 165402 284 3836 1 1 1 0.4
4 109511 285 2776 1 50 0 0.4
4 75992 286 1873 1 10 0 0.4
4 164161 290 4449 1 1 1 0.4
4 142969 291 3041 1 50 0 0.4
4 169442 291 4072 1 1 1 0.4
4 179587 292 4523 1 1 0 0.4
4 158813 293 4556 1 1 0 0.4
4 90418 294 2448 1 1 1 0.4
4 83743 297 1675 1 1 1 0.4
4 116722 298 2778 1 1 0 0.4
4 178079 299 4984 1 50 0 0.4
4 156663 299 4611 1 10 1 0.4
4 63508 301 1695 1 1 1 0.4
4 65090 302 1617 1 1 1 0.4
4 62330 303 1489 1 1 0 0.4
4 130859 307 3041 1 10 0 0.4
4 112959 309 3305 1 50 0 0.4
4 81317 310 2240 1 10 1 0.4
4 118670 311 2774 1 1 1 0.4
4 101142 312 2688 1 1 1 0.4
4 122706 312 3661 1 10 0 0.4
4 98627 314 2812 1 1 1 0.4
4 150690 317 3020 1 50 0 0.4
4 137456 318 2830 1 10 0 0.4
4 96975 319 2626 1 1 1 0.4
4 136175 320 3184 1 1 0 0.4
4 95380 323 2422 1 10 0 0.4
4 102128 329 3056 1 10 0 0.4
4 71357 329 1457 1 1 1 0.4
4 100995 333 2762 1 1 0 0.4
4 70151 336 1741 1 1 1 0.4
4 84206 337 2021 1 1 0 0.4
4 134234 341 3405 1 10 0 0.4
4 77866 342 1726 1 1 1 0.4
4 149315 342 4055 1 1 0 0.4
4 127097 349 3568 1 1 1 0.4
4 166256 349 4459 1 1 1 0.4
4 165989 350 3565 1 1 0 0.4
4 153384 352 3309 1 10 0 0.4
4 125396 355 2754 1 50 1 0.4
4 116538 355 2611 1 50 1 0.4
4 111660 364 2981 1 10 0 0.4
4 157738 367 3195 1 1 0 0.4
4 123737 368 3506 1 1 1 0.4
4 154626 371 3230 1 10 0 0.4
4 64519 380 1474 1 1 1 0.4
4 83683 380 1912 1 1 0 0.4
4 119684 383 2673 1 1 0 0.4
4 164078 384 3710 1 50 1 0.4
4 104018 384 2936 1 10 0 0.4
4 175629 388 4337 1 10 1 0.4
4 120468 388 3533 1 10 0 0.4
4 93549 390 2160 1 10 1 0.4
4 116476 391 3065 1 1 1 0.4
4 178720 392 5233 1 10 1 0.4
4 144801 396 2902 1 1 0 0.4
4 110931 397 2834 1 1 0 0.4
4 141887 399 3360 1 1 1 0.4
4 120116 401 3555 1 10 1 0.4
4 159342 404 3684 1 1 0 0.4
4 130194 405 3033 1 1 1 0.4
4 94522 407 2295 1 1 0 0.4
4 134702 409 3262 1 1 0 0.4
4 76585 410 1786 1 1 1 0.4
4 130802 412 3602 1 10 0 0.4
4 178389 415 4683 1 1 1 0.4
4 101576 416 2221 1 50 0 0.4
4 150094 419 3526 1 1 0 0.4
4 69811 424 1664 1 1 0 0.4
4 172552 425 4726 1 10 1 0.4
4 139100 426 3235 1 10 1 0.4
4 137458 428 3920 1 1 1 0.4
4 98936 428 2922 1 50 1 0.4
4 90240 428 2281 1 1 0 0.4
4 101892 430 2449 1 10 1 0.4
4 131556 431 3199 1 1 1 0.4
4 162191 438 3245 1 1 0 0.4
4 177632 440 3999 1 1 1 0.4
4 103445 441 2709 1 10 1 0.4
4 172643 443 3855 1 1 1 0.4
4 118272 445 3046 1 1 0 0.4
4 69017 449 2044 1 10 0 0.4
4 115188 451 3423 1 1 0 0.4
4 103868 452 2421 1 1 0 0.4
4 132334 460 2942 1 1 0 0.4
4 128045 461 3526 1 10 0 0.4
4 120300 461 3092 1 1 0 0.4
4 111263 463 2260 1 10 0 0.4
4 62637 463 1394 1 10 0 0.4
4 60163 463 1312 1 1 0 0.4
4 96683 464 2695 1 10 1 0.4
4 91948 469 1965 1 1 0 0.4
4 157616 469 3490 1 1 1 0.4
4 138605 470 3785 1 10 1 0.4
4 147190 478 3273 1 1 0 0.4
4 130945 478 2622 1 1 1 0.4
4 156184 478 4184 1 1 0 0.4
4 75895 479 2034 1 1 0 0.4
4 72583 480 2059 1 10 0 0.4
4 66725 484 1461 1 10 1 0.4
4 167662 487 4842 1 1 1 0.4
4 75142 487 1609 1 1 0 0.4
4 107947 488 3037 1 1 1 0.4
4 107519 491 2876 1 1 1 0.4
4 147880 495 3824 1 10 0 0.4
4 81792 498 2189 1 1 0 0.4
4 64552 499 1655 1 1 0 0.4
4 153062 499 4071 1 1 1 0.4
4 94945 502 2513 1 1 0 0.4
4 176837 502 4403 1 10 1 0.4
4 178941 504 4572 1 10 0 0.4
4 131431 505 3412 1 1 1 0.4
4 128191 505 3193 1 1 1 0.4
4 169841 510 4901 1 10 0 0.4
4 129449 513 3833 1 50 1 0.4
4 141941 518 3028 1 1 1 0.4
4 146311 519 3928 1 10 1 0.4
4 81450 524 1890 1 1 1 0.4
4 109837 525 2715 1 1 0 0.4
4 61259 525 1536 1 1 0 0.4
4 133444 526 2930 1 1 1 0.4
4 122370 526 3288 1 10 1 0.4
4 83225 530 1840 1 10 1 0.4
4 113127 531 3027 1 10 1 0.4
4 121275 532 2835 1 10 0 0.4
4 78070 535 1776 1 10 1 0.4
4 120203 536 2635 1 1 0 0.4
4 75590 536 1841 1 1 1 0.4
4 124054 537 2660 1 10 0 0.4
4 172480 538 4960 1 1 0 0.4
4 139347 540 3412 1 1 0 0.4
4 175233 540 3733 1 1 0 0.4
4 75791 542 1551 1 1 1 0.4
4 78015 546 2015 1 10 1 0.4
4 106358 555 2766 1 1 0 0.4
4 74970 555 1798 1 10 1 0.4
4 101534 560 2534 1 10 1 0.4
4 137752 560 4114 1 1 1 0.4
4 120537 561 3432 1 10 0 0.4
4 113539 566 2795 1 1 0 0.4
4 177774 568 4278 1 1 0 0.4
4 145857 570 4005 1 10 1 0.4
4 74710 572 2041 1 1 0 0.4
4 106175 574 3177 1 1 0 0.4
4 127992 576 3521 1 1 0 0.4
4 100044 576 2377 1 50 1 0.4
4 71473 584 1511 1 1 1 0.4
4 110756 586 2809 1 50 0 0.4
4 131422 588 3816 1 10 0 0.4
4 116501 588 2821 1 10 1 0.4
4 93635 589 2519 1 1 0 0.4
4 74442 592 1799 1 1 1 0.4
4 117845 595 3252 1 1 0 0.4
4 124436 598 3730 1 1 1 0.4
4 170762 600 4918 1 10 0 0.4
4 161317 606 3489 1 10 0 0.4
4 76113 607 1745 1 1 1 0.4
4 169126 608 3724 1 1 0 0.4
4 165293 609 4897 1 1 1 0.4
4 84933 610 1769 1 1 1 0.4
4 160531 611 4250 1 1 1 0.4
4 153163 611 3990 1 1 1 0.4
4 103049 613 2604 1 1 1 0.4
4 164982 613 4528 1 1 0 0.4
4 178345 614 5326 1 1 1 0.4
4 125924 615 3301 1 1 0 0.4
4 128996 616 3760 1 1 1 0.4
4 97826 618 2592 1 1 1 0.4
4 109626 625 3028 1 10 0 0.4
4 76430 627 1536 1 1 1 0.4
4 106581 628 2430 1 1 0 0.4
4 139175 628 3101 1 1 1 0.4
4 67715 632 1521 1 1 0 0.4
4 66162 639 1805 1 1 1 0.4
4 155411 640 3157 1 1 1 0.4
4 137879 640 3622 1 1 0 0.4
4 171895 640 3642 1 10 1 0.4
4 149315 643 4211 1 1 0 0.4
4 111840 643 2638 1 1 0 0.4
4 126148 645 3506 1 10 0 0.4
4 136447 656 2909 1 1 1 0.4
4 134343 678 2971 1 1 0 0.4
4 75370 682 1653 1 50 0 0.4
4 118800 684 2684 1 1 0 0.4
4 101573 688 2134 1 1 0 0.4
4 141717 692 3617 1 1 0 0.4
4 77417 693 2212 1 1 1 0.4
4 178420 694 4976 1 1 1 0.4
4 115827 697 2800 1 1 0 0.4
4 162864 698 4139 1 1 0 0.4
4 95072 700 2289 1 1 1 0.4
4 137115 702 3610 1 1 1 0.4
4 132524 707 3898 1 50 1 0.4
4 162468 709 4206 1 50 1 0.4
4 163504 710 4407 1 1 0 0.4
4 103388 714 2707 1 10 0 0.4
4 150939 715 3318 1 10 1 0.4
4 175944 716 4074 1 10 1 0.4
4 112879 718 2296 1 1 0 0.4
4 60328 719 1388 1 1 0 0.4
4 98955 719 2340 1 1 1 0.4
4 87926 720 2541 1 10 0 0.4
4 61810 723 1368 1 1 0 0.4
4 154068 724 4528 1 1 0 0.4
4 167058 726 3587 1 10 0 0.4
4 144308 733 3534 1 1 1 0.4
4 159488 734 3310 1 1 1 0.4
4 165341 734 4374 1 10 1 0.4
4 144999 740 3398 1 10 1 0.4
4 122082 741 2671 1 1 0 0.4
4 152069 743 4077 1 1 0 0.4
4 149932 743 4361 1 1 1 0.4
4 130028 746 3687 1 10 1 0.4
4 122729 747 3115 1 10 0 0.4
4 156674 749 3579 1 50 0 0.4
4 173227 764 4918 1 1 0 0.4
4 107576 769 2764 1 1 1 0.4
4 136458 772 3360 1 10 0 0.4
4 107873 774 2207 1 1 0 0.4
4 136651 775 3059 1 1 0 0.4
4 132522 775 3058 1 10 0 0.4
4 85955 779 1996 1 1 0 0.4
4 79679 779 1984 1 1 1 0.4
4 96539 779 2732 1 10 1 0.4
4 179609 788 5303 1 1 0 0.4
4 72982 791 1823 1 1 1 0.4
4 100753 798 2439 1 1 0 0.4
4 160443 798 3597 1 1 1 0.4
4 133687 803 2963 1 1 0 0.4
4 85309 805 2270 1 1 0 0.4
4 84688 810 2366 1 50 1 0.4
4 165062 811 4494 1 10 1 0.4
4 162630 819 3495 1 50 0 0.4
4 92381 820 2003 1 10 0 0.4
4 81698 821 2172 1 1 0 0.4
4 76694 822 2068 1 10 0 0.4
4 165783 822 4037 1 50 0 0.4
4 156205 831 3202 1 10 1 0.4
4 136856 834 3672 1 1 0 0.4
4 116628 838 3258 1 1 0 0.4
4 87303 839 1894 1 1 1 0.4
4 99466 839 2536 1 1 1 0.4
4 134932 841 2926 1 10 1 0.4
4 120268 848 2816 1 1 0 0.4
4 151557 851 3449 1 1 0 0.4
4 86338 852 1811 1 10 1 0.4
4 90303 853 2322 1 1 0 0.4
4 75545 854 1987 1 10 0 0.4
4 70839 854 1699 1 1 1 0.4
4 115472 858 3013 1 1 0 0.4
4 146258 864 3780 1 50 1 0.4
4 140565 865 3590 1 1 0 0.4
4 174948 870 3750 1 1 1 0.4
4 153475 877 3852 1 1 0 0.4
4 119072 880 3204 1 1 1 0.4
4 80047 880 2034 1 1 1 0.4
4 62783 882 1523 1 1 0 0.4
4 170055 885 4550 1 1 0 0.4
4 135992 886 2832 1 10 1 0.4
4 87690 894 1929 1 1 0 0.4
4 75210 895 2111 1 50 1 0.4
4 166543 899 4332 1 1 0 0.4
4 81954 901 2436 1 1 0 0.4
4 119026 904 2705 1 10 1 0.4
4 106695 906 2550 1 1 0 0.4
4 171083 907 4544 1 1 1 0.4
4 135893 909 2922 1 10 1 0.4
4 64996 912 1408 1 1 1 0.4
4 178678 912 4814 1 1 0 0.4
4 148290 915 2998 1 1 0 0.4
4 67450 916 1765 1 1 0 0.4
4 109778 918 2308 1 1 1 0.4
4 143812 922 3605 1 1 0 0.4
4 122676 928 2513 1 10 0 0.4
4 97592 928 2120 1 10 0 0.4
4 115755 929 2511 1 1 1 0.4
4 112149 930 2968 1 10 0 0.4
4 138515 931 3748 1 10 0 0.4
4 71082 931 1949 1 10 1 0.4
4 166071 932 3662 1 50 0 0.4
4 157869 935 4436 1 10 0 0.4
4 165567 940 4173 1 1 0 0.4
4 175845 942 4490 1 1 1 0.4
4 149903 942 3993 1 1 0 0.4
4 151708 943 3113 1 10 1 0.4
4 159631 944 4226 1 1 1 0.4
4 154476 951 4332 1 10 0 0.4
4 91276 951 2042 1 1 0 0.4
4 89066 951 2481 1 1 0 0.4
4 177639 952 4550 1 10 0 0.4
4 63657 953 1575 1 1 0 0.4
4 156437 954 3408 1 1 0 0.4
4 120129 955 2668 1 50 0 0.4
4 163022 955 4428 1 10 1 0.4
4 151982 956 3350 1 10 1 0.4
4 172549 957 5079 1 50 1 0.4
4 88939 957 1930 1 1 0 0.4
4 72642 961 1640 1 10 0 0.4
4 161609 961 4544 1 1 1 0.4
4 131917 961 3542 1 1 0 0.4
4 86373 961 1819 1 50 0 0.4
4 107155 962 2476 1 1 1 0.4
4 87086 967 2168 1 1 0 0.4
4 120459 968 3120 1 10 1 0.4
4 137507 968 4056 1 1 0 0.4
4 106167 968 2603 1 1 0 0.4
4 87674 973 1941 1 1 1 0.4
4 110513 974 3159 1 10 1 0.4
4 151729 975 3607 1 10 1 0.4
4 103504 976 2411 1 1 1 0.4
4 80775 979 2222 1 1 1 0.4
4 123269 980 2568 1 1 0 0.4
4 156259 980 3284 1 50 0 0.4
4 170167 983 4811 1 10 0 0.4
4 160944 984 3664 1 1 1 0.4
4 150206 985 3504 1 10 0 0.4
4 137941 988 3102 1 1 0 0.4
4 85683 991 1922 1 10 1 0.4
4 159911 991 3329 1 1 0 0.4
4 131915 995 3447 1 1 0 0.4
4 63723 995 1867 1 50 1 0.4
4 151687 995 4162 1 1 1 0.4
4 88736 997 2138 1 50 0 0.4
4 91737 1000 2121 1 10 0 0.4
4 105579 1004 2944 1 1 0 0.4
4 152854 1004 4547 1 1 1 0.4
4 88876 1006 2629 1 10 1 0.4
4 117368 1007 2798 1 1 0 0.4
4 116885 1010 2416 1 1 0 0.4
4 125794 1015 3001 1 1 1 0.4
4 148707 1018 3668 1 10 0 0.4
4 118241 1019 3084 1 10 0 0.4
4 168933 1021 4777 1 1 0 0.4
4 85807 1021 2025 1 1 0 0.4
4 107310 1023 2181 1 1 0 0.4
4 128579 1024 3723 1 10 1 0.4
4 88878 1027 2098 1 10 1 0.4
4 149295 1027 4227 1 10 0 0.4
4 126328 1031 3055 1 1 1 0.4
4 144926 1032 2954 1 1 1 0.4
4 69379 1032 1530 1 50 0 0.4
4 85311 1034 2356 1 1 0 0.4
4 106433 1037 2130 1 1 0 0.4
4 98389 1043 2321 1 1 0 0.4
4 179439 1045 5261 1 1 1 0.4
4 109731 1046 2832 1 10 1 0.4
4 124825 1047 3086 1 50 0 0.4
4 145683 1048 3045 1 1 0 0.4
4 87664 1049 2382 1 1 0 0.4
4 173823 1052 3775 1 10 1 0.4
4 151748 1053 3330 1 1 0 0.4
4 72294 1057 2069 1 10 0 0.4
4 106037 1057 2635 1 1 0 0.4
4 179872 1059 4818 1 50 1 0.4
4 96475 1059 2520 1 10 1 0.4
4 91710 1059 2463 1 1 0 0.4
4 113362 1060 3056 1 10 0 0.4
4 65823 1060 1595 1 1 1 0.4
4 79830 1061 2041 1 1 0 0.4
4 139513 1061 2830 1 10 0 0.4
4 79405 1062 2121 1 1 1 0.4
4 136517 1062 2853 1 1 0 0.4
4 171801 1063 4486 1 1 0 0.4
4 61193 1064 1546 1 1 1 0.4
4 119681 1066 3344 1 10 0 0.4
4 122500 1069 2923 1 1 0 0.4
4 162247 1088 4866 1 1 0 0.4
4 98940 1091 2345 1 50 0 0.4
4 118857 1092 3264 1 10 0 0.4
4 91567 1092 2186 1 1 1 0.4
4 129341 1096 2608 1 10 1 0.4
4 163692 1099 4051 1 1 1 0.4
4 67277 1102 1882 1 10 0 0.4
4 116887 1102 3228 1 1 1 0.4
4 97919 1103 2080 1 10 1 0.4
4 123579 1112 2971 1 1 0 0.4
4 114810 1112 3264 1 1 0 0.4
4 95237 1112 2463 1 10 1 0.4
4 172051 1112 4558 1 1 0 0.4
4 132795 1113 3649 1 10 1 0.4
4 86182 1113 2525 1 50 1 0.4
4 91491 1123 1843 1 1 0 0.4
4 86216 1125 1824 1 10 0 0.4
4 85618 1126 2141 1 1 0 0.4
4 170913 1131 4578 1 10 0 0.4
4 114074 1131 2581 1 1 1 0.4
4 64013 1132 1364 1 1 0 0.4
4 135126 1134 3498 1 1 0 0.4
4 131122 1135 3120 1 50 1 0.4
4 83004 1140 2119 1 10 1 0.4
4 79961 1144 2390 1 1 1 0.4
4 156626 1146 4109 1 50 0 0.4
4 62670 1153 1291 1 50 1 0.4
4 71908 1155 1685 1 1 0 0.4
4 168715 1155 4226 1 50 1 0.4
4 78222 1157 1657 1 10 1 0.4
4 125940 1159 3253 1 1 0 0.4
4 86493 1160 1749 1 1 1 0.4
4 76810 1175 1801 1 1 0 0.4
4 109563 1179 3011 1 1 0 0.4
4 134804 1179 3528 1 1 0 0.4
4 171636 1180 3866 1 1 1 0.4
4 83793 1181 1869 1 1 0 0.4
4 119866 1184 2622 1 1 1 0.4
4 74130 1184 2044 1 1 0 0.4
4 104516 1184 2940 1 1 1 0.4
4 86610 1186 2118 1 10 1 0.4
4 96250 1187 2732 1 50 0 0.4
4 145014 1188 4073 1 1 0 0.4
4 91392 1195 2445 1 10 1 0.4
4 102997 1196 2165 1 1 1 0.4
4 87450 1196 2540 1 10 1 0.4
4 127367 1197 2769 1 1 1 0.4
4 175150 1199 3517 1 1 1 0.4
4 106910 1204 2954 1 10 0 0.4
4 114362 1207 2292 1 1 0 0.4
4 73042 1207 2012 1 10 1 0.4
4 138958 1209 3108 1 1 1 0.4
4 179682 1212 3759 1 1 1 0.4
4 112146 1213 2381 1 1 0 0.4
4 66271 1213 1469 1 1 1 0.4
4 177516 1215 4313 1 10 0 0.4
4 136686 1219 4087 1 1 1 0.4
4 87006 1220 1768 1 1 0 0.4
4 148157 1221 4173 1 1 1 0.4
4 143902 1222 3573 1 10 0 0.4
4 134351 1222 3461 1 1 1 0.4
4 70396 1223 1820 1 1 0 0.4
4 153780 1231 3361 1 10 0 0.4
4 98792 1232 2840 1 50 1 0.4
4 161508 1240 3858 1 10 0 0.4
4 174790 1240 4078 1 1 1 0.4
4 133689 1240 2844 1 1 0 0.4
4 68857 1245 2033 1 10 1 0.4
4 73575 1248 1946 1 10 0 0.4
4 162529 1248 3252 1 10 1 0.4
4 152614 1251 3973 1 1 1 0.4
4 174274 1254 3927 1 1 0 0.4
4 69608 1255 2087 1 1 1 0.4
4 158291 1259 3730 1 50 0 0.4
4 126764 1260 3584 1 50 0 0.4
4 85064 1260 1861 1 1 1 0.4
4 151400 1262 3482 1 1 1 0.4
4 149917 1264 3459 1 1 0 0.4
4 149990 1273 3495 1 1 0 0.4
4 101184 1284 2475 1 10 0 0.4
4 169181 1291 4658 1 10 0 0.4
4 121815 1291 2597 1 1 1 0.4
4 91893 1294 2623 1 10 0 0.4
4 111949 1294 3194 1 1 1 0.4
4 133696 1299 3684 1 1 0 0.4
4 74591 1300 1955 1 1 1 0.4
4 146051 1301 3201 1 10 0 0.4
4 124371 1309 2920 1 10 1 0.4
4 163147 1310 4864 1 1 0 0.4
4 174528 1313 4953 1 1 1 0.4
4 114390 1314 2786 1 1 1 0.4
4 108428 1315 2787 1 1 0 0.4
4 89544 1320 2273 1 10 0 0.4
4 170075 1323 4322 1 10 1 0.4
4 84384 1327 1718 1 1 1 0.4
4 158871 1327 3369 1 50 0 0.4
4 90958 1336 2123 1 10 1 0.4
4 166376 1340 4770 1 50 0 0.4
4 86002 1341 2059 1 50 1 0.4
4 95610 1345 2213 1 10 1 0.4
4 109004 1346 2843 1 10 1 0.4
4 63658 1362 1834 1 1 0 0.4
4 113258 1365 2753 1 10 1 0.4
4 119087 1367 3076 1 50 1 0.4
4 95354 1376 2487 1 1 1 0.4
4 156283 1376 3292 1 10 1 0.4
4 133892 1377 2948 1 1 1 0.4
4 173282 1378 3810 1 1 1 0.4
4 92635 1379 2088 1 1 1 0.4
4 85154 1382 2020 1 1 1 0.4
4 121536 1382 2609 1 50 0 0.4
4 104707 1387 2544 1 1 0 0.4
4 170751 1392 4038 1 10 1 0.4
4 89662 1393 2660 1 1 0 0.4
4 114899 1396 3422 1 10 1 0.4
4 67511 1396 1708 1 1 0 0.4
4 173969 1401 3821 1 1 0 0.4
4 170085 1403 3496 1 10 1 0.4
4 102769 1403 2926 1 1 0 0.4
4 164538 1406 4135 1 1 0 0.4
4 146496 1409 3696 1 1 1 0.4
4 123063 1411 3297 1 1 1 0.4
4 82876 1413 2477 1 10 0 0.4
4 73317 1415 1915 1 10 0 0.4
4 121291 1415 3424 1 1 0 0.4
4 142662 1415 3667 1 1 0 0.4
4 142848 1419 3552 1 1 1 0.4
4 70238 1421 1624 1 1 1 0.4
4 142581 1422 2925 1 1 1 0.4
4 85174 1423 1807 1 10 1 0.4
4 122723 1424 2743 1 1 0 0.4
4 87660 1426 2428 1 1 0 0.4
4 79929 1429 2093 1 10 1 0.4
4 176915 1430 5104 1 10 1 0.4
4 125061 1434 3160 1 10 1 0.4
4 106904 1435 2256 1 10 1 0.4
4 64521 1436 1730 1 1 0 0.4
4 81050 1437 2268 1 1 1 0.4
4 87501 1440 2442 1 1 0 0.4
4 103361 1446 2763 1 1 0 0.4
4 164650 1447 4803 1 1 1 0.4
4 178818 1448 3970 1 10 0 0.4
4 115038 1449 2705 1 10 1 0.4
4 126478 1449 3412 1 1 1 0.4
4 77311 1452 1749 1 50 1 0.4
4 60992 1455 1447 1 1 1 0.4
4 137909 1456 3062 1 1 1 0.4
4 139633 1460 4152 1 1 0 0.4
4 101330 1460 2651 1 1 0 0.4
4 144555 1461 4289 1 1 1 0.4
4 99535 1464 2227 1 1 1 0.4
4 100663 1465 2417 1 1 1 0.4
4 87746 1473 2579 1 50 0 0.4
4 121005 1474 2618 1 1 1 0.4
4 150801 1478 4497 1 1 0 0.4
4 171073 1480 4383 1 10 1 0.4
4 138853 1485 4097 1 50 1 0.4
4 170892 1490 4239 1 50 0 0.4
4 64030 1492 1684 1 1 0 0.4
4 165227 1494 4301 1 10 0 0.4
4 78863 1503 2165 1 1 0 0.4
4 62451 1505 1617 1 1 1 0.4
4 60087 1506 1305 1 1 1 0.4
4 112998 1506 3097 1 1 0 0.4
4 130385 1506 2898 1 10 0 0.4
4 138288 1506 3272 1 1 1 0.4
4 116933 1510 3293 1 50 1 0.4
4 115507 1514 3401 1 50 1 0.4
4 106035 1515 2623 1 1 0 0.4
4 64204 1516 1581 1 1 0 0.4
4 128412 1517 3369 1 1 1 0.4
4 64268 1518 1812 1 1 1 0.4
4 60436 1521 1329 1 50 1 0.4
4 172933 1528 3934 1 1 0 0.4
4 147090 1528 4113 1 10 0 0.4
4 154683 1533 3765 1 1 1 0.4
4 101411 1536 2508 1 50 0 0.4
4 99663 1539 2287 1 1 0 0.4
4 146514 1539 3153 1 1 1 0.4
4 161064 1539 4148 1 1 0 0.4
4 157813 1545 4072 1 1 0 0.4
4 118203 1547 2813 1 1 0 0.4
4 89926 1548 1887 1 1 0 0.4
4 168253 1550 3583 1 1 1 0.4
4 134154 1555 3253 1 10 1 0.4
4 155709 1556 3895 1 10 0 0.4
4 126586 1562 3678 1 1 0 0.4
4 69271 1562 1720 1 10 0 0.4
4 108049 1563 2302 1 10 0 0.4
4 124847 1565 2630 1 10 1 0.4
4 154117 1568 3770 1 1 1 0.4
4 174846 1569 5120 1 1 1 0.4
4 152807 1571 3459 1 10 1 0.4
4 69492 1571 1972 1 1 1 0.4
4 65239 1572 1827 1 10 1 0.4
4 161982 1573 4153 1 1 1 0.4
4 113824 1574 2947 1 1 0 0.4
4 175367 1577 5080 1 1 1 0.4
4 82418 1581 2016 1 10 0 0.4
4 153096 1586 4288 1 1 1 0.4
4 140219 1587 3906 1 10 0 0.4
4 159411 1587 4581 1 10 0 0.4
4 156134 1592 4251 1 1 0 0.4
4 130723 1593 3109 1 50 0 0.4
4 103566 1595 2767 1 10 1 0.4
4 111530 1597 3337 1 10 0 0.4
4 89492 1597 2670 1 1 0 0.4
4 105583 1601 2604 1 10 0 0.4
4 116442 1601 3131 1 10 1 0.4
4 95281 1605 2553 1 10 0 0.4
4 88342 1606 2027 1 50 0 0.4
4 122481 1614 2861 1 1 1 0.4
4 141152 1617 3872 1 10 1 0.4
4 158153 1618 3587 1 1 1 0.4
4 134206 1620 3143 1 1 0 0.4
4 167395 1623 4037 1 10 0 0.4
4 62496 1625 1335 1 50 1 0.4
4 163718 1626 4900 1 1 0 0.4
4 86842 1626 2094 1 10 1 0.4
4 113383 1643 2821 1 10 0 0.4
4 171963 1646 4793 1 10 1 0.4
4 76266 1647 1656 1 50 0 0.4
4 70582 1649 1798 1 1 1 0.4
4 141953 1649 3898 1 1 0 0.4
4 171118 1650 3783 1 1 1 0.4
4 136443 1650 3383 1 1 0 0.4
4 165201 1651 4545 1 10 1 0.4
4 63970 1651 1487 1 50 0 0.4
4 146445 1653 3576 1 1 1 0.4
4 158487 1660 4680 1 1 0 0.4
4 149773 1661 3268 1 10 1 0.4
4 123179 1661 2880 1 1 0 0.4
4 89147 1663 2595 1 1 1 0.4
4 65682 1666 1885 1 1 0 0.4
4 137509 1668 3476 1 1 1 0.4
4 83215 1669 1799 1 10 1 0.4
4 99046 1672 2676 1 1 1 0.4
4 129731 1672 2662 1 50 1 0.4
4 104021 1673 2907 1 10 0 0.4
4 131071 1674 3377 1 50 1 0.4
4 167489 1680 4391 1 1 0 0.4
4 147455 1681 3127 1 1 0 0.4
4 113927 1683 3388 1 1 1 0.4
4 147595 1686 2962 1 1 1 0.4
4 167888 1686 4462 1 1 1 0.4
4 79550 1686 1769 1 1 1 0.4
4 162690 1687 4154 1 1 0 0.4
4 124648 1688 3208 1 1 1 0.4
4 103485 1692 2752 1 10 0 0.4
4 72550 1693 1812 1 50 1 0.4
4 156102 1694 3734 1 1 1 0.4
4 155190 1695 3854 1 10 0 0.4
4 122248 1698 3579 1 50 0 0.4
4 162512 1701 4402 1 10 1 0.4
4 120631 1701 3507 1 10 0 0.4
4 65685 1704 1438 1 1 0 0.4
4 104041 1705 2779 1 10 1 0.4
4 101130 1707 2744 1 1 1 0.4
4 176199 1709 3613 1 10 0 0.4
4 112174 1718 3064 1 1 0 0.4
4 150772 1719 3957 1 10 1 0.4
4 75339 1721 2020 1 50 1 0.4
4 99162 1724 2327 1 1 0 0.4
4 83443 1729 1964 1 10 1 0.4
4 169180 1732 4516 1 1 1 0.4
4 64198 1734 1472 1 1 0 0.4
4 167052 1738 3515 1 10 1 0.4
4 135486 1740 3053 1 10 0 0.4
4 142507 1743 3000 1 1 1 0.4
4 140552 1744 3178 1 1 0 0.4
4 179365 1744 5114 1 1 1 0.4
4 128426 1746 3412 1 50 0 0.4
4 151209 1747 3689 1 10 1 0.4
4 92956 1748 2638 1 1 0 0.4
4 110627 1753 2464 1 1 1 0.4
4 95677 1754 2552 1 1 0 0.4
4 119664 1754 3073 1 50 1 0.4
4 116956 1755 2686 1 1 1 0.4
4 118211 1756 2908 1 1 1 0.4
4 70799 1760 1476 1 1 1 0.4
4 100721 1760 2544 1 50 1 0.4
4 123796 1761 2538 1 10 0 0.4
4 76671 1761 1616 1 10 1 0.4
4 158779 1762 4673 1 1 0 0.4
4 157054 1763 4438 1 1 0 0.4
4 177915 1767 4503 1 10 0 0.4
4 149662 1767 3211 1 50 1 0.4
4 161253 1769 3239 1 1 0 0.4
4 131866 1769 2839 1 1 1 0.4
4 176572 1772 3855 1 10 0 0.4
4 118030 1772 2392 1 50 0 0.4
4 159378 1774 3734 1 10 1 0.4
4 151136 1779 3112 1 1 0 0.4
4 98423 1780 2714 1 10 1 0.4
4 179901 1781 4567 1 1 1 0.4
4 167423 1783 4725 1 1 0 0.4
4 137189 1784 2922 1 1 1 0.4
4 118575 1786 2499 1 1 1 0.4
4 152189 1790 3944 1 1 1 0.4
4 151211 1793 4127 1 1 1 0.4
4 64904 1796 1650 1 50 1 0.4
4 123122 1796 2947 1 10 0 0.4
4 126021 1798 3212 1 10 1 0.4
4 88678 1798 2577 1 1 0 0.4
4 73719 1799 1920 1 1 1 0.4
4 117356 1802 2926 1 1 1 0.4
4 150905 1804 3160 1 10 0 0.4
4 124395 1807 3046 1 1 1 0.4
4 146928 1808 4318 1 1 1 0.4
4 79770 1810 2083 1 1 0 0.4
4 138496 1811 3951 1 1 1 0.4
4 75268 1812 1738 1 1 0 0.4
4 77656 1817 2243 1 10 1 0.4
4 63705 1822 1310 1 1 1 0.4
4 138835 1823 3908 1 1 1 0.4
4 114085 1825 2363 1 1 0 0.4
4 163423 1829 3612 1 10 1 0.4
4 168370 1830 4939 1 10 1 0.4
4 160125 1831 3794 1 1 0 0.4
4 157321 1832 4292 1 1 1 0.4
4 63986 1834 1434 1 1 1 0.4
4 170955 1840 4043 1 1 0 0.4
4 125955 1849 2873 1 10 0 0.4
4 174671 1851 3582 1 1 1 0.4
4 141659 1851 3022 1 1 0 0.4
4 106330 1853 2575 1 1 1 0.4
4 127407 1854 2998 1 10 1 0.4
4 173141 1854 4753 1 50 0 0.4
4 158359 1855 3330 1 1 0 0.4
4 61652 1857 1775 1 50 0 0.4
4 82497 1858 1990 1 10 0 0.4
4 177946 1859 4548 1 1 1 0.4
4 93135 1864 2515 1 1 1 0.4
4 70676 1865 1533 1 10 1 0.4
4 87317 1867 2144 1 1 1 0.4
4 67014 1867 1376 1 1 1 0.4
4 154059 1868 3304 1 1 1 0.4
4 163549 1871 4596 1 10 1 0.4
4 84891 1879 2163 1 1 0 0.4
4 131329 1881 3183 1 10 0 0.4
4 148190 1885 4112 1 1 1 0.4
4 82127 1887 1878 1 1 1 0.4
4 123322 1887 3456 1 1 0 0.4
4 178972 1888 5145 1 1 1 0.4
4 121860 1889 2978 1 10 0 0.4
4 159284 1890 4009 1 10 1 0.4
4 126301 1890 2810 1 1 1 0.4
4 120821 1895 2879 1 1 0 0.4
4 65775 1897 1860 1 1 1 0.4
4 107682 1903 2514 1 1 0 0.4
4 168842 1912 4517 1 1 0 0.4
4 157620 1913 4506 1 1 0 0.4
4 122171 1915 3364 1 1 0 0.4
4 79669 1917 1711 1 10 0 0.4
4 72771 1918 1731 1 50 1 0.4
4 136526 1918 3131 1 1 1 0.4
4 75950 1921 2101 1 1 0 0.4
4 139252 1922 3428 1 1 1 0.4
4 149249 1924 3206 1 1 1 0.4
4 163346 1925 3566 1 10 0 0.4
4 63256 1926 1267 1 10 0 0.4
4 145098 1928 3402 1 1 1 0.4
4 153516 1929 4487 1 1 0 0.4
4 153250 1931 4285 1 1 1 0.4
4 81448 1935 1875 1 1 0 0.4
4 147679 1936 4054 1 50 0 0.4
4 85408 1940 2013 1 1 1 0.4
4 64812 1941 1704 1 10 1 0.4
4 107719 1941 3133 1 1 0 0.4
4 114288 1943 3281 1 1 1 0.4
4 91094 1950 2615 1 1 1 0.4
4 127714 1950 3045 1 50 0 0.4
4 110265 1957 2734 1 10 1 0.4
4 138698 1963 3493 1 1 1 0.4
4 138366 1965 4141 1 1 1 0.4
4 93578 1968 2243 1 1 0 0.4
4 109268 1971 2558 1 1 1 0.4
4 169906 1975 4265 1 10 1 0.4
4 135942 1979 3323 1 1 1 0.4
4 72325 1979 1454 1 10 0 0.4
4 137797 1982 3887 1 10 0 0.4
4 99279 1983 2561 1 1 0 0.4
4 178728 1986 5333 1 1 0 0.4
4 168580 1986 4407 1 1 1 0.4
4 137526 1992 4002 1 1 0 0.4
4 118088 1994 3180 1 1 1 0.4
4 148693 1995 4040 1 1 0 0.4
4 101849 1996 3023 1 1 1 0.4
4 158247 1998 4107 1 1 0 0.4
4 132161 2003 3529 1 50 0 0.4
4 122914 2004 2992 1 10 0 0.4
4 152467 2004 3392 1 1 0 0.4
4 93849 2008 2801 1 1 0 0.4
4 151924 2014 3267 1 10 0 0.4
4 121082 2016 3568 1 10 0 0.4
4 164352 2016 4523 1 1 1 0.4
4 95787 2020 2009 1 1 1 0.4
4 140903 2020 3263 1 1 0 0.4
4 115103 2022 2616 1 1 1 0.4
4 73203 2022 1623 1 10 1 0.4
4 169892 2025 4871 1 10 0 0.4
4 122518 2026 3060 1 1 0 0.4
4 67327 2030 1384 1 1 0 0.4
4 142798 2033 3347 1 50 1 0.4
4 80274 2035 1737 1 10 0 0.4
4 136884 2037 2841 1 1 0 0.4
4 83113 2039 1693 1 10 1 0.4
4 159088 2040 3943 1 1 0 0.4
4 113513 2048 2354 1 10 0 0.4
4 116398 2052 2632 1 10 0 0.4
4 140311 2055 2827 1 1 1 0.4
4 110756 2061 2230 1 1 0 0.4
4 166728 2061 3472 1 1 1 0.4
4 158632 2067 4297 1 1 1 0.4
4 74360 2069 1513 1 1 0 0.4
4 166234 2071 3861 1 50 1 0.4
4 116436 2073 2830 1 1 1 0.4
4 89035 2074 1910 1 10 0 0.4
4 174768 2074 4759 1 1 0 0.4
4 147665 2079 3037 1 1 1 0.4
4 154059 2079 3767 1 10 1 0.4
4 108363 2083 2664 1 1 0 0.4
4 109812 2083 2856 1 10 0 0.4
4 103284 2087 2588 1 10 1 0.4
4 169523 2088 3617 1 1 0 0.4
4 118315 2089 2711 1 1 0 0.4
4 121701 2091 3307 1 1 0 0.4
4 173729 2091 4404 1 50 0 0.4
4 106413 2092 2418 1 1 1 0.4
4 117489 2093 2363 1 1 1 0.4
4 61520 2098 1778 1 1 0 0.4
4 142605 2099 3605 1 1 1 0.4
4 114647 2104 3405 1 1 0 0.4
4 137107 2111 2840 1 10 1 0.4
4 162023 2115 4808 1 10 1 0.4
4 175177 2118 4703 1 1 0 0.4
4 141581 2123 4108 1 10 0 0.4
4 159774 2125 4729 1 10 0 0.4
4 127348 2126 2957 1 1 1 0.4
4 92344 2126 2277 1 50 0 0.4
4 166569 2134 3646 1 10 1 0.4
4 169015 2134 3938 1 1 0 0.4
4 164433 2135 4738 1 1 0 0.4
4 111895 2146 2437 1 50 0 0.4
4 169731 2147 4422 1 1 0 0.4
4 179255 2148 4925 1 1 0 0.4
4 118950 2148 2480 1 1 0 0.4
4 112529 2156 2385 1 1 1 0.4
4 88928 2161 2565 1 1 1 0.4
4 83938 2162 2130 1 1 0 0.4
4 158292 2163 4599 1 1 0 0.4
4 148539 2165 4142 1 1 0 0.4
4 104504 2165 2200 1 1 1 0.4
4 178028 2171 4089 1 1 1 0.4
4 106709 2171 2135 1 10 1 0.4
4 83227 2173 2306 1 10 1 0.4
4 171851 2177 4745 1 10 1 0.4
4 99739 2178 2646 1 1 1 0.4
4 93656 2182 2115 1 10 0 0.4
4 149285 2182 3103 1 1 0 0.4
4 167493 2184 4846 1 1 0 0.4
4 95037 2186 2804 1 1 1 0.4
4 141627 2190 3796 1 1 1 0.4
4 163638 2193 4596 1 1 0 0.4
4 159645 2194 3357 1 1 1 0.4
4 61302 2199 1534 1 10 0 0.4
4 84554 2201 1890 1 10 1 0.4
4 94261 2201 2826 1 10 0 0.4
4 161323 2205 3304 1 10 1 0.4
4 96695 2210 2372 1 1 0 0.4
4 144121 2211 3824 1 1 1 0.4
4 119506 2215 3095 1 1 0 0.4
4 68473 2215 2012 1 50 0 0.4
4 121467 2216 3048 1 1 1 0.4
4 164893 2219 4416 1 10 0 0.4
4 69026 2220 1996 1 1 1 0.4
4 65757 2221 1862 1 1 1 0.4
4 64830 2221 1334 1 1 0 0.4
4 164629 2221 4705 1 1 0 0.4
4 105858 2221 2940 1 10 0 0.4
4 179890 2223 4158 1 1 0 0.4
4 116304 2224 2914 1 1 0 0.4
4 115440 2224 2443 1 10 1 0.4
4 139773 2227 3507 1 1 1 0.4
4 86587 2228 2371 1 10 1 0.4
4 152819 2229 3113 1 1 0 0.4
4 72011 2229 2020 1 1 1 0.4
4 153035 2229 4518 1 50 0 0.4
4 100158 2231 2273 1 10 0 0.4
4 171184 2248 3538 1 1 0 0.4
4 107267 2251 3217 1 1 0 0.4
4 86824 2251 2170 1 10 0 0.4
4 145102 2253 3284 1 1 0 0.4
4 97733 2254 2079 1 1 0 0.4
4 118252 2255 2635 1 1 1 0.4
4 176965 2259 4207 1 10 1 0.4
4 174617 2262 3868 1 10 1 0.4
4 108174 2263 2775 1 10 0 0.4
4 175046 2263 4843 1 1 0 0.4
4 89047 2268 2392 1 1 1 0.4
4 124134 2269 3686 1 1 0 0.4
4 145004 2271 3456 1 10 1 0.4
4 120869 2271 2980 1 10 1 0.4
4 69277 2272 1730 1 1 0 0.4
4 66757 2276 1481 1 1 1 0.4
4 105176 2276 2381 1 1 1 0.4
4 165453 2287 4848 1 1 1 0.4
4 110133 2288 3064 1 1 0 0.4
4 159748 2289 3646 1 1 1 0.4
4 145828 2289 3372 1 1 0 0.4
4 129903 2291 2736 1 1 1 0.4
4 98166 2295 2135 1 1 0 0.4
4 142842 2300 4110 1 1 1 0.4
4 67930 2304 1549 1 1 1 0.4
4 61192 2304 1670 1 10 1 0.4
4 67513 2311 1537 1 10 1 0.4
4 82718 2316 1762 1 1 0 0.4
4 128519 2317 3667 1 10 1 0.4
4 168234 2320 4100 1 10 0 0.4
4 163635 2321 4746 1 1 0 0.4
4 159529 2322 4579 1 1 1 0.4
4 87186 2323 2101 1 1 0 0.4
4 69160 2323 1502 1 1 0 0.4
4 118996 2325 2599 1 1 0 0.4
4 127487 2327 2657 1 1 1 0.4
4 90074 2331 2388 1 1 1 0.4
4 143882 2332 4068 1 1 0 0.4
4 106980 2339 2424 1 1 0 0.4
4 173620 2340 4552 1 50 0 0.4
4 63986 2341 1520 1 10 1 0.4
4 70591 2342 2042 1 1 0 0.4
4 126258 2351 3548 1 1 0 0.4
4 107965 2351 2992 1 1 1 0.4
4 107979 2358 2876 1 10 0 0.4
4 108838 2358 2764 1 10 1 0.4
4 159618 2358 4116 1 10 0 0.4
4 179897 2359 5021 1 10 0 0.4
4 142590 2360 2870 1 50 1 0.4
4 132768 2366 3598 1 1 1 0.4
4 101080 2370 2865 1 10 1 0.4
4 105188 2372 2180 1 1 1 0.4
4 160004 2374 3863 1 10 0 0.4
4 164515 2374 4749 1 1 1 0.4
4 90152 2378 1844 1 1 0 0.4
4 131503 2379 3272 1 50 1 0.4
4 116741 2381 2580 1 10 1 0.4
4 128498 2382 2615 1 1 0 0.4
4 131399 2384 3660 1 10 0 0.4
4 64851 2387 1516 1 50 0 0.4
4 168605 2389 4160 1 1 1 0.4
4 150230 2399 4441 1 10 1 0.4
4 97697 2400 2785 1 1 0 0.4
4 79415 2404 1726 1 1 0 0.4
4 67418 2405 1748 1 1 1 0.4
4 136127 2406 3852 1 1 0 0.4
4 91966 2408 2613 1 10 0 0.4
4 103269 2409 2418 1 10 0 0.4
4 103111 2409 3070 1 50 0 0.4
4 87660 2413 2538 1 1 0 0.4
4 89375 2414 2142 1 10 1 0.4
4 87109 2417 2047 1 1 0 0.4
4 110001 2420 2268 1 10 1 0.4
4 83762 2421 2013 1 1 1 0.4
4 118081 2424 2655 1 1 0 0.4
4 132503 2425 3113 1 1 0 0.4
4 101743 2428 2479 1 1 1 0.4
4 157506 2443 4171 1 50 0 0.4
4 98182 2450 2732 1 50 0 0.4
4 177927 2451 4222 1 10 1 0.4
4 141198 2452 3981 1 1 0 0.4
4 112797 2453 2722 1 1 1 0.4
4 135012 2453 2720 1 50 1 0.4
4 141607 2453 3185 1 1 1 0.4
4 158703 2456 4185 1 1 0 0.4
4 71278 2458 1926 1 1 0 0.4
4 125818 2460 3585 1 1 1 0.4
4 178867 2462 3820 1 1 0 0.4
4 116266 2468 2901 1 1 0 0.4
4 110778 2473 3243 1 1 0 0.4
4 141779 2474 3655 1 1 1 0.4
4 66696 2475 1411 1 1 1 0.4
4 119137 2475 2751 1 50 1 0.4
4 117388 2479 2845 1 50 1 0.4
4 175263 2480 4009 1 50 1 0.4
4 87218 2481 2489 1 10 1 0.4
4 131709 2482 3010 1 50 0 0.4
4 100540 2489 2047 1 1 1 0.4
4 176752 2491 4439 1 10 0 0.4
4 155396 2492 4600 1 1 1 0.4
4 133998 2499 3539 1 10 1 0.4
4 77028 2499 2095 1 50 0 0.4
4 129967 2501 3194 1 1 1 0.4
4 167889 2506 3473 1 50 0 0.4
4 108981 2508 2789 1 1 0 0.4
4 159638 2511 4635 1 1 0 0.4
4 80352 2513 1678 1 1 0 0.4
4 109901 2515 2573 1 50 1 0.4
4 169292 2517 3557 1 10 1 0.4
4 108828 2520 3086 1 1 1 0.4
4 87093 2524 1765 1 50 0 0.4
4 73596 2529 1913 1 1 1 0.4
4 68436 2536 1966 1 1 0 0.4
4 170276 2538 4406 1 1 0 0.4
4 165587 2539 3676 1 10 1 0.4
4 147950 2547 4397 1 50 0 0.4
4 116233 2552 3436 1 50 1 0.4
4 142812 2552 3771 1 50 0 0.4
4 81917 2553 2043 1 1 0 0.4
4 159862 2554 4635 1 10 0 0.4
4 153152 2556 3373 1 10 1 0.4
4 97958 2559 2391 1 1 0 0.4
4 164229 2560 4832 1 50 1 0.4
4 60296 2561 1590 1 10 1 0.4
4 60317 2567 1421 1 1 1 0.4
4 113691 2568 3337 1 1 1 0.4
4 170257 2570 4966 1 1 0 0.4
4 134530 2571 3256 1 1 0 0.4
4 179034 2575 5238 1 1 0 0.4
4 76417 2575 1546 1 1 0 0.4
4 134831 2576 3309 1 1 1 0.4
4 146808 2577 4227 1 1 0 0.4
4 67895 2580 1525 1 1 1 0.4
4 136786 2581 3426 1 10 1 0.4
4 146379 2582 3354 1 50 1 0.4
4 177207 2583 4276 1 10 0 0.4
4 108995 2584 3072 1 1 1 0.4
4 77015 2589 2077 1 1 0 0.4
4 132956 2590 3089 1 10 1 0.4
4 135705 2594 2942 1 1 0 0.4
4 175441 2599 4524 1 1 0 0.4
4 163207 2602 4571 1 1 0 0.4
4 142583 2603 3561 1 1 0 0.4
4 86959 2603 1887 1 1 0 0.4
4 152391 2608 4420 1 1 0 0.4
4 86916 2614 1983 1 1 1 0.4
4 75939 2615 1924 1 1 0 0.4
4 153401 2619 3402 1 1 1 0.4
4 151314 2620 3656 1 1 0 0.4
4 64831 2621 1652 1 10 0 0.4
4 115006 2622 3429 1 1 0 0.4
4 109644 2626 2941 1 1 1 0.4
4 93322 2627 2473 1 1 0 0.4
4 176595 2628 5273 1 1 0 0.4
4 118187 2629 3136 1 1 1 0.4
4 170371 2629 3748 1 50 0 0.4
4 78250 2630 1760 1 10 0 0.4
4 92831 2631 2547 1 1 0 0.4
4 166374 2631 3396 1 1 0 0.4
4 163574 2639 3556 1 10 0 0.4
4 151341 2643 3552 1 10 0 0.4
4 152425 2644 4149 1 1 1 0.4
4 143984 2644 3032 1 50 1 0.4
4 164659 2645 3859 1 1 1 0.4
4 150365 2646 3064 1 1 0 0.4
4 61505 2646 1458 1 50 0 0.4
4 64258 2647 1324 1 1 0 0.4
4 109281 2649 3026 1 10 1 0.4
4 77876 2651 1995 1 10 1 0.4
4 142819 2652 3728 1 1 0 0.4
4 172025 2660 4933 1 10 0 0.4
4 87429 2662 2100 1 10 1 0.4
4 103113 2666 2153 1 10 0 0.4
4 156413 2669 3245 1 50 1 0.4
4 103368 2669 2490 1 1 0 0.4
4 96677 2672 2564 1 1 0 0.4
4 171545 2675 3591 1 10 1 0.4
4 131511 2678 2857 1 1 1 0.4
4 128801 2685 3529 1 50 1 0.4
4 89574 2688 1845 1 1 1 0.4
4 94635 2694 2055 1 1 0 0.4
4 72140 2694 1546 1 1 0 0.4
4 147086 2695 3211 1 1 1 0.4
4 127416 2698 3464 1 1 1 0.4
4 130746 2698 3148 1 1 1 0.4
4 64730 2702 1778 1 1 1 0.4
4 121305 2703 3364 1 10 1 0.4
4 105321 2706 2157 1 1 1 0.4
4 137517 2707 4056 1 1 0 0.4
4 133821 2711 3149 1 1 1 0.4
4 174873 2716 4501 1 50 0 0.4
4 143502 2718 3390 1 50 1 0.4
4 148615 2724 3578 1 10 0 0.4
4 143642 2724 4217 1 1 0 0.4
4 101706 2725 2697 1 1 1 0.4
4 109902 2728 3166 1 1 0 0.4
4 95673 2730 2009 1 1 1 0.4
4 154321 2731 3188 1 10 1 0.4
4 102232 2734 2216 1 10 0 0.4
4 70920 2735 1781 1 10 0 0.4
4 69316 2738 1666 1 1 1 0.4
4 129476 2740 2934 1 1 0 0.4
4 127316 2741 3185 1 1 0 0.4
4 78850 2752 1804 1 1 0 0.4
4 123384 2753 2883 1 50 1 0.4
4 137599 2755 3629 1 1 0 0.4
4 115716 2762 2965 1 1 1 0.4
4 139640 2764 4147 1 10 0 0.4
4 167089 2766 3613 1 1 1 0.4
4 70584 2766 2096 1 1 0 0.4
4 78998 2771 2019 1 1 0 0.4
4 141610 2779 3927 1 1 1 0.4
4 178192 2781 5006 1 1 1 0.4
4 110743 2790 3089 1 1 0 0.4
4 62172 2791 1616 1 1 1 0.4
4 74180 2795 1604 1 1 0 0.4
4 82645 2797 2127 1 1 1 0.4
4 120623 2798 2581 1 10 1 0.4
4 114121 2804 2941 1 10 0 0.4
4 157852 2810 3453 1 50 1 0.4
4 118469 2815 3297 1 1 1 0.4
4 167470 2816 3966 1 10 0 0.4
4 91261 2817 2537 1 1 0 0.4
4 62899 2820 1800 1 1 0 0.4
4 139807 2821 3787 1 1 1 0.4
4 128431 2827 2732 1 10 1 0.4
4 101686 2833 2679 1 1 1 0.4
4 169360 2834 4413 1 10 1 0.4
4 66568 2839 1445 1 1 0 0.4
4 162872 2847 4182 1 1 0 0.4
4 164652 2850 3810 1 1 0 0.4
4 89901 2855 1954 1 1 1 0.4
4 84301 2856 2456 1 10 0 0.4
4 173799 2857 4243 1 1 0 0.4
4 171552 2858 5129 1 1 1 0.4
4 172341 2863 4512 1 1 1 0.4
4 61731 2864 1699 1 10 0 0.4
4 171088 2866 3851 1 1 1 0.4
4 118420 2866 2377 1 1 0 0.4
4 161376 2868 4479 1 1 1 0.4
4 63641 2871 1305 1 10 1 0.4
4 126181 2872 3289 1 1 0 0.4
4 101032 2874 2462 1 10 1 0.4
4 116787 2874 2788 1 1 1 0.4
4 172017 2875 4181 1 1 1 0.4
4 179969 2876 5077 1 1 1 0.4
4 151440 2880 3285 1 1 1 0.4
4 88763 2886 2473 1 1 1 0.4
4 119475 2886 2969 1 1 1 0.4
4 82900 2888 2384 1 1 0 0.4
4 122750 2889 3620 1 1 1 0.4
4 120347 2893 3414 1 1 1 0.4
4 90346 2893 2549 1 1 0 0.4
4 128217 2894 3199 1 10 0 0.4
4 97376 2894 2372 1 1 1 0.4
4 140442 2895 3239 1 1 1 0.4
4 80370 2896 2372 1 1 1 0.4
4 61083 2899 1593 1 10 0 0.4
4 85698 2900 2418 1 1 0 0.4
4 175587 2902 4627 1 1 1 0.4
4 121646 2903 3491 1 1 1 0.4
4 125135 2908 2753 1 1 1 0.4
4 144379 2909 4015 1 1 1 0.4
4 167428 2910 3459 1 10 0 0.4
4 176711 2914 4270 1 1 0 0.4
4 132787 2919 3834 1 1 0 0.4
4 155328 2920 4147 1 1 0 0.4
4 78590 2922 1854 1 50 1 0.4
4 71846 2923 1747 1 10 1 0.4
4 120692 2925 3379 1 1 1 0.4
4 164924 2929 4805 1 1 0 0.4
4 90011 2931 1943 1 1 1 0.4
4 94989 2932 2706 1 1 0 0.4
4 96690 2932 2524 1 1 1 0.4
4 87384 2934 2478 1 10 0 0.4
4 138857 2936 3223 1 1 0 0.4
4 150567 2936 3643 1 10 0 0.4
4 123461 2937 3136 1 10 0 0.4
4 152104 2937 4280 1 1 0 0.4
4 177594 2938 4012 1 1 1 0.4
4 96550 2941 2104 1 1 1 0.4
4 138023 2946 3978 1 10 0 0.4
4 134238 2948 3287 1 10 0 0.4
4 101548 2949 2752 1 10 1 0.4
4 104001 2952 3115 1 1 1 0.4
4 144811 2956 3426 1 1 0 0.4
4 100716 2963 2650 1 10 0 0.4
4 126680 2966 2812 1 10 0 0.4
4 90470 2967 2413 1 1 0 0.4
4 84657 2967 1891 1 1 1 0.4
4 112594 2973 3254 1 10 1 0.4
4 167597 2978 4495 1 1 0 0.4
4 70568 2984 1677 1 1 0 0.4
4 77118 2987 2307 1 1 1 0.4
4 177125 2987 3578 1 1 0 0.4
4 172959 2995 3703 1 10 0 0.4
4 176140 2995 4695 1 1 0 0.4
4 95486 3001 2246 1 1 1 0.4
4 158644 3005 3969 1 10 1 0.4
4 140352 3009 3021 1 1 1 0.4
4 98572 3013 2557 1 10 0 0.4
4 69393 3015 1535 1 10 1 0.4
4 169065 3019 4455 1 1 1 0.4
4 153771 3019 3529 1 10 1 0.4
4 78117 3022 1578 1 50 1 0.4
4 172109 3022 5054 1 1 0 0.4
4 83602 3023 1885 1 50 0 0.4
4 161740 3028 3795 1 1 0 0.4
4 112179 3029 2532 1 1 1 0.4
4 140267 3035 2851 1 10 0 0.4
4 131034 3035 3906 1 1 0 0.4
4 60257 3037 1797 1 10 0 0.4
4 78077 3041 1602 1 10 1 0.4
4 166773 3045 4827 1 1 1 0.4
4 166183 3053 4199 1 10 1 0.4
4 122409 3055 3216 1 10 0 0.4
4 76084 3058 2006 1 10 0 0.4
4 71243 3058 1940 1 1 1 0.4
4 86644 3062 1998 1 1 0 0.4
4 170563 3065 4059 1 10 1 0.4
4 138321 3067 3694 1 10 0 0.4
4 132086 3067 3827 1 10 0 0.4
4 124291 3071 2629 1 10 1 0.4
4 92848 3071 2068 1 1 1 0.4
4 128810 3072 3559 1 1 0 0.4
4 134472 3073 3448 1 1 1 0.4
4 93414 3074 2208 1 50 1 0.4
4 63689 3082 1559 1 1 1 0.4
4 117428 3085 2641 1 50 0 0.4
4 111852 3095 2401 1 10 1 0.4
4 155332 3096 3423 1 1 0 0.4
4 179871 3100 5360 1 1 0 0.4
4 97347 3102 2182 1 1 0 0.4
4 179558 3104 5174 1 10 1 0.4
4 149841 3105 3570 1 10 1 0.4
4 154759 3108 4035 1 1 1 0.4
4 179615 3124 5232 1 50 1 0.4
4 71573 3124 1787 1 10 0 0.4
4 133071 3128 3664 1 10 0 0.4
4 124775 3128 3368 1 1 0 0.4
4 92196 3130 1955 1 1 1 0.4
4 140993 3132 3779 1 1 1 0.4
4 92356 3135 2389 1 1 1 0.4
4 146095 3135 4110 1 1 1 0.4
4 118324 3137 3227 1 1 1 0.4
4 161642 3138 3660 1 1 1 0.4
4 83698 3141 2444 1 10 1 0.4
4 134842 3141 3584 1 1 1 0.4
4 164427 3146 4184 1 1 0 0.4
4 127949 3150 3424 1 1 0 0.4
4 67947 3151 1897 1 1 0 0.4
4 148542 3157 3020 1 1 1 0.4
4 85667 3157 2497 1 10 0 0.4
4 131461 3157 3313 1 10 0 0.4
4 120995 3157 3321 1 1 1 0.4
4 86407 3157 1936 1 10 1 0.4
4 147816 3163 3726 1 1 0 0.4
4 150416 3163 4032 1 10 1 0.4
4 113945 3164 2588 1 10 1 0.4
4 81005 3164 1823 1 10 1 0.4
4 61668 3169 1621 1 10 1 0.4
4 91106 3170 2328 1 1 1 0.4
4 172447 3173 3993 1 10 0 0.4
4 170464 3176 4086 1 1 1 0.4
4 167792 3178 3680 1 1 1 0.4
4 78191 3182 1630 1 1 1 0.4
4 148917 3187 3645 1 10 0 0.4
4 174309 3189 5104 1 1 0 0.4
4 71779 3198 1949 1 1 0 0.4
4 77521 3198 2249 1 1 0 0.4
4 69512 3199 2029 1 50 1 0.4
4 80222 3206 2184 1 1 0 0.4
4 82657 3209 2206 1 10 0 0.4
4 112158 3209 2391 1 1 0 0.4
4 176343 3215 4724 1 1 0 0.4
4 78218 3221 1671 1 1 1 0.4
4 176047 3225 4537 1 1 1 0.4
4 79544 3228 1687 1 10 0 0.4
4 101265 3230 2997 1 1 0 0.4
4 86756 3231 1823 1 1 1 0.4
4 162726 3237 3385 1 50 1 0.4
4 80536 3243 1746 1 1 0 0.4
4 82961 3244 1849 1 1 0 0.4
4 158662 3245 4646 1 1 1 0.4
4 78272 3248 1872 1 1 1 0.4
4 111257 3249 2802 1 1 1 0.4
4 62528 3249 1586 1 10 1 0.4
4 112599 3249 3207 1 1 0 0.4
4 128909 3251 2749 1 1 1 0.4
4 74748 3253 2008 1 10 1 0.4
4 152330 3255 4124 1 1 1 0.4
4 69877 3255 1532 1 50 0 0.4
4 93637 3256 1987 1 1 1 0.4
4 109227 3258 2929 1 1 1 0.4
4 84027 3260 1946 1 50 0 0.4
4 77686 3263 2262 1 1 1 0.4
4 61151 3266 1671 1 1 1 0.4
4 79368 3266 2043 1 1 1 0.4
4 135821 3268 3558 1 10 1 0.4
4 81836 3272 2336 1 10 1 0.4
4 136559 3272 3985 1 1 0 0.4
4 128843 3274 2847 1 1 1 0.4
4 159405 3274 3455 1 1 1 0.4
4 104900 3277 2562 1 1 0 0.4
4 145818 3281 3336 1 10 0 0.4
4 65104 3283 1557 1 1 1 0.4
4 67373 3285 1912 1 1 1 0.4
4 137982 3288 2924 1 10 0 0.4
4 128720 3289 3279 1 1 0 0.4
4 146323 3290 2943 1 1 1 0.4
4 85660 3291 2051 1 50 1 0.4
4 70766 3291 1666 1 10 1 0.4
4 89229 3294 2417 1 1 1 0.4
4 122359 3296 3184 1 10 0 0.4
4 103201 3304 2621 1 1 1 0.4
4 128735 3304 2800 1 1 1 0.4
4 118165 3306 3189 1 1 0 0.4
4 175060 3307 3842 1 10 0 0.4
4 111685 3312 3056 1 50 1 0.4
4 66679 3313 1541 1 50 0 0.4
4 69914 3313 1577 1 10 0 0.4
4 161643 3314 4722 1 1 1 0.4
4 66411 3315 1587 1 1 1 0.4
4 145022 3316 4073 1 10 1 0.4
4 170381 3317 4477 1 1 1 0.4
4 149982 3319 3082 1 50 0 0.4
4 139747 3330 3476 1 10 1 0.4
4 61574 3338 1354 1 1 0 0.4
4 155735 3349 3978 1 10 0 0.4
4 175190 3350 4843 1 1 1 0.4
4 160406 3351 3823 1 10 1 0.4
4 176198 3353 5021 1 10 1 0.4
4 149899 3355 4400 1 1 0 0.4
4 88146 3362 1922 1 10 1 0.4
4 86140 3362 2147 1 1 1 0.4
4 137656 3363 2928 1 10 1 0.4
4 111146 3365 3111 1 1 0 0.4
4 124657 3365 2902 1 1 0 0.4
4 142059 3367 3357 1 1 1 0.4
4 150891 3369 4240 1 1 0 0.4
4 170551 3372 4978 1 1 0 0.4
4 135826 3373 2993 1 10 1 0.4
4 128325 3376 3585 1 1 0 0.4
4 173220 3377 5004 1 10 1 0.4
4 147028 3377 3486 1 10 0 0.4
4 118143 3378 3088 1 1 0 0.4
4 118200 3380 3285 1 1 0 0.4
4 160307 3381 4320 1 1 0 0.4
4 86645 3384 2462 1 1 1 0.4
4 74105 3384 1660 1 1 0 0.4
4 168325 3384 4544 1 10 0 0.4
4 130552 3385 3325 1 1 0 0.4
4 133268 3387 3436 1 10 0 0.4
4 119323 3392 3466 1 10 1 0.4
4 134625 3395 4035 1 1 1 0.4
4 70069 3398 1738 1 1 0 0.4
4 71401 3398 1595 1 10 0 0.4
4 83352 3401 2335 1 1 0 0.4
4 161509 3410 3612 1 1 0 0.4
4 111662 3412 3021 1 1 0 0.4
4 142790 3415 3965 1 1 0 0.4
4 96007 3415 2620 1 1 1 0.4
4 142029 3415 3049 1 1 1 0.4
4 133212 3418 3148 1 1 0 0.4
4 145590 3419 3715 1 50 0 0.4
4 152887 3421 4558 1 1 0 0.4
4 169458 3425 5000 1 10 0 0.4
4 152314 3428 3622 1 1 0 0.4
4 95691 3430 2504 1 50 1 0.4
4 137461 3431 3381 1 10 1 0.4
4 118897 3434 2806 1 1 1 0.4
4 139122 3436 3488 1 10 1 0.4
4 158315 3440 4295 1 1 0 0.4
4 133908 3446 4004 1 1 0 0.4
4 78133 3446 1916 1 1 0 0.4
4 169633 3448 3762 1 1 0 0.4
4 155618 3454 3387 1 1 1 0.4
4 142504 3461 4129 1 10 0 0.4
4 79850 3464 1769 1 1 1 0.4
4 132113 3470 2800 1 1 1 0.4
4 62167 3471 1488 1 10 1 0.4
4 68116 3476 1416 1 1 0 0.4
4 61237 3477 1544 1 10 0 0.4
4 61492 3479 1699 1 1 1 0.4
4 151022 3481 4502 1 10 1 0.4
4 144207 3484 3307 1 1 0 0.4
4 119265 3485 2997 1 50 0 0.4
4 128735 3487 3701 1 10 0 0.4
4 134856 3490 3715 1 50 0 0.4
4 140874 3492 4169 1 10 1 0.4
4 94399 3493 2391 1 1 0 0.4
4 150664 3496 3164 1 1 1 0.4
4 176539 3496 3952 1 10 0 0.4
4 142495 3497 3438 1 10 0 0.4
4 137923 3498 3012 1 10 1 0.4
4 64622 3499 1681 1 1 1 0.4
4 98832 3499 2212 1 1 0 0.4
4 111982 3500 2621 1 1 0 0.4
4 163376 3501 3647 1 10 1 0.4
4 73038 3505 1572 1 10 1 0.4
4 161360 3507 4317 1 1 1 0.4
4 161982 3510 4159 1 1 0 0.4
4 103197 3511 2540 1 10 1 0.4
4 124533 3511 2818 1 1 1 0.4
4 113410 3513 3197 1 1 0 0.4
4 172204 3519 5009 1 1 0 0.4
4 163316 3521 4757 1 1 0 0.4
4 96861 3522 2097 1 1 1 0.4
4 141995 3523 3159 1 50 1 0.4
4 119274 3525 3006 1 10 1 0.4
4 161309 3528 4408 1 1 1 0.4
4 115904 3536 2468 1 1 0 0.4
4 77354 3538 1981 1 10 0 0.4
4 88835 3539 1842 1 10 0 0.4
4 98871 3541 2916 1 1 1 0.4
4 138560 3545 3484 1 1 1 0.4
4 114908 3546 2377 1 1 1 0.4
4 81690 3549 1744 1 1 0 0.4
4 156307 3549 4380 1 1 1 0.4
4 121845 3551 3315 1 10 0 0.4
4 68483 3554 1439 1 1 1 0.4
4 117792 3554 2584 1 1 1 0.4
4 99879 3555 2423 1 1 1 0.4
4 135420 3555 3043 1 1 0 0.4
4 165629 3561 4663 1 1 0 0.4
4 75596 3562 1549 1 50 0 0.4
4 115437 3563 3190 1 50 1 0.4
4 96987 3572 2198 1 1 0 0.4
4 81564 3573 1817 1 1 1 0.4
4 164231 3577 4673 1 10 1 0.4
4 151578 3583 3650 1 1 0 0.4
4 76355 3584 2289 1 50 1 0.4
4 155460 3591 3109 1 1 1 0.4
4 164689 3598 4314 1 50 0 0.4
