1500
2 161290 1 3884 1 1 1 1.0
2 139489 2 3911 1 1 1 1.0
2 127382 9 2957 1 50 0 1.0
2 107530 10 2747 1 10 0 1.0
2 171912 16 4209 1 10 1 1.0
2 163206 17 3760 1 1 0 1.0
2 166601 18 4232 1 1 1 1.0
2 146612 21 3288 1 1 1 1.0
2 76436 26 1613 1 10 0 1.0
2 136835 27 3750 1 1 1 1.0
2 157285 34 3583 1 1 1 1.0
2 119657 35 3241 1 1 0 1.0
2 138628 39 4139 1 1 1 1.0
2 115704 41 2450 1 10 0 1.0
2 67616 43 1399 1 1 0 1.0
2 150343 48 4425 1 1 0 1.0
2 141077 48 3750 1 1 1 1.0
2 115503 49 2611 1 1 1 1.0
2 157656 50 4261 1 10 0 1.0
2 91768 52 2514 1 50 0 1.0
2 109235 54 2229 1 1 1 1.0
2 152430 54 3882 1 50 1 1.0
2 61794 57 1382 1 1 0 1.0
2 85770 59 1830 1 1 0 1.0
2 134162 59 3296 1 10 1 1.0
2 155401 60 4185 1 10 0 1.0
2 77155 64 1823 1 1 1 1.0
2 119378 71 3032 1 50 1 1.0
2 107605 76 2247 1 10 1 1.0
2 89368 76 2521 1 10 1 1.0
2 159400 77 4012 1 1 1 1.0
2 161347 80 3693 1 10 1 1.0
2 155085 87 3757 1 10 1 1.0
2 118803 87 3139 1 1 0 1.0
2 97386 91 2251 1 1 0 1.0
2 94937 94 2342 1 10 1 1.0
2 135797 95 3077 1 1 1 1.0
2 130657 98 3835 1 50 1 1.0
2 118004 100 2714 1 1 1 1.0
2 112928 102 2990 1 1 1 1.0
2 90484 105 2620 1 10 1 1.0
2 119054 106 2990 1 1 1 1.0
2 157867 106 3313 1 50 0 1.0
2 74881 107 1727 1 50 1 1.0
2 140061 108 3145 1 10 0 1.0
2 169988 110 3769 1 1 0 1.0
2 125940 118 3522 1 10 0 1.0
2 126697 121 3457 1 1 0 1.0
2 70372 122 1730 1 1 0 1.0
2 105636 125 2307 1 1 0 1.0
2 134987 125 3336 1 1 0 1.0
2 125072 126 2924 1 10 1 1.0
2 153245 126 3202 1 10 0 1.0
2 120878 126 3550 1 1 1 1.0
2 148752 127 3152 1 1 1 1.0
2 151395 131 4076 1 1 0 1.0
2 80129 132 2150 1 1 1 1.0
2 151523 138 3859 1 1 0 1.0
2 173665 138 5058 1 10 1 1.0
2 150144 140 4456 1 1 1 1.0
2 95076 140 2257 1 1 0 1.0
2 144750 140 3225 1 1 1 1.0
2 90743 141 2582 1 10 1 1.0
2 175630 149 4143 1 50 0 1.0
2 106692 150 2284 1 1 1 1.0
2 150464 153 3723 1 1 0 1.0
2 174970 156 3507 1 50 0 1.0
2 172868 157 4242 1 1 1 1.0
2 127481 158 3055 1 1 0 1.0
2 169773 163 3648 1 10 1 1.0
2 86363 166 2191 1 1 0 1.0
2 81544 175 1704 1 1 0 1.0
2 167610 176 3910 1 1 1 1.0
2 70328 178 1887 1 1 0 1.0
2 93411 180 2649 1 1 0 1.0
2 111656 187 3343 1 1 1 1.0
2 114134 188 2702 1 1 0 1.0
2 83518 190 2175 1 50 1 1.0
2 138979 190 3921 1 10 1 1.0
2 76466 191 2018 1 1 0 1.0
2 156107 191 3428 1 1 1 1.0
2 118573 191 3357 1 1 1 1.0
2 91912 192 2227 1 1 0 1.0
2 131677 204 3312 1 10 1 1.0
2 160140 208 3684 1 10 0 1.0
2 104532 216 2563 1 1 0 1.0
2 178207 216 3999 1 1 1 1.0
2 128552 217 3199 1 10 1 1.0
2 149809 219 3423 1 1 1 1.0
2 160791 219 4701 1 50 0 1.0
2 152373 221 3231 1 10 0 1.0
2 96208 223 2860 1 1 1 1.0
2 102373 225 2757 1 1 1 1.0
2 175287 226 4835 1 1 0 1.0
2 71035 226 2121 1 1 1 1.0
2 75646 229 2106 1 1 0 1.0
2 83176 236 1970 1 1 0 1.0
2 61073 238 1438 1 1 1 1.0
2 176364 242 5155 1 1 1 1.0
2 86069 243 2556 1 10 1 1.0
2 96864 244 2398 1 50 0 1.0
2 168642 245 4687 1 1 1 1.0
2 136770 252 3943 1 10 0 1.0
2 66145 254 1787 1 1 1 1.0
2 179516 254 4144 1 1 1 1.0
2 167001 255 4461 1 1 1 1.0
2 169705 256 4812 1 10 0 1.0
2 148765 260 3571 1 10 1 1.0
2 156288 264 3414 1 1 0 1.0
2 148717 266 4009 1 10 1 1.0
2 117912 270 3435 1 1 1 1.0
2 157866 274 3330 1 1 0 1.0
2 119023 277 3232 1 10 1 1.0
2 167198 283 4315 1 50 1 1.0
2 168748 283 4792 1 1 1 1.0
2 83225 285 1925 1 10 0 1.0
2 61857 288 1503 1 1 0 1.0
2 174899 298 4142 1 1 1 1.0
2 175280 306 4676 1 1 1 1.0
2 154113 307 3399 1 10 1 1.0
2 149724 307 3413 1 1 1 1.0
2 167099 310 3440 1 1 1 1.0
2 132508 312 3342 1 1 0 1.0
2 62620 317 1771 1 10 1 1.0
2 97919 317 2924 1 1 0 1.0
2 138319 324 3634 1 50 1 1.0
2 102972 325 2999 1 1 0 1.0
2 163679 327 3275 1 10 0 1.0
2 159084 329 3697 1 1 0 1.0
2 174620 331 3605 1 1 0 1.0
2 153877 333 3606 1 50 1 1.0
2 148580 334 3036 1 1 0 1.0
2 123956 347 2718 1 10 0 1.0
2 100992 347 2602 1 1 0 1.0
2 145616 348 3361 1 1 1 1.0
2 66336 349 1881 1 1 0 1.0
2 74105 355 2129 1 1 1 1.0
2 121878 361 3451 1 10 1 1.0
2 91241 362 2069 1 1 1 1.0
2 169807 368 4368 1 50 0 1.0
2 141669 371 4241 1 1 1 1.0
2 63775 373 1448 1 10 0 1.0
2 91358 373 2243 1 1 0 1.0
2 79971 373 2208 1 50 0 1.0
2 151330 375 4088 1 1 0 1.0
2 94918 384 2065 1 1 1 1.0
2 87990 385 2335 1 1 0 1.0
2 98320 386 2922 1 1 1 1.0
2 126284 398 3280 1 1 1 1.0
2 148647 399 4248 1 1 0 1.0
2 143854 400 4074 1 1 1 1.0
2 155351 405 4205 1 1 1 1.0
2 139051 408 3960 1 1 1 1.0
2 70242 408 1890 1 1 1 1.0
2 136096 409 2771 1 1 0 1.0
2 147209 411 3075 1 50 0 1.0
2 101815 412 2291 1 1 0 1.0
2 145856 413 3508 1 1 1 1.0
2 120229 417 3499 1 10 0 1.0
2 65803 418 1797 1 10 0 1.0
2 171361 420 4447 1 1 1 1.0
2 88029 420 2571 1 1 0 1.0
2 175538 421 3989 1 10 1 1.0
2 122174 421 3139 1 10 1 1.0
2 153254 422 3656 1 50 1 1.0
2 92498 425 1934 1 1 1 1.0
2 84768 425 1824 1 1 0 1.0
2 177335 426 4601 1 10 1 1.0
2 158295 433 4340 1 1 1 1.0
2 151857 436 3589 1 1 1 1.0
2 71689 438 1721 1 1 0 1.0
2 71629 440 1761 1 1 1 1.0
2 133447 442 2691 1 1 0 1.0
2 110952 452 2935 1 1 1 1.0
2 75161 453 2135 1 1 0 1.0
2 116785 457 3155 1 1 0 1.0
2 88432 459 1964 1 1 0 1.0
2 169317 462 3473 1 10 0 1.0
2 110609 462 2538 1 10 0 1.0
2 70210 466 1849 1 10 1 1.0
2 132211 467 3650 1 10 0 1.0
2 141971 474 2959 1 1 0 1.0
2 95450 488 2019 1 10 1 1.0
2 140618 489 2964 1 1 1 1.0
2 99344 495 2868 1 1 1 1.0
2 79914 495 1769 1 10 1 1.0
2 136246 495 4021 1 10 0 1.0
2 138576 496 3575 1 1 1 1.0
2 83852 498 1817 1 1 0 1.0
2 97213 499 2057 1 1 0 1.0
2 153902 503 4309 1 10 1 1.0
2 93358 504 2003 1 1 1 1.0
2 144368 505 3886 1 10 0 1.0
2 179968 508 4377 1 1 0 1.0
2 143567 512 3341 1 1 1 1.0
2 173863 515 3798 1 10 0 1.0
2 82046 516 1737 1 1 1 1.0
2 80920 521 2164 1 1 1 1.0
2 96068 522 2574 1 10 0 1.0
2 165828 523 3596 1 1 0 1.0
2 176794 525 4759 1 1 0 1.0
2 158230 525 4136 1 10 0 1.0
2 87167 527 2135 1 1 1 1.0
2 139076 530 2904 1 1 1 1.0
2 99629 531 2757 1 1 0 1.0
2 141742 532 3958 1 1 0 1.0
2 89699 533 2023 1 1 0 1.0
2 112006 538 2289 1 10 1 1.0
2 126118 541 2920 1 50 0 1.0
2 91073 543 2281 1 1 0 1.0
2 174975 544 3806 1 10 0 1.0
2 127119 545 3560 1 1 0 1.0
2 83500 549 2102 1 10 1 1.0
2 131537 553 3818 1 1 1 1.0
2 117736 557 2371 1 10 0 1.0
2 175491 560 4321 1 10 1 1.0
2 72140 561 1564 1 10 1 1.0
2 98326 564 2143 1 1 1 1.0
2 128391 565 2679 1 1 0 1.0
2 135893 566 3029 1 1 0 1.0
2 113480 569 2592 1 1 1 1.0
2 83102 569 1912 1 1 0 1.0
2 65361 579 1750 1 10 1 1.0
2 76143 581 1816 1 10 0 1.0
2 80117 590 2092 1 1 0 1.0
2 62967 592 1282 1 1 0 1.0
2 78324 593 2045 1 1 1 1.0
2 98281 597 2161 1 50 0 1.0
2 76968 603 2217 1 50 1 1.0
2 102889 604 2600 1 1 0 1.0
2 93787 605 2461 1 10 0 1.0
2 156201 605 4139 1 1 1 1.0
2 123724 608 2718 1 1 0 1.0
2 153213 608 3809 1 50 0 1.0
2 138498 610 2930 1 1 0 1.0
2 84298 610 1799 1 1 0 1.0
2 137818 612 4060 1 50 0 1.0
2 78310 614 1973 1 1 0 1.0
2 172791 616 4281 1 1 0 1.0
2 113263 618 3348 1 10 1 1.0
2 123236 622 3672 1 50 1 1.0
2 71802 622 1854 1 1 0 1.0
2 129419 625 3485 1 1 0 1.0
2 105348 626 3144 1 1 0 1.0
2 88878 628 2644 1 1 0 1.0
2 117293 630 3227 1 1 0 1.0
2 131752 632 3222 1 1 0 1.0
2 111020 634 2505 1 1 1 1.0
2 147255 635 3152 1 10 0 1.0
2 123748 635 2758 1 10 0 1.0
2 81730 636 2133 1 10 0 1.0
2 172804 638 4731 1 10 1 1.0
2 79799 641 2389 1 1 1 1.0
2 79071 642 1984 1 1 0 1.0
2 110788 645 2577 1 10 0 1.0
2 89515 647 2396 1 10 0 1.0
2 132436 650 3874 1 1 1 1.0
2 163083 654 3726 1 1 1 1.0
2 73874 655 1730 1 1 1 1.0
2 67272 656 1926 1 1 0 1.0
2 170455 658 3439 1 1 0 1.0
2 162697 660 4557 1 1 1 1.0
2 122537 663 3226 1 10 1 1.0
2 157836 664 4356 1 1 0 1.0
2 109408 667 3171 1 50 1 1.0
2 151476 669 4511 1 1 0 1.0
2 89837 670 1848 1 10 1 1.0
2 114065 670 2287 1 10 1 1.0
2 112125 675 3158 1 1 0 1.0
2 114059 678 2578 1 1 0 1.0
2 137075 679 2994 1 1 1 1.0
2 152211 680 3328 1 1 0 1.0
2 174822 681 3913 1 1 1 1.0
2 110644 682 2699 1 1 0 1.0
2 86832 683 2388 1 1 0 1.0
2 179082 686 4599 1 10 0 1.0
2 170569 689 3801 1 1 1 1.0
2 139616 691 3655 1 1 1 1.0
2 136603 694 3720 1 1 0 1.0
2 120984 694 3326 1 10 0 1.0
2 148573 697 3972 1 10 0 1.0
2 108853 699 2213 1 50 0 1.0
2 118718 705 2379 1 1 0 1.0
2 158935 705 4282 1 10 0 1.0
2 105770 706 2432 1 10 1 1.0
2 149099 707 3041 1 10 0 1.0
2 74474 712 1828 1 1 1 1.0
2 157960 716 4155 1 10 0 1.0
2 88451 717 1991 1 10 0 1.0
2 161181 721 4279 1 1 0 1.0
2 159409 721 4501 1 10 0 1.0
2 61162 723 1321 1 1 1 1.0
2 158751 724 4553 1 1 1 1.0
2 122883 725 2581 1 1 0 1.0
2 65230 725 1448 1 1 1 1.0
2 75115 730 2091 1 10 0 1.0
2 111092 732 2789 1 1 1 1.0
2 128697 732 3176 1 1 0 1.0
2 125916 733 3140 1 10 1 1.0
2 165891 734 3628 1 1 1 1.0
2 142336 739 4048 1 1 1 1.0
2 153017 739 3979 1 1 1 1.0
2 145155 744 3206 1 1 1 1.0
2 90246 748 2419 1 1 1 1.0
2 104735 748 2182 1 10 1 1.0
2 127895 749 3201 1 10 1 1.0
2 98622 750 2458 1 1 1 1.0
2 116366 751 2477 1 50 0 1.0
2 74783 757 1829 1 1 1 1.0
2 149276 761 3756 1 1 1 1.0
2 92014 765 2613 1 1 0 1.0
2 156105 766 4067 1 1 1 1.0
2 97573 768 2744 1 1 0 1.0
2 149235 771 3778 1 1 1 1.0
2 106972 773 2685 1 10 0 1.0
2 135736 774 3341 1 1 0 1.0
2 69557 777 1494 1 1 1 1.0
2 128984 779 3039 1 50 1 1.0
2 167225 780 3364 1 1 0 1.0
2 155148 784 4620 1 1 1 1.0
2 109548 785 2231 1 1 0 1.0
2 122320 786 2835 1 10 0 1.0
2 150195 787 3484 1 1 0 1.0
2 159844 799 4347 1 1 0 1.0
2 72000 805 1828 1 50 0 1.0
2 63374 814 1771 1 10 1 1.0
2 146636 819 3969 1 1 0 1.0
2 60788 819 1226 1 1 1 1.0
2 168756 821 3544 1 1 0 1.0
2 89513 825 2014 1 1 1 1.0
2 122009 827 2617 1 1 0 1.0
2 164238 835 4609 1 10 0 1.0
2 162284 838 4148 1 50 1 1.0
2 150173 839 3728 1 1 1 1.0
2 106423 845 2571 1 1 1 1.0
2 104539 848 3085 1 1 1 1.0
2 99354 850 2515 1 1 1 1.0
2 96453 850 2064 1 1 0 1.0
2 156725 851 3829 1 50 1 1.0
2 139038 855 3911 1 1 0 1.0
2 165124 860 4692 1 1 1 1.0
2 98997 866 2512 1 50 0 1.0
2 171084 867 4150 1 1 1 1.0
2 79040 876 2254 1 50 1 1.0
2 166519 877 4355 1 10 0 1.0
2 153534 878 3893 1 1 1 1.0
2 117687 884 3460 1 1 0 1.0
2 138005 884 3676 1 10 1 1.0
2 126104 889 3737 1 10 1 1.0
2 129402 890 3455 1 50 1 1.0
2 98919 891 2917 1 1 1 1.0
2 92333 892 2186 1 10 1 1.0
2 121101 892 2996 1 1 1 1.0
2 175208 892 3835 1 1 0 1.0
2 89057 897 2085 1 1 1 1.0
2 162603 898 3403 1 1 1 1.0
2 74666 899 1532 1 10 1 1.0
2 138554 900 3031 1 10 1 1.0
2 124055 900 2579 1 10 0 1.0
2 99897 901 2903 1 1 0 1.0
2 88577 902 2002 1 10 0 1.0
2 115734 903 2875 1 1 0 1.0
2 116075 903 2452 1 1 1 1.0
2 141515 909 4239 1 1 0 1.0
2 78888 909 2197 1 10 1 1.0
2 98982 910 2274 1 50 0 1.0
2 176894 915 4145 1 50 0 1.0
2 92815 916 1878 1 50 0 1.0
2 110030 918 2240 1 50 0 1.0
2 166387 921 4104 1 10 1 1.0
2 61221 924 1695 1 1 1 1.0
2 77539 924 2117 1 1 1 1.0
2 165046 925 4730 1 1 1 1.0
2 80508 926 2032 1 10 1 1.0
2 93244 927 2760 1 1 1 1.0
2 94162 928 2001 1 1 0 1.0
2 139729 931 3938 1 1 1 1.0
2 97023 931 2503 1 1 0 1.0
2 104476 932 2246 1 1 1 1.0
2 147424 932 4242 1 1 0 1.0
2 131455 934 2874 1 10 0 1.0
2 131370 936 2964 1 1 1 1.0
2 157049 939 4418 1 50 0 1.0
2 87518 941 1922 1 10 1 1.0
2 110878 946 2460 1 1 0 1.0
2 87946 948 2552 1 1 1 1.0
2 103176 949 2453 1 1 0 1.0
2 127827 949 3067 1 1 1 1.0
2 74529 951 2220 1 10 0 1.0
2 61556 951 1234 1 1 0 1.0
2 128089 956 2977 1 10 0 1.0
2 86574 957 1774 1 10 0 1.0
2 110608 959 2979 1 50 1 1.0
2 161443 966 3423 1 1 0 1.0
2 78709 970 2080 1 1 1 1.0
2 101244 976 3025 1 50 0 1.0
2 139502 979 3239 1 1 1 1.0
2 136599 982 3994 1 1 1 1.0
2 88198 982 2005 1 1 0 1.0
2 127315 983 3405 1 1 0 1.0
2 112815 986 3109 1 1 0 1.0
2 66651 989 1894 1 10 1 1.0
2 106222 991 3117 1 1 0 1.0
2 118844 993 3507 1 1 1 1.0
2 114115 994 2439 1 10 0 1.0
2 78145 997 1884 1 10 1 1.0
2 169364 999 4716 1 1 0 1.0
2 102838 1000 2224 1 10 1 1.0
2 71762 1001 1911 1 1 1 1.0
2 153547 1003 3115 1 50 1 1.0
2 111597 1004 2495 1 1 1 1.0
2 134940 1006 3956 1 50 0 1.0
2 136561 1007 4020 1 10 1 1.0
2 148436 1016 2993 1 1 0 1.0
2 137205 1018 2984 1 10 0 1.0
2 118965 1021 3159 1 1 0 1.0
2 163136 1021 4627 1 1 0 1.0
2 150610 1023 4018 1 10 1 1.0
2 125568 1023 3371 1 1 1 1.0
2 107093 1028 2684 1 50 1 1.0
2 81031 1030 2032 1 1 1 1.0
2 149502 1037 3575 1 1 0 1.0
2 122286 1044 3614 1 1 1 1.0
2 110558 1044 3250 1 1 1 1.0
2 158724 1050 4482 1 1 1 1.0
2 92697 1051 2775 1 10 1 1.0
2 82226 1056 1716 1 10 0 1.0
2 92919 1061 2777 1 10 0 1.0
2 97453 1062 2344 1 1 1 1.0
2 144760 1063 2946 1 1 1 1.0
2 166771 1068 3372 1 1 1 1.0
2 90973 1072 2032 1 1 1 1.0
2 68427 1074 1703 1 10 0 1.0
2 144778 1076 4011 1 10 1 1.0
2 134098 1078 2796 1 1 0 1.0
2 94193 1078 2159 1 10 1 1.0
2 108784 1079 2186 1 10 0 1.0
2 128017 1083 3640 1 10 0 1.0
2 179225 1083 3954 1 1 1 1.0
2 117128 1089 3007 1 10 1 1.0
2 76311 1090 1889 1 1 0 1.0
2 122262 1090 3217 1 1 1 1.0
2 144467 1092 3911 1 1 0 1.0
2 63084 1098 1865 1 1 1 1.0
2 85063 1099 1908 1 10 1 1.0
2 145251 1103 3203 1 10 1 1.0
2 121235 1109 3051 1 10 0 1.0
2 68616 1109 1673 1 1 1 1.0
2 133271 1111 3896 1 1 0 1.0
2 175739 1115 5103 1 1 1 1.0
2 143515 1115 3728 1 1 1 1.0
2 92173 1118 1875 1 10 0 1.0
2 90049 1119 2466 1 10 1 1.0
2 82475 1121 2394 1 10 1 1.0
2 116975 1121 2830 1 1 1 1.0
2 179226 1122 4645 1 50 0 1.0
2 83871 1123 2346 1 1 0 1.0
2 154906 1124 4196 1 1 1 1.0
2 110691 1126 2299 1 10 1 1.0
2 114882 1128 3003 1 10 1 1.0
2 103248 1132 2576 1 50 0 1.0
2 105216 1133 2715 1 1 1 1.0
2 168246 1137 4367 1 1 0 1.0
2 139928 1138 3862 1 10 1 1.0
2 117574 1145 2810 1 1 0 1.0
2 172444 1151 3775 1 1 0 1.0
2 71984 1151 1523 1 10 0 1.0
2 64677 1161 1375 1 50 0 1.0
2 129024 1162 3568 1 1 1 1.0
2 94851 1166 2733 1 1 1 1.0
2 172819 1171 4142 1 10 0 1.0
2 162304 1173 3311 1 10 1 1.0
2 166584 1175 3793 1 10 0 1.0
2 64279 1178 1517 1 1 0 1.0
2 108016 1180 2674 1 1 1 1.0
2 150928 1183 4490 1 10 0 1.0
2 144695 1188 4146 1 10 0 1.0
2 160502 1188 4744 1 1 1 1.0
2 86697 1189 2520 1 10 1 1.0
2 62111 1193 1448 1 1 0 1.0
2 106256 1196 2757 1 1 1 1.0
2 138127 1198 3310 1 1 0 1.0
2 127955 1199 2851 1 10 1 1.0
2 85194 1200 2033 1 1 0 1.0
2 141410 1200 3625 1 1 0 1.0
2 132680 1201 3326 1 10 0 1.0
2 123238 1203 3013 1 1 1 1.0
2 70635 1205 1643 1 1 1 1.0
2 83150 1211 1728 1 50 1 1.0
2 68894 1212 1451 1 1 1 1.0
2 118405 1213 2623 1 10 1 1.0
2 82451 1215 2099 1 10 0 1.0
2 103972 1215 2178 1 50 0 1.0
2 133401 1219 3360 1 1 1 1.0
2 125302 1221 3169 1 1 1 1.0
2 169711 1223 4420 1 50 0 1.0
2 169139 1225 4782 1 10 0 1.0
2 65352 1226 1727 1 1 0 1.0
2 81260 1235 1708 1 50 1 1.0
2 173559 1239 5178 1 10 0 1.0
2 131923 1245 2777 1 10 1 1.0
2 110683 1247 3219 1 1 0 1.0
2 123603 1252 3240 1 1 1 1.0
2 63940 1257 1579 1 10 1 1.0
2 141229 1258 3060 1 1 0 1.0
2 79135 1261 1995 1 1 0 1.0
2 67733 1262 1794 1 10 1 1.0
2 106591 1267 2843 1 1 1 1.0
2 169437 1267 4004 1 1 0 1.0
2 67286 1270 1940 1 10 0 1.0
2 128039 1271 2898 1 1 1 1.0
2 144200 1273 2937 1 1 1 1.0
2 167073 1283 3998 1 10 1 1.0
2 170756 1283 3723 1 1 1 1.0
2 109423 1284 2457 1 1 1 1.0
2 98031 1288 2920 1 50 1 1.0
2 68537 1288 1977 1 1 0 1.0
2 116488 1294 2509 1 10 1 1.0
2 163840 1294 3377 1 10 0 1.0
2 169068 1295 4162 1 10 1 1.0
2 101846 1295 2200 1 1 1 1.0
2 75167 1297 1668 1 1 1 1.0
2 143488 1297 3244 1 1 0 1.0
2 146807 1308 3841 1 1 1 1.0
2 88826 1310 2598 1 50 0 1.0
2 164818 1311 4910 1 10 0 1.0
2 89232 1311 2015 1 10 1 1.0
2 71240 1314 1566 1 1 1 1.0
2 173175 1315 5112 1 1 0 1.0
2 164131 1318 4474 1 10 0 1.0
2 115414 1321 2622 1 1 1 1.0
2 177616 1321 4648 1 1 1 1.0
2 177458 1322 5096 1 1 0 1.0
2 67181 1323 1601 1 1 1 1.0
2 126069 1324 2637 1 10 0 1.0
2 101993 1326 2056 1 10 0 1.0
2 98616 1338 2504 1 50 1 1.0
2 135170 1341 3563 1 50 1 1.0
2 84879 1349 2073 1 10 1 1.0
2 62295 1360 1795 1 1 0 1.0
2 62182 1362 1617 1 1 1 1.0
2 63050 1367 1821 1 1 1 1.0
2 105064 1368 2598 1 50 0 1.0
2 60323 1371 1741 1 50 0 1.0
2 73868 1377 2008 1 1 0 1.0
2 169939 1378 4134 1 50 0 1.0
2 63579 1378 1899 1 1 0 1.0
2 101423 1388 2295 1 1 0 1.0
2 86458 1390 2050 1 1 1 1.0
2 109445 1390 2976 1 1 1 1.0
2 159315 1391 3822 1 10 1 1.0
2 65651 1391 1760 1 50 0 1.0
2 95324 1400 2021 1 1 1 1.0
2 127123 1404 2649 1 1 0 1.0
2 100481 1404 2933 1 10 0 1.0
2 121825 1413 3383 1 1 1 1.0
2 175371 1414 5025 1 1 0 1.0
2 80046 1415 2021 1 10 1 1.0
2 158611 1419 3943 1 1 0 1.0
2 136522 1422 2868 1 1 1 1.0
2 174172 1422 4316 1 1 1 1.0
2 178722 1423 3597 1 50 0 1.0
2 158622 1423 4360 1 1 1 1.0
2 121645 1429 2837 1 1 1 1.0
2 81574 1433 2168 1 10 0 1.0
2 75671 1435 1738 1 1 1 1.0
2 107409 1439 2960 1 10 0 1.0
2 170224 1440 3867 1 1 0 1.0
2 139806 1442 3118 1 10 0 1.0
2 77443 1443 1707 1 1 1 1.0
2 104191 1447 3093 1 10 0 1.0
2 170349 1448 4590 1 10 1 1.0
2 172409 1448 4043 1 10 0 1.0
2 144107 1449 4113 1 1 0 1.0
2 78719 1450 1892 1 1 0 1.0
2 179559 1452 3724 1 10 1 1.0
2 113486 1458 2666 1 1 0 1.0
2 136447 1459 3987 1 50 1 1.0
2 110557 1463 2628 1 10 1 1.0
2 160672 1463 3954 1 10 0 1.0
2 131514 1464 3589 1 10 1 1.0
2 93892 1465 2490 1 1 1 1.0
2 110789 1468 2228 1 50 1 1.0
2 139518 1473 3313 1 1 0 1.0
2 113592 1473 3188 1 10 0 1.0
2 90884 1477 2648 1 1 0 1.0
2 80925 1477 2374 1 10 1 1.0
2 63382 1479 1871 1 1 1 1.0
2 173177 1481 4194 1 1 1 1.0
2 74606 1486 1515 1 1 0 1.0
2 105221 1490 3084 1 1 0 1.0
2 164110 1492 4123 1 1 0 1.0
2 161260 1496 3983 1 10 0 1.0
2 64789 1497 1614 1 50 0 1.0
2 151600 1498 3198 1 50 1 1.0
2 83408 1500 2328 1 1 1 1.0
2 133260 1501 3621 1 10 1 1.0
2 97206 1504 2188 1 1 1 1.0
2 142595 1508 3555 1 1 0 1.0
2 168102 1508 3692 1 1 0 1.0
2 94943 1512 2807 1 1 0 1.0
2 100115 1515 2353 1 10 0 1.0
2 86712 1515 1737 1 1 0 1.0
2 156202 1518 3401 1 10 1 1.0
2 73512 1519 1999 1 1 1 1.0
2 145639 1522 3162 1 1 0 1.0
2 173739 1524 4460 1 10 0 1.0
2 159368 1525 3671 1 10 1 1.0
2 118121 1526 3440 1 1 1 1.0
2 166137 1526 4686 1 1 0 1.0
2 135931 1526 3722 1 10 0 1.0
2 163714 1529 3321 1 1 1 1.0
2 78175 1531 2253 1 1 1 1.0
2 144952 1532 3760 1 50 0 1.0
2 159013 1532 4621 1 50 0 1.0
2 143684 1537 3772 1 1 1 1.0
2 123442 1538 3167 1 1 1 1.0
2 129928 1543 3349 1 1 1 1.0
2 112054 1544 2704 1 1 1 1.0
2 150070 1547 3141 1 1 1 1.0
2 120038 1552 3547 1 10 0 1.0
2 110810 1554 2874 1 10 1 1.0
2 150404 1557 4265 1 1 0 1.0
2 106199 1559 2524 1 1 1 1.0
2 88149 1565 1818 1 1 1 1.0
2 88820 1569 2315 1 10 1 1.0
2 125329 1570 3284 1 1 1 1.0
2 61664 1572 1687 1 1 0 1.0
2 77913 1572 1631 1 1 0 1.0
2 146741 1573 3416 1 10 1 1.0
2 144244 1575 3177 1 1 1 1.0
2 91980 1575 2291 1 1 1 1.0
2 129625 1578 3278 1 10 1 1.0
2 77772 1579 2030 1 1 1 1.0
2 139435 1583 3731 1 10 1 1.0
2 115113 1585 2584 1 1 0 1.0
2 69610 1586 1528 1 1 1 1.0
2 73774 1586 2086 1 1 0 1.0
2 178951 1587 3652 1 10 0 1.0
2 147157 1591 4395 1 1 0 1.0
2 90319 1592 2323 1 1 1 1.0
2 63731 1594 1704 1 1 0 1.0
2 91872 1596 2551 1 10 1 1.0
2 126943 1598 3326 1 1 1 1.0
2 107734 1598 2917 1 1 0 1.0
2 177810 1600 3998 1 1 0 1.0
2 106168 1604 2470 1 1 1 1.0
2 82611 1605 2125 1 1 0 1.0
2 94578 1607 2682 1 1 0 1.0
2 168812 1608 3445 1 10 1 1.0
2 140253 1608 3786 1 1 0 1.0
2 177351 1609 4811 1 1 1 1.0
2 93135 1609 2293 1 50 0 1.0
2 135124 1610 2987 1 1 0 1.0
2 179720 1611 4846 1 1 1 1.0
2 165428 1614 3792 1 10 0 1.0
2 141915 1616 3515 1 10 0 1.0
2 122276 1617 3192 1 10 0 1.0
2 133855 1620 3959 1 1 0 1.0
2 82973 1624 1741 1 1 0 1.0
2 102955 1626 3046 1 10 1 1.0
2 87472 1629 2106 1 1 0 1.0
2 147474 1632 4353 1 50 0 1.0
2 143887 1632 4148 1 1 0 1.0
2 132489 1637 3302 1 10 0 1.0
2 106015 1641 3045 1 10 1 1.0
2 161093 1643 3610 1 10 0 1.0
2 103340 1643 2774 1 10 1 1.0
2 134224 1648 3692 1 10 0 1.0
2 137973 1654 3436 1 50 0 1.0
2 172157 1655 4155 1 10 0 1.0
2 60202 1659 1517 1 1 0 1.0
2 125493 1660 2834 1 1 1 1.0
2 134425 1671 2773 1 1 0 1.0
2 67480 1671 1901 1 1 0 1.0
2 135672 1675 2723 1 10 1 1.0
2 101810 1680 2491 1 1 1 1.0
2 128392 1680 2755 1 1 0 1.0
2 162636 1682 4877 1 1 0 1.0
2 87758 1683 2420 1 10 1 1.0
2 177532 1685 4814 1 1 0 1.0
2 102242 1685 2419 1 10 0 1.0
2 128336 1686 3551 1 1 1 1.0
2 153038 1689 4021 1 1 0 1.0
2 115245 1690 2689 1 1 1 1.0
2 152867 1692 4098 1 10 0 1.0
2 85794 1696 2002 1 10 1 1.0
2 97447 1704 2060 1 1 0 1.0
2 152322 1704 4510 1 1 0 1.0
2 123817 1705 3028 1 1 1 1.0
2 128575 1706 3730 1 1 0 1.0
2 87575 1708 1976 1 1 0 1.0
2 175718 1709 3986 1 1 0 1.0
2 93883 1713 2102 1 1 1 1.0
2 86351 1718 2358 1 10 1 1.0
2 163635 1719 3813 1 1 1 1.0
2 84166 1720 2497 1 1 0 1.0
2 133808 1720 2763 1 50 1 1.0
2 165665 1721 4467 1 10 1 1.0
2 90961 1722 2628 1 1 0 1.0
2 78872 1726 1965 1 1 1 1.0
2 77623 1727 2305 1 1 0 1.0
2 70833 1728 1488 1 1 1 1.0
2 73903 1728 1562 1 1 1 1.0
2 157447 1735 3207 1 1 0 1.0
2 65880 1739 1476 1 1 1 1.0
2 62607 1742 1422 1 10 0 1.0
2 139096 1745 3542 1 1 1 1.0
2 145128 1745 3106 1 1 1 1.0
2 135600 1747 3114 1 1 0 1.0
2 167030 1750 4578 1 50 1 1.0
2 149087 1754 3605 1 50 1 1.0
2 93200 1759 2732 1 1 1 1.0
2 109811 1760 2988 1 50 1 1.0
2 178087 1761 4067 1 1 1 1.0
2 61604 1762 1643 1 10 0 1.0
2 117525 1764 3268 1 1 0 1.0
2 79493 1766 1919 1 1 1 1.0
2 170606 1767 4166 1 1 1 1.0
2 138271 1767 3173 1 10 0 1.0
2 119489 1769 3409 1 1 1 1.0
2 145621 1772 3077 1 1 0 1.0
2 117438 1774 2496 1 1 1 1.0
2 142771 1777 3659 1 50 0 1.0
2 128210 1779 2880 1 1 0 1.0
2 165828 1782 4691 1 10 0 1.0
2 87684 1794 2610 1 1 1 1.0
2 150807 1801 3475 1 1 1 1.0
2 116932 1803 3450 1 10 1 1.0
2 104786 1810 2827 1 10 1 1.0
2 95239 1813 2079 1 1 0 1.0
2 174547 1814 3840 1 10 0 1.0
2 116165 1822 2920 1 10 0 1.0
2 65269 1822 1413 1 1 1 1.0
2 60220 1824 1443 1 50 0 1.0
2 158365 1828 4342 1 50 0 1.0
2 92598 1831 1874 1 10 0 1.0
2 112002 1836 3358 1 1 0 1.0
2 116290 1839 3006 1 10 0 1.0
2 105378 1843 2388 1 10 0 1.0
2 65242 1845 1764 1 1 0 1.0
2 64589 1847 1828 1 1 0 1.0
2 78453 1855 2056 1 1 1 1.0
2 148821 1858 3814 1 1 0 1.0
2 69819 1863 1618 1 10 0 1.0
2 84701 1863 2148 1 50 1 1.0
2 112093 1863 3274 1 1 1 1.0
2 120319 1865 3526 1 1 0 1.0
2 108736 1871 3052 1 1 0 1.0
2 105453 1874 2483 1 1 0 1.0
2 112370 1876 3226 1 1 0 1.0
2 172403 1879 4156 1 50 0 1.0
2 69889 1880 2025 1 1 0 1.0
2 84941 1883 1790 1 10 0 1.0
2 124331 1884 3394 1 10 1 1.0
2 128881 1885 3312 1 1 1 1.0
2 139729 1885 2827 1 50 0 1.0
2 77357 1887 2220 1 10 0 1.0
2 175233 1890 4397 1 10 0 1.0
2 61275 1891 1335 1 1 0 1.0
2 72889 1895 2033 1 10 0 1.0
2 164571 1898 4392 1 10 1 1.0
2 83615 1899 2094 1 10 0 1.0
2 72671 1899 1780 1 10 0 1.0
2 121663 1901 3477 1 1 1 1.0
2 164368 1904 4026 1 10 0 1.0
2 142222 1905 3419 1 10 1 1.0
2 151814 1908 4132 1 10 1 1.0
2 127880 1914 3524 1 1 0 1.0
2 89137 1916 2256 1 1 0 1.0
2 170914 1917 3465 1 1 1 1.0
2 168291 1924 3436 1 10 0 1.0
2 140448 1925 3286 1 10 1 1.0
2 72214 1925 1613 1 10 0 1.0
2 72146 1928 1843 1 1 1 1.0
2 140433 1930 3277 1 10 0 1.0
2 129578 1932 3020 1 1 1 1.0
2 133019 1934 2879 1 1 0 1.0
2 62626 1936 1769 1 1 0 1.0
2 131517 1937 2949 1 10 0 1.0
2 132425 1937 3035 1 1 1 1.0
2 149612 1945 4277 1 1 0 1.0
2 179804 1946 3842 1 10 0 1.0
2 81302 1947 1961 1 1 0 1.0
2 97146 1952 2035 1 1 0 1.0
2 117248 1953 3442 1 1 1 1.0
2 115586 1960 3015 1 1 1 1.0
2 89911 1962 2210 1 10 0 1.0
2 128811 1970 3196 1 10 1 1.0
2 109698 1977 3149 1 1 1 1.0
2 133484 1978 2928 1 1 0 1.0
2 75296 1986 1616 1 50 0 1.0
2 121711 1988 2876 1 1 0 1.0
2 112371 1993 3203 1 1 1 1.0
2 83504 1994 1718 1 10 0 1.0
2 121129 1995 2521 1 1 1 1.0
2 104757 2002 2359 1 1 0 1.0
2 120886 2003 2833 1 10 1 1.0
2 164358 2006 4544 1 1 0 1.0
2 62309 2011 1628 1 1 1 1.0
2 142065 2012 3797 1 1 0 1.0
2 168492 2012 4914 1 1 1 1.0
2 133218 2014 3528 1 10 1 1.0
2 105328 2019 2752 1 1 1 1.0
2 119416 2023 2930 1 1 0 1.0
2 111253 2027 2314 1 1 0 1.0
2 153698 2027 4024 1 50 0 1.0
2 71329 2027 1623 1 1 0 1.0
2 144066 2028 2945 1 1 1 1.0
2 66577 2028 1778 1 10 0 1.0
2 155532 2032 4372 1 10 0 1.0
2 107472 2036 3174 1 1 0 1.0
2 108317 2038 2232 1 50 1 1.0
2 155266 2041 4571 1 50 1 1.0
2 140788 2044 2953 1 1 0 1.0
2 141281 2052 3467 1 10 1 1.0
2 156002 2053 3157 1 1 0 1.0
2 164243 2059 3998 1 1 0 1.0
2 75266 2060 2077 1 1 1 1.0
2 114954 2063 2744 1 1 1 1.0
2 105601 2068 2123 1 1 1 1.0
2 143185 2069 4018 1 1 1 1.0
2 90796 2071 2349 1 10 0 1.0
2 159902 2072 4770 1 1 0 1.0
2 100145 2081 2960 1 10 0 1.0
2 81629 2081 1816 1 1 1 1.0
2 175315 2093 4347 1 10 1 1.0
2 147517 2094 4154 1 10 1 1.0
2 63019 2096 1575 1 10 0 1.0
2 139096 2096 3597 1 10 0 1.0
2 67755 2102 1376 1 1 0 1.0
2 65118 2104 1439 1 10 0 1.0
2 175764 2109 4391 1 50 1 1.0
2 135781 2111 2733 1 10 0 1.0
2 122306 2113 3604 1 10 1 1.0
2 73184 2114 1673 1 1 1 1.0
2 69992 2115 1787 1 1 0 1.0
2 142086 2122 3416 1 1 1 1.0
2 110313 2126 3207 1 1 0 1.0
2 174095 2126 5049 1 10 0 1.0
2 109242 2126 3186 1 1 0 1.0
2 159065 2131 4361 1 50 1 1.0
2 172918 2132 3615 1 1 1 1.0
2 141805 2132 3191 1 1 1 1.0
2 85583 2135 2200 1 1 0 1.0
2 141372 2139 3259 1 1 0 1.0
2 100957 2141 2215 1 50 0 1.0
2 101864 2143 2139 1 10 0 1.0
2 82772 2144 2155 1 1 1 1.0
2 142091 2145 3428 1 50 0 1.0
2 116250 2146 3061 1 1 0 1.0
2 96771 2146 2841 1 1 0 1.0
2 151105 2148 3457 1 50 0 1.0
2 86280 2148 2218 1 1 1 1.0
2 109784 2150 2550 1 1 0 1.0
2 151266 2150 3340 1 1 1 1.0
2 110133 2152 2793 1 1 1 1.0
2 63493 2156 1315 1 1 1 1.0
2 107368 2157 2273 1 1 0 1.0
2 111929 2160 2338 1 50 0 1.0
2 67059 2160 1396 1 1 0 1.0
2 67397 2162 1773 1 1 1 1.0
2 171570 2166 4071 1 10 1 1.0
2 153866 2168 3878 1 10 0 1.0
2 90318 2169 2233 1 1 1 1.0
2 70190 2170 2097 1 1 0 1.0
2 68547 2172 1749 1 10 1 1.0
2 111272 2173 3159 1 10 0 1.0
2 109629 2173 2616 1 1 1 1.0
2 86386 2177 2478 1 1 0 1.0
2 138526 2178 3064 1 10 1 1.0
2 64291 2183 1388 1 1 0 1.0
2 123506 2185 3639 1 1 0 1.0
2 132263 2185 3862 1 10 1 1.0
2 76336 2188 1621 1 50 0 1.0
2 74089 2188 1667 1 10 0 1.0
2 69454 2190 1442 1 1 0 1.0
2 77613 2190 1926 1 1 0 1.0
2 170795 2191 4000 1 1 0 1.0
2 72792 2195 1543 1 1 1 1.0
2 139849 2198 3893 1 1 1 1.0
2 152013 2201 3982 1 10 0 1.0
2 166225 2207 4220 1 1 1 1.0
2 145202 2209 3228 1 1 0 1.0
2 173648 2215 5107 1 50 0 1.0
2 86575 2216 2569 1 50 1 1.0
2 64089 2216 1363 1 1 1 1.0
2 94498 2218 2782 1 1 0 1.0
2 132952 2219 2769 1 1 0 1.0
2 70836 2220 1731 1 1 0 1.0
2 120417 2220 3117 1 1 0 1.0
2 105544 2224 2559 1 10 0 1.0
2 97524 2228 2784 1 10 1 1.0
2 62516 2228 1655 1 1 1 1.0
2 100686 2229 2028 1 10 1 1.0
2 91600 2231 2270 1 1 1 1.0
2 164807 2231 4755 1 1 1 1.0
2 130239 2232 2993 1 1 1 1.0
2 68343 2233 1504 1 10 0 1.0
2 137386 2234 3916 1 10 1 1.0
2 132545 2242 2711 1 10 0 1.0
2 124982 2242 3322 1 1 1 1.0
2 153778 2246 3793 1 10 0 1.0
2 136795 2248 4014 1 1 1 1.0
2 86470 2250 2351 1 1 0 1.0
2 164203 2250 4260 1 50 0 1.0
2 134120 2252 3632 1 1 1 1.0
2 161945 2253 4542 1 1 0 1.0
2 123892 2257 3638 1 1 0 1.0
2 148120 2260 4079 1 10 1 1.0
2 97470 2276 2144 1 1 0 1.0
2 147867 2276 4027 1 1 1 1.0
2 102196 2279 3062 1 50 1 1.0
2 149209 2279 3440 1 10 1 1.0
2 116537 2280 3353 1 1 1 1.0
2 99224 2281 2303 1 1 0 1.0
2 109963 2282 2400 1 1 0 1.0
2 105860 2284 2232 1 10 0 1.0
2 129607 2285 3849 1 1 1 1.0
2 72120 2287 1584 1 1 0 1.0
2 68323 2288 1926 1 1 0 1.0
2 104225 2290 2278 1 10 0 1.0
2 129798 2291 3042 1 1 1 1.0
2 62288 2296 1862 1 1 0 1.0
2 104929 2298 2190 1 10 0 1.0
2 103284 2298 2114 1 1 1 1.0
2 83538 2300 2408 1 10 1 1.0
2 168155 2306 3861 1 50 0 1.0
2 159028 2306 4521 1 50 1 1.0
2 122994 2307 2819 1 1 1 1.0
2 74849 2311 2017 1 1 0 1.0
2 177805 2314 5156 1 1 1 1.0
2 163949 2318 4568 1 10 1 1.0
2 105862 2318 2199 1 1 0 1.0
2 124239 2320 3502 1 1 0 1.0
2 94851 2321 2129 1 10 0 1.0
2 137181 2323 3085 1 1 1 1.0
2 98596 2324 2781 1 1 1 1.0
2 150450 2324 3226 1 1 0 1.0
2 161285 2326 4040 1 10 0 1.0
2 123419 2326 2981 1 1 0 1.0
2 108114 2329 3017 1 10 0 1.0
2 167229 2335 4779 1 10 0 1.0
2 164675 2339 3940 1 1 1 1.0
2 160777 2341 3836 1 10 0 1.0
2 162394 2343 3758 1 1 0 1.0
2 127807 2345 3355 1 10 1 1.0
2 88005 2346 1866 1 10 1 1.0
2 75138 2346 1552 1 1 1 1.0
2 166603 2347 4754 1 1 0 1.0
2 95348 2356 2492 1 10 1 1.0
2 133882 2357 3453 1 10 1 1.0
2 145014 2357 4101 1 1 1 1.0
2 80697 2363 1677 1 50 0 1.0
2 62688 2371 1578 1 1 1 1.0
2 177686 2372 3823 1 1 0 1.0
2 144038 2375 3248 1 10 1 1.0
2 132278 2376 3266 1 10 1 1.0
2 114839 2377 2622 1 1 1 1.0
2 80122 2377 2007 1 1 1 1.0
2 142319 2378 3223 1 1 0 1.0
2 141630 2379 3415 1 10 0 1.0
2 173428 2384 3506 1 1 0 1.0
2 159868 2384 3741 1 1 1 1.0
2 178641 2385 3971 1 10 0 1.0
2 62688 2385 1338 1 10 1 1.0
2 177570 2386 4912 1 1 0 1.0
2 60049 2389 1255 1 1 0 1.0
2 97646 2389 2263 1 1 1 1.0
2 135507 2390 3696 1 1 0 1.0
2 125577 2392 3161 1 1 1 1.0
2 177543 2397 5228 1 10 0 1.0
2 94707 2400 2581 1 10 0 1.0
2 125294 2401 3724 1 1 1 1.0
2 90683 2404 2068 1 10 0 1.0
2 167706 2407 3414 1 50 0 1.0
2 163607 2409 4649 1 10 0 1.0
2 64835 2410 1317 1 1 0 1.0
2 99334 2415 2644 1 10 1 1.0
2 62639 2416 1830 1 1 1 1.0
2 129786 2423 3783 1 1 0 1.0
2 177452 2424 5052 1 10 0 1.0
2 84844 2425 2333 1 10 1 1.0
2 96493 2426 2640 1 1 0 1.0
2 97260 2427 2206 1 1 0 1.0
2 141476 2428 4160 1 1 0 1.0
2 146171 2435 3988 1 1 1 1.0
2 79616 2435 2093 1 1 0 1.0
2 166556 2438 4590 1 10 1 1.0
2 111959 2442 2695 1 50 0 1.0
2 91998 2444 2124 1 10 0 1.0
2 73093 2447 1625 1 1 0 1.0
2 140231 2449 4137 1 1 0 1.0
2 135502 2451 3102 1 1 0 1.0
2 86236 2451 2163 1 1 1 1.0
2 87065 2455 2186 1 1 1 1.0
2 75686 2455 1514 1 50 1 1.0
2 73824 2458 1486 1 1 0 1.0
2 156142 2461 4351 1 1 0 1.0
2 64723 2463 1345 1 10 0 1.0
2 159958 2464 3982 1 10 0 1.0
2 152101 2467 4552 1 1 0 1.0
2 116165 2468 3381 1 10 0 1.0
2 69797 2471 1929 1 1 1 1.0
2 175510 2471 4865 1 1 1 1.0
2 93836 2472 2352 1 10 0 1.0
2 116982 2472 2935 1 1 1 1.0
2 157123 2474 4660 1 10 1 1.0
2 147829 2476 3023 1 10 0 1.0
2 107962 2478 2813 1 1 1 1.0
2 83323 2480 2337 1 1 0 1.0
2 101964 2481 2326 1 1 1 1.0
2 76749 2481 2236 1 10 1 1.0
2 112569 2482 2848 1 1 1 1.0
2 150766 2485 4260 1 1 0 1.0
2 163053 2492 4778 1 1 1 1.0
2 87738 2495 1824 1 1 0 1.0
2 166159 2496 4583 1 50 1 1.0
2 74449 2498 1804 1 1 1 1.0
2 60741 2499 1596 1 50 0 1.0
2 145184 2510 4272 1 1 0 1.0
2 80422 2514 1862 1 1 1 1.0
2 146161 2516 3753 1 1 0 1.0
2 126292 2518 2762 1 10 0 1.0
2 85542 2518 2316 1 10 0 1.0
2 86848 2520 2177 1 1 1 1.0
2 155661 2524 4281 1 1 1 1.0
2 102536 2525 2894 1 10 1 1.0
2 66302 2526 1664 1 10 0 1.0
2 144726 2531 3505 1 10 1 1.0
2 61694 2534 1552 1 1 0 1.0
2 133381 2540 2837 1 10 1 1.0
2 90869 2542 2671 1 1 0 1.0
2 135479 2543 3894 1 1 0 1.0
2 176269 2544 4945 1 1 0 1.0
2 75989 2546 1576 1 10 0 1.0
2 76633 2550 2260 1 10 1 1.0
2 62649 2551 1842 1 1 1 1.0
2 118423 2553 2432 1 10 0 1.0
2 112811 2561 2317 1 10 0 1.0
2 175969 2562 3975 1 50 0 1.0
2 134854 2565 3125 1 10 1 1.0
2 87610 2568 2548 1 10 0 1.0
2 179964 2573 4943 1 10 1 1.0
2 171950 2574 3688 1 1 1 1.0
2 160702 2576 4336 1 1 0 1.0
2 74566 2577 1971 1 10 1 1.0
2 119731 2578 2835 1 1 1 1.0
2 78355 2581 1606 1 1 0 1.0
2 64008 2582 1635 1 50 1 1.0
2 101247 2583 2165 1 1 0 1.0
2 60545 2583 1285 1 10 0 1.0
2 142716 2585 3521 1 1 1 1.0
2 131109 2588 3431 1 1 1 1.0
2 118642 2591 3458 1 10 0 1.0
2 86638 2593 1737 1 10 1 1.0
2 92325 2597 2153 1 1 0 1.0
2 171454 2598 3832 1 10 1 1.0
2 77616 2600 2326 1 1 1 1.0
2 77486 2601 1775 1 1 0 1.0
2 122465 2603 2771 1 1 0 1.0
2 157018 2604 4688 1 50 1 1.0
2 121123 2611 3597 1 10 0 1.0
2 71933 2612 1590 1 1 1 1.0
2 158206 2612 4299 1 1 0 1.0
2 139796 2612 3676 1 1 1 1.0
2 128275 2613 3251 1 1 1 1.0
2 142845 2613 4075 1 1 1 1.0
2 83083 2615 1823 1 10 0 1.0
2 172023 2615 4178 1 50 1 1.0
2 78803 2618 1846 1 1 1 1.0
2 121042 2619 3593 1 50 1 1.0
2 130151 2621 3540 1 1 0 1.0
2 145469 2621 3323 1 50 1 1.0
2 147815 2621 3559 1 1 1 1.0
2 154896 2624 3108 1 1 0 1.0
2 118114 2627 2896 1 10 1 1.0
2 168834 2627 3424 1 10 0 1.0
2 128206 2629 3564 1 10 1 1.0
2 154361 2632 4164 1 1 1 1.0
2 112806 2633 2745 1 1 1 1.0
2 143686 2637 4286 1 10 1 1.0
2 86208 2637 2030 1 10 0 1.0
2 120605 2639 3317 1 1 1 1.0
2 136293 2640 3916 1 10 1 1.0
2 77374 2647 2205 1 10 0 1.0
2 158624 2647 4519 1 10 1 1.0
2 151440 2649 3555 1 1 1 1.0
2 174197 2652 3568 1 1 0 1.0
2 171410 2654 3925 1 10 1 1.0
2 139100 2660 3832 1 10 1 1.0
2 113918 2663 2547 1 1 0 1.0
2 63144 2664 1500 1 10 1 1.0
2 121184 2666 2610 1 1 0 1.0
2 146799 2672 3659 1 1 1 1.0
2 163335 2672 3405 1 50 0 1.0
2 85098 2673 2038 1 1 0 1.0
2 99074 2674 2952 1 10 0 1.0
2 78545 2675 1905 1 1 1 1.0
2 100800 2676 2254 1 1 1 1.0
2 61707 2678 1583 1 10 1 1.0
2 117831 2678 2561 1 1 1 1.0
2 111391 2678 3327 1 10 0 1.0
2 130637 2679 3546 1 50 0 1.0
2 67680 2682 1541 1 1 0 1.0
2 158150 2688 4485 1 1 0 1.0
2 98830 2691 2958 1 1 1 1.0
2 138777 2692 3635 1 1 1 1.0
2 149052 2692 3434 1 1 0 1.0
2 171941 2692 4607 1 1 0 1.0
2 128177 2693 2883 1 1 1 1.0
2 146254 2693 3864 1 1 0 1.0
2 140218 2695 3513 1 1 1 1.0
2 127423 2696 3551 1 1 0 1.0
2 140087 2697 3842 1 1 0 1.0
2 150148 2701 4500 1 10 0 1.0
2 153594 2702 3820 1 1 1 1.0
2 166830 2704 4263 1 1 0 1.0
2 137969 2705 3072 1 50 0 1.0
2 64118 2706 1591 1 10 1 1.0
2 151373 2708 3961 1 50 0 1.0
2 138246 2709 4010 1 10 1 1.0
2 66518 2712 1577 1 1 1 1.0
2 120866 2713 3481 1 50 1 1.0
2 178872 2713 4842 1 50 1 1.0
2 88793 2715 1927 1 10 1 1.0
2 103646 2717 3022 1 1 1 1.0
2 161261 2720 4004 1 10 0 1.0
2 88796 2721 2561 1 1 1 1.0
2 174560 2721 4775 1 1 0 1.0
2 111529 2722 2602 1 10 0 1.0
2 84063 2722 2359 1 1 0 1.0
2 178990 2726 3706 1 10 1 1.0
2 137586 2726 3433 1 1 1 1.0
2 99243 2726 2680 1 1 0 1.0
2 102732 2729 2615 1 1 0 1.0
2 158432 2733 3187 1 10 0 1.0
2 129876 2735 2854 1 10 1 1.0
2 81713 2736 2130 1 1 0 1.0
2 172165 2737 4798 1 10 0 1.0
2 72373 2738 1902 1 1 0 1.0
2 107519 2739 2150 1 1 1 1.0
2 169450 2739 5026 1 1 1 1.0
2 93939 2742 2402 1 10 0 1.0
2 133466 2743 3204 1 10 1 1.0
2 127784 2749 3317 1 1 1 1.0
2 64854 2752 1611 1 1 0 1.0
2 125296 2753 2903 1 1 0 1.0
2 80339 2754 2370 1 1 1 1.0
2 84256 2755 2105 1 1 1 1.0
2 158100 2761 4098 1 50 1 1.0
2 121568 2762 3260 1 1 0 1.0
2 150308 2764 4245 1 10 1 1.0
2 95331 2768 2766 1 1 1 1.0
2 109858 2768 3038 1 1 0 1.0
2 116088 2772 2949 1 10 0 1.0
2 129675 2772 3779 1 1 1 1.0
2 68099 2774 1436 1 1 0 1.0
2 103719 2774 2959 1 1 0 1.0
2 153791 2774 4044 1 1 0 1.0
2 163052 2775 4338 1 1 0 1.0
2 69994 2787 1625 1 1 0 1.0
2 136098 2787 3606 1 1 1 1.0
2 118370 2787 2718 1 1 0 1.0
2 162429 2791 4234 1 1 0 1.0
2 167806 2792 4358 1 10 0 1.0
2 136495 2793 4060 1 10 0 1.0
2 169469 2794 4209 1 10 0 1.0
2 122733 2794 3663 1 10 0 1.0
2 173957 2795 4159 1 1 1 1.0
2 158181 2800 4349 1 1 1 1.0
2 154632 2801 3885 1 50 0 1.0
2 76957 2801 2057 1 10 1 1.0
2 106800 2803 2355 1 1 1 1.0
2 104370 2807 2392 1 1 0 1.0
2 156105 2815 3269 1 10 1 1.0
2 79574 2825 2220 1 1 0 1.0
2 76128 2826 2059 1 1 0 1.0
2 97796 2826 2840 1 1 0 1.0
2 97337 2827 2203 1 1 0 1.0
2 141970 2838 2981 1 10 1 1.0
2 63257 2840 1404 1 10 0 1.0
2 133157 2841 3680 1 10 0 1.0
2 119029 2845 3249 1 1 1 1.0
2 160951 2847 4565 1 10 0 1.0
2 80377 2848 2017 1 1 1 1.0
2 117419 2848 3035 1 10 1 1.0
2 76769 2853 2206 1 1 1 1.0
2 107630 2858 2240 1 1 1 1.0
2 157419 2858 4130 1 1 0 1.0
2 168482 2858 4363 1 10 0 1.0
2 107825 2863 3073 1 1 1 1.0
2 85517 2867 1813 1 1 0 1.0
2 85463 2868 2437 1 1 1 1.0
2 172223 2868 4882 1 1 1 1.0
2 109813 2869 2788 1 10 0 1.0
2 149900 2869 4105 1 10 1 1.0
2 161702 2870 4476 1 10 0 1.0
2 63616 2872 1599 1 1 1 1.0
2 128406 2874 3153 1 1 0 1.0
2 119014 2877 3002 1 1 1 1.0
2 176577 2881 4672 1 1 1 1.0
2 114991 2883 2530 1 1 1 1.0
2 143084 2884 4198 1 1 0 1.0
2 114912 2887 2725 1 1 1 1.0
2 110687 2889 3253 1 1 1 1.0
2 143901 2889 3953 1 1 1 1.0
2 148508 2891 3565 1 1 1 1.0
2 117655 2891 2761 1 1 0 1.0
2 84336 2898 2059 1 1 0 1.0
2 138173 2899 2942 1 10 0 1.0
2 148454 2899 4441 1 10 0 1.0
2 132217 2907 3477 1 10 1 1.0
2 98531 2909 2927 1 10 1 1.0
2 178392 2912 4987 1 10 0 1.0
2 152006 2913 3947 1 10 0 1.0
2 90211 2913 1822 1 10 0 1.0
2 165688 2919 3951 1 1 0 1.0
2 78424 2921 1764 1 50 1 1.0
2 108834 2923 3168 1 1 1 1.0
2 84910 2926 2413 1 10 0 1.0
2 127815 2934 3503 1 1 1 1.0
2 105165 2944 2907 1 10 0 1.0
2 89322 2945 2161 1 50 1 1.0
2 139492 2946 3368 1 1 0 1.0
2 149763 2952 3306 1 1 1 1.0
2 118635 2953 3521 1 1 1 1.0
2 173970 2954 5182 1 1 1 1.0
2 68312 2955 1794 1 10 1 1.0
2 129696 2956 3631 1 10 0 1.0
2 106967 2956 2732 1 50 1 1.0
2 153652 2957 4076 1 1 0 1.0
2 125805 2966 3576 1 1 1 1.0
2 108678 2967 2541 1 1 0 1.0
2 128769 2967 2668 1 1 1 1.0
2 170208 2968 4240 1 1 0 1.0
2 177799 2971 5217 1 1 1 1.0
2 85876 2979 2178 1 10 0 1.0
2 174677 2979 3572 1 10 0 1.0
2 160208 2983 3320 1 1 0 1.0
2 111382 2983 2459 1 1 0 1.0
2 157853 2985 4573 1 1 1 1.0
2 150678 2985 3265 1 1 0 1.0
2 164346 2987 3336 1 10 0 1.0
2 113802 2987 3247 1 10 0 1.0
2 100456 2994 2886 1 1 1 1.0
2 99957 2994 2264 1 10 1 1.0
2 128254 2995 3409 1 1 1 1.0
2 113116 2995 3152 1 10 0 1.0
2 90492 2998 2267 1 50 1 1.0
2 122845 2998 3659 1 1 0 1.0
2 141195 2998 4050 1 1 1 1.0
2 178888 3000 4297 1 1 0 1.0
2 129255 3002 3089 1 1 1 1.0
2 100229 3009 2728 1 50 0 1.0
2 165578 3010 4445 1 10 1 1.0
2 130160 3012 3787 1 10 0 1.0
2 65932 3013 1859 1 10 0 1.0
2 110344 3014 2728 1 50 0 1.0
2 62205 3015 1794 1 1 1 1.0
2 155524 3015 3776 1 1 1 1.0
2 160996 3016 4741 1 1 1 1.0
2 104391 3017 2932 1 1 1 1.0
2 60660 3020 1488 1 1 0 1.0
2 119382 3027 2938 1 1 1 1.0
2 135552 3030 2964 1 1 1 1.0
2 65645 3030 1916 1 1 0 1.0
2 107270 3031 2503 1 1 0 1.0
2 142465 3033 3002 1 1 1 1.0
2 64611 3037 1621 1 1 1 1.0
2 60318 3037 1660 1 10 1 1.0
2 171818 3037 4153 1 10 1 1.0
2 176423 3038 3615 1 1 0 1.0
2 79061 3041 1773 1 1 1 1.0
2 67377 3045 1820 1 10 0 1.0
2 116926 3046 2473 1 1 1 1.0
2 81007 3048 2226 1 1 0 1.0
2 67279 3056 1829 1 1 1 1.0
2 97877 3057 2278 1 10 0 1.0
2 173012 3059 4442 1 1 0 1.0
2 70942 3059 2106 1 1 0 1.0
2 139045 3062 3512 1 10 1 1.0
2 61411 3063 1634 1 10 0 1.0
2 94414 3073 2767 1 10 0 1.0
2 105274 3074 2941 1 1 1 1.0
2 160310 3076 4753 1 50 0 1.0
2 170805 3079 4309 1 1 0 1.0
2 146645 3081 3107 1 10 0 1.0
2 127052 3081 2957 1 1 0 1.0
2 77337 3084 1790 1 10 1 1.0
2 76974 3085 1819 1 10 0 1.0
2 151872 3090 3729 1 1 0 1.0
2 73034 3092 2047 1 1 1 1.0
2 177144 3093 4089 1 1 0 1.0
2 76768 3097 1740 1 10 0 1.0
2 153917 3098 3205 1 1 0 1.0
2 179763 3099 4228 1 1 1 1.0
2 89351 3100 2542 1 10 1 1.0
2 161507 3101 4223 1 1 0 1.0
2 100661 3103 2234 1 1 0 1.0
2 173678 3106 4043 1 1 1 1.0
2 153104 3106 4111 1 1 1 1.0
2 168627 3112 4390 1 1 0 1.0
2 136924 3115 2809 1 1 1 1.0
2 123946 3115 3492 1 10 1 1.0
2 99504 3116 2909 1 1 0 1.0
2 161689 3117 3762 1 10 1 1.0
2 129111 3120 3237 1 1 1 1.0
2 172800 3121 3741 1 10 1 1.0
2 146283 3121 3362 1 1 0 1.0
2 87474 3124 1749 1 10 1 1.0
2 132807 3127 3143 1 1 0 1.0
2 130738 3128 3808 1 10 1 1.0
2 139569 3129 2940 1 1 1 1.0
2 77823 3135 1850 1 1 0 1.0
2 96735 3139 2165 1 50 1 1.0
2 75636 3140 2094 1 1 0 1.0
2 152202 3140 3599 1 1 1 1.0
2 145402 3147 3448 1 1 1 1.0
2 97259 3151 2856 1 1 1 1.0
2 142143 3154 3386 1 10 0 1.0
2 83991 3159 2490 1 1 0 1.0
2 161563 3160 4796 1 10 0 1.0
2 104347 3166 2211 1 1 1 1.0
2 126900 3168 2568 1 10 1 1.0
2 130404 3174 2998 1 1 0 1.0
2 135712 3174 3041 1 1 1 1.0
2 167917 3176 4310 1 10 1 1.0
2 94085 3178 2088 1 10 0 1.0
2 110628 3179 2630 1 1 1 1.0
2 154864 3179 3555 1 10 1 1.0
2 135891 3180 2908 1 10 1 1.0
2 145485 3181 4327 1 10 0 1.0
2 92558 3183 1992 1 1 0 1.0
2 98865 3185 2775 1 1 0 1.0
2 117776 3187 2639 1 1 0 1.0
2 127260 3190 2766 1 1 0 1.0
2 118644 3191 2506 1 1 0 1.0
2 139139 3192 2886 1 50 0 1.0
2 89122 3194 2190 1 1 0 1.0
2 127711 3195 3478 1 1 1 1.0
2 131999 3205 3888 1 1 0 1.0
2 117563 3206 3102 1 10 0 1.0
2 154278 3207 3615 1 1 1 1.0
2 141322 3212 3078 1 1 1 1.0
2 102107 3213 2246 1 1 1 1.0
2 123774 3214 3045 1 1 1 1.0
2 104726 3218 2440 1 10 1 1.0
2 103292 3221 2114 1 10 1 1.0
2 156125 3230 4535 1 1 0 1.0
2 145442 3233 3345 1 50 0 1.0
2 177590 3233 4262 1 1 1 1.0
2 151766 3233 3138 1 10 0 1.0
2 109610 3234 3145 1 1 0 1.0
2 103903 3235 2563 1 1 1 1.0
2 91758 3237 2331 1 1 1 1.0
2 131801 3240 3219 1 50 1 1.0
2 76235 3240 1856 1 10 1 1.0
2 94175 3241 2220 1 10 1 1.0
2 167782 3241 3583 1 1 0 1.0
2 64787 3241 1696 1 50 1 1.0
2 99648 3245 2603 1 1 0 1.0
2 135215 3251 3582 1 50 1 1.0
2 161216 3261 3915 1 10 0 1.0
2 128052 3262 2606 1 50 1 1.0
2 153289 3264 4390 1 1 0 1.0
2 79003 3267 1645 1 1 1 1.0
2 128828 3267 3761 1 10 1 1.0
2 85051 3269 2399 1 1 1 1.0
2 94197 3270 2503 1 10 0 1.0
2 103370 3275 2538 1 1 0 1.0
2 123107 3280 2861 1 1 0 1.0
2 140671 3282 3476 1 1 0 1.0
2 144416 3286 3166 1 1 0 1.0
2 62029 3293 1429 1 1 1 1.0
2 94470 3295 2454 1 10 1 1.0
2 148961 3297 4026 1 10 0 1.0
2 99920 3299 2213 1 10 1 1.0
2 139398 3302 2842 1 10 1 1.0
2 109203 3302 2861 1 50 0 1.0
2 166928 3304 3660 1 10 0 1.0
2 102436 3305 2429 1 10 0 1.0
2 67669 3308 1574 1 10 1 1.0
2 148665 3316 3418 1 50 0 1.0
2 154973 3318 3339 1 1 1 1.0
2 97628 3322 2572 1 50 0 1.0
2 114666 3323 3289 1 1 1 1.0
2 170139 3324 3899 1 50 0 1.0
2 76199 3326 1783 1 1 1 1.0
2 120885 3327 2659 1 1 0 1.0
2 167477 3330 4600 1 50 0 1.0
2 159611 3335 4150 1 1 1 1.0
2 150683 3336 4192 1 1 1 1.0
2 85436 3337 2507 1 1 0 1.0
2 128620 3338 3433 1 10 1 1.0
2 132895 3340 3227 1 10 1 1.0
2 70842 3341 2055 1 1 0 1.0
2 170874 3341 4160 1 1 0 1.0
2 100422 3349 2683 1 10 1 1.0
2 77276 3350 1599 1 50 0 1.0
2 175173 3350 4566 1 1 0 1.0
2 179615 3352 4111 1 10 0 1.0
2 150176 3356 3982 1 1 1 1.0
2 81095 3360 2428 1 10 0 1.0
2 78679 3361 2174 1 50 0 1.0
2 111674 3363 2989 1 10 1 1.0
2 137237 3363 2957 1 1 1 1.0
2 169797 3364 4806 1 10 1 1.0
2 72356 3365 1901 1 1 1 1.0
2 70924 3366 1572 1 1 0 1.0
2 96323 3368 2467 1 10 0 1.0
2 81097 3371 1702 1 50 1 1.0
2 64587 3379 1370 1 1 0 1.0
2 124664 3383 3611 1 1 0 1.0
2 81063 3391 2223 1 1 0 1.0
2 68803 3393 1955 1 10 1 1.0
2 67943 3395 1845 1 1 1 1.0
2 157485 3401 3333 1 10 0 1.0
2 102161 3402 2394 1 1 0 1.0
2 160449 3404 4302 1 1 1 1.0
2 74346 3405 1709 1 1 0 1.0
2 92468 3410 2381 1 50 1 1.0
2 176931 3414 4964 1 50 1 1.0
2 141455 3415 3451 1 1 1 1.0
2 76993 3418 2307 1 50 1 1.0
2 155939 3419 3169 1 1 0 1.0
2 98913 3421 2522 1 1 1 1.0
2 179738 3430 3703 1 1 1 1.0
2 78868 3433 1715 1 1 1 1.0
2 107997 3435 2678 1 50 0 1.0
2 121670 3437 3446 1 10 1 1.0
2 89214 3440 2185 1 10 0 1.0
2 138376 3440 3761 1 1 1 1.0
2 173351 3441 4474 1 10 1 1.0
2 76506 3443 2015 1 1 0 1.0
2 133373 3444 3222 1 1 0 1.0
2 67293 3445 1660 1 1 1 1.0
2 76740 3445 1954 1 1 1 1.0
2 149166 3448 3902 1 10 1 1.0
2 138259 3449 2955 1 1 0 1.0
2 162622 3449 4087 1 1 0 1.0
2 149740 3450 3127 1 1 0 1.0
2 73373 3455 1543 1 1 1 1.0
2 77205 3455 1996 1 1 1 1.0
2 103435 3456 2756 1 50 0 1.0
2 150605 3460 3041 1 50 0 1.0
2 100248 3468 2825 1 1 1 1.0
2 172989 3470 3729 1 10 1 1.0
2 178665 3471 4508 1 1 0 1.0
2 143553 3474 3322 1 50 0 1.0
2 110305 3478 3050 1 10 0 1.0
2 94086 3478 2004 1 10 0 1.0
2 130238 3479 3264 1 1 0 1.0
2 62819 3485 1695 1 1 1 1.0
2 165784 3485 4834 1 50 0 1.0
2 77810 3486 2087 1 1 0 1.0
2 105232 3486 2792 1 10 0 1.0
2 141390 3487 3420 1 1 1 1.0
2 129613 3490 3003 1 1 0 1.0
2 89829 3490 1991 1 1 0 1.0
2 75205 3491 1995 1 50 0 1.0
2 95363 3494 2022 1 1 0 1.0
2 162885 3495 4419 1 1 0 1.0
2 91016 3496 2397 1 10 1 1.0
2 87027 3498 1932 1 1 1 1.0
2 96830 3499 2159 1 1 1 1.0
2 104549 3502 2157 1 1 0 1.0
2 150583 3502 3835 1 1 0 1.0
2 69590 3508 1938 1 10 1 1.0
2 123141 3516 2567 1 1 0 1.0
2 79422 3520 2259 1 1 1 1.0
2 130682 3521 3579 1 1 1 1.0
2 99288 3528 2032 1 50 1 1.0
2 120588 3532 2498 1 10 0 1.0
2 148868 3533 4024 1 1 0 1.0
2 70122 3537 1539 1 1 0 1.0
2 127957 3538 3427 1 10 0 1.0
2 145837 3539 3255 1 1 1 1.0
2 71479 3542 2062 1 10 0 1.0
2 112173 3549 2933 1 10 1 1.0
2 106442 3553 2351 1 1 0 1.0
2 134064 3557 3477 1 1 1 1.0
2 98215 3558 2231 1 10 1 1.0
2 108917 3561 3003 1 1 1 1.0
2 61251 3563 1428 1 1 0 1.0
2 150474 3563 3739 1 10 0 1.0
2 159558 3564 4286 1 1 0 1.0
2 72169 3569 1878 1 1 0 1.0
2 173451 3569 3576 1 10 1 1.0
2 161543 3581 3359 1 1 1 1.0
2 131288 3582 3330 1 10 1 1.0
2 63198 3583 1394 1 1 0 1.0
2 80660 3587 2233 1 10 1 1.0
2 159617 3588 4785 1 1 1 1.0
2 141102 3591 3274 1 1 1 1.0
2 92369 3591 2481 1 10 1 1.0
2 178618 3593 3899 1 50 1 1.0
2 133577 3594 2986 1 10 0 1.0
2 176601 3599 3684 1 1 1 1.0
2 82017 3599 1796 1 50 1 1.0
