1500
0 118412 0 3266 1 1 0 1.0
0 112786 2 2717 1 50 0 1.0
0 150881 4 3884 1 1 1 1.0
0 147904 4 3462 1 10 0 1.0
0 112839 8 3275 1 50 1 1.0
0 136213 11 3079 1 10 1 1.0
0 87691 16 2317 1 1 1 1.0
0 76776 22 1563 1 10 0 1.0
0 111275 22 2515 1 1 0 1.0
0 62956 29 1272 1 10 0 1.0
0 139818 30 3701 1 1 1 1.0
0 97934 36 2589 1 1 1 1.0
0 149346 37 3792 1 1 0 1.0
0 90807 42 1819 1 1 0 1.0
0 103125 45 2979 1 1 0 1.0
0 79018 48 2125 1 1 0 1.0
0 79583 49 2141 1 10 1 1.0
0 170427 49 4737 1 1 1 1.0
0 166579 49 4441 1 10 1 1.0
0 131348 53 3711 1 1 1 1.0
0 152017 55 4003 1 1 1 1.0
0 147079 57 4114 1 1 0 1.0
0 81370 66 2203 1 1 0 1.0
0 120942 74 3134 1 50 0 1.0
0 121075 77 3437 1 10 0 1.0
0 97025 79 2039 1 50 0 1.0
0 177169 81 4488 1 10 1 1.0
0 78929 92 1599 1 1 0 1.0
0 99873 100 2668 1 1 1 1.0
0 89646 103 2629 1 10 0 1.0
0 172338 111 4549 1 1 1 1.0
0 158205 111 3183 1 1 0 1.0
0 62148 116 1503 1 1 1 1.0
0 96980 118 1998 1 1 0 1.0
0 142356 123 3301 1 10 1 1.0
0 165951 125 4559 1 50 1 1.0
0 150772 126 4337 1 50 0 1.0
0 70976 128 2047 1 1 0 1.0
0 120694 140 3584 1 1 0 1.0
0 92594 144 2614 1 10 0 1.0
0 62752 148 1722 1 10 0 1.0
0 178733 149 5290 1 1 0 1.0
0 144809 151 3513 1 10 1 1.0
0 68742 152 1589 1 1 1 1.0
0 92569 152 2308 1 1 0 1.0
0 169774 153 4575 1 50 1 1.0
0 89056 158 2470 1 1 1 1.0
0 63047 162 1788 1 1 0 1.0
0 147852 165 3895 1 1 1 1.0
0 148253 167 4200 1 1 0 1.0
0 103192 167 2316 1 1 0 1.0
0 97558 167 2177 1 1 0 1.0
0 138598 172 3489 1 10 1 1.0
0 111713 172 2293 1 1 1 1.0
0 112688 172 2989 1 10 0 1.0
0 77506 175 2046 1 1 0 1.0
0 102883 181 2292 1 1 0 1.0
0 99653 183 2845 1 1 1 1.0
0 157990 184 4528 1 1 0 1.0
0 130203 186 3509 1 10 1 1.0
0 161692 186 4333 1 10 0 1.0
0 124921 187 2539 1 1 0 1.0
0 163196 191 4653 1 1 0 1.0
0 159922 191 3962 1 1 1 1.0
0 116255 191 3141 1 1 0 1.0
0 112610 196 3209 1 10 1 1.0
0 105844 197 2288 1 1 0 1.0
0 119626 199 2657 1 1 0 1.0
0 142950 204 3404 1 1 0 1.0
0 88391 208 2477 1 1 1 1.0
0 166094 210 4280 1 50 1 1.0
0 139075 213 3485 1 10 1 1.0
0 63590 215 1308 1 1 0 1.0
0 88270 216 2275 1 50 1 1.0
0 75153 223 1575 1 1 0 1.0
0 152864 228 3277 1 1 0 1.0
0 167426 228 4391 1 10 1 1.0
0 81433 229 1748 1 1 0 1.0
0 102307 229 2296 1 1 0 1.0
0 82083 230 2255 1 1 1 1.0
0 166321 233 3644 1 10 1 1.0
0 173386 234 5112 1 50 1 1.0
0 83353 236 2387 1 10 1 1.0
0 112429 240 2804 1 10 0 1.0
0 138791 242 3293 1 10 0 1.0
0 154359 242 4401 1 1 0 1.0
0 179030 246 5200 1 50 0 1.0
0 85215 247 1929 1 10 1 1.0
0 78005 251 2212 1 10 0 1.0
0 150909 252 4155 1 1 1 1.0
0 93204 252 2733 1 10 0 1.0
0 60370 253 1448 1 10 0 1.0
0 128601 253 2963 1 50 1 1.0
0 60853 254 1679 1 10 0 1.0
0 153850 254 4221 1 1 1 1.0
0 142925 254 4184 1 1 0 1.0
0 85773 264 1769 1 1 0 1.0
0 117364 270 2842 1 1 0 1.0
0 133044 271 2851 1 50 0 1.0
0 165575 271 3598 1 10 0 1.0
0 117040 273 2624 1 1 0 1.0
0 97527 276 2519 1 1 0 1.0
0 90304 279 2687 1 10 0 1.0
0 98207 283 2551 1 10 0 1.0
0 68383 283 1627 1 1 0 1.0
0 122449 283 2678 1 10 1 1.0
0 117182 284 2951 1 10 0 1.0
0 153887 287 3400 1 1 0 1.0
0 164929 287 4231 1 1 1 1.0
0 114127 292 2385 1 1 0 1.0
0 129396 292 3656 1 1 1 1.0
0 174652 293 4636 1 1 0 1.0
0 97109 293 2636 1 1 0 1.0
0 84783 299 1759 1 1 1 1.0
0 123893 300 3187 1 10 0 1.0
0 141747 301 3674 1 1 0 1.0
0 165797 302 4560 1 1 0 1.0
0 119143 305 3133 1 10 0 1.0
0 112418 306 3364 1 1 0 1.0
0 151027 308 3977 1 1 0 1.0
0 99115 310 2455 1 1 1 1.0
0 70408 313 1601 1 1 1 1.0
0 174460 317 4250 1 1 0 1.0
0 134215 327 2934 1 10 0 1.0
0 172000 328 4611 1 1 1 1.0
0 82708 330 1747 1 1 1 1.0
0 67919 330 1871 1 50 0 1.0
0 145376 331 4226 1 1 1 1.0
0 88895 333 2171 1 10 1 1.0
0 130305 335 2917 1 1 1 1.0
0 79927 336 2385 1 50 1 1.0
0 92237 340 2749 1 10 1 1.0
0 130244 340 3146 1 10 0 1.0
0 163597 341 3917 1 10 0 1.0
0 155357 342 4359 1 1 0 1.0
0 130792 344 3135 1 1 1 1.0
0 126113 347 3615 1 1 0 1.0
0 149925 348 3457 1 10 1 1.0
0 147947 348 3728 1 10 0 1.0
0 166012 357 3765 1 1 0 1.0
0 104958 359 2761 1 50 1 1.0
0 157864 359 3695 1 1 1 1.0
0 93576 363 2801 1 10 0 1.0
0 64511 365 1323 1 10 1 1.0
0 153249 369 3316 1 10 0 1.0
0 165648 374 4444 1 1 1 1.0
0 66352 376 1887 1 10 1 1.0
0 88111 377 2542 1 1 0 1.0
0 164334 378 3794 1 1 1 1.0
0 131755 383 3041 1 1 0 1.0
0 143863 384 3405 1 1 1 1.0
0 118897 385 2381 1 10 1 1.0
0 93585 388 2587 1 1 1 1.0
0 122376 388 3113 1 10 1 1.0
0 135329 389 3635 1 1 0 1.0
0 134212 389 3666 1 10 0 1.0
0 112333 390 3138 1 50 0 1.0
0 95601 391 2082 1 10 0 1.0
0 125282 397 2861 1 10 0 1.0
0 133907 397 2827 1 10 1 1.0
0 151534 398 3765 1 10 1 1.0
0 124003 399 2484 1 1 1 1.0
0 104791 400 2862 1 50 0 1.0
0 115579 406 3356 1 10 0 1.0
0 95065 408 2378 1 1 0 1.0
0 151459 408 3252 1 1 1 1.0
0 141295 410 4211 1 10 0 1.0
0 109745 414 3174 1 10 0 1.0
0 130891 419 2963 1 1 1 1.0
0 113841 423 3323 1 10 0 1.0
0 161756 423 4489 1 1 0 1.0
0 67466 425 1420 1 1 1 1.0
0 104152 426 2629 1 10 0 1.0
0 129694 426 3253 1 1 0 1.0
0 159141 429 3510 1 1 1 1.0
0 81188 429 2198 1 10 0 1.0
0 94289 435 2456 1 1 0 1.0
0 95410 437 2221 1 1 0 1.0
0 70337 440 1760 1 10 0 1.0
0 125184 441 3078 1 1 0 1.0
0 140702 444 4131 1 1 1 1.0
0 125311 445 2808 1 1 0 1.0
0 100761 446 2812 1 1 1 1.0
0 79795 452 2170 1 10 0 1.0
0 147576 455 3250 1 1 1 1.0
0 175356 456 4737 1 1 1 1.0
0 71601 459 2102 1 50 0 1.0
0 87902 460 1853 1 1 0 1.0
0 151790 460 3912 1 1 0 1.0
0 83979 461 2218 1 1 1 1.0
0 78750 465 1706 1 1 1 1.0
0 128155 466 3749 1 1 1 1.0
0 158961 469 4358 1 10 0 1.0
0 93699 470 1972 1 1 1 1.0
0 135060 473 3974 1 1 1 1.0
0 94835 474 2765 1 1 1 1.0
0 76087 475 2266 1 1 1 1.0
0 75750 485 1557 1 1 0 1.0
0 136094 486 3058 1 1 0 1.0
0 176838 487 4502 1 50 1 1.0
0 137738 497 2860 1 1 0 1.0
0 157841 500 3356 1 1 1 1.0
0 138824 501 3398 1 1 0 1.0
0 144508 504 3232 1 10 0 1.0
0 97518 506 2337 1 1 0 1.0
0 89174 506 2419 1 10 0 1.0
0 124241 507 3431 1 10 1 1.0
0 144643 507 3322 1 1 0 1.0
0 86177 510 2163 1 1 0 1.0
0 146335 515 3708 1 1 0 1.0
0 63995 515 1450 1 10 1 1.0
0 141417 515 3998 1 10 0 1.0
0 166372 517 4457 1 10 0 1.0
0 130564 521 3260 1 1 1 1.0
0 90642 521 2135 1 10 1 1.0
0 155107 522 3117 1 1 1 1.0
0 146769 523 3238 1 10 1 1.0
0 146107 526 4223 1 1 1 1.0
0 125724 546 3759 1 1 0 1.0
0 147230 548 3487 1 1 0 1.0
0 79094 549 2194 1 1 1 1.0
0 174230 550 4520 1 10 0 1.0
0 144665 556 3680 1 1 1 1.0
0 147672 560 3907 1 1 0 1.0
0 148595 566 4046 1 10 1 1.0
0 65896 572 1872 1 1 0 1.0
0 89860 575 2108 1 10 1 1.0
0 126855 580 3081 1 50 1 1.0
0 158806 581 4061 1 1 0 1.0
0 119671 581 2659 1 1 1 1.0
0 79353 582 1874 1 1 1 1.0
0 74215 585 2162 1 1 1 1.0
0 177080 586 3920 1 10 1 1.0
0 170900 588 4091 1 1 1 1.0
0 79553 589 2135 1 1 0 1.0
0 106565 591 2469 1 1 0 1.0
0 160385 592 3806 1 1 1 1.0
0 94116 593 1963 1 1 0 1.0
0 142879 596 3808 1 1 1 1.0
0 64139 597 1438 1 1 0 1.0
0 147471 601 3186 1 10 1 1.0
0 143723 607 4199 1 1 1 1.0
0 178817 610 3686 1 1 1 1.0
0 161670 614 3527 1 1 0 1.0
0 169288 618 4186 1 1 0 1.0
0 138687 620 3415 1 10 1 1.0
0 150686 621 4166 1 10 0 1.0
0 178824 630 4092 1 10 1 1.0
0 118120 630 3505 1 1 0 1.0
0 63890 635 1804 1 10 1 1.0
0 114933 636 3327 1 10 1 1.0
0 111335 638 3103 1 1 0 1.0
0 128715 638 2683 1 1 1 1.0
0 78266 639 1668 1 1 0 1.0
0 168701 643 3568 1 1 0 1.0
0 134239 644 3886 1 1 0 1.0
0 178590 644 3607 1 50 0 1.0
0 137670 647 3778 1 10 0 1.0
0 98215 650 2610 1 10 1 1.0
0 157956 652 4186 1 10 1 1.0
0 162065 655 3610 1 1 0 1.0
0 143362 656 2958 1 10 1 1.0
0 169150 660 4300 1 1 1 1.0
0 141521 669 3794 1 1 0 1.0
0 178777 669 4290 1 10 1 1.0
0 109726 670 2221 1 1 1 1.0
0 150063 670 3297 1 50 0 1.0
0 156670 671 4008 1 1 0 1.0
0 124868 672 3578 1 1 1 1.0
0 78987 673 1807 1 10 1 1.0
0 140455 674 3238 1 10 1 1.0
0 118446 678 2719 1 50 0 1.0
0 104893 685 2157 1 1 0 1.0
0 78173 686 1676 1 1 1 1.0
0 149150 688 3045 1 1 0 1.0
0 99274 688 2807 1 1 1 1.0
0 126300 689 3270 1 1 1 1.0
0 174949 689 4290 1 10 1 1.0
0 70735 690 2119 1 1 0 1.0
0 78385 690 1871 1 1 1 1.0
0 101521 695 2324 1 10 0 1.0
0 67852 699 1904 1 10 1 1.0
0 67916 699 1802 1 1 1 1.0
0 99837 702 2370 1 1 1 1.0
0 95358 706 2228 1 10 0 1.0
0 113148 711 2423 1 10 0 1.0
0 64935 711 1437 1 10 0 1.0
0 74718 713 1558 1 1 1 1.0
0 146275 713 3406 1 1 1 1.0
0 79124 718 2262 1 1 0 1.0
0 80979 720 2150 1 10 1 1.0
0 71922 722 1802 1 1 1 1.0
0 79292 724 1794 1 10 1 1.0
0 107236 729 2577 1 1 1 1.0
0 131306 730 2956 1 10 0 1.0
0 68711 734 1416 1 10 0 1.0
0 68535 734 1836 1 1 0 1.0
0 120806 735 3330 1 1 0 1.0
0 145821 738 3484 1 50 0 1.0
0 77912 739 1698 1 1 1 1.0
0 122496 740 3321 1 10 1 1.0
0 94957 744 2408 1 1 1 1.0
0 91006 745 2267 1 50 0 1.0
0 146491 751 3268 1 1 0 1.0
0 94553 754 2029 1 1 1 1.0
0 116969 758 2539 1 10 0 1.0
0 151906 760 3784 1 1 1 1.0
0 85350 762 1808 1 10 1 1.0
0 149832 762 3677 1 1 0 1.0
0 100772 764 2452 1 1 1 1.0
0 112752 767 2836 1 10 0 1.0
0 153534 772 4410 1 1 1 1.0
0 85556 773 2271 1 50 0 1.0
0 165936 787 4867 1 1 1 1.0
0 144783 791 3266 1 50 0 1.0
0 102451 795 2261 1 10 1 1.0
0 104767 795 2945 1 1 0 1.0
0 160354 796 4630 1 1 0 1.0
0 103484 809 2285 1 50 1 1.0
0 143761 815 4229 1 1 0 1.0
0 171742 822 4002 1 1 1 1.0
0 114163 830 2412 1 1 0 1.0
0 99765 832 2164 1 10 0 1.0
0 80540 837 1904 1 1 1 1.0
0 178313 838 4527 1 1 1 1.0
0 152091 838 3291 1 1 1 1.0
0 72883 840 1691 1 1 1 1.0
0 143744 842 3367 1 10 1 1.0
0 169242 843 3868 1 10 0 1.0
0 67432 844 1537 1 1 1 1.0
0 165772 849 3456 1 1 1 1.0
0 84877 851 2218 1 10 0 1.0
0 126623 852 3583 1 1 1 1.0
0 125634 854 3423 1 1 0 1.0
0 170741 855 4303 1 10 1 1.0
0 87001 856 1755 1 50 0 1.0
0 149292 857 3719 1 1 1 1.0
0 168624 857 4156 1 10 0 1.0
0 109278 861 3132 1 1 0 1.0
0 135632 861 3627 1 10 0 1.0
0 129538 865 3644 1 1 1 1.0
0 72992 882 1681 1 10 1 1.0
0 81059 884 1652 1 1 1 1.0
0 163627 886 4409 1 10 1 1.0
0 63009 886 1691 1 1 1 1.0
0 118223 891 2557 1 10 0 1.0
0 64881 904 1937 1 10 1 1.0
0 60893 905 1230 1 10 1 1.0
0 125763 906 2888 1 1 1 1.0
0 116946 913 2367 1 10 0 1.0
0 132401 913 3323 1 10 0 1.0
0 119966 913 2709 1 1 0 1.0
0 111790 915 3073 1 10 1 1.0
0 156066 916 4161 1 1 1 1.0
0 167674 922 4569 1 10 0 1.0
0 61668 924 1400 1 1 1 1.0
0 175590 929 3996 1 1 0 1.0
0 172834 932 4002 1 10 0 1.0
0 97207 933 2543 1 1 1 1.0
0 73707 941 1497 1 1 0 1.0
0 147646 942 3720 1 1 1 1.0
0 151835 946 3433 1 1 0 1.0
0 128044 948 3053 1 10 1 1.0
0 146583 954 3188 1 1 0 1.0
0 78177 961 1913 1 10 1 1.0
0 135580 962 3613 1 10 1 1.0
0 101570 967 2089 1 10 0 1.0
0 104103 969 3089 1 10 1 1.0
0 175170 975 4530 1 1 0 1.0
0 157903 978 3767 1 10 1 1.0
0 137634 979 3911 1 10 1 1.0
0 96773 984 2757 1 1 1 1.0
0 153902 985 3841 1 10 0 1.0
0 73314 986 1575 1 1 1 1.0
0 61253 989 1516 1 1 0 1.0
0 89082 991 1901 1 1 1 1.0
0 170544 992 4350 1 1 1 1.0
0 138458 999 3296 1 1 0 1.0
0 93147 1002 2543 1 1 1 1.0
0 119262 1005 3101 1 10 1 1.0
0 68920 1006 1470 1 1 0 1.0
0 123880 1007 3581 1 1 0 1.0
0 106529 1007 2513 1 10 1 1.0
0 166668 1010 3747 1 1 1 1.0
0 177562 1010 3745 1 10 0 1.0
0 103092 1014 2403 1 1 0 1.0
0 171551 1015 3926 1 1 0 1.0
0 128133 1016 3715 1 1 0 1.0
0 176240 1016 5098 1 1 1 1.0
0 117648 1017 3356 1 1 0 1.0
0 143226 1029 3740 1 50 0 1.0
0 76708 1032 1962 1 1 0 1.0
0 158278 1034 4728 1 10 1 1.0
0 155270 1035 3804 1 1 1 1.0
0 158982 1039 4688 1 1 1 1.0
0 151848 1041 3165 1 50 0 1.0
0 173745 1041 4748 1 1 1 1.0
0 131490 1042 2825 1 1 0 1.0
0 125171 1049 2985 1 50 0 1.0
0 123589 1049 2633 1 10 1 1.0
0 64672 1052 1343 1 1 0 1.0
0 67219 1054 1562 1 10 1 1.0
0 145412 1056 4008 1 1 0 1.0
0 67975 1056 1615 1 10 1 1.0
0 166580 1058 4125 1 1 1 1.0
0 96533 1063 2212 1 1 1 1.0
0 93910 1066 2237 1 1 1 1.0
0 88960 1081 2604 1 1 0 1.0
0 134031 1084 3866 1 10 1 1.0
0 162469 1089 3470 1 1 1 1.0
0 145734 1089 3801 1 10 1 1.0
0 69672 1092 1666 1 1 1 1.0
0 79447 1095 1756 1 1 1 1.0
0 88490 1096 2477 1 10 0 1.0
0 140068 1098 3807 1 1 0 1.0
0 104192 1099 2373 1 10 0 1.0
0 89004 1100 2098 1 1 1 1.0
0 134265 1103 3253 1 1 1 1.0
0 134222 1103 3385 1 1 0 1.0
0 148643 1105 3678 1 10 1 1.0
0 132121 1106 3139 1 10 1 1.0
0 105754 1111 3041 1 10 1 1.0
0 118835 1112 3504 1 10 0 1.0
0 175435 1113 4905 1 1 1 1.0
0 93586 1113 2144 1 50 1 1.0
0 77285 1114 1833 1 1 0 1.0
0 65035 1121 1322 1 1 1 1.0
0 127627 1123 3034 1 10 1 1.0
0 76849 1123 1618 1 10 0 1.0
0 123581 1124 2770 1 1 1 1.0
0 66832 1125 1762 1 1 1 1.0
0 140153 1126 4156 1 1 0 1.0
0 101228 1129 2905 1 1 0 1.0
0 120167 1130 3045 1 1 0 1.0
0 139640 1132 3368 1 10 0 1.0
0 123325 1137 3364 1 10 0 1.0
0 105951 1138 2367 1 1 1 1.0
0 88479 1138 1858 1 1 0 1.0
0 74248 1139 1688 1 1 0 1.0
0 71960 1140 2049 1 10 0 1.0
0 119453 1140 3196 1 10 1 1.0
0 149956 1140 3054 1 50 1 1.0
0 120120 1141 2600 1 10 0 1.0
0 60985 1145 1420 1 1 0 1.0
0 111096 1146 2411 1 1 0 1.0
0 100554 1147 2743 1 50 1 1.0
0 99839 1148 2767 1 10 1 1.0
0 136957 1152 4087 1 10 1 1.0
0 100946 1152 2686 1 1 0 1.0
0 67834 1155 1913 1 10 1 1.0
0 61030 1156 1519 1 50 0 1.0
0 139266 1163 3063 1 1 0 1.0
0 64101 1168 1772 1 1 1 1.0
0 73435 1172 1637 1 1 0 1.0
0 91074 1172 2382 1 10 1 1.0
0 95679 1173 2610 1 1 1 1.0
0 116462 1175 3082 1 1 1 1.0
0 165516 1182 4181 1 10 1 1.0
0 147583 1185 4068 1 1 1 1.0
0 86042 1189 2050 1 1 0 1.0
0 127944 1189 3691 1 50 1 1.0
0 179674 1191 5078 1 1 1 1.0
0 69295 1206 1981 1 10 0 1.0
0 70678 1207 1680 1 10 0 1.0
0 104182 1208 2878 1 10 0 1.0
0 127911 1210 3037 1 1 0 1.0
0 63405 1210 1842 1 50 0 1.0
0 179351 1212 4087 1 1 0 1.0
0 102275 1213 2351 1 10 1 1.0
0 74320 1219 1959 1 1 0 1.0
0 149244 1223 4008 1 1 0 1.0
0 148373 1227 3100 1 10 1 1.0
0 115108 1232 2372 1 10 0 1.0
0 179427 1233 4918 1 1 0 1.0
0 145916 1238 4332 1 1 1 1.0
0 151898 1243 3141 1 1 0 1.0
0 92589 1245 2750 1 1 0 1.0
0 92647 1253 2108 1 1 0 1.0
0 71572 1255 1860 1 1 1 1.0
0 107235 1260 2542 1 1 0 1.0
0 164949 1261 3631 1 50 1 1.0
0 165950 1261 4068 1 10 1 1.0
0 80246 1263 2054 1 10 0 1.0
0 177414 1266 4863 1 1 0 1.0
0 149230 1271 3044 1 1 1 1.0
0 164113 1272 4786 1 1 1 1.0
0 165836 1274 3596 1 10 0 1.0
0 173056 1274 4586 1 1 0 1.0
0 64472 1276 1358 1 1 1 1.0
0 137992 1277 3717 1 1 1 1.0
0 123352 1281 2764 1 1 0 1.0
0 82899 1294 2149 1 1 1 1.0
0 72164 1294 2099 1 1 0 1.0
0 140357 1298 3979 1 10 1 1.0
0 112410 1300 2306 1 1 1 1.0
0 121235 1303 2931 1 1 1 1.0
0 127257 1304 2868 1 1 1 1.0
0 86710 1306 1909 1 1 0 1.0
0 84715 1308 2035 1 10 1 1.0
0 117503 1308 2819 1 50 0 1.0
0 62123 1309 1715 1 1 1 1.0
0 121806 1310 3410 1 1 1 1.0
0 153582 1314 4372 1 10 1 1.0
0 109206 1314 2267 1 1 0 1.0
0 102058 1319 3053 1 1 0 1.0
0 81636 1321 2279 1 10 0 1.0
0 125660 1322 3031 1 1 1 1.0
0 100238 1323 2419 1 10 1 1.0
0 101346 1325 2591 1 10 1 1.0
0 62092 1326 1677 1 1 1 1.0
0 159214 1328 4643 1 1 0 1.0
0 172220 1329 4011 1 1 0 1.0
0 164800 1331 3452 1 10 1 1.0
0 65667 1333 1641 1 50 0 1.0
0 83574 1338 2252 1 1 0 1.0
0 121737 1339 3135 1 10 1 1.0
0 77470 1340 1999 1 1 1 1.0
0 154347 1343 3350 1 50 0 1.0
0 179870 1348 3840 1 10 0 1.0
0 103747 1357 2236 1 1 1 1.0
0 132496 1363 3309 1 10 1 1.0
0 150450 1365 3394 1 1 0 1.0
0 108222 1374 2767 1 1 0 1.0
0 168072 1376 4910 1 1 1 1.0
0 109278 1378 2827 1 1 0 1.0
0 165834 1381 4867 1 1 1 1.0
0 164501 1384 3761 1 10 0 1.0
0 146061 1385 3209 1 1 1 1.0
0 151204 1385 4257 1 10 0 1.0
0 126929 1388 3754 1 10 1 1.0
0 136211 1390 3661 1 50 0 1.0
0 109437 1392 2366 1 1 0 1.0
0 169587 1393 3450 1 10 1 1.0
0 134451 1395 2799 1 1 0 1.0
0 68287 1396 1659 1 1 0 1.0
0 142581 1396 3812 1 10 0 1.0
0 91950 1401 2568 1 50 1 1.0
0 80264 1402 1635 1 10 1 1.0
0 151587 1405 3741 1 10 0 1.0
0 108730 1406 2409 1 1 0 1.0
0 168245 1408 3924 1 10 0 1.0
0 118729 1410 3475 1 1 0 1.0
0 130609 1410 3358 1 1 1 1.0
0 73846 1414 1652 1 50 1 1.0
0 95592 1416 2627 1 10 0 1.0
0 114417 1421 2455 1 10 1 1.0
0 68402 1429 1617 1 1 0 1.0
0 114697 1436 2607 1 10 0 1.0
0 150165 1436 4497 1 1 1 1.0
0 171291 1439 4685 1 10 0 1.0
0 105335 1439 2392 1 1 0 1.0
0 79286 1440 1939 1 1 0 1.0
0 85839 1449 2010 1 1 0 1.0
0 143483 1459 4175 1 1 0 1.0
0 125720 1459 3450 1 10 0 1.0
0 76518 1460 1929 1 1 0 1.0
0 96708 1460 2051 1 1 1 1.0
0 122809 1461 3406 1 50 1 1.0
0 133243 1463 3189 1 10 0 1.0
0 135763 1464 2899 1 50 1 1.0
0 126701 1467 2953 1 10 1 1.0
0 63182 1468 1625 1 1 1 1.0
0 85357 1475 2017 1 1 0 1.0
0 102672 1475 2339 1 1 1 1.0
0 64916 1477 1876 1 1 1 1.0
0 154363 1479 3597 1 10 1 1.0
0 129342 1480 2819 1 10 0 1.0
0 129604 1481 3837 1 50 0 1.0
0 123499 1483 2846 1 10 1 1.0
0 78839 1485 2022 1 1 1 1.0
0 124224 1486 2740 1 10 1 1.0
0 139836 1489 3089 1 1 0 1.0
0 123407 1491 3389 1 1 0 1.0
0 164681 1491 3726 1 1 1 1.0
0 101657 1498 2849 1 1 0 1.0
0 140590 1501 3423 1 50 1 1.0
0 108846 1502 2919 1 10 0 1.0
0 176335 1502 4754 1 1 1 1.0
0 117549 1503 3226 1 50 1 1.0
0 122632 1508 2473 1 10 1 1.0
0 82849 1509 1866 1 1 0 1.0
0 168547 1510 4919 1 1 1 1.0
0 71011 1511 1816 1 1 1 1.0
0 133589 1512 2835 1 10 1 1.0
0 100856 1514 2298 1 1 0 1.0
0 95250 1519 2679 1 1 1 1.0
0 176021 1521 4362 1 10 0 1.0
0 166650 1524 4542 1 10 0 1.0
0 164031 1525 3640 1 50 0 1.0
0 171827 1527 4587 1 1 0 1.0
0 128460 1528 2626 1 50 0 1.0
0 144670 1531 2945 1 10 1 1.0
0 64625 1531 1449 1 1 0 1.0
0 86238 1531 2251 1 1 1 1.0
0 89792 1533 1916 1 1 1 1.0
0 160108 1533 3953 1 1 1 1.0
0 129195 1534 3490 1 10 1 1.0
0 121489 1534 2911 1 1 0 1.0
0 176384 1534 4791 1 10 1 1.0
0 166627 1535 3857 1 10 1 1.0
0 151930 1535 4551 1 50 0 1.0
0 69949 1541 1769 1 1 0 1.0
0 87377 1541 2137 1 1 1 1.0
0 81301 1545 2066 1 50 0 1.0
0 63357 1549 1838 1 10 0 1.0
0 157289 1552 4456 1 50 0 1.0
0 178955 1561 4984 1 1 0 1.0
0 158916 1563 4420 1 1 0 1.0
0 129842 1563 3750 1 10 0 1.0
0 110405 1567 3155 1 50 0 1.0
0 123939 1567 3081 1 10 0 1.0
0 79152 1568 1959 1 10 0 1.0
0 146253 1570 4074 1 1 1 1.0
0 109463 1579 3179 1 10 1 1.0
0 123745 1583 3545 1 1 1 1.0
0 66550 1585 1775 1 1 1 1.0
0 147280 1589 3618 1 10 0 1.0
0 101318 1590 2946 1 1 0 1.0
0 69358 1590 1391 1 10 0 1.0
0 132586 1590 2851 1 10 0 1.0
0 157030 1597 3206 1 1 1 1.0
0 166323 1598 4324 1 1 1 1.0
0 157420 1603 3892 1 1 1 1.0
0 60166 1606 1342 1 1 0 1.0
0 87468 1607 1829 1 1 1 1.0
0 143390 1609 3791 1 10 1 1.0
0 82797 1611 2340 1 1 0 1.0
0 93720 1616 2618 1 1 0 1.0
0 140623 1619 3895 1 1 0 1.0
0 100055 1622 2194 1 1 1 1.0
0 177572 1622 4453 1 1 1 1.0
0 85072 1628 1787 1 1 1 1.0
0 139364 1633 3135 1 1 1 1.0
0 114335 1635 3009 1 1 1 1.0
0 93239 1636 2196 1 50 1 1.0
0 125644 1643 2833 1 1 0 1.0
0 62782 1648 1508 1 1 1 1.0
0 162677 1648 3759 1 10 1 1.0
0 176748 1652 3557 1 10 0 1.0
0 63280 1653 1645 1 10 0 1.0
0 144161 1654 3744 1 1 0 1.0
0 174526 1658 3552 1 10 0 1.0
0 73097 1660 1796 1 1 1 1.0
0 168406 1661 3395 1 10 0 1.0
0 82959 1662 2144 1 1 0 1.0
0 62906 1664 1526 1 1 0 1.0
0 173158 1665 3811 1 1 0 1.0
0 76227 1668 1581 1 10 0 1.0
0 124297 1668 3045 1 10 1 1.0
0 123157 1672 3037 1 1 1 1.0
0 119975 1673 3530 1 1 1 1.0
0 136877 1679 3554 1 10 0 1.0
0 133808 1679 3459 1 1 0 1.0
0 172140 1679 3574 1 1 1 1.0
0 122554 1680 3455 1 1 1 1.0
0 152402 1681 4492 1 1 0 1.0
0 135812 1686 3279 1 1 1 1.0
0 147698 1694 3398 1 1 0 1.0
0 129610 1698 3249 1 10 0 1.0
0 169853 1698 4403 1 10 1 1.0
0 141962 1699 3559 1 1 0 1.0
0 109754 1700 2864 1 10 0 1.0
0 106919 1700 2167 1 1 0 1.0
0 179635 1704 3823 1 1 1 1.0
0 66381 1708 1557 1 10 0 1.0
0 149470 1710 3479 1 1 0 1.0
0 90650 1710 2140 1 10 1 1.0
0 60334 1712 1350 1 1 1 1.0
0 131469 1714 3857 1 1 0 1.0
0 168800 1718 4146 1 50 1 1.0
0 134115 1719 2746 1 1 0 1.0
0 151595 1721 3826 1 10 1 1.0
0 120210 1729 3590 1 10 1 1.0
0 87533 1730 2600 1 1 0 1.0
0 75373 1733 1819 1 50 0 1.0
0 130310 1743 2725 1 10 1 1.0
0 131186 1744 2848 1 1 0 1.0
0 145061 1745 4121 1 1 0 1.0
0 110184 1746 3100 1 1 1 1.0
0 84125 1747 1896 1 1 0 1.0
0 149093 1748 3255 1 10 0 1.0
0 170315 1756 4232 1 10 0 1.0
0 165636 1758 4108 1 1 1 1.0
0 150557 1759 3070 1 1 0 1.0
0 144910 1761 3014 1 1 0 1.0
0 129986 1765 3385 1 1 0 1.0
0 95571 1766 2176 1 1 0 1.0
0 82490 1768 1906 1 1 0 1.0
0 172678 1777 3692 1 1 1 1.0
0 108352 1787 2733 1 1 1 1.0
0 158593 1787 3725 1 1 1 1.0
0 174570 1788 3773 1 10 0 1.0
0 155244 1789 4258 1 1 0 1.0
0 150941 1789 4136 1 10 0 1.0
0 121543 1789 2649 1 1 0 1.0
0 167954 1793 3499 1 10 0 1.0
0 141393 1794 3883 1 1 1 1.0
0 139647 1796 3058 1 1 0 1.0
0 91173 1802 2032 1 1 1 1.0
0 84491 1805 1743 1 1 1 1.0
0 83203 1805 2081 1 1 0 1.0
0 124745 1812 3523 1 50 1 1.0
0 97512 1820 2757 1 10 1 1.0
0 70283 1823 1786 1 1 1 1.0
0 80540 1824 1834 1 10 1 1.0
0 137798 1825 3957 1 50 1 1.0
0 174240 1829 4741 1 1 0 1.0
0 127960 1831 3576 1 1 1 1.0
0 63409 1842 1528 1 1 0 1.0
0 61201 1844 1261 1 1 0 1.0
0 90237 1844 2495 1 10 0 1.0
0 68566 1845 1521 1 10 0 1.0
0 144229 1847 3851 1 1 0 1.0
0 118049 1847 2819 1 1 1 1.0
0 121707 1847 3051 1 10 0 1.0
0 154109 1848 4604 1 10 0 1.0
0 65721 1850 1718 1 1 0 1.0
0 143534 1853 4070 1 1 0 1.0
0 124543 1854 3113 1 10 0 1.0
0 119805 1854 3404 1 1 0 1.0
0 97730 1860 2540 1 10 0 1.0
0 72424 1860 1834 1 1 0 1.0
0 128783 1861 3453 1 1 0 1.0
0 165916 1865 3348 1 50 0 1.0
0 113290 1870 2729 1 1 1 1.0
0 91354 1877 1887 1 10 1 1.0
0 178382 1877 5345 1 1 1 1.0
0 163595 1881 3627 1 10 1 1.0
0 68620 1883 1973 1 1 0 1.0
0 61231 1886 1739 1 1 1 1.0
0 63791 1890 1736 1 10 0 1.0
0 129423 1902 3092 1 1 0 1.0
0 88596 1903 2567 1 1 0 1.0
0 153760 1905 3910 1 10 1 1.0
0 75649 1906 2135 1 1 0 1.0
0 172932 1906 3543 1 1 1 1.0
0 176439 1909 5246 1 1 0 1.0
0 142084 1919 4139 1 1 1 1.0
0 159801 1922 4059 1 10 1 1.0
0 134362 1924 2741 1 1 0 1.0
0 92441 1933 2176 1 10 1 1.0
0 178985 1934 4243 1 10 1 1.0
0 162001 1939 4699 1 1 0 1.0
0 169494 1939 4023 1 50 1 1.0
0 108265 1940 2496 1 1 0 1.0
0 179683 1943 4976 1 1 1 1.0
0 72690 1947 2063 1 10 1 1.0
0 154637 1947 3490 1 1 0 1.0
0 79143 1948 2258 1 1 0 1.0
0 164181 1952 3427 1 1 1 1.0
0 106370 1953 2658 1 1 1 1.0
0 108126 1954 2430 1 1 0 1.0
0 97676 1955 2794 1 1 0 1.0
0 130809 1956 2906 1 1 1 1.0
0 179687 1958 5185 1 1 0 1.0
0 119403 1959 3517 1 10 1 1.0
0 99539 1961 2764 1 50 1 1.0
0 156868 1961 3543 1 1 0 1.0
0 99135 1964 2142 1 1 1 1.0
0 61273 1964 1327 1 1 1 1.0
0 89120 1965 2210 1 10 0 1.0
0 167010 1967 4689 1 1 0 1.0
0 144626 1968 3042 1 10 0 1.0
0 70896 1969 1532 1 1 0 1.0
0 139328 1972 3103 1 1 0 1.0
0 61897 1976 1840 1 1 0 1.0
0 73609 1979 1651 1 10 0 1.0
0 166824 1985 3347 1 10 1 1.0
0 127252 1988 3178 1 1 1 1.0
0 80410 1989 1752 1 1 0 1.0
0 109234 1990 2536 1 10 0 1.0
0 168729 1993 4331 1 10 0 1.0
0 153067 1997 4088 1 1 1 1.0
0 92768 2003 2233 1 1 0 1.0
0 165432 2007 4537 1 1 0 1.0
0 162209 2008 3887 1 10 1 1.0
0 97826 2010 2836 1 10 0 1.0
0 112085 2020 2799 1 10 0 1.0
0 102725 2028 2621 1 10 1 1.0
0 78183 2029 2058 1 1 0 1.0
0 171487 2034 3494 1 1 1 1.0
0 60937 2041 1825 1 10 0 1.0
0 166287 2043 4364 1 1 0 1.0
0 157796 2044 3763 1 1 1 1.0
0 123763 2048 2512 1 1 0 1.0
0 151113 2049 3506 1 10 0 1.0
0 167504 2050 4556 1 1 1 1.0
0 107272 2051 2481 1 1 1 1.0
0 142838 2054 3466 1 1 0 1.0
0 78733 2055 1727 1 1 0 1.0
0 141104 2058 3385 1 10 0 1.0
0 173068 2064 4334 1 1 0 1.0
0 62749 2068 1642 1 1 1 1.0
0 132699 2072 3662 1 1 0 1.0
0 160089 2075 3277 1 1 1 1.0
0 68003 2078 1521 1 10 1 1.0
0 95961 2079 2283 1 10 1 1.0
0 151986 2080 3836 1 1 1 1.0
0 93341 2080 2739 1 1 1 1.0
0 145224 2082 3140 1 1 0 1.0
0 175508 2085 4077 1 10 0 1.0
0 109949 2087 3015 1 1 0 1.0
0 65204 2087 1738 1 10 0 1.0
0 113834 2090 2286 1 50 0 1.0
0 81592 2090 1987 1 1 1 1.0
0 117047 2090 2392 1 1 1 1.0
0 87736 2091 2407 1 1 1 1.0
0 60801 2093 1234 1 10 1 1.0
0 155433 2098 3566 1 1 1 1.0
0 116575 2106 3084 1 10 1 1.0
0 127079 2108 3734 1 1 1 1.0
0 99924 2108 2924 1 50 1 1.0
0 91445 2109 1934 1 1 0 1.0
0 152411 2109 3812 1 1 0 1.0
0 102960 2110 3006 1 1 1 1.0
0 116960 2110 2919 1 1 1 1.0
0 98757 2110 2949 1 50 0 1.0
0 146701 2111 3008 1 1 1 1.0
0 171771 2117 4036 1 10 0 1.0
0 91481 2117 2651 1 1 0 1.0
0 153257 2119 3198 1 10 0 1.0
0 110500 2119 3009 1 10 1 1.0
0 176981 2119 4763 1 10 0 1.0
0 148224 2120 3867 1 10 1 1.0
0 115534 2121 2341 1 1 0 1.0
0 155873 2121 4583 1 10 0 1.0
0 136095 2122 2748 1 1 1 1.0
0 76424 2125 1658 1 10 0 1.0
0 73372 2129 1974 1 50 1 1.0
0 179786 2130 4808 1 10 1 1.0
0 173622 2133 4226 1 1 1 1.0
0 74596 2133 2089 1 10 0 1.0
0 99615 2134 2080 1 50 0 1.0
0 118895 2137 3053 1 1 0 1.0
0 128793 2138 3371 1 10 1 1.0
0 118779 2139 2717 1 1 0 1.0
0 111659 2139 2651 1 1 1 1.0
0 72397 2141 1475 1 10 0 1.0
0 90413 2141 1817 1 1 1 1.0
0 107832 2142 2856 1 1 0 1.0
0 72899 2145 1724 1 1 0 1.0
0 109919 2150 3111 1 1 1 1.0
0 165418 2150 4908 1 1 0 1.0
0 175564 2155 4989 1 10 0 1.0
0 79154 2158 2148 1 1 0 1.0
0 104823 2163 3017 1 10 0 1.0
0 72681 2166 1624 1 1 0 1.0
0 159239 2168 4661 1 1 1 1.0
0 71410 2188 2032 1 1 1 1.0
0 104843 2188 2276 1 1 0 1.0
0 71508 2188 1639 1 10 0 1.0
0 77124 2189 1917 1 1 0 1.0
0 167806 2194 4339 1 50 1 1.0
0 155665 2195 3236 1 1 1 1.0
0 152282 2195 4127 1 1 1 1.0
0 128555 2196 2773 1 1 1 1.0
0 60893 2197 1348 1 10 1 1.0
0 159831 2198 4363 1 1 0 1.0
0 86666 2204 2359 1 1 1 1.0
0 129684 2204 2727 1 1 1 1.0
0 158937 2205 3576 1 1 1 1.0
0 132723 2206 2720 1 1 0 1.0
0 146648 2206 4205 1 1 1 1.0
0 84250 2208 1706 1 1 1 1.0
0 62513 2208 1808 1 50 1 1.0
0 81454 2216 1902 1 1 0 1.0
0 165468 2226 3366 1 10 1 1.0
0 167058 2229 3825 1 1 1 1.0
0 123864 2230 3073 1 10 1 1.0
0 109067 2231 3242 1 1 1 1.0
0 115296 2232 2654 1 1 1 1.0
0 150218 2232 3396 1 1 0 1.0
0 167488 2233 4726 1 1 0 1.0
0 78910 2244 2128 1 1 1 1.0
0 64048 2248 1779 1 10 1 1.0
0 136880 2249 2799 1 10 0 1.0
0 61464 2253 1698 1 10 0 1.0
0 127502 2254 3678 1 10 1 1.0
0 64712 2255 1662 1 1 1 1.0
0 174444 2256 3639 1 10 0 1.0
0 152802 2256 3568 1 50 0 1.0
0 104542 2260 3036 1 1 0 1.0
0 85580 2262 1936 1 50 0 1.0
0 174134 2263 4990 1 1 1 1.0
0 122815 2269 3351 1 1 1 1.0
0 179890 2271 4494 1 1 0 1.0
0 132069 2276 3910 1 1 0 1.0
0 94124 2277 1987 1 1 0 1.0
0 73654 2282 2049 1 10 1 1.0
0 164023 2284 3641 1 10 0 1.0
0 169411 2289 4924 1 1 0 1.0
0 106030 2289 2364 1 1 1 1.0
0 179695 2289 4325 1 1 0 1.0
0 162124 2294 4303 1 1 1 1.0
0 82845 2303 2196 1 1 0 1.0
0 73257 2315 1711 1 1 0 1.0
0 64150 2319 1398 1 1 0 1.0
0 118077 2320 2934 1 1 1 1.0
0 157476 2326 4573 1 1 1 1.0
0 64646 2328 1729 1 1 0 1.0
0 80125 2328 1777 1 50 1 1.0
0 81402 2329 1896 1 1 0 1.0
0 161695 2330 4136 1 1 0 1.0
0 118479 2333 3403 1 50 1 1.0
0 111438 2333 3156 1 1 1 1.0
0 112730 2333 2955 1 1 1 1.0
0 68183 2334 1605 1 1 1 1.0
0 146096 2335 4040 1 1 0 1.0
0 120387 2338 3606 1 50 1 1.0
0 99854 2339 2195 1 1 1 1.0
0 107172 2340 2749 1 10 1 1.0
0 178187 2340 4072 1 1 0 1.0
0 79442 2341 2226 1 1 0 1.0
0 68776 2342 1556 1 1 1 1.0
0 115838 2342 2449 1 1 0 1.0
0 123513 2343 3542 1 1 0 1.0
0 138456 2344 2868 1 50 0 1.0
0 149769 2349 3426 1 1 1 1.0
0 178121 2352 4765 1 1 0 1.0
0 162199 2352 3448 1 1 0 1.0
0 143840 2353 3433 1 1 1 1.0
0 145665 2354 4132 1 1 0 1.0
0 80435 2356 1951 1 1 1 1.0
0 72421 2357 1978 1 1 0 1.0
0 118460 2360 2852 1 10 1 1.0
0 145668 2361 4022 1 1 0 1.0
0 81558 2362 1896 1 10 0 1.0
0 161590 2363 3536 1 1 0 1.0
0 94191 2366 2173 1 1 0 1.0
0 78354 2370 2295 1 1 0 1.0
0 117668 2371 3387 1 1 0 1.0
0 172993 2371 4869 1 1 1 1.0
0 118354 2374 3270 1 1 0 1.0
0 72025 2377 1609 1 1 0 1.0
0 175726 2378 4897 1 1 1 1.0
0 153809 2380 3686 1 1 1 1.0
0 73690 2384 1746 1 50 0 1.0
0 142467 2384 3624 1 1 0 1.0
0 168305 2387 3701 1 1 0 1.0
0 98769 2389 2757 1 1 0 1.0
0 98459 2392 2758 1 1 0 1.0
0 71609 2393 1970 1 1 0 1.0
0 71801 2394 1986 1 1 0 1.0
0 75250 2398 1518 1 10 0 1.0
0 146248 2399 4359 1 10 1 1.0
0 101421 2401 2421 1 1 1 1.0
0 165864 2404 3877 1 50 1 1.0
0 73739 2404 2030 1 1 0 1.0
0 79407 2404 2355 1 10 0 1.0
0 93214 2406 2712 1 10 1 1.0
0 107307 2409 3009 1 1 0 1.0
0 87665 2409 1885 1 1 0 1.0
0 172673 2410 3712 1 1 0 1.0
0 168255 2416 3387 1 1 1 1.0
0 111193 2416 2814 1 1 1 1.0
0 80195 2419 2132 1 1 1 1.0
0 70112 2420 2005 1 1 0 1.0
0 109006 2425 2893 1 1 1 1.0
0 159229 2426 3932 1 1 1 1.0
0 140324 2428 3306 1 50 0 1.0
0 81138 2429 2249 1 1 1 1.0
0 85311 2432 2111 1 10 0 1.0
0 127913 2436 2769 1 1 1 1.0
0 163907 2436 4039 1 1 1 1.0
0 164837 2437 4801 1 1 1 1.0
0 117063 2437 3262 1 1 1 1.0
0 121027 2440 2454 1 1 1 1.0
0 158077 2441 4496 1 50 0 1.0
0 116232 2443 3474 1 1 0 1.0
0 60843 2446 1218 1 1 0 1.0
0 80080 2447 1971 1 10 1 1.0
0 174823 2447 3662 1 1 1 1.0
0 123147 2449 2491 1 1 1 1.0
0 64731 2460 1316 1 1 0 1.0
0 136589 2460 3167 1 1 1 1.0
0 159498 2464 4607 1 10 1 1.0
0 81836 2468 2119 1 10 0 1.0
0 72539 2470 1837 1 1 1 1.0
0 66506 2470 1406 1 1 0 1.0
0 155825 2474 3559 1 1 0 1.0
0 92388 2476 2755 1 1 1 1.0
0 146326 2477 3449 1 1 0 1.0
0 81061 2478 1806 1 1 1 1.0
0 171050 2479 4764 1 50 0 1.0
0 80593 2481 1840 1 10 0 1.0
0 125077 2481 3692 1 1 1 1.0
0 163504 2486 3346 1 1 0 1.0
0 160260 2487 3963 1 10 0 1.0
0 68014 2487 1863 1 10 1 1.0
0 86685 2487 2346 1 1 1 1.0
0 154316 2487 3647 1 1 0 1.0
0 102490 2490 2349 1 10 1 1.0
0 140378 2491 3302 1 1 1 1.0
0 128813 2492 3214 1 1 1 1.0
0 169637 2492 4410 1 10 0 1.0
0 144503 2493 3128 1 1 0 1.0
0 148913 2493 4150 1 50 0 1.0
0 164613 2496 4254 1 1 1 1.0
0 123794 2499 3561 1 50 0 1.0
0 165045 2500 3447 1 10 1 1.0
0 91100 2502 2281 1 10 1 1.0
0 158274 2504 4007 1 1 1 1.0
0 179837 2505 3692 1 1 1 1.0
0 88349 2505 1767 1 10 1 1.0
0 127480 2507 3414 1 1 1 1.0
0 170369 2509 4214 1 1 1 1.0
0 111931 2509 2298 1 1 0 1.0
0 112061 2509 2766 1 1 0 1.0
0 79538 2509 2047 1 1 0 1.0
0 160491 2512 4003 1 50 1 1.0
0 66460 2514 1649 1 1 1 1.0
0 80552 2515 1689 1 1 0 1.0
0 109579 2516 2222 1 1 0 1.0
0 164865 2519 3328 1 10 0 1.0
0 65300 2523 1416 1 1 1 1.0
0 102643 2526 2084 1 1 0 1.0
0 128148 2529 2995 1 1 1 1.0
0 84159 2535 2249 1 1 1 1.0
0 130523 2537 3112 1 1 0 1.0
0 150499 2541 4075 1 1 0 1.0
0 111928 2542 2835 1 1 1 1.0
0 152921 2542 4366 1 1 1 1.0
0 115154 2545 3410 1 1 1 1.0
0 130448 2546 3041 1 1 1 1.0
0 98707 2547 2185 1 1 0 1.0
0 121716 2548 2673 1 50 1 1.0
0 119722 2550 3050 1 1 0 1.0
0 105924 2553 2633 1 10 1 1.0
0 78451 2554 2335 1 1 0 1.0
0 142042 2554 3040 1 1 0 1.0
0 112427 2556 3017 1 1 1 1.0
0 178865 2557 4563 1 1 1 1.0
0 169629 2560 4783 1 1 0 1.0
0 95651 2564 1968 1 50 0 1.0
0 75462 2569 2227 1 1 0 1.0
0 131125 2573 3732 1 1 0 1.0
0 118467 2574 3455 1 1 1 1.0
0 136475 2576 3066 1 10 1 1.0
0 152741 2578 3392 1 1 1 1.0
0 126983 2581 3536 1 10 0 1.0
0 128719 2584 3269 1 1 1 1.0
0 73507 2587 1948 1 1 1 1.0
0 145059 2590 3905 1 1 0 1.0
0 73324 2594 1500 1 1 0 1.0
0 173483 2594 4161 1 10 1 1.0
0 70334 2595 1717 1 10 1 1.0
0 148401 2598 4219 1 10 1 1.0
0 110864 2600 3146 1 1 0 1.0
0 93261 2601 2646 1 1 0 1.0
0 105338 2603 2926 1 1 1 1.0
0 65666 2604 1754 1 1 1 1.0
0 178318 2604 4152 1 1 1 1.0
0 71650 2604 2071 1 1 1 1.0
0 89351 2605 2546 1 1 1 1.0
0 87402 2607 2224 1 1 0 1.0
0 88041 2614 1803 1 1 1 1.0
0 66049 2618 1656 1 1 1 1.0
0 168471 2620 4864 1 10 0 1.0
0 143692 2621 4102 1 1 1 1.0
0 97171 2623 2489 1 1 1 1.0
0 161038 2624 4053 1 1 0 1.0
0 149532 2631 3239 1 1 0 1.0
0 166512 2633 4097 1 1 1 1.0
0 138091 2640 3367 1 10 1 1.0
0 154874 2641 3334 1 10 0 1.0
0 133101 2645 3091 1 10 1 1.0
0 86946 2645 2596 1 10 0 1.0
0 64849 2648 1507 1 1 0 1.0
0 142857 2650 3707 1 1 1 1.0
0 146931 2650 4203 1 1 1 1.0
0 122748 2651 2991 1 1 1 1.0
0 87834 2652 2024 1 1 0 1.0
0 146079 2655 3134 1 10 1 1.0
0 150064 2659 3661 1 1 0 1.0
0 119585 2661 3273 1 50 1 1.0
0 102489 2662 2923 1 1 0 1.0
0 145668 2663 3222 1 1 0 1.0
0 159111 2666 4653 1 1 0 1.0
0 168384 2668 3654 1 1 0 1.0
0 96471 2669 2256 1 1 0 1.0
0 124905 2671 3534 1 10 1 1.0
0 84992 2677 2094 1 1 1 1.0
0 175350 2677 3669 1 1 1 1.0
0 166093 2681 3752 1 1 1 1.0
0 122443 2682 3303 1 1 0 1.0
0 88008 2682 2479 1 1 0 1.0
0 72430 2686 1847 1 1 1 1.0
0 163216 2691 3882 1 1 0 1.0
0 81246 2692 2406 1 10 0 1.0
0 87646 2692 2006 1 1 0 1.0
0 166076 2695 4263 1 1 1 1.0
0 95910 2695 2778 1 50 1 1.0
0 86961 2697 2513 1 1 0 1.0
0 117962 2698 3487 1 1 0 1.0
0 128824 2702 3385 1 1 0 1.0
0 125761 2702 3080 1 1 1 1.0
0 108674 2704 3135 1 1 1 1.0
0 152576 2707 3286 1 10 0 1.0
0 177604 2708 4417 1 1 1 1.0
0 63828 2710 1750 1 10 0 1.0
0 83088 2713 2025 1 1 0 1.0
0 89979 2713 2596 1 50 1 1.0
0 119798 2716 3304 1 1 0 1.0
0 81211 2719 2362 1 1 0 1.0
0 175304 2728 4297 1 10 0 1.0
0 130698 2729 3008 1 10 0 1.0
0 135112 2730 3292 1 10 0 1.0
0 153206 2731 3341 1 10 0 1.0
0 80556 2733 2412 1 1 1 1.0
0 97694 2736 2095 1 1 0 1.0
0 145834 2738 3696 1 50 0 1.0
0 79975 2750 1604 1 10 1 1.0
0 102420 2755 2344 1 50 1 1.0
0 63298 2763 1826 1 1 0 1.0
0 72435 2764 1734 1 1 0 1.0
0 137069 2764 3009 1 1 0 1.0
0 136457 2774 3329 1 10 1 1.0
0 104146 2776 2747 1 1 1 1.0
0 79949 2777 1749 1 1 1 1.0
0 106112 2777 2665 1 1 0 1.0
0 103291 2778 2332 1 10 1 1.0
0 172520 2779 3709 1 1 1 1.0
0 177869 2780 3816 1 1 0 1.0
0 136230 2785 3000 1 50 0 1.0
0 77996 2786 2040 1 1 0 1.0
0 112142 2786 2868 1 50 1 1.0
0 129340 2788 2960 1 1 0 1.0
0 75602 2791 2026 1 1 1 1.0
0 115077 2793 3211 1 1 0 1.0
0 84509 2795 2044 1 1 1 1.0
0 132083 2796 3660 1 1 1 1.0
0 76722 2800 1796 1 1 1 1.0
0 94758 2800 2477 1 10 0 1.0
0 164345 2803 4137 1 10 1 1.0
0 91446 2812 2371 1 1 0 1.0
0 88274 2814 2362 1 1 1 1.0
0 101098 2819 2968 1 10 0 1.0
0 150619 2820 4465 1 50 0 1.0
0 130805 2824 3468 1 10 0 1.0
0 174854 2827 3842 1 1 0 1.0
0 100368 2827 2481 1 10 0 1.0
0 164168 2828 4688 1 10 1 1.0
0 87507 2829 2299 1 1 1 1.0
0 67933 2830 1962 1 1 1 1.0
0 139372 2832 3326 1 1 1 1.0
0 77986 2835 1690 1 1 1 1.0
0 128817 2842 2680 1 10 1 1.0
0 117565 2844 2860 1 1 1 1.0
0 76243 2847 1925 1 1 1 1.0
0 112937 2849 2388 1 1 0 1.0
0 127333 2850 3279 1 1 0 1.0
0 69599 2853 1554 1 50 0 1.0
0 73612 2853 1526 1 10 1 1.0
0 157412 2855 3639 1 1 1 1.0
0 121624 2857 2821 1 1 1 1.0
0 127664 2858 3420 1 10 1 1.0
0 74405 2859 2041 1 1 1 1.0
0 125851 2860 2954 1 1 1 1.0
0 175120 2861 3657 1 10 1 1.0
0 136132 2861 3689 1 1 1 1.0
0 80291 2862 1713 1 1 1 1.0
0 138876 2862 4112 1 10 1 1.0
0 91891 2863 2285 1 1 1 1.0
0 93741 2864 2598 1 10 1 1.0
0 76829 2870 2102 1 10 1 1.0
0 112506 2875 2338 1 50 1 1.0
0 113666 2877 2892 1 1 1 1.0
0 93671 2879 2783 1 50 0 1.0
0 154559 2879 3150 1 1 0 1.0
0 133225 2880 3333 1 1 1 1.0
0 104660 2881 2887 1 1 0 1.0
0 164697 2881 4520 1 50 1 1.0
0 174178 2883 4213 1 1 1 1.0
0 66044 2886 1620 1 10 0 1.0
0 91375 2888 2573 1 1 1 1.0
0 157437 2892 3247 1 1 1 1.0
0 166511 2892 4573 1 1 0 1.0
0 143278 2894 3694 1 50 1 1.0
0 69689 2895 2080 1 1 0 1.0
0 71357 2897 1888 1 10 0 1.0
0 106964 2898 3175 1 10 0 1.0
0 138307 2899 4123 1 10 0 1.0
0 132792 2901 2829 1 1 0 1.0
0 177517 2901 4039 1 1 0 1.0
0 170385 2902 5039 1 1 1 1.0
0 139350 2903 2962 1 1 0 1.0
0 129576 2903 3202 1 10 0 1.0
0 135181 2906 3817 1 1 1 1.0
0 108923 2907 2541 1 1 0 1.0
0 114964 2907 2845 1 10 0 1.0
0 171469 2910 3441 1 10 1 1.0
0 110594 2910 3213 1 1 0 1.0
0 75517 2912 2179 1 1 0 1.0
0 109490 2914 2514 1 1 0 1.0
0 87714 2916 1963 1 1 1 1.0
0 134867 2918 3124 1 1 0 1.0
0 108318 2925 2487 1 1 1 1.0
0 98356 2930 2457 1 1 0 1.0
0 141433 2932 3832 1 1 1 1.0
0 111379 2932 3021 1 1 0 1.0
0 145574 2936 4171 1 1 0 1.0
0 155939 2937 4675 1 1 0 1.0
0 122375 2938 2738 1 10 1 1.0
0 170404 2943 3531 1 10 0 1.0
0 77733 2946 1940 1 1 1 1.0
0 135276 2947 2817 1 1 1 1.0
0 179400 2948 3800 1 10 0 1.0
0 167098 2948 4929 1 10 0 1.0
0 108063 2950 2357 1 1 1 1.0
0 89979 2950 2656 1 1 1 1.0
0 110283 2951 2416 1 1 1 1.0
0 123125 2954 3238 1 10 0 1.0
0 113314 2955 3248 1 1 1 1.0
0 81709 2956 1891 1 1 0 1.0
0 143700 2961 3729 1 1 1 1.0
0 99444 2964 2712 1 1 1 1.0
0 135974 2966 3346 1 1 1 1.0
0 85601 2973 1999 1 1 0 1.0
0 172030 2974 4305 1 10 0 1.0
0 167126 2978 4923 1 1 0 1.0
0 177303 2978 4897 1 1 1 1.0
0 129558 2981 3556 1 10 1 1.0
0 72912 2982 1525 1 1 1 1.0
0 98432 2989 2289 1 10 0 1.0
0 146037 2992 4069 1 1 0 1.0
0 112317 2995 3216 1 10 1 1.0
0 86860 2995 2482 1 1 0 1.0
0 68709 3001 1544 1 1 0 1.0
0 121511 3003 3175 1 10 0 1.0
0 159875 3006 3554 1 50 0 1.0
0 125325 3010 3284 1 10 1 1.0
0 106661 3013 3022 1 1 1 1.0
0 155649 3016 3820 1 10 0 1.0
0 159998 3017 4722 1 1 0 1.0
0 105931 3029 2731 1 10 0 1.0
0 152740 3030 3771 1 1 1 1.0
0 129890 3030 3636 1 1 0 1.0
0 122902 3032 2499 1 10 0 1.0
0 117739 3033 3442 1 10 0 1.0
0 103412 3035 2569 1 1 0 1.0
0 117651 3041 3032 1 10 0 1.0
0 169400 3045 4802 1 1 1 1.0
0 110795 3047 2774 1 10 0 1.0
0 100526 3052 2523 1 1 0 1.0
0 117651 3053 3149 1 10 0 1.0
0 76683 3053 2159 1 10 1 1.0
0 134892 3057 2838 1 50 1 1.0
0 112250 3059 3120 1 10 1 1.0
0 139645 3059 3643 1 1 0 1.0
0 138082 3065 3147 1 10 1 1.0
0 99013 3067 2239 1 1 1 1.0
0 92967 3076 2503 1 1 1 1.0
0 83864 3077 1872 1 1 0 1.0
0 105570 3078 2390 1 10 0 1.0
0 95896 3083 2595 1 1 1 1.0
0 91286 3086 2578 1 1 1 1.0
0 69454 3087 2054 1 10 0 1.0
0 87846 3087 2106 1 10 1 1.0
0 177766 3087 4875 1 1 0 1.0
0 103628 3092 2154 1 1 0 1.0
0 147356 3098 3589 1 1 0 1.0
0 119950 3102 2457 1 1 1 1.0
0 102188 3102 2057 1 10 0 1.0
0 88118 3103 1836 1 10 1 1.0
0 79782 3109 1890 1 1 1 1.0
0 141095 3111 4037 1 1 0 1.0
0 80545 3111 1722 1 1 0 1.0
0 136736 3117 3375 1 1 1 1.0
0 119920 3121 2924 1 50 1 1.0
0 91558 3122 2004 1 50 1 1.0
0 121011 3123 2671 1 10 1 1.0
0 72355 3123 1629 1 1 1 1.0
0 110553 3134 2333 1 1 1 1.0
0 170062 3136 4281 1 1 1 1.0
0 137354 3137 2749 1 10 0 1.0
0 67534 3138 1882 1 10 1 1.0
0 141798 3139 2970 1 1 1 1.0
0 162541 3141 4490 1 1 1 1.0
0 148816 3149 3955 1 50 0 1.0
0 179090 3149 4003 1 10 1 1.0
0 153156 3149 4203 1 10 0 1.0
0 137925 3152 3439 1 10 1 1.0
0 168798 3153 3545 1 1 1 1.0
0 168181 3157 3574 1 10 0 1.0
0 121984 3157 3074 1 1 0 1.0
0 96596 3159 2689 1 10 0 1.0
0 152444 3159 4081 1 50 0 1.0
0 171657 3159 4064 1 50 1 1.0
0 153519 3161 4406 1 1 1 1.0
0 171318 3162 3949 1 1 0 1.0
0 98272 3162 2815 1 1 1 1.0
0 166930 3163 3845 1 1 0 1.0
0 133192 3164 2956 1 10 1 1.0
0 128340 3165 3431 1 50 0 1.0
0 94009 3167 2233 1 10 0 1.0
0 94518 3172 2145 1 1 0 1.0
0 168080 3173 4264 1 1 0 1.0
0 115229 3173 3240 1 1 1 1.0
0 76269 3175 2274 1 1 0 1.0
0 72193 3175 1671 1 10 1 1.0
0 62636 3176 1833 1 1 1 1.0
0 68196 3181 1860 1 1 0 1.0
0 110072 3184 2428 1 1 0 1.0
0 107125 3188 2733 1 1 0 1.0
0 117576 3188 2498 1 1 1 1.0
0 85103 3189 2297 1 1 0 1.0
0 125181 3190 2628 1 1 1 1.0
0 165166 3191 4844 1 1 1 1.0
0 176960 3193 4749 1 10 0 1.0
0 78090 3194 1999 1 1 1 1.0
0 135106 3195 3151 1 1 1 1.0
0 146882 3197 3970 1 10 1 1.0
0 169616 3198 4074 1 1 0 1.0
0 104155 3203 2300 1 10 0 1.0
0 165157 3207 3303 1 1 1 1.0
0 120592 3207 3002 1 1 0 1.0
0 117897 3209 2993 1 1 1 1.0
0 76006 3212 1730 1 1 0 1.0
0 152373 3214 3543 1 10 0 1.0
0 95826 3220 2594 1 1 1 1.0
0 88231 3224 2023 1 1 0 1.0
0 105195 3224 2377 1 1 0 1.0
0 87374 3224 2485 1 1 0 1.0
0 69803 3226 1435 1 1 0 1.0
0 132442 3228 3966 1 1 0 1.0
0 133920 3232 3789 1 1 1 1.0
0 179312 3234 3665 1 10 1 1.0
0 158127 3234 4055 1 10 1 1.0
0 94548 3236 2749 1 1 1 1.0
0 73481 3239 1762 1 1 0 1.0
0 115223 3244 2701 1 1 1 1.0
0 154972 3246 3996 1 50 0 1.0
0 119005 3247 2428 1 10 1 1.0
0 175822 3250 3642 1 10 1 1.0
0 110097 3251 2764 1 50 0 1.0
0 123293 3251 2509 1 1 0 1.0
0 130528 3252 3288 1 1 0 1.0
0 118973 3257 3315 1 1 1 1.0
0 143362 3257 3759 1 10 1 1.0
0 91562 3262 2486 1 1 1 1.0
0 65754 3264 1893 1 10 0 1.0
0 147089 3267 3198 1 10 0 1.0
0 112622 3271 2664 1 10 0 1.0
0 133087 3272 3477 1 1 0 1.0
0 83265 3276 2386 1 1 0 1.0
0 170345 3277 3599 1 1 1 1.0
0 124154 3278 3608 1 1 1 1.0
0 121907 3284 3619 1 10 1 1.0
0 178992 3288 4454 1 1 0 1.0
0 142361 3292 3190 1 1 1 1.0
0 102074 3293 2231 1 1 0 1.0
0 108044 3293 3164 1 10 1 1.0
0 131776 3296 2884 1 1 1 1.0
0 101058 3296 2376 1 10 1 1.0
0 141262 3301 3313 1 1 1 1.0
0 123417 3301 3293 1 10 0 1.0
0 70292 3305 1950 1 10 1 1.0
0 126356 3309 2702 1 1 1 1.0
0 101385 3310 2175 1 1 1 1.0
0 115867 3313 3061 1 1 1 1.0
0 67369 3313 1411 1 1 0 1.0
0 95887 3316 1994 1 1 1 1.0
0 139127 3316 4133 1 10 1 1.0
0 174624 3317 5056 1 10 0 1.0
0 66990 3317 1567 1 1 1 1.0
0 124899 3318 3491 1 1 0 1.0
0 120929 3319 3505 1 10 0 1.0
0 138115 3321 3169 1 1 0 1.0
0 135206 3327 2972 1 1 1 1.0
0 85933 3327 2279 1 1 0 1.0
0 89765 3328 1813 1 1 0 1.0
0 127256 3329 3117 1 10 1 1.0
0 173704 3332 5173 1 1 1 1.0
0 158644 3333 3811 1 1 0 1.0
0 121470 3333 3022 1 10 1 1.0
0 143809 3335 3787 1 1 0 1.0
0 101881 3335 2070 1 10 1 1.0
0 85468 3336 1847 1 1 1 1.0
0 71396 3337 2102 1 50 1 1.0
0 133421 3339 3627 1 1 0 1.0
0 125498 3340 2939 1 1 1 1.0
0 123462 3341 3615 1 1 1 1.0
0 154923 3342 4645 1 10 0 1.0
0 101542 3345 2688 1 1 1 1.0
0 121733 3346 2866 1 1 1 1.0
0 167199 3347 3574 1 1 0 1.0
0 95701 3350 2044 1 10 0 1.0
0 161931 3351 3536 1 50 1 1.0
0 73818 3351 1843 1 1 1 1.0
0 85631 3352 2053 1 1 1 1.0
0 143616 3353 3866 1 10 1 1.0
0 166573 3355 4702 1 50 1 1.0
0 79969 3356 2382 1 10 1 1.0
0 117508 3358 3385 1 1 1 1.0
0 175871 3362 3729 1 1 1 1.0
0 158653 3365 3863 1 50 1 1.0
0 133678 3365 2994 1 1 1 1.0
0 149739 3366 4404 1 1 0 1.0
0 107126 3367 2759 1 1 0 1.0
0 158416 3371 4388 1 10 1 1.0
0 92770 3374 2658 1 1 1 1.0
0 154634 3376 4041 1 50 1 1.0
0 114062 3376 3040 1 1 1 1.0
0 112990 3384 2312 1 1 1 1.0
0 155414 3385 3755 1 10 0 1.0
0 120623 3387 2483 1 1 0 1.0
0 70831 3394 1789 1 10 0 1.0
0 116228 3395 2707 1 1 0 1.0
0 75369 3398 1977 1 1 0 1.0
0 135938 3400 3899 1 50 0 1.0
0 164332 3405 3329 1 1 1 1.0
0 107801 3410 2484 1 10 0 1.0
0 140335 3411 3262 1 1 0 1.0
0 91361 3413 2693 1 10 1 1.0
0 106488 3416 3001 1 1 0 1.0
0 75741 3418 1752 1 10 0 1.0
0 133698 3422 3067 1 10 1 1.0
0 89852 3423 2097 1 50 0 1.0
0 173335 3428 4601 1 10 1 1.0
0 166236 3430 4575 1 10 0 1.0
0 127484 3431 3330 1 1 0 1.0
0 142794 3431 4218 1 10 1 1.0
0 161298 3433 4773 1 1 0 1.0
0 169261 3437 4185 1 10 0 1.0
0 115673 3438 3309 1 1 1 1.0
0 169225 3438 4693 1 1 1 1.0
0 90730 3441 2343 1 1 0 1.0
0 102135 3442 2549 1 1 1 1.0
0 131234 3443 2900 1 1 1 1.0
0 99665 3444 2430 1 1 0 1.0
0 83666 3445 2425 1 50 1 1.0
0 142607 3447 3541 1 1 0 1.0
0 151074 3447 3132 1 1 1 1.0
0 101657 3449 2488 1 50 1 1.0
0 125819 3449 3093 1 10 0 1.0
0 101973 3451 2117 1 1 1 1.0
0 105237 3453 2692 1 1 1 1.0
0 171382 3457 4768 1 1 1 1.0
0 139602 3458 3721 1 1 1 1.0
0 138566 3459 3453 1 10 1 1.0
0 151116 3466 4357 1 10 0 1.0
0 170232 3468 3993 1 50 1 1.0
0 164272 3477 3303 1 1 0 1.0
0 147353 3478 3409 1 1 1 1.0
0 82837 3479 2418 1 50 0 1.0
0 95255 3481 1931 1 1 0 1.0
0 74151 3481 1848 1 1 0 1.0
0 62627 3487 1632 1 50 1 1.0
0 61052 3488 1433 1 1 1 1.0
0 175089 3490 4265 1 10 1 1.0
0 169235 3492 3985 1 10 0 1.0
0 70881 3494 2080 1 10 0 1.0
0 71961 3500 1597 1 1 1 1.0
0 171378 3501 3721 1 10 0 1.0
0 87718 3502 1814 1 1 0 1.0
0 150149 3505 3273 1 1 0 1.0
0 134697 3505 3754 1 1 1 1.0
0 72701 3510 1533 1 1 0 1.0
0 140585 3513 3335 1 1 1 1.0
0 78877 3514 2099 1 10 0 1.0
0 110585 3514 2932 1 1 0 1.0
0 81066 3516 1896 1 10 0 1.0
0 143801 3520 2888 1 10 0 1.0
0 106213 3521 2547 1 1 1 1.0
0 179389 3522 4564 1 1 1 1.0
0 90869 3526 1902 1 1 0 1.0
0 140628 3527 3221 1 1 0 1.0
0 114475 3531 2720 1 1 1 1.0
0 163881 3531 3842 1 1 0 1.0
0 132240 3533 2965 1 10 1 1.0
0 102497 3534 2456 1 1 1 1.0
0 68386 3534 1790 1 10 0 1.0
0 163848 3535 4074 1 10 1 1.0
0 160533 3536 4329 1 10 1 1.0
0 139552 3537 2954 1 1 1 1.0
0 129935 3539 2629 1 1 0 1.0
0 157831 3544 3699 1 1 1 1.0
0 132586 3549 3171 1 1 0 1.0
0 108737 3550 2975 1 1 1 1.0
0 91911 3552 1887 1 1 0 1.0
0 136721 3554 3890 1 10 1 1.0
0 170460 3558 3912 1 10 1 1.0
0 108381 3558 3211 1 50 1 1.0
0 65935 3559 1805 1 50 1 1.0
0 132103 3561 3572 1 1 1 1.0
0 67587 3565 1720 1 50 1 1.0
0 81122 3565 1703 1 10 1 1.0
0 89661 3570 2503 1 1 1 1.0
0 152917 3572 3285 1 1 0 1.0
0 129950 3573 3086 1 1 1 1.0
0 76132 3573 1920 1 1 0 1.0
0 125987 3574 2644 1 1 0 1.0
0 173322 3577 4372 1 1 0 1.0
0 101488 3580 2394 1 1 0 1.0
0 106850 3585 2342 1 1 1 1.0
0 151227 3588 3210 1 1 0 1.0
0 101079 3589 2263 1 1 0 1.0
0 68848 3591 1436 1 10 1 1.0
0 153176 3592 4431 1 1 1 1.0
0 154357 3592 3891 1 50 1 1.0
