1500
1 80468 7 2283 1 1 1 0.8
1 102445 8 2786 1 10 0 0.8
1 86161 10 2094 1 1 1 0.8
1 148505 12 4192 1 10 1 0.8
1 177805 14 4099 1 1 1 0.8
1 102836 19 2853 1 1 0 0.8
1 104420 19 3113 1 1 1 0.8
1 92997 23 1889 1 1 1 0.8
1 126910 24 2738 1 1 1 0.8
1 126471 32 3253 1 1 1 0.8
1 154097 34 3741 1 1 1 0.8
1 136640 35 2906 1 10 1 0.8
1 171179 46 3830 1 1 0 0.8
1 121547 47 3229 1 10 0 0.8
1 136519 49 2900 1 10 1 0.8
1 173416 51 5064 1 1 1 0.8
1 66910 57 1444 1 1 1 0.8
1 108808 61 3057 1 10 0 0.8
1 100071 64 2114 1 10 1 0.8
1 82606 66 1789 1 1 0 0.8
1 75602 66 1589 1 1 1 0.8
1 79029 66 1649 1 1 0 0.8
1 104372 66 2760 1 1 0 0.8
1 145735 67 3686 1 10 0 0.8
1 100265 68 2406 1 10 0 0.8
1 95530 71 2416 1 1 0 0.8
1 167642 71 4242 1 10 1 0.8
1 68286 76 2018 1 1 1 0.8
1 165269 77 3650 1 1 0 0.8
1 168106 78 3816 1 1 0 0.8
1 138973 78 3990 1 50 0 0.8
1 147280 79 4259 1 1 0 0.8
1 115203 79 2500 1 1 0 0.8
1 115198 85 2393 1 1 1 0.8
1 178310 86 4276 1 10 0 0.8
1 113411 86 3121 1 10 1 0.8
1 119907 87 3207 1 10 0 0.8
1 149160 90 3059 1 1 0 0.8
1 92501 90 2653 1 1 0 0.8
1 122988 90 3176 1 1 0 0.8
1 127112 90 3291 1 1 1 0.8
1 131071 102 3790 1 10 1 0.8
1 149879 106 3717 1 10 1 0.8
1 80089 108 1916 1 1 1 0.8
1 137369 113 3251 1 10 1 0.8
1 140967 113 2874 1 1 1 0.8
1 151197 122 4321 1 10 1 0.8
1 137442 124 2962 1 10 0 0.8
1 117878 125 3522 1 1 1 0.8
1 140580 127 3249 1 1 1 0.8
1 81573 128 2397 1 1 0 0.8
1 105970 130 2521 1 10 0 0.8
1 61689 134 1251 1 50 1 0.8
1 103506 136 2203 1 1 0 0.8
1 174154 138 4761 1 10 1 0.8
1 107531 139 2462 1 10 0 0.8
1 62530 141 1393 1 10 0 0.8
1 74533 147 2122 1 10 1 0.8
1 72425 148 1895 1 1 0 0.8
1 85384 150 2103 1 50 0 0.8
1 158700 151 3646 1 1 1 0.8
1 70719 155 1537 1 1 0 0.8
1 101310 157 2746 1 1 0 0.8
1 118785 158 3252 1 10 1 0.8
1 159932 162 4180 1 1 0 0.8
1 146745 165 3587 1 1 0 0.8
1 97163 169 2513 1 1 1 0.8
1 68004 170 1847 1 10 0 0.8
1 92786 180 2194 1 10 0 0.8
1 83949 183 2114 1 1 0 0.8
1 99776 184 2313 1 1 0 0.8
1 114519 188 3302 1 10 1 0.8
1 131399 190 3094 1 50 0 0.8
1 97107 190 2246 1 1 1 0.8
1 87309 194 1874 1 50 1 0.8
1 165788 200 4080 1 10 1 0.8
1 104071 201 2948 1 1 0 0.8
1 167212 207 4535 1 1 0 0.8
1 78145 208 2262 1 1 0 0.8
1 85599 208 2513 1 1 1 0.8
1 132204 212 3165 1 1 1 0.8
1 90962 214 2045 1 1 1 0.8
1 65406 214 1475 1 1 1 0.8
1 169563 217 4218 1 1 1 0.8
1 133821 217 2728 1 1 1 0.8
1 132174 221 3164 1 1 0 0.8
1 107310 221 2974 1 50 0 0.8
1 171000 222 3598 1 1 0 0.8
1 175040 226 4680 1 1 0 0.8
1 81595 228 2040 1 10 0 0.8
1 60036 230 1477 1 1 0 0.8
1 174546 232 5033 1 10 0 0.8
1 156147 232 3213 1 10 0 0.8
1 170317 232 3703 1 1 1 0.8
1 174066 233 5107 1 10 1 0.8
1 81828 234 1846 1 10 0 0.8
1 161569 240 3235 1 1 0 0.8
1 100889 242 2385 1 1 0 0.8
1 143684 245 3253 1 1 0 0.8
1 117577 246 3487 1 1 0 0.8
1 171233 247 4800 1 1 1 0.8
1 107841 253 3077 1 1 1 0.8
1 98839 262 2803 1 10 1 0.8
1 121524 265 2985 1 1 0 0.8
1 124956 265 2558 1 10 1 0.8
1 62154 265 1780 1 10 1 0.8
1 164620 267 3296 1 1 1 0.8
1 84657 267 2265 1 10 0 0.8
1 163997 274 4004 1 1 1 0.8
1 158691 276 4077 1 1 0 0.8
1 173068 280 4867 1 50 1 0.8
1 119561 280 3506 1 10 1 0.8
1 129088 281 3715 1 1 1 0.8
1 146498 282 3710 1 50 1 0.8
1 99658 284 2416 1 1 0 0.8
1 159207 289 4526 1 1 1 0.8
1 170292 291 4389 1 10 1 0.8
1 82065 293 2429 1 1 1 0.8
1 169153 294 3447 1 1 1 0.8
1 145165 295 3820 1 10 0 0.8
1 138147 299 2853 1 1 1 0.8
1 82473 304 2236 1 50 0 0.8
1 104963 305 3062 1 1 0 0.8
1 126673 310 3551 1 1 1 0.8
1 99177 310 2587 1 1 1 0.8
1 117687 317 2595 1 1 0 0.8
1 137765 321 2873 1 1 1 0.8
1 95659 326 2575 1 1 1 0.8
1 134161 330 2827 1 1 1 0.8
1 113804 332 3235 1 1 1 0.8
1 177564 334 4114 1 1 0 0.8
1 149394 341 3927 1 10 1 0.8
1 169771 343 3700 1 1 0 0.8
1 144960 349 4235 1 10 0 0.8
1 64867 352 1475 1 10 1 0.8
1 103036 356 2537 1 1 1 0.8
1 114380 366 2615 1 10 0 0.8
1 105460 370 2955 1 1 0 0.8
1 65235 377 1385 1 1 1 0.8
1 129929 380 3082 1 50 1 0.8
1 161303 381 3310 1 10 1 0.8
1 151489 392 3554 1 1 1 0.8
1 145891 392 3930 1 10 1 0.8
1 78091 395 1741 1 1 0 0.8
1 158559 399 4330 1 1 0 0.8
1 83896 404 2376 1 1 1 0.8
1 82272 405 1978 1 1 1 0.8
1 91588 408 2111 1 10 0 0.8
1 177086 408 3879 1 10 1 0.8
1 139867 409 2905 1 1 1 0.8
1 168335 417 4554 1 50 1 0.8
1 90678 420 2283 1 1 0 0.8
1 154681 421 3512 1 1 0 0.8
1 105941 424 2646 1 1 1 0.8
1 124855 427 3560 1 10 0 0.8
1 116812 429 2704 1 10 0 0.8
1 170126 430 4910 1 10 1 0.8
1 88124 431 2319 1 10 1 0.8
1 60875 434 1324 1 1 1 0.8
1 90750 435 2606 1 10 1 0.8
1 122718 436 3619 1 10 0 0.8
1 70116 438 1771 1 1 0 0.8
1 158926 440 4219 1 1 1 0.8
1 129243 446 2975 1 1 1 0.8
1 148945 448 4013 1 1 0 0.8
1 101251 449 2251 1 1 0 0.8
1 151555 449 3208 1 1 1 0.8
1 110955 450 3056 1 1 0 0.8
1 81978 450 1960 1 1 1 0.8
1 124583 451 3633 1 1 0 0.8
1 74239 452 1764 1 10 0 0.8
1 156803 455 3163 1 1 1 0.8
1 176856 462 4683 1 1 0 0.8
1 61504 464 1253 1 1 1 0.8
1 98638 467 2894 1 1 0 0.8
1 138946 468 3541 1 10 0 0.8
1 167055 470 4040 1 1 0 0.8
1 155425 471 4412 1 1 0 0.8
1 177328 474 4909 1 1 1 0.8
1 149116 474 4288 1 10 1 0.8
1 71128 479 1985 1 50 1 0.8
1 165927 481 4150 1 1 0 0.8
1 104938 482 3039 1 1 1 0.8
1 172547 482 4013 1 10 1 0.8
1 72489 483 1648 1 1 0 0.8
1 73905 486 1567 1 1 0 0.8
1 95020 488 2466 1 10 1 0.8
1 60645 490 1451 1 1 1 0.8
1 95094 491 2610 1 10 1 0.8
1 141400 491 2942 1 1 1 0.8
1 73306 497 1503 1 1 0 0.8
1 105435 501 2581 1 1 0 0.8
1 139641 511 3495 1 50 0 0.8
1 145462 512 3187 1 1 1 0.8
1 132168 517 2662 1 1 0 0.8
1 137137 517 3768 1 50 1 0.8
1 179698 520 4011 1 10 1 0.8
1 130907 521 3689 1 1 0 0.8
1 151035 522 3842 1 1 1 0.8
1 132662 523 3313 1 10 1 0.8
1 106342 524 3144 1 1 1 0.8
1 113697 529 3089 1 1 0 0.8
1 114716 535 2872 1 10 1 0.8
1 171059 535 4953 1 1 1 0.8
1 135743 536 3789 1 1 1 0.8
1 149947 538 4100 1 10 0 0.8
1 112913 540 3331 1 1 0 0.8
1 87490 540 2549 1 10 0 0.8
1 146266 542 3128 1 10 1 0.8
1 123553 545 2812 1 50 0 0.8
1 72599 546 1849 1 1 0 0.8
1 166900 546 4127 1 10 1 0.8
1 89231 548 2196 1 1 1 0.8
1 162387 548 3411 1 1 0 0.8
1 167057 549 4563 1 1 0 0.8
1 157818 552 4153 1 1 0 0.8
1 81747 553 1929 1 50 0 0.8
1 77520 554 1652 1 10 0 0.8
1 67069 555 1901 1 10 1 0.8
1 147490 556 3104 1 50 1 0.8
1 97016 558 2399 1 10 1 0.8
1 103594 558 2577 1 10 1 0.8
1 132074 561 3197 1 1 0 0.8
1 107085 566 2792 1 10 1 0.8
1 78426 574 1622 1 10 1 0.8
1 84198 593 2434 1 1 0 0.8
1 122718 596 3532 1 1 1 0.8
1 115026 599 2688 1 10 1 0.8
1 127927 600 2634 1 10 1 0.8
1 106150 601 2310 1 10 1 0.8
1 160434 606 4420 1 1 1 0.8
1 104933 607 2723 1 1 1 0.8
1 77194 608 2197 1 10 1 0.8
1 156882 611 4418 1 1 0 0.8
1 94176 615 2704 1 10 1 0.8
1 62083 622 1635 1 10 0 0.8
1 144355 623 3470 1 1 1 0.8
1 77450 624 1895 1 10 1 0.8
1 148593 624 3600 1 1 0 0.8
1 102484 624 2338 1 1 0 0.8
1 163464 626 3498 1 1 1 0.8
1 70439 627 1622 1 10 1 0.8
1 142101 628 4192 1 10 0 0.8
1 134943 636 3187 1 1 1 0.8
1 119916 640 3523 1 50 0 0.8
1 99322 641 2360 1 10 1 0.8
1 60782 643 1355 1 1 0 0.8
1 113948 653 3336 1 1 1 0.8
1 77509 653 2267 1 1 0 0.8
1 69900 655 1527 1 1 1 0.8
1 66275 660 1962 1 1 1 0.8
1 63638 664 1585 1 1 0 0.8
1 107064 666 2697 1 10 0 0.8
1 103190 666 3008 1 1 0 0.8
1 130069 672 3785 1 1 1 0.8
1 69750 683 1815 1 1 1 0.8
1 102564 684 2817 1 1 0 0.8
1 104389 685 2463 1 1 1 0.8
1 170810 685 3486 1 10 1 0.8
1 103601 687 2552 1 10 0 0.8
1 179140 687 5297 1 1 0 0.8
1 98082 688 2167 1 1 1 0.8
1 106539 689 2767 1 50 0 0.8
1 117598 689 2481 1 1 1 0.8
1 170060 691 4117 1 10 1 0.8
1 114597 692 2457 1 50 1 0.8
1 74649 700 1607 1 1 0 0.8
1 122289 704 3193 1 50 1 0.8
1 94242 705 2308 1 10 1 0.8
1 76430 708 2068 1 10 0 0.8
1 72161 708 1767 1 10 0 0.8
1 120418 712 3595 1 1 0 0.8
1 101561 717 2662 1 50 1 0.8
1 161437 717 3935 1 1 1 0.8
1 168818 719 4880 1 1 0 0.8
1 129806 719 3601 1 10 1 0.8
1 65092 719 1384 1 1 0 0.8
1 97030 720 1971 1 10 0 0.8
1 145374 722 3205 1 10 1 0.8
1 135619 722 3591 1 50 1 0.8
1 76912 723 2225 1 1 1 0.8
1 145252 725 3129 1 50 0 0.8
1 111880 728 2846 1 1 1 0.8
1 136063 729 2949 1 1 0 0.8
1 142613 730 3078 1 1 0 0.8
1 117368 732 3409 1 1 0 0.8
1 141405 733 3159 1 10 1 0.8
1 131010 734 2824 1 1 1 0.8
1 70597 734 2084 1 1 1 0.8
1 79423 736 2379 1 1 0 0.8
1 70849 738 1639 1 1 1 0.8
1 130482 739 2685 1 1 1 0.8
1 145772 742 3595 1 1 1 0.8
1 63268 742 1398 1 1 0 0.8
1 139357 748 2802 1 1 0 0.8
1 139273 753 3994 1 10 0 0.8
1 167289 757 3856 1 10 1 0.8
1 129152 762 2979 1 10 0 0.8
1 163582 763 3928 1 10 0 0.8
1 63399 764 1598 1 1 0 0.8
1 87840 764 1958 1 10 1 0.8
1 164526 767 4665 1 1 1 0.8
1 141014 773 2886 1 10 0 0.8
1 85908 776 1843 1 1 1 0.8
1 163308 778 3610 1 1 1 0.8
1 80405 781 2374 1 1 1 0.8
1 119354 781 2904 1 10 0 0.8
1 138917 784 3330 1 10 0 0.8
1 100679 785 2982 1 1 0 0.8
1 156108 787 4259 1 1 1 0.8
1 162322 798 4602 1 10 1 0.8
1 96229 801 2704 1 10 1 0.8
1 141892 803 3582 1 1 0 0.8
1 105380 813 3035 1 1 1 0.8
1 107872 815 2182 1 50 0 0.8
1 151383 818 3414 1 1 1 0.8
1 107993 820 3128 1 1 0 0.8
1 179585 822 4175 1 1 1 0.8
1 154989 823 3584 1 1 0 0.8
1 168725 823 3914 1 1 0 0.8
1 74410 829 1611 1 1 1 0.8
1 110047 833 2381 1 10 0 0.8
1 73167 839 1979 1 1 0 0.8
1 121051 840 3310 1 1 0 0.8
1 106004 845 3121 1 1 1 0.8
1 85387 847 1881 1 1 0 0.8
1 100663 850 2786 1 1 0 0.8
1 72541 853 2131 1 1 0 0.8
1 150172 854 3343 1 10 1 0.8
1 95078 856 2208 1 10 0 0.8
1 96937 858 2676 1 1 1 0.8
1 157038 858 4042 1 1 0 0.8
1 76684 865 1543 1 10 1 0.8
1 82572 871 1920 1 1 1 0.8
1 143983 875 3700 1 10 1 0.8
1 105954 875 2642 1 10 1 0.8
1 100943 878 2871 1 10 1 0.8
1 134519 878 3237 1 10 0 0.8
1 107377 878 2696 1 1 1 0.8
1 146823 881 4266 1 1 0 0.8
1 101567 882 2251 1 50 1 0.8
1 115012 885 3433 1 10 1 0.8
1 141274 886 3576 1 10 0 0.8
1 108969 886 2770 1 10 0 0.8
1 171312 890 4967 1 1 0 0.8
1 149227 890 4258 1 1 0 0.8
1 92280 890 2426 1 1 0 0.8
1 151827 892 3999 1 1 1 0.8
1 138084 895 3809 1 50 0 0.8
1 117935 897 2554 1 1 0 0.8
1 144278 897 3139 1 1 1 0.8
1 93768 897 2612 1 1 0 0.8
1 81231 899 2037 1 50 1 0.8
1 143586 905 3682 1 1 0 0.8
1 89784 919 1945 1 1 0 0.8
1 116193 919 3114 1 10 0 0.8
1 134436 921 2772 1 1 0 0.8
1 108024 921 2518 1 1 1 0.8
1 139301 922 2963 1 10 1 0.8
1 148058 927 3106 1 1 1 0.8
1 75126 927 1814 1 10 1 0.8
1 154169 929 3331 1 1 1 0.8
1 79904 929 2115 1 1 1 0.8
1 81412 933 1897 1 1 0 0.8
1 152556 937 3765 1 10 0 0.8
1 148873 939 3203 1 1 1 0.8
1 167490 941 4576 1 10 1 0.8
1 79126 942 2140 1 10 1 0.8
1 75749 944 1973 1 10 1 0.8
1 123759 945 3256 1 1 1 0.8
1 92266 951 1896 1 1 0 0.8
1 123393 958 3272 1 10 1 0.8
1 91468 959 1896 1 50 1 0.8
1 177102 962 4237 1 10 1 0.8
1 114256 969 2852 1 50 1 0.8
1 66000 974 1700 1 1 1 0.8
1 148046 975 4398 1 1 0 0.8
1 130885 979 3090 1 1 0 0.8
1 71311 980 1631 1 1 0 0.8
1 116183 986 3079 1 10 0 0.8
1 80688 986 1625 1 1 0 0.8
1 168904 987 3786 1 10 1 0.8
1 144893 993 3049 1 10 1 0.8
1 137556 995 3873 1 10 0 0.8
1 131400 997 3916 1 1 1 0.8
1 165452 998 4183 1 1 1 0.8
1 144765 999 3321 1 10 0 0.8
1 137180 1003 3759 1 10 1 0.8
1 159247 1007 3625 1 10 1 0.8
1 100867 1009 2668 1 1 0 0.8
1 165971 1009 3926 1 10 1 0.8
1 159573 1018 3772 1 1 0 0.8
1 147943 1019 3768 1 1 0 0.8
1 101296 1025 2189 1 1 0 0.8
1 110455 1028 2496 1 10 0 0.8
1 150160 1030 3569 1 1 0 0.8
1 79904 1032 1731 1 10 1 0.8
1 86533 1034 1788 1 1 1 0.8
1 167507 1045 3491 1 1 0 0.8
1 98339 1048 2884 1 1 1 0.8
1 124624 1049 3674 1 1 1 0.8
1 102848 1051 3044 1 1 0 0.8
1 108011 1053 3012 1 1 1 0.8
1 61167 1055 1316 1 10 1 0.8
1 63084 1055 1670 1 1 0 0.8
1 110335 1058 2816 1 10 0 0.8
1 140767 1063 3591 1 50 1 0.8
1 87668 1065 1841 1 10 0 0.8
1 81466 1067 1646 1 10 0 0.8
1 146632 1070 4238 1 1 0 0.8
1 130903 1072 2914 1 1 1 0.8
1 127474 1078 3029 1 1 1 0.8
1 97271 1078 2478 1 1 1 0.8
1 134469 1078 3271 1 1 1 0.8
1 67381 1079 1942 1 1 0 0.8
1 100839 1086 2550 1 1 0 0.8
1 106839 1087 2282 1 1 0 0.8
1 65726 1089 1427 1 10 1 0.8
1 140602 1090 3360 1 10 1 0.8
1 153273 1092 3437 1 1 0 0.8
1 93571 1094 2294 1 1 1 0.8
1 125477 1094 3149 1 1 0 0.8
1 65805 1097 1564 1 10 1 0.8
1 164467 1097 3782 1 1 1 0.8
1 120318 1099 3080 1 50 1 0.8
1 120352 1100 2467 1 1 1 0.8
1 169893 1104 4357 1 50 0 0.8
1 147117 1104 4013 1 10 1 0.8
1 151186 1109 4488 1 10 1 0.8
1 117037 1109 2566 1 1 0 0.8
1 91926 1111 2705 1 10 1 0.8
1 114542 1117 2469 1 1 1 0.8
1 173233 1119 4600 1 1 1 0.8
1 66961 1119 1860 1 1 0 0.8
1 138288 1120 3681 1 10 1 0.8
1 85043 1124 2236 1 1 0 0.8
1 61211 1126 1766 1 1 0 0.8
1 72111 1132 1674 1 10 0 0.8
1 170195 1135 3841 1 1 0 0.8
1 64053 1137 1909 1 1 0 0.8
1 100025 1137 2145 1 1 1 0.8
1 159416 1139 3258 1 1 0 0.8
1 158819 1140 3471 1 1 1 0.8
1 115440 1140 2435 1 10 0 0.8
1 101673 1144 2129 1 50 0 0.8
1 82392 1148 2331 1 1 0 0.8
1 135654 1148 3901 1 1 0 0.8
1 69561 1150 1998 1 1 1 0.8
1 77180 1153 2155 1 1 0 0.8
1 84793 1154 2476 1 50 0 0.8
1 134644 1154 3339 1 1 0 0.8
1 84968 1166 1713 1 50 0 0.8
1 176537 1166 5053 1 10 1 0.8
1 111749 1170 3200 1 10 1 0.8
1 115049 1170 3428 1 1 0 0.8
1 132498 1170 2776 1 1 1 0.8
1 94425 1176 2689 1 1 1 0.8
1 173270 1178 5078 1 1 1 0.8
1 79466 1182 1742 1 1 1 0.8
1 176983 1194 4019 1 10 0 0.8
1 110477 1195 3092 1 10 0 0.8
1 141644 1195 2893 1 10 1 0.8
1 67098 1197 1465 1 50 0 0.8
1 154882 1200 3693 1 1 1 0.8
1 145014 1202 2916 1 1 0 0.8
1 100030 1203 2567 1 1 0 0.8
1 130531 1206 2861 1 1 0 0.8
1 158095 1207 3849 1 10 1 0.8
1 154232 1208 4531 1 1 1 0.8
1 135760 1211 3478 1 1 1 0.8
1 173680 1211 4683 1 1 0 0.8
1 143982 1212 4142 1 1 0 0.8
1 122337 1212 2605 1 1 0 0.8
1 132037 1214 2930 1 1 1 0.8
1 140546 1227 3684 1 1 0 0.8
1 66435 1229 1764 1 10 1 0.8
1 164282 1229 4775 1 1 1 0.8
1 67391 1230 1494 1 10 0 0.8
1 123398 1234 3116 1 50 0 0.8
1 154530 1235 4366 1 10 0 0.8
1 64569 1236 1839 1 1 1 0.8
1 116512 1241 2384 1 1 1 0.8
1 169956 1241 4075 1 1 1 0.8
1 65633 1242 1600 1 1 1 0.8
1 134155 1243 3019 1 50 0 0.8
1 130339 1245 3444 1 1 1 0.8
1 140337 1249 2934 1 10 1 0.8
1 175229 1249 3712 1 1 1 0.8
1 101760 1253 2054 1 1 0 0.8
1 110469 1260 2463 1 10 0 0.8
1 142639 1261 3987 1 1 0 0.8
1 133389 1262 3479 1 1 0 0.8
1 82404 1264 2144 1 1 1 0.8
1 65238 1265 1465 1 1 1 0.8
1 138247 1267 3586 1 1 0 0.8
1 93595 1268 2215 1 1 0 0.8
1 166304 1269 3572 1 50 0 0.8
1 179213 1270 4869 1 1 1 0.8
1 163143 1276 4546 1 1 0 0.8
1 113733 1277 2821 1 1 0 0.8
1 85226 1278 1818 1 1 0 0.8
1 149780 1278 4068 1 1 1 0.8
1 143723 1279 3261 1 1 1 0.8
1 124877 1279 2870 1 1 1 0.8
1 118036 1283 3027 1 1 1 0.8
1 113629 1283 3024 1 1 0 0.8
1 127055 1285 2858 1 10 1 0.8
1 175405 1285 4490 1 1 0 0.8
1 110908 1290 3072 1 1 1 0.8
1 146402 1295 2940 1 1 1 0.8
1 136198 1296 3863 1 1 0 0.8
1 96903 1296 2278 1 1 1 0.8
1 112792 1298 2416 1 1 0 0.8
1 110129 1298 2606 1 1 0 0.8
1 135638 1303 3808 1 1 1 0.8
1 121186 1303 3488 1 10 1 0.8
1 109034 1309 3173 1 1 0 0.8
1 115627 1310 3116 1 10 0 0.8
1 144440 1312 4234 1 1 1 0.8
1 150418 1312 3315 1 1 0 0.8
1 175511 1322 4511 1 1 0 0.8
1 131335 1328 2649 1 10 1 0.8
1 67014 1332 1551 1 1 1 0.8
1 94928 1334 2521 1 50 1 0.8
1 148779 1335 3598 1 1 0 0.8
1 81124 1337 2227 1 10 1 0.8
1 76760 1339 2206 1 1 0 0.8
1 97251 1340 1963 1 10 1 0.8
1 150070 1340 4168 1 1 0 0.8
1 112328 1342 2643 1 1 0 0.8
1 119165 1342 3153 1 1 0 0.8
1 138413 1347 3120 1 1 1 0.8
1 160526 1355 3818 1 1 1 0.8
1 159669 1356 4530 1 1 0 0.8
1 117328 1359 2609 1 1 1 0.8
1 64723 1361 1606 1 1 0 0.8
1 166466 1364 4496 1 50 0 0.8
1 106043 1366 3081 1 10 0 0.8
1 102876 1368 2271 1 10 1 0.8
1 172472 1372 3667 1 1 0 0.8
1 155445 1374 4623 1 10 1 0.8
1 111517 1375 3336 1 1 0 0.8
1 117636 1379 3416 1 1 0 0.8
1 86944 1385 2565 1 1 1 0.8
1 103623 1386 2361 1 50 0 0.8
1 111001 1389 3171 1 1 0 0.8
1 94352 1390 2394 1 1 1 0.8
1 167607 1390 3685 1 1 0 0.8
1 137933 1393 4133 1 10 1 0.8
1 156217 1394 3687 1 10 0 0.8
1 71812 1403 1704 1 1 1 0.8
1 63019 1405 1387 1 1 0 0.8
1 154649 1407 3930 1 1 1 0.8
1 71214 1408 1831 1 1 0 0.8
1 88662 1418 1896 1 1 1 0.8
1 165934 1419 4557 1 10 0 0.8
1 115104 1420 3031 1 1 1 0.8
1 162845 1420 4791 1 1 0 0.8
1 172455 1422 4335 1 1 0 0.8
1 144619 1422 3441 1 1 0 0.8
1 177319 1424 4595 1 10 1 0.8
1 73723 1428 1951 1 1 0 0.8
1 171027 1429 3637 1 1 0 0.8
1 178652 1430 5005 1 1 1 0.8
1 110573 1432 2477 1 10 0 0.8
1 71979 1434 1529 1 1 1 0.8
1 157823 1436 3684 1 1 0 0.8
1 165059 1438 4734 1 1 1 0.8
1 141074 1445 2896 1 10 1 0.8
1 109678 1446 2873 1 10 0 0.8
1 102395 1446 2136 1 1 0 0.8
1 132979 1448 3966 1 1 1 0.8
1 138192 1451 3909 1 10 0 0.8
1 172557 1451 4012 1 1 0 0.8
1 82572 1452 1870 1 50 0 0.8
1 103220 1453 2669 1 10 0 0.8
1 97434 1453 2344 1 1 1 0.8
1 97832 1454 2175 1 1 0 0.8
1 106739 1457 2964 1 1 1 0.8
1 156489 1459 4168 1 1 0 0.8
1 127839 1461 3350 1 1 1 0.8
1 164835 1462 3816 1 10 1 0.8
1 62750 1467 1576 1 1 0 0.8
1 86223 1468 1999 1 1 0 0.8
1 70489 1471 1644 1 10 0 0.8
1 119462 1479 2609 1 10 0 0.8
1 104376 1481 2513 1 50 0 0.8
1 103980 1482 2312 1 1 0 0.8
1 153872 1492 3136 1 1 1 0.8
1 177510 1493 4444 1 1 1 0.8
1 115317 1494 2793 1 1 1 0.8
1 134295 1494 2903 1 50 0 0.8
1 103301 1497 2326 1 1 1 0.8
1 81701 1498 1981 1 10 1 0.8
1 166104 1499 3581 1 10 1 0.8
1 119357 1503 2711 1 1 0 0.8
1 69848 1505 1747 1 10 0 0.8
1 82417 1505 2142 1 10 1 0.8
1 169792 1509 4140 1 1 1 0.8
1 114922 1510 2385 1 1 1 0.8
1 84078 1511 1834 1 10 0 0.8
1 170931 1512 4871 1 10 0 0.8
1 163008 1512 3593 1 50 1 0.8
1 154377 1519 4139 1 10 0 0.8
1 110537 1520 2428 1 1 0 0.8
1 80360 1521 2402 1 1 1 0.8
1 116038 1523 3158 1 10 0 0.8
1 169853 1524 3791 1 10 1 0.8
1 178168 1525 4434 1 10 1 0.8
1 139367 1526 3522 1 1 1 0.8
1 80245 1528 2087 1 1 1 0.8
1 90095 1529 2102 1 10 0 0.8
1 143866 1530 4284 1 10 1 0.8
1 61971 1534 1633 1 10 0 0.8
1 72345 1537 1873 1 1 1 0.8
1 62512 1539 1438 1 10 0 0.8
1 161253 1542 4005 1 1 0 0.8
1 172476 1551 4189 1 1 1 0.8
1 179216 1555 3660 1 1 0 0.8
1 91738 1557 2365 1 1 0 0.8
1 74747 1558 2076 1 10 0 0.8
1 128143 1559 2756 1 1 0 0.8
1 116037 1560 2624 1 1 0 0.8
1 93736 1561 2738 1 1 0 0.8
1 125024 1564 3396 1 1 0 0.8
1 72228 1567 1657 1 1 1 0.8
1 67421 1570 1836 1 50 1 0.8
1 177846 1575 3887 1 1 0 0.8
1 127322 1576 3052 1 10 0 0.8
1 110320 1577 2373 1 1 1 0.8
1 104012 1578 2704 1 1 1 0.8
1 66009 1580 1952 1 10 1 0.8
1 67685 1580 1477 1 10 1 0.8
1 60535 1581 1589 1 1 0 0.8
1 135497 1585 3714 1 1 1 0.8
1 81182 1587 2433 1 1 1 0.8
1 92912 1589 2122 1 1 1 0.8
1 142692 1594 2872 1 10 0 0.8
1 81800 1596 1902 1 10 0 0.8
1 89478 1597 2310 1 50 1 0.8
1 119134 1599 3036 1 1 0 0.8
1 64112 1602 1383 1 1 1 0.8
1 170826 1605 3476 1 1 1 0.8
1 120203 1607 2429 1 1 1 0.8
1 107294 1614 2518 1 10 0 0.8
1 107756 1615 3086 1 1 0 0.8
1 171302 1619 4754 1 1 0 0.8
1 86406 1624 2078 1 1 0 0.8
1 101545 1624 2851 1 1 1 0.8
1 86250 1626 2566 1 10 1 0.8
1 168210 1630 4536 1 10 1 0.8
1 131560 1630 3400 1 1 1 0.8
1 114087 1630 3241 1 50 0 0.8
1 137870 1633 3769 1 10 0 0.8
1 131017 1635 3737 1 1 0 0.8
1 150612 1635 4102 1 1 1 0.8
1 62341 1637 1584 1 10 1 0.8
1 77718 1645 1723 1 10 1 0.8
1 77907 1650 2180 1 1 1 0.8
1 131546 1652 2946 1 1 0 0.8
1 177387 1652 4865 1 10 1 0.8
1 134916 1652 2701 1 1 0 0.8
1 143869 1655 3358 1 1 1 0.8
1 97364 1655 2504 1 1 0 0.8
1 156112 1660 4442 1 10 0 0.8
1 161802 1661 3483 1 10 1 0.8
1 102847 1662 2273 1 1 1 0.8
1 175846 1668 5143 1 1 1 0.8
1 167007 1670 4798 1 10 0 0.8
1 92027 1677 1983 1 1 0 0.8
1 110893 1679 2301 1 10 0 0.8
1 123034 1681 3550 1 1 0 0.8
1 146230 1682 3726 1 1 0 0.8
1 127782 1682 3277 1 50 1 0.8
1 68992 1683 1417 1 10 0 0.8
1 117416 1693 3030 1 10 1 0.8
1 70492 1695 1427 1 10 0 0.8
1 92492 1698 2704 1 1 0 0.8
1 120067 1699 2751 1 1 0 0.8
1 151085 1700 3976 1 10 0 0.8
1 156146 1701 4050 1 10 0 0.8
1 98564 1702 2353 1 1 0 0.8
1 89603 1703 2524 1 10 1 0.8
1 170745 1704 4136 1 10 1 0.8
1 131245 1704 3063 1 1 1 0.8
1 77119 1706 1809 1 1 0 0.8
1 78730 1707 2108 1 1 1 0.8
1 87984 1709 2316 1 10 1 0.8
1 138093 1710 3701 1 1 1 0.8
1 155654 1716 4557 1 50 0 0.8
1 90057 1723 2350 1 1 1 0.8
1 151494 1725 3691 1 1 0 0.8
1 171110 1728 4182 1 10 1 0.8
1 152359 1729 4410 1 1 0 0.8
1 126160 1732 3279 1 1 1 0.8
1 110592 1733 2349 1 10 0 0.8
1 161950 1735 4384 1 1 1 0.8
1 166508 1741 4286 1 1 1 0.8
1 157367 1746 4097 1 1 1 0.8
1 161852 1751 4183 1 1 0 0.8
1 89286 1752 2511 1 10 0 0.8
1 134439 1756 2938 1 1 1 0.8
1 133934 1756 3984 1 10 1 0.8
1 62160 1760 1536 1 10 0 0.8
1 161265 1760 4232 1 10 0 0.8
1 87640 1760 1948 1 1 0 0.8
1 172005 1762 5054 1 10 0 0.8
1 157167 1764 4617 1 10 0 0.8
1 81173 1769 1814 1 1 0 0.8
1 72729 1770 2020 1 1 1 0.8
1 151057 1777 3721 1 50 1 0.8
1 132687 1781 2935 1 10 0 0.8
1 113632 1781 3312 1 1 0 0.8
1 70991 1781 1473 1 1 1 0.8
1 132525 1784 3040 1 50 1 0.8
1 156568 1785 4187 1 10 1 0.8
1 148740 1790 3126 1 10 0 0.8
1 172699 1792 3892 1 10 1 0.8
1 103896 1797 2706 1 1 0 0.8
1 150979 1798 3116 1 1 1 0.8
1 153776 1798 4601 1 1 1 0.8
1 155303 1799 3714 1 1 0 0.8
1 147593 1802 4144 1 10 0 0.8
1 81837 1805 2204 1 10 0 0.8
1 150876 1805 4389 1 50 0 0.8
1 77066 1807 1940 1 10 1 0.8
1 175047 1807 4819 1 1 1 0.8
1 156290 1808 4423 1 10 0 0.8
1 166124 1811 4328 1 1 0 0.8
1 75698 1816 2104 1 10 1 0.8
1 143507 1819 3826 1 10 1 0.8
1 118522 1823 2440 1 10 1 0.8
1 141314 1823 3187 1 50 1 0.8
1 129193 1825 3450 1 1 0 0.8
1 141607 1827 3846 1 1 0 0.8
1 81212 1827 2239 1 1 0 0.8
1 147040 1831 3800 1 1 1 0.8
1 157576 1831 3595 1 1 1 0.8
1 99298 1837 2162 1 1 1 0.8
1 168461 1853 4891 1 50 1 0.8
1 159898 1854 3620 1 10 1 0.8
1 141202 1855 4074 1 10 1 0.8
1 79947 1856 2187 1 1 0 0.8
1 106551 1856 2700 1 1 1 0.8
1 129361 1856 3163 1 1 0 0.8
1 77728 1858 1854 1 1 0 0.8
1 81096 1859 1663 1 50 0 0.8
1 112470 1862 2735 1 10 1 0.8
1 152620 1863 3633 1 1 1 0.8
1 78544 1863 1973 1 10 0 0.8
1 141925 1864 3444 1 1 1 0.8
1 64229 1865 1872 1 1 0 0.8
1 168182 1866 4764 1 10 1 0.8
1 104438 1867 2198 1 10 1 0.8
1 125922 1869 3326 1 1 0 0.8
1 107991 1872 2464 1 1 1 0.8
1 149209 1873 3823 1 50 0 0.8
1 61231 1874 1827 1 1 0 0.8
1 143453 1878 3586 1 10 0 0.8
1 178208 1879 3938 1 1 1 0.8
1 110260 1880 2521 1 1 1 0.8
1 113137 1881 2661 1 1 0 0.8
1 160318 1886 3965 1 1 1 0.8
1 143224 1892 4261 1 1 0 0.8
1 147286 1894 4025 1 1 0 0.8
1 106573 1897 2351 1 50 0 0.8
1 128154 1898 2704 1 10 1 0.8
1 170222 1898 3591 1 10 0 0.8
1 131721 1900 3565 1 10 0 0.8
1 146535 1904 2961 1 1 0 0.8
1 94521 1909 2699 1 10 1 0.8
1 142813 1914 4229 1 10 0 0.8
1 73406 1917 2111 1 10 0 0.8
1 83215 1920 1853 1 1 1 0.8
1 157581 1923 3861 1 1 1 0.8
1 164772 1926 4630 1 50 1 0.8
1 131633 1927 2644 1 1 0 0.8
1 119064 1927 3042 1 1 1 0.8
1 149192 1931 3614 1 1 1 0.8
1 71505 1934 1809 1 1 1 0.8
1 109961 1937 3133 1 1 0 0.8
1 114342 1939 2572 1 1 0 0.8
1 160774 1942 4109 1 10 0 0.8
1 88012 1943 1845 1 1 0 0.8
1 118599 1946 2916 1 1 1 0.8
1 114424 1948 2475 1 1 0 0.8
1 156690 1950 4562 1 50 1 0.8
1 116789 1951 2760 1 10 1 0.8
1 92235 1951 2214 1 10 1 0.8
1 112321 1953 2629 1 1 1 0.8
1 104045 1954 2304 1 50 1 0.8
1 127640 1956 2630 1 1 1 0.8
1 106072 1959 2924 1 1 0 0.8
1 75063 1959 2197 1 10 1 0.8
1 140524 1961 4166 1 1 1 0.8
1 67536 1962 1626 1 10 0 0.8
1 67312 1970 1921 1 1 0 0.8
1 148022 1972 4136 1 10 1 0.8
1 139198 1975 3291 1 1 0 0.8
1 97082 1976 2209 1 1 0 0.8
1 106750 1976 2970 1 10 0 0.8
1 160838 1976 3761 1 1 1 0.8
1 60787 1977 1492 1 10 1 0.8
1 110817 1977 2647 1 1 0 0.8
1 86889 1978 2385 1 1 0 0.8
1 125906 1982 2563 1 1 0 0.8
1 107880 1982 2263 1 1 1 0.8
1 107731 1983 2301 1 1 0 0.8
1 71213 1986 1782 1 1 0 0.8
1 110392 1986 2353 1 1 0 0.8
1 179111 1997 3661 1 10 1 0.8
1 93630 2002 1873 1 1 0 0.8
1 96566 2004 2525 1 1 1 0.8
1 70576 2005 1417 1 10 1 0.8
1 156970 2006 4677 1 50 1 0.8
1 117584 2007 2586 1 1 0 0.8
1 115110 2008 3032 1 1 0 0.8
1 84162 2009 2275 1 10 1 0.8
1 110260 2019 2685 1 1 0 0.8
1 130202 2022 3291 1 50 1 0.8
1 70322 2022 1718 1 10 0 0.8
1 112948 2033 2933 1 1 1 0.8
1 156498 2034 3350 1 10 1 0.8
1 98725 2034 2695 1 1 0 0.8
1 105299 2036 3053 1 1 1 0.8
1 85462 2039 2041 1 10 1 0.8
1 96241 2043 1937 1 1 0 0.8
1 106040 2044 3047 1 1 1 0.8
1 97226 2054 2448 1 1 0 0.8
1 119280 2056 2683 1 1 0 0.8
1 131868 2057 3707 1 1 1 0.8
1 84902 2059 2408 1 1 1 0.8
1 138831 2060 2885 1 1 1 0.8
1 163119 2060 4561 1 10 0 0.8
1 168603 2061 3410 1 1 1 0.8
1 92142 2061 2572 1 50 0 0.8
1 163283 2065 4328 1 50 0 0.8
1 105747 2068 2308 1 1 1 0.8
1 149623 2070 4136 1 1 0 0.8
1 115101 2072 3022 1 1 1 0.8
1 158968 2076 3968 1 1 0 0.8
1 136945 2081 3314 1 1 0 0.8
1 159587 2082 4622 1 1 0 0.8
1 110435 2083 2787 1 1 0 0.8
1 89558 2086 1793 1 1 1 0.8
1 97537 2086 2717 1 10 0 0.8
1 130007 2088 2748 1 1 0 0.8
1 70652 2089 1505 1 10 1 0.8
1 121746 2089 2933 1 10 0 0.8
1 141155 2093 3665 1 1 1 0.8
1 132878 2093 3711 1 1 1 0.8
1 105842 2094 2161 1 1 1 0.8
1 162435 2098 4855 1 50 1 0.8
1 93844 2098 1996 1 1 1 0.8
1 118314 2100 2677 1 10 0 0.8
1 142024 2105 3976 1 10 1 0.8
1 149236 2108 3794 1 1 1 0.8
1 146852 2108 2980 1 1 1 0.8
1 110805 2112 2683 1 10 1 0.8
1 142792 2113 4032 1 10 0 0.8
1 76880 2113 2204 1 1 1 0.8
1 77327 2119 1785 1 10 0 0.8
1 77964 2122 1759 1 1 1 0.8
1 151732 2123 3917 1 10 1 0.8
1 120537 2126 2730 1 1 1 0.8
1 137104 2126 2750 1 10 1 0.8
1 170127 2138 4558 1 50 0 0.8
1 79589 2139 1680 1 10 1 0.8
1 145107 2143 3254 1 50 0 0.8
1 97898 2144 2730 1 1 0 0.8
1 83624 2146 1846 1 50 0 0.8
1 132223 2147 3952 1 1 0 0.8
1 98401 2147 2665 1 1 0 0.8
1 121708 2148 2751 1 1 0 0.8
1 173759 2149 4006 1 1 0 0.8
1 83992 2151 2363 1 10 1 0.8
1 136674 2151 2769 1 10 1 0.8
1 83762 2156 1893 1 1 1 0.8
1 172619 2158 4817 1 50 0 0.8
1 123392 2160 3156 1 10 1 0.8
1 117924 2161 2367 1 10 0 0.8
1 176101 2167 4371 1 50 1 0.8
1 144137 2172 3430 1 1 0 0.8
1 128935 2173 3716 1 1 1 0.8
1 154485 2179 3225 1 1 1 0.8
1 63030 2179 1279 1 1 0 0.8
1 176385 2182 4103 1 10 1 0.8
1 109804 2183 2367 1 10 1 0.8
1 140262 2186 3577 1 1 0 0.8
1 88869 2192 2400 1 1 1 0.8
1 150348 2192 4334 1 10 1 0.8
1 158779 2199 3401 1 1 0 0.8
1 179830 2201 3919 1 1 1 0.8
1 83376 2203 1792 1 1 0 0.8
1 78889 2204 1631 1 50 0 0.8
1 108574 2204 2428 1 50 0 0.8
1 111604 2205 2309 1 1 0 0.8
1 98392 2205 2818 1 1 1 0.8
1 164649 2207 3317 1 10 1 0.8
1 160774 2210 3751 1 1 0 0.8
1 104235 2210 2127 1 1 1 0.8
1 73484 2211 1717 1 1 1 0.8
1 129643 2211 2804 1 10 1 0.8
1 72673 2212 1923 1 1 1 0.8
1 65635 2213 1689 1 1 0 0.8
1 126897 2215 3174 1 1 1 0.8
1 150772 2222 3464 1 10 0 0.8
1 160426 2226 3941 1 10 0 0.8
1 161640 2229 3690 1 50 1 0.8
1 63639 2231 1778 1 1 0 0.8
1 118624 2231 2816 1 50 0 0.8
1 92228 2232 2277 1 1 1 0.8
1 61068 2233 1678 1 10 1 0.8
1 66810 2238 1657 1 1 1 0.8
1 157666 2238 4015 1 1 1 0.8
1 83077 2240 2434 1 1 1 0.8
1 175283 2249 3716 1 10 0 0.8
1 130409 2252 3214 1 10 1 0.8
1 63317 2253 1776 1 10 1 0.8
1 144034 2257 4083 1 10 1 0.8
1 64689 2259 1592 1 1 1 0.8
1 83028 2259 2249 1 50 0 0.8
1 79878 2259 2381 1 1 0 0.8
1 176217 2259 5023 1 10 1 0.8
1 81373 2259 2310 1 1 1 0.8
1 115494 2261 3458 1 50 0 0.8
1 67571 2261 1482 1 10 0 0.8
1 155751 2267 3399 1 10 1 0.8
1 93841 2268 2638 1 1 1 0.8
1 132145 2272 3095 1 10 0 0.8
1 132572 2274 3051 1 10 0 0.8
1 112999 2277 3346 1 10 1 0.8
1 174527 2277 4871 1 50 1 0.8
1 78297 2283 2234 1 10 1 0.8
1 87263 2283 2245 1 50 0 0.8
1 111608 2286 3000 1 1 0 0.8
1 131545 2286 2962 1 10 1 0.8
1 75137 2292 1940 1 1 0 0.8
1 61912 2293 1250 1 10 1 0.8
1 119026 2295 3410 1 1 0 0.8
1 177215 2298 3940 1 1 1 0.8
1 154370 2299 3293 1 10 0 0.8
1 166365 2300 3434 1 1 1 0.8
1 125679 2303 3065 1 10 0 0.8
1 128831 2305 3287 1 1 1 0.8
1 111753 2305 2960 1 10 1 0.8
1 97629 2307 2690 1 1 0 0.8
1 128007 2308 2989 1 1 1 0.8
1 142244 2313 3342 1 1 0 0.8
1 80460 2313 1651 1 1 1 0.8
1 165787 2314 3934 1 10 1 0.8
1 138806 2319 4117 1 10 1 0.8
1 166772 2319 3902 1 10 0 0.8
1 102298 2319 2399 1 10 0 0.8
1 77827 2321 2000 1 10 1 0.8
1 178135 2327 4257 1 1 1 0.8
1 76413 2329 2224 1 10 1 0.8
1 76901 2331 1665 1 1 1 0.8
1 179750 2337 5363 1 1 0 0.8
1 109590 2353 3019 1 1 0 0.8
1 125754 2366 3422 1 50 0 0.8
1 136159 2371 3942 1 10 0 0.8
1 90240 2371 2582 1 10 1 0.8
1 82061 2372 1652 1 1 1 0.8
1 166833 2375 4863 1 50 0 0.8
1 116723 2378 2335 1 1 0 0.8
1 161252 2379 3507 1 1 0 0.8
1 73265 2385 1950 1 1 1 0.8
1 86286 2386 2389 1 1 0 0.8
1 173356 2387 4269 1 50 1 0.8
1 83449 2392 1948 1 1 1 0.8
1 68308 2395 1991 1 50 1 0.8
1 125736 2398 2783 1 1 0 0.8
1 102991 2401 2093 1 1 0 0.8
1 92016 2403 2398 1 10 0 0.8
1 161074 2403 3880 1 10 0 0.8
1 115645 2406 3090 1 1 0 0.8
1 142553 2406 4182 1 1 0 0.8
1 177065 2411 5164 1 10 1 0.8
1 93002 2416 2228 1 10 0 0.8
1 151371 2416 3897 1 50 0 0.8
1 136041 2416 3411 1 1 1 0.8
1 80464 2418 1934 1 10 1 0.8
1 138219 2419 2844 1 1 1 0.8
1 61714 2429 1437 1 1 1 0.8
1 145218 2435 3861 1 10 1 0.8
1 97391 2437 2601 1 1 1 0.8
1 173631 2438 4362 1 1 0 0.8
1 160845 2442 4294 1 1 0 0.8
1 68427 2445 1501 1 50 1 0.8
1 174610 2446 5149 1 1 1 0.8
1 170330 2448 4937 1 1 0 0.8
1 125755 2448 3521 1 1 0 0.8
1 156912 2448 3351 1 1 0 0.8
1 60156 2450 1760 1 1 0 0.8
1 71683 2450 1691 1 10 0 0.8
1 104339 2450 2964 1 1 1 0.8
1 86655 2451 2098 1 1 0 0.8
1 61722 2452 1844 1 1 0 0.8
1 175568 2453 4807 1 1 1 0.8
1 71392 2454 1492 1 10 1 0.8
1 106893 2457 2626 1 1 0 0.8
1 155929 2460 3240 1 10 0 0.8
1 173536 2462 3803 1 1 0 0.8
1 145921 2464 3933 1 1 0 0.8
1 61904 2467 1731 1 1 1 0.8
1 121693 2468 3302 1 1 1 0.8
1 123113 2470 3672 1 1 0 0.8
1 80529 2470 2388 1 1 1 0.8
1 90884 2470 2724 1 1 1 0.8
1 158004 2470 4281 1 50 0 0.8
1 146775 2475 4036 1 50 0 0.8
1 97665 2477 2004 1 1 1 0.8
1 153754 2477 3319 1 1 1 0.8
1 159084 2480 4660 1 1 1 0.8
1 179035 2481 5047 1 1 0 0.8
1 136662 2483 3843 1 10 1 0.8
1 71005 2483 1997 1 1 1 0.8
1 134221 2484 3122 1 50 0 0.8
1 151746 2487 3295 1 1 1 0.8
1 71388 2487 1775 1 1 0 0.8
1 143175 2489 3538 1 1 0 0.8
1 124482 2490 3112 1 1 1 0.8
1 79428 2491 2160 1 10 1 0.8
1 91982 2492 2478 1 1 0 0.8
1 67337 2494 1956 1 10 1 0.8
1 134966 2495 2842 1 10 1 0.8
1 70082 2497 2096 1 10 1 0.8
1 90925 2497 2456 1 1 1 0.8
1 112787 2498 2484 1 1 1 0.8
1 121524 2500 2942 1 1 1 0.8
1 155396 2504 3956 1 1 0 0.8
1 76419 2504 1897 1 1 1 0.8
1 128777 2505 3810 1 1 1 0.8
1 152261 2505 3334 1 50 1 0.8
1 100077 2509 2069 1 50 1 0.8
1 64077 2510 1630 1 1 0 0.8
1 173022 2510 4094 1 50 1 0.8
1 95225 2511 2086 1 1 0 0.8
1 169014 2513 3970 1 1 0 0.8
1 66131 2513 1902 1 1 1 0.8
1 112939 2516 2761 1 1 1 0.8
1 80343 2517 2215 1 1 1 0.8
1 171717 2519 3573 1 50 1 0.8
1 137412 2521 3533 1 10 0 0.8
1 162793 2525 3916 1 1 1 0.8
1 155810 2527 3266 1 1 0 0.8
1 101484 2530 2070 1 50 1 0.8
1 113812 2531 2346 1 1 1 0.8
1 115612 2538 2528 1 1 1 0.8
1 136027 2542 3499 1 10 0 0.8
1 78267 2544 2091 1 10 0 0.8
1 118457 2548 2849 1 50 1 0.8
1 135616 2549 3460 1 1 1 0.8
1 134939 2551 3534 1 10 1 0.8
1 84027 2552 1957 1 1 1 0.8
1 76743 2553 1880 1 50 0 0.8
1 62430 2554 1388 1 10 0 0.8
1 131483 2555 3019 1 50 1 0.8
1 87702 2556 2606 1 1 1 0.8
1 173858 2562 4697 1 1 1 0.8
1 128946 2563 3301 1 10 1 0.8
1 60389 2567 1631 1 1 0 0.8
1 76804 2569 1967 1 1 1 0.8
1 82013 2572 2075 1 10 1 0.8
1 127102 2578 3283 1 1 0 0.8
1 119633 2578 2801 1 1 0 0.8
1 176938 2579 5185 1 50 1 0.8
1 106455 2579 2453 1 1 1 0.8
1 68066 2587 1760 1 10 0 0.8
1 115353 2588 2692 1 50 0 0.8
1 72706 2589 1634 1 50 1 0.8
1 80495 2593 1787 1 1 0 0.8
1 109062 2597 2303 1 1 1 0.8
1 158703 2598 3840 1 1 1 0.8
1 159007 2603 3197 1 50 0 0.8
1 140687 2606 3066 1 1 1 0.8
1 172209 2606 3737 1 1 1 0.8
1 87900 2607 2261 1 1 1 0.8
1 78941 2612 2048 1 10 1 0.8
1 120768 2613 2497 1 1 1 0.8
1 97942 2613 2394 1 1 0 0.8
1 174207 2618 4610 1 1 1 0.8
1 121483 2620 3078 1 1 1 0.8
1 143793 2625 3332 1 1 1 0.8
1 74250 2634 1489 1 1 1 0.8
1 64591 2635 1640 1 10 0 0.8
1 81680 2638 1987 1 1 1 0.8
1 151980 2638 4485 1 10 1 0.8
1 156384 2641 4455 1 10 0 0.8
1 135002 2644 3291 1 1 0 0.8
1 167936 2648 4587 1 1 1 0.8
1 73326 2650 2078 1 10 1 0.8
1 113442 2651 3279 1 1 1 0.8
1 120968 2653 2939 1 1 0 0.8
1 92284 2655 2634 1 1 1 0.8
1 121082 2655 2921 1 10 1 0.8
1 92988 2656 2633 1 10 1 0.8
1 136798 2656 3344 1 10 1 0.8
1 63236 2657 1753 1 1 1 0.8
1 107590 2659 3211 1 1 1 0.8
1 77941 2659 2185 1 1 1 0.8
1 161449 2663 3271 1 1 1 0.8
1 156494 2663 4028 1 50 1 0.8
1 161922 2671 3839 1 10 0 0.8
1 131215 2675 2926 1 10 1 0.8
1 82507 2677 2148 1 1 1 0.8
1 133865 2688 3811 1 1 1 0.8
1 95226 2689 1962 1 10 1 0.8
1 122676 2689 3661 1 50 0 0.8
1 121286 2701 3179 1 10 1 0.8
1 145355 2705 3532 1 10 1 0.8
1 168640 2705 3588 1 1 0 0.8
1 172742 2705 3948 1 1 0 0.8
1 173566 2707 3664 1 50 1 0.8
1 161293 2710 3833 1 1 0 0.8
1 162852 2713 4402 1 1 0 0.8
1 122367 2714 3565 1 10 1 0.8
1 91077 2715 2184 1 10 1 0.8
1 110074 2715 3024 1 1 1 0.8
1 70700 2725 1483 1 50 0 0.8
1 135944 2725 3828 1 1 1 0.8
1 98797 2726 2723 1 50 1 0.8
1 100712 2728 2624 1 10 1 0.8
1 93809 2734 2247 1 1 1 0.8
1 65893 2734 1413 1 1 0 0.8
1 117933 2735 2840 1 1 1 0.8
1 160750 2736 3301 1 10 0 0.8
1 113531 2741 3396 1 1 1 0.8
1 85011 2743 2159 1 10 0 0.8
1 151688 2749 3957 1 10 1 0.8
1 63122 2751 1403 1 10 1 0.8
1 145987 2752 3358 1 1 1 0.8
1 109857 2753 2289 1 1 0 0.8
1 97145 2758 2398 1 10 1 0.8
1 128568 2759 2678 1 10 1 0.8
1 131400 2766 3114 1 1 1 0.8
1 176597 2768 3812 1 1 1 0.8
1 80757 2771 2222 1 1 0 0.8
1 60343 2771 1394 1 10 0 0.8
1 138869 2775 3790 1 1 1 0.8
1 152095 2775 3570 1 1 1 0.8
1 89846 2776 2671 1 1 0 0.8
1 113205 2776 2600 1 10 1 0.8
1 91605 2777 2059 1 10 0 0.8
1 104761 2781 2688 1 10 1 0.8
1 154281 2791 4142 1 10 1 0.8
1 174204 2796 4280 1 50 1 0.8
1 139542 2797 4025 1 1 1 0.8
1 122548 2806 3334 1 10 0 0.8
1 122843 2808 3054 1 10 0 0.8
1 60718 2809 1708 1 50 0 0.8
1 121672 2810 2775 1 1 1 0.8
1 68482 2810 1822 1 1 1 0.8
1 134101 2812 3654 1 1 1 0.8
1 87309 2812 2198 1 1 0 0.8
1 178594 2813 4157 1 10 1 0.8
1 129366 2819 3570 1 10 1 0.8
1 156368 2820 3393 1 50 0 0.8
1 130797 2822 3634 1 1 1 0.8
1 120637 2828 2413 1 1 1 0.8
1 174110 2828 3947 1 1 1 0.8
1 143691 2830 3829 1 1 0 0.8
1 84091 2834 2452 1 50 0 0.8
1 86747 2839 2039 1 1 1 0.8
1 127792 2841 2767 1 10 0 0.8
1 130097 2849 3267 1 10 1 0.8
1 152202 2853 3674 1 1 0 0.8
1 113201 2854 2606 1 1 1 0.8
1 78882 2856 1924 1 1 1 0.8
1 159464 2858 3784 1 10 1 0.8
1 126227 2859 3645 1 10 0 0.8
1 138979 2860 3709 1 10 1 0.8
1 116873 2870 2865 1 10 0 0.8
1 133368 2870 3053 1 1 0 0.8
1 116977 2872 2359 1 1 0 0.8
1 109652 2874 2244 1 1 1 0.8
1 77131 2878 2069 1 1 1 0.8
1 141164 2878 3606 1 10 0 0.8
1 103664 2878 2159 1 1 1 0.8
1 90063 2880 2446 1 1 1 0.8
1 125897 2880 2882 1 10 1 0.8
1 115393 2883 3111 1 1 1 0.8
1 79653 2885 2082 1 1 1 0.8
1 175692 2890 4407 1 1 1 0.8
1 97763 2891 2058 1 10 1 0.8
1 104837 2892 2668 1 1 0 0.8
1 153184 2895 4126 1 10 1 0.8
1 79407 2896 1919 1 1 0 0.8
1 135052 2897 3405 1 1 1 0.8
1 171011 2900 4802 1 1 1 0.8
1 143862 2902 3559 1 1 0 0.8
1 177031 2906 4356 1 50 0 0.8
1 106397 2907 2882 1 1 1 0.8
1 70933 2913 1426 1 50 0 0.8
1 71595 2914 2004 1 10 0 0.8
1 76312 2917 1835 1 10 1 0.8
1 131249 2917 3158 1 10 0 0.8
1 91315 2918 2183 1 1 0 0.8
1 150821 2922 4109 1 1 0 0.8
1 86250 2923 2365 1 10 0 0.8
1 140938 2925 3717 1 1 0 0.8
1 75276 2930 1525 1 50 0 0.8
1 146749 2930 3788 1 10 1 0.8
1 172215 2931 4088 1 10 0 0.8
1 107136 2932 3178 1 10 0 0.8
1 158619 2943 3770 1 1 1 0.8
1 155151 2943 4170 1 50 0 0.8
1 61771 2945 1589 1 1 1 0.8
1 67525 2946 1645 1 10 1 0.8
1 95898 2946 2415 1 50 1 0.8
1 170102 2952 5030 1 1 0 0.8
1 163897 2956 3288 1 1 0 0.8
1 176285 2957 4723 1 10 0 0.8
1 177968 2958 5244 1 1 1 0.8
1 127421 2958 3350 1 1 1 0.8
1 102197 2961 2771 1 10 0 0.8
1 153976 2963 3332 1 1 0 0.8
1 77379 2963 2066 1 1 1 0.8
1 78597 2965 1839 1 10 1 0.8
1 108492 2967 3029 1 1 1 0.8
1 92593 2968 2456 1 1 1 0.8
1 167203 2977 4990 1 1 0 0.8
1 160659 2978 3594 1 10 0 0.8
1 130541 2978 2987 1 10 1 0.8
1 80680 2981 1823 1 1 0 0.8
1 147047 2986 3689 1 50 1 0.8
1 70274 2987 1564 1 1 0 0.8
1 88854 2989 2316 1 1 0 0.8
1 140503 2992 3927 1 10 1 0.8
1 161442 2996 3942 1 50 0 0.8
1 177625 2999 3943 1 10 0 0.8
1 92620 3000 2684 1 1 0 0.8
1 98287 3002 2530 1 1 1 0.8
1 79846 3005 1970 1 1 0 0.8
1 91317 3005 2287 1 1 1 0.8
1 146615 3006 3133 1 10 0 0.8
1 107251 3010 2730 1 10 1 0.8
1 87142 3013 2346 1 1 0 0.8
1 155142 3025 3780 1 1 0 0.8
1 101402 3035 2752 1 1 1 0.8
1 143994 3037 3720 1 10 0 0.8
1 177000 3039 4600 1 1 1 0.8
1 78088 3040 1844 1 1 0 0.8
1 154958 3044 3324 1 1 1 0.8
1 178925 3049 4981 1 1 1 0.8
1 173213 3050 3763 1 1 0 0.8
1 124819 3055 2554 1 10 1 0.8
1 132358 3055 3115 1 10 0 0.8
1 146574 3059 4378 1 1 0 0.8
1 171545 3063 4838 1 1 0 0.8
1 137058 3064 3792 1 10 0 0.8
1 63387 3065 1357 1 1 0 0.8
1 152534 3067 4236 1 50 0 0.8
1 145953 3067 3145 1 1 0 0.8
1 104254 3071 2931 1 1 1 0.8
1 161102 3071 3813 1 1 0 0.8
1 89060 3073 2000 1 50 0 0.8
1 68987 3077 1757 1 50 1 0.8
1 76759 3078 2222 1 10 1 0.8
1 111213 3078 2259 1 1 0 0.8
1 80898 3080 2233 1 50 0 0.8
1 169455 3080 4608 1 1 1 0.8
1 68817 3081 1571 1 1 1 0.8
1 75561 3081 2244 1 1 0 0.8
1 169994 3082 3937 1 1 0 0.8
1 69784 3085 1765 1 10 1 0.8
1 175250 3087 4896 1 1 0 0.8
1 108462 3088 2883 1 50 0 0.8
1 92645 3093 2183 1 1 0 0.8
1 143605 3095 3389 1 10 0 0.8
1 177031 3099 3994 1 1 1 0.8
1 124289 3100 3505 1 1 1 0.8
1 169618 3103 4059 1 10 0 0.8
1 140715 3103 3525 1 1 0 0.8
1 169627 3108 4128 1 50 1 0.8
1 171949 3114 4236 1 50 1 0.8
1 68573 3119 2002 1 1 0 0.8
1 75269 3119 2061 1 10 0 0.8
1 128744 3121 2689 1 1 1 0.8
1 173466 3123 4698 1 10 0 0.8
1 110897 3128 2573 1 10 0 0.8
1 145622 3131 3443 1 10 0 0.8
1 135476 3131 2971 1 10 1 0.8
1 175483 3136 4736 1 1 1 0.8
1 100529 3137 2173 1 1 1 0.8
1 126182 3138 2888 1 10 0 0.8
1 90689 3139 1932 1 1 0 0.8
1 137468 3144 4014 1 1 0 0.8
1 135925 3145 3481 1 50 0 0.8
1 110491 3147 2992 1 1 1 0.8
1 66913 3152 1411 1 10 0 0.8
1 159581 3154 4147 1 1 1 0.8
1 73851 3155 2159 1 10 0 0.8
1 169919 3157 4273 1 1 0 0.8
1 135951 3157 3550 1 1 0 0.8
1 78243 3158 2234 1 10 1 0.8
1 91330 3159 1979 1 1 1 0.8
1 141555 3159 3933 1 1 1 0.8
1 66590 3160 1540 1 10 0 0.8
1 129478 3164 3845 1 1 1 0.8
1 99497 3164 2813 1 1 1 0.8
1 134218 3166 2986 1 50 0 0.8
1 164532 3170 4141 1 1 0 0.8
1 78301 3173 2260 1 50 1 0.8
1 161017 3175 3974 1 1 0 0.8
1 138889 3178 4006 1 1 0 0.8
1 67699 3188 1708 1 1 1 0.8
1 179407 3194 4479 1 1 1 0.8
1 179348 3195 5342 1 1 0 0.8
1 115847 3197 3434 1 1 1 0.8
1 126654 3197 2826 1 1 1 0.8
1 77162 3198 1745 1 10 0 0.8
1 129827 3198 3700 1 50 1 0.8
1 173106 3199 3650 1 1 0 0.8
1 70011 3201 1739 1 1 0 0.8
1 126876 3210 2973 1 10 1 0.8
1 136562 3212 3238 1 1 0 0.8
1 91053 3212 2666 1 1 0 0.8
1 99631 3212 2030 1 50 1 0.8
1 83501 3213 1996 1 1 0 0.8
1 81596 3222 2247 1 10 0 0.8
1 106201 3223 2652 1 10 0 0.8
1 128295 3227 2721 1 10 0 0.8
1 90768 3227 1843 1 1 1 0.8
1 153523 3227 3805 1 10 0 0.8
1 117000 3231 2537 1 1 0 0.8
1 156367 3233 3566 1 1 0 0.8
1 137804 3238 3287 1 1 0 0.8
1 117705 3238 3161 1 1 1 0.8
1 120627 3242 3462 1 50 0 0.8
1 88192 3245 2194 1 10 1 0.8
1 113534 3246 2746 1 1 0 0.8
1 123526 3248 2728 1 1 0 0.8
1 73485 3252 2142 1 50 0 0.8
1 109909 3255 2325 1 10 0 0.8
1 76319 3258 2163 1 1 1 0.8
1 122269 3262 3168 1 50 0 0.8
1 70523 3263 1693 1 1 1 0.8
1 141868 3265 4115 1 1 0 0.8
1 179672 3268 3824 1 10 1 0.8
1 173951 3273 3562 1 10 0 0.8
1 118398 3273 2485 1 50 1 0.8
1 161613 3276 4114 1 50 1 0.8
1 126793 3276 3648 1 1 1 0.8
1 90979 3283 2574 1 1 1 0.8
1 96386 3284 2729 1 1 1 0.8
1 110390 3286 2977 1 50 1 0.8
1 165780 3287 3507 1 10 1 0.8
1 109924 3291 3265 1 1 1 0.8
1 94708 3292 2363 1 10 0 0.8
1 132315 3293 3884 1 1 0 0.8
1 162330 3295 4191 1 50 1 0.8
1 109846 3295 2276 1 10 0 0.8
1 103367 3296 2765 1 50 0 0.8
1 177536 3299 4177 1 50 0 0.8
1 63543 3299 1410 1 1 1 0.8
1 158025 3299 4731 1 10 1 0.8
1 173654 3302 3950 1 10 1 0.8
1 98294 3302 2321 1 10 0 0.8
1 93076 3305 2530 1 1 1 0.8
1 169150 3305 4788 1 1 1 0.8
1 179337 3305 4848 1 50 1 0.8
1 149583 3309 3607 1 1 0 0.8
1 159395 3310 4081 1 10 1 0.8
1 155228 3322 3454 1 1 1 0.8
1 171102 3323 4826 1 1 1 0.8
1 75063 3329 2184 1 50 1 0.8
1 104758 3331 2907 1 1 0 0.8
1 68896 3332 1966 1 10 1 0.8
1 120188 3332 3141 1 1 1 0.8
1 173362 3334 4685 1 10 1 0.8
1 149376 3336 3556 1 10 0 0.8
1 90937 3336 2689 1 10 1 0.8
1 93609 3336 2526 1 1 1 0.8
1 103771 3337 2792 1 1 0 0.8
1 135734 3340 3280 1 1 1 0.8
1 115215 3340 2581 1 10 1 0.8
1 139209 3340 3010 1 1 1 0.8
1 169524 3341 4453 1 10 1 0.8
1 150327 3346 3428 1 50 1 0.8
1 68393 3346 1832 1 1 1 0.8
1 82431 3347 2112 1 10 1 0.8
1 172923 3351 4635 1 1 1 0.8
1 69858 3353 1813 1 10 0 0.8
1 152969 3357 3292 1 10 1 0.8
1 103642 3367 2776 1 1 0 0.8
1 80070 3368 2075 1 10 0 0.8
1 140812 3372 4074 1 1 1 0.8
1 80755 3376 1804 1 10 1 0.8
1 144025 3378 4277 1 10 1 0.8
1 90203 3378 2655 1 1 0 0.8
1 74962 3378 1952 1 50 1 0.8
1 65394 3378 1553 1 10 1 0.8
1 168872 3379 4210 1 1 0 0.8
1 171219 3383 4626 1 1 1 0.8
1 85992 3384 1820 1 10 1 0.8
1 64688 3387 1723 1 1 0 0.8
1 77658 3390 1746 1 1 0 0.8
1 130347 3390 3615 1 10 0 0.8
1 151262 3391 4440 1 1 1 0.8
1 71419 3394 2140 1 50 0 0.8
1 80820 3395 1818 1 10 1 0.8
1 116625 3396 3069 1 1 0 0.8
1 155832 3398 3183 1 50 1 0.8
1 176820 3399 3687 1 1 1 0.8
1 153617 3401 3899 1 10 0 0.8
1 90864 3401 1962 1 1 0 0.8
1 124810 3401 3602 1 1 1 0.8
1 108278 3406 2624 1 1 0 0.8
1 84114 3408 2216 1 1 1 0.8
1 139025 3412 3914 1 1 1 0.8
1 102506 3420 2516 1 1 0 0.8
1 108243 3420 2535 1 1 0 0.8
1 106107 3422 2855 1 1 1 0.8
1 97367 3427 2125 1 10 1 0.8
1 155837 3430 3164 1 1 0 0.8
1 146937 3436 3419 1 1 1 0.8
1 152992 3436 3109 1 1 1 0.8
1 156854 3438 3974 1 1 0 0.8
1 100706 3438 2933 1 50 0 0.8
1 94060 3440 2146 1 50 0 0.8
1 170163 3441 4047 1 50 0 0.8
1 124044 3441 2916 1 50 1 0.8
1 162965 3445 3740 1 10 0 0.8
1 75852 3446 1584 1 1 0 0.8
1 145557 3452 3804 1 1 0 0.8
1 164409 3458 3713 1 1 0 0.8
1 62691 3461 1261 1 10 1 0.8
1 141396 3462 3120 1 10 1 0.8
1 77784 3464 1651 1 1 0 0.8
1 112570 3464 3248 1 10 1 0.8
1 98409 3464 2845 1 1 1 0.8
1 96445 3465 2387 1 1 1 0.8
1 131282 3466 3348 1 1 1 0.8
1 68122 3471 1695 1 1 1 0.8
1 86314 3472 2468 1 1 0 0.8
1 144589 3475 3570 1 10 0 0.8
1 152585 3476 3494 1 10 0 0.8
1 175593 3479 4656 1 1 1 0.8
1 96784 3483 2494 1 1 1 0.8
1 160901 3487 4585 1 1 0 0.8
1 133105 3489 3507 1 1 0 0.8
1 146554 3490 4378 1 1 0 0.8
1 118970 3490 2806 1 10 0 0.8
1 154668 3490 3769 1 1 0 0.8
1 100099 3491 2629 1 1 1 0.8
1 168892 3495 4737 1 1 1 0.8
1 163257 3497 3645 1 1 1 0.8
1 147436 3497 3556 1 1 0 0.8
1 155352 3498 4589 1 10 1 0.8
1 163254 3499 4041 1 1 1 0.8
1 94023 3501 2334 1 1 0 0.8
1 65709 3503 1658 1 50 0 0.8
1 86605 3506 1777 1 50 0 0.8
1 174081 3507 4304 1 1 0 0.8
1 63101 3510 1776 1 10 0 0.8
1 169139 3511 3384 1 10 0 0.8
1 168113 3512 4496 1 1 0 0.8
1 113390 3516 3389 1 10 1 0.8
1 81341 3518 2228 1 10 1 0.8
1 152926 3519 3684 1 10 1 0.8
1 80782 3523 1918 1 1 1 0.8
1 102207 3526 2829 1 1 0 0.8
1 128866 3527 2749 1 10 1 0.8
1 99117 3529 2575 1 50 0 0.8
1 134013 3530 3500 1 10 0 0.8
1 145084 3530 3063 1 1 0 0.8
1 95664 3533 2480 1 50 0 0.8
1 144106 3541 3703 1 1 1 0.8
1 137332 3541 3414 1 1 1 0.8
1 158397 3541 4057 1 10 0 0.8
1 122991 3541 3299 1 1 1 0.8
1 117860 3542 3300 1 1 1 0.8
1 84087 3542 1739 1 10 1 0.8
1 175009 3544 4270 1 1 0 0.8
1 121411 3545 2781 1 10 0 0.8
1 76574 3551 1669 1 1 1 0.8
1 131144 3554 3658 1 10 0 0.8
1 97543 3556 2855 1 10 0 0.8
1 131689 3558 3100 1 1 0 0.8
1 133901 3558 3309 1 10 0 0.8
1 177319 3561 5018 1 10 1 0.8
1 142259 3562 3635 1 50 0 0.8
1 111890 3562 2800 1 50 0 0.8
1 116774 3566 2813 1 1 1 0.8
1 120113 3569 3081 1 1 1 0.8
1 73117 3569 2186 1 1 1 0.8
1 139671 3571 3796 1 50 0 0.8
1 128400 3579 2868 1 1 1 0.8
1 114477 3579 2668 1 10 0 0.8
1 76185 3581 1586 1 10 0 0.8
1 83251 3581 2299 1 1 0 0.8
1 172779 3581 4993 1 1 1 0.8
1 179115 3583 4614 1 1 0 0.8
1 153237 3584 3469 1 10 0 0.8
1 159997 3590 4586 1 1 0 0.8
1 100246 3590 2432 1 10 1 0.8
1 105080 3592 3137 1 1 1 0.8
1 80821 3597 2133 1 50 1 0.8
