1500
2 153321 1 3906 1 1 0 0.8
2 85212 2 2032 1 1 0 0.8
2 86088 2 1750 1 1 0 0.8
2 136796 4 3544 1 1 1 0.8
2 154157 12 3928 1 1 0 0.8
2 107204 12 2639 1 1 1 0.8
2 154067 15 3098 1 10 1 0.8
2 101864 23 2383 1 10 0 0.8
2 113065 27 2965 1 1 1 0.8
2 149580 29 3617 1 1 1 0.8
2 102813 33 2896 1 1 0 0.8
2 130750 36 3448 1 10 0 0.8
2 101854 37 2786 1 1 1 0.8
2 90737 41 2481 1 1 0 0.8
2 168441 43 4758 1 50 1 0.8
2 105088 44 2883 1 1 0 0.8
2 111592 45 2982 1 10 1 0.8
2 96150 52 2287 1 10 0 0.8
2 66180 58 1902 1 1 0 0.8
2 84569 60 2227 1 10 1 0.8
2 102324 61 2916 1 1 0 0.8
2 68534 63 1426 1 1 0 0.8
2 84796 64 2410 1 10 0 0.8
2 81314 66 2115 1 1 1 0.8
2 115614 66 3104 1 1 0 0.8
2 172525 70 5106 1 10 0 0.8
2 63730 76 1879 1 10 1 0.8
2 127275 86 3235 1 1 1 0.8
2 109080 89 3077 1 1 1 0.8
2 115127 92 2822 1 1 0 0.8
2 174347 94 4677 1 1 0 0.8
2 82571 95 1747 1 10 0 0.8
2 69313 97 2034 1 1 0 0.8
2 107808 98 2306 1 10 0 0.8
2 72908 98 1590 1 10 0 0.8
2 125662 99 2898 1 1 1 0.8
2 132103 101 3145 1 1 0 0.8
2 81480 102 2430 1 10 0 0.8
2 60463 102 1286 1 1 1 0.8
2 93397 106 2376 1 10 1 0.8
2 95940 107 2543 1 10 0 0.8
2 63263 108 1439 1 10 0 0.8
2 175272 108 5218 1 1 0 0.8
2 157447 110 3830 1 50 1 0.8
2 113987 111 2967 1 1 1 0.8
2 85550 112 2271 1 1 0 0.8
2 135626 112 3700 1 10 0 0.8
2 63263 114 1820 1 1 1 0.8
2 75541 117 1691 1 1 1 0.8
2 134080 119 3680 1 1 0 0.8
2 86165 124 2362 1 1 1 0.8
2 112170 125 2582 1 1 1 0.8
2 126641 125 3375 1 1 1 0.8
2 100731 132 2652 1 1 0 0.8
2 108345 133 2185 1 10 0 0.8
2 167000 139 4356 1 10 1 0.8
2 133666 141 3147 1 1 0 0.8
2 102011 142 2101 1 1 0 0.8
2 130972 144 3793 1 1 0 0.8
2 152924 144 3608 1 1 1 0.8
2 104093 149 2739 1 10 1 0.8
2 132153 152 2722 1 10 1 0.8
2 145276 152 4353 1 1 1 0.8
2 169430 153 3650 1 1 0 0.8
2 139368 157 2991 1 1 1 0.8
2 133362 160 3073 1 1 1 0.8
2 164431 161 3677 1 1 1 0.8
2 169615 163 3900 1 10 0 0.8
2 128177 163 3007 1 10 0 0.8
2 159273 168 3727 1 1 1 0.8
2 178359 168 3606 1 1 1 0.8
2 131582 171 3867 1 1 1 0.8
2 158691 173 3802 1 10 0 0.8
2 126805 176 3454 1 1 1 0.8
2 148264 178 3325 1 1 0 0.8
2 99476 179 2142 1 10 0 0.8
2 80444 181 2258 1 10 1 0.8
2 114060 182 2523 1 1 1 0.8
2 172808 183 3855 1 1 0 0.8
2 127225 184 3506 1 50 0 0.8
2 79918 184 2068 1 10 1 0.8
2 149593 184 3426 1 1 1 0.8
2 156388 187 3419 1 10 1 0.8
2 135514 187 3901 1 1 1 0.8
2 105408 197 2753 1 10 0 0.8
2 89034 198 2252 1 1 0 0.8
2 90047 199 2369 1 1 1 0.8
2 116869 200 3213 1 1 1 0.8
2 91344 204 2671 1 1 1 0.8
2 99920 210 2105 1 1 1 0.8
2 134310 218 2992 1 10 1 0.8
2 146971 222 3442 1 50 1 0.8
2 100056 222 2049 1 1 1 0.8
2 172955 222 4129 1 1 0 0.8
2 155314 224 3312 1 1 0 0.8
2 113924 225 2903 1 1 1 0.8
2 96204 226 2232 1 10 1 0.8
2 123470 236 2598 1 10 1 0.8
2 166946 238 3712 1 10 0 0.8
2 122562 247 2784 1 10 1 0.8
2 66749 248 1595 1 10 1 0.8
2 108827 248 2670 1 10 1 0.8
2 94227 249 2176 1 10 1 0.8
2 93179 254 2213 1 1 1 0.8
2 127749 259 3126 1 10 1 0.8
2 63311 263 1574 1 1 0 0.8
2 139854 263 4007 1 1 0 0.8
2 129849 265 3082 1 1 1 0.8
2 136110 266 3258 1 1 0 0.8
2 82628 270 1852 1 1 1 0.8
2 169169 274 3786 1 10 1 0.8
2 73225 275 2179 1 10 0 0.8
2 67416 276 1804 1 10 1 0.8
2 91146 276 2343 1 1 0 0.8
2 159445 280 3300 1 1 0 0.8
2 118864 280 3548 1 50 1 0.8
2 171416 280 3687 1 10 1 0.8
2 98087 281 2124 1 1 0 0.8
2 145989 281 3233 1 1 0 0.8
2 137537 285 3668 1 10 1 0.8
2 174580 285 5235 1 1 1 0.8
2 76305 286 2216 1 1 1 0.8
2 123987 286 3000 1 1 1 0.8
2 79164 287 2338 1 1 0 0.8
2 120649 287 3166 1 1 1 0.8
2 173885 288 4370 1 1 1 0.8
2 78597 288 1588 1 50 1 0.8
2 165800 290 4775 1 1 0 0.8
2 122263 294 2582 1 1 0 0.8
2 102175 296 2449 1 10 0 0.8
2 176476 298 5247 1 1 1 0.8
2 116893 300 3171 1 50 0 0.8
2 119256 304 2489 1 1 1 0.8
2 172507 306 3893 1 50 1 0.8
2 152764 307 3222 1 10 1 0.8
2 124351 309 2700 1 1 0 0.8
2 118834 310 2593 1 10 0 0.8
2 154533 312 4377 1 10 1 0.8
2 139722 312 3811 1 1 1 0.8
2 66774 312 1506 1 1 0 0.8
2 113461 316 2282 1 1 0 0.8
2 100958 316 2847 1 50 0 0.8
2 112248 317 2437 1 10 1 0.8
2 123280 321 2670 1 1 0 0.8
2 165280 321 3457 1 10 1 0.8
2 112908 325 3332 1 1 1 0.8
2 107209 327 2628 1 10 0 0.8
2 172381 330 4108 1 1 0 0.8
2 68213 331 1502 1 1 1 0.8
2 75817 335 1536 1 1 0 0.8
2 100598 336 2812 1 10 0 0.8
2 117713 349 3204 1 10 0 0.8
2 69243 354 2047 1 50 1 0.8
2 154845 362 3882 1 1 0 0.8
2 84690 362 2284 1 1 0 0.8
2 67293 364 1861 1 50 0 0.8
2 125724 364 3564 1 1 1 0.8
2 103504 365 2792 1 1 1 0.8
2 159806 367 4748 1 1 1 0.8
2 64313 370 1524 1 1 0 0.8
2 131617 370 3126 1 1 1 0.8
2 167098 373 3581 1 10 1 0.8
2 99156 375 2736 1 1 1 0.8
2 175639 375 4961 1 10 1 0.8
2 75321 377 1830 1 1 1 0.8
2 92416 377 2095 1 1 0 0.8
2 120447 382 3380 1 10 0 0.8
2 95731 386 2419 1 10 1 0.8
2 164408 387 3699 1 10 1 0.8
2 89961 388 1915 1 1 0 0.8
2 166724 388 4325 1 1 0 0.8
2 151750 389 3494 1 1 1 0.8
2 112261 391 3240 1 10 1 0.8
2 111632 391 3213 1 1 1 0.8
2 62805 393 1578 1 1 0 0.8
2 130536 394 3675 1 10 0 0.8
2 95717 395 2268 1 1 1 0.8
2 133599 399 3882 1 1 1 0.8
2 123544 399 3431 1 1 0 0.8
2 152175 405 3859 1 1 0 0.8
2 61207 407 1556 1 10 1 0.8
2 111745 408 2269 1 1 1 0.8
2 60464 409 1306 1 10 0 0.8
2 165223 412 4807 1 50 1 0.8
2 63991 414 1377 1 1 0 0.8
2 105651 417 2620 1 1 1 0.8
2 156918 417 4143 1 1 1 0.8
2 144550 425 3952 1 10 0 0.8
2 124594 431 2677 1 10 1 0.8
2 142397 432 3218 1 1 0 0.8
2 68824 435 1501 1 1 1 0.8
2 81879 435 2419 1 10 1 0.8
2 125087 437 3365 1 1 0 0.8
2 135757 438 3125 1 1 0 0.8
2 100233 440 2587 1 1 1 0.8
2 119602 445 3367 1 1 0 0.8
2 162621 447 3748 1 1 1 0.8
2 135196 447 3959 1 1 1 0.8
2 99071 455 2154 1 1 0 0.8
2 171112 456 4991 1 50 1 0.8
2 163177 460 4059 1 1 1 0.8
2 82533 463 1956 1 1 1 0.8
2 126678 465 2689 1 10 0 0.8
2 123704 469 3635 1 1 0 0.8
2 131915 470 3579 1 10 0 0.8
2 80342 471 2409 1 1 0 0.8
2 134099 473 2716 1 10 1 0.8
2 125199 473 3451 1 1 0 0.8
2 69557 477 1478 1 50 1 0.8
2 133682 479 2988 1 1 1 0.8
2 162423 485 4314 1 10 1 0.8
2 88627 487 2648 1 1 1 0.8
2 65221 489 1427 1 1 0 0.8
2 67336 491 1799 1 1 1 0.8
2 173136 495 3988 1 10 0 0.8
2 109191 495 2526 1 1 0 0.8
2 74446 499 1488 1 1 1 0.8
2 136867 499 4101 1 1 0 0.8
2 142803 501 3938 1 1 1 0.8
2 130345 502 2634 1 1 1 0.8
2 75170 502 2057 1 10 1 0.8
2 94863 503 2602 1 50 1 0.8
2 91398 505 2562 1 1 0 0.8
2 179066 505 3673 1 1 0 0.8
2 125484 506 3364 1 1 0 0.8
2 133836 512 2907 1 10 0 0.8
2 112138 517 2429 1 10 0 0.8
2 129222 520 3287 1 10 1 0.8
2 134400 521 3214 1 1 1 0.8
2 107676 521 3038 1 1 0 0.8
2 172519 528 4305 1 1 0 0.8
2 61731 528 1293 1 1 1 0.8
2 152259 528 4259 1 10 1 0.8
2 140115 528 2820 1 50 0 0.8
2 161526 536 4288 1 50 0 0.8
2 63096 537 1493 1 1 1 0.8
2 69726 538 1814 1 1 1 0.8
2 61184 541 1343 1 1 0 0.8
2 60974 545 1780 1 10 0 0.8
2 158918 546 3852 1 10 0 0.8
2 67176 550 1404 1 1 1 0.8
2 80013 552 2192 1 50 0 0.8
2 80025 554 1913 1 1 1 0.8
2 82335 555 2315 1 50 0 0.8
2 104463 555 2402 1 1 0 0.8
2 61838 556 1559 1 1 1 0.8
2 143831 557 3648 1 1 0 0.8
2 139337 565 4122 1 1 1 0.8
2 173033 566 4017 1 1 1 0.8
2 157077 567 3262 1 1 1 0.8
2 171977 567 4696 1 1 0 0.8
2 124076 570 2627 1 10 0 0.8
2 114213 574 2859 1 10 1 0.8
2 141096 576 2893 1 1 1 0.8
2 110294 576 2296 1 1 1 0.8
2 61646 578 1325 1 1 0 0.8
2 96495 579 2215 1 1 0 0.8
2 129309 581 3580 1 1 0 0.8
2 84249 584 2021 1 10 1 0.8
2 89649 584 2406 1 1 1 0.8
2 126184 589 3606 1 50 0 0.8
2 60355 590 1550 1 1 1 0.8
2 63852 594 1667 1 50 1 0.8
2 76496 596 2149 1 10 1 0.8
2 147143 597 4220 1 1 0 0.8
2 138026 597 4085 1 10 1 0.8
2 106478 598 2566 1 1 1 0.8
2 78989 598 2262 1 1 0 0.8
2 86392 610 2259 1 1 0 0.8
2 168682 616 4837 1 1 0 0.8
2 179741 618 5281 1 10 0 0.8
2 84733 618 2519 1 1 0 0.8
2 170636 619 4345 1 10 1 0.8
2 83047 620 2123 1 10 1 0.8
2 153778 623 3914 1 1 0 0.8
2 65349 627 1368 1 1 1 0.8
2 161997 628 3690 1 1 1 0.8
2 115164 629 3444 1 10 1 0.8
2 88323 630 2224 1 1 1 0.8
2 173596 634 3666 1 1 1 0.8
2 98362 637 2826 1 1 0 0.8
2 137583 644 3218 1 50 1 0.8
2 105496 644 2804 1 1 0 0.8
2 84863 651 2491 1 1 0 0.8
2 125240 655 3252 1 1 0 0.8
2 171400 657 4895 1 10 1 0.8
2 113971 659 3063 1 10 1 0.8
2 125746 661 2747 1 50 1 0.8
2 158547 662 4119 1 1 1 0.8
2 108984 680 3254 1 1 1 0.8
2 157523 682 4449 1 10 0 0.8
2 153449 698 4329 1 1 1 0.8
2 132017 698 3350 1 1 0 0.8
2 156502 699 4627 1 10 1 0.8
2 100691 700 2945 1 1 0 0.8
2 107649 701 3202 1 10 0 0.8
2 140891 708 3885 1 10 1 0.8
2 74726 710 1709 1 1 1 0.8
2 162066 714 4276 1 1 0 0.8
2 80428 716 1949 1 1 0 0.8
2 153857 718 3349 1 1 0 0.8
2 136344 719 4086 1 10 1 0.8
2 74276 723 2221 1 10 0 0.8
2 94233 724 2069 1 1 1 0.8
2 146537 728 3788 1 50 0 0.8
2 118740 729 2997 1 1 1 0.8
2 75303 730 1913 1 10 0 0.8
2 106575 731 2307 1 10 1 0.8
2 69259 733 1841 1 50 1 0.8
2 179279 733 3630 1 10 0 0.8
2 102174 737 2784 1 1 0 0.8
2 120188 737 2428 1 1 0 0.8
2 112979 738 3027 1 50 1 0.8
2 80728 738 2256 1 1 0 0.8
2 133716 740 3611 1 10 1 0.8
2 178053 741 3617 1 1 1 0.8
2 109764 741 2950 1 10 0 0.8
2 169756 742 4673 1 50 0 0.8
2 70622 742 1487 1 10 0 0.8
2 147550 749 4356 1 50 1 0.8
2 174395 750 4462 1 10 1 0.8
2 92242 753 2634 1 10 1 0.8
2 174503 755 5016 1 1 0 0.8
2 153886 755 4027 1 1 1 0.8
2 83797 758 2337 1 10 1 0.8
2 64917 766 1750 1 10 0 0.8
2 67328 767 1835 1 1 0 0.8
2 152016 771 4488 1 10 1 0.8
2 97409 772 2836 1 10 0 0.8
2 129861 777 2615 1 1 1 0.8
2 78782 778 2279 1 1 0 0.8
2 134263 779 3598 1 1 0 0.8
2 108572 782 2946 1 50 1 0.8
2 86637 783 2493 1 1 0 0.8
2 157471 787 4461 1 1 1 0.8
2 125127 791 3418 1 10 1 0.8
2 155044 791 3982 1 10 1 0.8
2 165580 797 3698 1 1 0 0.8
2 117053 800 2510 1 50 0 0.8
2 62780 804 1464 1 1 0 0.8
2 117176 811 2459 1 1 0 0.8
2 111130 813 2340 1 50 1 0.8
2 76646 820 1716 1 10 1 0.8
2 75809 820 2164 1 50 1 0.8
2 155152 824 4015 1 1 1 0.8
2 103209 827 2622 1 1 0 0.8
2 142470 829 3350 1 1 0 0.8
2 95101 829 2232 1 1 0 0.8
2 170988 832 4020 1 1 0 0.8
2 89399 832 2169 1 1 0 0.8
2 92261 837 1854 1 1 1 0.8
2 141758 840 3630 1 1 1 0.8
2 122855 841 3560 1 1 0 0.8
2 159233 846 4271 1 1 1 0.8
2 130077 847 2769 1 1 1 0.8
2 137449 858 3702 1 1 0 0.8
2 117567 859 3129 1 1 1 0.8
2 117714 865 2833 1 1 0 0.8
2 108803 865 2785 1 1 0 0.8
2 87695 871 2062 1 1 0 0.8
2 66941 873 1464 1 1 1 0.8
2 178660 873 4346 1 1 1 0.8
2 123171 879 2866 1 1 0 0.8
2 110491 879 2706 1 50 0 0.8
2 164313 879 4395 1 1 0 0.8
2 118811 883 3427 1 1 0 0.8
2 88273 888 1991 1 1 1 0.8
2 135972 888 2843 1 1 0 0.8
2 86931 893 2460 1 1 0 0.8
2 126079 895 2859 1 1 0 0.8
2 81390 901 2386 1 50 1 0.8
2 146122 902 3429 1 1 0 0.8
2 138754 903 2952 1 10 1 0.8
2 145288 905 3130 1 10 0 0.8
2 132277 905 2673 1 1 1 0.8
2 121646 906 3495 1 10 1 0.8
2 176410 908 4319 1 1 1 0.8
2 120919 909 3219 1 10 1 0.8
2 73177 909 1981 1 50 1 0.8
2 73877 910 1562 1 50 0 0.8
2 136766 913 3126 1 1 0 0.8
2 97793 916 2030 1 1 0 0.8
2 162018 919 4328 1 1 0 0.8
2 69736 926 1738 1 10 0 0.8
2 165367 926 4462 1 1 0 0.8
2 163858 928 4001 1 1 1 0.8
2 71779 934 1462 1 1 0 0.8
2 176182 934 3715 1 50 0 0.8
2 170803 934 3656 1 1 0 0.8
2 100743 935 2346 1 1 1 0.8
2 129995 936 3228 1 1 1 0.8
2 107155 937 2948 1 1 1 0.8
2 111654 939 2321 1 1 0 0.8
2 83502 941 2247 1 10 0 0.8
2 117307 945 2915 1 1 0 0.8
2 159912 948 3917 1 1 0 0.8
2 126908 948 3552 1 1 0 0.8
2 71745 956 2094 1 1 1 0.8
2 76876 960 1594 1 1 0 0.8
2 106427 963 3158 1 1 1 0.8
2 78716 965 1654 1 10 0 0.8
2 154395 972 3230 1 1 1 0.8
2 111423 973 2971 1 1 1 0.8
2 117569 975 3218 1 1 1 0.8
2 121570 980 2999 1 1 1 0.8
2 139395 987 3248 1 1 0 0.8
2 171440 992 4377 1 10 0 0.8
2 80686 995 1860 1 1 1 0.8
2 164127 1001 3334 1 1 0 0.8
2 76981 1001 1997 1 1 0 0.8
2 173211 1002 3675 1 1 1 0.8
2 166691 1007 3991 1 50 1 0.8
2 167215 1009 4006 1 1 1 0.8
2 108329 1011 2758 1 1 1 0.8
2 103930 1012 2503 1 50 0 0.8
2 91571 1016 1955 1 50 1 0.8
2 85897 1026 2133 1 10 1 0.8
2 120124 1027 2530 1 1 1 0.8
2 105069 1030 3006 1 1 0 0.8
2 130077 1032 3082 1 10 0 0.8
2 64899 1034 1463 1 50 0 0.8
2 139597 1034 3817 1 1 1 0.8
2 77724 1037 2266 1 1 1 0.8
2 175944 1048 3737 1 1 1 0.8
2 147161 1049 3584 1 50 1 0.8
2 71359 1050 2047 1 1 0 0.8
2 140181 1063 3465 1 1 0 0.8
2 112447 1066 2979 1 10 1 0.8
2 67019 1070 1392 1 1 0 0.8
2 78285 1072 1629 1 50 1 0.8
2 69942 1072 1758 1 1 0 0.8
2 82373 1075 2198 1 10 0 0.8
2 82098 1077 2004 1 1 1 0.8
2 91835 1081 2171 1 1 0 0.8
2 90463 1084 2031 1 50 0 0.8
2 163504 1085 3546 1 1 0 0.8
2 135442 1088 3072 1 1 0 0.8
2 95830 1090 2139 1 1 0 0.8
2 105187 1092 2654 1 1 0 0.8
2 85585 1093 2367 1 1 1 0.8
2 83880 1096 2493 1 1 1 0.8
2 101702 1097 2445 1 10 1 0.8
2 132400 1098 2761 1 1 1 0.8
2 126481 1098 3223 1 1 1 0.8
2 125753 1100 2643 1 1 0 0.8
2 70190 1100 1557 1 1 0 0.8
2 129947 1104 3069 1 1 0 0.8
2 102356 1109 2877 1 10 1 0.8
2 112682 1115 3332 1 10 0 0.8
2 90557 1117 2230 1 10 1 0.8
2 123634 1119 2606 1 50 0 0.8
2 149160 1122 4234 1 10 0 0.8
2 155222 1123 4326 1 1 0 0.8
2 135308 1134 3670 1 10 1 0.8
2 75813 1137 1883 1 10 0 0.8
2 177054 1138 4161 1 1 1 0.8
2 70852 1139 1951 1 10 1 0.8
2 147343 1140 3574 1 1 0 0.8
2 70730 1143 2072 1 1 0 0.8
2 104014 1144 3115 1 1 1 0.8
2 109388 1145 2881 1 10 0 0.8
2 121408 1146 3045 1 1 0 0.8
2 85644 1146 2457 1 1 1 0.8
2 123165 1152 2611 1 50 0 0.8
2 61851 1152 1514 1 50 0 0.8
2 69262 1158 1985 1 1 1 0.8
2 101673 1158 2983 1 10 1 0.8
2 75361 1159 1883 1 1 0 0.8
2 173062 1160 4810 1 10 1 0.8
2 175031 1163 3605 1 1 0 0.8
2 158783 1166 4573 1 1 0 0.8
2 61576 1166 1601 1 1 1 0.8
2 120382 1168 3365 1 10 1 0.8
2 115756 1173 2598 1 10 0 0.8
2 163632 1180 4790 1 10 0 0.8
2 79472 1182 1954 1 1 0 0.8
2 172210 1185 5021 1 1 1 0.8
2 163966 1187 4023 1 1 1 0.8
2 74350 1187 1531 1 1 1 0.8
2 165793 1190 3462 1 10 1 0.8
2 71919 1196 1793 1 50 0 0.8
2 158684 1197 4716 1 1 0 0.8
2 170721 1197 4194 1 10 1 0.8
2 140302 1197 3285 1 1 1 0.8
2 80289 1198 1986 1 10 0 0.8
2 94265 1198 1909 1 10 1 0.8
2 114485 1201 3311 1 1 0 0.8
2 81409 1206 2036 1 1 0 0.8
2 171410 1210 4301 1 1 0 0.8
2 115169 1210 2556 1 10 0 0.8
2 69200 1211 2051 1 50 0 0.8
2 148310 1215 3737 1 1 0 0.8
2 100712 1219 2840 1 1 0 0.8
2 150532 1225 3835 1 10 0 0.8
2 69190 1226 1394 1 1 1 0.8
2 172269 1226 4365 1 1 1 0.8
2 121580 1228 3594 1 10 1 0.8
2 120904 1229 3333 1 1 1 0.8
2 176401 1230 3902 1 1 1 0.8
2 160894 1231 3954 1 1 0 0.8
2 161586 1234 4234 1 10 1 0.8
2 89902 1235 2320 1 10 0 0.8
2 160970 1236 4615 1 1 0 0.8
2 167255 1238 3473 1 1 1 0.8
2 161139 1239 4271 1 10 0 0.8
2 84250 1241 2253 1 1 0 0.8
2 60152 1241 1580 1 1 1 0.8
2 108653 1241 3189 1 10 0 0.8
2 168946 1245 3700 1 50 1 0.8
2 98603 1249 2338 1 10 1 0.8
2 133106 1250 3807 1 1 0 0.8
2 161967 1253 3934 1 10 1 0.8
2 119443 1254 2840 1 1 0 0.8
2 171569 1254 4758 1 1 1 0.8
2 149754 1256 3827 1 10 1 0.8
2 159031 1259 3737 1 1 1 0.8
2 174762 1264 4193 1 10 0 0.8
2 145251 1269 3678 1 1 0 0.8
2 147573 1275 3012 1 1 0 0.8
2 109078 1285 2370 1 1 1 0.8
2 103014 1285 2668 1 1 1 0.8
2 136158 1286 3768 1 1 0 0.8
2 138394 1289 3268 1 1 0 0.8
2 83021 1289 2376 1 10 0 0.8
2 103047 1291 2599 1 10 0 0.8
2 144364 1292 3015 1 1 1 0.8
2 108498 1293 2526 1 10 0 0.8
2 73497 1294 2187 1 10 0 0.8
2 129237 1295 3812 1 10 1 0.8
2 145789 1295 3403 1 50 1 0.8
2 130484 1297 3143 1 1 0 0.8
2 95011 1302 2800 1 10 0 0.8
2 127266 1308 3639 1 1 0 0.8
2 86238 1309 2377 1 1 1 0.8
2 81917 1310 2454 1 1 1 0.8
2 127952 1312 2856 1 10 0 0.8
2 60895 1313 1672 1 10 0 0.8
2 108788 1319 2223 1 1 1 0.8
2 115703 1320 3307 1 1 1 0.8
2 154912 1328 4391 1 1 1 0.8
2 143614 1328 4221 1 10 1 0.8
2 151615 1329 4077 1 10 0 0.8
2 77099 1332 2026 1 1 1 0.8
2 105014 1335 2366 1 1 0 0.8
2 142059 1339 2870 1 10 1 0.8
2 126602 1339 3724 1 1 1 0.8
2 76195 1342 1559 1 10 1 0.8
2 73631 1344 2150 1 1 1 0.8
2 176984 1346 4068 1 1 0 0.8
2 144520 1346 4192 1 10 0 0.8
2 73909 1347 1567 1 1 1 0.8
2 126428 1349 3152 1 1 1 0.8
2 169468 1351 4086 1 1 1 0.8
2 72273 1353 1956 1 1 1 0.8
2 83898 1355 2009 1 1 0 0.8
2 137629 1356 3001 1 1 0 0.8
2 88764 1360 2236 1 1 1 0.8
2 103375 1367 2204 1 1 1 0.8
2 114768 1369 2883 1 10 0 0.8
2 100890 1370 2272 1 1 1 0.8
2 76166 1374 1974 1 10 1 0.8
2 83578 1374 2174 1 1 0 0.8
2 73687 1374 1925 1 10 0 0.8
2 173202 1385 3941 1 10 1 0.8
2 140404 1386 3338 1 10 1 0.8
2 111864 1388 2394 1 10 1 0.8
2 145872 1391 3562 1 1 0 0.8
2 149063 1392 3921 1 50 0 0.8
2 104161 1397 2433 1 1 0 0.8
2 165865 1398 4465 1 1 0 0.8
2 119053 1401 2682 1 1 0 0.8
2 146990 1402 4303 1 1 0 0.8
2 133336 1402 2922 1 10 0 0.8
2 110515 1403 2564 1 1 0 0.8
2 60525 1404 1289 1 1 0 0.8
2 129664 1409 3722 1 10 0 0.8
2 64459 1411 1358 1 10 0 0.8
2 84268 1414 2143 1 1 1 0.8
2 177202 1415 4762 1 1 1 0.8
2 85093 1417 2203 1 1 0 0.8
2 145298 1417 4353 1 50 1 0.8
2 163953 1423 4702 1 1 1 0.8
2 148451 1425 3138 1 1 0 0.8
2 85047 1427 1757 1 1 1 0.8
2 148040 1428 4325 1 1 0 0.8
2 128296 1430 2583 1 10 1 0.8
2 119171 1434 3183 1 1 1 0.8
2 100400 1435 2204 1 1 1 0.8
2 74864 1438 2229 1 10 0 0.8
2 93778 1440 2766 1 1 0 0.8
2 75701 1443 1713 1 50 1 0.8
2 116151 1444 3320 1 10 1 0.8
2 93254 1447 2193 1 1 0 0.8
2 106812 1448 3016 1 1 0 0.8
2 168791 1449 4718 1 10 1 0.8
2 77735 1454 2001 1 1 0 0.8
2 96961 1456 2882 1 1 0 0.8
2 118071 1457 3128 1 1 1 0.8
2 93286 1458 2275 1 1 0 0.8
2 139545 1459 2903 1 1 0 0.8
2 82090 1466 1745 1 1 0 0.8
2 115771 1467 3198 1 10 1 0.8
2 116721 1471 3254 1 1 0 0.8
2 104235 1484 2100 1 1 0 0.8
2 125146 1485 2923 1 10 1 0.8
2 112265 1486 2716 1 1 1 0.8
2 105202 1488 2977 1 1 1 0.8
2 174742 1489 4733 1 50 1 0.8
2 145796 1490 3193 1 10 0 0.8
2 69989 1493 1909 1 1 1 0.8
2 154292 1494 3941 1 10 0 0.8
2 117355 1494 2967 1 50 0 0.8
2 149401 1496 3853 1 1 1 0.8
2 136056 1500 3523 1 1 0 0.8
2 179497 1501 5179 1 1 1 0.8
2 139845 1502 3013 1 1 0 0.8
2 149593 1502 4359 1 1 1 0.8
2 83365 1512 2354 1 1 0 0.8
2 127309 1515 2984 1 10 1 0.8
2 155890 1516 3585 1 1 0 0.8
2 111886 1519 3126 1 50 0 0.8
2 72778 1521 2155 1 50 1 0.8
2 147680 1525 3107 1 50 1 0.8
2 104891 1526 2127 1 1 1 0.8
2 179018 1533 3761 1 1 0 0.8
2 152703 1534 3128 1 10 0 0.8
2 92434 1535 2495 1 1 0 0.8
2 178826 1538 5000 1 1 0 0.8
2 70566 1539 2098 1 1 0 0.8
2 115089 1542 2752 1 10 0 0.8
2 99279 1544 2265 1 1 1 0.8
2 97942 1544 2129 1 50 0 0.8
2 81155 1548 1963 1 1 1 0.8
2 96286 1548 1937 1 1 0 0.8
2 152001 1549 3727 1 10 0 0.8
2 85430 1554 2193 1 10 1 0.8
2 133809 1558 2758 1 1 1 0.8
2 126431 1560 3225 1 1 1 0.8
2 108059 1560 2598 1 10 1 0.8
2 61166 1561 1669 1 1 0 0.8
2 163256 1563 4647 1 1 1 0.8
2 93259 1564 1985 1 50 1 0.8
2 74221 1566 1592 1 1 0 0.8
2 153646 1566 4075 1 50 0 0.8
2 83053 1567 2025 1 10 0 0.8
2 113151 1570 2928 1 50 1 0.8
2 66677 1571 1529 1 50 0 0.8
2 159853 1573 3358 1 10 0 0.8
2 179257 1579 3624 1 1 1 0.8
2 153909 1580 4340 1 10 1 0.8
2 120474 1583 3529 1 50 0 0.8
2 164378 1585 3458 1 1 1 0.8
2 123388 1585 2708 1 10 1 0.8
2 127504 1590 3347 1 1 1 0.8
2 79768 1590 1807 1 1 0 0.8
2 157423 1595 4166 1 10 1 0.8
2 97436 1599 2091 1 1 0 0.8
2 162710 1599 4133 1 1 0 0.8
2 150436 1599 3545 1 1 1 0.8
2 87479 1599 1858 1 1 0 0.8
2 138345 1604 2949 1 1 1 0.8
2 139836 1604 3117 1 1 0 0.8
2 112954 1605 2529 1 1 1 0.8
2 105506 1605 2865 1 1 1 0.8
2 60187 1607 1700 1 1 0 0.8
2 165240 1607 4385 1 1 1 0.8
2 149572 1609 3503 1 50 1 0.8
2 87822 1612 1771 1 1 1 0.8
2 108044 1615 2188 1 1 0 0.8
2 157959 1616 3934 1 1 0 0.8
2 151899 1617 3100 1 10 0 0.8
2 80043 1619 1740 1 1 0 0.8
2 87764 1620 2103 1 10 0 0.8
2 67862 1621 1402 1 50 0 0.8
2 67589 1622 1897 1 10 0 0.8
2 168827 1624 3488 1 50 1 0.8
2 109123 1627 2354 1 1 1 0.8
2 85298 1628 2047 1 1 0 0.8
2 74511 1629 2085 1 10 1 0.8
2 158664 1629 4180 1 1 1 0.8
2 63767 1630 1861 1 50 1 0.8
2 120563 1631 3312 1 10 0 0.8
2 123759 1633 2852 1 1 1 0.8
2 98561 1634 2411 1 1 1 0.8
2 157657 1639 3658 1 10 0 0.8
2 91991 1642 2298 1 50 0 0.8
2 153969 1647 4148 1 1 1 0.8
2 148445 1649 3805 1 50 0 0.8
2 61634 1652 1525 1 10 0 0.8
2 139920 1653 3275 1 1 1 0.8
2 133241 1653 2813 1 10 0 0.8
2 109055 1653 3097 1 50 0 0.8
2 124780 1654 3477 1 50 0 0.8
2 120731 1656 2848 1 1 1 0.8
2 133297 1666 3223 1 1 0 0.8
2 108943 1672 2464 1 1 0 0.8
2 146303 1672 4014 1 1 0 0.8
2 148493 1672 3065 1 1 1 0.8
2 134730 1673 4021 1 50 0 0.8
2 140778 1677 3975 1 1 0 0.8
2 126140 1679 3023 1 1 1 0.8
2 167892 1686 4490 1 50 1 0.8
2 103587 1686 2222 1 1 1 0.8
2 147119 1693 3974 1 10 1 0.8
2 73576 1693 1852 1 10 1 0.8
2 85499 1694 1715 1 1 0 0.8
2 174367 1699 4539 1 1 0 0.8
2 168840 1701 4741 1 1 1 0.8
2 135255 1702 3718 1 10 1 0.8
2 116932 1702 2459 1 1 1 0.8
2 133974 1702 3401 1 1 0 0.8
2 166667 1705 3845 1 1 1 0.8
2 81846 1705 2030 1 10 0 0.8
2 140681 1706 3765 1 10 0 0.8
2 168438 1711 4866 1 1 0 0.8
2 96157 1714 2443 1 1 0 0.8
2 74595 1714 2027 1 1 0 0.8
2 77376 1715 1820 1 10 1 0.8
2 135829 1715 3383 1 10 0 0.8
2 83535 1717 2467 1 10 0 0.8
2 117333 1719 2955 1 50 0 0.8
2 85589 1720 2438 1 1 1 0.8
2 118754 1721 2838 1 1 1 0.8
2 72750 1724 1835 1 1 0 0.8
2 93238 1727 2513 1 10 1 0.8
2 129564 1733 3326 1 10 0 0.8
2 106860 1734 2564 1 1 1 0.8
2 80806 1736 1918 1 1 0 0.8
2 143615 1740 3778 1 1 0 0.8
2 117718 1740 2811 1 1 1 0.8
2 61820 1740 1820 1 1 1 0.8
2 172418 1745 4278 1 1 0 0.8
2 69678 1746 1698 1 10 0 0.8
2 123548 1746 3539 1 1 1 0.8
2 117094 1747 2528 1 1 0 0.8
2 97208 1749 2458 1 1 1 0.8
2 67530 1751 1941 1 1 0 0.8
2 86033 1751 1965 1 1 1 0.8
2 160396 1754 3584 1 1 0 0.8
2 104635 1754 2947 1 10 0 0.8
2 178324 1758 4059 1 1 0 0.8
2 132191 1759 2688 1 50 1 0.8
2 89523 1764 1811 1 50 0 0.8
2 122854 1767 2544 1 1 1 0.8
2 125054 1770 3472 1 1 0 0.8
2 149367 1771 3744 1 1 1 0.8
2 160326 1772 3924 1 1 1 0.8
2 145799 1775 3559 1 10 1 0.8
2 86707 1775 2556 1 10 0 0.8
2 128291 1776 3035 1 1 1 0.8
2 131455 1778 3114 1 1 0 0.8
2 124089 1779 3652 1 1 1 0.8
2 166365 1779 3427 1 10 0 0.8
2 136188 1784 3468 1 10 1 0.8
2 88418 1786 2038 1 1 1 0.8
2 120113 1797 3124 1 1 1 0.8
2 169964 1798 4063 1 1 1 0.8
2 104851 1799 2822 1 1 1 0.8
2 123685 1803 3212 1 1 0 0.8
2 175395 1803 4941 1 1 1 0.8
2 120467 1806 3363 1 1 1 0.8
2 129794 1806 2886 1 10 0 0.8
2 112419 1807 2791 1 1 0 0.8
2 90319 1807 2138 1 1 1 0.8
2 117477 1814 2867 1 1 0 0.8
2 176185 1817 4675 1 1 1 0.8
2 95047 1819 2040 1 10 0 0.8
2 148686 1820 4295 1 1 0 0.8
2 88046 1823 2141 1 1 0 0.8
2 163274 1825 4791 1 10 0 0.8
2 131334 1828 3201 1 10 1 0.8
2 131106 1828 2663 1 1 1 0.8
2 73273 1833 2194 1 1 1 0.8
2 67943 1834 1713 1 1 1 0.8
2 102679 1834 2882 1 1 0 0.8
2 157411 1838 4636 1 50 0 0.8
2 142966 1840 4165 1 10 1 0.8
2 119488 1842 2537 1 50 0 0.8
2 66406 1844 1963 1 10 0 0.8
2 73095 1845 1719 1 10 0 0.8
2 85465 1845 2436 1 1 0 0.8
2 149650 1849 3583 1 1 1 0.8
2 105006 1855 2460 1 1 1 0.8
2 112803 1855 2261 1 1 1 0.8
2 154636 1857 3236 1 10 1 0.8
2 157770 1857 4676 1 50 1 0.8
2 169631 1860 4767 1 50 0 0.8
2 69876 1865 1884 1 1 1 0.8
2 156584 1868 4446 1 50 1 0.8
2 173256 1871 3790 1 10 1 0.8
2 80024 1873 2205 1 10 0 0.8
2 124735 1875 2899 1 1 0 0.8
2 79094 1878 2102 1 1 1 0.8
2 84515 1883 2011 1 1 0 0.8
2 93652 1884 2429 1 1 0 0.8
2 101553 1884 2755 1 10 1 0.8
2 170695 1885 4438 1 1 0 0.8
2 154961 1885 4564 1 10 0 0.8
2 81838 1889 1798 1 50 1 0.8
2 99277 1893 2033 1 1 1 0.8
2 150044 1895 3435 1 1 1 0.8
2 126028 1898 3520 1 1 0 0.8
2 178679 1903 5231 1 1 1 0.8
2 97220 1904 2219 1 1 1 0.8
2 104488 1907 2616 1 10 1 0.8
2 79578 1908 2341 1 50 1 0.8
2 97478 1909 2504 1 1 1 0.8
2 95587 1910 2528 1 50 1 0.8
2 146588 1915 4276 1 1 1 0.8
2 63942 1919 1710 1 1 0 0.8
2 91309 1920 2113 1 50 1 0.8
2 147778 1928 4029 1 10 1 0.8
2 171101 1929 4788 1 1 1 0.8
2 119554 1930 3490 1 10 1 0.8
2 82404 1934 2450 1 1 0 0.8
2 111114 1935 2463 1 1 1 0.8
2 148356 1937 3606 1 50 1 0.8
2 152288 1941 3845 1 1 0 0.8
2 93363 1941 2317 1 1 0 0.8
2 110034 1942 3232 1 1 0 0.8
2 73773 1942 1592 1 1 1 0.8
2 89576 1945 2299 1 1 0 0.8
2 65486 1946 1327 1 1 1 0.8
2 117767 1951 3269 1 1 0 0.8
2 151161 1952 3174 1 1 1 0.8
2 92663 1958 2572 1 1 1 0.8
2 168812 1961 3705 1 1 1 0.8
2 160967 1962 3869 1 1 0 0.8
2 81656 1963 1914 1 1 0 0.8
2 68217 1963 1816 1 1 1 0.8
2 127207 1965 3434 1 1 0 0.8
2 73569 1966 1790 1 1 1 0.8
2 163388 1970 4824 1 10 1 0.8
2 143810 1972 3482 1 50 0 0.8
2 88758 1973 2217 1 10 1 0.8
2 153701 1974 4578 1 1 1 0.8
2 158861 1976 4552 1 50 0 0.8
2 157085 1976 4709 1 1 0 0.8
2 107096 1979 2832 1 1 0 0.8
2 65477 1981 1469 1 10 1 0.8
2 92087 1982 2555 1 50 1 0.8
2 155227 1985 4104 1 1 1 0.8
2 161749 1986 4061 1 50 0 0.8
2 84839 1986 1768 1 1 0 0.8
2 172101 1987 3821 1 1 0 0.8
2 146000 1987 3913 1 10 1 0.8
2 124851 1994 2701 1 1 1 0.8
2 127625 1995 3481 1 1 0 0.8
2 78265 2002 1983 1 1 0 0.8
2 65570 2006 1612 1 10 0 0.8
2 75491 2008 1601 1 1 1 0.8
2 111862 2008 2650 1 1 1 0.8
2 98907 2009 2775 1 1 0 0.8
2 164215 2010 4431 1 50 0 0.8
2 91976 2010 1935 1 1 0 0.8
2 94344 2011 2148 1 1 1 0.8
2 149095 2011 4457 1 10 1 0.8
2 130529 2012 3698 1 50 0 0.8
2 96055 2020 2607 1 1 1 0.8
2 106026 2020 3025 1 1 1 0.8
2 130932 2022 3411 1 1 1 0.8
2 73667 2027 1476 1 1 1 0.8
2 95145 2029 2197 1 10 0 0.8
2 104161 2030 2475 1 1 1 0.8
2 134496 2031 4023 1 1 1 0.8
2 65001 2033 1379 1 1 0 0.8
2 107780 2033 2801 1 50 0 0.8
2 98011 2034 2256 1 1 0 0.8
2 175197 2038 3606 1 1 1 0.8
2 159868 2041 3981 1 10 0 0.8
2 137964 2042 3444 1 10 0 0.8
2 148319 2046 3855 1 1 0 0.8
2 147049 2046 4319 1 1 1 0.8
2 164615 2049 3595 1 10 0 0.8
2 66442 2049 1513 1 10 0 0.8
2 96669 2051 2395 1 1 1 0.8
2 119603 2054 2733 1 1 0 0.8
2 99138 2056 2787 1 10 1 0.8
2 94345 2058 1931 1 1 1 0.8
2 155851 2062 3291 1 10 0 0.8
2 79674 2063 2114 1 10 0 0.8
2 100657 2063 2425 1 1 0 0.8
2 82386 2064 2136 1 1 1 0.8
2 119275 2064 2824 1 1 1 0.8
2 162857 2072 3762 1 1 0 0.8
2 145349 2073 3060 1 10 0 0.8
2 97801 2075 2137 1 1 1 0.8
2 63448 2078 1559 1 10 1 0.8
2 145826 2080 3236 1 1 1 0.8
2 98864 2081 2368 1 1 1 0.8
2 75484 2083 1710 1 1 1 0.8
2 69685 2083 2007 1 1 1 0.8
2 157130 2083 3555 1 1 0 0.8
2 164977 2083 4683 1 1 0 0.8
2 129264 2084 3354 1 1 1 0.8
2 174735 2085 4278 1 50 0 0.8
2 151137 2086 3365 1 1 1 0.8
2 175468 2087 4685 1 10 1 0.8
2 143506 2094 3291 1 1 1 0.8
2 120068 2094 3169 1 1 0 0.8
2 94570 2100 2489 1 10 0 0.8
2 66298 2101 1798 1 1 1 0.8
2 179166 2102 4829 1 1 1 0.8
2 101801 2104 2877 1 1 1 0.8
2 101769 2106 2758 1 1 1 0.8
2 150637 2107 3965 1 1 0 0.8
2 84404 2108 1940 1 1 1 0.8
2 168535 2109 3672 1 1 1 0.8
2 137149 2112 3182 1 1 1 0.8
2 100147 2113 2906 1 10 1 0.8
2 132678 2113 3582 1 1 0 0.8
2 139002 2114 3991 1 10 1 0.8
2 166234 2115 4264 1 1 0 0.8
2 69092 2117 1906 1 50 0 0.8
2 147478 2120 3632 1 10 1 0.8
2 62713 2122 1861 1 1 1 0.8
2 123662 2125 3305 1 1 0 0.8
2 80371 2126 1997 1 1 0 0.8
2 82280 2126 2215 1 10 1 0.8
2 107872 2130 2291 1 10 0 0.8
2 108943 2132 2873 1 1 1 0.8
2 85530 2132 1910 1 1 1 0.8
2 146162 2133 3306 1 10 1 0.8
2 71253 2135 1946 1 1 1 0.8
2 172192 2136 4464 1 10 1 0.8
2 147729 2137 3413 1 10 1 0.8
2 107783 2139 2361 1 10 0 0.8
2 71639 2140 1973 1 1 0 0.8
2 134161 2141 2864 1 1 1 0.8
2 163641 2142 3679 1 1 0 0.8
2 64973 2145 1810 1 1 1 0.8
2 172844 2146 4440 1 1 1 0.8
2 126174 2149 3637 1 1 0 0.8
2 66327 2160 1579 1 1 0 0.8
2 94694 2160 2717 1 1 0 0.8
2 137378 2160 3423 1 1 0 0.8
2 173914 2165 4200 1 1 0 0.8
2 110443 2165 2355 1 10 1 0.8
2 120867 2170 3326 1 1 0 0.8
2 83728 2171 2339 1 1 0 0.8
2 86389 2175 1947 1 1 1 0.8
2 158024 2176 4233 1 10 0 0.8
2 74105 2177 1863 1 1 1 0.8
2 169476 2178 3896 1 1 1 0.8
2 82347 2180 2151 1 10 1 0.8
2 161509 2180 4451 1 1 1 0.8
2 141159 2180 2908 1 1 1 0.8
2 89168 2189 2268 1 10 1 0.8
2 175009 2195 4964 1 1 1 0.8
2 169377 2197 5025 1 50 0 0.8
2 176187 2201 3849 1 50 1 0.8
2 93633 2203 2028 1 1 0 0.8
2 99416 2203 2351 1 1 1 0.8
2 158482 2203 3285 1 1 1 0.8
2 77547 2204 1998 1 10 1 0.8
2 93538 2204 1887 1 1 0 0.8
2 73041 2205 2152 1 10 0 0.8
2 75672 2210 2074 1 1 0 0.8
2 107751 2213 2596 1 1 1 0.8
2 102766 2220 2112 1 10 0 0.8
2 128971 2220 3678 1 10 0 0.8
2 70572 2224 1755 1 1 0 0.8
2 129921 2224 2871 1 1 0 0.8
2 103752 2239 2393 1 10 1 0.8
2 173137 2240 4783 1 50 1 0.8
2 165355 2250 4888 1 1 1 0.8
2 136867 2250 2911 1 1 0 0.8
2 101438 2251 2072 1 1 1 0.8
2 115399 2251 2643 1 1 0 0.8
2 97919 2251 2030 1 1 1 0.8
2 154136 2252 4155 1 10 0 0.8
2 137106 2253 3439 1 1 1 0.8
2 138684 2255 2976 1 10 1 0.8
2 179737 2255 3882 1 10 0 0.8
2 151172 2259 3430 1 1 1 0.8
2 120648 2259 3538 1 10 1 0.8
2 149941 2260 4451 1 1 1 0.8
2 115831 2261 3243 1 1 1 0.8
2 178090 2264 4247 1 1 1 0.8
2 165887 2265 3538 1 10 0 0.8
2 143561 2265 3164 1 10 0 0.8
2 176422 2265 4488 1 1 1 0.8
2 134814 2266 3986 1 10 0 0.8
2 128207 2268 3108 1 10 0 0.8
2 139515 2270 3549 1 1 0 0.8
2 90822 2275 2171 1 1 1 0.8
2 60788 2284 1468 1 50 0 0.8
2 93610 2286 2136 1 1 1 0.8
2 80381 2291 1750 1 50 1 0.8
2 82916 2292 2132 1 10 1 0.8
2 94562 2295 2517 1 1 1 0.8
2 113239 2297 2311 1 1 1 0.8
2 140577 2305 3738 1 1 0 0.8
2 66062 2306 1559 1 1 0 0.8
2 144354 2307 3432 1 1 1 0.8
2 110779 2307 3052 1 10 0 0.8
2 72460 2308 1632 1 10 1 0.8
2 144177 2309 3150 1 10 0 0.8
2 63181 2313 1671 1 1 1 0.8
2 61874 2314 1440 1 1 1 0.8
2 130915 2314 3535 1 1 0 0.8
2 81691 2315 1982 1 10 0 0.8
2 77958 2316 1603 1 10 1 0.8
2 101620 2318 2506 1 1 0 0.8
2 165012 2323 3502 1 1 0 0.8
2 154322 2323 4580 1 1 0 0.8
2 108441 2325 2447 1 1 1 0.8
2 140138 2326 3047 1 1 1 0.8
2 145280 2332 3387 1 1 1 0.8
2 148533 2334 4209 1 1 1 0.8
2 154550 2336 4410 1 1 0 0.8
2 64723 2338 1437 1 50 1 0.8
2 144837 2339 3336 1 1 0 0.8
2 105676 2340 2252 1 1 0 0.8
2 129821 2342 2905 1 1 0 0.8
2 150038 2345 3994 1 10 1 0.8
2 65976 2345 1444 1 10 0 0.8
2 140746 2346 3891 1 1 0 0.8
2 70239 2348 1479 1 1 0 0.8
2 174345 2349 4977 1 1 1 0.8
2 148974 2351 3112 1 1 0 0.8
2 112570 2353 3061 1 1 1 0.8
2 122324 2354 2888 1 1 1 0.8
2 125120 2356 3716 1 1 1 0.8
2 82679 2360 1703 1 10 0 0.8
2 96747 2362 2078 1 1 0 0.8
2 160765 2362 4605 1 10 1 0.8
2 116680 2365 3450 1 1 1 0.8
2 150402 2365 4336 1 1 0 0.8
2 144125 2366 4148 1 1 0 0.8
2 140158 2366 3712 1 10 1 0.8
2 98013 2373 2881 1 1 1 0.8
2 146673 2373 3137 1 1 1 0.8
2 122505 2376 2876 1 1 1 0.8
2 91421 2377 2277 1 1 1 0.8
2 96071 2378 2495 1 1 0 0.8
2 125294 2382 2845 1 10 1 0.8
2 111767 2382 2906 1 1 0 0.8
2 82772 2385 1864 1 1 0 0.8
2 108621 2387 2932 1 50 1 0.8
2 157341 2388 4537 1 1 0 0.8
2 144737 2391 3221 1 1 1 0.8
2 117047 2391 2491 1 10 0 0.8
2 150439 2398 3311 1 1 0 0.8
2 135354 2400 2878 1 1 1 0.8
2 99687 2401 2072 1 1 0 0.8
2 89419 2403 1978 1 1 1 0.8
2 76412 2404 1695 1 1 0 0.8
2 106281 2404 2606 1 10 1 0.8
2 75341 2406 1558 1 1 1 0.8
2 138171 2409 3475 1 50 0 0.8
2 143566 2416 4159 1 1 1 0.8
2 149401 2416 3740 1 1 0 0.8
2 63669 2419 1284 1 1 1 0.8
2 155190 2422 3695 1 1 1 0.8
2 112605 2423 2769 1 1 0 0.8
2 73892 2423 2193 1 1 0 0.8
2 162714 2425 4533 1 50 1 0.8
2 71242 2426 2036 1 1 1 0.8
2 131156 2427 2969 1 10 1 0.8
2 63487 2429 1679 1 1 1 0.8
2 134845 2430 3254 1 10 1 0.8
2 91106 2434 2290 1 10 1 0.8
2 169182 2435 4639 1 1 1 0.8
2 83556 2443 2029 1 10 1 0.8
2 149700 2447 3646 1 10 1 0.8
2 65049 2451 1377 1 50 0 0.8
2 149766 2453 4225 1 10 0 0.8
2 83885 2456 2104 1 10 1 0.8
2 171915 2459 3881 1 10 0 0.8
2 137907 2460 2894 1 1 0 0.8
2 170136 2464 4298 1 1 0 0.8
2 63799 2470 1432 1 10 0 0.8
2 89009 2470 2527 1 1 1 0.8
2 149779 2471 3302 1 1 1 0.8
2 106882 2473 2640 1 10 1 0.8
2 97247 2479 2875 1 50 0 0.8
2 96656 2480 2695 1 10 0 0.8
2 160968 2480 4472 1 1 0 0.8
2 68919 2483 1489 1 1 1 0.8
2 165509 2485 3891 1 1 1 0.8
2 146394 2489 4089 1 10 1 0.8
2 82480 2492 2156 1 1 1 0.8
2 157377 2492 3361 1 1 0 0.8
2 61654 2493 1368 1 1 1 0.8
2 133463 2497 3948 1 1 0 0.8
2 167597 2503 4512 1 1 0 0.8
2 111838 2507 2957 1 10 1 0.8
2 134277 2509 3816 1 50 0 0.8
2 94788 2511 2556 1 10 0 0.8
2 143176 2516 3412 1 1 1 0.8
2 157783 2516 3620 1 10 0 0.8
2 140998 2517 3688 1 1 0 0.8
2 158341 2518 3342 1 1 1 0.8
2 169625 2518 4074 1 10 1 0.8
2 106251 2518 2127 1 1 0 0.8
2 73547 2518 1709 1 1 0 0.8
2 165427 2524 3494 1 1 0 0.8
2 145290 2526 4346 1 1 1 0.8
2 121522 2526 2541 1 1 0 0.8
2 148744 2530 4304 1 1 1 0.8
2 75599 2532 2116 1 1 1 0.8
2 121814 2533 3584 1 1 1 0.8
2 164383 2537 4918 1 1 0 0.8
2 142406 2539 3872 1 10 1 0.8
2 81121 2540 1960 1 10 1 0.8
2 104900 2541 2928 1 10 0 0.8
2 162753 2541 4857 1 1 0 0.8
2 124797 2545 3056 1 1 0 0.8
2 154360 2552 3239 1 1 1 0.8
2 152007 2559 3594 1 1 1 0.8
2 111985 2561 2492 1 1 0 0.8
2 118359 2562 2985 1 50 0 0.8
2 153554 2568 3643 1 1 1 0.8
2 83431 2569 2457 1 10 0 0.8
2 126877 2572 3639 1 1 0 0.8
2 163734 2573 3842 1 1 1 0.8
2 128178 2574 3143 1 1 1 0.8
2 95226 2577 2730 1 1 0 0.8
2 141023 2577 3525 1 1 1 0.8
2 67495 2579 1720 1 1 1 0.8
2 91917 2587 2417 1 1 0 0.8
2 101366 2591 2347 1 10 1 0.8
2 171839 2595 4091 1 10 1 0.8
2 164835 2595 3466 1 10 0 0.8
2 120980 2598 3330 1 10 0 0.8
2 144214 2598 3755 1 1 1 0.8
2 88665 2599 2317 1 1 0 0.8
2 65124 2600 1399 1 50 1 0.8
2 110689 2607 3293 1 10 0 0.8
2 140364 2608 3103 1 1 1 0.8
2 107665 2610 2667 1 1 0 0.8
2 172425 2611 4754 1 10 1 0.8
2 79380 2614 1931 1 1 0 0.8
2 78773 2615 2207 1 1 0 0.8
2 93967 2616 2344 1 1 0 0.8
2 103386 2617 2560 1 1 0 0.8
2 104854 2618 2878 1 1 1 0.8
2 73836 2623 2113 1 50 0 0.8
2 69503 2624 1612 1 1 0 0.8
2 146763 2626 4111 1 10 0 0.8
2 179193 2628 4338 1 1 0 0.8
2 158091 2629 4328 1 1 0 0.8
2 131775 2634 3897 1 1 1 0.8
2 91404 2635 2737 1 10 1 0.8
2 119248 2635 2744 1 1 1 0.8
2 153083 2639 4020 1 10 0 0.8
2 168974 2642 3519 1 10 1 0.8
2 92032 2648 2000 1 1 0 0.8
2 96369 2650 2137 1 1 0 0.8
2 133530 2652 3319 1 10 1 0.8
2 102408 2653 2206 1 1 0 0.8
2 83011 2657 2141 1 1 1 0.8
2 83650 2660 2269 1 1 1 0.8
2 65280 2669 1358 1 10 0 0.8
2 120082 2671 2758 1 10 0 0.8
2 178335 2671 4921 1 10 0 0.8
2 114269 2673 2573 1 10 0 0.8
2 114338 2676 3032 1 1 1 0.8
2 103679 2676 2695 1 1 0 0.8
2 177927 2681 4422 1 1 0 0.8
2 139463 2683 2962 1 10 0 0.8
2 136107 2684 4073 1 1 0 0.8
2 172208 2690 3609 1 10 0 0.8
2 96298 2691 2753 1 1 1 0.8
2 81992 2692 2258 1 1 1 0.8
2 73984 2693 2186 1 1 0 0.8
2 81366 2693 2206 1 1 0 0.8
2 116610 2694 3277 1 10 1 0.8
2 73012 2695 1596 1 1 0 0.8
2 102482 2696 2134 1 50 0 0.8
2 112365 2697 2604 1 10 0 0.8
2 167440 2701 4443 1 50 0 0.8
2 137355 2702 3867 1 10 0 0.8
2 91576 2706 1912 1 1 0 0.8
2 160426 2709 3927 1 1 1 0.8
2 162362 2712 4254 1 1 1 0.8
2 149667 2713 3325 1 1 1 0.8
2 167185 2715 4076 1 10 1 0.8
2 73220 2716 1898 1 1 0 0.8
2 108254 2717 2613 1 1 0 0.8
2 131587 2718 2776 1 1 0 0.8
2 125296 2718 3497 1 50 1 0.8
2 175512 2721 3537 1 50 0 0.8
2 156840 2724 4016 1 50 0 0.8
2 177210 2725 5214 1 10 0 0.8
2 62438 2726 1638 1 1 1 0.8
2 139444 2726 3736 1 1 1 0.8
2 97281 2731 2769 1 1 0 0.8
2 107437 2732 2820 1 1 0 0.8
2 97455 2736 2742 1 1 0 0.8
2 145766 2742 3640 1 10 0 0.8
2 102890 2746 2497 1 10 1 0.8
2 102028 2748 2460 1 1 0 0.8
2 173147 2752 4088 1 1 0 0.8
2 103790 2753 2670 1 10 0 0.8
2 153007 2755 4392 1 1 1 0.8
2 93049 2755 2295 1 50 0 0.8
2 146308 2756 4356 1 1 1 0.8
2 135838 2758 3017 1 1 1 0.8
2 104949 2763 2680 1 1 0 0.8
2 166628 2764 3761 1 1 1 0.8
2 108067 2773 3148 1 1 1 0.8
2 177119 2775 4987 1 1 1 0.8
2 110867 2776 2256 1 1 1 0.8
2 142416 2776 3477 1 10 0 0.8
2 152478 2776 4389 1 10 1 0.8
2 126830 2777 3056 1 50 0 0.8
2 95121 2781 2801 1 10 0 0.8
2 62250 2784 1790 1 10 0 0.8
2 67052 2785 1618 1 1 1 0.8
2 87996 2787 1902 1 1 1 0.8
2 111363 2787 2596 1 1 0 0.8
2 124334 2788 3401 1 10 0 0.8
2 101904 2790 2757 1 10 0 0.8
2 162244 2796 3989 1 1 0 0.8
2 127472 2797 3424 1 10 0 0.8
2 94052 2798 2160 1 50 0 0.8
2 76110 2801 1757 1 1 0 0.8
2 145065 2802 4164 1 1 1 0.8
2 74085 2803 1882 1 1 0 0.8
2 70166 2805 1794 1 1 1 0.8
2 84467 2808 2042 1 1 0 0.8
2 151424 2813 4498 1 1 1 0.8
2 179689 2819 4538 1 1 1 0.8
2 154325 2825 4411 1 50 0 0.8
2 60649 2826 1372 1 1 1 0.8
2 86520 2828 1999 1 50 1 0.8
2 63756 2830 1514 1 10 1 0.8
2 152022 2831 4154 1 10 1 0.8
2 172572 2835 4930 1 50 1 0.8
2 173617 2845 4933 1 50 1 0.8
2 128608 2847 3185 1 1 0 0.8
2 132267 2853 3902 1 1 0 0.8
2 75360 2856 2142 1 10 1 0.8
2 153673 2859 4550 1 1 1 0.8
2 143078 2862 3217 1 10 0 0.8
2 175952 2864 5105 1 1 0 0.8
2 137317 2869 3526 1 10 1 0.8
2 78858 2870 1736 1 10 1 0.8
2 68315 2870 1728 1 1 1 0.8
2 122214 2874 2464 1 1 1 0.8
2 101779 2879 2232 1 10 1 0.8
2 157781 2881 3279 1 1 0 0.8
2 177376 2882 5244 1 10 1 0.8
2 109442 2887 3006 1 1 0 0.8
2 106843 2888 2729 1 1 1 0.8
2 81046 2897 2171 1 10 1 0.8
2 75264 2902 2074 1 1 0 0.8
2 115370 2902 2566 1 1 1 0.8
2 101578 2903 2656 1 10 1 0.8
2 152511 2904 3060 1 1 1 0.8
2 175754 2908 4934 1 1 1 0.8
2 161091 2910 3450 1 1 0 0.8
2 161257 2913 3515 1 10 0 0.8
2 118637 2918 3395 1 10 1 0.8
2 143601 2919 3401 1 1 1 0.8
2 135126 2921 3429 1 1 0 0.8
2 135767 2930 2785 1 1 1 0.8
2 171257 2930 3490 1 10 0 0.8
2 99157 2931 2955 1 1 0 0.8
2 146498 2931 3997 1 10 1 0.8
2 178617 2933 4970 1 1 0 0.8
2 153596 2933 4199 1 1 1 0.8
2 66391 2935 1793 1 1 0 0.8
2 173358 2937 4434 1 10 0 0.8
2 156249 2939 3458 1 1 0 0.8
2 63328 2943 1839 1 1 1 0.8
2 70436 2945 2104 1 1 1 0.8
2 163192 2946 4860 1 10 1 0.8
2 110869 2950 2765 1 10 1 0.8
2 174846 2951 4259 1 1 0 0.8
2 105171 2958 2754 1 10 1 0.8
2 131207 2960 3604 1 1 1 0.8
2 169773 2974 3936 1 1 0 0.8
2 66925 2984 1832 1 1 1 0.8
2 97592 2989 1967 1 1 1 0.8
2 162073 2991 4294 1 50 1 0.8
2 127466 2993 3402 1 10 0 0.8
2 89196 2993 2213 1 1 0 0.8
2 176271 2995 4602 1 10 1 0.8
2 75306 3000 1778 1 1 0 0.8
2 116068 3001 2851 1 10 0 0.8
2 147529 3001 3206 1 1 0 0.8
2 87240 3004 2068 1 10 1 0.8
2 96233 3010 2608 1 1 0 0.8
2 113785 3011 3171 1 1 0 0.8
2 129830 3012 2874 1 1 0 0.8
2 151319 3014 3381 1 1 0 0.8
2 101541 3021 2111 1 1 1 0.8
2 177850 3026 5217 1 50 1 0.8
2 140906 3036 3864 1 1 0 0.8
2 83272 3043 2184 1 1 1 0.8
2 140236 3046 3951 1 1 0 0.8
2 169971 3052 4621 1 1 1 0.8
2 117665 3055 2592 1 1 0 0.8
2 167913 3055 4802 1 1 0 0.8
2 115348 3055 3262 1 1 0 0.8
2 94339 3057 2179 1 1 1 0.8
2 92139 3062 2124 1 1 0 0.8
2 67725 3064 1507 1 1 1 0.8
2 155217 3065 4452 1 10 0 0.8
2 162538 3072 3883 1 1 1 0.8
2 114827 3074 3121 1 1 0 0.8
2 136147 3082 3709 1 1 0 0.8
2 165494 3085 4065 1 1 0 0.8
2 130297 3088 2671 1 1 1 0.8
2 83037 3094 1969 1 1 0 0.8
2 99608 3094 2595 1 10 0 0.8
2 134264 3095 3688 1 1 1 0.8
2 71004 3098 1902 1 1 1 0.8
2 132699 3103 3561 1 10 0 0.8
2 79030 3104 1760 1 1 1 0.8
2 137495 3106 4025 1 1 0 0.8
2 101533 3112 2459 1 1 0 0.8
2 63678 3114 1785 1 1 1 0.8
2 149553 3115 3181 1 1 1 0.8
2 64783 3118 1784 1 1 0 0.8
2 157026 3123 3220 1 1 0 0.8
2 69430 3124 1740 1 1 0 0.8
2 140895 3131 3511 1 10 1 0.8
2 142065 3131 4201 1 1 1 0.8
2 62884 3135 1834 1 1 1 0.8
2 171763 3138 3635 1 1 0 0.8
2 159959 3139 4215 1 1 1 0.8
2 110776 3140 3160 1 10 1 0.8
2 60943 3141 1567 1 50 0 0.8
2 96126 3142 2881 1 10 0 0.8
2 144379 3143 3245 1 10 1 0.8
2 104202 3143 2728 1 1 1 0.8
2 143809 3145 3107 1 1 1 0.8
2 179373 3148 5219 1 50 0 0.8
2 72941 3150 2001 1 10 0 0.8
2 166233 3154 3738 1 10 0 0.8
2 95004 3156 2506 1 10 0 0.8
2 83396 3158 1972 1 1 0 0.8
2 140202 3160 4058 1 1 1 0.8
2 98622 3162 2454 1 1 0 0.8
2 66395 3168 1338 1 1 0 0.8
2 170396 3170 5106 1 10 1 0.8
2 164511 3170 4611 1 10 1 0.8
2 124183 3171 3201 1 1 0 0.8
2 65300 3172 1385 1 1 0 0.8
2 77155 3175 2241 1 1 0 0.8
2 102563 3182 2786 1 1 1 0.8
2 60109 3183 1590 1 10 0 0.8
2 119278 3183 2393 1 10 1 0.8
2 133624 3183 2732 1 1 1 0.8
2 106776 3184 2616 1 10 1 0.8
2 79392 3192 2003 1 10 1 0.8
2 126429 3193 3241 1 50 0 0.8
2 74421 3196 1696 1 1 0 0.8
2 114341 3196 3112 1 1 1 0.8
2 126150 3197 2973 1 1 0 0.8
2 155940 3201 3686 1 10 1 0.8
2 120186 3206 3216 1 10 0 0.8
2 83721 3208 2462 1 10 1 0.8
2 99724 3209 2755 1 1 1 0.8
2 99655 3210 2486 1 1 1 0.8
2 80509 3210 1775 1 1 0 0.8
2 133993 3212 3392 1 1 0 0.8
2 79144 3213 2093 1 1 1 0.8
2 84256 3213 2129 1 50 0 0.8
2 100198 3215 2206 1 1 0 0.8
2 109576 3215 3250 1 1 0 0.8
2 128299 3217 3544 1 1 0 0.8
2 130801 3219 3792 1 1 0 0.8
2 146898 3225 3640 1 1 0 0.8
2 60144 3230 1206 1 50 0 0.8
2 77282 3231 1864 1 10 1 0.8
2 128150 3232 3404 1 10 0 0.8
2 112211 3239 2368 1 1 0 0.8
2 70032 3242 2042 1 1 1 0.8
2 94612 3245 1995 1 10 0 0.8
2 87232 3251 2404 1 10 1 0.8
2 75403 3257 1622 1 1 1 0.8
2 127445 3265 2847 1 1 1 0.8
2 142074 3270 3395 1 50 0 0.8
2 167423 3270 4405 1 10 0 0.8
2 122623 3271 3267 1 10 1 0.8
2 120340 3274 3068 1 10 0 0.8
2 63419 3275 1282 1 10 0 0.8
2 107898 3276 2469 1 10 1 0.8
2 129058 3276 2967 1 1 1 0.8
2 136057 3278 3865 1 1 1 0.8
2 160997 3278 3794 1 1 1 0.8
2 128775 3283 3714 1 1 1 0.8
2 82095 3284 1965 1 1 0 0.8
2 138765 3284 3269 1 1 1 0.8
2 171875 3291 4398 1 10 1 0.8
2 74407 3302 2086 1 1 1 0.8
2 155417 3304 4355 1 1 1 0.8
2 111074 3305 2581 1 1 1 0.8
2 108179 3307 2802 1 1 0 0.8
2 101780 3313 2233 1 1 0 0.8
2 122704 3316 3096 1 10 1 0.8
2 131666 3319 3901 1 1 0 0.8
2 82588 3321 2296 1 1 0 0.8
2 84805 3322 2307 1 1 0 0.8
2 77070 3324 2278 1 1 1 0.8
2 139610 3324 2957 1 10 1 0.8
2 169197 3324 3766 1 1 0 0.8
2 91545 3326 2745 1 10 1 0.8
2 144755 3328 3600 1 1 0 0.8
2 165321 3332 4749 1 10 0 0.8
2 108155 3335 2577 1 1 1 0.8
2 74928 3336 1842 1 10 0 0.8
2 128390 3338 3747 1 1 1 0.8
2 96433 3339 2467 1 1 1 0.8
2 84808 3343 2265 1 1 0 0.8
2 177567 3345 4332 1 10 1 0.8
2 113695 3353 2325 1 1 1 0.8
2 116440 3353 2533 1 1 0 0.8
2 146895 3356 4023 1 1 1 0.8
2 144249 3359 3888 1 1 1 0.8
2 150059 3361 3022 1 1 0 0.8
2 149577 3362 3073 1 1 1 0.8
2 117287 3362 3391 1 1 1 0.8
2 105520 3363 2402 1 1 0 0.8
2 67212 3371 1568 1 1 0 0.8
2 94958 3375 2845 1 10 1 0.8
2 122690 3383 2674 1 1 0 0.8
2 124661 3390 3079 1 10 1 0.8
2 87810 3392 2367 1 1 0 0.8
2 63684 3393 1494 1 1 0 0.8
2 101470 3401 3023 1 10 1 0.8
2 133702 3404 3951 1 1 1 0.8
2 176741 3404 5177 1 50 0 0.8
2 136774 3415 3355 1 10 0 0.8
2 62486 3415 1459 1 1 1 0.8
2 142996 3419 3122 1 1 1 0.8
2 78063 3420 2201 1 1 0 0.8
2 70024 3422 1531 1 1 0 0.8
2 178748 3423 3709 1 1 1 0.8
2 171157 3427 4393 1 1 0 0.8
2 86728 3428 2511 1 1 1 0.8
2 111998 3431 2416 1 1 1 0.8
2 80569 3433 1755 1 1 0 0.8
2 125384 3433 3252 1 1 0 0.8
2 119036 3435 3244 1 1 1 0.8
2 128620 3437 2961 1 1 1 0.8
2 141916 3440 3077 1 1 1 0.8
2 97033 3447 2196 1 1 0 0.8
2 88887 3448 1934 1 1 1 0.8
2 65774 3450 1440 1 1 0 0.8
2 175372 3458 4589 1 1 0 0.8
2 108044 3460 2617 1 1 0 0.8
2 161309 3461 4214 1 10 1 0.8
2 161881 3465 3620 1 1 1 0.8
2 131576 3467 3071 1 50 1 0.8
2 83621 3474 2494 1 1 1 0.8
2 129858 3474 2839 1 1 1 0.8
2 83823 3478 2037 1 10 1 0.8
2 149347 3479 3260 1 1 1 0.8
2 139789 3479 4182 1 10 1 0.8
2 81054 3482 2122 1 1 0 0.8
2 147790 3486 3665 1 1 1 0.8
2 103841 3489 2473 1 1 0 0.8
2 96349 3491 2683 1 10 0 0.8
2 91449 3491 2586 1 1 0 0.8
2 148428 3494 4179 1 1 1 0.8
2 121317 3498 3285 1 10 0 0.8
2 153807 3503 3519 1 1 1 0.8
2 156691 3506 4514 1 1 1 0.8
2 160103 3507 3298 1 10 0 0.8
2 94681 3510 2352 1 10 1 0.8
2 135568 3515 3536 1 10 1 0.8
2 105859 3517 2333 1 50 1 0.8
2 100451 3519 2713 1 1 1 0.8
2 75898 3527 2017 1 10 0 0.8
2 92167 3531 2677 1 10 0 0.8
2 147863 3532 3569 1 1 1 0.8
2 149641 3533 3025 1 1 0 0.8
2 90141 3535 1861 1 1 1 0.8
2 60586 3536 1376 1 1 0 0.8
2 81941 3541 1908 1 1 0 0.8
2 160451 3542 3439 1 1 1 0.8
2 165496 3546 3882 1 1 0 0.8
2 121649 3548 2596 1 1 0 0.8
2 169950 3549 4688 1 1 0 0.8
2 79647 3553 1777 1 10 0 0.8
2 80778 3555 2380 1 1 1 0.8
2 113231 3556 3251 1 10 1 0.8
2 134833 3564 2818 1 1 1 0.8
2 90007 3565 2199 1 1 1 0.8
2 143928 3565 3781 1 10 0 0.8
2 72767 3566 1538 1 1 1 0.8
2 89650 3569 1825 1 1 1 0.8
2 150526 3578 3209 1 1 0 0.8
2 105394 3581 2842 1 1 1 0.8
2 152944 3583 3108 1 1 1 0.8
2 142953 3584 2890 1 1 0 0.8
2 139008 3585 3417 1 1 1 0.8
2 155017 3586 4469 1 50 0 0.8
2 92243 3588 2539 1 1 0 0.8
2 166277 3588 3617 1 1 1 0.8
2 155711 3592 4372 1 50 1 0.8
2 81103 3592 2284 1 1 0 0.8
2 171696 3596 4340 1 10 1 0.8
2 100116 3599 2835 1 1 0 0.8
