1500
0 114320 1 3411 1 1 0 0.8
0 145734 4 3710 1 1 0 0.8
0 100413 4 2337 1 10 1 0.8
0 153931 6 3102 1 50 0 0.8
0 149080 7 3011 1 10 0 0.8
0 146868 13 4157 1 10 0 0.8
0 165572 16 4215 1 50 0 0.8
0 172668 17 4932 1 1 1 0.8
0 99735 19 2771 1 1 0 0.8
0 62729 21 1374 1 1 0 0.8
0 77929 22 2016 1 50 0 0.8
0 167683 22 4870 1 50 1 0.8
0 136322 22 3901 1 1 1 0.8
0 169238 25 4105 1 1 1 0.8
0 157764 30 3698 1 1 0 0.8
0 79842 32 2019 1 10 0 0.8
0 114554 34 3302 1 1 1 0.8
0 122316 38 3613 1 1 1 0.8
0 99879 42 2805 1 1 1 0.8
0 127145 43 2938 1 1 0 0.8
0 98895 43 2147 1 10 1 0.8
0 60362 48 1763 1 1 0 0.8
0 121918 50 3632 1 1 1 0.8
0 118969 51 2562 1 1 0 0.8
0 162234 52 4168 1 1 0 0.8
0 78271 55 2235 1 10 1 0.8
0 167591 60 4323 1 1 0 0.8
0 88302 61 2354 1 1 1 0.8
0 122732 66 2894 1 1 1 0.8
0 149571 66 4102 1 10 0 0.8
0 168510 67 4278 1 1 1 0.8
0 115299 69 2359 1 1 0 0.8
0 63895 70 1895 1 10 1 0.8
0 78907 72 1639 1 1 1 0.8
0 98995 72 2385 1 10 0 0.8
0 95668 73 2319 1 10 0 0.8
0 165055 73 4384 1 10 1 0.8
0 76949 77 1669 1 50 1 0.8
0 98509 77 2106 1 1 0 0.8
0 166652 80 3813 1 1 1 0.8
0 165879 84 4663 1 1 0 0.8
0 99495 87 2920 1 1 1 0.8
0 79680 87 2036 1 10 1 0.8
0 105056 88 2227 1 1 0 0.8
0 112021 89 3107 1 1 0 0.8
0 98567 89 2025 1 1 1 0.8
0 138022 90 3588 1 50 0 0.8
0 175494 102 5156 1 1 0 0.8
0 104512 103 3052 1 10 1 0.8
0 66468 104 1903 1 1 0 0.8
0 157375 107 3710 1 1 1 0.8
0 117154 108 3465 1 10 1 0.8
0 81530 110 2347 1 1 1 0.8
0 151085 113 3660 1 10 0 0.8
0 91103 114 2585 1 1 1 0.8
0 114102 119 2610 1 1 0 0.8
0 115296 125 3323 1 10 1 0.8
0 92709 127 1856 1 1 0 0.8
0 85793 138 2161 1 1 1 0.8
0 97997 140 2717 1 1 0 0.8
0 173146 143 5065 1 10 1 0.8
0 164549 144 3813 1 1 1 0.8
0 97969 144 2397 1 50 0 0.8
0 159508 146 3640 1 1 0 0.8
0 140049 147 3010 1 1 1 0.8
0 115703 147 3138 1 10 0 0.8
0 110062 148 2781 1 1 0 0.8
0 109470 150 2718 1 10 1 0.8
0 150126 152 4233 1 1 0 0.8
0 97459 153 2111 1 1 1 0.8
0 71698 154 2109 1 10 1 0.8
0 156437 155 3775 1 1 1 0.8
0 113943 158 2601 1 1 0 0.8
0 101700 163 2233 1 50 0 0.8
0 159007 167 3613 1 1 1 0.8
0 113140 171 3289 1 10 1 0.8
0 82653 175 1940 1 1 1 0.8
0 162012 177 4182 1 1 1 0.8
0 126050 179 3158 1 50 0 0.8
0 68293 180 1883 1 1 0 0.8
0 66555 181 1509 1 10 0 0.8
0 161763 182 4358 1 50 1 0.8
0 89016 186 2227 1 1 1 0.8
0 141620 188 3050 1 10 1 0.8
0 119752 192 3405 1 1 1 0.8
0 172013 192 3742 1 1 0 0.8
0 157527 192 3332 1 10 1 0.8
0 157834 196 4467 1 10 0 0.8
0 105947 199 2964 1 1 0 0.8
0 107092 199 3163 1 10 0 0.8
0 70299 203 1916 1 1 1 0.8
0 144222 203 3259 1 10 0 0.8
0 179748 210 4400 1 1 0 0.8
0 160906 216 4318 1 1 0 0.8
0 144623 217 3825 1 10 0 0.8
0 91866 220 2216 1 10 0 0.8
0 134804 222 3929 1 1 1 0.8
0 161371 224 3540 1 1 1 0.8
0 140062 226 3795 1 1 1 0.8
0 112399 226 3185 1 1 0 0.8
0 166427 227 3801 1 50 1 0.8
0 176362 229 3966 1 10 1 0.8
0 71374 229 1878 1 1 1 0.8
0 75203 231 1974 1 1 0 0.8
0 135015 232 2958 1 1 0 0.8
0 146043 233 3635 1 50 1 0.8
0 132034 235 3469 1 1 0 0.8
0 165552 239 3643 1 10 0 0.8
0 161206 239 4832 1 1 1 0.8
0 62314 240 1250 1 1 0 0.8
0 146398 241 4025 1 1 1 0.8
0 65446 242 1905 1 1 1 0.8
0 150872 245 3292 1 10 1 0.8
0 153529 256 4318 1 10 1 0.8
0 66155 260 1439 1 1 0 0.8
0 179209 265 5266 1 1 0 0.8
0 92534 265 2044 1 10 1 0.8
0 70248 270 1783 1 10 0 0.8
0 177158 271 3745 1 1 0 0.8
0 93638 271 2108 1 1 1 0.8
0 64510 277 1327 1 1 0 0.8
0 157731 278 3940 1 10 0 0.8
0 71832 280 1775 1 10 1 0.8
0 176056 281 5020 1 10 0 0.8
0 126430 283 3753 1 1 1 0.8
0 93962 283 1997 1 1 0 0.8
0 71700 286 1506 1 10 1 0.8
0 118593 286 2424 1 10 0 0.8
0 149104 288 3117 1 1 0 0.8
0 103928 289 2405 1 1 1 0.8
0 91362 291 2277 1 1 1 0.8
0 153631 295 3527 1 10 0 0.8
0 80533 295 2118 1 10 1 0.8
0 131610 297 3932 1 10 0 0.8
0 177522 298 3697 1 1 1 0.8
0 102611 302 2529 1 1 0 0.8
0 149531 302 4411 1 1 1 0.8
0 68456 303 1899 1 1 1 0.8
0 121938 304 2999 1 1 1 0.8
0 174586 306 3557 1 1 0 0.8
0 149630 306 4430 1 50 0 0.8
0 71339 310 1992 1 1 0 0.8
0 119624 311 2535 1 1 1 0.8
0 160681 312 3965 1 50 1 0.8
0 162673 313 3566 1 1 0 0.8
0 73161 323 2068 1 1 1 0.8
0 97837 330 2003 1 10 0 0.8
0 73083 333 1733 1 1 1 0.8
0 114000 333 2709 1 10 1 0.8
0 120662 337 3142 1 1 0 0.8
0 108138 340 2566 1 1 1 0.8
0 80612 341 2383 1 1 0 0.8
0 71996 342 1744 1 1 1 0.8
0 61531 342 1646 1 1 0 0.8
0 112551 344 3288 1 1 1 0.8
0 101048 344 2269 1 50 0 0.8
0 117007 348 2570 1 1 1 0.8
0 88824 351 2220 1 50 1 0.8
0 175700 352 3626 1 10 0 0.8
0 114706 354 2433 1 1 1 0.8
0 61165 355 1783 1 1 1 0.8
0 142938 363 4110 1 10 1 0.8
0 60750 368 1762 1 1 0 0.8
0 116593 370 3311 1 10 0 0.8
0 65513 375 1918 1 1 0 0.8
0 124654 377 2862 1 1 0 0.8
0 166750 381 4023 1 1 1 0.8
0 144558 381 3360 1 10 0 0.8
0 171101 383 4162 1 1 0 0.8
0 134289 384 3079 1 10 0 0.8
0 61193 384 1406 1 1 0 0.8
0 71851 388 1800 1 10 1 0.8
0 136535 389 2919 1 10 0 0.8
0 133605 392 3865 1 10 0 0.8
0 112260 402 3105 1 1 1 0.8
0 78863 406 2324 1 1 1 0.8
0 108832 407 2804 1 1 0 0.8
0 97464 408 2488 1 1 0 0.8
0 74177 409 2157 1 1 0 0.8
0 143342 410 3804 1 10 0 0.8
0 74106 413 2186 1 1 1 0.8
0 119649 415 3577 1 1 0 0.8
0 150744 426 3713 1 1 0 0.8
0 125074 428 3358 1 1 1 0.8
0 99852 428 2783 1 1 1 0.8
0 112689 430 2324 1 1 1 0.8
0 179835 435 4749 1 50 1 0.8
0 159096 439 3457 1 1 0 0.8
0 159455 439 3794 1 1 1 0.8
0 118280 447 2603 1 1 1 0.8
0 162402 447 4001 1 1 0 0.8
0 130661 448 2695 1 10 0 0.8
0 85075 449 1736 1 50 0 0.8
0 114888 453 2478 1 1 0 0.8
0 69124 458 1458 1 50 0 0.8
0 75842 458 1606 1 10 0 0.8
0 101505 461 2508 1 10 1 0.8
0 173233 461 4500 1 10 0 0.8
0 65344 463 1479 1 10 1 0.8
0 160804 466 3969 1 1 1 0.8
0 137992 468 3427 1 10 1 0.8
0 86610 469 2421 1 1 0 0.8
0 158169 471 4163 1 10 0 0.8
0 93701 474 2321 1 1 0 0.8
0 160797 475 3739 1 1 1 0.8
0 161355 476 4749 1 1 0 0.8
0 116960 477 2949 1 50 1 0.8
0 138082 480 3505 1 10 1 0.8
0 104586 483 2510 1 10 1 0.8
0 153800 499 4003 1 1 1 0.8
0 121704 500 2980 1 1 0 0.8
0 64098 502 1698 1 10 1 0.8
0 108702 504 2423 1 1 0 0.8
0 106720 504 2160 1 10 1 0.8
0 134880 511 4022 1 10 0 0.8
0 101248 516 2587 1 10 0 0.8
0 122148 519 3236 1 1 0 0.8
0 172617 519 4332 1 10 1 0.8
0 69583 522 1745 1 1 0 0.8
0 142411 536 3678 1 1 0 0.8
0 108867 541 3202 1 1 1 0.8
0 139925 545 3757 1 1 0 0.8
0 172194 550 5143 1 1 0 0.8
0 112990 554 2298 1 1 1 0.8
0 61717 556 1419 1 1 1 0.8
0 153318 557 4403 1 50 0 0.8
0 97311 557 2713 1 1 1 0.8
0 160460 557 3935 1 1 0 0.8
0 75009 558 2237 1 1 1 0.8
0 128548 562 2827 1 10 1 0.8
0 77361 566 1759 1 1 0 0.8
0 92580 568 2745 1 1 1 0.8
0 122828 573 2458 1 1 1 0.8
0 64796 573 1452 1 1 1 0.8
0 82130 576 1690 1 10 1 0.8
0 157397 577 3402 1 1 0 0.8
0 168249 582 4500 1 10 0 0.8
0 128712 587 3689 1 1 1 0.8
0 104766 591 2245 1 1 0 0.8
0 177093 593 4977 1 1 0 0.8
0 76405 593 1579 1 1 1 0.8
0 90608 595 2256 1 1 0 0.8
0 176448 597 4757 1 10 0 0.8
0 170547 598 3893 1 50 1 0.8
0 131246 598 3903 1 1 0 0.8
0 86599 608 2124 1 1 0 0.8
0 61915 609 1678 1 10 0 0.8
0 171807 612 3706 1 1 0 0.8
0 162874 613 4493 1 10 0 0.8
0 167181 613 3505 1 1 1 0.8
0 120308 616 2691 1 10 1 0.8
0 79703 618 1992 1 1 1 0.8
0 79731 619 1859 1 1 1 0.8
0 77528 630 2132 1 10 1 0.8
0 64982 630 1895 1 1 0 0.8
0 156832 640 4457 1 1 1 0.8
0 109227 641 3064 1 1 1 0.8
0 108031 648 2222 1 10 1 0.8
0 123172 654 3082 1 1 0 0.8
0 157109 656 3713 1 1 1 0.8
0 75610 659 1778 1 1 1 0.8
0 145317 660 3044 1 10 0 0.8
0 64764 661 1672 1 1 1 0.8
0 150877 662 4426 1 1 0 0.8
0 176533 667 4184 1 1 0 0.8
0 81024 673 1784 1 1 0 0.8
0 77375 675 1865 1 10 0 0.8
0 163941 677 3285 1 10 1 0.8
0 133704 679 2938 1 10 0 0.8
0 172432 681 4584 1 10 0 0.8
0 134088 681 3412 1 1 0 0.8
0 72335 684 1559 1 1 1 0.8
0 165019 685 4828 1 1 0 0.8
0 65607 687 1384 1 1 0 0.8
0 100552 690 2112 1 1 0 0.8
0 65337 691 1848 1 1 0 0.8
0 117011 693 2951 1 1 0 0.8
0 179745 694 5269 1 1 1 0.8
0 154636 696 4574 1 1 0 0.8
0 145825 700 3303 1 10 0 0.8
0 157996 701 4113 1 10 0 0.8
0 98218 701 2670 1 1 0 0.8
0 91953 704 1935 1 1 0 0.8
0 105256 705 2773 1 10 0 0.8
0 127410 707 3755 1 1 0 0.8
0 136577 707 3230 1 1 1 0.8
0 96174 708 2244 1 1 0 0.8
0 127845 711 3764 1 1 0 0.8
0 159475 712 3980 1 10 1 0.8
0 84140 712 1787 1 10 0 0.8
0 162366 714 4183 1 1 0 0.8
0 135610 716 2863 1 1 1 0.8
0 132279 716 3574 1 1 1 0.8
0 116826 721 3433 1 1 1 0.8
0 161814 723 4608 1 50 0 0.8
0 123054 724 3043 1 1 0 0.8
0 177313 725 5276 1 50 0 0.8
0 136887 729 3649 1 1 1 0.8
0 159213 730 4364 1 1 0 0.8
0 147070 730 3836 1 1 0 0.8
0 80106 731 1706 1 10 1 0.8
0 78736 731 2059 1 50 0 0.8
0 131779 733 2887 1 10 0 0.8
0 172987 734 3699 1 1 0 0.8
0 69361 737 1596 1 1 1 0.8
0 61889 739 1318 1 1 0 0.8
0 158008 739 3173 1 10 0 0.8
0 61492 740 1235 1 10 0 0.8
0 143691 749 2961 1 1 0 0.8
0 125891 752 3628 1 1 1 0.8
0 115390 752 3285 1 10 0 0.8
0 96386 754 2390 1 1 1 0.8
0 152837 755 3253 1 1 0 0.8
0 157099 763 4085 1 10 1 0.8
0 179437 767 3788 1 10 0 0.8
0 132798 769 3327 1 1 1 0.8
0 86783 769 2559 1 1 0 0.8
0 104513 772 2203 1 1 0 0.8
0 108291 773 2960 1 50 0 0.8
0 114660 773 2741 1 10 0 0.8
0 63609 777 1655 1 1 0 0.8
0 161080 778 4621 1 1 0 0.8
0 101918 779 2507 1 1 1 0.8
0 168086 780 4216 1 1 0 0.8
0 152073 781 3467 1 10 0 0.8
0 93971 781 2222 1 1 0 0.8
0 102446 782 2575 1 10 0 0.8
0 145549 783 3127 1 1 1 0.8
0 136731 783 3217 1 1 0 0.8
0 62378 784 1616 1 1 1 0.8
0 140304 789 3255 1 1 1 0.8
0 105650 791 2891 1 10 1 0.8
0 130826 792 3821 1 1 1 0.8
0 122822 809 3562 1 10 0 0.8
0 65344 810 1430 1 1 0 0.8
0 148788 817 4110 1 10 1 0.8
0 124506 817 2579 1 10 0 0.8
0 155556 821 4441 1 50 1 0.8
0 152804 824 3110 1 10 1 0.8
0 125751 825 3049 1 1 0 0.8
0 68978 831 2055 1 10 1 0.8
0 61515 831 1523 1 10 1 0.8
0 80991 834 1749 1 10 1 0.8
0 174526 836 4761 1 1 1 0.8
0 145978 838 3438 1 10 1 0.8
0 100251 838 2373 1 1 0 0.8
0 174760 839 4805 1 10 0 0.8
0 170553 841 3998 1 1 0 0.8
0 126368 843 2889 1 10 0 0.8
0 68067 845 1588 1 10 0 0.8
0 84384 846 1726 1 10 0 0.8
0 164378 847 4072 1 1 1 0.8
0 115873 849 2703 1 1 1 0.8
0 104880 849 2738 1 1 1 0.8
0 101891 854 2529 1 1 1 0.8
0 136728 866 4089 1 1 1 0.8
0 152201 871 3879 1 1 0 0.8
0 108112 873 2311 1 10 1 0.8
0 113675 874 2750 1 10 0 0.8
0 155364 874 4320 1 50 1 0.8
0 131894 876 3119 1 1 0 0.8
0 174759 878 5017 1 1 0 0.8
0 100712 882 2612 1 1 1 0.8
0 156302 886 4122 1 1 1 0.8
0 176173 889 4893 1 1 1 0.8
0 94547 890 2768 1 1 1 0.8
0 169519 890 4450 1 10 0 0.8
0 144568 896 3129 1 10 1 0.8
0 79921 900 2284 1 1 1 0.8
0 115245 901 2321 1 10 1 0.8
0 151928 901 3114 1 10 0 0.8
0 75694 905 2104 1 1 1 0.8
0 66795 905 1936 1 1 1 0.8
0 141396 913 2960 1 1 1 0.8
0 142515 916 4037 1 10 1 0.8
0 103705 916 2352 1 1 0 0.8
0 114366 922 2528 1 1 1 0.8
0 61040 923 1482 1 10 0 0.8
0 130167 928 3846 1 1 0 0.8
0 135051 929 3827 1 1 1 0.8
0 170213 931 5081 1 10 0 0.8
0 100580 935 2296 1 10 0 0.8
0 167083 939 4239 1 10 0 0.8
0 176857 941 4452 1 1 1 0.8
0 151929 941 3648 1 10 0 0.8
0 149176 941 4005 1 10 0 0.8
0 87466 942 2119 1 1 0 0.8
0 166140 943 3882 1 10 0 0.8
0 102359 945 2653 1 1 1 0.8
0 177089 950 4679 1 1 0 0.8
0 74586 950 1999 1 1 0 0.8
0 163500 951 3501 1 50 1 0.8
0 129594 952 3389 1 10 0 0.8
0 139665 952 3834 1 1 0 0.8
0 60350 953 1517 1 1 0 0.8
0 113850 953 2607 1 1 1 0.8
0 173072 958 3606 1 1 0 0.8
0 107009 960 2334 1 50 1 0.8
0 162812 960 4208 1 50 0 0.8
0 155379 961 4258 1 1 1 0.8
0 171864 961 3962 1 1 0 0.8
0 148352 963 3434 1 1 0 0.8
0 174114 965 3735 1 50 1 0.8
0 75651 967 1583 1 1 1 0.8
0 157558 967 4233 1 10 0 0.8
0 128783 970 3482 1 1 1 0.8
0 94724 975 2570 1 1 1 0.8
0 113293 976 2636 1 10 0 0.8
0 159258 977 4324 1 1 0 0.8
0 89009 985 2594 1 10 1 0.8
0 79781 992 1875 1 10 1 0.8
0 115182 995 2985 1 1 1 0.8
0 69830 997 1859 1 1 1 0.8
0 80740 999 1889 1 1 0 0.8
0 145310 999 4320 1 10 1 0.8
0 128840 999 3333 1 1 0 0.8
0 160455 1004 3663 1 10 0 0.8
0 128324 1005 3783 1 1 1 0.8
0 102766 1006 2569 1 10 1 0.8
0 157605 1007 4529 1 50 1 0.8
0 129169 1008 3839 1 1 1 0.8
0 68386 1008 1533 1 1 0 0.8
0 141250 1009 3678 1 10 0 0.8
0 146174 1012 3597 1 10 0 0.8
0 179179 1013 4169 1 10 1 0.8
0 130819 1020 2861 1 10 1 0.8
0 89126 1021 1850 1 1 1 0.8
0 179011 1025 4304 1 50 1 0.8
0 72565 1029 1457 1 10 0 0.8
0 156672 1029 3143 1 10 0 0.8
0 117852 1029 2379 1 50 1 0.8
0 92876 1030 2060 1 1 1 0.8
0 79299 1032 2254 1 1 1 0.8
0 74731 1032 2118 1 10 0 0.8
0 104134 1032 2650 1 1 0 0.8
0 67093 1032 1670 1 1 1 0.8
0 118885 1034 3048 1 10 0 0.8
0 107461 1038 3218 1 1 1 0.8
0 147102 1038 3639 1 1 0 0.8
0 151063 1040 3703 1 1 1 0.8
0 63072 1041 1353 1 50 1 0.8
0 75191 1041 2232 1 1 0 0.8
0 179192 1058 5145 1 10 0 0.8
0 84563 1059 1716 1 1 0 0.8
0 136086 1061 2898 1 1 0 0.8
0 92905 1063 2038 1 1 0 0.8
0 127305 1063 2569 1 1 0 0.8
0 102939 1064 2996 1 1 0 0.8
0 70588 1066 1606 1 1 0 0.8
0 100483 1066 2907 1 1 1 0.8
0 95127 1067 2266 1 1 0 0.8
0 141267 1068 4064 1 50 1 0.8
0 174045 1069 4564 1 10 0 0.8
0 82761 1078 2370 1 1 0 0.8
0 107366 1079 3107 1 1 1 0.8
0 130412 1080 3018 1 1 1 0.8
0 161514 1081 4636 1 10 1 0.8
0 63070 1081 1266 1 10 0 0.8
0 146589 1091 3877 1 1 1 0.8
0 63388 1093 1780 1 1 1 0.8
0 161427 1094 3295 1 1 1 0.8
0 76849 1094 1928 1 1 0 0.8
0 160754 1098 3463 1 10 1 0.8
0 110431 1100 2814 1 1 1 0.8
0 132100 1100 3271 1 1 1 0.8
0 143178 1103 3658 1 1 1 0.8
0 149122 1104 3491 1 10 1 0.8
0 123794 1105 3279 1 1 0 0.8
0 64984 1105 1824 1 1 0 0.8
0 138644 1106 2939 1 50 0 0.8
0 165993 1113 3742 1 10 0 0.8
0 80499 1115 1935 1 1 0 0.8
0 115824 1118 3154 1 10 0 0.8
0 74139 1118 1754 1 1 1 0.8
0 156718 1119 4243 1 1 1 0.8
0 154639 1123 3935 1 10 1 0.8
0 147333 1124 3876 1 1 0 0.8
0 152168 1125 3287 1 10 0 0.8
0 103467 1132 3067 1 1 0 0.8
0 99522 1133 2049 1 1 0 0.8
0 124599 1133 2981 1 50 1 0.8
0 109647 1134 2570 1 1 0 0.8
0 112480 1135 2508 1 1 0 0.8
0 125554 1136 3721 1 1 0 0.8
0 101366 1137 2726 1 1 0 0.8
0 79170 1138 2017 1 1 0 0.8
0 143956 1140 3702 1 1 1 0.8
0 66485 1140 1749 1 1 0 0.8
0 136301 1141 3569 1 50 1 0.8
0 165463 1142 3570 1 10 0 0.8
0 86921 1147 2402 1 1 1 0.8
0 128106 1147 2603 1 10 0 0.8
0 67210 1149 1733 1 1 1 0.8
0 126046 1155 2585 1 10 0 0.8
0 145960 1157 4286 1 1 0 0.8
0 89603 1166 1989 1 1 1 0.8
0 98373 1167 2765 1 1 0 0.8
0 91997 1170 2190 1 10 0 0.8
0 105528 1173 2558 1 1 1 0.8
0 74126 1174 1500 1 10 0 0.8
0 96190 1176 2031 1 1 0 0.8
0 154091 1182 3295 1 10 1 0.8
0 75756 1184 1525 1 1 0 0.8
0 81418 1184 1661 1 1 1 0.8
0 177255 1185 4633 1 1 1 0.8
0 129541 1190 2770 1 10 0 0.8
0 140665 1192 2936 1 1 0 0.8
0 68484 1194 1882 1 1 0 0.8
0 145195 1196 3382 1 1 1 0.8
0 109801 1198 2479 1 10 1 0.8
0 122769 1202 3404 1 1 1 0.8
0 95705 1203 2859 1 1 1 0.8
0 152738 1204 3114 1 10 1 0.8
0 99897 1204 2281 1 50 1 0.8
0 142974 1207 4029 1 1 0 0.8
0 172904 1208 3654 1 1 0 0.8
0 94620 1210 1924 1 1 0 0.8
0 60775 1215 1686 1 1 0 0.8
0 110840 1216 2944 1 1 1 0.8
0 143773 1216 4026 1 1 1 0.8
0 113932 1218 2985 1 10 1 0.8
0 156161 1220 3353 1 10 0 0.8
0 174933 1221 3957 1 10 0 0.8
0 60547 1223 1477 1 1 1 0.8
0 104585 1224 2467 1 1 1 0.8
0 67871 1226 1467 1 1 0 0.8
0 60570 1229 1681 1 1 1 0.8
0 119007 1231 3465 1 1 0 0.8
0 94685 1231 2766 1 1 0 0.8
0 159273 1233 4257 1 10 0 0.8
0 92958 1234 2215 1 1 1 0.8
0 170742 1236 4265 1 1 0 0.8
0 161207 1249 4445 1 1 1 0.8
0 80908 1250 2083 1 1 1 0.8
0 90130 1252 2612 1 1 1 0.8
0 166102 1252 4259 1 1 1 0.8
0 134505 1255 2736 1 50 1 0.8
0 147355 1257 4105 1 1 0 0.8
0 154147 1258 3352 1 10 1 0.8
0 123164 1258 2696 1 50 0 0.8
0 81879 1273 2400 1 1 0 0.8
0 101764 1274 2101 1 10 1 0.8
0 69689 1275 1762 1 50 0 0.8
0 94056 1278 2223 1 1 1 0.8
0 136751 1279 3811 1 1 1 0.8
0 126934 1280 3435 1 10 0 0.8
0 84255 1280 2290 1 10 1 0.8
0 99109 1282 2791 1 1 1 0.8
0 60167 1283 1454 1 1 1 0.8
0 77586 1283 1726 1 10 1 0.8
0 140711 1285 4219 1 10 0 0.8
0 116945 1288 2930 1 1 0 0.8
0 127417 1289 3182 1 1 0 0.8
0 179246 1290 3770 1 1 0 0.8
0 65262 1291 1339 1 1 1 0.8
0 71477 1292 2046 1 50 0 0.8
0 120964 1293 3333 1 1 0 0.8
0 98110 1294 2413 1 10 1 0.8
0 76837 1296 2030 1 10 1 0.8
0 78437 1302 1997 1 1 1 0.8
0 169920 1302 5059 1 10 0 0.8
0 135840 1303 3949 1 10 0 0.8
0 164811 1305 3315 1 10 1 0.8
0 90967 1313 2397 1 1 0 0.8
0 146033 1315 3448 1 1 1 0.8
0 97075 1317 1966 1 10 1 0.8
0 151906 1318 4156 1 10 0 0.8
0 73892 1320 1771 1 1 1 0.8
0 60368 1324 1556 1 1 0 0.8
0 70014 1327 1514 1 1 1 0.8
0 150225 1327 3891 1 1 0 0.8
0 101878 1328 2385 1 1 0 0.8
0 71042 1328 1811 1 1 1 0.8
0 134878 1331 3243 1 1 0 0.8
0 177218 1333 4502 1 1 1 0.8
0 104448 1334 3109 1 10 0 0.8
0 122888 1334 2478 1 10 0 0.8
0 76880 1336 2140 1 10 1 0.8
0 82414 1338 2148 1 10 1 0.8
0 74348 1348 2084 1 10 1 0.8
0 126894 1350 3137 1 10 0 0.8
0 73666 1352 2119 1 1 0 0.8
0 128870 1353 3142 1 1 0 0.8
0 85444 1354 2381 1 10 1 0.8
0 81209 1355 1852 1 10 1 0.8
0 177958 1356 3740 1 10 0 0.8
0 165573 1359 3513 1 50 1 0.8
0 161613 1361 4679 1 10 1 0.8
0 65971 1364 1941 1 1 0 0.8
0 160058 1365 3303 1 50 1 0.8
0 82121 1366 2385 1 10 0 0.8
0 63315 1366 1507 1 1 0 0.8
0 95859 1370 2053 1 1 1 0.8
0 137042 1370 3077 1 10 0 0.8
0 178554 1372 4726 1 1 1 0.8
0 73754 1375 1953 1 1 1 0.8
0 127388 1375 3424 1 1 0 0.8
0 176060 1380 4797 1 1 0 0.8
0 177616 1383 3930 1 1 1 0.8
0 72921 1386 1638 1 50 0 0.8
0 125087 1386 2953 1 1 0 0.8
0 169610 1392 4106 1 1 0 0.8
0 122503 1399 3376 1 10 0 0.8
0 93684 1399 2484 1 1 0 0.8
0 98380 1402 2906 1 1 1 0.8
0 143235 1403 3365 1 10 0 0.8
0 155187 1405 4142 1 1 1 0.8
0 123915 1405 2641 1 1 0 0.8
0 142121 1407 4025 1 1 0 0.8
0 81742 1411 2249 1 1 1 0.8
0 118100 1413 2723 1 10 1 0.8
0 116458 1418 3189 1 10 0 0.8
0 173350 1424 5100 1 1 1 0.8
0 104070 1428 2168 1 1 1 0.8
0 135724 1430 3977 1 50 0 0.8
0 65596 1437 1411 1 1 1 0.8
0 95112 1438 1907 1 1 1 0.8
0 85335 1440 2201 1 1 1 0.8
0 63382 1441 1564 1 1 1 0.8
0 124373 1441 2829 1 10 0 0.8
0 113273 1442 3278 1 1 1 0.8
0 131394 1449 3348 1 1 1 0.8
0 156615 1450 4457 1 10 1 0.8
0 156458 1455 3232 1 1 1 0.8
0 66400 1455 1856 1 1 1 0.8
0 135279 1458 3487 1 1 0 0.8
0 175598 1459 4441 1 1 1 0.8
0 175823 1461 4609 1 1 0 0.8
0 74149 1462 1664 1 10 0 0.8
0 60806 1462 1412 1 1 0 0.8
0 111904 1463 2357 1 10 0 0.8
0 153913 1465 4081 1 1 0 0.8
0 143853 1469 4196 1 1 0 0.8
0 176261 1471 4502 1 50 1 0.8
0 143995 1474 4068 1 50 1 0.8
0 95311 1477 2069 1 50 1 0.8
0 128020 1482 3042 1 10 0 0.8
0 121968 1484 2740 1 1 0 0.8
0 123930 1485 3020 1 1 1 0.8
0 103360 1486 2698 1 1 0 0.8
0 106691 1487 3017 1 10 0 0.8
0 159976 1492 4762 1 1 1 0.8
0 177897 1499 4053 1 1 1 0.8
0 171938 1499 5143 1 1 0 0.8
0 103414 1500 2148 1 10 0 0.8
0 75352 1503 1914 1 10 1 0.8
0 64177 1509 1649 1 10 1 0.8
0 133774 1509 3935 1 1 1 0.8
0 171844 1510 4898 1 10 1 0.8
0 95139 1512 2347 1 1 0 0.8
0 109248 1515 3250 1 1 0 0.8
0 84747 1522 2497 1 1 1 0.8
0 64949 1525 1325 1 10 0 0.8
0 135859 1527 3673 1 10 1 0.8
0 140893 1527 3512 1 1 0 0.8
0 104103 1528 2707 1 1 0 0.8
0 103625 1531 2569 1 1 0 0.8
0 96306 1534 2220 1 1 0 0.8
0 173417 1537 3597 1 1 1 0.8
0 80957 1537 1790 1 1 1 0.8
0 158069 1539 4433 1 10 1 0.8
0 162634 1542 4597 1 10 0 0.8
0 71917 1545 1855 1 1 0 0.8
0 106882 1547 2644 1 50 1 0.8
0 67926 1551 1751 1 1 0 0.8
0 110815 1555 3154 1 1 0 0.8
0 131473 1555 3000 1 10 1 0.8
0 156041 1557 3183 1 1 1 0.8
0 95230 1563 2455 1 1 0 0.8
0 158338 1563 4310 1 10 1 0.8
0 178297 1563 4663 1 50 1 0.8
0 91009 1566 1860 1 1 0 0.8
0 147871 1569 3739 1 1 0 0.8
0 136488 1570 3982 1 1 0 0.8
0 68446 1573 1752 1 50 0 0.8
0 178063 1574 4533 1 10 0 0.8
0 121980 1576 3596 1 10 0 0.8
0 167698 1576 4496 1 1 0 0.8
0 143275 1577 3887 1 10 0 0.8
0 173311 1577 3476 1 10 0 0.8
0 73290 1578 1696 1 1 0 0.8
0 145069 1584 3060 1 10 1 0.8
0 66828 1585 1735 1 1 1 0.8
0 67448 1587 1944 1 10 1 0.8
0 77335 1589 1797 1 1 0 0.8
0 61809 1589 1694 1 1 1 0.8
0 70249 1594 1480 1 1 1 0.8
0 162566 1594 3480 1 1 0 0.8
0 123577 1597 2629 1 50 1 0.8
0 134915 1600 4042 1 1 1 0.8
0 124350 1600 3189 1 10 0 0.8
0 133308 1600 3004 1 10 0 0.8
0 99806 1602 2859 1 1 1 0.8
0 117385 1604 3098 1 10 0 0.8
0 177445 1605 5286 1 10 0 0.8
0 170020 1606 4177 1 10 1 0.8
0 116599 1606 3032 1 10 0 0.8
0 148783 1607 3207 1 1 1 0.8
0 106974 1609 2942 1 10 1 0.8
0 141661 1610 3056 1 1 0 0.8
0 161565 1610 3843 1 1 1 0.8
0 65600 1611 1814 1 1 0 0.8
0 110094 1612 3149 1 10 1 0.8
0 151183 1615 3395 1 1 1 0.8
0 145440 1617 4243 1 10 0 0.8
0 111158 1619 2229 1 1 0 0.8
0 139042 1621 3594 1 10 1 0.8
0 160747 1626 3225 1 1 1 0.8
0 106856 1628 2635 1 10 1 0.8
0 147407 1633 4060 1 1 1 0.8
0 72218 1636 1812 1 10 0 0.8
0 168219 1639 4860 1 1 0 0.8
0 168218 1640 3988 1 50 1 0.8
0 136466 1643 3278 1 50 0 0.8
0 148455 1649 3157 1 1 1 0.8
0 119119 1654 2422 1 1 0 0.8
0 135209 1655 3674 1 10 1 0.8
0 103026 1656 3027 1 1 1 0.8
0 140510 1658 4209 1 10 0 0.8
0 120383 1663 3482 1 1 0 0.8
0 81958 1665 2177 1 50 0 0.8
0 99031 1666 2417 1 50 0 0.8
0 88730 1674 2514 1 50 0 0.8
0 96534 1680 2077 1 1 1 0.8
0 136974 1680 3257 1 1 1 0.8
0 159465 1682 4773 1 10 1 0.8
0 140276 1687 3851 1 1 1 0.8
0 93739 1689 1933 1 1 0 0.8
0 174761 1691 3507 1 1 1 0.8
0 176498 1691 4971 1 1 0 0.8
0 114572 1693 2737 1 10 1 0.8
0 179279 1697 3783 1 1 0 0.8
0 176782 1697 4122 1 1 0 0.8
0 161418 1697 3505 1 1 0 0.8
0 79210 1699 1950 1 1 1 0.8
0 151280 1701 4290 1 10 1 0.8
0 100802 1706 2295 1 50 0 0.8
0 91964 1708 2569 1 50 1 0.8
0 161873 1709 4720 1 1 1 0.8
0 73260 1709 2084 1 10 1 0.8
0 113700 1709 3031 1 50 0 0.8
0 135219 1709 3890 1 10 0 0.8
0 73699 1716 1896 1 1 0 0.8
0 88691 1718 2261 1 10 1 0.8
0 129914 1718 2858 1 1 1 0.8
0 87551 1721 2208 1 10 0 0.8
0 71031 1721 1982 1 1 0 0.8
0 73960 1721 2042 1 1 1 0.8
0 126003 1729 2864 1 50 1 0.8
0 100210 1730 2928 1 1 0 0.8
0 87662 1733 2529 1 1 1 0.8
0 93235 1740 2144 1 1 1 0.8
0 99462 1745 2782 1 10 0 0.8
0 67241 1750 1471 1 50 1 0.8
0 131455 1753 3624 1 10 1 0.8
0 163333 1753 3920 1 1 1 0.8
0 140471 1756 3964 1 10 0 0.8
0 166609 1757 4862 1 1 0 0.8
0 138265 1760 4040 1 1 0 0.8
0 168508 1761 3795 1 10 0 0.8
0 120924 1761 2801 1 1 0 0.8
0 108075 1764 2174 1 1 0 0.8
0 107216 1765 2584 1 10 0 0.8
0 138796 1776 4011 1 50 1 0.8
0 154841 1778 3178 1 10 0 0.8
0 123241 1779 3551 1 1 0 0.8
0 114841 1780 2930 1 1 0 0.8
0 147244 1781 4394 1 10 0 0.8
0 74909 1782 1662 1 10 0 0.8
0 127134 1785 3629 1 1 0 0.8
0 107930 1787 2868 1 1 1 0.8
0 128959 1794 3740 1 1 1 0.8
0 165917 1797 4946 1 1 1 0.8
0 110903 1798 2903 1 1 1 0.8
0 107579 1802 2780 1 10 0 0.8
0 139009 1804 3511 1 50 0 0.8
0 107111 1808 2996 1 1 0 0.8
0 148635 1809 3589 1 1 0 0.8
0 137808 1812 2946 1 10 0 0.8
0 157439 1817 4358 1 10 0 0.8
0 178378 1817 4306 1 10 0 0.8
0 110424 1817 2418 1 10 0 0.8
0 101961 1825 2454 1 1 0 0.8
0 147238 1827 3884 1 1 1 0.8
0 167961 1829 3903 1 1 0 0.8
0 177881 1830 5304 1 10 1 0.8
0 60869 1833 1352 1 10 1 0.8
0 147454 1833 4175 1 1 1 0.8
0 135920 1839 2909 1 1 1 0.8
0 82584 1841 2027 1 1 0 0.8
0 142632 1842 3018 1 10 0 0.8
0 143432 1844 4171 1 1 0 0.8
0 92504 1848 1939 1 10 0 0.8
0 70937 1848 1442 1 1 1 0.8
0 114193 1848 2882 1 1 1 0.8
0 144268 1849 4093 1 50 0 0.8
0 145119 1858 2954 1 1 1 0.8
0 114561 1859 2297 1 1 1 0.8
0 152142 1860 3505 1 1 1 0.8
0 139834 1862 3105 1 1 0 0.8
0 107131 1862 2678 1 1 1 0.8
0 158115 1863 4390 1 1 0 0.8
0 99204 1864 2077 1 1 1 0.8
0 152143 1866 3375 1 1 0 0.8
0 73472 1868 2070 1 10 0 0.8
0 97798 1871 2729 1 50 1 0.8
0 79865 1875 2172 1 1 1 0.8
0 112890 1876 3167 1 10 0 0.8
0 121951 1879 2907 1 10 1 0.8
0 149957 1880 3627 1 1 1 0.8
0 72344 1881 1904 1 1 0 0.8
0 111972 1881 2760 1 10 0 0.8
0 72909 1885 1533 1 1 1 0.8
0 112391 1886 2672 1 1 0 0.8
0 116984 1887 2780 1 1 1 0.8
0 159291 1889 3609 1 1 1 0.8
0 81701 1890 1862 1 50 0 0.8
0 177673 1891 4595 1 1 1 0.8
0 124121 1897 2520 1 1 0 0.8
0 176435 1898 4779 1 1 1 0.8
0 141942 1900 3700 1 10 0 0.8
0 144171 1900 3780 1 1 0 0.8
0 156981 1903 3658 1 1 1 0.8
0 64813 1905 1828 1 1 1 0.8
0 121505 1907 2534 1 1 1 0.8
0 87953 1908 1848 1 50 0 0.8
0 77215 1908 1681 1 10 0 0.8
0 143794 1908 3903 1 1 1 0.8
0 172540 1913 4355 1 50 0 0.8
0 115123 1914 2575 1 1 0 0.8
0 62693 1917 1397 1 10 1 0.8
0 163440 1923 3594 1 10 0 0.8
0 110713 1925 3119 1 10 1 0.8
0 84172 1933 1730 1 1 0 0.8
0 136609 1934 3055 1 1 1 0.8
0 74440 1936 1556 1 1 1 0.8
0 66081 1939 1728 1 50 0 0.8
0 65732 1950 1419 1 50 0 0.8
0 67036 1951 1541 1 10 0 0.8
0 137931 1958 3274 1 1 1 0.8
0 61162 1962 1587 1 10 0 0.8
0 66386 1963 1658 1 1 0 0.8
0 115626 1964 2546 1 1 0 0.8
0 68339 1964 1781 1 1 0 0.8
0 99080 1965 2332 1 50 1 0.8
0 131843 1967 3237 1 1 1 0.8
0 78684 1968 1838 1 1 0 0.8
0 65206 1975 1789 1 1 0 0.8
0 112182 1976 2249 1 1 1 0.8
0 112472 1980 2907 1 1 0 0.8
0 160608 1982 4185 1 1 0 0.8
0 165468 1983 4592 1 1 0 0.8
0 66024 1985 1780 1 1 0 0.8
0 127759 1991 2724 1 50 1 0.8
0 155965 1993 3879 1 1 0 0.8
0 95831 1993 2171 1 10 1 0.8
0 173703 1993 4473 1 10 1 0.8
0 91088 2001 2470 1 1 0 0.8
0 121582 2002 2828 1 1 1 0.8
0 148284 2003 3283 1 10 1 0.8
0 144592 2008 3849 1 1 1 0.8
0 61900 2013 1423 1 1 1 0.8
0 154219 2014 3656 1 10 1 0.8
0 176767 2016 4307 1 1 1 0.8
0 122972 2016 3455 1 50 0 0.8
0 153337 2017 4187 1 1 0 0.8
0 170534 2017 5033 1 10 1 0.8
0 131565 2019 2932 1 1 0 0.8
0 92688 2022 2595 1 10 1 0.8
0 167296 2024 3921 1 50 0 0.8
0 84168 2026 1752 1 1 0 0.8
0 148313 2030 4129 1 1 1 0.8
0 126735 2031 2880 1 1 0 0.8
0 64620 2042 1312 1 10 1 0.8
0 160428 2045 4616 1 1 0 0.8
0 99954 2046 2656 1 1 1 0.8
0 175486 2047 3544 1 10 1 0.8
0 166586 2050 4212 1 1 0 0.8
0 165751 2050 4265 1 1 0 0.8
0 116172 2051 3167 1 1 1 0.8
0 177238 2051 4506 1 10 0 0.8
0 141765 2059 3754 1 50 1 0.8
0 112038 2060 2476 1 10 0 0.8
0 142874 2062 2908 1 50 0 0.8
0 131084 2064 3458 1 10 1 0.8
0 72969 2066 1519 1 10 0 0.8
0 71656 2072 1853 1 1 1 0.8
0 71986 2075 1587 1 1 0 0.8
0 155480 2077 3907 1 1 1 0.8
0 97201 2078 2229 1 1 1 0.8
0 124848 2092 3701 1 1 1 0.8
0 99941 2092 2889 1 1 0 0.8
0 102883 2103 2793 1 1 1 0.8
0 126497 2103 3425 1 1 1 0.8
0 164286 2104 3741 1 10 1 0.8
0 90005 2104 2480 1 1 0 0.8
0 117130 2106 2901 1 10 1 0.8
0 69702 2111 2014 1 1 1 0.8
0 60024 2114 1657 1 10 1 0.8
0 163150 2118 4200 1 1 1 0.8
0 152107 2121 3271 1 50 0 0.8
0 174759 2123 5105 1 1 0 0.8
0 144893 2126 4045 1 10 1 0.8
0 62464 2132 1803 1 1 1 0.8
0 104335 2135 2155 1 1 1 0.8
0 138850 2135 3837 1 50 1 0.8
0 70366 2140 1584 1 1 1 0.8
0 112749 2141 3334 1 1 1 0.8
0 118247 2143 3186 1 1 1 0.8
0 73165 2143 1636 1 1 1 0.8
0 148523 2143 3189 1 1 0 0.8
0 97817 2144 2853 1 1 0 0.8
0 101240 2144 2487 1 1 1 0.8
0 175091 2144 4547 1 1 0 0.8
0 164980 2145 4097 1 10 1 0.8
0 120975 2146 2758 1 10 0 0.8
0 92263 2152 1958 1 1 1 0.8
0 123380 2152 2867 1 1 0 0.8
0 145097 2153 4280 1 1 1 0.8
0 93331 2156 2217 1 50 0 0.8
0 63153 2161 1441 1 1 1 0.8
0 84548 2168 2533 1 10 0 0.8
0 78282 2170 2158 1 10 0 0.8
0 169589 2172 3631 1 10 0 0.8
0 102931 2180 2433 1 1 1 0.8
0 63888 2187 1708 1 1 0 0.8
0 143449 2188 4107 1 1 0 0.8
0 61507 2190 1525 1 50 0 0.8
0 70719 2194 1852 1 50 0 0.8
0 134521 2195 3568 1 1 0 0.8
0 103066 2199 2733 1 10 1 0.8
0 99101 2202 2430 1 1 0 0.8
0 128483 2202 3233 1 1 0 0.8
0 165557 2203 4582 1 10 1 0.8
0 147976 2208 3338 1 1 1 0.8
0 148966 2209 4348 1 1 0 0.8
0 103203 2210 2811 1 10 0 0.8
0 119160 2213 3228 1 1 0 0.8
0 85391 2220 2014 1 1 1 0.8
0 157744 2221 4221 1 1 0 0.8
0 79174 2222 2166 1 1 1 0.8
0 81723 2231 1694 1 1 0 0.8
0 161607 2231 4254 1 1 1 0.8
0 106323 2232 2358 1 1 0 0.8
0 98634 2233 2277 1 1 0 0.8
0 135438 2234 2985 1 1 0 0.8
0 168700 2235 3584 1 10 1 0.8
0 86187 2236 2512 1 10 1 0.8
0 159858 2246 4517 1 10 1 0.8
0 147636 2249 3582 1 10 0 0.8
0 177616 2259 4993 1 1 1 0.8
0 159019 2263 3238 1 1 0 0.8
0 69910 2267 1921 1 50 1 0.8
0 125899 2268 3743 1 1 1 0.8
0 112016 2269 3067 1 1 0 0.8
0 170887 2271 4369 1 1 1 0.8
0 61875 2274 1468 1 1 1 0.8
0 112786 2274 2893 1 1 1 0.8
0 172134 2280 3919 1 1 1 0.8
0 145255 2281 3232 1 10 0 0.8
0 166381 2286 4443 1 10 0 0.8
0 125314 2291 2791 1 1 0 0.8
0 146517 2295 4147 1 10 0 0.8
0 61456 2296 1273 1 1 0 0.8
0 141697 2296 4219 1 50 1 0.8
0 121336 2297 2797 1 1 0 0.8
0 171412 2299 5054 1 10 0 0.8
0 110543 2300 2400 1 10 0 0.8
0 161925 2303 4068 1 1 1 0.8
0 98701 2305 2332 1 50 0 0.8
0 75104 2305 2249 1 1 1 0.8
0 98582 2309 2175 1 10 1 0.8
0 87287 2317 1975 1 1 0 0.8
0 116161 2318 3114 1 1 1 0.8
0 141017 2318 3952 1 1 1 0.8
0 178953 2319 5027 1 1 1 0.8
0 126077 2319 3429 1 1 0 0.8
0 168194 2323 3723 1 1 1 0.8
0 150198 2326 3280 1 10 1 0.8
0 154375 2328 4378 1 1 1 0.8
0 179175 2330 5363 1 1 0 0.8
0 66976 2331 1616 1 1 1 0.8
0 168771 2333 3533 1 1 1 0.8
0 161280 2333 3459 1 1 1 0.8
0 141968 2334 3467 1 1 1 0.8
0 112494 2336 2986 1 10 0 0.8
0 93314 2338 2044 1 1 1 0.8
0 126451 2339 3140 1 10 0 0.8
0 146375 2340 3886 1 1 1 0.8
0 63352 2349 1335 1 1 1 0.8
0 139706 2352 3752 1 1 1 0.8
0 177289 2360 4161 1 1 1 0.8
0 156957 2361 3752 1 10 0 0.8
0 175776 2361 4284 1 1 0 0.8
0 167342 2364 4909 1 1 0 0.8
0 71958 2364 1609 1 1 0 0.8
0 93178 2365 2262 1 50 0 0.8
0 174281 2365 4634 1 1 0 0.8
0 130081 2367 3884 1 1 0 0.8
0 155085 2372 3665 1 10 0 0.8
0 165348 2377 4645 1 10 1 0.8
0 154322 2381 3564 1 1 1 0.8
0 66435 2386 1572 1 1 1 0.8
0 140551 2389 3000 1 1 0 0.8
0 179757 2392 4603 1 1 0 0.8
0 128447 2393 3424 1 50 1 0.8
0 135893 2395 3728 1 10 0 0.8
0 137101 2396 2789 1 1 1 0.8
0 65712 2397 1764 1 50 0 0.8
0 156013 2398 3745 1 50 0 0.8
0 114920 2398 2964 1 1 0 0.8
0 169124 2399 3558 1 1 0 0.8
0 120728 2400 2586 1 1 1 0.8
0 90890 2400 2701 1 1 1 0.8
0 102293 2404 2739 1 50 1 0.8
0 178565 2406 4419 1 1 0 0.8
0 73856 2408 2009 1 1 1 0.8
0 163157 2409 3594 1 1 0 0.8
0 80753 2410 1768 1 10 1 0.8
0 121487 2414 3027 1 1 1 0.8
0 170531 2416 4497 1 10 0 0.8
0 75081 2416 1793 1 10 0 0.8
0 132994 2417 3683 1 1 0 0.8
0 123576 2419 3214 1 1 0 0.8
0 131770 2427 3421 1 1 1 0.8
0 91761 2430 2486 1 1 1 0.8
0 177694 2432 4754 1 1 1 0.8
0 116946 2432 2876 1 50 1 0.8
0 175395 2433 3834 1 10 0 0.8
0 78764 2436 2296 1 10 1 0.8
0 161002 2439 4468 1 10 0 0.8
0 146200 2439 3735 1 10 1 0.8
0 166451 2440 4133 1 10 0 0.8
0 75045 2443 1764 1 1 0 0.8
0 94625 2444 2342 1 1 1 0.8
0 80155 2445 1668 1 10 0 0.8
0 138887 2447 3009 1 10 0 0.8
0 123735 2451 3594 1 1 1 0.8
0 171029 2454 3957 1 1 1 0.8
0 101831 2459 2921 1 1 1 0.8
0 121338 2460 3438 1 10 0 0.8
0 80298 2464 2073 1 1 0 0.8
0 121109 2468 3513 1 10 0 0.8
0 160803 2469 3898 1 1 0 0.8
0 86003 2470 2525 1 1 0 0.8
0 109116 2472 2782 1 1 0 0.8
0 157230 2481 3787 1 1 0 0.8
0 151990 2481 3521 1 10 0 0.8
0 67940 2482 1970 1 1 1 0.8
0 83991 2484 1762 1 10 1 0.8
0 118980 2485 2598 1 1 0 0.8
0 79911 2487 1833 1 10 1 0.8
0 153643 2493 4102 1 10 1 0.8
0 91439 2504 1908 1 1 0 0.8
0 124241 2506 3526 1 1 0 0.8
0 138527 2514 3135 1 10 0 0.8
0 151654 2521 4135 1 10 0 0.8
0 119370 2526 3206 1 1 0 0.8
0 117876 2530 2455 1 50 0 0.8
0 80703 2532 1620 1 1 1 0.8
0 133097 2536 3242 1 10 0 0.8
0 75813 2540 1696 1 10 1 0.8
0 74409 2540 1649 1 10 1 0.8
0 88188 2542 2081 1 1 1 0.8
0 127787 2546 2644 1 1 0 0.8
0 113671 2546 3052 1 10 1 0.8
0 160345 2548 4411 1 1 0 0.8
0 154797 2549 3753 1 1 0 0.8
0 105272 2549 2953 1 1 0 0.8
0 70063 2550 2023 1 1 0 0.8
0 96825 2554 1994 1 1 0 0.8
0 128272 2556 3261 1 10 0 0.8
0 164737 2556 3864 1 1 0 0.8
0 172658 2557 4994 1 1 1 0.8
0 149449 2559 3678 1 1 1 0.8
0 67738 2565 1993 1 1 1 0.8
0 122452 2568 2530 1 1 1 0.8
0 69676 2569 1477 1 1 1 0.8
0 162495 2569 4244 1 1 1 0.8
0 71992 2570 1839 1 1 0 0.8
0 163034 2575 3610 1 1 1 0.8
0 92187 2577 2344 1 10 0 0.8
0 179796 2577 5236 1 1 1 0.8
0 111290 2581 2463 1 10 0 0.8
0 172951 2582 3576 1 10 1 0.8
0 167237 2586 3699 1 1 0 0.8
0 125976 2589 2765 1 1 1 0.8
0 63870 2590 1329 1 1 1 0.8
0 135256 2592 2944 1 10 1 0.8
0 125560 2594 2787 1 10 1 0.8
0 127031 2600 2548 1 10 0 0.8
0 111212 2604 3317 1 1 1 0.8
0 64631 2613 1339 1 50 0 0.8
0 79842 2613 2297 1 50 0 0.8
0 137089 2614 3395 1 10 0 0.8
0 90959 2618 2048 1 1 0 0.8
0 127912 2623 3177 1 50 1 0.8
0 88753 2624 2640 1 1 0 0.8
0 78062 2624 2214 1 50 1 0.8
0 126368 2626 3097 1 1 1 0.8
0 109972 2631 2506 1 10 0 0.8
0 163916 2632 4482 1 1 1 0.8
0 95571 2637 2344 1 1 1 0.8
0 97870 2641 2378 1 1 1 0.8
0 98489 2641 2810 1 10 1 0.8
0 167245 2642 3547 1 50 0 0.8
0 148316 2645 3118 1 1 1 0.8
0 145284 2649 3516 1 1 1 0.8
0 127566 2649 3599 1 1 1 0.8
0 81271 2649 2144 1 1 0 0.8
0 136406 2653 3308 1 1 0 0.8
0 70999 2653 1671 1 10 1 0.8
0 146413 2654 3388 1 1 0 0.8
0 70723 2656 1658 1 1 0 0.8
0 138748 2659 3283 1 50 1 0.8
0 125914 2660 2585 1 10 0 0.8
0 127749 2662 3215 1 1 0 0.8
0 159354 2664 3975 1 1 1 0.8
0 65435 2666 1623 1 1 1 0.8
0 148335 2670 3302 1 1 0 0.8
0 84365 2671 2318 1 1 0 0.8
0 166673 2671 4885 1 1 0 0.8
0 104204 2674 2737 1 1 1 0.8
0 171959 2678 3730 1 1 0 0.8
0 162995 2679 4171 1 1 0 0.8
0 84087 2683 2494 1 1 1 0.8
0 60994 2684 1558 1 10 1 0.8
0 79349 2684 1862 1 1 1 0.8
0 87376 2692 2497 1 10 0 0.8
0 114730 2695 2784 1 1 1 0.8
0 115106 2701 2569 1 10 1 0.8
0 110174 2701 2459 1 1 1 0.8
0 164777 2702 3729 1 10 0 0.8
0 130831 2704 3883 1 1 1 0.8
0 62569 2708 1444 1 50 0 0.8
0 109901 2710 3251 1 1 0 0.8
0 69449 2711 1794 1 10 1 0.8
0 128472 2712 3708 1 50 1 0.8
0 148868 2725 3825 1 1 1 0.8
0 163564 2727 4852 1 10 1 0.8
0 74222 2728 2172 1 1 0 0.8
0 83264 2731 1882 1 1 1 0.8
0 84784 2731 2441 1 1 1 0.8
0 126087 2740 2906 1 1 1 0.8
0 94387 2742 1963 1 1 1 0.8
0 72536 2743 1765 1 1 0 0.8
0 118838 2753 2956 1 10 1 0.8
0 102164 2754 2790 1 50 1 0.8
0 156635 2754 3524 1 1 0 0.8
0 178850 2758 4525 1 10 1 0.8
0 62724 2759 1500 1 1 1 0.8
0 176996 2762 4930 1 1 0 0.8
0 83307 2764 2329 1 1 1 0.8
0 98931 2766 2520 1 10 0 0.8
0 174435 2767 3941 1 1 1 0.8
0 81127 2768 1655 1 10 0 0.8
0 110321 2772 3275 1 1 1 0.8
0 145873 2772 3317 1 1 0 0.8
0 128645 2783 3649 1 1 0 0.8
0 115367 2785 2449 1 50 0 0.8
0 95352 2787 2770 1 10 0 0.8
0 63333 2795 1702 1 1 1 0.8
0 96346 2795 2510 1 10 1 0.8
0 134988 2796 2858 1 10 1 0.8
0 164226 2798 4280 1 1 1 0.8
0 62007 2799 1697 1 1 1 0.8
0 119638 2799 3457 1 50 1 0.8
0 79982 2804 1894 1 1 0 0.8
0 65343 2804 1468 1 10 0 0.8
0 101851 2811 2321 1 10 1 0.8
0 91175 2813 2180 1 10 1 0.8
0 133916 2815 2735 1 10 0 0.8
0 117056 2821 2753 1 1 0 0.8
0 93432 2823 2498 1 1 1 0.8
0 118343 2827 2865 1 10 0 0.8
0 104805 2828 2396 1 1 1 0.8
0 66037 2830 1396 1 1 0 0.8
0 174745 2839 4724 1 1 0 0.8
0 108860 2839 2633 1 10 0 0.8
0 89085 2840 2486 1 10 0 0.8
0 103340 2848 2429 1 50 0 0.8
0 85369 2849 1945 1 1 1 0.8
0 116801 2853 3187 1 1 1 0.8
0 82490 2853 1773 1 10 1 0.8
0 136186 2855 3564 1 10 1 0.8
0 157909 2855 3827 1 10 1 0.8
0 144972 2857 3842 1 10 0 0.8
0 89991 2861 1965 1 1 1 0.8
0 173407 2862 4374 1 1 0 0.8
0 97373 2869 2826 1 50 1 0.8
0 99249 2877 2027 1 1 1 0.8
0 158055 2877 4110 1 1 0 0.8
0 163440 2880 3663 1 1 0 0.8
0 167486 2885 3760 1 10 0 0.8
0 162890 2885 4699 1 10 0 0.8
0 98937 2890 2914 1 1 0 0.8
0 159719 2891 4353 1 1 1 0.8
0 77989 2892 2293 1 1 0 0.8
0 68351 2893 1945 1 1 0 0.8
0 78404 2894 1790 1 1 1 0.8
0 138350 2900 3925 1 10 0 0.8
0 92256 2901 2441 1 1 1 0.8
0 132149 2905 3755 1 10 0 0.8
0 91996 2917 1930 1 1 0 0.8
0 106327 2919 2771 1 10 0 0.8
0 102923 2921 2599 1 10 0 0.8
0 91220 2921 1971 1 10 1 0.8
0 87221 2921 2121 1 1 1 0.8
0 89997 2926 2210 1 1 0 0.8
0 153977 2929 3935 1 10 1 0.8
0 154499 2930 4233 1 1 1 0.8
0 76680 2930 2137 1 50 1 0.8
0 97209 2933 2236 1 10 1 0.8
0 73932 2936 1710 1 50 0 0.8
0 60025 2939 1524 1 1 1 0.8
0 67203 2944 1423 1 10 1 0.8
0 165334 2944 4629 1 1 1 0.8
0 88000 2946 2233 1 10 0 0.8
0 148818 2947 3751 1 10 0 0.8
0 79232 2948 1936 1 1 0 0.8
0 82643 2950 1998 1 1 1 0.8
0 77786 2951 2275 1 1 0 0.8
0 66693 2954 1706 1 10 0 0.8
0 114472 2954 3207 1 10 1 0.8
0 104272 2958 2522 1 1 0 0.8
0 102848 2960 2996 1 50 1 0.8
0 113520 2962 2830 1 1 1 0.8
0 122041 2964 2652 1 50 1 0.8
0 84493 2966 1768 1 1 1 0.8
0 114369 2967 2782 1 10 1 0.8
0 84038 2967 2113 1 1 1 0.8
0 147496 2969 4058 1 10 0 0.8
0 83313 2970 2263 1 10 1 0.8
0 119831 2970 3031 1 10 1 0.8
0 172589 2972 4036 1 10 0 0.8
0 178098 2974 4837 1 1 0 0.8
0 103137 2977 2543 1 1 0 0.8
0 62990 2977 1442 1 1 1 0.8
0 159832 2983 3976 1 10 0 0.8
0 79057 2984 1776 1 10 0 0.8
0 131046 2986 3669 1 1 1 0.8
0 68354 2987 1368 1 1 0 0.8
0 60451 2987 1379 1 1 0 0.8
0 175877 2990 4605 1 1 0 0.8
0 78590 2991 2251 1 1 0 0.8
0 61887 2993 1374 1 1 1 0.8
0 139041 2995 4078 1 1 0 0.8
0 124940 3009 3440 1 1 1 0.8
0 146509 3012 4368 1 10 0 0.8
0 69634 3016 1399 1 1 1 0.8
0 142947 3019 3700 1 1 0 0.8
0 147992 3020 3797 1 10 0 0.8
0 115222 3021 2894 1 1 1 0.8
0 97985 3021 2308 1 50 1 0.8
0 62447 3022 1578 1 1 1 0.8
0 117200 3028 2602 1 1 0 0.8
0 66770 3028 1914 1 1 0 0.8
0 142337 3028 4187 1 10 0 0.8
0 73233 3028 2121 1 10 0 0.8
0 154328 3029 4076 1 1 1 0.8
0 93174 3032 2000 1 1 0 0.8
0 112744 3032 2882 1 50 1 0.8
0 129233 3035 3133 1 1 0 0.8
0 68358 3036 2007 1 50 1 0.8
0 62006 3036 1628 1 1 0 0.8
0 119713 3037 3044 1 50 1 0.8
0 157664 3043 4630 1 10 1 0.8
0 89330 3045 2091 1 10 1 0.8
0 85346 3047 1930 1 1 0 0.8
0 81830 3048 1655 1 1 0 0.8
0 135229 3048 3790 1 1 0 0.8
0 119775 3050 2563 1 1 1 0.8
0 101291 3052 2563 1 1 1 0.8
0 65847 3052 1689 1 1 0 0.8
0 63600 3053 1649 1 1 1 0.8
0 71837 3056 1606 1 1 1 0.8
0 106830 3058 2294 1 1 0 0.8
0 179312 3058 5086 1 1 0 0.8
0 143877 3063 3378 1 1 0 0.8
0 111304 3063 2746 1 50 0 0.8
0 123757 3063 2482 1 10 0 0.8
0 64227 3066 1774 1 1 0 0.8
0 94732 3067 2225 1 1 1 0.8
0 99356 3071 2811 1 1 0 0.8
0 130455 3074 3465 1 1 0 0.8
0 73066 3075 1687 1 1 1 0.8
0 150349 3078 4447 1 50 1 0.8
0 158053 3079 3986 1 1 0 0.8
0 78124 3081 1716 1 1 1 0.8
0 89915 3082 2210 1 50 0 0.8
0 76479 3085 1825 1 1 0 0.8
0 101000 3086 2697 1 1 0 0.8
0 177687 3091 5189 1 10 1 0.8
0 149846 3092 3174 1 50 1 0.8
0 146522 3095 3099 1 1 0 0.8
0 97047 3096 2062 1 50 0 0.8
0 92867 3097 2385 1 1 0 0.8
0 121154 3111 3106 1 10 1 0.8
0 135537 3114 3540 1 1 0 0.8
0 79785 3115 1728 1 10 0 0.8
0 136118 3116 3105 1 1 0 0.8
0 73568 3117 1946 1 10 0 0.8
0 145982 3117 2949 1 50 0 0.8
0 91541 3119 1931 1 10 0 0.8
0 121810 3120 3643 1 10 1 0.8
0 63422 3123 1341 1 1 1 0.8
0 121131 3124 2778 1 1 0 0.8
0 95357 3129 2769 1 1 0 0.8
0 79672 3130 1873 1 1 0 0.8
0 89278 3131 2632 1 10 0 0.8
0 61508 3134 1556 1 10 1 0.8
0 136581 3139 3940 1 1 0 0.8
0 92848 3141 2635 1 10 0 0.8
0 73803 3143 2094 1 1 0 0.8
0 61640 3147 1238 1 1 1 0.8
0 104564 3150 2880 1 1 1 0.8
0 118913 3150 2991 1 10 0 0.8
0 116767 3151 3089 1 10 1 0.8
0 71260 3151 2023 1 1 0 0.8
0 96149 3153 2676 1 50 1 0.8
0 155830 3155 3876 1 1 0 0.8
0 64028 3157 1478 1 10 0 0.8
0 144487 3157 4058 1 50 0 0.8
0 130387 3160 3282 1 1 0 0.8
0 136003 3161 3126 1 10 0 0.8
0 91233 3166 2022 1 1 0 0.8
0 63107 3166 1396 1 10 0 0.8
0 103835 3167 2889 1 1 0 0.8
0 130906 3167 3596 1 10 0 0.8
0 134235 3169 3641 1 50 1 0.8
0 66975 3171 1871 1 10 0 0.8
0 176244 3174 4616 1 10 1 0.8
0 137717 3177 4031 1 1 1 0.8
0 89761 3179 2634 1 1 1 0.8
0 86390 3183 1931 1 10 1 0.8
0 108199 3186 2581 1 1 1 0.8
0 131943 3189 2711 1 50 0 0.8
0 81808 3196 1842 1 10 0 0.8
0 168518 3196 4390 1 1 0 0.8
0 130784 3199 2754 1 1 0 0.8
0 161265 3200 3741 1 1 0 0.8
0 157336 3200 3447 1 1 0 0.8
0 109952 3201 3079 1 1 0 0.8
0 109191 3204 2453 1 1 0 0.8
0 127269 3205 3281 1 1 1 0.8
0 139416 3207 3948 1 10 1 0.8
0 99610 3207 2114 1 1 0 0.8
0 83377 3209 2111 1 1 0 0.8
0 83069 3211 2188 1 10 1 0.8
0 100735 3211 2053 1 1 0 0.8
0 97128 3213 2216 1 1 0 0.8
0 118968 3214 2875 1 1 0 0.8
0 145095 3216 3256 1 1 1 0.8
0 172793 3218 5127 1 1 0 0.8
0 122143 3219 3557 1 1 1 0.8
0 160735 3219 3807 1 1 0 0.8
0 84255 3220 1879 1 10 1 0.8
0 126226 3220 2551 1 10 0 0.8
0 62860 3221 1662 1 10 0 0.8
0 116024 3223 3013 1 10 1 0.8
0 116668 3225 3306 1 50 0 0.8
0 130552 3225 3212 1 1 1 0.8
0 76489 3227 2151 1 1 0 0.8
0 90203 3229 1890 1 10 0 0.8
0 154451 3230 3483 1 1 0 0.8
0 90425 3235 2655 1 1 0 0.8
0 161298 3236 4529 1 1 0 0.8
0 172962 3237 4085 1 10 0 0.8
0 177499 3239 4201 1 10 1 0.8
0 84299 3242 1926 1 1 0 0.8
0 97158 3242 2111 1 1 0 0.8
0 75201 3246 2068 1 1 0 0.8
0 77492 3248 2174 1 10 0 0.8
0 131612 3249 3506 1 10 1 0.8
0 168419 3250 4486 1 50 0 0.8
0 108905 3256 2441 1 10 0 0.8
0 162841 3262 4254 1 1 0 0.8
0 174552 3262 3990 1 1 0 0.8
0 96123 3263 2543 1 1 1 0.8
0 160327 3264 3481 1 10 1 0.8
0 149569 3264 3722 1 1 0 0.8
0 78873 3265 1835 1 10 0 0.8
0 101252 3266 2516 1 50 1 0.8
0 170037 3266 3971 1 1 1 0.8
0 91157 3267 1837 1 1 1 0.8
0 152720 3270 3467 1 1 0 0.8
0 146135 3275 3355 1 1 0 0.8
0 140236 3279 3492 1 1 0 0.8
0 132832 3281 2902 1 1 0 0.8
0 119127 3282 2796 1 10 1 0.8
0 143710 3282 4045 1 1 0 0.8
0 96411 3285 2469 1 1 1 0.8
0 120520 3286 3086 1 10 1 0.8
0 176944 3288 4425 1 1 0 0.8
0 129487 3292 3581 1 10 1 0.8
0 64275 3292 1629 1 10 1 0.8
0 102842 3297 2363 1 1 1 0.8
0 141826 3304 3130 1 10 0 0.8
0 161421 3304 3698 1 50 0 0.8
0 157667 3307 4240 1 1 0 0.8
0 94770 3309 2807 1 1 0 0.8
0 171650 3311 4945 1 1 0 0.8
0 97733 3312 2605 1 10 0 0.8
0 75926 3315 2027 1 1 1 0.8
0 91709 3316 1896 1 10 0 0.8
0 133585 3316 3303 1 1 1 0.8
0 159968 3323 3835 1 10 0 0.8
0 174982 3324 4792 1 1 1 0.8
0 114313 3324 3285 1 1 0 0.8
0 166796 3330 4587 1 10 0 0.8
0 176052 3333 4686 1 50 1 0.8
0 164575 3335 4425 1 1 0 0.8
0 158237 3337 4688 1 50 1 0.8
0 114128 3338 2903 1 1 1 0.8
0 92234 3338 1935 1 10 1 0.8
0 124887 3338 2759 1 10 0 0.8
0 147297 3342 3557 1 1 0 0.8
0 155587 3345 4382 1 1 0 0.8
0 168564 3347 4120 1 1 1 0.8
0 92099 3352 2643 1 10 0 0.8
0 133559 3353 3929 1 10 1 0.8
0 149090 3353 3597 1 1 1 0.8
0 150697 3354 3388 1 10 1 0.8
0 120715 3354 2919 1 1 0 0.8
0 173651 3364 4519 1 1 0 0.8
0 154355 3366 3906 1 1 0 0.8
0 111865 3367 2410 1 50 1 0.8
0 83825 3367 2255 1 50 0 0.8
0 168174 3372 4721 1 50 1 0.8
0 84147 3372 2028 1 1 1 0.8
0 71442 3372 1671 1 1 0 0.8
0 170914 3373 4516 1 10 0 0.8
0 106096 3374 2899 1 1 0 0.8
0 155421 3375 4285 1 1 0 0.8
0 77364 3382 2008 1 10 0 0.8
0 142080 3386 3657 1 1 1 0.8
0 105818 3388 2621 1 50 1 0.8
0 144449 3388 3895 1 1 0 0.8
0 89989 3389 2025 1 1 0 0.8
0 109022 3391 2682 1 1 0 0.8
0 175041 3392 3665 1 1 0 0.8
0 156982 3400 3334 1 1 0 0.8
0 83537 3400 1720 1 1 1 0.8
0 94751 3407 1953 1 1 0 0.8
0 171208 3407 3568 1 10 1 0.8
0 78256 3411 1928 1 1 0 0.8
0 173728 3411 4557 1 1 0 0.8
0 97069 3411 2255 1 10 0 0.8
0 161349 3417 3585 1 1 0 0.8
0 81190 3429 1651 1 1 1 0.8
0 81800 3431 2098 1 10 0 0.8
0 176036 3444 3759 1 50 1 0.8
0 149890 3445 4348 1 10 1 0.8
0 137645 3450 3941 1 10 0 0.8
0 86953 3456 2330 1 50 1 0.8
0 77792 3460 2001 1 10 1 0.8
0 148049 3460 2982 1 1 1 0.8
0 179634 3472 4875 1 1 0 0.8
0 84238 3472 2104 1 10 1 0.8
0 81032 3473 2071 1 1 0 0.8
0 178058 3474 3940 1 1 0 0.8
0 116521 3478 3239 1 50 1 0.8
0 90525 3478 2455 1 1 0 0.8
0 98140 3481 2935 1 1 1 0.8
0 175772 3484 5056 1 1 1 0.8
0 91023 3485 2026 1 10 1 0.8
0 178146 3487 5262 1 1 0 0.8
0 68366 3489 1743 1 1 1 0.8
0 126762 3490 2631 1 1 1 0.8
0 108103 3493 2690 1 10 0 0.8
0 77775 3494 1973 1 10 1 0.8
0 142644 3495 3046 1 50 0 0.8
0 71721 3505 1778 1 1 1 0.8
0 101864 3507 2155 1 1 1 0.8
0 81949 3512 1911 1 1 1 0.8
0 136383 3514 3235 1 1 0 0.8
0 71346 3520 1767 1 1 1 0.8
0 72363 3520 1791 1 10 0 0.8
0 80533 3527 1715 1 1 1 0.8
0 153488 3530 3327 1 1 0 0.8
0 61609 3533 1435 1 1 1 0.8
0 137935 3533 2978 1 1 1 0.8
0 75353 3537 1731 1 50 0 0.8
0 171573 3538 4953 1 1 0 0.8
0 133123 3544 3282 1 1 1 0.8
0 167006 3549 3583 1 1 1 0.8
0 90503 3552 2658 1 1 1 0.8
0 85694 3553 1720 1 10 1 0.8
0 69598 3557 1639 1 1 1 0.8
0 68949 3558 1951 1 10 0 0.8
0 82771 3569 1972 1 1 0 0.8
0 130047 3572 3316 1 1 1 0.8
0 127046 3573 3202 1 1 1 0.8
0 88464 3577 2287 1 1 1 0.8
0 179270 3578 3776 1 1 0 0.8
0 145086 3580 3094 1 1 1 0.8
0 178221 3589 3664 1 1 0 0.8
0 155865 3589 4465 1 1 1 0.8
0 110324 3591 2533 1 1 0 0.8
0 103623 3595 3058 1 1 1 0.8
