1500
0 87372 1 2156 1 10 0 1.0
0 95992 1 2396 1 1 1 1.0
0 110037 7 3288 1 1 1 1.0
0 123656 12 2744 1 1 0 1.0
0 102405 15 2071 1 10 1 1.0
0 79651 20 2074 1 10 1 1.0
0 150276 24 3648 1 1 0 1.0
0 102881 24 2944 1 10 1 1.0
0 111847 32 3017 1 1 0 1.0
0 121441 35 3484 1 10 0 1.0
0 97822 36 2839 1 1 1 1.0
0 112447 44 3062 1 1 1 1.0
0 97491 46 2282 1 1 1 1.0
0 160316 52 4652 1 50 1 1.0
0 61268 53 1409 1 1 0 1.0
0 131706 54 3164 1 1 0 1.0
0 178001 54 4131 1 1 0 1.0
0 93635 57 2316 1 1 1 1.0
0 70893 59 1481 1 1 1 1.0
0 147288 65 4018 1 1 0 1.0
0 95359 65 2732 1 10 1 1.0
0 140675 65 3101 1 10 1 1.0
0 136659 76 3291 1 10 0 1.0
0 131039 77 3803 1 10 0 1.0
0 109032 83 2669 1 1 0 1.0
0 144108 84 3828 1 1 1 1.0
0 167407 92 4876 1 10 0 1.0
0 127417 100 3752 1 10 1 1.0
0 77767 109 1739 1 1 0 1.0
0 84854 109 2544 1 1 1 1.0
0 155307 110 3321 1 50 0 1.0
0 126124 110 2578 1 1 1 1.0
0 160346 111 4614 1 10 1 1.0
0 93634 113 1976 1 1 1 1.0
0 161669 114 3558 1 1 0 1.0
0 133384 115 3325 1 1 0 1.0
0 161860 120 3260 1 1 0 1.0
0 166141 120 3817 1 10 0 1.0
0 119017 121 2501 1 10 0 1.0
0 83265 122 2265 1 1 0 1.0
0 116157 127 2877 1 50 1 1.0
0 111448 127 2985 1 1 1 1.0
0 123122 128 3501 1 1 0 1.0
0 152505 130 3395 1 10 0 1.0
0 65830 131 1941 1 1 0 1.0
0 150627 131 3113 1 10 0 1.0
0 144020 132 3571 1 1 0 1.0
0 173957 133 4539 1 10 0 1.0
0 153041 134 3351 1 10 1 1.0
0 65970 140 1429 1 1 1 1.0
0 141717 144 3199 1 10 1 1.0
0 160212 148 4340 1 50 0 1.0
0 152083 148 4119 1 1 0 1.0
0 65845 150 1892 1 1 1 1.0
0 139391 152 3324 1 10 1 1.0
0 84823 159 2481 1 50 0 1.0
0 113726 160 3340 1 10 0 1.0
0 93456 163 2029 1 1 0 1.0
0 164759 164 4202 1 10 0 1.0
0 85016 169 2260 1 1 1 1.0
0 105212 170 2775 1 1 0 1.0
0 168997 172 4238 1 10 1 1.0
0 144554 174 4113 1 50 0 1.0
0 107402 180 2818 1 1 0 1.0
0 171531 186 3674 1 1 1 1.0
0 107450 187 3031 1 1 1 1.0
0 106784 187 2975 1 1 0 1.0
0 139605 192 2875 1 10 1 1.0
0 98797 193 2718 1 10 0 1.0
0 100097 195 2559 1 50 1 1.0
0 156342 198 4456 1 10 1 1.0
0 97360 200 2586 1 1 0 1.0
0 166082 204 4382 1 1 0 1.0
0 160469 206 3926 1 10 0 1.0
0 142435 207 3770 1 1 1 1.0
0 114245 208 2299 1 1 0 1.0
0 85826 209 1996 1 1 0 1.0
0 136622 209 3060 1 1 1 1.0
0 91768 214 2692 1 10 0 1.0
0 156734 217 4555 1 1 1 1.0
0 131888 220 2906 1 10 1 1.0
0 141377 220 3655 1 1 0 1.0
0 142092 229 3441 1 1 1 1.0
0 122988 231 3166 1 1 1 1.0
0 101646 234 2673 1 1 1 1.0
0 165540 237 4863 1 10 1 1.0
0 146411 240 4056 1 1 1 1.0
0 107328 243 2437 1 50 0 1.0
0 110221 245 2618 1 1 1 1.0
0 91182 246 2719 1 1 0 1.0
0 145748 246 3608 1 10 0 1.0
0 99602 246 2404 1 50 1 1.0
0 135372 248 3042 1 1 0 1.0
0 133203 252 3863 1 1 0 1.0
0 119883 253 3439 1 1 1 1.0
0 160351 254 4322 1 1 0 1.0
0 87707 257 2440 1 50 1 1.0
0 110224 259 2756 1 1 0 1.0
0 72717 261 1770 1 10 1 1.0
0 135476 267 3646 1 1 0 1.0
0 136521 270 3210 1 10 0 1.0
0 82406 271 2129 1 1 1 1.0
0 144657 274 4120 1 10 0 1.0
0 62484 274 1256 1 1 0 1.0
0 80409 279 1946 1 10 0 1.0
0 77737 283 1679 1 10 1 1.0
0 61506 283 1704 1 10 0 1.0
0 133852 284 3192 1 10 0 1.0
0 108419 286 2557 1 1 1 1.0
0 84471 287 2159 1 1 1 1.0
0 81127 287 2332 1 10 0 1.0
0 133304 293 3536 1 1 0 1.0
0 112614 296 2743 1 1 1 1.0
0 88703 297 2466 1 1 1 1.0
0 73885 302 1494 1 1 1 1.0
0 100387 302 2067 1 50 1 1.0
0 98219 305 2721 1 1 0 1.0
0 90088 317 2149 1 1 0 1.0
0 82643 320 2011 1 1 1 1.0
0 165970 321 4296 1 50 0 1.0
0 133407 330 3003 1 1 0 1.0
0 76700 332 2061 1 10 1 1.0
0 67346 335 1512 1 10 1 1.0
0 69549 336 1569 1 10 0 1.0
0 152932 339 3581 1 1 0 1.0
0 150115 340 3325 1 1 0 1.0
0 179741 340 4741 1 1 0 1.0
0 91523 341 2139 1 1 0 1.0
0 124437 344 3113 1 10 1 1.0
0 81805 344 1772 1 1 1 1.0
0 113388 346 2526 1 1 1 1.0
0 99578 349 2460 1 1 1 1.0
0 89409 349 2097 1 1 1 1.0
0 103295 353 2420 1 1 0 1.0
0 167871 354 3602 1 1 1 1.0
0 96309 354 2229 1 50 0 1.0
0 87676 359 1880 1 1 0 1.0
0 87582 359 1781 1 1 1 1.0
0 141196 368 3477 1 1 0 1.0
0 153318 372 4451 1 10 1 1.0
0 168005 372 3560 1 1 1 1.0
0 120880 374 3076 1 1 1 1.0
0 63705 375 1839 1 10 0 1.0
0 137939 377 3875 1 10 1 1.0
0 60698 381 1781 1 10 0 1.0
0 139286 383 3867 1 1 0 1.0
0 134961 384 3244 1 50 1 1.0
0 77354 388 1958 1 10 1 1.0
0 144072 389 3701 1 1 1 1.0
0 108784 392 2328 1 1 0 1.0
0 130006 395 2887 1 10 1 1.0
0 81694 397 1720 1 1 0 1.0
0 142416 402 2925 1 1 0 1.0
0 172391 405 4623 1 10 0 1.0
0 90310 406 2643 1 1 0 1.0
0 105109 406 2747 1 1 1 1.0
0 132930 408 3747 1 1 0 1.0
0 89861 408 2542 1 10 0 1.0
0 143979 409 4221 1 10 0 1.0
0 98130 413 2697 1 1 1 1.0
0 67109 414 1633 1 1 0 1.0
0 83503 418 2480 1 1 1 1.0
0 60988 418 1466 1 1 0 1.0
0 99098 421 2476 1 50 0 1.0
0 100535 423 2704 1 1 1 1.0
0 79576 428 1597 1 1 0 1.0
0 64879 429 1871 1 1 1 1.0
0 99306 430 2898 1 1 1 1.0
0 128136 431 3834 1 1 1 1.0
0 157672 433 4054 1 1 0 1.0
0 147473 440 4132 1 1 1 1.0
0 154735 442 3835 1 1 1 1.0
0 118389 443 2451 1 1 0 1.0
0 179710 444 5200 1 1 1 1.0
0 125648 447 3623 1 1 1 1.0
0 135154 449 3748 1 10 1 1.0
0 85101 449 1733 1 10 1 1.0
0 160934 449 4548 1 10 0 1.0
0 135554 451 3256 1 10 1 1.0
0 170007 453 4463 1 1 1 1.0
0 145255 459 4336 1 1 0 1.0
0 144548 463 4270 1 10 0 1.0
0 71220 463 1776 1 10 1 1.0
0 105347 465 2360 1 1 0 1.0
0 164568 466 4822 1 1 1 1.0
0 105153 467 2994 1 1 1 1.0
0 142097 477 2968 1 50 0 1.0
0 84099 482 2078 1 50 1 1.0
0 167270 483 4529 1 10 1 1.0
0 135420 485 2951 1 1 0 1.0
0 115100 490 2455 1 1 1 1.0
0 66421 493 1729 1 1 0 1.0
0 89742 493 2630 1 1 0 1.0
0 137907 494 3567 1 1 1 1.0
0 113683 494 3350 1 10 0 1.0
0 126714 496 3317 1 1 0 1.0
0 95861 498 2345 1 1 0 1.0
0 138222 500 3119 1 1 0 1.0
0 152612 503 4561 1 1 0 1.0
0 81305 506 2396 1 1 1 1.0
0 83882 511 2467 1 50 1 1.0
0 171557 512 3589 1 1 1 1.0
0 143991 513 3477 1 50 1 1.0
0 125599 517 3345 1 1 1 1.0
0 175005 517 4990 1 1 1 1.0
0 75233 523 2119 1 10 1 1.0
0 112318 524 2292 1 1 0 1.0
0 92134 524 1862 1 1 1 1.0
0 63680 525 1469 1 1 1 1.0
0 162194 526 3859 1 1 1 1.0
0 123432 526 2986 1 1 0 1.0
0 123038 528 3156 1 1 1 1.0
0 142845 530 3007 1 10 0 1.0
0 63380 531 1846 1 10 0 1.0
0 116704 538 2444 1 1 0 1.0
0 75536 539 2194 1 1 0 1.0
0 111298 539 2589 1 10 0 1.0
0 79166 542 2046 1 50 1 1.0
0 172663 544 4758 1 1 1 1.0
0 117200 545 2789 1 1 1 1.0
0 146689 552 4079 1 1 0 1.0
0 103103 556 2175 1 50 0 1.0
0 92451 556 1902 1 1 0 1.0
0 164558 557 4336 1 10 1 1.0
0 73774 559 2010 1 1 1 1.0
0 89131 561 2568 1 1 0 1.0
0 89422 564 2499 1 1 1 1.0
0 125849 564 3374 1 1 1 1.0
0 144151 564 4005 1 1 0 1.0
0 174258 566 4746 1 10 0 1.0
0 79534 567 2156 1 1 1 1.0
0 69252 575 1640 1 1 1 1.0
0 155861 575 3568 1 10 1 1.0
0 146603 577 3417 1 1 0 1.0
0 114125 578 2731 1 1 0 1.0
0 105371 579 2250 1 10 1 1.0
0 131645 581 3442 1 10 1 1.0
0 157253 582 3294 1 1 0 1.0
0 103669 599 2164 1 1 1 1.0
0 157168 602 4327 1 1 1 1.0
0 178346 607 4429 1 1 1 1.0
0 171712 611 4112 1 1 1 1.0
0 120103 611 2411 1 10 1 1.0
0 159947 613 4046 1 50 0 1.0
0 94465 614 2576 1 10 1 1.0
0 179934 614 4453 1 1 1 1.0
0 129314 615 3658 1 10 1 1.0
0 78478 620 1682 1 10 1 1.0
0 123899 630 3152 1 10 1 1.0
0 105095 633 2863 1 10 1 1.0
0 125479 633 3393 1 10 1 1.0
0 130518 640 2988 1 10 0 1.0
0 84029 643 2342 1 10 0 1.0
0 122798 649 3436 1 10 0 1.0
0 69293 650 1567 1 1 1 1.0
0 74449 654 1906 1 1 1 1.0
0 96383 654 2300 1 10 0 1.0
0 78601 654 2159 1 1 0 1.0
0 166014 657 4977 1 1 1 1.0
0 179492 657 3900 1 50 1 1.0
0 63082 659 1628 1 1 0 1.0
0 134720 661 3106 1 1 0 1.0
0 172700 662 3849 1 10 0 1.0
0 122204 665 3265 1 1 1 1.0
0 76668 666 1798 1 1 1 1.0
0 139487 667 4061 1 10 1 1.0
0 95129 669 2487 1 10 1 1.0
0 65185 671 1549 1 1 1 1.0
0 167946 672 4884 1 1 1 1.0
0 87898 673 2385 1 1 0 1.0
0 157608 681 3175 1 1 1 1.0
0 130491 682 2889 1 10 1 1.0
0 176899 682 4477 1 1 0 1.0
0 89628 684 2614 1 1 1 1.0
0 106537 684 2641 1 10 1 1.0
0 137790 692 3761 1 1 1 1.0
0 72871 694 1576 1 1 0 1.0
0 121955 695 3647 1 1 0 1.0
0 164541 695 4902 1 10 1 1.0
0 105037 698 2176 1 1 0 1.0
0 169472 709 4111 1 1 0 1.0
0 135294 716 3071 1 1 0 1.0
0 121685 718 2807 1 1 1 1.0
0 179277 721 4310 1 50 1 1.0
0 64634 722 1572 1 1 0 1.0
0 80718 723 2370 1 1 0 1.0
0 143882 724 2933 1 10 1 1.0
0 178687 726 4470 1 1 1 1.0
0 71813 727 1510 1 1 0 1.0
0 96735 729 2734 1 10 0 1.0
0 98737 730 2943 1 1 0 1.0
0 145925 730 3620 1 10 1 1.0
0 162198 735 4663 1 10 0 1.0
0 154899 737 4141 1 1 1 1.0
0 96108 740 2872 1 1 1 1.0
0 113254 743 2962 1 10 1 1.0
0 157425 746 4669 1 50 0 1.0
0 146614 748 3725 1 1 1 1.0
0 112918 751 2561 1 10 0 1.0
0 134902 753 3998 1 1 0 1.0
0 89304 757 2044 1 1 1 1.0
0 167835 759 4924 1 1 1 1.0
0 176197 760 3717 1 1 1 1.0
0 116044 760 3195 1 1 1 1.0
0 61882 768 1415 1 1 1 1.0
0 132150 769 2773 1 1 1 1.0
0 115649 770 3361 1 1 1 1.0
0 139825 772 2982 1 1 0 1.0
0 103867 772 3040 1 1 1 1.0
0 152622 776 3610 1 1 0 1.0
0 61223 779 1669 1 1 0 1.0
0 158567 781 3963 1 50 1 1.0
0 159780 787 3282 1 1 0 1.0
0 131190 799 3904 1 50 0 1.0
0 140858 801 3360 1 1 0 1.0
0 103582 802 2936 1 10 1 1.0
0 70385 804 1627 1 1 0 1.0
0 75616 805 2064 1 1 0 1.0
0 143745 811 3335 1 10 1 1.0
0 154041 815 3668 1 50 0 1.0
0 118247 816 2771 1 1 1 1.0
0 114177 818 3265 1 10 1 1.0
0 171020 819 4931 1 10 1 1.0
0 177280 819 4672 1 1 0 1.0
0 68144 820 2011 1 1 0 1.0
0 69337 824 1968 1 10 1 1.0
0 137256 824 3327 1 1 1 1.0
0 94447 826 2225 1 1 0 1.0
0 67901 827 1626 1 10 0 1.0
0 115048 827 3166 1 1 0 1.0
0 167270 828 4289 1 1 1 1.0
0 108748 829 2337 1 10 1 1.0
0 95010 832 2307 1 10 0 1.0
0 177985 833 4415 1 1 0 1.0
0 124049 840 2991 1 1 0 1.0
0 67582 842 1735 1 1 1 1.0
0 163342 842 4431 1 1 0 1.0
0 143200 844 2911 1 1 1 1.0
0 67749 844 1467 1 10 0 1.0
0 151136 846 3959 1 1 0 1.0
0 145413 848 3797 1 1 1 1.0
0 179758 849 4952 1 10 0 1.0
0 63659 849 1795 1 50 0 1.0
0 110411 851 2258 1 1 1 1.0
0 149689 853 3573 1 50 0 1.0
0 165835 858 3493 1 10 0 1.0
0 77560 860 2266 1 50 1 1.0
0 140333 861 3678 1 10 1 1.0
0 92419 864 2745 1 1 0 1.0
0 67972 864 1803 1 1 1 1.0
0 136529 866 2931 1 1 0 1.0
0 145875 871 3468 1 1 1 1.0
0 142394 872 3140 1 10 0 1.0
0 75451 873 1511 1 1 1 1.0
0 135516 874 3034 1 10 0 1.0
0 87977 874 1953 1 1 0 1.0
0 135791 874 3164 1 1 0 1.0
0 122283 875 3418 1 1 1 1.0
0 170888 876 3424 1 1 1 1.0
0 135266 879 2913 1 1 0 1.0
0 70716 880 1798 1 1 1 1.0
0 100603 881 2415 1 50 1 1.0
0 107554 883 2516 1 1 1 1.0
0 79858 885 1756 1 50 1 1.0
0 114642 888 2390 1 1 1 1.0
0 139889 888 3708 1 1 0 1.0
0 142915 891 4174 1 10 0 1.0
0 164999 891 3642 1 10 1 1.0
0 80718 892 1929 1 1 1 1.0
0 101353 894 2462 1 1 0 1.0
0 155753 903 3303 1 1 0 1.0
0 169826 905 3974 1 1 1 1.0
0 146476 908 3769 1 10 0 1.0
0 72467 909 2167 1 1 0 1.0
0 116642 909 3467 1 10 0 1.0
0 160302 910 4111 1 10 0 1.0
0 105521 914 2983 1 1 0 1.0
0 130170 915 3634 1 10 0 1.0
0 166711 918 3475 1 1 1 1.0
0 78802 918 2105 1 1 1 1.0
0 114544 928 2779 1 10 1 1.0
0 124547 930 3230 1 10 1 1.0
0 97456 930 2650 1 1 0 1.0
0 126146 931 3670 1 1 1 1.0
0 177042 931 4827 1 10 0 1.0
0 131884 933 2911 1 1 0 1.0
0 171443 933 5114 1 1 1 1.0
0 175181 935 3616 1 1 1 1.0
0 60753 936 1334 1 1 0 1.0
0 68454 941 1754 1 1 1 1.0
0 152471 941 3812 1 1 1 1.0
0 143766 943 3029 1 1 1 1.0
0 110216 950 2397 1 10 0 1.0
0 64474 951 1807 1 10 0 1.0
0 110236 952 2773 1 10 1 1.0
0 103134 953 2936 1 1 1 1.0
0 107426 953 2806 1 1 0 1.0
0 126436 958 2930 1 10 1 1.0
0 66450 960 1897 1 50 0 1.0
0 115210 961 2632 1 10 0 1.0
0 104566 967 2510 1 10 0 1.0
0 149968 967 3151 1 50 0 1.0
0 179306 973 4823 1 1 1 1.0
0 130286 973 3549 1 10 0 1.0
0 79475 976 1671 1 1 0 1.0
0 166989 977 4199 1 1 0 1.0
0 119952 977 2863 1 1 1 1.0
0 171882 979 3617 1 1 0 1.0
0 141321 984 2990 1 1 0 1.0
0 179460 990 4476 1 1 1 1.0
0 172084 990 4867 1 10 1 1.0
0 150460 992 3342 1 10 1 1.0
0 164796 993 4562 1 10 0 1.0
0 60443 994 1242 1 1 1 1.0
0 176983 995 3920 1 1 0 1.0
0 126444 995 3095 1 10 1 1.0
0 101497 1004 2473 1 10 1 1.0
0 158527 1012 3890 1 10 1 1.0
0 110587 1014 3026 1 1 0 1.0
0 135591 1018 3791 1 10 1 1.0
0 117897 1018 2843 1 1 0 1.0
0 65661 1019 1681 1 10 1 1.0
0 93731 1021 2258 1 1 0 1.0
0 99205 1022 2799 1 10 0 1.0
0 154669 1023 4275 1 10 1 1.0
0 104854 1029 2662 1 10 0 1.0
0 149872 1033 3353 1 1 0 1.0
0 153842 1034 4468 1 1 1 1.0
0 103769 1035 2943 1 10 1 1.0
0 99025 1035 2532 1 10 1 1.0
0 81140 1035 1995 1 10 1 1.0
0 163326 1039 3824 1 1 0 1.0
0 171487 1039 4668 1 1 0 1.0
0 63861 1040 1662 1 1 1 1.0
0 139478 1044 3120 1 1 1 1.0
0 80046 1048 1950 1 10 1 1.0
0 62300 1050 1630 1 1 1 1.0
0 98939 1051 2412 1 50 1 1.0
0 62106 1053 1392 1 1 1 1.0
0 92278 1055 2652 1 1 0 1.0
0 92169 1057 2078 1 50 0 1.0
0 123445 1059 3213 1 1 1 1.0
0 104790 1060 2943 1 1 0 1.0
0 112674 1060 2596 1 1 0 1.0
0 102125 1060 2358 1 10 1 1.0
0 157013 1062 3764 1 1 1 1.0
0 132860 1063 3467 1 10 1 1.0
0 119994 1064 3563 1 1 1 1.0
0 132938 1065 2700 1 1 1 1.0
0 163935 1067 4611 1 1 1 1.0
0 145662 1085 3270 1 10 0 1.0
0 128820 1086 2693 1 1 1 1.0
0 91650 1089 1974 1 1 0 1.0
0 165155 1090 4126 1 10 0 1.0
0 63710 1093 1894 1 1 1 1.0
0 125432 1093 2752 1 10 1 1.0
0 111832 1096 2831 1 1 1 1.0
0 173885 1103 4682 1 1 0 1.0
0 76577 1108 1849 1 10 1 1.0
0 150394 1109 3735 1 1 0 1.0
0 64236 1112 1478 1 1 0 1.0
0 105279 1112 2985 1 10 0 1.0
0 71447 1117 1724 1 1 0 1.0
0 111020 1123 3165 1 50 0 1.0
0 144380 1123 2905 1 1 0 1.0
0 104312 1135 2239 1 10 0 1.0
0 173431 1138 5019 1 1 0 1.0
0 121088 1142 3374 1 1 1 1.0
0 70292 1143 1654 1 10 0 1.0
0 161386 1146 4154 1 10 1 1.0
0 84158 1148 1882 1 1 1 1.0
0 113461 1149 2520 1 10 1 1.0
0 130240 1150 2772 1 1 0 1.0
0 97735 1151 2773 1 50 1 1.0
0 91944 1151 1979 1 1 0 1.0
0 66023 1151 1727 1 1 1 1.0
0 144416 1152 2945 1 50 0 1.0
0 109085 1152 2288 1 1 1 1.0
0 145543 1153 3342 1 1 1 1.0
0 70541 1155 1612 1 1 1 1.0
0 95871 1156 2685 1 10 1 1.0
0 102895 1158 2893 1 1 1 1.0
0 73467 1158 1650 1 1 0 1.0
0 116533 1159 3352 1 1 0 1.0
0 130041 1162 3558 1 50 0 1.0
0 69008 1163 1915 1 1 1 1.0
0 74456 1170 2155 1 1 1 1.0
0 167368 1170 4837 1 10 0 1.0
0 100515 1179 2325 1 50 0 1.0
0 119926 1180 3175 1 1 1 1.0
0 160732 1181 4088 1 10 0 1.0
0 139030 1181 2815 1 1 1 1.0
0 139743 1181 3210 1 10 0 1.0
0 155424 1182 3528 1 1 0 1.0
0 88956 1193 2612 1 1 1 1.0
0 78106 1194 2037 1 1 0 1.0
0 147199 1198 3389 1 10 0 1.0
0 90274 1198 2697 1 1 0 1.0
0 160121 1199 4792 1 10 1 1.0
0 167621 1201 4344 1 1 0 1.0
0 67430 1204 1978 1 10 0 1.0
0 126249 1205 3228 1 1 0 1.0
0 126127 1207 2941 1 1 0 1.0
0 77040 1208 2251 1 50 0 1.0
0 77065 1210 1878 1 1 1 1.0
0 170987 1210 4313 1 10 0 1.0
0 104277 1229 2465 1 50 1 1.0
0 170910 1230 3965 1 1 0 1.0
0 161374 1235 3980 1 50 0 1.0
0 88577 1236 2316 1 10 1 1.0
0 78207 1236 2140 1 1 1 1.0
0 153673 1237 4473 1 10 1 1.0
0 112877 1237 2730 1 10 0 1.0
0 163211 1241 3317 1 1 0 1.0
0 154365 1242 4018 1 10 0 1.0
0 104673 1243 2613 1 1 0 1.0
0 136556 1243 3254 1 1 1 1.0
0 112706 1248 2665 1 1 1 1.0
0 146777 1252 3062 1 1 1 1.0
0 133483 1255 2712 1 1 0 1.0
0 91715 1256 2291 1 1 0 1.0
0 159259 1258 4383 1 10 0 1.0
0 64240 1262 1680 1 1 1 1.0
0 154581 1263 4611 1 1 1 1.0
0 177691 1263 5224 1 10 1 1.0
0 167371 1265 4953 1 1 1 1.0
0 65961 1265 1925 1 1 1 1.0
0 77932 1267 2306 1 1 1 1.0
0 126867 1268 3662 1 1 0 1.0
0 169164 1274 4269 1 1 0 1.0
0 100302 1275 2157 1 1 1 1.0
0 143715 1276 3565 1 1 0 1.0
0 136975 1278 2903 1 10 0 1.0
0 93836 1278 2033 1 50 0 1.0
0 87242 1280 2440 1 10 0 1.0
0 121526 1280 2496 1 1 0 1.0
0 172882 1281 4930 1 1 0 1.0
0 120169 1292 3518 1 1 1 1.0
0 175987 1294 4143 1 10 1 1.0
0 68000 1297 1642 1 1 0 1.0
0 148668 1298 3845 1 1 1 1.0
0 78884 1303 1921 1 1 1 1.0
0 85102 1307 1728 1 1 1 1.0
0 101250 1307 2129 1 1 1 1.0
0 69778 1312 1579 1 1 1 1.0
0 73366 1312 2004 1 10 0 1.0
0 179148 1323 4529 1 10 1 1.0
0 110943 1328 2671 1 10 1 1.0
0 166373 1331 4126 1 10 1 1.0
0 135812 1331 3821 1 10 0 1.0
0 106309 1332 2876 1 1 1 1.0
0 147381 1335 3429 1 1 0 1.0
0 169238 1338 4789 1 10 0 1.0
0 114464 1339 3416 1 1 1 1.0
0 120158 1340 2671 1 1 0 1.0
0 71522 1341 1522 1 1 0 1.0
0 152293 1342 3229 1 50 1 1.0
0 178883 1345 4162 1 1 0 1.0
0 67882 1349 1451 1 1 0 1.0
0 126046 1357 2958 1 1 1 1.0
0 130276 1360 3571 1 1 1 1.0
0 92204 1360 2008 1 1 1 1.0
0 65919 1361 1524 1 10 1 1.0
0 144053 1361 3712 1 1 0 1.0
0 139981 1362 3079 1 1 1 1.0
0 118797 1365 2542 1 1 0 1.0
0 137644 1365 3407 1 50 0 1.0
0 104961 1368 2375 1 1 0 1.0
0 125121 1369 2514 1 1 0 1.0
0 127726 1375 3617 1 1 0 1.0
0 178836 1377 3876 1 1 0 1.0
0 175802 1383 4144 1 10 0 1.0
0 72334 1386 1870 1 1 0 1.0
0 117095 1386 2676 1 10 1 1.0
0 148066 1388 3492 1 1 0 1.0
0 84411 1396 2481 1 10 1 1.0
0 94438 1402 2497 1 10 0 1.0
0 67976 1408 1894 1 1 1 1.0
0 96642 1411 2052 1 10 1 1.0
0 154277 1412 3421 1 1 0 1.0
0 122144 1415 3514 1 10 0 1.0
0 74870 1418 1773 1 1 0 1.0
0 75047 1425 2148 1 1 0 1.0
0 66313 1426 1792 1 1 1 1.0
0 144279 1426 3117 1 10 0 1.0
0 151579 1427 4105 1 10 0 1.0
0 168312 1427 4813 1 1 0 1.0
0 88465 1429 2023 1 50 0 1.0
0 143759 1430 3157 1 1 0 1.0
0 70386 1430 1917 1 10 1 1.0
0 124602 1431 3449 1 1 1 1.0
0 129722 1432 3365 1 1 0 1.0
0 170224 1432 4455 1 1 1 1.0
0 64573 1436 1791 1 1 1 1.0
0 96290 1436 2241 1 10 1 1.0
0 178153 1439 4518 1 50 0 1.0
0 100366 1440 2562 1 10 0 1.0
0 92394 1444 2212 1 10 1 1.0
0 106420 1444 2527 1 10 1 1.0
0 168844 1445 3811 1 10 1 1.0
0 161804 1446 3829 1 10 1 1.0
0 138209 1449 4070 1 50 1 1.0
0 105804 1453 2490 1 10 0 1.0
0 108000 1458 2477 1 1 0 1.0
0 73883 1459 2117 1 10 0 1.0
0 138369 1461 3001 1 10 0 1.0
0 120604 1467 3592 1 1 0 1.0
0 65352 1468 1836 1 50 0 1.0
0 147967 1468 3797 1 10 0 1.0
0 133541 1469 3212 1 1 1 1.0
0 82638 1470 2031 1 10 0 1.0
0 82836 1471 2441 1 50 1 1.0
0 99356 1472 2686 1 10 0 1.0
0 85137 1472 2039 1 1 0 1.0
0 121111 1476 2986 1 1 1 1.0
0 144795 1478 3779 1 10 1 1.0
0 105845 1482 2708 1 1 1 1.0
0 82583 1482 1993 1 1 1 1.0
0 73006 1486 2142 1 10 0 1.0
0 102828 1487 2476 1 1 1 1.0
0 114826 1491 2515 1 1 1 1.0
0 91804 1497 2692 1 1 1 1.0
0 107712 1499 2587 1 1 1 1.0
0 150161 1503 4017 1 1 0 1.0
0 81347 1509 2125 1 1 1 1.0
0 106928 1513 2331 1 1 0 1.0
0 144937 1513 3868 1 1 0 1.0
0 123915 1515 3220 1 1 0 1.0
0 135907 1519 3033 1 1 0 1.0
0 120179 1519 2767 1 1 0 1.0
0 124612 1530 3411 1 10 1 1.0
0 110502 1531 2499 1 1 0 1.0
0 174092 1533 4195 1 10 1 1.0
0 141247 1534 3506 1 1 1 1.0
0 72834 1534 1723 1 10 1 1.0
0 70000 1535 1551 1 10 1 1.0
0 72680 1536 1629 1 50 0 1.0
0 117612 1537 2377 1 1 1 1.0
0 82689 1538 1684 1 1 0 1.0
0 80596 1541 1715 1 1 1 1.0
0 103942 1542 2565 1 1 0 1.0
0 88900 1542 2508 1 1 1 1.0
0 62839 1544 1405 1 1 1 1.0
0 100854 1544 2927 1 10 1 1.0
0 97193 1548 2878 1 10 1 1.0
0 146560 1548 3437 1 1 0 1.0
0 115668 1550 2341 1 1 0 1.0
0 168597 1556 4708 1 1 1 1.0
0 169102 1558 4600 1 50 0 1.0
0 90929 1567 2376 1 10 1 1.0
0 177591 1567 4653 1 1 0 1.0
0 88457 1568 2272 1 10 1 1.0
0 96252 1576 2524 1 1 1 1.0
0 150823 1576 4250 1 1 1 1.0
0 123196 1583 3248 1 1 1 1.0
0 137130 1586 2960 1 1 0 1.0
0 95397 1589 2499 1 1 1 1.0
0 171806 1589 4513 1 1 1 1.0
0 76392 1590 1784 1 1 1 1.0
0 63103 1590 1286 1 50 0 1.0
0 130309 1592 3184 1 1 0 1.0
0 96357 1593 2369 1 1 1 1.0
0 112545 1596 2614 1 10 0 1.0
0 174234 1597 5039 1 50 0 1.0
0 74075 1603 1682 1 1 1 1.0
0 117000 1604 3331 1 1 0 1.0
0 137328 1605 4038 1 1 1 1.0
0 159351 1608 4314 1 1 1 1.0
0 74701 1608 1793 1 1 0 1.0
0 130321 1611 2865 1 10 1 1.0
0 144548 1620 3698 1 1 0 1.0
0 128315 1637 3289 1 10 0 1.0
0 172353 1641 4731 1 1 0 1.0
0 127946 1642 3381 1 1 1 1.0
0 71247 1644 1558 1 1 1 1.0
0 177308 1644 5214 1 10 1 1.0
0 129891 1647 3701 1 1 1 1.0
0 87470 1647 2088 1 1 1 1.0
0 99636 1651 2704 1 10 1 1.0
0 108847 1658 3128 1 1 1 1.0
0 174564 1659 4107 1 1 0 1.0
0 139541 1659 3925 1 1 1 1.0
0 166731 1665 4957 1 10 1 1.0
0 179583 1668 3800 1 1 0 1.0
0 121515 1670 3515 1 1 0 1.0
0 116702 1672 3074 1 10 1 1.0
0 84618 1678 2185 1 1 1 1.0
0 77612 1685 1786 1 1 0 1.0
0 131143 1688 2948 1 10 1 1.0
0 160023 1699 3815 1 50 1 1.0
0 158686 1699 3669 1 1 0 1.0
0 107414 1706 2680 1 1 1 1.0
0 136191 1712 3557 1 10 1 1.0
0 104529 1714 2721 1 10 0 1.0
0 146816 1715 4198 1 1 1 1.0
0 73873 1715 1679 1 1 1 1.0
0 159041 1718 3978 1 1 0 1.0
0 131663 1719 3720 1 1 1 1.0
0 78706 1726 2182 1 10 1 1.0
0 166912 1728 4113 1 10 1 1.0
0 118989 1728 2561 1 1 1 1.0
0 110441 1733 2926 1 1 0 1.0
0 171559 1735 4836 1 10 0 1.0
0 60853 1735 1702 1 10 1 1.0
0 126799 1737 2581 1 50 1 1.0
0 145549 1737 2970 1 10 1 1.0
0 125902 1737 3138 1 1 0 1.0
0 89174 1741 1945 1 1 0 1.0
0 90252 1741 2188 1 1 0 1.0
0 107596 1747 3205 1 50 0 1.0
0 130697 1749 2989 1 1 0 1.0
0 88706 1749 1870 1 1 0 1.0
0 121425 1752 3180 1 10 1 1.0
0 126077 1754 3112 1 10 0 1.0
0 134628 1754 3680 1 10 1 1.0
0 143382 1754 2975 1 1 0 1.0
0 99306 1756 2564 1 50 1 1.0
0 97216 1760 2700 1 1 0 1.0
0 152744 1760 3332 1 1 1 1.0
0 110601 1761 3028 1 1 0 1.0
0 138207 1762 3582 1 1 0 1.0
0 159003 1763 4007 1 10 0 1.0
0 62861 1763 1339 1 1 1 1.0
0 83136 1765 1669 1 1 0 1.0
0 172667 1767 5159 1 1 1 1.0
0 138621 1771 3505 1 1 1 1.0
0 72300 1771 1659 1 1 1 1.0
0 137204 1771 3924 1 10 0 1.0
0 144618 1777 4028 1 1 0 1.0
0 132943 1778 3063 1 1 1 1.0
0 139470 1780 3859 1 1 0 1.0
0 88554 1783 2176 1 10 1 1.0
0 121533 1784 3320 1 1 0 1.0
0 88983 1788 2275 1 1 1 1.0
0 82320 1789 1694 1 1 0 1.0
0 162462 1791 4547 1 1 1 1.0
0 69133 1791 1640 1 50 1 1.0
0 96594 1793 2119 1 10 1 1.0
0 62774 1793 1609 1 10 1 1.0
0 141680 1796 3763 1 1 1 1.0
0 83920 1798 2410 1 10 1 1.0
0 104241 1799 2927 1 10 0 1.0
0 154999 1800 4517 1 10 1 1.0
0 69333 1804 1696 1 1 0 1.0
0 89517 1804 2425 1 10 1 1.0
0 65106 1805 1894 1 1 1 1.0
0 155124 1807 3471 1 1 1 1.0
0 94857 1815 2352 1 10 0 1.0
0 109969 1816 2513 1 10 0 1.0
0 107856 1816 2266 1 1 1 1.0
0 74869 1822 2244 1 1 1 1.0
0 103657 1825 2824 1 1 1 1.0
0 172423 1826 5018 1 1 1 1.0
0 128025 1830 3441 1 1 1 1.0
0 93468 1831 1888 1 1 0 1.0
0 177558 1835 5092 1 10 1 1.0
0 139824 1836 2882 1 10 0 1.0
0 123915 1839 3566 1 10 1 1.0
0 159467 1839 4530 1 1 1 1.0
0 78275 1852 2052 1 1 1 1.0
0 73292 1854 1967 1 1 0 1.0
0 104024 1860 2536 1 1 1 1.0
0 130290 1860 2606 1 1 1 1.0
0 139059 1863 4064 1 50 0 1.0
0 111529 1866 3146 1 10 0 1.0
0 86267 1871 1796 1 10 0 1.0
0 121548 1873 2857 1 10 0 1.0
0 175067 1884 4275 1 1 0 1.0
0 169996 1885 3577 1 10 0 1.0
0 120035 1886 2499 1 10 1 1.0
0 169558 1887 5067 1 1 0 1.0
0 116023 1892 2446 1 1 1 1.0
0 129561 1894 3837 1 50 1 1.0
0 130052 1896 2665 1 1 1 1.0
0 150766 1897 3507 1 1 0 1.0
0 129016 1901 3043 1 10 1 1.0
0 123948 1901 2604 1 1 1 1.0
0 69004 1908 1930 1 50 1 1.0
0 101518 1911 2077 1 50 1 1.0
0 121505 1927 3446 1 1 0 1.0
0 90591 1932 2221 1 10 1 1.0
0 86522 1933 2497 1 1 1 1.0
0 100179 1935 2388 1 1 0 1.0
0 76148 1935 1790 1 10 1 1.0
0 143875 1936 3433 1 10 0 1.0
0 167775 1939 3514 1 1 0 1.0
0 148147 1941 3095 1 1 1 1.0
0 143400 1942 4037 1 10 1 1.0
0 167443 1945 4923 1 10 1 1.0
0 106209 1948 2315 1 1 0 1.0
0 161637 1948 4425 1 10 1 1.0
0 151713 1949 3540 1 1 1 1.0
0 78887 1950 2331 1 10 1 1.0
0 132163 1951 3073 1 1 1 1.0
0 130011 1951 3205 1 10 1 1.0
0 138991 1951 3003 1 1 0 1.0
0 94662 1953 2319 1 50 0 1.0
0 173304 1958 4212 1 10 0 1.0
0 137054 1958 3329 1 10 1 1.0
0 113426 1958 3072 1 1 1 1.0
0 83237 1959 1989 1 50 0 1.0
0 89700 1959 2559 1 1 0 1.0
0 163641 1959 4900 1 10 0 1.0
0 127464 1959 2718 1 1 1 1.0
0 179868 1959 4381 1 1 1 1.0
0 177996 1960 3867 1 1 1 1.0
0 93568 1962 2342 1 10 1 1.0
0 138243 1963 3930 1 1 0 1.0
0 153534 1967 4311 1 50 1 1.0
0 102123 1967 2290 1 1 0 1.0
0 141670 1968 4220 1 1 0 1.0
0 154779 1981 3492 1 10 1 1.0
0 109665 1983 2445 1 1 1 1.0
0 167106 1983 3514 1 1 1 1.0
0 130133 1988 3125 1 10 1 1.0
0 116096 1990 2489 1 1 0 1.0
0 117452 1994 3134 1 1 0 1.0
0 62905 1995 1662 1 1 1 1.0
0 102521 1996 2320 1 1 1 1.0
0 146701 1999 4274 1 1 0 1.0
0 113630 2000 2652 1 1 1 1.0
0 63567 2001 1854 1 10 1 1.0
0 157850 2006 4401 1 50 0 1.0
0 105648 2008 2659 1 10 1 1.0
0 173908 2010 4040 1 50 0 1.0
0 89063 2012 2224 1 50 0 1.0
0 178730 2013 3846 1 1 0 1.0
0 171258 2014 4355 1 1 1 1.0
0 144001 2014 3669 1 50 1 1.0
0 177192 2019 3677 1 10 0 1.0
0 140120 2019 3734 1 1 0 1.0
0 111134 2021 3294 1 50 0 1.0
0 83773 2024 1947 1 50 0 1.0
0 138837 2026 4023 1 1 1 1.0
0 125581 2033 2550 1 1 0 1.0
0 64425 2033 1342 1 1 0 1.0
0 169817 2037 4930 1 1 0 1.0
0 118365 2042 3312 1 1 1 1.0
0 120106 2045 2972 1 10 0 1.0
0 97864 2047 2070 1 1 1 1.0
0 94647 2056 1918 1 10 1 1.0
0 123149 2056 2822 1 1 0 1.0
0 69500 2066 1638 1 1 1 1.0
0 88220 2066 2577 1 1 1 1.0
0 75890 2066 1660 1 10 1 1.0
0 152420 2067 3475 1 1 1 1.0
0 132990 2072 2676 1 1 0 1.0
0 164871 2072 3803 1 1 1 1.0
0 156962 2072 4103 1 1 0 1.0
0 92262 2074 2606 1 1 0 1.0
0 83804 2076 1736 1 1 1 1.0
0 154714 2077 3185 1 10 1 1.0
0 135498 2078 3741 1 1 1 1.0
0 175194 2088 4108 1 10 1 1.0
0 172963 2088 4713 1 50 1 1.0
0 81864 2090 2183 1 1 1 1.0
0 84293 2098 1776 1 50 1 1.0
0 112906 2101 3007 1 50 1 1.0
0 92356 2105 2681 1 1 1 1.0
0 119437 2105 2522 1 10 0 1.0
0 124708 2105 3112 1 1 0 1.0
0 152324 2108 3239 1 1 0 1.0
0 84478 2109 2284 1 1 1 1.0
0 95059 2109 2095 1 10 0 1.0
0 168238 2111 3584 1 1 0 1.0
0 141902 2120 3931 1 1 0 1.0
0 113381 2122 2947 1 1 0 1.0
0 105521 2125 2848 1 1 1 1.0
0 60353 2128 1519 1 50 0 1.0
0 152660 2130 4528 1 10 1 1.0
0 80744 2134 1944 1 1 0 1.0
0 162178 2135 4192 1 10 1 1.0
0 73603 2139 1732 1 1 1 1.0
0 179528 2139 4956 1 1 0 1.0
0 140456 2142 3171 1 10 1 1.0
0 172506 2143 5036 1 1 0 1.0
0 71411 2144 1488 1 10 1 1.0
0 147088 2148 3826 1 1 0 1.0
0 143576 2149 3693 1 10 1 1.0
0 64649 2149 1407 1 50 0 1.0
0 60490 2150 1545 1 10 1 1.0
0 165926 2151 4902 1 10 1 1.0
0 74893 2155 1573 1 50 0 1.0
0 75140 2158 2142 1 50 1 1.0
0 169619 2161 3532 1 1 1 1.0
0 69385 2162 1714 1 1 0 1.0
0 145129 2164 3356 1 1 1 1.0
0 143010 2165 3307 1 1 1 1.0
0 127616 2167 3658 1 10 0 1.0
0 132001 2168 2917 1 1 0 1.0
0 143328 2170 4093 1 1 0 1.0
0 96166 2171 2672 1 10 0 1.0
0 107932 2171 2537 1 10 1 1.0
0 105827 2174 2439 1 10 1 1.0
0 165791 2175 3547 1 1 1 1.0
0 71723 2181 1586 1 50 0 1.0
0 104257 2187 2582 1 1 1 1.0
0 75666 2189 1665 1 1 0 1.0
0 61829 2192 1320 1 10 1 1.0
0 141176 2194 2944 1 1 0 1.0
0 126601 2194 3142 1 1 0 1.0
0 63814 2194 1883 1 10 1 1.0
0 92949 2196 2706 1 1 1 1.0
0 166981 2197 4610 1 1 1 1.0
0 96444 2199 2031 1 10 0 1.0
0 101383 2202 2748 1 1 1 1.0
0 147664 2205 3314 1 1 0 1.0
0 173569 2205 4802 1 1 1 1.0
0 84947 2213 2378 1 50 1 1.0
0 77503 2213 1857 1 1 1 1.0
0 136521 2216 3319 1 1 0 1.0
0 66211 2218 1478 1 1 1 1.0
0 127207 2218 2895 1 1 0 1.0
0 116831 2218 2661 1 1 0 1.0
0 92313 2219 1909 1 10 1 1.0
0 162208 2221 4715 1 1 0 1.0
0 126017 2222 2624 1 1 0 1.0
0 107272 2224 2169 1 10 0 1.0
0 100836 2232 2289 1 10 0 1.0
0 67214 2246 1867 1 1 0 1.0
0 136171 2247 3002 1 1 0 1.0
0 149912 2248 3179 1 10 0 1.0
0 88719 2248 2543 1 1 1 1.0
0 84868 2252 2504 1 1 1 1.0
0 66972 2254 1342 1 1 1 1.0
0 104369 2255 2135 1 10 1 1.0
0 74930 2257 1972 1 10 0 1.0
0 82461 2258 1840 1 1 0 1.0
0 105305 2266 3110 1 1 0 1.0
0 113812 2268 2798 1 50 0 1.0
0 94468 2269 2746 1 10 1 1.0
0 119711 2274 3502 1 1 1 1.0
0 86997 2278 2414 1 1 1 1.0
0 120803 2280 2951 1 1 0 1.0
0 170571 2281 4077 1 10 0 1.0
0 162203 2283 3274 1 1 0 1.0
0 122113 2285 2554 1 1 0 1.0
0 131896 2286 3636 1 1 1 1.0
0 147008 2288 3167 1 1 0 1.0
0 177986 2289 4778 1 1 1 1.0
0 136189 2291 3063 1 10 1 1.0
0 119675 2294 2507 1 10 1 1.0
0 94948 2300 2196 1 1 1 1.0
0 113190 2302 3078 1 1 0 1.0
0 178096 2309 5117 1 1 1 1.0
0 97390 2312 2301 1 10 1 1.0
0 167536 2312 4858 1 1 1 1.0
0 134743 2314 3058 1 10 1 1.0
0 138007 2318 3166 1 10 0 1.0
0 141918 2319 3533 1 10 0 1.0
0 85934 2323 2213 1 1 1 1.0
0 172041 2325 4693 1 50 0 1.0
0 174492 2331 4873 1 10 1 1.0
0 110584 2333 2912 1 10 0 1.0
0 100077 2334 2971 1 10 0 1.0
0 142599 2335 3801 1 10 1 1.0
0 81928 2335 2196 1 10 1 1.0
0 99970 2335 2500 1 1 0 1.0
0 102225 2336 2517 1 10 0 1.0
0 149723 2339 3417 1 50 1 1.0
0 61833 2340 1434 1 1 1 1.0
0 63746 2342 1447 1 1 1 1.0
0 96939 2343 2489 1 50 1 1.0
0 105606 2345 2205 1 1 1 1.0
0 160771 2350 3302 1 1 0 1.0
0 145773 2351 3228 1 50 1 1.0
0 153165 2352 3277 1 10 1 1.0
0 160561 2355 3465 1 1 1 1.0
0 120561 2360 2444 1 50 1 1.0
0 114043 2363 2337 1 50 0 1.0
0 152884 2368 4293 1 1 1 1.0
0 78670 2368 1582 1 10 0 1.0
0 92841 2369 2108 1 1 0 1.0
0 82265 2371 2460 1 1 0 1.0
0 161989 2372 4679 1 1 1 1.0
0 162296 2373 3416 1 1 1 1.0
0 100814 2376 2894 1 1 1 1.0
0 142723 2381 3748 1 1 1 1.0
0 179577 2383 4813 1 10 0 1.0
0 142161 2387 4231 1 50 0 1.0
0 117000 2388 3248 1 1 0 1.0
0 66985 2389 1447 1 10 0 1.0
0 149214 2391 4088 1 10 1 1.0
0 146152 2392 4273 1 50 0 1.0
0 137232 2393 3617 1 1 1 1.0
0 83612 2396 2061 1 10 1 1.0
0 69033 2397 1912 1 10 0 1.0
0 126458 2398 3177 1 10 1 1.0
0 88437 2402 2288 1 1 0 1.0
0 141904 2405 3945 1 10 0 1.0
0 111834 2405 2849 1 1 1 1.0
0 110419 2408 2996 1 50 0 1.0
0 93266 2409 2340 1 1 1 1.0
0 110757 2410 3169 1 1 1 1.0
0 71964 2411 1660 1 10 0 1.0
0 102535 2412 2189 1 10 1 1.0
0 89387 2413 2488 1 1 0 1.0
0 102960 2413 2554 1 10 1 1.0
0 140979 2416 3597 1 10 0 1.0
0 78743 2417 2017 1 1 1 1.0
0 167349 2417 4382 1 1 0 1.0
0 108196 2419 3112 1 10 1 1.0
0 76977 2420 1830 1 1 1 1.0
0 149854 2425 4488 1 1 1 1.0
0 87269 2425 2474 1 10 1 1.0
0 93337 2427 2362 1 10 0 1.0
0 135198 2428 2992 1 10 0 1.0
0 129852 2435 3492 1 1 1 1.0
0 177782 2435 5234 1 10 1 1.0
0 124666 2435 2628 1 1 1 1.0
0 101528 2437 2209 1 1 0 1.0
0 169632 2437 4071 1 1 1 1.0
0 97026 2440 2406 1 1 0 1.0
0 74773 2440 1735 1 10 0 1.0
0 88496 2441 2584 1 1 1 1.0
0 118771 2441 2690 1 1 0 1.0
0 96072 2441 2221 1 50 0 1.0
0 149011 2443 4292 1 1 0 1.0
0 167563 2444 4655 1 1 0 1.0
0 121566 2448 3640 1 1 1 1.0
0 91929 2449 2228 1 10 1 1.0
0 151167 2455 3774 1 1 1 1.0
0 80290 2455 1643 1 10 0 1.0
0 83003 2461 2274 1 50 0 1.0
0 88747 2465 2502 1 1 1 1.0
0 86386 2469 1972 1 10 1 1.0
0 113486 2469 2691 1 10 1 1.0
0 75912 2470 1800 1 1 0 1.0
0 71501 2470 1804 1 1 0 1.0
0 75246 2470 1652 1 50 0 1.0
0 106276 2470 2897 1 50 1 1.0
0 172028 2471 3840 1 1 0 1.0
0 158662 2472 3408 1 10 0 1.0
0 117165 2476 3228 1 1 0 1.0
0 144056 2476 4274 1 10 0 1.0
0 76813 2479 1685 1 1 1 1.0
0 79589 2479 2069 1 1 0 1.0
0 81817 2483 2031 1 1 0 1.0
0 80142 2484 1950 1 1 1 1.0
0 75687 2484 2110 1 10 1 1.0
0 169269 2485 4864 1 10 1 1.0
0 60507 2487 1237 1 1 0 1.0
0 64695 2487 1520 1 10 1 1.0
0 162131 2488 3613 1 1 0 1.0
0 148515 2491 3315 1 1 0 1.0
0 142390 2491 3628 1 1 0 1.0
0 173565 2493 4673 1 10 0 1.0
0 151257 2494 4205 1 1 1 1.0
0 163976 2496 3971 1 1 1 1.0
0 86479 2501 2307 1 1 0 1.0
0 79045 2502 2151 1 10 1 1.0
0 87612 2502 2278 1 1 1 1.0
0 76900 2504 1565 1 10 1 1.0
0 82608 2511 2365 1 1 0 1.0
0 74247 2512 1603 1 10 1 1.0
0 81759 2512 1849 1 1 0 1.0
0 160176 2513 4015 1 1 1 1.0
0 127118 2513 2597 1 1 1 1.0
0 119826 2515 2832 1 1 0 1.0
0 88313 2518 2544 1 10 1 1.0
0 81073 2519 2285 1 1 1 1.0
0 114592 2524 2303 1 1 0 1.0
0 103825 2526 2646 1 1 1 1.0
0 117256 2527 2984 1 50 1 1.0
0 86155 2527 2124 1 50 0 1.0
0 95003 2528 2007 1 1 0 1.0
0 167633 2529 3575 1 50 1 1.0
0 66715 2536 1469 1 10 1 1.0
0 152802 2539 3720 1 1 0 1.0
0 61752 2540 1603 1 10 1 1.0
0 173412 2541 4936 1 50 1 1.0
0 122392 2550 3608 1 1 0 1.0
0 67672 2555 1763 1 1 1 1.0
0 96607 2555 2522 1 1 1 1.0
0 116136 2555 2897 1 1 1 1.0
0 90177 2556 1804 1 10 1 1.0
0 172018 2558 4284 1 1 1 1.0
0 72610 2560 1854 1 1 1 1.0
0 60995 2560 1794 1 1 1 1.0
0 102120 2568 2160 1 1 1 1.0
0 116592 2571 2365 1 10 0 1.0
0 86703 2572 2230 1 50 1 1.0
0 103628 2575 2926 1 50 1 1.0
0 102002 2582 2629 1 1 1 1.0
0 154258 2582 3329 1 1 1 1.0
0 155671 2585 3894 1 1 0 1.0
0 164892 2586 4586 1 1 0 1.0
0 90380 2589 1892 1 10 0 1.0
0 128573 2590 3494 1 10 1 1.0
0 133152 2592 3593 1 1 1 1.0
0 135072 2595 2748 1 10 0 1.0
0 139487 2599 3357 1 1 0 1.0
0 73414 2603 1967 1 1 0 1.0
0 65614 2605 1329 1 10 0 1.0
0 133726 2611 3894 1 1 0 1.0
0 108682 2613 3191 1 50 0 1.0
0 66599 2616 1678 1 1 0 1.0
0 77217 2622 2236 1 1 1 1.0
0 140241 2625 3590 1 1 1 1.0
0 94465 2626 2081 1 10 1 1.0
0 134069 2629 3040 1 1 0 1.0
0 68783 2638 1533 1 10 1 1.0
0 119883 2649 3219 1 1 1 1.0
0 94473 2650 2467 1 1 0 1.0
0 99337 2651 2143 1 1 1 1.0
0 68474 2652 1507 1 1 1 1.0
0 98945 2654 2159 1 1 1 1.0
0 71002 2657 1905 1 50 0 1.0
0 108148 2661 2969 1 1 1 1.0
0 66129 2662 1913 1 10 1 1.0
0 77607 2663 1777 1 1 0 1.0
0 64712 2671 1466 1 10 0 1.0
0 103536 2676 2930 1 1 0 1.0
0 79585 2676 1834 1 10 1 1.0
0 152494 2677 3289 1 1 1 1.0
0 154678 2679 3363 1 1 1 1.0
0 143311 2689 3995 1 1 0 1.0
0 68194 2691 1684 1 1 0 1.0
0 149286 2693 3839 1 10 0 1.0
0 105385 2695 2146 1 1 1 1.0
0 88381 2695 2505 1 1 1 1.0
0 77882 2697 1599 1 10 0 1.0
0 171415 2697 4401 1 1 1 1.0
0 175213 2698 4640 1 10 0 1.0
0 75624 2698 2007 1 1 0 1.0
0 147398 2700 4158 1 1 1 1.0
0 69617 2700 1543 1 1 1 1.0
0 157676 2701 3975 1 50 0 1.0
0 172012 2707 4407 1 1 1 1.0
0 179687 2709 4074 1 50 0 1.0
0 170506 2711 4111 1 1 1 1.0
0 120550 2712 3390 1 10 1 1.0
0 66910 2719 1596 1 10 1 1.0
0 61599 2721 1386 1 50 0 1.0
0 172041 2727 4869 1 50 1 1.0
0 98204 2728 2505 1 1 1 1.0
0 166243 2731 4332 1 50 1 1.0
0 115368 2731 3152 1 1 1 1.0
0 164068 2733 4385 1 1 0 1.0
0 94626 2739 2462 1 10 0 1.0
0 88364 2741 1925 1 10 1 1.0
0 171843 2742 4921 1 1 0 1.0
0 97585 2744 2729 1 50 0 1.0
0 92918 2751 2470 1 50 1 1.0
0 135959 2752 3722 1 1 0 1.0
0 122829 2752 2530 1 1 1 1.0
0 139203 2752 4086 1 1 1 1.0
0 175079 2757 3682 1 1 0 1.0
0 177418 2759 3853 1 1 1 1.0
0 73387 2762 1680 1 1 1 1.0
0 160724 2768 3601 1 1 0 1.0
0 153000 2777 4225 1 10 0 1.0
0 121322 2778 2816 1 10 1 1.0
0 175223 2779 4790 1 10 1 1.0
0 166150 2786 3695 1 1 0 1.0
0 70000 2786 2095 1 1 1 1.0
0 105377 2786 2669 1 1 0 1.0
0 166870 2792 4245 1 1 1 1.0
0 160502 2793 3436 1 1 0 1.0
0 127043 2800 3057 1 1 0 1.0
0 149162 2803 3334 1 50 0 1.0
0 174847 2805 5063 1 10 1 1.0
0 171798 2808 3535 1 10 1 1.0
0 73188 2810 1549 1 1 1 1.0
0 125859 2812 2937 1 1 1 1.0
0 63119 2816 1570 1 10 0 1.0
0 153356 2818 3674 1 10 1 1.0
0 177068 2824 4334 1 1 1 1.0
0 67551 2824 1356 1 50 0 1.0
0 146548 2825 3084 1 1 1 1.0
0 65723 2825 1666 1 10 0 1.0
0 83238 2825 2353 1 1 1 1.0
0 147522 2825 3187 1 10 0 1.0
0 95590 2828 2283 1 50 0 1.0
0 168991 2829 4732 1 1 0 1.0
0 154256 2831 4041 1 1 0 1.0
0 116803 2833 3139 1 10 0 1.0
0 78728 2835 2106 1 50 0 1.0
0 66334 2838 1711 1 10 1 1.0
0 62636 2839 1685 1 10 0 1.0
0 111348 2852 3064 1 1 0 1.0
0 85675 2853 1974 1 50 0 1.0
0 74095 2853 1736 1 10 1 1.0
0 134921 2854 3028 1 1 1 1.0
0 66917 2855 1510 1 1 0 1.0
0 84121 2862 1860 1 1 0 1.0
0 72180 2863 1692 1 1 1 1.0
0 65467 2866 1452 1 10 0 1.0
0 141641 2870 4111 1 1 1 1.0
0 90742 2870 1818 1 1 1 1.0
0 178519 2871 4173 1 10 0 1.0
0 124990 2873 3374 1 1 0 1.0
0 112171 2877 2822 1 10 1 1.0
0 71764 2881 1520 1 1 1 1.0
0 73652 2882 1605 1 1 1 1.0
0 123938 2883 3460 1 10 0 1.0
0 62844 2890 1652 1 1 0 1.0
0 151137 2895 3362 1 1 1 1.0
0 131324 2896 3449 1 1 1 1.0
0 171279 2897 4552 1 1 0 1.0
0 99486 2900 2674 1 10 0 1.0
0 155081 2906 3391 1 10 1 1.0
0 92770 2908 1866 1 1 0 1.0
0 124741 2910 2968 1 1 1 1.0
0 150567 2910 3962 1 10 1 1.0
0 112316 2913 2922 1 1 1 1.0
0 158979 2914 3481 1 1 0 1.0
0 91852 2921 2647 1 10 1 1.0
0 162440 2926 4677 1 10 1 1.0
0 138353 2936 2967 1 50 1 1.0
0 75534 2937 1643 1 10 0 1.0
0 136087 2938 4038 1 10 0 1.0
0 178199 2939 4448 1 50 0 1.0
0 105754 2939 2913 1 1 1 1.0
0 138673 2941 3941 1 1 0 1.0
0 75915 2942 2146 1 10 1 1.0
0 123457 2942 2489 1 1 1 1.0
0 176151 2943 3553 1 10 1 1.0
0 134469 2948 3863 1 1 0 1.0
0 61808 2961 1655 1 1 1 1.0
0 60827 2962 1517 1 1 1 1.0
0 172505 2964 4750 1 1 1 1.0
0 126638 2969 3317 1 10 0 1.0
0 78138 2970 1989 1 10 1 1.0
0 79349 2970 2225 1 1 0 1.0
0 136531 2971 3131 1 10 0 1.0
0 148380 2971 4316 1 1 0 1.0
0 141983 2971 3623 1 1 1 1.0
0 139932 2974 3621 1 10 0 1.0
0 83691 2978 2096 1 1 0 1.0
0 146040 2979 2934 1 1 1 1.0
0 137376 2980 4004 1 1 0 1.0
0 127919 2982 3338 1 50 1 1.0
0 135843 2986 2828 1 10 0 1.0
0 76771 2987 1861 1 1 0 1.0
0 77504 2994 1923 1 1 0 1.0
0 173529 2999 3713 1 10 1 1.0
0 86848 3000 2282 1 1 0 1.0
0 124512 3005 3194 1 50 1 1.0
0 129880 3005 3135 1 1 0 1.0
0 99672 3006 2241 1 1 1 1.0
0 93440 3009 2482 1 10 1 1.0
0 69789 3017 1418 1 1 1 1.0
0 165297 3017 3723 1 1 0 1.0
0 166528 3019 3717 1 50 0 1.0
0 154862 3019 3547 1 1 1 1.0
0 168216 3022 4451 1 1 1 1.0
0 66521 3027 1354 1 1 1 1.0
0 103186 3028 2932 1 1 1 1.0
0 117675 3031 3115 1 10 1 1.0
0 156747 3032 3994 1 50 1 1.0
0 113756 3035 3039 1 1 1 1.0
0 148103 3036 4050 1 1 0 1.0
0 81008 3038 2400 1 10 1 1.0
0 75954 3039 1588 1 1 0 1.0
0 134348 3042 3730 1 1 0 1.0
0 102223 3046 2080 1 50 1 1.0
0 76087 3050 2202 1 10 0 1.0
0 71506 3051 1476 1 1 0 1.0
0 79803 3052 1725 1 1 0 1.0
0 156047 3052 3487 1 50 1 1.0
0 163551 3054 4264 1 10 1 1.0
0 105427 3055 2806 1 10 1 1.0
0 83215 3059 2213 1 1 0 1.0
0 123855 3066 3685 1 1 1 1.0
0 170793 3066 5004 1 10 1 1.0
0 165722 3068 3903 1 10 1 1.0
0 113800 3076 2976 1 50 0 1.0
0 160912 3076 3820 1 10 1 1.0
0 106145 3083 2720 1 10 1 1.0
0 138911 3087 3527 1 1 1 1.0
0 124801 3088 3201 1 1 0 1.0
0 82867 3089 2347 1 1 1 1.0
0 100937 3090 2520 1 10 0 1.0
0 157290 3093 3951 1 50 0 1.0
0 147123 3093 4246 1 50 1 1.0
0 126672 3094 2834 1 1 0 1.0
0 106123 3096 2761 1 50 1 1.0
0 129544 3096 2676 1 10 1 1.0
0 103923 3099 2572 1 1 1 1.0
0 158415 3102 4680 1 1 1 1.0
0 72587 3104 2109 1 10 1 1.0
0 161227 3105 4163 1 1 0 1.0
0 97972 3110 2115 1 1 1 1.0
0 131772 3114 3266 1 1 0 1.0
0 67000 3114 1655 1 1 1 1.0
0 75931 3115 1524 1 1 0 1.0
0 107305 3116 3087 1 1 1 1.0
0 68224 3123 1369 1 10 0 1.0
0 65921 3124 1939 1 10 0 1.0
0 169920 3125 3796 1 1 1 1.0
0 146896 3126 3864 1 1 0 1.0
0 174418 3129 4237 1 10 0 1.0
0 111828 3133 2824 1 1 0 1.0
0 168117 3136 4322 1 1 0 1.0
0 101838 3136 2632 1 1 0 1.0
0 90195 3139 2704 1 1 1 1.0
0 155963 3141 3563 1 10 0 1.0
0 168799 3141 4466 1 1 1 1.0
0 81009 3142 2236 1 10 0 1.0
0 104700 3142 2462 1 1 1 1.0
0 145202 3145 4238 1 1 0 1.0
0 62458 3148 1793 1 10 1 1.0
0 123642 3149 3115 1 1 1 1.0
0 154335 3149 4126 1 10 1 1.0
0 75795 3151 1693 1 50 0 1.0
0 141426 3157 3904 1 1 0 1.0
0 158971 3161 3782 1 1 1 1.0
0 157564 3163 3614 1 1 1 1.0
0 147959 3164 3699 1 1 1 1.0
0 96200 3169 1995 1 1 0 1.0
0 172398 3170 4762 1 1 0 1.0
0 155020 3170 3437 1 1 1 1.0
0 89842 3175 1891 1 10 0 1.0
0 179153 3176 4489 1 1 0 1.0
0 62282 3177 1379 1 1 1 1.0
0 160270 3185 4801 1 10 1 1.0
0 160449 3191 4252 1 10 1 1.0
0 116432 3192 3041 1 1 0 1.0
0 132176 3193 3092 1 1 0 1.0
0 140721 3197 2902 1 1 0 1.0
0 142642 3197 3233 1 1 0 1.0
0 144778 3199 2897 1 50 1 1.0
0 95582 3200 2617 1 10 1 1.0
0 174412 3200 4488 1 1 1 1.0
0 68688 3200 1900 1 1 0 1.0
0 158843 3201 3432 1 10 0 1.0
0 163611 3205 3636 1 10 1 1.0
0 174141 3209 4762 1 10 1 1.0
0 173907 3211 4411 1 1 0 1.0
0 151764 3212 3209 1 50 1 1.0
0 150378 3212 3383 1 10 0 1.0
0 110328 3215 2532 1 1 1 1.0
0 73834 3215 2096 1 1 0 1.0
0 118855 3217 2495 1 50 1 1.0
0 91631 3217 1896 1 1 1 1.0
0 94100 3220 2222 1 10 1 1.0
0 134922 3223 3580 1 1 0 1.0
0 113652 3223 2721 1 10 1 1.0
0 105228 3228 2960 1 10 1 1.0
0 123609 3237 2885 1 10 0 1.0
0 63321 3239 1711 1 1 1 1.0
0 65456 3243 1338 1 1 1 1.0
0 97235 3244 2592 1 50 0 1.0
0 138433 3244 2957 1 10 1 1.0
0 90078 3251 2588 1 10 0 1.0
0 172069 3252 4740 1 1 1 1.0
0 148370 3255 3099 1 10 1 1.0
0 152959 3257 3519 1 50 0 1.0
0 125587 3257 3650 1 50 0 1.0
0 152371 3258 3064 1 1 0 1.0
0 89626 3258 2014 1 50 0 1.0
0 88349 3261 1793 1 10 1 1.0
0 77880 3264 2276 1 1 1 1.0
0 103076 3265 2495 1 10 1 1.0
0 61759 3265 1503 1 10 1 1.0
0 115303 3265 2374 1 1 1 1.0
0 121580 3268 2524 1 1 1 1.0
0 108553 3268 2891 1 1 0 1.0
0 166524 3273 4305 1 50 0 1.0
0 169295 3275 3403 1 1 0 1.0
0 123815 3275 2981 1 1 1 1.0
0 100809 3278 2741 1 1 1 1.0
0 154050 3291 3390 1 1 1 1.0
0 65546 3294 1934 1 10 0 1.0
0 67301 3295 1680 1 1 1 1.0
0 145033 3298 3865 1 10 0 1.0
0 146947 3300 3132 1 10 0 1.0
0 146899 3302 4373 1 1 1 1.0
0 164611 3303 4813 1 10 0 1.0
0 68895 3303 1811 1 1 1 1.0
0 85548 3304 2261 1 10 1 1.0
0 74472 3313 2193 1 1 1 1.0
0 137401 3314 2979 1 1 1 1.0
0 153771 3315 3706 1 1 0 1.0
0 107027 3317 2717 1 50 1 1.0
0 104629 3320 2668 1 10 0 1.0
0 176451 3321 5219 1 1 0 1.0
0 127615 3322 3287 1 10 0 1.0
0 68063 3324 1949 1 1 0 1.0
0 86388 3325 1999 1 1 1 1.0
0 74937 3329 1967 1 1 0 1.0
0 176734 3332 4779 1 10 0 1.0
0 163566 3335 4469 1 50 0 1.0
0 124440 3337 2875 1 1 0 1.0
0 72612 3338 1965 1 10 1 1.0
0 167273 3341 4137 1 1 0 1.0
0 61309 3342 1259 1 1 0 1.0
0 135949 3345 3463 1 50 1 1.0
0 161763 3349 3243 1 10 1 1.0
0 168392 3350 4050 1 1 0 1.0
0 172154 3354 4336 1 10 0 1.0
0 69190 3358 1845 1 1 1 1.0
0 128161 3359 2796 1 1 1 1.0
0 151430 3360 4136 1 10 1 1.0
0 155688 3361 4082 1 1 0 1.0
0 149982 3362 3519 1 1 0 1.0
0 88728 3365 2197 1 1 0 1.0
0 60463 3368 1648 1 10 1 1.0
0 126943 3368 2782 1 1 1 1.0
0 147106 3370 2959 1 1 0 1.0
0 163306 3376 4314 1 1 1 1.0
0 163330 3383 4425 1 1 0 1.0
0 178121 3384 5325 1 10 1 1.0
0 154663 3389 4372 1 10 1 1.0
0 178427 3390 4646 1 1 0 1.0
0 72064 3391 2099 1 1 0 1.0
0 66840 3393 1726 1 10 1 1.0
0 164475 3407 3384 1 1 1 1.0
0 175008 3410 3731 1 1 1 1.0
0 79006 3411 1883 1 1 0 1.0
0 115358 3411 2744 1 10 1 1.0
0 64003 3417 1541 1 1 0 1.0
0 149099 3417 4385 1 10 0 1.0
0 124641 3419 3698 1 1 0 1.0
0 133359 3420 3240 1 1 1 1.0
0 111384 3425 2459 1 10 0 1.0
0 123691 3425 3268 1 10 0 1.0
0 134430 3427 3941 1 10 1 1.0
0 149497 3427 3367 1 1 1 1.0
0 97026 3427 2066 1 50 1 1.0
0 143683 3428 4097 1 10 0 1.0
0 153419 3429 3360 1 1 0 1.0
0 143377 3429 3750 1 1 1 1.0
0 172373 3430 3925 1 1 0 1.0
0 89669 3431 2131 1 1 0 1.0
0 106263 3433 3123 1 10 0 1.0
0 136438 3433 3212 1 10 1 1.0
0 139455 3436 2862 1 1 0 1.0
0 146351 3438 3740 1 1 1 1.0
0 150645 3438 3761 1 1 0 1.0
0 66190 3440 1742 1 1 0 1.0
0 86662 3441 2357 1 10 1 1.0
0 171439 3443 3740 1 10 1 1.0
0 102004 3445 2654 1 1 1 1.0
0 63691 3446 1577 1 10 1 1.0
0 134435 3447 3870 1 10 1 1.0
0 120658 3453 2960 1 1 0 1.0
0 115955 3457 3208 1 1 1 1.0
0 111478 3459 2642 1 1 0 1.0
0 164850 3460 4056 1 1 1 1.0
0 112166 3464 2656 1 1 0 1.0
0 73146 3465 1867 1 10 0 1.0
0 164506 3472 4826 1 1 1 1.0
0 76542 3477 1608 1 10 1 1.0
0 63485 3477 1305 1 1 0 1.0
0 65313 3477 1547 1 1 1 1.0
0 95353 3481 2632 1 10 0 1.0
0 60781 3483 1220 1 10 0 1.0
0 76434 3483 1797 1 10 0 1.0
0 115118 3484 2505 1 1 0 1.0
0 144934 3490 3570 1 10 0 1.0
0 85820 3492 2555 1 1 0 1.0
0 157587 3498 4058 1 1 0 1.0
0 174086 3501 5021 1 1 0 1.0
0 115969 3504 3434 1 10 0 1.0
0 113066 3505 3274 1 1 1 1.0
0 81384 3505 2110 1 1 1 1.0
0 129649 3509 3698 1 1 1 1.0
0 139501 3513 3571 1 10 0 1.0
0 108281 3516 3107 1 1 1 1.0
0 175529 3519 3813 1 1 1 1.0
0 108593 3519 2377 1 10 1 1.0
0 162009 3520 4004 1 1 0 1.0
0 114731 3525 2970 1 1 0 1.0
0 151298 3526 3350 1 1 1 1.0
0 86698 3526 2096 1 1 0 1.0
0 177703 3530 4164 1 10 0 1.0
0 142334 3531 2946 1 1 1 1.0
0 62062 3536 1518 1 1 1 1.0
0 86664 3537 2529 1 10 0 1.0
0 111320 3541 2788 1 1 1 1.0
0 114258 3542 3253 1 1 1 1.0
0 146802 3543 4171 1 1 1 1.0
0 127160 3545 2933 1 10 0 1.0
0 63846 3546 1816 1 1 0 1.0
0 84563 3547 2524 1 1 1 1.0
0 99806 3552 2192 1 10 0 1.0
0 179899 3554 5153 1 1 1 1.0
0 83846 3554 2247 1 1 0 1.0
0 147089 3555 4238 1 1 0 1.0
0 147498 3556 3790 1 1 0 1.0
0 179811 3558 4135 1 10 0 1.0
0 155564 3560 3569 1 1 0 1.0
0 115207 3561 2844 1 1 0 1.0
0 65929 3561 1811 1 1 1 1.0
0 151613 3563 3846 1 1 0 1.0
0 168453 3572 3976 1 1 1 1.0
0 62523 3573 1307 1 10 0 1.0
0 140591 3575 2997 1 10 1 1.0
0 124113 3576 3126 1 10 0 1.0
0 124656 3577 3010 1 1 1 1.0
0 88093 3579 2090 1 1 1 1.0
0 63946 3584 1530 1 1 0 1.0
0 163056 3585 4869 1 1 1 1.0
0 159129 3586 4677 1 10 0 1.0
0 60620 3588 1529 1 50 1 1.0
0 101893 3588 2891 1 10 0 1.0
0 151167 3591 3835 1 10 0 1.0
0 92147 3592 2337 1 50 0 1.0
