1500
1 64861 9 1389 1 1 1 0.8
1 174736 9 5144 1 1 1 0.8
1 91501 9 2507 1 1 1 0.8
1 80225 10 2370 1 1 0 0.8
1 81412 13 2047 1 1 0 0.8
1 65522 15 1812 1 1 1 0.8
1 82982 17 2464 1 1 0 0.8
1 89811 17 2496 1 1 1 0.8
1 102256 20 3037 1 10 1 0.8
1 99620 23 2525 1 10 0 0.8
1 174365 25 3602 1 1 0 0.8
1 157624 29 3620 1 1 1 0.8
1 135049 31 3867 1 10 0 0.8
1 139022 32 3766 1 1 1 0.8
1 103602 36 2172 1 1 0 0.8
1 65969 42 1819 1 10 0 0.8
1 145600 44 3726 1 1 1 0.8
1 79259 45 2109 1 1 1 0.8
1 62620 46 1510 1 10 0 0.8
1 150545 48 4310 1 1 1 0.8
1 130851 51 3686 1 1 0 0.8
1 99662 54 2861 1 10 1 0.8
1 129763 54 3129 1 10 0 0.8
1 109330 55 2555 1 1 1 0.8
1 87623 58 1935 1 50 0 0.8
1 151272 60 3975 1 10 1 0.8
1 163620 60 4317 1 10 1 0.8
1 102890 60 2220 1 1 1 0.8
1 87168 62 1899 1 10 0 0.8
1 94331 64 2051 1 1 0 0.8
1 159498 66 3503 1 50 1 0.8
1 175916 69 3583 1 1 0 0.8
1 86691 71 2213 1 50 0 0.8
1 136296 71 3269 1 1 1 0.8
1 105443 73 2755 1 1 1 0.8
1 143830 75 3453 1 10 1 0.8
1 162744 78 4825 1 50 0 0.8
1 142545 80 3677 1 1 1 0.8
1 174197 82 3753 1 10 1 0.8
1 153520 82 3514 1 1 1 0.8
1 126050 84 3400 1 10 1 0.8
1 165570 85 4886 1 1 0 0.8
1 78682 87 2194 1 50 0 0.8
1 75891 87 1965 1 1 1 0.8
1 154715 90 3500 1 1 0 0.8
1 155204 90 3636 1 1 0 0.8
1 99006 100 2645 1 50 0 0.8
1 149083 100 3775 1 1 1 0.8
1 159371 103 3843 1 1 0 0.8
1 65274 105 1470 1 10 1 0.8
1 154405 105 4304 1 10 1 0.8
1 143177 108 3755 1 1 0 0.8
1 94969 110 2326 1 1 0 0.8
1 62469 111 1674 1 1 0 0.8
1 136979 111 3127 1 1 0 0.8
1 176140 114 5227 1 10 1 0.8
1 90065 116 2414 1 10 1 0.8
1 96205 117 2638 1 1 0 0.8
1 96937 125 2456 1 10 0 0.8
1 160870 125 3280 1 1 1 0.8
1 140055 131 3239 1 10 0 0.8
1 179150 132 4794 1 1 0 0.8
1 159532 135 4001 1 1 0 0.8
1 61966 139 1519 1 10 1 0.8
1 164694 139 3830 1 1 0 0.8
1 77779 143 1802 1 1 0 0.8
1 147040 145 3450 1 10 0 0.8
1 85232 146 2299 1 10 0 0.8
1 90147 146 1918 1 1 1 0.8
1 100720 147 2217 1 1 1 0.8
1 154365 147 3886 1 10 1 0.8
1 133303 147 3548 1 1 1 0.8
1 127882 149 3766 1 1 0 0.8
1 70511 149 1456 1 10 1 0.8
1 136297 151 3289 1 50 1 0.8
1 101578 152 2081 1 1 0 0.8
1 155957 153 3458 1 1 0 0.8
1 85384 155 2454 1 1 1 0.8
1 161713 155 3845 1 10 1 0.8
1 82315 156 2399 1 1 1 0.8
1 147850 157 3304 1 1 0 0.8
1 171574 158 3637 1 1 1 0.8
1 103313 159 2106 1 1 0 0.8
1 74284 159 2050 1 1 0 0.8
1 126587 162 3663 1 1 0 0.8
1 65231 163 1904 1 10 1 0.8
1 147275 164 3779 1 50 1 0.8
1 168902 165 4922 1 1 1 0.8
1 163141 170 3283 1 1 1 0.8
1 160926 170 4328 1 1 0 0.8
1 139097 174 4134 1 10 1 0.8
1 101196 175 2922 1 10 0 0.8
1 118051 180 2583 1 1 1 0.8
1 154185 180 4179 1 1 1 0.8
1 145766 186 3113 1 1 1 0.8
1 90769 187 2237 1 1 0 0.8
1 129256 191 3037 1 50 0 0.8
1 121767 194 2984 1 1 0 0.8
1 161033 195 4825 1 1 0 0.8
1 123720 195 3314 1 1 1 0.8
1 109410 197 2919 1 50 1 0.8
1 177521 201 4595 1 10 1 0.8
1 106013 203 2781 1 1 1 0.8
1 106156 204 2899 1 1 1 0.8
1 106501 205 3189 1 1 0 0.8
1 169316 207 3930 1 1 1 0.8
1 122785 208 3499 1 50 1 0.8
1 141233 208 2831 1 1 0 0.8
1 166318 209 3630 1 10 1 0.8
1 153800 212 3261 1 1 1 0.8
1 103572 216 2756 1 50 1 0.8
1 144726 219 3091 1 1 0 0.8
1 107208 223 2402 1 1 1 0.8
1 117971 226 2372 1 10 1 0.8
1 177466 231 4917 1 1 1 0.8
1 102566 232 2177 1 1 0 0.8
1 84552 234 2108 1 1 0 0.8
1 119887 237 3263 1 1 1 0.8
1 148920 241 3443 1 10 0 0.8
1 129798 243 2797 1 10 0 0.8
1 179442 244 4066 1 50 0 0.8
1 148701 249 3539 1 1 0 0.8
1 101953 249 2547 1 10 1 0.8
1 100669 250 2142 1 1 0 0.8
1 100846 253 2352 1 1 1 0.8
1 120040 253 3297 1 10 0 0.8
1 151396 259 3682 1 10 0 0.8
1 140344 262 3430 1 1 1 0.8
1 146140 265 3536 1 10 0 0.8
1 77908 266 1867 1 1 1 0.8
1 169979 267 3791 1 1 0 0.8
1 93068 271 2399 1 1 0 0.8
1 90922 275 2103 1 10 0 0.8
1 153036 279 3167 1 1 1 0.8
1 112891 281 2584 1 1 1 0.8
1 101085 282 2470 1 50 1 0.8
1 177564 283 4688 1 10 1 0.8
1 137998 286 3933 1 10 1 0.8
1 145589 288 3184 1 1 1 0.8
1 128441 290 2915 1 1 1 0.8
1 167984 292 3864 1 1 0 0.8
1 150967 305 4039 1 1 0 0.8
1 66480 307 1709 1 1 1 0.8
1 140458 311 2837 1 1 0 0.8
1 119184 312 3374 1 10 1 0.8
1 161889 318 4021 1 10 0 0.8
1 149365 321 3244 1 10 0 0.8
1 113303 321 2539 1 1 1 0.8
1 71674 323 1812 1 50 1 0.8
1 111671 325 3038 1 1 0 0.8
1 155577 328 3329 1 10 0 0.8
1 127204 329 2963 1 1 1 0.8
1 106903 334 3144 1 10 0 0.8
1 98853 336 2646 1 1 1 0.8
1 142833 337 4105 1 1 1 0.8
1 138947 338 3260 1 1 0 0.8
1 93132 344 2272 1 50 1 0.8
1 136465 353 2746 1 1 0 0.8
1 155331 356 3695 1 1 1 0.8
1 162008 367 3389 1 1 1 0.8
1 134547 367 3436 1 10 1 0.8
1 101521 370 2248 1 1 1 0.8
1 145085 372 2966 1 1 1 0.8
1 108337 372 3115 1 10 1 0.8
1 127144 373 3473 1 1 0 0.8
1 149914 375 3132 1 10 1 0.8
1 149936 376 3702 1 10 0 0.8
1 76253 377 2202 1 50 0 0.8
1 122143 382 2860 1 10 0 0.8
1 81262 383 1710 1 1 0 0.8
1 73860 388 1924 1 1 1 0.8
1 159450 388 4048 1 10 0 0.8
1 133499 390 3471 1 1 0 0.8
1 111077 391 3316 1 10 0 0.8
1 164081 393 4340 1 1 1 0.8
1 77757 394 1941 1 10 1 0.8
1 142213 394 4265 1 10 1 0.8
1 178406 397 4010 1 1 1 0.8
1 93538 402 2732 1 1 1 0.8
1 160982 403 3507 1 1 0 0.8
1 179771 409 5316 1 1 1 0.8
1 110891 413 2354 1 10 0 0.8
1 111426 414 3250 1 1 0 0.8
1 83312 416 1732 1 1 1 0.8
1 175084 418 4525 1 10 1 0.8
1 165071 419 4433 1 1 1 0.8
1 102550 419 2080 1 1 0 0.8
1 151480 424 4003 1 1 1 0.8
1 176500 425 4473 1 1 0 0.8
1 124186 430 3487 1 10 0 0.8
1 169388 432 4590 1 1 1 0.8
1 177214 434 4893 1 50 0 0.8
1 169447 436 4354 1 1 1 0.8
1 130399 436 3489 1 10 0 0.8
1 166404 438 4945 1 1 1 0.8
1 130513 438 2675 1 1 1 0.8
1 172147 441 4953 1 1 0 0.8
1 105187 448 2427 1 50 1 0.8
1 129949 450 2732 1 10 1 0.8
1 66678 450 1567 1 50 1 0.8
1 71906 451 1627 1 50 1 0.8
1 148596 455 3895 1 1 1 0.8
1 136723 455 3507 1 10 0 0.8
1 71875 457 1478 1 1 0 0.8
1 108932 458 2635 1 1 1 0.8
1 134330 459 3546 1 50 1 0.8
1 82458 463 1865 1 1 0 0.8
1 65169 471 1605 1 1 0 0.8
1 171399 471 4895 1 1 0 0.8
1 92476 474 2212 1 1 1 0.8
1 134691 478 3490 1 1 1 0.8
1 69759 481 1855 1 1 1 0.8
1 88829 485 2294 1 1 1 0.8
1 115411 490 3353 1 1 1 0.8
1 121615 492 2741 1 50 0 0.8
1 135562 496 3503 1 1 0 0.8
1 99273 499 2830 1 1 0 0.8
1 128791 502 2861 1 1 0 0.8
1 179046 503 3969 1 1 0 0.8
1 154877 503 3202 1 1 0 0.8
1 99023 503 2278 1 1 0 0.8
1 77771 504 1885 1 50 1 0.8
1 112424 513 2732 1 50 0 0.8
1 159160 514 4693 1 50 0 0.8
1 130354 515 3057 1 1 1 0.8
1 135117 519 3186 1 1 1 0.8
1 77722 521 1780 1 1 0 0.8
1 109359 522 2572 1 10 1 0.8
1 87846 524 2423 1 1 1 0.8
1 134334 524 3099 1 50 1 0.8
1 113137 525 2773 1 50 0 0.8
1 64342 527 1480 1 1 1 0.8
1 132563 529 3212 1 1 0 0.8
1 114454 530 3381 1 1 0 0.8
1 116346 533 2524 1 50 0 0.8
1 84232 536 1771 1 1 1 0.8
1 107521 537 2875 1 1 1 0.8
1 75979 539 1787 1 1 1 0.8
1 87926 540 2587 1 1 1 0.8
1 153915 541 3405 1 10 0 0.8
1 138675 550 3162 1 10 1 0.8
1 97816 552 2855 1 1 1 0.8
1 99234 554 2504 1 10 0 0.8
1 166132 555 4309 1 10 1 0.8
1 106609 558 2731 1 1 1 0.8
1 144015 562 4239 1 50 0 0.8
1 126796 564 3579 1 10 0 0.8
1 144788 568 3146 1 1 1 0.8
1 129673 569 3309 1 1 0 0.8
1 148390 570 4429 1 1 0 0.8
1 172772 570 5034 1 10 1 0.8
1 177647 572 3682 1 1 1 0.8
1 134576 575 3098 1 10 1 0.8
1 92751 579 1936 1 1 0 0.8
1 169029 582 3417 1 1 1 0.8
1 70507 587 1837 1 10 0 0.8
1 174012 590 3612 1 10 1 0.8
1 111927 595 2278 1 1 0 0.8
1 76857 598 1680 1 10 0 0.8
1 134096 598 3372 1 1 1 0.8
1 153210 603 4065 1 1 1 0.8
1 62347 603 1570 1 50 0 0.8
1 66874 608 1794 1 1 1 0.8
1 65015 610 1719 1 50 1 0.8
1 139684 611 4085 1 1 0 0.8
1 146010 616 3760 1 50 1 0.8
1 140032 616 3002 1 1 1 0.8
1 159170 618 3215 1 1 1 0.8
1 91913 619 2320 1 1 1 0.8
1 109901 627 3120 1 1 1 0.8
1 174494 628 3966 1 10 0 0.8
1 68745 629 1693 1 50 1 0.8
1 111618 629 3303 1 1 1 0.8
1 110135 634 2487 1 1 1 0.8
1 145894 635 3763 1 10 1 0.8
1 127336 638 2798 1 1 0 0.8
1 93257 640 2373 1 1 1 0.8
1 160903 642 3387 1 1 1 0.8
1 161186 643 4477 1 1 1 0.8
1 121676 645 2904 1 10 0 0.8
1 133958 645 3131 1 1 0 0.8
1 70086 646 2022 1 1 0 0.8
1 84426 646 1937 1 10 1 0.8
1 65755 647 1510 1 1 0 0.8
1 164449 654 4287 1 50 0 0.8
1 79767 657 1875 1 50 0 0.8
1 96064 657 1953 1 50 1 0.8
1 69543 658 1845 1 10 0 0.8
1 95926 658 2102 1 1 1 0.8
1 122940 659 3094 1 1 0 0.8
1 175756 660 3573 1 1 0 0.8
1 153029 661 3263 1 1 0 0.8
1 88772 662 2230 1 1 1 0.8
1 89688 664 2658 1 1 0 0.8
1 103882 670 2340 1 10 0 0.8
1 129636 674 3209 1 50 1 0.8
1 123010 674 2502 1 10 0 0.8
1 135018 686 2879 1 10 1 0.8
1 148137 686 4041 1 1 0 0.8
1 62181 688 1603 1 10 1 0.8
1 161431 693 4163 1 50 0 0.8
1 178284 695 4174 1 1 0 0.8
1 87539 695 1995 1 50 1 0.8
1 67848 699 1705 1 1 1 0.8
1 178328 699 3704 1 1 0 0.8
1 175463 706 4912 1 1 0 0.8
1 162006 716 3264 1 10 1 0.8
1 108747 717 2760 1 1 0 0.8
1 65664 718 1466 1 1 0 0.8
1 86603 720 2584 1 1 0 0.8
1 99745 725 2739 1 10 0 0.8
1 163729 726 3286 1 1 1 0.8
1 102207 727 2582 1 1 1 0.8
1 61577 729 1402 1 10 0 0.8
1 127324 730 3243 1 1 1 0.8
1 113907 733 3171 1 10 0 0.8
1 173175 734 3584 1 1 0 0.8
1 130676 739 2699 1 1 0 0.8
1 116597 739 2742 1 10 1 0.8
1 66796 741 1436 1 10 0 0.8
1 99530 743 2324 1 10 1 0.8
1 77930 744 1704 1 1 0 0.8
1 126608 748 2804 1 1 1 0.8
1 169779 750 4957 1 1 0 0.8
1 148316 752 4313 1 1 1 0.8
1 86468 753 2058 1 1 0 0.8
1 86355 754 1898 1 1 1 0.8
1 111501 755 2249 1 10 1 0.8
1 92779 760 2165 1 10 0 0.8
1 164989 762 3530 1 50 1 0.8
1 162518 763 3619 1 10 1 0.8
1 88955 765 2371 1 1 0 0.8
1 170425 769 4214 1 10 0 0.8
1 154159 769 3329 1 50 0 0.8
1 133441 769 3223 1 1 1 0.8
1 129510 775 2855 1 10 1 0.8
1 82157 777 2374 1 1 0 0.8
1 128285 778 3549 1 1 1 0.8
1 110770 781 2842 1 1 1 0.8
1 100550 786 2862 1 1 1 0.8
1 64289 787 1818 1 1 1 0.8
1 60317 789 1725 1 1 0 0.8
1 71722 790 1549 1 1 1 0.8
1 80891 791 1650 1 1 0 0.8
1 107792 792 2490 1 10 0 0.8
1 123265 795 2636 1 10 0 0.8
1 136530 797 3370 1 10 0 0.8
1 94325 801 2635 1 10 1 0.8
1 144293 801 3923 1 1 0 0.8
1 104025 802 3098 1 1 0 0.8
1 145070 810 3915 1 10 1 0.8
1 69252 812 2053 1 1 1 0.8
1 97466 814 2140 1 1 0 0.8
1 173750 814 4954 1 10 1 0.8
1 165161 821 4056 1 1 0 0.8
1 78332 823 1987 1 10 1 0.8
1 123191 824 3220 1 10 0 0.8
1 167310 827 4888 1 1 1 0.8
1 130919 828 3039 1 1 1 0.8
1 155161 829 4052 1 1 0 0.8
1 97546 837 2155 1 1 1 0.8
1 103115 844 2528 1 10 1 0.8
1 80143 846 2253 1 1 1 0.8
1 153143 852 3423 1 10 0 0.8
1 179243 853 4147 1 50 0 0.8
1 90391 856 2227 1 1 0 0.8
1 95422 860 2826 1 1 1 0.8
1 149240 860 4159 1 1 1 0.8
1 83820 869 1719 1 1 0 0.8
1 177686 871 3734 1 1 0 0.8
1 88049 874 2173 1 1 0 0.8
1 97031 876 2217 1 1 1 0.8
1 119362 881 2466 1 1 0 0.8
1 152127 884 3711 1 1 1 0.8
1 153539 886 3671 1 10 1 0.8
1 144707 889 3965 1 1 1 0.8
1 144257 894 3558 1 50 1 0.8
1 88798 895 2568 1 1 0 0.8
1 99025 900 2759 1 1 1 0.8
1 93468 904 2229 1 1 0 0.8
1 62796 906 1278 1 10 1 0.8
1 79964 906 1920 1 10 1 0.8
1 63315 906 1312 1 10 1 0.8
1 149778 908 4352 1 10 1 0.8
1 71454 911 1877 1 10 0 0.8
1 150430 915 3450 1 1 0 0.8
1 141284 915 2864 1 10 0 0.8
1 148733 916 3294 1 10 1 0.8
1 171450 917 4940 1 1 1 0.8
1 111799 920 2631 1 1 0 0.8
1 62579 923 1554 1 1 0 0.8
1 126208 925 3152 1 1 1 0.8
1 83452 933 1998 1 1 1 0.8
1 154514 935 4585 1 1 0 0.8
1 108437 940 2950 1 1 0 0.8
1 106237 941 2983 1 10 0 0.8
1 93021 942 1950 1 10 0 0.8
1 131014 943 3117 1 10 0 0.8
1 107689 946 2852 1 1 0 0.8
1 127492 947 3793 1 10 1 0.8
1 114977 950 2853 1 1 0 0.8
1 114318 955 2719 1 1 0 0.8
1 112559 957 3112 1 1 1 0.8
1 118583 959 3327 1 10 0 0.8
1 126856 959 3571 1 1 1 0.8
1 138606 960 3817 1 1 1 0.8
1 156109 961 4592 1 50 1 0.8
1 146181 963 3466 1 10 1 0.8
1 73001 966 1624 1 10 0 0.8
1 131411 968 2742 1 10 1 0.8
1 65636 979 1327 1 1 1 0.8
1 86747 980 1821 1 10 1 0.8
1 71483 984 1443 1 1 1 0.8
1 77904 984 2094 1 1 0 0.8
1 174768 986 3779 1 1 1 0.8
1 75278 988 1906 1 10 1 0.8
1 62177 993 1629 1 1 0 0.8
1 150713 994 4494 1 1 0 0.8
1 173917 995 5205 1 10 1 0.8
1 162690 995 4759 1 1 1 0.8
1 112402 997 2788 1 1 1 0.8
1 117933 1001 3049 1 50 0 0.8
1 79449 1003 2282 1 1 0 0.8
1 105147 1006 2632 1 1 0 0.8
1 84708 1006 2462 1 1 0 0.8
1 142845 1007 2963 1 1 1 0.8
1 81306 1011 2387 1 1 0 0.8
1 177734 1012 3603 1 1 1 0.8
1 174233 1021 5136 1 1 0 0.8
1 73652 1022 1814 1 10 1 0.8
1 149964 1026 4231 1 1 0 0.8
1 134462 1026 3301 1 50 0 0.8
1 77903 1029 2029 1 50 0 0.8
1 86031 1030 2148 1 50 1 0.8
1 71073 1030 1474 1 1 0 0.8
1 86905 1031 2436 1 1 0 0.8
1 121058 1031 2888 1 1 1 0.8
1 109477 1031 3164 1 1 1 0.8
1 152988 1036 4283 1 1 1 0.8
1 159540 1038 3426 1 1 0 0.8
1 130613 1038 2633 1 1 1 0.8
1 89926 1038 2641 1 10 1 0.8
1 141989 1044 2857 1 10 0 0.8
1 60574 1044 1250 1 1 1 0.8
1 95961 1044 2557 1 1 1 0.8
1 177051 1046 3665 1 10 1 0.8
1 109958 1047 2691 1 1 0 0.8
1 175885 1048 4164 1 1 0 0.8
1 127215 1048 2566 1 1 0 0.8
1 122508 1048 3187 1 1 0 0.8
1 68188 1049 2019 1 1 0 0.8
1 169319 1056 4839 1 50 0 0.8
1 67757 1061 1973 1 1 1 0.8
1 60403 1069 1771 1 1 1 0.8
1 151217 1070 3394 1 1 0 0.8
1 82776 1073 1888 1 1 1 0.8
1 166018 1076 4967 1 1 1 0.8
1 157344 1081 3270 1 1 1 0.8
1 149358 1082 3205 1 1 1 0.8
1 168957 1083 3959 1 1 1 0.8
1 156903 1085 3667 1 1 0 0.8
1 63833 1089 1727 1 10 0 0.8
1 145819 1091 4354 1 50 1 0.8
1 112842 1091 2901 1 10 1 0.8
1 172152 1094 4362 1 50 0 0.8
1 95467 1096 2770 1 10 0 0.8
1 115900 1097 2479 1 1 0 0.8
1 155484 1100 3658 1 10 0 0.8
1 151012 1104 3858 1 1 0 0.8
1 108251 1106 2573 1 1 0 0.8
1 93430 1107 2503 1 10 0 0.8
1 127045 1108 3315 1 10 1 0.8
1 69418 1109 2039 1 1 0 0.8
1 70199 1112 1670 1 10 1 0.8
1 141859 1113 3560 1 1 0 0.8
1 72646 1116 2035 1 1 0 0.8
1 95875 1117 2153 1 1 0 0.8
1 122937 1117 3011 1 50 1 0.8
1 100927 1117 2383 1 10 1 0.8
1 149018 1121 3778 1 50 0 0.8
1 162526 1122 3450 1 1 0 0.8
1 78937 1122 1987 1 1 1 0.8
1 179850 1123 4619 1 10 0 0.8
1 95440 1127 2491 1 1 1 0.8
1 134421 1128 3943 1 10 1 0.8
1 104193 1129 2995 1 1 1 0.8
1 115307 1130 2527 1 10 1 0.8
1 122562 1132 3094 1 50 0 0.8
1 149651 1135 3507 1 50 0 0.8
1 84767 1135 2214 1 10 1 0.8
1 106639 1138 2268 1 1 0 0.8
1 165091 1139 4463 1 1 1 0.8
1 115087 1139 3354 1 1 0 0.8
1 149362 1140 3794 1 1 1 0.8
1 154917 1150 3330 1 1 1 0.8
1 169407 1151 4009 1 1 0 0.8
1 73928 1151 2084 1 1 0 0.8
1 97333 1157 2581 1 1 0 0.8
1 152526 1157 3418 1 1 1 0.8
1 170373 1168 3982 1 1 1 0.8
1 109431 1169 2597 1 1 0 0.8
1 152951 1170 4000 1 1 0 0.8
1 118929 1171 3424 1 1 0 0.8
1 178394 1171 5023 1 10 0 0.8
1 153351 1172 3934 1 10 1 0.8
1 108661 1175 2324 1 1 0 0.8
1 137377 1179 3409 1 50 1 0.8
1 96414 1181 2822 1 1 1 0.8
1 177625 1188 5073 1 10 1 0.8
1 78286 1189 2167 1 1 0 0.8
1 144527 1190 3550 1 1 1 0.8
1 71785 1192 1915 1 1 0 0.8
1 77658 1194 1932 1 10 0 0.8
1 128799 1204 3820 1 1 1 0.8
1 104040 1206 3038 1 10 1 0.8
1 82894 1210 1683 1 50 1 0.8
1 108699 1212 2426 1 1 1 0.8
1 137392 1215 3811 1 10 0 0.8
1 81038 1217 1918 1 10 1 0.8
1 156875 1221 4506 1 1 0 0.8
1 102717 1225 2563 1 1 0 0.8
1 81006 1227 1685 1 10 0 0.8
1 144949 1227 4223 1 10 1 0.8
1 106669 1232 2638 1 1 0 0.8
1 166203 1233 4305 1 1 1 0.8
1 126441 1233 3387 1 50 1 0.8
1 157937 1235 4622 1 1 1 0.8
1 131845 1236 3928 1 1 0 0.8
1 97403 1238 2763 1 1 1 0.8
1 100100 1238 2626 1 10 0 0.8
1 152082 1238 3596 1 10 1 0.8
1 90350 1239 1925 1 1 1 0.8
1 110569 1243 2874 1 10 0 0.8
1 142864 1248 3022 1 10 0 0.8
1 65625 1251 1915 1 1 0 0.8
1 127423 1251 2670 1 10 1 0.8
1 163339 1252 4503 1 1 1 0.8
1 173850 1252 5121 1 1 1 0.8
1 174917 1253 4102 1 1 0 0.8
1 156144 1258 3346 1 1 0 0.8
1 172529 1259 4898 1 1 1 0.8
1 174200 1267 4691 1 1 0 0.8
1 60491 1272 1739 1 1 1 0.8
1 73079 1272 2065 1 10 0 0.8
1 175160 1275 3614 1 1 1 0.8
1 85628 1278 2351 1 1 0 0.8
1 85115 1281 2195 1 10 0 0.8
1 60024 1283 1747 1 1 1 0.8
1 89058 1284 1841 1 10 1 0.8
1 78294 1286 1711 1 1 0 0.8
1 123067 1290 2491 1 10 0 0.8
1 99785 1292 2924 1 1 1 0.8
1 109337 1296 2590 1 1 0 0.8
1 152875 1298 3422 1 1 0 0.8
1 133643 1300 3783 1 10 1 0.8
1 78664 1313 2062 1 1 0 0.8
1 82459 1317 1999 1 10 1 0.8
1 132576 1320 3166 1 10 1 0.8
1 70750 1320 1797 1 10 0 0.8
1 160723 1321 3336 1 1 0 0.8
1 166112 1322 3772 1 1 0 0.8
1 127331 1325 2888 1 10 0 0.8
1 66382 1328 1754 1 1 1 0.8
1 82430 1329 2109 1 1 0 0.8
1 120123 1331 2805 1 1 1 0.8
1 165715 1333 4230 1 1 1 0.8
1 101429 1334 2382 1 1 0 0.8
1 65273 1335 1573 1 10 1 0.8
1 178945 1336 4594 1 1 0 0.8
1 74338 1338 1496 1 1 0 0.8
1 74234 1341 2069 1 10 1 0.8
1 159785 1345 3343 1 10 1 0.8
1 70927 1348 1832 1 1 0 0.8
1 85668 1351 1919 1 1 1 0.8
1 161183 1354 3896 1 50 1 0.8
1 111979 1354 2770 1 1 0 0.8
1 141631 1355 2895 1 1 1 0.8
1 151911 1357 3659 1 10 1 0.8
1 106505 1357 2393 1 1 1 0.8
1 159202 1360 4568 1 1 1 0.8
1 117445 1362 3475 1 1 1 0.8
1 151710 1365 4455 1 50 0 0.8
1 90358 1368 2156 1 1 0 0.8
1 69308 1371 1517 1 1 0 0.8
1 107413 1372 2688 1 1 0 0.8
1 80027 1376 1609 1 10 0 0.8
1 138862 1380 3150 1 10 0 0.8
1 146230 1386 2980 1 1 0 0.8
1 89732 1387 2418 1 1 0 0.8
1 120957 1387 3205 1 10 1 0.8
1 109099 1392 2403 1 10 0 0.8
1 112911 1397 2806 1 1 0 0.8
1 142088 1408 3905 1 10 0 0.8
1 101869 1409 3008 1 1 1 0.8
1 85926 1411 2533 1 10 1 0.8
1 78793 1414 1686 1 1 1 0.8
1 63206 1419 1513 1 10 1 0.8
1 140586 1421 3669 1 1 1 0.8
1 151169 1423 3258 1 10 0 0.8
1 121064 1426 2632 1 50 0 0.8
1 152725 1428 4487 1 10 1 0.8
1 86173 1430 2142 1 50 1 0.8
1 117481 1434 3105 1 1 1 0.8
1 110127 1434 2568 1 10 0 0.8
1 167151 1435 4283 1 1 1 0.8
1 126162 1438 2859 1 50 0 0.8
1 88874 1438 1933 1 1 0 0.8
1 69680 1440 1542 1 10 1 0.8
1 115973 1441 2800 1 1 0 0.8
1 133389 1443 3286 1 1 1 0.8
1 124902 1443 3217 1 50 0 0.8
1 161862 1445 3654 1 50 1 0.8
1 104541 1447 3128 1 50 1 0.8
1 166685 1447 3735 1 1 1 0.8
1 102540 1450 2138 1 1 1 0.8
1 114453 1451 2365 1 50 0 0.8
1 62254 1455 1291 1 1 0 0.8
1 177159 1456 5284 1 1 0 0.8
1 127478 1456 3816 1 10 0 0.8
1 135728 1460 3799 1 1 0 0.8
1 96785 1461 2011 1 10 1 0.8
1 87551 1462 1962 1 1 0 0.8
1 90342 1472 2082 1 1 0 0.8
1 117195 1473 2573 1 10 0 0.8
1 82902 1474 1815 1 1 0 0.8
1 90024 1475 1927 1 1 1 0.8
1 135826 1476 3416 1 1 0 0.8
1 171557 1478 4340 1 1 1 0.8
1 116475 1480 3303 1 10 1 0.8
1 80397 1482 1961 1 1 1 0.8
1 90311 1486 2281 1 10 1 0.8
1 92380 1488 2352 1 1 0 0.8
1 138248 1489 3477 1 1 1 0.8
1 134584 1491 3161 1 10 1 0.8
1 71850 1492 2146 1 1 1 0.8
1 106555 1493 2512 1 1 1 0.8
1 132793 1493 3266 1 10 0 0.8
1 70059 1499 1468 1 1 1 0.8
1 95897 1503 2086 1 10 1 0.8
1 83910 1504 2050 1 10 0 0.8
1 101579 1504 2929 1 10 0 0.8
1 116208 1505 3395 1 1 1 0.8
1 65909 1506 1367 1 50 0 0.8
1 140240 1506 3627 1 10 1 0.8
1 177420 1507 5281 1 50 1 0.8
1 150231 1508 3334 1 1 1 0.8
1 158264 1513 4373 1 1 0 0.8
1 76123 1516 1795 1 1 0 0.8
1 104051 1516 2904 1 10 1 0.8
1 138771 1516 3926 1 10 1 0.8
1 137344 1518 3900 1 1 1 0.8
1 76146 1520 1672 1 10 1 0.8
1 103454 1520 2597 1 1 1 0.8
1 73697 1521 1793 1 10 0 0.8
1 145582 1523 2956 1 50 0 0.8
1 118813 1529 2534 1 10 0 0.8
1 169800 1534 4754 1 10 1 0.8
1 162297 1534 4340 1 1 1 0.8
1 166270 1535 4577 1 1 0 0.8
1 132086 1535 3100 1 50 0 0.8
1 141288 1538 3844 1 1 1 0.8
1 133708 1539 3051 1 10 0 0.8
1 164051 1544 3382 1 10 0 0.8
1 153873 1546 3485 1 10 0 0.8
1 91053 1547 2701 1 10 0 0.8
1 122116 1548 3593 1 1 0 0.8
1 142055 1552 4172 1 1 0 0.8
1 179536 1556 3692 1 1 1 0.8
1 112631 1559 2641 1 50 0 0.8
1 178710 1562 3581 1 10 0 0.8
1 121447 1564 3503 1 1 1 0.8
1 67629 1565 1356 1 1 0 0.8
1 178173 1566 4045 1 10 1 0.8
1 161122 1569 3683 1 50 1 0.8
1 77393 1569 1593 1 1 1 0.8
1 116686 1570 2574 1 1 0 0.8
1 141239 1570 3042 1 10 1 0.8
1 68937 1579 1463 1 1 0 0.8
1 100272 1579 2327 1 1 0 0.8
1 175932 1582 4635 1 1 0 0.8
1 145736 1583 4117 1 1 0 0.8
1 96308 1584 2173 1 1 0 0.8
1 110355 1586 2710 1 1 0 0.8
1 151448 1588 3065 1 1 1 0.8
1 131299 1588 3771 1 50 1 0.8
1 159921 1589 4684 1 1 0 0.8
1 62146 1593 1582 1 1 1 0.8
1 89030 1594 2119 1 10 0 0.8
1 172028 1598 4768 1 10 1 0.8
1 134662 1600 3192 1 1 0 0.8
1 130451 1601 3877 1 1 0 0.8
1 88559 1602 1934 1 10 1 0.8
1 79537 1603 1940 1 50 1 0.8
1 111173 1607 2480 1 10 1 0.8
1 96640 1608 2483 1 10 1 0.8
1 164819 1614 3790 1 1 1 0.8
1 101441 1618 2407 1 10 0 0.8
1 67713 1619 1948 1 1 1 0.8
1 83255 1621 1710 1 10 1 0.8
1 65123 1623 1607 1 10 0 0.8
1 110707 1623 2551 1 1 1 0.8
1 134350 1623 3499 1 1 0 0.8
1 85708 1628 1923 1 1 0 0.8
1 163802 1632 3964 1 10 1 0.8
1 165383 1633 4010 1 10 0 0.8
1 150670 1638 4367 1 10 0 0.8
1 81965 1638 2086 1 1 1 0.8
1 78972 1639 1936 1 50 0 0.8
1 110939 1642 3221 1 1 0 0.8
1 132325 1646 3297 1 1 1 0.8
1 131269 1647 3199 1 10 1 0.8
1 83102 1654 1952 1 1 1 0.8
1 111143 1658 2811 1 1 1 0.8
1 150153 1663 3450 1 1 1 0.8
1 103485 1664 2444 1 50 1 0.8
1 129713 1666 3531 1 1 1 0.8
1 152121 1666 3289 1 1 0 0.8
1 171329 1667 3939 1 1 1 0.8
1 159890 1667 4707 1 1 0 0.8
1 139687 1669 4158 1 50 0 0.8
1 112352 1669 2402 1 10 0 0.8
1 122939 1673 2621 1 50 1 0.8
1 91798 1674 2337 1 1 1 0.8
1 115057 1677 2759 1 1 1 0.8
1 101245 1677 2986 1 10 0 0.8
1 143356 1678 3182 1 10 0 0.8
1 162976 1682 4075 1 50 0 0.8
1 170599 1682 4851 1 1 0 0.8
1 75962 1684 1929 1 50 0 0.8
1 111663 1684 2574 1 1 0 0.8
1 146112 1687 3480 1 1 0 0.8
1 67505 1688 1853 1 1 0 0.8
1 148021 1692 3121 1 1 1 0.8
1 137657 1693 3528 1 1 1 0.8
1 148771 1694 4255 1 10 1 0.8
1 167151 1694 5002 1 1 0 0.8
1 134207 1700 3640 1 50 1 0.8
1 139981 1701 3913 1 1 1 0.8
1 123695 1703 3195 1 1 1 0.8
1 67481 1705 1724 1 1 0 0.8
1 92021 1706 2267 1 1 1 0.8
1 113977 1707 2662 1 50 1 0.8
1 176887 1711 5211 1 1 0 0.8
1 91702 1716 2462 1 1 0 0.8
1 145531 1727 4135 1 1 1 0.8
1 61015 1728 1235 1 1 0 0.8
1 150207 1738 3618 1 1 0 0.8
1 173018 1739 4905 1 10 0 0.8
1 124917 1747 2928 1 1 1 0.8
1 104377 1752 2525 1 1 0 0.8
1 131718 1754 3128 1 1 1 0.8
1 106803 1755 2398 1 10 1 0.8
1 120887 1765 2999 1 1 0 0.8
1 107022 1766 2503 1 1 1 0.8
1 85037 1768 2256 1 10 1 0.8
1 161385 1784 3701 1 1 1 0.8
1 94203 1796 1985 1 10 0 0.8
1 96048 1798 1928 1 50 1 0.8
1 117544 1798 2691 1 10 1 0.8
1 118111 1799 3512 1 50 0 0.8
1 154965 1800 3321 1 1 0 0.8
1 70352 1806 1642 1 1 1 0.8
1 66361 1807 1626 1 1 0 0.8
1 128388 1807 2819 1 1 0 0.8
1 170855 1809 4989 1 1 1 0.8
1 128960 1812 3178 1 1 0 0.8
1 66770 1816 1351 1 1 0 0.8
1 72530 1821 2025 1 1 0 0.8
1 141041 1826 3749 1 1 1 0.8
1 119271 1828 2777 1 1 1 0.8
1 65128 1829 1794 1 10 1 0.8
1 108398 1831 2651 1 1 1 0.8
1 81264 1832 2275 1 1 1 0.8
1 153665 1835 3938 1 10 0 0.8
1 72789 1838 2096 1 1 0 0.8
1 95323 1839 2818 1 1 0 0.8
1 102840 1839 2917 1 1 1 0.8
1 108066 1840 2770 1 1 1 0.8
1 140502 1845 3314 1 1 0 0.8
1 140793 1848 3729 1 10 1 0.8
1 83893 1851 2182 1 10 0 0.8
1 105787 1851 3088 1 1 1 0.8
1 80280 1858 2027 1 10 0 0.8
1 127985 1860 3119 1 1 0 0.8
1 76846 1864 1748 1 1 1 0.8
1 65659 1864 1621 1 50 0 0.8
1 64788 1874 1589 1 1 1 0.8
1 109622 1881 2697 1 10 1 0.8
1 147842 1885 3106 1 50 0 0.8
1 129968 1886 3433 1 10 1 0.8
1 72416 1887 2155 1 10 0 0.8
1 171639 1887 3482 1 50 0 0.8
1 99405 1888 2845 1 1 1 0.8
1 66993 1890 1862 1 10 0 0.8
1 142162 1892 3094 1 1 1 0.8
1 102637 1899 2907 1 1 0 0.8
1 142080 1900 4053 1 10 0 0.8
1 174597 1901 4559 1 10 0 0.8
1 77395 1901 2125 1 1 1 0.8
1 98390 1908 2028 1 1 1 0.8
1 127471 1914 3675 1 1 0 0.8
1 103776 1917 2639 1 1 1 0.8
1 112599 1918 3138 1 1 0 0.8
1 80469 1919 2275 1 1 1 0.8
1 178731 1920 4386 1 1 0 0.8
1 137002 1920 2974 1 10 1 0.8
1 132672 1926 3142 1 10 0 0.8
1 162233 1930 4759 1 10 1 0.8
1 103620 1931 3050 1 1 0 0.8
1 91750 1932 1896 1 1 1 0.8
1 115081 1937 3139 1 10 1 0.8
1 150833 1938 3068 1 1 0 0.8
1 111428 1945 2479 1 1 0 0.8
1 176963 1954 4906 1 10 1 0.8
1 103285 1955 3028 1 1 1 0.8
1 130538 1956 2842 1 10 1 0.8
1 79960 1961 1648 1 1 1 0.8
1 79057 1963 1969 1 1 0 0.8
1 172166 1969 4622 1 1 1 0.8
1 69971 1974 1755 1 1 0 0.8
1 140943 1979 3483 1 1 0 0.8
1 76337 1985 1804 1 1 0 0.8
1 67236 1987 1432 1 1 0 0.8
1 104425 1987 2492 1 1 0 0.8
1 78496 1988 2335 1 1 0 0.8
1 79763 1990 1888 1 1 1 0.8
1 100257 1993 2426 1 1 0 0.8
1 75401 1997 2025 1 50 1 0.8
1 137707 1998 3622 1 1 1 0.8
1 126504 1999 3392 1 1 0 0.8
1 95294 1999 2106 1 1 0 0.8
1 171561 2001 4177 1 1 0 0.8
1 153628 2004 3647 1 10 0 0.8
1 166100 2009 3736 1 10 0 0.8
1 158603 2010 3493 1 10 1 0.8
1 116295 2011 3227 1 10 1 0.8
1 104059 2011 2775 1 1 0 0.8
1 72893 2013 1864 1 1 1 0.8
1 140116 2014 3062 1 1 1 0.8
1 99476 2016 2732 1 1 1 0.8
1 102044 2019 2821 1 1 0 0.8
1 131173 2023 3256 1 1 1 0.8
1 138924 2023 3831 1 1 1 0.8
1 143485 2023 3703 1 10 1 0.8
1 73709 2028 1563 1 1 1 0.8
1 61830 2029 1474 1 1 1 0.8
1 86598 2029 2009 1 1 1 0.8
1 141247 2031 4212 1 1 1 0.8
1 65791 2034 1870 1 1 0 0.8
1 110834 2036 2846 1 10 1 0.8
1 142325 2037 4071 1 1 0 0.8
1 102460 2038 2181 1 50 0 0.8
1 163540 2039 4903 1 1 0 0.8
1 158082 2040 3683 1 1 1 0.8
1 152948 2041 4274 1 1 1 0.8
1 174189 2043 4133 1 1 1 0.8
1 142696 2043 4053 1 1 1 0.8
1 106532 2048 3019 1 1 0 0.8
1 99438 2049 2034 1 1 0 0.8
1 113023 2050 3284 1 10 0 0.8
1 142460 2050 3263 1 1 0 0.8
1 118085 2066 2476 1 1 0 0.8
1 106995 2068 2875 1 1 1 0.8
1 174032 2069 3586 1 1 1 0.8
1 71103 2070 2097 1 1 1 0.8
1 147726 2072 4075 1 1 0 0.8
1 103366 2074 2169 1 50 1 0.8
1 86630 2076 1972 1 10 1 0.8
1 141107 2080 3097 1 10 0 0.8
1 115363 2084 2559 1 1 1 0.8
1 158753 2085 4403 1 1 1 0.8
1 176236 2088 4385 1 10 0 0.8
1 122285 2089 2821 1 1 0 0.8
1 117926 2089 3131 1 1 0 0.8
1 135542 2090 3688 1 1 1 0.8
1 64956 2096 1818 1 1 1 0.8
1 86173 2100 1877 1 10 1 0.8
1 94238 2102 2374 1 1 0 0.8
1 65686 2102 1680 1 50 1 0.8
1 88871 2106 2593 1 1 0 0.8
1 146120 2111 3892 1 10 1 0.8
1 139246 2112 3908 1 1 0 0.8
1 116902 2115 3458 1 1 1 0.8
1 162948 2116 4431 1 10 1 0.8
1 106103 2124 2133 1 50 0 0.8
1 157949 2125 4327 1 10 0 0.8
1 78346 2126 1712 1 1 0 0.8
1 100820 2127 2821 1 10 1 0.8
1 145595 2128 3667 1 50 1 0.8
1 102708 2129 2688 1 1 1 0.8
1 159749 2131 3276 1 10 1 0.8
1 107747 2131 2794 1 1 0 0.8
1 90371 2132 2635 1 1 0 0.8
1 159963 2136 3200 1 10 0 0.8
1 148327 2136 4171 1 50 1 0.8
1 105247 2137 2915 1 10 1 0.8
1 145508 2138 3213 1 10 0 0.8
1 117892 2139 2752 1 1 0 0.8
1 140740 2140 3765 1 10 0 0.8
1 159998 2143 3453 1 10 0 0.8
1 88977 2147 1900 1 50 1 0.8
1 108779 2149 2930 1 1 1 0.8
1 162401 2150 3674 1 1 1 0.8
1 92453 2150 2338 1 1 0 0.8
1 91090 2152 2633 1 50 0 0.8
1 138011 2154 3286 1 1 0 0.8
1 115047 2155 3174 1 10 0 0.8
1 166401 2156 4757 1 1 1 0.8
1 175265 2157 4015 1 10 0 0.8
1 152537 2159 3636 1 10 1 0.8
1 108789 2160 3239 1 50 0 0.8
1 118466 2160 2859 1 1 0 0.8
1 74677 2163 1646 1 1 1 0.8
1 69035 2165 1515 1 1 0 0.8
1 131437 2166 3449 1 1 1 0.8
1 80568 2168 2207 1 1 1 0.8
1 153520 2173 4051 1 10 1 0.8
1 72328 2176 1702 1 10 0 0.8
1 101396 2177 3023 1 50 0 0.8
1 126829 2184 3538 1 1 0 0.8
1 134775 2185 2835 1 1 0 0.8
1 173765 2190 3723 1 50 1 0.8
1 136170 2190 3884 1 1 0 0.8
1 130572 2190 3073 1 10 1 0.8
1 90337 2192 1925 1 1 0 0.8
1 83229 2193 2395 1 1 0 0.8
1 158839 2197 3370 1 1 0 0.8
1 136217 2198 3297 1 1 0 0.8
1 77436 2201 2139 1 1 0 0.8
1 156645 2204 3351 1 1 1 0.8
1 91515 2204 1894 1 10 1 0.8
1 170384 2205 4205 1 50 0 0.8
1 119502 2207 3457 1 50 1 0.8
1 147709 2210 3059 1 10 1 0.8
1 116401 2210 3066 1 50 0 0.8
1 157567 2214 3858 1 1 0 0.8
1 168578 2221 4019 1 1 1 0.8
1 66689 2222 1606 1 50 1 0.8
1 112422 2222 2872 1 1 0 0.8
1 162692 2223 4878 1 10 0 0.8
1 105216 2228 3051 1 1 1 0.8
1 157980 2233 3313 1 1 0 0.8
1 137495 2235 4004 1 10 0 0.8
1 153613 2235 3571 1 1 0 0.8
1 103587 2236 2757 1 1 1 0.8
1 144602 2240 4073 1 1 0 0.8
1 167598 2241 4670 1 50 0 0.8
1 67237 2243 1504 1 10 0 0.8
1 161748 2244 3272 1 50 1 0.8
1 118199 2248 3365 1 1 0 0.8
1 83747 2253 2333 1 1 0 0.8
1 104975 2254 2191 1 1 0 0.8
1 132932 2256 3068 1 10 0 0.8
1 162254 2258 4142 1 10 0 0.8
1 64958 2259 1493 1 1 0 0.8
1 82386 2262 2410 1 10 0 0.8
1 113324 2263 2331 1 10 0 0.8
1 114131 2265 3341 1 10 1 0.8
1 73059 2273 1494 1 10 0 0.8
1 123503 2278 2526 1 1 1 0.8
1 142131 2278 3496 1 10 1 0.8
1 166746 2279 4204 1 1 1 0.8
1 89392 2281 2542 1 1 0 0.8
1 121822 2284 3128 1 1 0 0.8
1 102226 2289 2620 1 1 1 0.8
1 132579 2290 3510 1 50 0 0.8
1 141697 2296 3091 1 1 1 0.8
1 96326 2300 2070 1 1 0 0.8
1 98774 2300 2328 1 1 1 0.8
1 161565 2300 3571 1 1 1 0.8
1 144379 2300 2904 1 1 0 0.8
1 123586 2303 2958 1 1 0 0.8
1 125056 2305 3075 1 1 1 0.8
1 84578 2305 1699 1 10 0 0.8
1 168428 2306 3443 1 1 0 0.8
1 72605 2310 2113 1 1 1 0.8
1 77189 2317 1887 1 10 1 0.8
1 167675 2318 3728 1 1 1 0.8
1 99959 2320 2971 1 1 1 0.8
1 176612 2324 4636 1 1 0 0.8
1 150716 2326 3770 1 1 0 0.8
1 115988 2329 2953 1 1 1 0.8
1 75131 2335 2232 1 50 1 0.8
1 126337 2337 3148 1 1 1 0.8
1 144553 2340 2910 1 10 1 0.8
1 81178 2343 1798 1 1 1 0.8
1 94965 2346 1968 1 1 1 0.8
1 84769 2346 2051 1 1 1 0.8
1 130065 2346 3693 1 1 0 0.8
1 139331 2352 3671 1 1 1 0.8
1 121781 2354 3025 1 1 1 0.8
1 179711 2357 5002 1 1 1 0.8
1 166417 2358 4585 1 50 1 0.8
1 94946 2365 2359 1 1 1 0.8
1 81892 2374 1897 1 1 0 0.8
1 176863 2377 4974 1 1 0 0.8
1 168510 2380 5004 1 10 0 0.8
1 121994 2381 2865 1 50 1 0.8
1 67869 2384 1966 1 1 0 0.8
1 79804 2389 2152 1 10 0 0.8
1 152344 2394 4070 1 1 0 0.8
1 110337 2395 3134 1 1 0 0.8
1 100030 2397 2526 1 50 0 0.8
1 93608 2398 1930 1 1 0 0.8
1 111868 2402 3328 1 1 1 0.8
1 96765 2406 2003 1 1 1 0.8
1 98906 2406 2453 1 1 1 0.8
1 155035 2407 3525 1 1 1 0.8
1 135681 2414 3352 1 1 0 0.8
1 68708 2416 1838 1 1 1 0.8
1 116129 2418 2779 1 1 0 0.8
1 150336 2424 4507 1 1 1 0.8
1 164144 2427 4656 1 1 1 0.8
1 95900 2429 2590 1 1 0 0.8
1 89984 2435 2430 1 1 0 0.8
1 89556 2437 2669 1 1 1 0.8
1 100925 2440 2170 1 1 1 0.8
1 66147 2451 1867 1 1 1 0.8
1 136044 2458 3582 1 1 0 0.8
1 137650 2459 4050 1 50 1 0.8
1 145584 2466 4139 1 1 0 0.8
1 95497 2469 2392 1 50 1 0.8
1 69330 2469 1401 1 1 1 0.8
1 68400 2470 1951 1 10 0 0.8
1 103764 2472 2144 1 10 0 0.8
1 95070 2474 2571 1 1 0 0.8
1 66096 2474 1939 1 1 1 0.8
1 117999 2479 2539 1 1 0 0.8
1 165894 2479 4147 1 50 0 0.8
1 153688 2479 3999 1 50 1 0.8
1 111152 2484 3030 1 1 1 0.8
1 76869 2485 2252 1 1 0 0.8
1 178305 2485 3609 1 1 1 0.8
1 176025 2493 3547 1 10 0 0.8
1 167629 2494 4824 1 10 1 0.8
1 144970 2494 3437 1 50 1 0.8
1 157041 2500 3860 1 1 0 0.8
1 141067 2502 3085 1 1 1 0.8
1 84817 2502 1888 1 10 0 0.8
1 111382 2504 2455 1 10 0 0.8
1 83674 2507 2124 1 10 0 0.8
1 131262 2509 3506 1 10 1 0.8
1 139553 2512 2958 1 1 0 0.8
1 92093 2513 2342 1 50 0 0.8
1 96788 2514 2243 1 1 0 0.8
1 114669 2515 2387 1 1 1 0.8
1 170717 2517 3591 1 10 1 0.8
1 60943 2519 1641 1 1 1 0.8
1 101090 2526 2771 1 10 0 0.8
1 116699 2529 2537 1 50 1 0.8
1 164355 2531 3305 1 1 1 0.8
1 126746 2532 3271 1 1 0 0.8
1 72348 2535 1937 1 1 0 0.8
1 66638 2536 1547 1 50 0 0.8
1 106745 2536 2772 1 10 0 0.8
1 75067 2536 1529 1 1 0 0.8
1 93631 2538 2271 1 1 1 0.8
1 125792 2539 3638 1 1 0 0.8
1 133663 2541 3756 1 1 0 0.8
1 140295 2542 3020 1 1 0 0.8
1 86708 2543 1958 1 50 1 0.8
1 104332 2544 2841 1 1 0 0.8
1 117026 2546 3196 1 1 0 0.8
1 156461 2546 3437 1 1 0 0.8
1 122416 2548 2794 1 50 1 0.8
1 90715 2549 2613 1 10 1 0.8
1 76165 2554 2069 1 1 0 0.8
1 162976 2557 3790 1 50 1 0.8
1 164552 2561 3741 1 1 1 0.8
1 89522 2564 2591 1 1 1 0.8
1 73237 2570 1815 1 1 1 0.8
1 160368 2570 3539 1 10 0 0.8
1 120154 2577 2629 1 1 0 0.8
1 146052 2582 3760 1 10 1 0.8
1 104873 2585 2816 1 1 0 0.8
1 107506 2587 2317 1 10 0 0.8
1 153954 2588 4184 1 10 0 0.8
1 155310 2595 3909 1 10 0 0.8
1 151481 2595 3029 1 10 1 0.8
1 86209 2596 2262 1 10 1 0.8
1 171536 2600 4188 1 1 1 0.8
1 81587 2601 2227 1 1 1 0.8
1 156181 2602 3936 1 1 1 0.8
1 161762 2603 3568 1 10 1 0.8
1 167748 2608 4951 1 10 0 0.8
1 119279 2614 2440 1 1 0 0.8
1 133737 2615 3922 1 50 0 0.8
1 79884 2617 2198 1 1 1 0.8
1 119270 2619 3247 1 1 1 0.8
1 88549 2626 2011 1 1 1 0.8
1 102982 2630 2170 1 1 1 0.8
1 147157 2633 3082 1 50 0 0.8
1 150233 2633 4037 1 1 0 0.8
1 112192 2634 2246 1 1 0 0.8
1 61345 2636 1575 1 10 0 0.8
1 135962 2636 3264 1 10 1 0.8
1 163583 2639 4055 1 10 1 0.8
1 62041 2639 1589 1 1 0 0.8
1 103437 2648 3020 1 10 0 0.8
1 63013 2652 1585 1 10 0 0.8
1 72857 2653 1558 1 50 1 0.8
1 169857 2655 4100 1 1 0 0.8
1 116562 2657 2949 1 1 0 0.8
1 169995 2661 4022 1 1 0 0.8
1 154708 2667 4450 1 10 0 0.8
1 91493 2669 2516 1 1 1 0.8
1 91227 2680 2080 1 1 0 0.8
1 171044 2680 4504 1 1 0 0.8
1 101296 2682 2952 1 50 0 0.8
1 136588 2682 3096 1 1 1 0.8
1 165455 2683 4854 1 10 1 0.8
1 74515 2684 2070 1 1 0 0.8
1 131303 2685 3312 1 1 0 0.8
1 61131 2685 1350 1 1 1 0.8
1 71017 2685 2073 1 50 1 0.8
1 74718 2689 1827 1 1 0 0.8
1 130695 2690 2750 1 1 0 0.8
1 91168 2693 2691 1 1 0 0.8
1 167373 2695 3464 1 1 1 0.8
1 63631 2698 1713 1 1 0 0.8
1 127530 2698 3133 1 10 0 0.8
1 72820 2699 1985 1 1 0 0.8
1 145453 2707 3068 1 10 1 0.8
1 85855 2708 2238 1 10 1 0.8
1 131908 2712 2815 1 1 0 0.8
1 136443 2712 3416 1 1 1 0.8
1 154844 2712 4522 1 10 1 0.8
1 120701 2713 2809 1 1 0 0.8
1 81224 2716 1876 1 1 1 0.8
1 65684 2716 1905 1 1 1 0.8
1 171987 2717 4100 1 10 1 0.8
1 127136 2718 2936 1 50 0 0.8
1 83802 2719 1961 1 50 0 0.8
1 162445 2720 4525 1 1 0 0.8
1 116454 2724 3251 1 10 1 0.8
1 71355 2725 1700 1 50 0 0.8
1 121518 2725 3447 1 50 0 0.8
1 89241 2726 2425 1 1 1 0.8
1 106644 2726 2479 1 1 0 0.8
1 131595 2734 3636 1 1 0 0.8
1 171577 2735 4809 1 1 1 0.8
1 134810 2736 3103 1 1 1 0.8
1 157866 2740 3767 1 1 1 0.8
1 149067 2742 4044 1 50 1 0.8
1 105590 2742 2669 1 1 0 0.8
1 129534 2743 3505 1 1 1 0.8
1 116913 2743 2751 1 10 1 0.8
1 176418 2747 4529 1 1 0 0.8
1 158837 2750 4199 1 10 1 0.8
1 141490 2758 3628 1 1 1 0.8
1 124138 2763 2803 1 1 0 0.8
1 175429 2765 4292 1 50 0 0.8
1 146084 2766 3439 1 50 1 0.8
1 88970 2768 2258 1 1 1 0.8
1 80387 2771 2166 1 1 0 0.8
1 90734 2773 2397 1 10 1 0.8
1 158689 2774 3848 1 10 1 0.8
1 143332 2776 3436 1 1 0 0.8
1 136741 2779 3845 1 1 1 0.8
1 73786 2781 1720 1 1 1 0.8
1 77289 2783 2246 1 50 0 0.8
1 93929 2788 2137 1 10 1 0.8
1 177229 2788 4764 1 10 0 0.8
1 96398 2788 2384 1 50 1 0.8
1 159426 2788 3822 1 10 1 0.8
1 101642 2789 2671 1 1 1 0.8
1 69284 2789 1454 1 50 1 0.8
1 87565 2791 1856 1 10 1 0.8
1 102668 2792 2443 1 10 0 0.8
1 108990 2792 3029 1 1 1 0.8
1 167944 2792 4048 1 1 1 0.8
1 76553 2800 1831 1 10 0 0.8
1 62327 2801 1349 1 1 0 0.8
1 105912 2814 3054 1 1 0 0.8
1 78892 2816 1695 1 10 1 0.8
1 69568 2816 1845 1 10 1 0.8
1 122191 2818 3517 1 50 1 0.8
1 132783 2826 3384 1 1 1 0.8
1 73845 2831 1722 1 1 0 0.8
1 152216 2834 3368 1 10 0 0.8
1 79897 2838 1808 1 1 1 0.8
1 150950 2840 3985 1 50 0 0.8
1 88292 2841 2559 1 1 0 0.8
1 147236 2842 3192 1 10 0 0.8
1 138989 2849 3647 1 1 1 0.8
1 127306 2851 2982 1 10 0 0.8
1 123852 2853 2514 1 10 1 0.8
1 118091 2855 2983 1 10 0 0.8
1 101751 2858 2473 1 1 0 0.8
1 74798 2858 2071 1 1 1 0.8
1 87585 2862 2456 1 1 1 0.8
1 154294 2864 4024 1 1 1 0.8
1 65330 2869 1761 1 1 1 0.8
1 121049 2871 3578 1 10 1 0.8
1 143331 2874 3631 1 1 1 0.8
1 157010 2878 3851 1 10 1 0.8
1 67069 2883 1425 1 50 0 0.8
1 120043 2883 2750 1 1 1 0.8
1 100734 2884 2851 1 10 1 0.8
1 157930 2888 3839 1 10 0 0.8
1 112268 2888 2858 1 1 0 0.8
1 139555 2890 3501 1 1 1 0.8
1 143741 2890 3858 1 1 1 0.8
1 91124 2894 2439 1 10 0 0.8
1 82817 2895 1690 1 1 1 0.8
1 151939 2896 4210 1 1 1 0.8
1 64125 2897 1287 1 10 1 0.8
1 176832 2899 4009 1 10 1 0.8
1 111495 2899 2569 1 10 0 0.8
1 100444 2903 2524 1 1 0 0.8
1 175963 2905 4151 1 1 0 0.8
1 103846 2910 3005 1 1 1 0.8
1 176667 2912 4632 1 1 1 0.8
1 128979 2916 3467 1 1 1 0.8
1 171350 2918 4454 1 10 1 0.8
1 82422 2919 2273 1 1 1 0.8
1 148495 2924 3260 1 50 0 0.8
1 92810 2936 2278 1 10 1 0.8
1 99915 2936 2299 1 50 0 0.8
1 93747 2939 2344 1 1 1 0.8
1 68736 2944 1388 1 50 1 0.8
1 166962 2947 3698 1 10 0 0.8
1 99040 2948 2515 1 1 1 0.8
1 105315 2951 2636 1 50 1 0.8
1 60977 2953 1776 1 1 1 0.8
1 82981 2953 1795 1 10 1 0.8
1 121419 2955 3093 1 1 0 0.8
1 121550 2957 3013 1 50 1 0.8
1 177387 2959 3623 1 50 1 0.8
1 101264 2959 2889 1 1 1 0.8
1 75032 2968 1782 1 50 1 0.8
1 87705 2969 2596 1 1 1 0.8
1 178526 2971 3680 1 50 1 0.8
1 76074 2973 1526 1 1 0 0.8
1 121016 2982 3233 1 1 0 0.8
1 123613 2982 2798 1 1 0 0.8
1 76882 2982 1591 1 1 0 0.8
1 91335 2982 2062 1 10 0 0.8
1 169150 2984 4873 1 1 1 0.8
1 174850 2985 4256 1 50 0 0.8
1 112793 2985 2829 1 10 0 0.8
1 104705 2986 2961 1 1 1 0.8
1 157190 2988 4022 1 1 0 0.8
1 113424 2988 2664 1 1 0 0.8
1 164363 2988 3714 1 1 0 0.8
1 61744 2990 1336 1 1 0 0.8
1 95076 2993 2810 1 1 1 0.8
1 137642 2994 4004 1 1 1 0.8
1 151885 3002 4144 1 10 0 0.8
1 60453 3005 1488 1 1 1 0.8
1 129266 3007 2985 1 10 0 0.8
1 95048 3012 1921 1 1 0 0.8
1 162361 3013 4271 1 1 1 0.8
1 83094 3014 2015 1 10 0 0.8
1 168193 3021 4139 1 10 0 0.8
1 115804 3021 2864 1 1 1 0.8
1 86100 3021 2428 1 10 1 0.8
1 174068 3024 4450 1 1 0 0.8
1 176858 3027 4635 1 1 0 0.8
1 78161 3029 1719 1 10 1 0.8
1 77689 3030 2216 1 10 0 0.8
1 63008 3033 1666 1 1 0 0.8
1 127619 3033 3386 1 1 1 0.8
1 142162 3038 3629 1 1 0 0.8
1 131083 3038 3046 1 1 0 0.8
1 94095 3040 2052 1 50 1 0.8
1 101263 3049 2467 1 50 0 0.8
1 104346 3052 2893 1 10 0 0.8
1 129797 3053 3182 1 10 1 0.8
1 155164 3056 3869 1 10 0 0.8
1 87261 3058 1948 1 1 0 0.8
1 163289 3060 4085 1 10 1 0.8
1 96472 3061 2277 1 10 1 0.8
1 172996 3063 3999 1 1 1 0.8
1 127782 3064 3251 1 1 0 0.8
1 117438 3065 2891 1 1 1 0.8
1 120066 3075 3031 1 10 0 0.8
1 134565 3077 2816 1 10 1 0.8
1 88260 3081 1797 1 1 0 0.8
1 63427 3084 1289 1 1 1 0.8
1 65030 3086 1536 1 50 1 0.8
1 82004 3089 2051 1 10 0 0.8
1 112115 3102 3341 1 1 0 0.8
1 170393 3104 3951 1 1 1 0.8
1 72330 3109 2117 1 10 0 0.8
1 159195 3110 4271 1 1 1 0.8
1 141747 3110 3227 1 1 1 0.8
1 117588 3111 2507 1 10 1 0.8
1 177296 3112 4534 1 1 1 0.8
1 73676 3115 1584 1 1 1 0.8
1 158019 3117 3463 1 50 0 0.8
1 143099 3118 3722 1 1 1 0.8
1 141948 3119 2963 1 1 1 0.8
1 155313 3123 4059 1 1 1 0.8
1 159186 3124 4053 1 50 1 0.8
1 137827 3124 3995 1 1 0 0.8
1 139696 3125 3900 1 1 1 0.8
1 163556 3129 3637 1 1 0 0.8
1 111768 3130 2842 1 1 1 0.8
1 83308 3136 2493 1 10 1 0.8
1 75843 3144 1925 1 10 0 0.8
1 122759 3150 3575 1 10 1 0.8
1 98174 3150 2141 1 1 1 0.8
1 84755 3151 2365 1 1 0 0.8
1 118683 3151 3046 1 1 1 0.8
1 147757 3151 3660 1 50 0 0.8
1 149198 3153 3741 1 1 0 0.8
1 150484 3154 3477 1 10 1 0.8
1 137349 3157 3085 1 1 1 0.8
1 68531 3164 1718 1 10 1 0.8
1 113567 3171 2869 1 10 0 0.8
1 114576 3171 2998 1 1 0 0.8
1 163998 3181 3928 1 10 1 0.8
1 153907 3181 3793 1 10 0 0.8
1 79563 3185 1595 1 50 1 0.8
1 121419 3186 2739 1 1 1 0.8
1 96120 3189 2677 1 1 0 0.8
1 162566 3189 4355 1 1 0 0.8
1 173230 3191 3577 1 10 0 0.8
1 101961 3193 2541 1 10 0 0.8
1 90193 3199 2114 1 10 1 0.8
1 107404 3204 2300 1 10 0 0.8
1 140982 3205 3204 1 10 0 0.8
1 141861 3212 4143 1 1 0 0.8
1 148943 3214 4456 1 10 0 0.8
1 72210 3214 2027 1 1 0 0.8
1 86745 3215 2104 1 10 1 0.8
1 179995 3221 4885 1 10 0 0.8
1 136894 3227 2885 1 1 1 0.8
1 167831 3228 4866 1 50 1 0.8
1 60192 3229 1230 1 1 0 0.8
1 108381 3231 3009 1 50 0 0.8
1 143195 3231 3835 1 1 0 0.8
1 141877 3231 2929 1 1 1 0.8
1 63281 3231 1637 1 10 0 0.8
1 136836 3235 3426 1 1 1 0.8
1 132984 3237 3879 1 1 1 0.8
1 60421 3247 1752 1 10 1 0.8
1 71813 3249 1775 1 1 1 0.8
1 114095 3252 3047 1 10 1 0.8
1 92216 3272 2189 1 10 0 0.8
1 64358 3273 1699 1 1 1 0.8
1 149158 3275 3929 1 1 0 0.8
1 83211 3276 1862 1 50 1 0.8
1 84542 3277 2078 1 50 1 0.8
1 106500 3281 2626 1 1 1 0.8
1 128685 3284 3196 1 1 1 0.8
1 158629 3289 3198 1 10 1 0.8
1 73138 3290 1698 1 1 0 0.8
1 129576 3292 2859 1 10 1 0.8
1 67023 3294 1741 1 1 1 0.8
1 114342 3294 3126 1 1 0 0.8
1 89665 3294 2455 1 1 0 0.8
1 151802 3295 3394 1 10 1 0.8
1 160306 3300 4089 1 50 0 0.8
1 85270 3306 1981 1 10 1 0.8
1 124018 3307 2815 1 1 0 0.8
1 117060 3307 2773 1 10 1 0.8
1 93889 3318 2646 1 10 1 0.8
1 115618 3321 2363 1 10 1 0.8
1 162902 3323 4538 1 50 1 0.8
1 89649 3324 2526 1 1 1 0.8
1 101591 3324 2091 1 1 0 0.8
1 151134 3325 3029 1 10 1 0.8
1 152306 3327 3607 1 50 0 0.8
1 65885 3332 1744 1 10 0 0.8
1 64220 3336 1551 1 50 1 0.8
1 73897 3341 2002 1 10 0 0.8
1 130677 3342 3289 1 1 0 0.8
1 174146 3343 5057 1 1 0 0.8
1 91063 3344 2156 1 1 1 0.8
1 133708 3346 2926 1 1 1 0.8
1 162034 3348 4026 1 1 0 0.8
1 88643 3350 2513 1 1 1 0.8
1 118981 3355 3181 1 1 0 0.8
1 173483 3356 3633 1 1 0 0.8
1 141801 3358 3228 1 10 0 0.8
1 98912 3358 2102 1 1 0 0.8
1 134844 3360 2899 1 1 0 0.8
1 60470 3361 1546 1 50 1 0.8
1 147262 3362 3752 1 10 1 0.8
1 112101 3363 3012 1 10 1 0.8
1 149352 3364 3735 1 1 1 0.8
1 132313 3365 3848 1 1 1 0.8
1 145755 3373 3027 1 10 0 0.8
1 76103 3375 2081 1 1 1 0.8
1 138914 3376 3035 1 50 1 0.8
1 153176 3383 3313 1 10 0 0.8
1 71226 3389 1529 1 10 1 0.8
1 73429 3390 2004 1 1 1 0.8
1 147767 3390 3849 1 10 1 0.8
1 93448 3392 2123 1 1 0 0.8
1 172564 3396 5132 1 1 0 0.8
1 106784 3401 2354 1 1 1 0.8
1 122255 3402 2446 1 1 1 0.8
1 67522 3402 1816 1 1 1 0.8
1 64994 3405 1860 1 10 1 0.8
1 122444 3406 2783 1 1 1 0.8
1 111216 3408 2305 1 1 1 0.8
1 147091 3410 3068 1 10 1 0.8
1 96023 3410 2779 1 1 1 0.8
1 142795 3410 3032 1 1 0 0.8
1 121368 3412 2789 1 1 0 0.8
1 150106 3414 3935 1 1 1 0.8
1 74007 3415 1641 1 1 0 0.8
1 111376 3416 2236 1 50 0 0.8
1 103567 3417 2116 1 10 0 0.8
1 108345 3417 3204 1 10 0 0.8
1 90293 3418 2022 1 1 1 0.8
1 86698 3419 2079 1 1 1 0.8
1 143433 3420 3090 1 1 1 0.8
1 157789 3420 3291 1 1 0 0.8
1 159079 3428 3372 1 10 0 0.8
1 112113 3428 3310 1 10 0 0.8
1 81021 3431 1941 1 10 1 0.8
1 114753 3437 3363 1 10 0 0.8
1 166850 3442 4713 1 1 0 0.8
1 108279 3446 3127 1 1 0 0.8
1 161846 3454 3434 1 50 1 0.8
1 157403 3454 3779 1 50 0 0.8
1 74268 3457 2113 1 10 1 0.8
1 109606 3458 2464 1 50 0 0.8
1 123356 3458 2500 1 50 1 0.8
1 95525 3458 2228 1 1 0 0.8
1 168914 3461 4626 1 10 0 0.8
1 172484 3462 3856 1 50 0 0.8
1 106845 3463 2614 1 1 0 0.8
1 97797 3464 2100 1 1 1 0.8
1 119160 3466 2817 1 1 0 0.8
1 168751 3472 3728 1 1 1 0.8
1 96277 3476 2866 1 1 1 0.8
1 173396 3477 4210 1 1 0 0.8
1 120558 3477 2659 1 1 0 0.8
1 100596 3478 2580 1 1 1 0.8
1 61098 3481 1750 1 10 1 0.8
1 174498 3484 4833 1 50 0 0.8
1 117056 3485 3337 1 50 0 0.8
1 99581 3487 2184 1 10 1 0.8
1 80616 3487 2383 1 10 0 0.8
1 110285 3494 2669 1 1 0 0.8
1 123512 3495 2731 1 1 1 0.8
1 144933 3495 3816 1 10 0 0.8
1 92653 3496 2282 1 1 0 0.8
1 99883 3496 2952 1 1 1 0.8
1 106399 3497 2329 1 1 0 0.8
1 81315 3499 2001 1 1 0 0.8
1 178746 3503 4836 1 1 1 0.8
1 112229 3507 3240 1 1 1 0.8
1 121729 3507 3505 1 10 1 0.8
1 122883 3510 2741 1 1 0 0.8
1 117886 3519 2978 1 1 1 0.8
1 138005 3524 3468 1 10 1 0.8
1 150163 3524 3546 1 10 0 0.8
1 171752 3527 3616 1 10 1 0.8
1 80384 3527 1635 1 10 0 0.8
1 127967 3528 3204 1 1 0 0.8
1 102803 3529 2830 1 10 0 0.8
1 169574 3531 4897 1 1 0 0.8
1 100778 3536 2283 1 10 0 0.8
1 132641 3537 3692 1 1 0 0.8
1 67329 3538 1947 1 10 0 0.8
1 169606 3539 5084 1 10 1 0.8
1 135147 3540 3178 1 10 0 0.8
1 177830 3542 3810 1 10 1 0.8
1 167895 3547 4303 1 1 1 0.8
1 108593 3548 3236 1 1 1 0.8
1 125335 3548 3172 1 1 1 0.8
1 145857 3549 2968 1 1 0 0.8
1 131175 3549 3833 1 10 0 0.8
1 65670 3551 1812 1 1 0 0.8
1 143726 3555 4006 1 1 1 0.8
1 76205 3556 1773 1 10 1 0.8
1 114602 3556 2951 1 1 1 0.8
1 109465 3556 3232 1 1 1 0.8
1 116850 3559 3096 1 1 1 0.8
1 123339 3562 3105 1 50 0 0.8
1 125762 3564 2683 1 1 1 0.8
1 118998 3566 3296 1 10 0 0.8
1 171404 3566 4377 1 1 1 0.8
1 64140 3567 1348 1 1 1 0.8
1 98488 3567 2533 1 1 0 0.8
1 166663 3568 4248 1 1 1 0.8
1 85082 3570 2535 1 1 0 0.8
1 70079 3570 1421 1 10 1 0.8
1 108059 3571 2775 1 1 0 0.8
1 65727 3575 1567 1 50 0 0.8
1 152943 3577 3668 1 1 1 0.8
1 142966 3577 3783 1 1 1 0.8
1 122114 3580 3011 1 1 0 0.8
1 84387 3582 2464 1 10 0 0.8
1 90381 3583 2252 1 1 1 0.8
1 113537 3583 2752 1 1 1 0.8
1 111986 3588 2484 1 1 0 0.8
1 126603 3590 3421 1 1 1 0.8
1 103887 3592 2378 1 1 0 0.8
1 76990 3592 2053 1 1 0 0.8
1 138319 3594 3057 1 1 1 0.8
1 128189 3597 3625 1 1 1 0.8
1 99847 3597 2703 1 10 0 0.8
1 101484 3598 2187 1 1 0 0.8
